8.49340730
8.62341543
9.03024655
9.25443701
9.46395205
10.08560145
10.02117653
10.19714749
10.30100154
10.52339649
10.68231671
11.05228694
11.08483641
11.47402610
11.59359667
11.89135101
11.96870378
12.12851975
12.32000158
12.46867704
12.78464997
12.80491589
12.42347740
12.65142275
13.48391578
13.18383789
13.86649848
14.03608114
14.24825975
14.42466470
14.27147438
14.50886639
14.74548998
14.52801634
14.64404148
14.92994576
15.51317163
15.56946826
15.65848382
15.80563742
15.96535733
15.86365722
16.11495865
16.15861691
16.15226206
16.20360126
16.22276391
16.32104783
16.33960212
16.25354592
16.55046942
16.55160279
17.48750404
17.63509813
17.69050741
17.78930638
17.91927043
18.04778947
18.23095371
18.36115538
18.52088939
18.68256965
18.97990946
17.40113484
19.22469623
19.17833552
19.27476088
19.30824696
19.34101946
19.42454957
19.50268242
19.61724635
19.68182888
19.16184833
18.49874933
