0.1885
0.2532
0.6955
0.2478
0.4494
0.3871
0.4764
0.6474
0.7730
1.5581
1.4368
1.9622
2.1537
2.4010
2.9338
3.5044
4.9135
5.4514
6.6685
6.6812
7.5835
7.6310
8.8834
8.5411
9.3314
9.9635
10.7439
10.2993
9.8137
9.8674
9.5556
9.3962
9.4949
9.3916
10.0101
10.1101
10.1551
10.4667
9.9353
9.6674
10.0477
9.7980
9.4888
9.2169
9.0010
8.2221
8.1878
7.1397
6.6340
5.7650
5.6702
4.8382
4.5173
4.5265
3.6598
3.1939
3.1797
2.3504
2.1549
2.0180
1.6913
2.0391
1.9715
1.5599
1.6623
1.8732
1.2619
0.9889
0.7428
0.5613
0.7626
0.5459
0.5370
0.3898
0.0913
0.7797
1.2590
0.2863
0.1630
-0.2151
0.1870
0.1258
-0.3746
-0.2161
0.1963
0.1333
0.5670
0.2517
1.3510
0.9428
0.9655
1.3491
1.1254
0.4265
-0.0931
0.0329
-0.1997
-0.0401
-0.5311
-0.6481
-0.3452
-0.2944
-0.2245
-0.1604
0.2083
-0.1884
0.3575
0.0610
-0.1498
-0.2883
-0.4516
-0.6062
-0.5980
-0.3414
-0.2774
-1.0626
-1.0744
-0.8880
-1.1770
-1.5844
-1.3253
-1.6463
-1.2191
-1.5110
-1.5679
-1.6522
-1.4320
-1.5558
-1.5416
-1.5005
-0.7486
-1.2863
-0.8918
-1.3667
-1.3262
-1.2983
-1.1976
-1.2102
-0.4486
-0.6160
-0.4040
-0.4147
-0.2478
0.2837
0.2469
0.5868
0.8735
1.2497
1.6527
2.3445
2.7636
3.2360
3.4192
3.8826
4.2007
4.7379
4.6614
5.0127
4.7642
4.6474
4.5162
4.5133
4.4360
4.1397
3.7527
3.3763
3.1150
2.9260
2.7846
3.0450
3.1718
3.2784
3.7434
3.6765
4.1523
4.4214
4.7830
5.2285
5.6427
6.0271
6.5263
7.4644
7.3996
7.9469
8.2030
8.3369
8.4516
8.6892
8.4814
8.0661
7.8310
7.8004
7.8398
6.9566
7.4518
7.0220
7.0794
6.9713
7.1639
7.0650
6.5999
6.6478
6.6138
6.9513
6.7674
6.5886
6.6680
7.0110
6.3451
6.7140
6.5563
6.8829
6.2051
5.8451
5.8608
5.5686
5.8097
5.3703
5.4219
5.8246
5.7582
5.8214
6.2655
6.8183
6.9842
7.0347
7.0234
7.6814
7.0325
7.1095
7.3902
7.6272
6.9372
7.2719
6.6846
6.0364
6.6669
6.1536
5.7608
5.9088
5.1756
4.8164
4.4461
3.9424
3.7403
3.1244
2.8919
2.2752
1.8113
1.3604
1.1175
0.8144
0.3021
-0.1042
-0.6688
-0.8628
-1.0708
-1.6288
-1.8079
-2.2755
-2.6833
-2.9008
-3.2016
-3.5068
-3.9222
-4.3820
-4.6896
-4.6733
-4.5745
-4.8054
-4.6941
-4.6740
-4.7797
-4.9279
-5.1686
-5.2011
-5.3218
-5.1909
-5.4181
-5.2618
-5.5431
-5.0944
-5.4936
-5.2702
-5.2720
-5.7914
-5.7714
-5.7606
-5.6033
-5.7843
-6.2504
-6.5379
-6.1104
-6.6402
-6.6481
-6.7155
-6.6881
-6.3235
-6.3412
-6.7606
-6.8302
-6.6734
-6.5578
-6.8178
-6.5982
-6.5441
-6.6412
-6.5613
-6.4130
-6.0631
-6.0557
-5.8501
-5.7461
-5.8900
-5.6686
-5.7398
-5.7302
-5.6478
-5.5570
-5.7871
-5.9929
-5.6813
-6.0077
-5.6574
-6.1041
-6.1266
-6.2980
-6.3922
-6.1399
-6.3577
-6.4680
-6.4488
-6.8488
-6.7956
-7.0414
-7.1969
-7.2878
-7.1181
-7.2407
-7.3777
-7.3873
-7.5391
-7.1686
-7.4155
-7.1482
-7.2231
-7.1694
-6.8380
-6.9502
-6.4369
-6.6300
-6.6893
-6.8051
-6.7508
-6.7278
-6.9725
-7.2068
-7.3022
-7.1427
-7.3808
-7.2998
-7.4639
-7.2142
-7.6076
-7.6099
-7.7981
-7.5425
-7.8638
-7.7932
-7.7166
-7.8996
-7.6076
-7.6258
-7.7129
-7.4674
-7.6792
-7.5139
-7.5030
-7.3921
-7.0273
-7.2160
-6.8355
-6.8662
-6.5681
-6.5292
-6.5824
-6.4620
-6.2339
-6.1037
-6.1763
-6.0099
-6.2057
-5.9947
-6.0351
-5.5245
-5.5610
-5.6156
-5.8159
-5.4624
-5.4224
-5.5220
-5.2354
-5.3225
-5.0383
-4.9292
-4.8354
-4.6317
-4.6697
-4.7950
-4.8475
-4.4057
-4.6604
-4.4347
-4.2304
-4.5489
-4.3792
-4.4442
-4.2046
-4.0728
-4.2532
-3.8231
-3.5811
-3.3911
-3.1489
-2.7136
-2.9947
-3.2057
-3.2447
-2.8324
-2.9075
-2.6184
-2.5640
-2.2259
-2.1843
-2.1532
-2.2152
-1.7635
-1.9792
-1.8294
-1.6399
-1.3935
-1.2203
-1.1584
-0.5613
-0.3226
-0.5374
-0.3365
-0.4439
0.0709
-0.2771
-0.3633
-0.1776
-0.6163
-0.0947
-0.1348
-0.0081
-0.6496
-0.4237
-0.5185
-0.0775
-0.3587
-0.0180
0.1640
0.4388
0.1141
0.2425
-0.4461
-0.0976
0.2692
0.2093
0.3156
-0.8265
-1.1338
-1.1055
-1.4422
-1.8253
-2.3155
-2.4647
-1.9845
-2.1161
-1.5580
-1.9880
-1.9025
-1.6949
-1.8531
-1.6784
-1.0988
-1.1192
-1.2072
-1.4196
-0.8192
-0.5088
-0.8394
-0.0018
-0.5368
-0.2734
-0.0397
0.3303
0.3358
0.6546
0.5122
1.1873
1.0084
1.0826
1.4684
1.4346
1.7864
1.7208
1.9817
2.1978
1.6002
2.5257
1.6781
1.6812
1.8777
2.2782
1.9074
1.6266
2.0660
1.5457
1.4687
1.4491
1.4159
1.3563
1.1943
1.1913
1.1218
1.5096
1.3635
2.0511
1.1152
1.5613
2.3703
1.2637
1.6219
1.2891
2.2110
1.9089
1.4680
1.9051
1.7438
2.3613
1.4042
1.4028
1.4301
1.2013
1.5843
1.0597
1.8518
2.2895
1.7580
1.7332
1.7736
1.7549
1.5394
1.4766
2.1469
2.7183
2.3919
3.2509
3.0038
3.4811
4.6115
4.4862
4.7677
5.0682
5.9930
6.5656
6.8671
7.3528
7.9476
8.4257
8.6565
8.6824
8.3113
8.6371
8.6942
8.8139
8.6056
9.2811
8.8162
9.2396
9.0160
8.7846
8.9559
8.9885
8.3156
8.4277
8.5141
8.4305
8.8842
9.0099
9.2579
9.3201
8.5726
10.4772
9.8926
10.5997
10.4840
11.5458
11.6179
13.0101
12.6996
13.0272
13.5983
14.0465
13.6694
13.1084
12.2817
11.7011
11.6487
11.4936
11.4478
10.9376
10.7800
10.6678
10.2684
9.9990
9.7892
9.3534
9.5291
10.0858
10.2716
9.9934
10.0032
9.7501
9.7517
9.9775
10.0011
10.1190
10.1971
10.9328
10.6230
11.3155
11.7760
12.5888
12.5352
12.9056
12.8689
13.8511
13.6217
14.1582
14.3298
14.7227
14.4515
14.4374
14.5457
14.3611
13.4026
12.9219
11.7610
11.1933
10.6889
9.4494
8.8903
7.5721
6.8704
5.9448
5.1328
4.3359
3.7955
2.5064
1.3940
0.7786
0.0847
-0.6501
-1.2642
-1.9973
-2.5741
-2.7379
-3.1805
-4.3171
-4.4453
-5.3162
-5.8222
-5.9529
-6.7093
-6.7591
-7.1097
-7.6464
-7.5487
-8.1165
-8.2950
-8.1474
-8.5791
-8.7669
-8.7584
-9.0825
-8.8110
-9.1705
-9.1530
-9.2773
-9.0820
-8.7900
-8.8264
-9.1446
-9.4621
-9.8928
-9.8594
-9.9086
-9.5739
-10.1219
-10.1301
-10.5386
-10.5206
-10.4026
-10.5988
-10.6381
-10.6697
-10.6938
-10.4061
-10.6256
-10.4768
-10.5730
-10.2689
-10.3123
-10.2849
-10.2298
-10.0355
-10.0601
-9.6412
-9.7660
-9.6101
-9.3031
-9.5162
-9.4291
-9.4527
-9.3700
-9.0634
-8.7357
-8.5278
-8.0861
-7.7615
-7.8101
-7.4758
-7.6262
-7.6263
-7.2054
-7.4597
-7.4901
-7.6422
-7.4186
-7.2123
-6.8851
-6.4359
-6.4701
-6.3805
-6.2783
-6.2849
-6.4743
-6.4481
-6.3196
-6.1544
-5.9386
-5.2073
-5.3825
-5.6621
-5.4606
-5.1152
-5.2617
-5.0117
-4.9199
-5.0188
-4.8957
-5.0225
-5.0248
-4.8543
-5.0672
-5.0574
-4.7605
-4.9654
-4.8719
-4.9103
-4.7689
-4.7888
-4.6703
-4.7212
-4.4007
-4.5235
-4.3706
-4.2253
-4.0803
-3.9240
-3.8449
-3.6565
-3.6736
-3.5680
-3.4130
-3.5449
-3.4712
-3.3889
-3.2887
-3.1885
-3.0612
-2.9554
-2.8179
-2.7252
-2.5019
-2.4719
-2.3131
-2.3651
-2.0969
-2.2575
-2.1886
-2.1214
-2.0578
-2.0200
-1.9922
-2.0012
-2.0046
-2.0258
-2.0277
-2.0441
-2.0088
-2.0310
-1.9868
-1.9846
-1.7574
-1.8317
-1.6617
-2.0005
-1.1557
-1.6107
-0.9148
-1.3954
-1.0860
-1.0205
-0.5720
-0.1043
-0.0610
0.1919
0.2727
0.5284
0.7930
0.6619
1.2925
1.4344
1.6945
1.6748
2.0332
2.4604
2.3109
2.6193
2.6484
3.1062
3.0538
3.3797
3.6436
4.0527
4.2984
4.5674
4.7367
4.9055
5.1213
5.1806
5.3173
5.4160
5.3542
5.0675
5.0197
5.0612
5.0658
5.2536
5.3419
5.0427
5.3781
4.9221
4.9220
4.7372
4.8432
4.7499
4.7619
4.5581
4.4145
4.2235
4.0126
3.8328
3.8533
3.8306
3.9290
3.6595
3.3056
3.0931
3.1440
3.0847
2.6432
2.4985
2.1367
2.0867
1.7273
1.8603
1.4211
1.0803
0.8817
0.7378
0.9437
0.3925
0.1721
0.1546
-0.0333
-0.0387
-0.0517
0.1701
-0.0971
-0.2938
-0.3562
-0.7017
-0.8606
-0.7757
-0.6329
-1.0503
-1.0077
-1.2541
-1.4586
-1.4991
-1.2457
-1.6161
-1.6593
-1.8357
-1.8784
-2.1324
-2.3746
-2.1900
-2.5216
-2.3378
-2.4920
-2.4712
-2.3599
-2.3740
-2.4265
-2.5851
-2.4706
-2.6370
-2.6375
-2.5749
-2.5220
-2.5544
-2.8858
-2.5079
-2.4356
-2.2077
-2.0854
-1.8124
-1.7146
-1.5279
-1.0333
-0.7188
-0.6718
-0.3014
-0.1099
0.0603
0.3265
0.1547
0.0715
0.1960
0.1263
-0.2542
0.1947
-0.2636
-0.4628
-0.1637
-0.6962
-0.3325
-0.6612
-0.5295
-0.6188
-0.6566
-0.6700
-0.5915
-0.7070
-0.7083
-0.7301
-0.9118
-1.0356
-0.7692
-1.1384
-1.0823
-0.9804
-1.0411
-0.9047
-0.7891
-0.9203
-0.5575
-0.7222
-0.9985
-0.8450
-1.2166
-0.9535
-1.0095
-0.6551
-0.6634
-0.5501
-0.7545
-0.9756
-0.7744
-0.7386
-0.6913
-0.0594
-0.4896
-0.5478
-0.3247
-0.4607
-0.2548
-0.6068
-0.5543
-0.7340
-0.4859
-0.5868
-0.9214
-0.8630
-1.2537
-1.5241
-1.7834
-1.9552
-1.7862
-2.4734
-2.4785
-3.0960
-3.5766
-3.6447
-4.2004
-4.1501
-4.6464
-4.8658
-4.8825
-5.5582
-5.9719
-5.8481
-6.5197
-6.7488
-6.9320
-7.2203
-7.4181
-7.5050
-7.8123
-7.8335
-7.8397
-8.4010
-8.4630
-8.3378
-9.2311
-9.1874
-9.1778
-9.3985
-9.4590
-9.1809
-9.5202
-9.4376
-9.4521
-9.6022
-9.6667
-9.5672
-9.5771
-9.4499
-8.9448
-9.1646
-8.9756
-9.0674
-9.0312
-8.8473
-8.4360
-8.5422
-8.5118
-8.3138
-8.4942
-8.4990
-8.4587
-8.4700
-8.4028
-8.3170
-8.1714
-7.8176
-7.7389
-7.4370
-7.3829
-7.4216
-7.1991
-6.8555
-6.7571
-6.4969
-6.1758
-6.0137
-5.7336
-5.5956
-5.3642
-5.1241
-4.4894
-4.4238
-4.2923
-4.0003
-3.7712
-3.4963
-3.3888
-3.1002
-2.9571
-2.7493
-2.6139
-2.4040
-2.2801
-1.9232
-2.1109
-2.1146
-2.2521
-2.1868
-2.2423
-2.6166
-2.7495
-3.0200
-3.2514
-3.3607
-3.2575
-3.4715
-3.4821
-3.3344
-3.3866
-3.2321
-3.3210
-3.1219
-2.8188
-2.8668
-2.6553
-2.3061
-2.3517
-2.2403
-2.2170
-2.0970
-1.5975
-1.5988
-1.5685
-1.4977
-1.4173
-1.4450
-1.4502
-0.6804
-0.7972
-1.1939
-0.8202
-1.0626
-1.0692
-0.7822
-0.9150
-1.1869
-1.0683
-0.6052
-0.7289
-0.4861
-0.1325
0.1709
0.8910
1.7617
2.3889
3.5444
4.5411
4.9169
6.0160
6.4153
7.4013
6.8241
8.1021
7.3477
7.6342
7.9642
7.8646
9.1250
8.1795
8.2812
8.7104
8.6293
8.5733
8.4959
8.8029
8.7937
9.0766
9.1224
9.5663
9.7724
9.8547
10.3206
10.7129
11.4619
11.9382
12.3441
12.9866
12.9553
13.6394
14.1949
14.9520
15.1485
15.9580
16.0940
15.6335
15.4104
15.3304
14.9905
14.6983
14.5571
14.3683
14.3344
14.3206
14.7236
14.5237
14.9021
15.0879
15.8459
15.7724
15.9458
16.4686
16.9291
16.5246
16.8190
17.3321
18.1238
18.5638
18.3422
18.6171
19.2526
19.0961
19.2119
19.4746
19.7789
20.1601
21.0316
20.1319
20.4917
20.5274
21.3197
21.2842
21.3669
21.9697
21.8651
21.7040
22.4358
23.1829
22.9751
23.6304
23.9461
24.0460
24.8692
24.7057
25.0865
24.1007
24.6424
23.6322
23.2282
22.8551
22.1894
21.8335
21.8991
22.1193
21.6438
21.8541
21.1738
20.6687
20.9837
20.3572
21.4440
21.6153
21.6578
22.3788
22.4650
22.4789
22.6478
23.0580
23.7633
24.0547
24.3909
24.2350
23.4895
23.3362
22.3729
22.0551
22.0186
21.4303
21.1680
21.0004
20.6825
19.8550
20.4345
19.3211
19.3132
18.9956
18.6300
18.0614
17.4588
17.4532
16.5023
15.8805
15.3493
14.7142
14.1254
14.0724
13.6797
13.0148
13.3361
13.1373
13.0708
12.7706
13.2374
13.1264
13.7898
13.3851
13.6409
13.9897
14.0859
13.4054
13.4850
12.8736
12.1369
11.9256
11.6573
11.3879
11.3606
11.1349
10.4578
10.3744
10.5226
10.2836
10.4104
10.3510
10.6966
9.8102
9.3552
9.2639
9.2296
9.3834
9.1920
9.3729
8.9743
8.4208
8.0212
7.3117
7.3019
6.0113
5.3237
4.5548
4.0690
4.1069
2.7288
2.1666
1.6366
1.7073
1.2696
0.8293
0.5408
0.5209
0.0648
-0.0568
0.1615
-0.6162
-0.3967
-0.7861
-0.9414
-1.5722
-1.5453
-2.2019
-2.0657
-2.6842
-2.3284
-3.1782
-3.1471
-3.5726
-4.5586
-4.2240
-4.6874
-4.7419
-5.6008
-5.4588
-6.1328
-6.5330
-6.7201
-6.8962
-7.1363
-6.8477
-7.1358
-7.2792
-7.1625
-7.0250
-7.2899
-7.4101
-7.7295
-7.4764
-7.9512
-7.9189
-8.1899
-8.1571
-8.1148
-8.0806
-8.0941
-7.6992
-8.1772
-7.9267
-8.0704
-8.0952
-8.1304
-7.6226
-7.2224
-6.7499
-6.6773
-6.2136
-6.3089
-6.3219
-6.2890
-5.7493
-5.7742
-5.2985
-5.3800
-5.5744
-5.4243
-4.4622
-4.9800
-4.4386
-4.9384
-4.4524
-4.8208
-4.6046
-4.1311
-4.0186
-3.7778
-4.3178
-4.3374
-3.5659
-4.1320
-3.8749
-3.8033
-4.0070
-3.5801
-3.2286
-3.0914
-2.5897
-2.6880
-2.8134
-2.7375
-2.4207
-1.9348
-1.2150
-0.7239
-0.4087
0.1636
0.1440
1.1305
1.9764
2.1407
2.5138
2.0863
2.4603
2.8401
2.7520
3.9653
4.9595
4.9362
5.3752
6.0854
6.6653
5.7297
6.1089
5.5824
6.1678
6.1527
7.1576
7.0318
7.6692
8.0175
8.9635
9.7328
10.5526
11.3042
12.3243
13.3078
14.7873
15.1357
15.6414
16.6689
17.3424
17.9911
18.4299
18.8017
18.7711
19.4385
18.5653
18.2666
18.3331
17.8552
17.2260
16.9114
17.1751
16.1585
16.7791
15.2699
14.7614
13.7176
12.8107
11.9117
11.7255
10.9924
10.7630
10.2661
9.6768
9.3351
8.5262
7.8153
7.6231
6.7626
6.3804
5.7777
5.6882
5.7094
4.6836
4.3297
4.3095
4.1399
4.7386
3.6346
4.1572
4.0934
2.8316
2.9493
2.0868
2.3956
2.0456
2.3646
2.0946
1.9134
2.1405
2.4105
1.9527
2.1536
2.3593
3.1303
3.1108
4.0761
4.2505
4.9966
4.7867
5.4691
5.6229
5.2812
5.3476
5.9096
5.5012
5.6174
5.2989
6.2974
5.8562
6.2666
6.3053
6.8129
6.6353
7.1390
6.3824
6.8065
6.6297
6.8283
6.6689
6.5136
6.8802
6.4974
6.2868
6.6887
6.1325
6.8297
6.1845
6.1970
5.6968
6.4407
5.8410
5.8256
5.1027
4.8895
4.6623
4.8115
4.6853
4.3742
4.4466
3.9065
4.4548
3.7481
4.0699
3.8272
4.4238
4.2776
4.0256
4.3466
3.9927
3.9189
3.6622
3.6113
3.8659
3.3080
3.7267
2.7455
3.0311
2.5656
2.5748
1.9193
1.8456
1.5027
1.6145
1.9247
0.7488
0.9508
0.6775
0.2637
0.3295
0.3242
0.2531
0.0849
-0.7127
-1.0171
-1.3017
-1.6239
-1.6387
-2.0401
-2.3640
-2.4848
-2.6938
-3.4383
-3.4830
-3.9443
-4.2424
-4.1074
-4.4517
-4.5396
-4.2628
-4.8604
-4.7504
-4.0213
-4.8064
-5.0622
-5.2496
-5.2651
-5.2626
-5.5690
-5.5364
-5.3985
-5.7170
-5.7588
-5.9443
-5.6548
-5.7765
-5.6877
-5.8208
-5.9910
-5.8345
-6.0428
-5.4454
-5.7167
-5.2703
-4.9410
-5.1695
-5.0349
-5.1935
-4.8128
-4.9413
-5.0626
-4.5857
-5.1122
-4.7020
-5.6074
-5.4005
-5.6703
-5.3426
-5.6563
-5.2610
-5.6776
-5.3345
-5.7417
-5.4822
-5.6161
-5.0764
-5.2252
-4.8639
-4.7802
-4.8871
-4.2119
-4.9582
-4.5624
-4.3505
-4.4120
-3.5899
-3.4972
-3.6484
-3.6126
-2.7968
-3.3684
-3.0613
-2.4938
-3.2606
-3.2575
-3.6547
-3.4804
-4.1327
-3.6618
-4.3887
-3.8197
-3.9828
-3.8293
-3.6900
-3.6310
-3.3817
-3.3586
-3.4863
-3.7242
-3.4406
-3.5759
-3.1576
-3.4092
-3.2215
-3.4111
-3.3718
-3.4603
-3.1817
-3.1135
-3.1018
-3.2661
-3.1916
-3.4624
-3.2437
-3.8497
-4.0700
-4.2723
-4.1706
-4.1985
-4.1908
-4.3995
-3.7744
-4.1885
-3.9651
-4.1509
-4.1908
-3.8677
-3.3119
-3.5888
-3.1462
-2.9850
-2.5127
-1.6322
-1.3913
-0.7682
-0.7498
-0.4086
-0.9150
-0.4045
-0.2313
0.2309
0.0370
0.0171
0.3012
0.7117
1.2589
1.0185
1.0497
1.1243
1.1886
1.3667
1.8233
1.9653
1.9903
1.9099
2.0025
2.3552
2.5251
2.7503
2.5690
2.7886
2.5507
2.0243
1.7511
1.4124
1.3744
1.2236
1.8196
1.2949
1.5939
1.1789
1.2568
1.1064
1.3438
1.0471
1.2912
0.9673
0.9031
0.6044
0.7117
0.5839
0.2522
0.0158
0.0780
-0.3261
-0.5722
-0.8129
-1.1527
-0.8672
-1.3129
-1.6546
-1.2725
-1.6438
-1.5286
-1.2581
-1.1374
-1.3392
-0.9366
-0.0544
-0.1032
0.4070
0.1983
0.5044
1.3876
1.3683
1.4255
1.9452
1.7305
2.9737
2.8983
3.6429
4.2028
3.9353
4.4894
4.2703
4.5429
4.6408
4.4829
3.9935
3.7198
3.4797
2.9731
2.7297
2.5556
2.8209
2.8027
2.3111
2.3035
2.4744
2.8073
3.8093
3.0243
3.5635
2.8085
2.9618
2.8544
3.1018
3.1188
3.2155
3.4654
3.4244
3.5452
3.7932
3.9900
4.0126
4.0463
4.5270
3.7937
3.9273
4.4815
3.8779
5.1762
4.5332
4.5217
4.7277
4.3859
4.5915
4.2477
4.3125
4.2905
4.6335
4.6763
4.8773
5.1118
5.2865
5.5344
5.8516
6.3601
6.4651
6.8256
6.9892
7.2244
7.2481
7.3625
7.8576
7.6364
7.7029
7.8714
7.8715
8.1759
8.1490
8.4010
8.3189
8.7314
8.6068
8.7907
9.0832
9.0487
9.1980
9.4335
9.5148
9.6478
9.5784
9.6568
9.6156
9.6566
9.7422
9.9036
9.7748
9.8303
9.9271
10.0787
9.7285
10.1747
9.8381
9.8949
9.9493
10.1312
9.2053
9.0698
9.0833
8.9920
9.1750
8.0994
7.9323
7.6549
7.7591
6.9599
6.7814
6.6648
6.4366
6.2605
6.1854
6.6000
6.4483
5.9327
6.0714
5.9939
5.9001
6.1297
5.4190
5.7387
5.8998
6.3062
5.6086
5.4644
5.5388
5.9644
5.6506
5.9495
5.8499
6.0463
5.4042
5.0887
4.9336
4.2846
3.7944
3.7519
2.9639
2.6613
2.1619
1.9876
1.6925
1.5444
1.4066
1.7715
1.4418
1.3116
0.9134
0.6823
0.0372
-0.4570
-0.5230
-0.9220
-1.1974
-1.1617
-1.7141
-2.0709
-3.1821
-2.8430
-2.4305
-3.9901
-3.8407
-4.0611
-4.1274
-3.7678
-3.7495
-3.2355
-2.9009
-3.8397
-3.3035
-3.5927
-3.7274
-3.5601
-3.7513
-3.9147
-3.7020
-3.9211
-3.7291
-3.9166
-3.3686
-3.7066
-3.1085
-2.5557
-3.2105
-3.1726
-3.3973
-3.3691
-3.6573
-3.9700
-3.8949
-3.6510
-4.3898
-4.1369
-4.4260
-4.1246
-4.5865
-4.4610
-4.8944
-5.5848
-5.5256
-5.4318
-5.8372
-5.9982
-5.8432
-6.3351
-6.2574
-6.0805
-6.4874
-6.1678
-6.7324
-6.8802
-7.1059
-7.0909
-6.8326
-6.7300
-6.8816
-6.8499
-6.1844
-5.9973
-6.0026
-5.9038
-5.6407
-6.1568
-6.3958
-6.9264
-7.3791
-7.8000
-8.6465
-8.8434
-9.5971
-9.5291
-9.7767
-9.8926
-9.6772
-9.6171
-9.9579
-9.7572
-9.8434
-9.6306
-9.8837
-9.7850
-9.9543
-9.9965
-10.1041
-9.9292
-9.5780
-9.5156
-9.6101
-9.6400
-10.0247
-10.1124
-9.8607
-10.2817
-10.1839
-9.8797
-9.7768
-9.5093
-9.8646
-10.2063
-10.0852
-10.3023
-10.2990
-10.5784
-10.5568
-10.5281
-10.4669
-10.8190
-10.7425
-10.7649
-10.4309
-10.4389
-10.9462
-10.9339
-11.2874
-11.1968
-11.4274
-11.1989
-11.4490
-11.4282
-11.6131
-11.7200
-12.0167
-12.1687
-12.0562
-11.5869
-11.5119
-11.5816
-11.5708
-11.7010
-11.6515
-11.3660
-11.2421
-11.2134
-11.2179
-10.9459
-11.1626
-10.8704
-10.8828
-10.6791
-10.1814
-10.0655
-9.7885
-10.0204
-9.8216
-9.5805
-9.3643
-8.9344
-8.4903
-8.2753
-7.8146
-7.6698
-7.4499
-7.1186
-6.9294
-6.1943
-6.1890
-5.7758
-5.6005
-5.6610
-5.4787
-5.4534
-5.2764
-4.8682
-4.7265
-4.4051
-3.8317
-3.6772
-3.2213
-2.3558
-2.0801
-1.5954
-1.3272
-0.5076
-0.3184
-0.0733
0.0335
0.6659
0.6073
0.4792
0.4189
0.3247
-0.1232
0.2363
-0.2038
-0.1305
-0.2924
-0.6927
-0.6668
-1.0912
-1.4306
-1.1081
-1.1565
-1.2883
-1.7056
-1.3867
-1.3485
-0.7541
-1.1616
-1.3778
-1.2796
-1.0545
-0.8448
-1.1000
-0.7222
-0.9585
-1.1813
-0.7528
-1.8975
-2.1237
-3.0072
-3.3379
-4.0007
-3.9037
-4.3249
-4.7360
-5.1179
-5.2799
-6.2317
-6.3077
-6.0812
-5.8737
-5.6211
-5.7242
-4.9771
-5.3409
-6.0208
-5.9518
-6.4625
-6.1744
-6.3978
-6.6049
-6.6784
-6.7375
-6.6832
-6.8760
-6.6358
-7.0886
-6.3630
-6.8169
-7.7616
-7.7525
-7.9861
-8.1280
-8.3066
-8.0310
-8.4285
-8.0771
-8.3592
-8.2645
-7.8621
-8.0784
-7.5466
-7.9043
-8.0988
-7.4975
-7.6816
-7.1926
-7.0892
-6.7343
-6.3671
-5.8188
-5.2577
-5.3934
-5.1313
-4.4771
-4.4972
-4.2645
-3.5610
-3.5029
-3.1985
-2.8639
-2.7254
-2.1934
-2.1787
-1.9561
-2.0275
-1.4104
-1.9661
-1.2944
-1.4505
-1.8714
-2.0025
-1.7560
-1.9303
-1.6139
-2.0863
-1.5221
-2.3688
-2.1907
-2.0908
-2.3532
-2.1115
-2.6359
-2.8951
-3.1937
-3.4721
-3.4934
-3.5453
-2.9948
-3.4228
-3.3867
-3.2723
-3.5978
-3.5584
-3.2126
-3.5462
-3.5263
-3.3762
-3.1626
-3.1833
-2.8115
-2.7258
-2.5050
-2.2628
-1.6963
-1.3990
-1.5358
-1.3417
-0.9886
-0.8934
-0.4881
-0.4200
-0.0709
0.9828
1.2720
1.7749
2.7587
3.0924
3.8305
3.8308
4.5984
4.5818
4.6714
5.0100
5.3009
5.3160
5.2723
5.2489
5.3667
5.1164
5.1577
5.1757
5.5960
5.8148
6.3517
6.6661
7.1351
7.2299
7.3146
7.8520
8.1617
8.7176
8.6557
8.8583
9.3106
9.3453
9.6753
9.5598
9.5863
9.8199
9.8295
10.2159
9.6682
9.5267
9.5245
9.7207
9.9575
9.1778
9.6472
9.0194
8.8815
8.6625
8.3815
8.7192
7.8345
8.1385
7.8933
7.6201
8.0600
7.6560
7.0717
7.4162
7.2645
7.3044
7.3589
7.7316
7.0124
7.0554
7.6025
7.3768
7.7114
7.3452
7.3392
7.3719
7.7240
7.2765
7.0565
6.9448
6.5630
6.7880
6.1837
6.5640
6.7487
5.4608
5.7469
5.1058
5.3556
5.2222
4.7432
4.4557
4.4978
5.2107
4.5711
4.5942
5.6149
5.1569
5.6047
5.8427
5.7478
6.2953
6.4383
7.3491
7.3309
7.5724
7.8929
7.7217
7.8238
7.5547
8.1758
7.8000
7.7560
7.7865
8.2163
8.0206
7.7799
7.6669
7.1960
6.7061
6.4329
5.6528
5.6860
5.3054
4.5507
4.7964
4.1786
4.4811
4.5760
4.5628
4.3107
4.4539
4.3820
4.2248
4.3380
4.0793
3.8740
3.6821
2.9930
2.4511
2.0708
1.9220
1.4140
1.7012
0.9126
0.4349
-0.0885
0.1740
-0.2557
-0.6435
-0.2873
-0.4398
-0.7352
-1.1520
-1.0986
-1.6931
-1.8250
-1.6612
-2.0460
-2.4164
-2.3230
-2.7300
-3.0507
-3.3662
-3.4820
-3.5303
-3.7178
-3.9716
-3.6487
-4.3487
-4.2349
-4.7812
-4.9649
-5.0746
-4.7912
-4.7746
-4.7972
-4.9830
-5.2721
-5.1282
-5.3937
-5.2157
-4.9018
-4.9092
-4.2157
-4.1249
-3.8746
-4.0379
-4.0006
-3.6622
-3.8986
-3.9883
-3.8510
-3.7710
-3.8508
-3.3988
-3.6685
-4.3882
-4.1132
-4.6631
-4.6451
-5.3784
-5.9159
-6.0761
-6.0597
-6.3795
-6.7393
-6.5602
-7.2655
-7.6059
-7.7656
-7.4697
-8.0882
-8.4239
-8.2723
-8.9862
-8.8512
-9.4155
-9.2963
-9.3077
-9.6002
-9.2129
-9.7755
-9.7956
-8.9276
-9.1468
-9.4444
-8.9670
-9.0356
-8.9250
-8.7295
-8.7915
-8.6155
-9.1916
-9.2391
-9.1288
-9.0013
-8.1735
-8.2082
-8.0046
-7.8928
-8.0347
-7.5911
-7.7089
-8.1124
-7.9098
-8.0822
-7.6601
-8.5164
-7.9075
-8.2083
-8.1250
-7.8977
-8.0108
-7.5283
-7.9293
-8.1241
-8.1427
-8.3534
-8.5890
-8.5073
-8.3165
-7.6366
-8.0015
-8.0841
-7.3816
-7.6708
-7.0953
-7.4002
-7.2960
-7.1930
-6.7447
-7.0025
-7.1704
-7.1227
-7.1972
-7.0961
-7.3010
-7.4856
-7.5926
-7.8262
-8.1280
-8.2672
-8.1981
-7.8817
-8.0791
-7.8113
-8.1219
-8.1917
-7.7902
-7.9567
-7.6895
-7.5470
-7.8584
-8.1037
-7.7075
-7.8509
-7.8091
-7.7215
-7.2060
-7.5846
-7.5278
-7.4374
-7.1025
-7.2145
-7.0681
-6.9294
-6.9365
-7.0018
-6.6450
-6.7215
-6.0030
-6.1982
-5.6637
-5.2440
-5.4569
-5.1169
-4.5435
-4.4624
-3.9552
-3.7994
-3.1280
-3.0387
-2.6563
-2.3665
-1.5656
-1.2514
-0.6443
0.3160
0.4232
1.6056
2.1773
2.5799
3.2340
3.5011
3.9754
4.4265
4.2322
4.4370
4.8351
4.4089
4.2220
4.1504
4.0554
4.2678
4.0542
3.7829
3.7286
3.3464
3.2137
3.3758
3.1497
3.3508
3.2781
3.2300
3.6087
2.8366
3.8219
2.3508
1.8445
0.8787
0.4834
0.6329
0.2735
-0.3115
-0.0869
-0.2959
-0.7691
-0.9945
-0.6561
-1.3191
-1.8192
-1.8993
-1.9980
-1.9063
-1.5341
-2.0205
-1.7818
-1.4948
-1.0189
-1.0669
-1.0478
-0.9002
-0.4788
0.5088
0.2472
0.5267
0.6668
1.2367
1.2515
1.3493
1.6596
1.6399
1.7488
1.8750
2.2116
2.1632
2.9791
3.4037
2.8799
3.0751
4.0133
3.5016
3.8804
4.1150
4.6732
5.1160
5.4153
5.8482
5.6869
6.0288
6.5817
6.6236
6.8316
6.8781
7.6151
7.6633
8.0484
7.9089
8.1130
7.6757
7.4471
7.1750
7.7420
7.2608
7.1340
7.1327
6.7297
6.4306
7.4597
6.8508
6.4401
6.6760
7.4575
6.7677
7.7365
8.1230
7.5515
8.3900
8.1634
8.3096
8.9119
8.6314
8.2769
8.7453
8.9649
9.0976
9.6743
9.5929
9.9008
9.7751
9.4194
9.7804
8.9400
8.9812
9.6519
9.3267
8.2005
9.0282
8.0754
8.2279
8.5159
9.1394
7.5226
7.7418
7.8784
7.7898
6.9217
6.9935
7.8335
6.6374
7.1229
6.8063
6.7301
5.7365
5.0613
4.4457
4.3660
4.3128
3.5971
3.2720
2.7421
2.7780
2.8762
2.4391
2.4621
1.7272
1.2540
1.4167
0.5359
0.5232
0.4035
-0.0806
-0.1844
-0.2044
-0.2802
-0.9109
-0.6987
-0.7936
-1.2903
-1.3074
-1.5553
-1.8152
-1.9502
-1.3218
-1.1473
-0.2312
-0.4093
0.0183
0.1440
0.4562
1.5100
1.8475
2.0277
2.1125
1.5495
2.3964
2.0476
2.7766
2.8434
2.6152
3.2090
3.0150
3.6038
2.7871
3.5120
3.0997
3.2103
2.8604
3.4808
3.8959
3.3788
2.9481
3.0639
2.8511
3.0108
3.2775
2.6584
3.0474
2.8064
2.1140
2.0735
1.9034
1.5027
1.4559
1.3334
1.3939
1.1167
1.0612
0.6607
0.9187
0.7468
1.1055
0.7567
0.7032
-0.2191
-0.2339
0.0005
0.1750
-0.1331
0.0334
0.3498
0.0972
0.2492
-0.2411
-0.6532
-1.2003
-1.5739
-2.2113
-2.5785
-2.7224
-2.9779
-3.4687
-3.5171
-4.0443
-4.3453
-4.6293
-4.6370
-4.8997
-4.9443
-5.0836
-5.2435
-5.4536
-5.4908
-5.6897
-6.1756
-6.4034
-6.5764
-6.8256
-7.0098
-7.1557
-7.2478
-7.3356
-7.4102
-7.5036
-7.2756
-7.4877
-7.4407
-7.2378
-7.4340
-7.3817
-7.4337
-7.3943
-7.3954
-7.3474
-7.3658
-7.3736
-7.4504
-7.4775
-7.3556
-7.6739
-7.8022
-7.9669
-8.1468
-8.3684
-8.6081
-8.8472
-9.0126
-9.2115
-9.4194
-9.3763
-9.9385
-10.1118
-10.4167
-10.5225
-10.3678
-10.5592
-10.3251
-9.9608
-9.7294
-9.5987
-9.6071
-9.4262
-8.6909
-8.6499
-8.5203
-7.9688
-7.5105
-7.1678
-7.0059
-6.4434
-6.2888
-6.0519
-6.2262
-5.7869
-6.0991
-5.8552
-5.6392
-5.5337
-5.0100
-5.5497
-5.6510
-5.8189
-5.5963
-5.3545
-5.6657
-5.5891
-5.6040
-5.3792
-5.5137
-5.8003
-5.3234
-5.5643
-4.9072
-5.0815
-5.3512
-5.2048
-4.9152
-5.1568
-4.8444
-4.5623
-4.3551
-4.8013
-4.2930
-4.4790
-4.2819
-3.9623
-4.0766
-3.7048
-3.7895
-3.3293
-2.8902
-2.9065
-2.9979
-2.3215
-2.2395
-2.4398
-2.0810
-1.9319
-2.1061
-2.1822
-1.9265
-1.4930
-1.9508
-1.5388
-2.0666
-2.2897
-2.4583
-1.8179
-1.3387
-2.1042
-1.6240
-1.9703
-1.2675
-1.0143
-1.1435
-0.0579
-0.7735
-0.2930
0.0571
0.0261
0.0285
0.0354
0.6290
0.3704
0.9782
0.8169
1.0239
1.0348
1.4132
1.6979
2.5382
2.6221
2.7631
2.9125
3.0814
3.7238
4.1300
5.1864
5.2903
5.5620
5.7504
6.2046
6.8577
7.0066
6.6611
6.6818
6.5048
6.4876
6.6680
6.7383
6.1219
5.6645
4.9104
4.5499
3.8763
3.5278
2.5909
2.1066
1.6980
1.4709
1.4531
0.8320
0.5902
-0.2095
-0.6214
0.1914
-0.4749
-0.5050
-0.7605
-0.8005
-0.7728
-0.6418
-1.4488
-1.3377
-0.7657
-1.3214
-1.1015
-0.7398
-0.9196
-0.7003
-0.7607
-0.3077
-0.4436
-0.0722
-0.2114
0.3286
0.3017
0.6487
0.9996
1.1784
1.1879
1.4236
1.3877
1.3133
1.4249
1.4383
1.2004
1.2487
1.0853
0.7437
0.4288
0.4066
0.3051
-0.0927
-0.2641
-0.4572
-0.9789
-1.3720
-1.6305
-1.3774
-1.4512
-1.6513
-1.6400
-1.5328
-1.5922
-1.7058
-0.9856
-1.2981
-0.4562
-0.7667
-1.4520
-0.7607
-1.4045
-1.7135
-2.2103
-1.9128
-2.6423
-2.4930
-2.8281
-3.2394
-3.6309
-3.2782
-3.9502
-3.8861
-3.7665
-3.9394
-4.1837
-3.9276
-4.2324
-4.0611
-4.7667
-4.3237
-4.3667
-3.9675
-4.0441
-4.6873
-4.7406
-4.3114
-4.7109
-4.6392
-4.3802
-4.8527
-4.4734
-4.7540
-4.2398
-3.3959
-3.3762
-3.2923
-2.6757
-3.2047
-3.1213
-3.2253
-2.8351
-2.6118
-2.5471
-2.4415
-2.2584
-2.5426
-1.8451
-2.1846
-2.3572
-2.6781
-2.7002
-2.7911
-2.4989
-2.8410
-2.9421
-3.4933
-3.1192
-3.0043
-3.5000
-3.1712
-2.9880
-3.0358
-2.6125
-3.5447
-3.1251
-3.6327
-3.1045
-3.5540
-3.4020
-3.2742
-3.2726
-3.0155
-3.1352
-3.2935
-2.9524
-3.0163
-2.7238
-3.0099
-2.9983
-2.8639
-2.9158
-2.8371
-2.7817
-2.6185
-2.6074
-2.0764
-2.4287
-2.0476
-2.3714
-2.4301
-2.3927
-2.3727
-2.3902
-2.1835
-2.2273
-1.9811
-1.6552
-1.3996
-1.4492
-1.2242
-1.1940
-1.0626
-1.1347
-0.7737
-1.0728
-1.2768
-1.4916
-1.4982
-1.8069
-1.9232
-2.0547
-2.0740
-2.3689
-2.5842
-2.4697
-2.7778
-2.7950
-3.0067
-3.0874
-3.4553
-3.5992
-3.9615
-4.2691
-4.2376
-4.6287
-4.5985
-4.8521
-4.9276
-5.1519
-5.4419
-5.4500
-5.3350
-5.3458
-5.4318
-5.1568
-5.4956
-5.5537
-5.5058
-5.6320
-5.3629
-5.5320
-5.6432
-5.6965
-5.4103
-5.6311
-5.5457
-5.6099
-5.3909
-5.5090
-5.5844
-5.1763
-5.5256
-5.4877
-5.5498
-5.5552
-5.4615
-5.1564
-5.2867
-5.0269
-4.9809
-5.0338
-4.9139
-4.7938
-4.7858
-4.5017
-4.6991
-4.5625
-4.2274
-4.1478
-4.1384
-4.2126
-4.1273
-3.9293
-4.2033
-4.0778
-4.0360
-4.5331
-4.4469
-4.6499
-4.7744
-5.0091
-5.0345
-5.2152
-5.2659
-5.2736
-5.6221
-5.5940
-5.6410
-5.5482
-5.5110
-5.1384
-4.6856
-5.5828
-5.1936
-4.6880
-4.6732
-5.4219
-5.5546
-5.4865
-5.1278
-5.5954
-6.0370
-5.7019
-5.9954
-5.7851
-5.8106
-5.5344
-5.8925
-5.5909
-5.5411
-5.2327
-4.6310
-5.0030
-5.2390
-5.2349
-5.1174
-5.0908
-5.0423
-4.6237
-4.2607
-4.7484
-4.5514
-4.6537
-3.7789
-4.3565
-4.0182
-4.1797
-4.1155
-3.6555
-3.2947
-3.9523
-3.7477
-2.8775
-3.0746
-2.1420
-2.5614
-1.6261
-1.9712
-1.3485
-1.7562
-1.0934
-1.2080
-0.6139
-1.1502
-1.2503
-1.2939
-1.4177
-0.7051
-0.5942
-0.7441
-0.8546
-0.3020
-0.2601
0.8017
0.6344
0.5829
1.1661
1.3728
0.9657
0.9194
0.9150
0.9764
1.0184
0.7611
1.3298
1.7025
1.6743
1.6579
0.9434
0.9207
0.6321
0.1499
0.4344
-0.0705
-0.2277
-0.4398
-0.7946
-0.9696
-1.1853
-1.6183
-1.3443
-1.4890
-1.6084
-1.8347
-1.8764
-1.6295
-1.7527
-2.0606
-1.9732
-2.0988
-1.6885
-1.6657
-1.7386
-1.9309
-1.1452
-1.4168
-1.5234
-0.5150
-0.2308
-0.6155
-0.1513
0.3251
1.0149
0.6866
1.1597
0.4424
1.0695
1.2896
2.2229
1.7875
1.8348
1.8336
2.2524
2.5342
2.3197
3.0564
2.6174
2.9443
3.9661
3.3621
5.1362
5.1449
6.4029
6.0764
6.3692
6.3848
7.1304
7.4817
8.6437
10.1107
9.8533
10.8573
10.7782
11.8970
11.5370
12.3832
12.0749
12.9086
12.6622
13.8794
13.7034
14.1747
14.3291
15.2747
13.8378
14.0308
13.8951
14.5786
14.5978
14.5227
14.5567
14.5287
14.5374
14.8435
15.1753
14.0924
14.8062
14.0606
14.0584
14.0521
14.1151
13.7340
13.5684
13.3178
13.5216
12.8293
12.2764
12.2106
11.7350
11.8009
11.6665
11.4934
11.4630
10.8511
10.3927
9.9165
9.5589
9.6993
9.0830
9.1748
8.6960
8.2862
8.2238
8.1982
8.1357
8.0187
7.5444
7.2525
6.8688
6.5330
6.1651
5.8496
5.6376
5.3251
5.1726
4.8252
4.2421
3.9953
3.4398
2.8902
2.5167
1.9888
1.6808
1.7000
1.3633
0.7988
0.6201
0.3544
0.1715
0.1093
0.0534
-0.2101
-0.3586
-0.3888
0.0012
-0.3963
-0.1856
-0.3632
-0.2827
-0.2554
-0.2306
-0.1693
-0.4163
-0.6379
-0.7597
-1.0533
-1.2067
-1.3146
-1.5287
-2.1362
-2.4675
-2.8051
-3.0548
-3.6104
-4.1118
-4.3776
-4.8213
-4.9006
-5.1455
-5.3124
-5.5771
-5.5104
-5.7652
-5.6864
-5.6306
-5.4473
-5.5611
-5.7287
-5.8530
-6.5026
-6.7873
-6.8294
-7.3715
-7.5998
-8.0498
-8.2674
-8.7804
-8.8563
-9.0090
-9.1074
-9.3384
-9.3887
-9.5062
-9.6849
-9.9641
-9.9169
-10.2367
-10.3154
-10.2655
-10.1751
-10.7762
-10.8042
-11.0298
-11.1553
-11.4684
-11.1726
-11.7505
-11.7285
-11.6097
-11.8162
-11.9411
-11.9993
-12.0049
-11.8690
-11.5976
-11.7417
-11.6552
-11.6122
-11.3504
-11.5432
-11.3508
-11.3663
-11.3084
-10.7733
-11.1578
-11.0286
-10.9871
-10.9391
-10.9223
-10.8900
-10.5626
-10.7369
-10.6502
-10.6432
-10.6019
-10.6076
-10.6288
-10.6699
-10.7113
-10.4596
-10.6933
-10.6430
-10.6538
-10.6385
-10.5652
-10.5109
-10.4728
-10.4442
-10.4237
-10.4528
-10.3954
-10.3974
-10.1053
-10.1876
-10.0386
-9.6495
-9.6909
-9.4974
-9.2639
-9.1104
-8.8012
-8.6770
-8.3778
-8.2207
-8.0105
-7.9293
-7.8082
-7.5904
-7.4222
-7.6771
-7.6619
-7.6708
-7.7532
-7.5940
-7.4627
-7.6023
-7.4554
-7.6721
-7.6738
-7.6853
-7.7318
-7.6597
-7.3573
-7.6472
-7.5464
-7.3287
-6.9731
-7.6440
-7.5691
-7.7022
-7.7738
-7.4697
-7.6062
-6.8359
-7.2580
-7.3248
-7.3943
-7.4349
-7.4447
-7.4921
-7.4937
-7.5352
-7.2613
-7.4889
-7.4241
-7.4764
-7.4582
-7.4530
-7.2624
-7.4019
-7.4512
-7.4158
-7.4337
-7.4353
-7.3766
-7.4598
-7.4852
-7.5957
-7.6662
-7.6713
-7.8269
-7.6825
-8.1321
-8.2639
-8.3567
-8.5449
-8.6593
-8.9094
-9.0627
-9.0549
-9.4159
-9.6198
-9.7810
-9.9299
-10.0715
-10.1681
-10.3067
-10.3797
-10.4494
-10.4465
-10.4312
-10.3038
-10.3353
-10.2788
-10.3772
-10.1837
-10.3769
-10.3605
-10.3033
-10.2196
-9.9972
-9.8201
-9.5479
-9.3414
-9.1213
-8.9031
-8.6997
-8.5595
-8.3728
-8.0819
-8.1058
-7.9381
-7.7007
-7.4361
-7.0983
-6.8751
-6.6435
-6.5457
-6.4357
-6.0972
-6.1619
-5.9546
-5.7542
-5.4113
-5.2260
-4.9585
-4.8549
-4.7301
-4.6381
-4.4808
-4.3981
-4.0320
-3.8954
-3.4732
-3.2642
-2.9922
-2.9237
-2.7543
-2.8916
-2.9089
-2.1938
-2.7484
-2.2661
-2.4775
-2.1473
-2.0206
-1.8913
-1.5006
-1.6402
-1.4200
-1.4212
-0.9862
-1.3890
-0.8271
-0.6779
-0.6520
-0.3325
-0.7120
-0.7679
-0.7654
-0.6870
-0.4759
-0.4384
-0.5529
-0.0155
-0.0182
0.1005
0.2248
0.1817
0.2501
0.3313
0.1330
0.0764
0.0408
0.1136
-0.1312
0.5628
1.0165
0.9979
0.9933
1.5305
2.2171
2.1287
2.9148
2.3435
2.8537
2.7295
3.3077
4.2304
4.0289
4.3678
4.5040
4.2353
3.9671
3.5116
3.1700
2.9203
2.4587
2.4194
1.7098
0.9680
1.1195
0.3820
-0.3471
-0.5962
-1.0623
-0.8277
-1.1826
-1.2057
-1.6207
-2.1496
-2.1041
-1.9964
-1.8353
-1.9357
-1.3180
-2.0861
-1.7517
-1.6720
-1.4882
-1.7398
-1.4242
-1.7079
-1.1082
-1.4317
-1.0836
-1.3875
-1.4368
-1.5699
-1.9088
-1.7900
-1.8674
-1.9578
-2.1002
-2.2962
-2.3480
-2.5510
-2.7992
-3.0269
-3.2346
-3.3319
-3.1558
-3.2238
-3.4533
-3.4626
-3.5869
-3.3808
-3.6900
-3.5741
-3.8346
-3.9880
-3.9252
-3.9182
-3.8892
-3.9061
-3.9478
-4.0258
-4.1106
-4.0652
-4.3838
-4.7291
-5.2364
-5.7640
-6.1926
-6.3839
-6.7412
-6.7398
-7.1460
-7.4849
-7.6386
-7.8593
-8.0528
-8.3551
-8.3453
-8.5067
-8.5308
-8.4679
-8.5004
-8.4208
-8.4692
-8.2113
-8.2305
-8.4019
-8.3582
-8.1167
-8.2126
-8.1739
-8.1524
-8.0558
-8.2362
-8.0570
-8.5044
-8.6018
-8.5986
-8.6984
-8.6746
-8.8435
-9.0174
-9.1673
-9.2012
-9.3279
-9.6946
-9.9035
-9.9698
-10.1474
-10.1961
-10.1769
-10.5289
-10.7489
-10.8152
-10.9523
-10.9720
-11.0561
-11.1058
-11.0864
-11.0574
-11.0430
-10.7502
-10.9511
-10.5532
-10.8309
-10.7286
-10.6082
-10.4790
-10.4510
-10.3108
-10.0060
-10.1580
-10.0733
-10.0411
-9.7080
-9.6969
-9.4259
-9.4603
-9.5225
-9.0406
-9.2442
-9.4038
-9.3655
-9.0782
-9.2753
-9.2596
-9.3203
-9.3159
-8.9041
-9.1832
-8.9308
-8.9014
-8.9820
-9.0471
-8.9617
-9.0379
-8.9667
-8.6219
-8.8182
-8.5484
-8.4615
-8.7756
-8.9037
-8.8113
-8.9241
-8.4505
-9.0282
-9.1418
-9.1080
-8.9961
-8.8411
-9.0386
-9.1415
-9.1210
-8.9003
-8.8344
-9.0712
-9.0618
-9.1783
-9.1873
-9.1970
-9.3301
-9.1041
-9.2558
-9.3822
-9.1509
-9.2600
-9.0700
-9.2968
-9.3962
-9.4516
-9.5135
-9.2377
-9.2485
-9.2571
-9.3053
-9.2089
-8.9696
-9.0863
-8.9727
-8.8662
-8.3738
-8.7613
-8.6028
-8.7481
-8.6254
-8.7042
-8.4984
-8.3282
-7.7036
-7.3807
-7.4003
-6.5596
-6.0418
-6.0780
-6.0645
-5.2665
-4.7355
-5.0022
-4.5163
-4.2304
-3.6785
-4.2920
-3.6147
-3.4608
-4.0394
-3.7599
-3.5121
-3.6414
-3.5877
-3.2969
-2.4346
-2.5427
-1.6884
-2.3917
-1.8692
-1.7893
-1.9124
-1.9828
-1.4334
-1.5411
-1.8198
-1.2979
-1.7430
-1.7609
-1.5991
-2.0116
-1.7807
-2.1222
-1.6304
-2.2513
-2.1238
-2.1775
-2.3552
-1.9317
-1.4440
-1.6619
-0.8060
-0.7517
-0.1788
0.3240
0.4653
1.5023
1.5639
1.8714
1.8182
1.8726
2.7681
2.2889
2.7948
3.5641
3.4305
3.6678
4.3556
3.8259
3.9242
3.9046
3.1357
3.5186
3.1939
2.7234
2.7260
2.4289
2.2386
1.9889
1.9608
1.8902
1.8520
1.8180
1.9307
1.6795
2.0371
1.9692
1.7025
1.7626
1.6067
1.7206
1.6416
1.4821
1.6512
1.7014
2.0393
2.1865
2.5739
2.5863
2.6311
2.8391
3.1082
3.2910
3.5232
4.3417
4.2844
5.0718
5.3268
6.0497
6.7404
7.7264
8.7796
9.9048
11.0336
11.8711
13.1506
13.8865
14.8206
15.2528
15.6406
16.0053
16.1965
16.3423
17.0324
16.6482
17.1720
16.9712
17.2554
17.3576
17.5602
17.5217
17.9518
18.0373
18.1659
18.4381
18.9842
19.0817
19.5836
20.2791
21.0651
21.7789
21.9565
22.2348
22.6196
23.3565
23.8365
24.7340
24.7067
25.2797
25.5781
25.3245
25.1892
25.1109
25.7530
24.5811
24.4987
23.8248
23.5775
22.8476
22.5775
22.4605
21.9624
21.8611
20.5245
20.6515
19.0595
18.9138
16.7117
15.8975
14.1851
13.0805
11.6021
11.3591
9.0421
7.9317
7.3719
6.1376
5.5181
4.2142
3.5296
3.0130
2.5525
1.9550
0.9872
1.0783
0.2123
-0.2750
-0.9729
-1.1314
-1.8585
-2.0283
-1.3535
-1.4712
-1.6676
-2.3975
-2.6745
-2.7509
-2.5497
-2.7655
-3.0874
-3.2045
-3.6808
-3.3182
-3.0601
-3.4706
-3.5479
-3.8360
-3.2258
-2.5613
-4.2891
-4.2073
-4.2659
-3.6845
-3.2243
-3.3087
-1.8703
-2.9224
-1.9401
-2.3119
-2.5782
-2.7325
-2.5005
-2.4933
-1.7901
-1.7851
-2.5683
-2.6417
-2.5195
-1.8558
-2.7118
-1.8906
-1.9956
-1.2287
-1.5610
-1.3851
-1.2902
-0.3903
-0.3627
0.1145
0.9338
0.4975
1.5225
2.2243
1.7754
1.7823
2.2629
1.8014
1.9085
2.1805
2.5026
1.9302
2.4083
2.3358
2.2521
2.2790
2.2392
2.5800
2.5337
2.9845
2.6603
2.6851
3.0371
3.7892
3.1247
3.2873
3.3641
3.8916
3.5449
3.7956
3.5194
3.8927
3.7241
3.8299
3.4535
3.7108
3.1065
2.9494
3.6279
3.3655
3.2703
3.4098
3.6407
3.8818
4.2389
4.9497
5.5069
5.6820
6.5218
7.2055
7.7855
9.0110
8.9630
9.4920
10.0311
10.5541
11.3465
11.2345
12.0425
11.7896
12.6046
12.1856
12.8538
13.0724
14.1718
14.3032
14.5508
14.6788
14.9091
15.0467
15.2109
15.0513
15.2377
15.1309
15.3871
15.3340
15.1422
15.2245
14.6682
14.4971
15.0150
14.1620
15.1035
13.8248
13.8787
13.2684
12.8245
12.6132
12.5525
13.2135
12.2437
12.4790
11.4322
10.9772
10.9477
10.4792
9.9744
9.5504
9.0164
9.3555
8.3617
8.2231
6.8460
6.3038
6.2059
5.1013
5.4161
5.0363
4.5477
4.6124
4.2402
3.4513
2.8934
2.9223
2.4548
2.7717
2.6304
2.3466
2.7688
2.8576
2.8233
2.5447
2.6201
2.5200
2.8452
2.2918
1.9474
1.4083
2.1190
1.4432
1.7195
1.4059
1.2645
1.3846
0.8921
0.8529
0.7268
0.0499
0.0165
0.1798
-0.3094
-0.0855
-0.5925
-0.5438
-0.8458
-0.9715
-1.0437
-1.1204
-0.6144
-1.0481
-0.9073
-0.7101
-1.0653
-1.1800
-1.1080
-0.6127
-0.9050
-0.7673
-0.8099
-0.6807
-0.6908
-0.6032
-0.8087
-0.6933
-0.6299
-0.5574
-0.0113
-0.5775
-0.5524
-0.6657
-0.6129
-0.4430
-0.3569
-0.3943
0.3146
0.4997
0.2816
-0.1871
0.1199
0.1844
0.2507
0.2029
0.4102
0.0487
