2.4019
2.8797
2.1921
2.4929
2.5025
2.7520
2.8753
2.7417
3.0917
2.9103
3.2660
3.4905
3.4655
2.9709
3.1009
2.8292
2.6900
2.6259
2.7296
2.2907
2.2205
1.9049
1.9659
1.8762
1.7103
1.3916
0.9731
0.6597
0.8756
0.5722
0.5051
0.8895
0.1818
0.0839
-0.0481
0.1870
-0.0708
0.0919
0.1397
-0.0351
-0.1600
0.1261
-0.2134
-0.3236
-0.1182
-0.3694
0.3992
-0.0507
-0.3668
-0.8633
0.0042
-0.2318
0.7115
0.1209
0.4117
0.0196
0.0998
-0.1571
-0.1745
-0.5952
-0.4235
-0.3368
-0.2099
-0.2393
-0.3165
-0.4658
-0.3342
-0.0459
-0.6829
-0.7591
-0.5038
-0.6392
-0.7489
-0.7578
-0.6906
-1.2054
-0.8542
-0.6418
-0.5948
-0.8686
-0.9161
-0.8106
-1.5020
-0.4215
-0.6427
-0.7818
-0.6184
-0.6353
-0.1502
-0.1507
-0.2342
-0.1216
0.1376
-0.0382
-0.8301
-0.4864
-0.5660
-0.3723
-0.8310
-0.4148
-1.1559
-1.2463
-0.5774
-1.2193
-0.8045
-0.7657
-0.4889
-0.8451
-1.1846
-1.0927
-1.4092
-1.3537
-1.2889
-1.3698
-1.1864
-1.0708
-1.3293
-1.1684
-1.4719
-1.4060
-1.2457
-1.2606
-1.1996
-1.5923
-1.6006
-1.4079
-0.9571
-1.1362
-0.2040
-0.5792
-0.3444
-0.0188
-0.0525
-0.1092
0.5446
0.1134
0.1643
0.8692
0.6054
0.7306
0.8676
0.5952
0.8824
0.9408
1.2504
1.0248
1.2903
1.4074
1.4224
1.6746
1.1698
1.7348
1.2780
1.5392
1.4812
1.7506
1.5682
1.3848
1.5983
1.4187
1.1079
0.9421
0.9568
0.9563
0.8010
1.0152
1.0787
1.2753
1.4337
2.4686
2.0790
2.8991
2.4600
2.4445
2.2380
2.8700
2.3701
3.0191
2.6584
2.6887
2.5668
2.7486
3.0588
3.2208
3.7833
3.7578
4.3301
4.4174
4.3700
5.0441
5.1130
5.6171
5.8851
5.7201
5.9620
6.2235
6.8899
6.4350
6.9880
7.0676
7.5254
7.7373
7.1560
7.5390
7.9340
8.2575
9.4046
8.5554
8.9680
8.1452
8.6423
8.5517
8.7132
8.9598
9.0514
9.3065
9.3402
8.7716
8.5011
8.4838
8.4609
8.8137
9.0764
9.4507
9.5196
9.5934
9.8956
10.6629
10.7017
10.8827
11.1289
11.7535
11.6251
12.0732
11.8121
12.1715
11.7108
11.5318
11.2672
10.2515
9.6477
9.2058
8.4139
7.7996
7.6322
6.9103
6.7105
6.4015
6.3683
5.7711
5.1983
4.5090
4.1340
4.0048
3.3183
2.9586
2.6082
2.1421
1.5841
1.2493
1.3507
1.2007
0.4840
0.2334
-0.0041
-0.3859
-0.7908
-0.7914
-1.0626
-0.3953
-1.1308
-1.3865
-1.3191
-1.7934
-1.3384
-1.8432
-1.5101
-1.8756
-1.6397
-1.0555
-1.9059
-1.5799
-1.9730
-1.9082
-1.8677
-1.5688
-1.6622
-1.2878
-1.7247
-1.7427
-1.6410
-2.0671
-2.1299
-2.3625
-2.2009
-2.5743
-2.5706
-2.2902
-2.3495
-2.2879
-2.6334
-2.3360
-2.9021
-2.7874
-3.0782
-2.9908
-3.3421
-3.1583
-3.1291
-2.8432
-2.7302
-2.3004
-2.5178
-1.9378
-2.0750
-2.2541
-2.2475
-2.0470
-1.5007
-2.3806
-1.8829
-1.9235
-2.2211
-2.1914
-1.8141
-2.1697
-2.2115
-1.7279
-2.6935
-2.7225
-2.8999
-3.3325
-3.0769
-3.3275
-3.6673
-4.1562
-4.2859
-4.2845
-4.3340
-4.4937
-4.1291
-4.1245
-3.8755
-3.8938
-4.0068
-3.3072
-3.3892
-3.0845
-2.9733
-2.7400
-2.4806
-2.4722
-2.3787
-2.1374
-2.3689
-2.3608
-2.8127
-3.1497
-3.3202
-2.9996
-3.3916
-3.0269
-3.3872
-3.1818
-3.4427
-3.5669
-3.6339
-3.7227
-3.7045
-4.0180
-3.5054
-2.8483
-3.5886
-3.2388
-3.1091
-3.4809
-3.5674
-3.6889
-3.6897
-3.5723
-3.3024
-3.4726
-3.4441
-3.6045
-3.5589
-3.6299
-3.1529
-3.4009
-2.5343
-3.2284
-3.1467
-2.9662
-2.6837
-2.9108
-2.9127
-2.5354
-2.6444
-2.8506
-2.8599
-2.6586
-2.8425
-2.7876
-2.2644
-2.5313
-2.4128
-2.1368
-2.2364
-2.3721
-2.5473
-1.9210
-2.0322
-1.6540
-2.0286
-2.0209
-1.6839
-1.6501
-1.8299
-2.0818
-1.4825
-1.7454
-1.7715
-1.7845
-1.4762
-1.3890
-1.4349
-1.5243
-1.3531
-1.5466
-1.3713
-1.4213
-1.0843
-1.1986
-1.3762
-1.1640
-1.3971
-1.2821
-1.2537
-1.4099
-1.3447
-1.4571
-1.2496
-1.4553
-1.4341
-1.5341
-1.2139
-1.2677
-1.3243
-1.3825
-1.3111
-1.3962
-1.2443
-1.3586
-1.4841
-1.1660
-1.4990
-1.4473
-1.3485
-1.1689
-1.2754
-1.3480
-1.2695
-1.2377
-1.1794
-0.9109
-1.1665
-1.1196
-1.0177
-1.1040
-1.2198
-1.2140
-1.1793
-1.4008
-1.4597
-1.1848
-1.3732
-1.3598
-1.1498
-1.3470
-1.3422
-1.0677
-1.2618
-1.2174
-1.0331
-1.2732
-1.2209
-1.2606
-0.6980
-1.2000
-0.7021
-0.7075
-0.8756
-0.7204
-0.7589
-0.8328
-0.6908
-0.6977
-0.1751
-0.5657
-0.3661
-0.4644
-0.2731
-0.3710
-0.3717
-0.4246
-0.5756
-0.5774
-0.2301
-0.6198
-0.7870
-0.9000
-1.0206
-1.1303
-1.1961
-1.2991
-1.3713
-1.2072
-1.3381
-1.3821
-1.2730
-1.3177
-1.1944
-1.1726
-1.0795
-0.6819
-0.7263
-0.8855
-0.4594
-0.5653
-0.1310
0.2466
0.1234
0.7951
0.4601
0.5727
0.4481
0.1244
0.2491
0.1134
0.3092
0.1246
0.3685
0.3016
1.1222
0.7291
0.6761
1.0225
0.7115
1.4268
0.6969
0.8279
0.6950
0.5582
0.7280
0.7693
0.8749
0.9866
1.3201
1.1632
1.3706
1.5082
1.9024
2.7083
2.8573
3.2428
4.0015
4.2361
4.8878
5.4742
6.1224
6.7178
7.1294
7.0491
7.0818
7.2994
7.0917
7.0645
6.9607
7.2340
8.1907
7.5465
7.4888
8.1623
7.3981
6.8876
6.6047
6.1935
5.6153
5.0681
5.8474
5.5022
5.7163
5.3751
5.4965
4.7623
5.3493
4.7058
5.4966
4.8247
5.2650
5.6534
5.1062
4.9379
5.1315
5.1359
5.5448
4.9844
5.2031
6.2957
6.0687
6.1280
6.4486
6.2856
6.2377
5.9423
5.3856
5.6658
4.8225
4.1356
4.2436
4.0037
3.0785
2.7032
2.8578
2.3276
1.4944
1.8448
1.3933
1.7667
1.3057
1.2075
1.3658
1.1420
1.3200
1.5458
1.5707
1.3566
1.7382
1.4983
1.5516
1.9437
2.1317
1.6292
2.3135
1.5228
1.5153
1.8033
1.3053
1.0991
0.4045
0.4975
0.2338
-0.0542
0.2081
0.6818
-0.3308
0.1105
-0.2048
-0.4204
-0.7034
-0.3512
-0.7691
-1.1935
-1.4356
-1.0721
-1.3849
-1.3431
-2.0705
-2.2914
-2.4299
-2.8547
-3.3297
-4.0063
-4.2046
-4.6221
-4.8456
-5.1626
-5.0689
-5.6691
-5.3218
-5.9379
-5.3956
-6.0749
-5.9079
-6.0224
-5.9575
-6.2928
-6.2713
-6.2818
-5.7247
-5.4687
-5.4539
-5.4665
-5.4272
-5.5156
-5.2217
-5.2841
-5.0957
-4.8848
-5.1706
-5.0714
-5.2493
-5.7802
-5.6765
-6.0822
-5.7153
-5.8632
-5.7923
-6.0945
-5.9881
-6.1568
-5.6049
-5.9624
-5.8223
-5.6570
-5.6863
-5.4899
-5.2704
-5.2526
-5.2977
-5.1641
-4.8671
-4.5963
-4.3225
-4.5384
-4.4329
-4.3048
-3.6447
-4.1227
-4.0700
-3.5136
-4.0863
-3.8600
-3.5096
-3.6451
-3.6859
-3.4877
-3.1054
-2.5779
-2.7887
-2.9158
-2.7284
-2.6780
-2.3956
-2.5018
-2.3474
-2.3623
-2.1913
-2.1603
-2.1175
-1.8291
-1.9911
-1.7383
-1.6272
-1.3689
-1.2768
-1.1066
-0.9746
-0.8615
-0.7427
-0.4717
-0.5701
-0.4240
-0.3805
-0.3106
-0.3764
-0.4078
-0.3837
-0.3874
-0.3109
-0.3026
-0.0289
-0.1932
-0.1105
0.0304
0.0891
0.1856
0.2118
0.2433
0.3153
0.3329
0.3764
0.6891
0.5066
0.6372
0.7094
0.8497
1.0381
1.1193
1.4328
1.2769
1.3812
1.4435
1.5359
1.6314
1.6138
1.8469
1.5811
1.5958
1.8143
1.7832
2.1149
2.0829
3.0076
2.6643
3.2399
3.0989
2.9364
2.9825
2.8128
2.9322
2.6049
2.7326
2.3185
2.7340
2.3570
2.5011
2.5784
2.8306
2.9468
2.8126
2.7218
3.0884
2.5143
2.6219
2.5711
2.6763
2.5672
2.8602
2.8114
2.7076
2.9525
2.8603
2.9876
2.9808
3.0478
3.5626
3.2740
3.4577
3.7736
3.8653
3.9656
3.9691
3.9546
4.0746
4.0602
4.6886
4.6374
4.5601
4.3067
4.3060
4.3622
4.0741
4.4884
4.1256
4.1215
3.9497
3.9203
4.2665
3.6267
3.7496
3.5346
3.7066
3.4216
3.5748
3.3803
3.4346
3.6271
3.1377
3.1231
2.7777
2.7501
3.1609
2.2741
2.5372
2.5478
2.2317
2.0427
1.9775
1.6984
1.5433
1.9382
2.0502
1.6884
1.7146
1.3848
1.8222
1.4498
2.5504
1.8574
1.8926
1.6840
1.7078
1.4929
1.7759
2.0725
1.9848
1.8501
1.8308
1.9405
1.8955
2.0364
2.6996
2.2869
1.7366
2.1878
2.8238
2.3382
2.1913
2.8521
2.6281
3.2291
2.3850
2.4093
3.0401
2.7764
3.5603
2.9818
1.9342
2.0031
1.7957
2.0413
2.1238
2.0492
1.7896
1.7002
1.9714
2.2331
1.9553
1.5651
1.7331
1.2913
1.3057
0.9437
0.8989
1.3145
1.5927
1.5880
1.5667
1.9110
1.5436
1.6664
1.8374
2.2258
2.4075
2.3733
2.3981
2.4588
2.5115
2.5007
2.6590
2.5445
2.4274
2.5841
2.0066
1.9919
1.6732
1.9032
1.3347
1.1152
1.1129
1.2943
1.1182
1.1437
1.2912
1.1459
1.3452
1.2667
1.7783
1.4899
1.6590
1.7933
1.3318
1.1957
1.3308
0.9805
1.0138
0.7710
0.8998
0.7378
0.6948
0.8643
0.7281
1.2023
1.2301
1.3908
1.5304
1.0894
1.0506
0.9486
0.9049
1.0080
1.2303
1.1606
1.5960
1.5027
1.4024
1.6840
1.7953
1.7650
1.8395
1.9801
2.0071
2.6994
2.3447
2.7629
2.8964
2.6741
2.9330
2.6925
2.9441
2.7303
2.7523
2.8367
2.7635
2.7540
2.4227
2.4841
2.0489
1.5859
1.1365
1.1032
0.4956
0.2486
-0.1408
-0.2159
-0.7947
-1.1920
-1.5298
-1.8191
-2.3530
-2.8130
-3.1107
-3.0474
-3.5111
-3.6337
-3.8418
-3.8917
-3.9729
-3.8388
-4.0782
-4.0838
-3.9918
-3.8820
-3.8719
-3.7869
-3.7612
-3.4684
-3.5258
-3.2171
-3.3626
-3.3536
-3.3858
-3.4311
-3.3326
-3.1590
-3.0618
-3.1426
-3.0440
-2.8409
-2.7571
-2.6459
-2.4336
-2.4344
-2.2642
-2.4415
-2.3940
-2.2100
-2.3502
-2.1822
-2.0558
-1.6785
-1.5146
-1.5943
-1.5118
-1.3616
-1.3017
-0.9335
-1.0360
-0.8700
-0.7228
-0.3027
-0.1512
0.0025
0.1899
0.5592
0.9333
1.3009
1.6909
1.9066
2.1430
2.3428
2.6418
2.9877
3.5173
3.6769
4.3710
4.2161
4.5390
4.6615
4.7328
4.6052
4.5753
4.0690
3.9710
3.5748
3.2570
2.7321
2.4286
2.4747
2.2407
1.8527
1.9503
1.7845
1.6143
1.4498
1.4879
1.5830
1.7476
2.0615
2.6156
3.2666
3.2089
3.4491
3.6853
3.9283
5.1078
4.7282
4.8637
4.6919
4.7967
4.6685
4.3065
3.8395
3.6912
3.4617
3.2693
3.0263
2.6674
2.5048
2.4050
2.3279
1.9752
1.8913
1.7630
1.9256
2.3118
2.0014
2.2390
2.2504
2.4174
2.3336
2.7244
2.9447
3.4341
3.2735
3.9123
3.6413
3.7631
4.1490
3.8509
4.1923
4.3732
4.7296
4.6034
4.6418
4.4258
4.3011
4.5598
4.8592
4.7237
4.6970
4.9777
5.2528
5.0427
5.0041
5.1584
5.6100
5.4050
5.9511
6.0299
6.3991
7.0807
7.1719
7.6903
8.3216
8.7437
8.8902
10.0174
9.4004
9.8452
9.8670
10.2194
10.1528
10.0422
10.0349
10.3266
10.2273
10.3570
10.4692
10.2609
10.1477
10.1539
10.4328
10.6323
10.5080
10.5181
10.0681
10.1766
10.3646
10.5415
9.8775
10.8214
11.0878
11.1102
12.1204
11.6220
12.5501
12.3256
14.6640
14.4080
15.4466
16.0066
16.1803
16.9737
15.7472
15.6071
15.0892
15.3827
14.5070
14.9230
14.7632
14.8101
15.5208
14.8783
15.8260
17.4811
17.0656
18.0267
18.0165
18.9914
18.8944
19.0033
18.8923
18.8167
18.0207
17.9781
17.7231
17.5415
17.3816
17.2458
17.0367
16.7149
16.0552
16.0052
16.8497
16.5692
16.7947
16.6502
17.5268
16.2498
16.4863
16.8443
16.1507
15.3174
14.9359
14.7350
13.8153
14.2355
13.6599
12.9825
13.4227
12.3493
11.3594
10.9756
10.0160
10.7846
9.0098
10.1973
9.6173
9.4791
8.8586
9.4604
9.6201
9.4389
9.6847
9.2675
9.9234
9.4222
9.5514
10.0684
9.4991
9.1160
8.9679
8.9934
8.3094
8.8263
8.2531
8.7485
8.1231
8.5017
8.8009
8.6595
8.3849
8.4597
8.6631
8.0827
9.4520
8.8839
9.4981
8.6398
9.0900
8.5868
8.5460
7.7489
7.8289
7.0252
7.2385
6.3888
5.9422
5.0931
5.3686
3.9902
3.7487
3.0805
2.9536
2.5765
1.8212
2.3099
1.3762
1.4641
0.8705
1.4128
0.7505
0.7521
0.8035
0.2381
0.5479
-0.0833
0.4378
0.1286
-0.3272
-0.2335
-0.2570
-0.4815
-0.4535
-0.7712
-0.8502
-1.0089
-1.1228
-1.0233
-1.2338
-1.3477
-1.1933
-1.7256
-2.3230
-2.6046
-2.8270
-3.0419
-3.1195
-3.1828
-3.3245
-3.3841
-3.6339
-3.3199
-3.6580
-3.7059
-3.9342
-3.8554
-3.9677
-3.9876
-4.2990
-4.3338
-4.2405
-4.3211
-4.0598
-4.4169
-4.2318
-4.6460
-4.6987
-4.6920
-4.5474
-4.7433
-4.7448
-4.7235
-4.6914
-4.6149
-4.6445
-4.5955
-4.6625
-4.6572
-4.6962
-4.7539
-4.8194
-4.8819
-4.9417
-5.0076
-4.6105
-5.1445
-5.2123
-5.4135
-5.4941
-5.6014
-5.6440
-5.7511
-5.7694
-5.8144
-5.8139
-5.8556
-5.7205
-5.9916
-6.0433
-6.1162
-6.1020
-6.2524
-6.0167
-6.4044
-6.4204
-6.5411
-6.6337
-6.7329
-6.8697
-6.9812
-6.9981
-7.0627
-7.0430
-6.9102
-7.0975
-7.2254
-7.3111
-7.4820
-7.5447
-7.6132
-7.5843
-7.4686
-7.2103
-7.3078
-7.1689
-6.5858
-6.7411
-6.5310
-6.8488
-6.8687
-6.7451
-6.1893
-6.6035
-6.2898
-6.1457
-5.1171
-5.4488
-5.1601
-4.4836
-4.7787
-4.5420
-4.1601
-4.3112
-4.4944
-4.3118
-4.4989
-4.1552
-4.2789
-4.0210
-2.9770
-3.1906
-1.8609
-1.4279
-0.1431
0.4181
0.5034
1.0323
2.5717
4.1558
4.4836
4.4697
4.9322
5.4349
5.4330
5.4701
5.0977
5.6167
6.3190
6.7071
6.4770
6.5732
6.4144
6.1360
6.8053
5.8399
5.4465
4.8729
5.8390
5.1450
4.8426
4.8581
4.2051
4.8310
5.1728
4.8267
4.8687
4.7842
4.7684
5.0524
4.6218
5.0165
4.3152
4.4294
4.3023
4.3662
4.9859
4.9042
5.0762
4.5253
4.5434
4.6164
4.3413
4.1555
4.3844
4.1517
3.8534
3.7587
3.6389
3.3327
3.5033
3.1030
3.2770
3.3022
2.8842
2.7544
2.8621
2.5939
2.3305
2.5541
2.0348
2.7028
1.9588
3.0317
2.0995
2.5727
2.3531
2.8489
3.0564
2.8636
3.6968
3.4607
3.5367
3.9014
3.5051
2.9933
3.1468
2.7358
3.5119
3.0805
2.5815
2.7987
2.7055
2.8605
2.6979
2.8811
3.3155
3.4363
3.5100
3.4414
3.5356
3.4930
3.2079
3.8276
4.2592
3.6736
3.7698
3.5901
3.8217
3.5420
3.8066
3.9164
3.5555
3.3367
3.0807
2.9031
2.8753
3.0676
2.5115
2.7750
2.4452
2.7981
2.5776
3.0288
2.6198
2.1248
3.1052
1.9572
2.6309
2.5086
2.5524
3.0483
2.3828
3.0677
2.9663
3.0615
3.1141
3.9197
3.5826
3.3458
3.5370
2.7980
2.7547
2.3375
2.0110
2.0661
1.8183
1.6776
0.8813
0.6770
-0.3707
-0.8087
-1.0009
-1.4119
-1.9225
-2.3655
-2.7107
-2.7683
-2.8963
-3.2544
-3.3340
-3.1380
-3.1207
-3.2328
-3.2713
-3.5918
-3.6758
-3.4855
-3.8946
-3.6422
-3.5367
-3.2011
-3.2198
-2.8835
-2.6559
-2.7958
-2.9978
-2.5531
-2.7502
-2.6643
-2.9493
-2.6196
-2.8040
-2.8751
-2.5088
-2.8915
-2.8566
-2.5527
-3.0237
-2.9078
-3.0291
-3.1620
-3.1177
-2.7193
-2.2110
-2.9125
-3.2563
-3.3669
-3.0503
-3.1750
-2.7714
-2.9499
-2.9057
-2.6915
-3.2645
-3.1873
-3.2163
-2.9415
-2.4002
-3.0538
-3.2774
-2.6217
-3.0456
-2.5727
-3.4134
-2.8871
-3.4903
-3.0403
-3.4846
-3.8805
-4.0720
-3.8441
-4.3034
-4.2560
-4.3119
-4.6202
-4.8820
-4.8251
-4.7293
-5.1113
-4.9852
-4.9279
-4.7731
-4.5489
-4.6269
-4.7777
-4.8825
-4.8148
-4.2304
-4.3616
-4.0938
-4.2035
-3.7544
-4.0672
-3.5448
-3.5454
-3.6359
-3.5352
-3.4947
-3.2883
-3.4021
-3.3349
-3.2378
-3.0726
-3.2685
-3.3621
-3.2891
-3.7980
-4.1948
-4.3957
-4.9657
-5.0259
-5.3037
-5.7039
-5.8016
-6.1448
-6.3022
-6.3961
-6.1771
-6.3858
-6.2629
-6.2161
-5.8890
-5.9789
-5.6624
-5.4930
-5.3961
-5.5101
-5.2503
-5.1665
-5.1301
-5.0803
-4.7413
-4.2017
-4.2260
-4.0490
-3.9460
-3.3199
-3.5379
-3.1615
-2.6139
-3.0010
-2.4792
-2.6318
-2.2170
-1.1840
-1.2802
-0.6976
-0.4562
-0.3391
1.6210
1.8079
1.2218
1.0106
0.7899
1.0618
1.1517
0.9118
1.2814
0.7290
1.1145
0.9064
1.1792
0.5380
0.5344
0.6771
0.6832
0.5003
0.9075
0.1558
0.6947
0.4313
0.7623
0.5728
0.4587
0.5500
0.6108
0.8282
0.7440
0.6388
0.6114
0.2803
0.4542
0.3352
0.4934
0.1422
0.1485
-0.0311
-0.0049
-0.1167
0.2054
0.4375
0.5836
0.6267
0.6238
0.8829
0.9634
1.0026
1.5619
1.1991
1.2418
1.4577
1.7283
2.2555
2.4444
2.6286
2.4742
2.4976
2.7886
2.7948
2.6623
3.3348
3.4777
3.6741
4.1861
3.6080
4.2995
3.5047
4.1051
4.5428
4.6063
4.2755
4.3785
4.1805
4.2696
4.1565
4.4045
4.1790
4.6588
4.1298
4.2676
4.2759
4.2835
4.2192
4.0478
4.3126
4.2726
5.1966
4.5567
4.6488
4.6248
4.5966
4.7336
4.7997
5.2906
5.7740
5.5555
5.3042
5.4002
5.4575
5.6128
5.6366
5.6805
5.8914
5.8335
5.7870
6.0995
5.8697
6.2379
6.3457
6.5681
6.8506
7.0225
7.0598
7.4687
7.4836
8.5092
8.1939
8.8370
9.2623
9.5986
9.3202
9.7160
10.2256
10.2247
10.8455
10.7046
11.0301
11.0628
11.0060
11.2723
10.9472
10.9695
10.7090
10.6259
10.6561
10.7372
10.6078
10.7418
10.5541
10.6606
10.4981
10.3881
10.4353
10.8567
10.9736
10.7730
11.3831
11.1644
11.6373
11.5699
11.3439
10.8134
10.6179
10.5030
10.2416
10.2741
9.5276
9.6948
8.9347
9.6092
8.4572
9.0840
8.5540
8.6343
8.3463
7.7306
7.7231
7.3607
7.9487
7.6034
7.9813
7.5163
6.9101
6.3155
6.4368
6.0839
5.9754
5.5279
5.3272
4.9952
4.8721
4.5945
3.9535
3.5073
3.5355
3.1083
3.5466
2.6315
2.8448
2.0891
2.2079
2.1697
1.9228
2.5497
2.2616
2.2368
1.4244
1.3759
0.5277
0.7296
0.6854
0.3911
-0.2568
-0.0567
0.3347
-0.4340
-0.5033
-0.8151
-0.6636
-1.0801
-1.4389
-1.7960
-1.7959
-1.7499
-1.5499
-2.2675
-1.9018
-2.3735
-2.2831
-2.6746
-3.1150
-1.9736
-3.2280
-2.8962
-3.2642
-3.1834
-3.4679
-3.0680
-3.3308
-2.8837
-2.2308
-2.3149
-1.6369
-2.1837
-2.2289
-2.2890
-1.8096
-2.3612
-2.5196
-2.7642
-3.0413
-3.3823
-3.3751
-3.9489
-4.1666
-4.6633
-4.5682
-5.0914
-4.8274
-5.3267
-5.6890
-6.1477
-6.2307
-6.2611
-6.5854
-6.8045
-6.8173
-6.9812
-6.9391
-7.5737
-7.6975
-7.7096
-7.5717
-7.5169
-7.2104
-7.8048
-7.1051
-7.3544
-6.2410
-6.5762
-6.3882
-6.1717
-6.7038
-6.5519
-6.7113
-6.6761
-6.8123
-7.5031
-7.5443
-7.8466
-7.8334
-7.6650
-8.0729
-8.8621
-8.3342
-8.8728
-8.4217
-8.3146
-8.6563
-8.9075
-8.6237
-8.7763
-9.0522
-8.6341
-8.8174
-8.6688
-8.8681
-9.0851
-9.0250
-8.7383
-8.8846
-9.0211
-8.8095
-9.2726
-8.9619
-9.0616
-8.8007
-8.8041
-9.3552
-9.2206
-9.2078
-9.3161
-9.6343
-9.8656
-10.0259
-9.8909
-9.8360
-9.8927
-9.4617
-9.9182
-9.5188
-9.6278
-8.9811
-9.3371
-9.2266
-9.4083
-9.2001
-9.4634
-9.0945
-9.4279
-9.3502
-9.6253
-9.2289
-9.8566
-9.6834
-10.0934
-9.9206
-10.0860
-9.9604
-9.8698
-10.1213
-9.7767
-9.4507
-9.7820
-9.2113
-9.1893
-9.1528
-8.7448
-8.9412
-8.7066
-8.4584
-8.6679
-8.3869
-7.7398
-8.0041
-7.4116
-7.6949
-7.0209
-6.8462
-6.5642
-6.3718
-6.2167
-5.9139
-5.6432
-5.4028
-5.1037
-5.2211
-4.9278
-5.1153
-5.2537
-5.3694
-4.8484
-4.8742
-4.3780
-4.4376
-4.1996
-3.9067
-4.1868
-3.9839
-3.6907
-3.4905
-3.5030
-3.4137
-3.4062
-3.1903
-2.7378
-2.9516
-2.2816
-2.2209
-1.9900
-1.8428
-1.6863
-1.5953
-1.4469
-1.5577
-1.6835
-1.6964
-1.1251
-1.4722
-1.4692
-1.7478
-1.9240
-1.9697
-1.6123
-1.8435
-1.8425
-2.0296
-2.1739
-2.2046
-2.2854
-2.1290
-2.4297
-1.9241
-2.4112
-2.1763
-2.2914
-2.5414
-2.5007
-2.5844
-2.5916
-2.6500
-2.7643
-2.6710
-3.1054
-2.7616
-3.0522
-3.1046
-2.6525
-3.0055
-2.8762
-2.9638
-2.9648
-3.2949
-3.1516
-3.3010
-3.1107
-3.4551
-3.4015
-3.3665
-3.1903
-3.3911
-3.2689
-3.4375
-3.2728
-3.4906
-3.5672
-3.6740
-3.5015
-3.7200
-3.7303
-3.6781
-3.7889
-4.1329
-4.1252
-4.1593
-4.1602
-3.9488
-4.0965
-4.1073
-4.0009
-3.9058
-4.0544
-4.0324
-3.8179
-3.9546
-3.7293
-3.5303
-3.6169
-3.4894
-3.2934
-3.4926
-3.1115
-3.0365
-2.8766
-2.6671
-2.4914
-2.3561
-2.4884
-2.3260
-2.3003
-1.8036
-1.8302
-1.5524
-1.7863
-1.5490
-1.4958
-1.2871
-1.1904
-0.8646
-0.7534
-0.4784
-0.7760
-0.6903
-0.8914
-0.7979
-0.5396
-0.5651
-0.2675
-0.3250
-0.0269
-0.0562
-0.1770
-0.2266
-0.3563
-0.0559
-0.0378
-0.0764
-0.1180
0.3079
-0.0269
0.3747
-0.1305
0.2807
0.0665
0.2992
-0.0426
0.2022
0.4000
0.2729
0.9809
0.5838
0.7775
0.7985
0.9796
0.7942
1.0483
0.8901
0.8919
1.0832
1.1999
2.3715
1.8882
2.6749
2.5850
3.0105
3.2105
3.8042
3.5631
4.6067
4.4765
4.9927
6.4175
5.9839
6.1446
6.8608
7.3373
7.2226
7.5982
7.0860
7.3581
8.0154
7.3745
7.3797
7.7965
8.0048
7.8521
8.0886
7.8848
8.3977
8.3753
8.7598
9.0523
9.5911
10.5809
10.8537
11.5588
11.8786
11.2543
12.6330
12.1814
12.5920
12.3293
12.6372
13.0979
12.3821
12.4359
12.1300
12.2766
11.6715
11.4000
10.7814
10.7844
10.3172
9.7323
9.7314
9.2849
9.1135
9.0179
8.5448
8.2227
8.1076
7.2247
6.8269
6.9608
6.5825
6.0841
5.8214
5.5965
5.3044
5.6540
5.7568
5.7670
5.9893
4.9133
4.9988
4.8726
4.3254
3.9240
3.8877
3.6292
3.1807
2.6999
2.9183
2.8699
2.3242
1.9418
1.7298
1.1180
0.9573
0.8860
1.2274
0.6274
0.4993
0.1179
0.2698
0.0477
0.1450
-0.0272
-0.1152
0.1851
0.1735
0.7622
0.6508
1.4048
0.8428
1.1823
1.2150
0.7744
0.5432
0.3733
0.0735
-0.3984
-0.2878
-0.4843
-0.1577
-0.3194
-0.1708
-0.5084
-0.7126
-1.1773
-1.0903
-1.6969
-1.6982
-1.8578
-2.0795
-2.2054
-1.7832
-2.0988
-3.3671
-2.7499
-3.2221
-3.5904
-3.1765
-3.1737
-3.2203
-2.7323
-2.8024
-2.9179
-3.9233
-3.2276
-3.1865
-4.3335
-3.9700
-3.2684
-3.5415
-3.4453
-3.5826
-3.7807
-3.8855
-4.0944
-3.8702
-3.7757
-4.2688
-4.2938
-4.3402
-3.2073
-3.7178
-3.4187
-4.0145
-3.8936
-3.8922
-4.2276
-3.7032
-3.5376
-4.2183
-4.3633
-4.2865
-4.7647
-4.4781
-5.1140
-5.4697
-5.5742
-6.1400
-6.2156
-5.5051
-6.4084
-6.6767
-6.2680
-6.7292
-6.9169
-6.8871
-7.1804
-7.0529
-6.7247
-7.2034
-7.0202
-6.7871
-6.4413
-7.0074
-7.0244
-7.5763
-7.4050
-7.5534
-8.0490
-8.5228
-8.2492
-8.5503
-8.7454
-8.6894
-8.8773
-8.8019
-9.0528
-9.5667
-9.6807
-9.9207
-9.7898
-9.9754
-10.3223
-10.4596
-10.2128
-10.4116
-10.7083
-10.6047
-10.4833
-10.7428
-10.4682
-10.4598
-10.5974
-10.6163
-10.1491
-10.2562
-10.2070
-9.6771
-9.6347
-8.8447
-9.8707
-9.5068
-9.3644
-8.8894
-8.7459
-8.8123
-8.6996
-8.3491
-8.3327
-7.9064
-7.0589
-7.7107
-7.6752
-7.6486
-7.6576
-7.4466
-7.3591
-7.2847
-7.1023
-7.2828
-7.1488
-7.1837
-6.6347
-7.0273
-6.6116
-6.8832
-6.5552
-6.5820
-6.4373
-6.4541
-6.5535
-6.2963
-6.4179
-6.1193
-6.2405
-6.0351
-5.8329
-5.8717
-5.7768
-5.6313
-5.2733
-5.2695
-5.1907
-4.8629
-5.2564
-5.0068
-5.1646
-5.0622
-5.1695
-5.0085
-4.8813
-4.4766
-4.5976
-4.3012
-4.4636
-4.4826
-4.4107
-4.3387
-4.0060
-4.4992
-4.3410
-4.3800
-4.1046
-4.3558
-4.2229
-4.2450
-4.1252
-3.9193
-4.0810
-3.8805
-4.0980
-4.1036
-3.6090
-3.7437
-3.3594
-3.6148
-3.5681
-3.3563
-3.2600
-2.8531
-2.8636
-2.9166
-2.7731
-2.6353
-2.4554
-2.3645
-2.1034
-2.0031
-1.7283
-1.4263
-1.3369
-0.9140
-0.8007
-0.5846
-0.2736
-0.0902
0.6062
0.5857
1.0805
1.4868
1.7063
2.1753
2.5057
2.9407
3.1986
3.6021
4.1359
4.3821
4.7717
5.0758
5.3613
5.5477
6.0008
6.0916
6.4495
6.5752
6.5249
7.1164
7.1299
6.7311
6.8091
6.7073
6.7765
6.4525
6.3902
6.0200
5.9228
5.6323
5.5215
5.1128
4.9143
4.7448
4.4298
4.1008
3.9977
3.8627
3.4756
3.3718
3.2541
3.3751
2.8417
2.3666
2.1908
1.3108
0.8043
0.5483
0.1194
-0.2010
-0.6688
-0.8832
-1.3734
-1.6534
-1.6189
-1.8987
-2.0409
-2.0153
-1.8148
-1.7575
-1.5757
-1.4948
-1.2642
-1.2853
-1.0815
-1.0207
-0.7566
-0.7287
-0.9783
-0.7733
-0.8425
-1.0363
-1.2311
-1.6257
-1.1394
-1.5272
-1.0473
-1.1736
-1.2867
-0.9237
-0.2414
-0.8608
-0.5056
-0.0749
-0.0116
-0.2376
-0.0020
0.4921
0.7710
0.9137
0.6734
1.0481
1.2469
1.3044
0.8140
1.0047
0.5195
0.8943
0.6129
0.3168
0.2328
0.2772
0.3099
0.0509
0.7909
0.2816
0.5985
0.8318
0.7938
1.8644
1.8831
2.0365
3.0302
2.1023
2.7539
2.8659
3.5825
2.9927
3.8443
2.9107
3.8144
3.5382
4.0755
4.7520
4.1998
3.8675
4.9415
5.2338
3.7903
4.8636
4.4707
4.9071
5.1269
5.0581
5.0726
5.2241
5.5772
5.7918
4.9101
6.4288
4.6161
4.5379
4.6064
4.6353
4.0470
4.3744
4.4245
3.2857
2.7158
2.3305
2.4076
2.1322
2.3961
2.6791
1.7457
2.5163
1.8303
1.6022
1.8360
0.9624
0.6155
0.0902
0.3112
-0.2004
-1.6085
-1.6474
-1.7415
-2.4688
-2.5450
-3.0613
-3.6302
-4.0114
-3.8101
-4.1618
-3.8907
-4.1547
-4.3031
-4.3354
-4.2967
-4.3003
-4.2506
-4.4700
-4.3047
-4.3863
-3.8972
-4.1558
-3.9717
-3.6031
-3.4372
-2.8407
-2.5588
-1.7793
-1.3709
-1.2377
-0.6523
-0.7443
-0.5367
0.0431
0.0337
0.2972
0.5610
0.4179
0.7610
0.2421
0.0599
0.2844
-0.0300
0.3575
-0.5241
-0.2199
-0.6490
-1.0013
-1.3404
-1.2551
-1.2806
-1.3916
-1.5690
-1.7523
-1.8573
-2.0528
-1.5021
-2.0039
-2.2422
-1.8680
-2.1584
-1.4962
-2.3626
-2.0663
-2.3278
-2.6153
-2.9698
-3.2431
-3.4382
-3.4017
-3.4478
-3.6343
-3.4380
-4.0673
-4.2269
-4.5605
-4.4609
-4.6848
-4.6468
-5.0239
-4.6932
-4.9990
-4.4719
-4.7092
-3.8667
-4.3948
-4.4445
-4.1107
-4.1449
-4.0162
-3.7469
-3.8776
-3.7513
-3.2359
-3.3747
-3.2128
-3.3332
-3.3402
-3.4036
-3.2636
-3.4587
-3.6031
-3.6169
-3.8043
-3.8235
-3.9050
-3.8245
-3.9697
-3.6630
-3.9954
-3.9462
-3.9525
-3.9551
-3.8460
-3.7966
-3.6943
-3.4890
-3.5718
-3.7016
-3.6650
-3.8747
-3.7637
-3.6995
-3.9179
-3.5871
-4.2154
-3.6176
-4.2507
-4.0025
-4.2560
-4.5874
-4.7007
-4.8551
-5.3224
-5.3778
-5.5466
-5.5337
-5.6048
-5.6068
-5.4498
-5.4971
-5.3743
-5.4529
-5.1716
-5.1223
-5.2322
-5.1404
-5.0664
-4.9653
-4.9612
-4.9276
-5.0195
-5.0696
-5.1131
-5.0627
-5.0337
-5.0186
-5.0209
-5.0738
-4.8414
-5.0857
-5.0021
-4.9408
-4.7812
-4.6575
-4.5392
-4.1151
-4.2661
-4.0578
-4.0061
-3.8424
-3.7116
-3.6263
-3.5618
-3.4807
-3.5093
-3.4794
-3.5702
-3.4859
-3.3685
-3.5377
-3.6199
-3.5988
-3.5325
-3.4785
-3.1882
-3.3152
-3.1280
-2.9092
-2.9743
-3.0410
-2.7806
-2.9592
-2.8991
-2.8407
-2.7890
-2.7259
-2.4224
-2.6222
-2.1975
-2.2206
-2.2343
-2.1857
-2.3356
-2.0056
-2.2558
-1.8863
-2.1452
-1.8131
-1.9494
-1.6142
-1.9250
-1.3031
-1.4826
-1.1781
-1.3651
-1.2075
-0.9161
-0.4942
-0.6962
-0.6601
-0.3864
-0.6571
-0.6237
-0.2946
-0.1674
0.0690
0.1071
0.6279
0.3118
0.0198
0.1695
0.3952
0.8776
0.5417
0.8332
0.8056
0.7120
0.8404
0.8892
1.3520
1.5136
1.5820
1.3769
1.6812
2.2447
2.4616
3.1938
3.8015
3.8949
4.3666
3.5427
4.8206
4.9961
4.0352
3.7512
4.1212
4.1235
3.3928
3.1107
2.8279
2.5462
1.9506
1.3334
1.1732
1.4180
1.4026
1.5986
1.0797
0.8442
0.5253
0.4568
0.5555
0.4801
0.5956
0.7045
1.2436
1.3453
1.1984
1.1460
1.2172
1.1443
1.1598
1.5612
1.8091
2.0238
2.8925
2.5316
2.9764
3.1900
4.1239
3.7803
4.5546
4.0082
4.4584
4.1919
4.5632
4.2376
4.2814
4.2808
4.2222
3.9712
4.0082
3.9381
3.5334
3.3566
3.2259
2.9500
2.7511
2.8122
2.8787
2.2252
1.8792
1.3243
0.9725
0.9183
0.3511
-0.0595
0.1688
-0.2443
-0.1857
0.0974
-0.2156
-0.1927
-0.4465
-0.1845
-0.5947
-0.5551
-0.9076
-1.0317
-0.8863
-1.0470
-1.1237
-1.4213
-1.3451
-1.2927
-1.6427
-1.8543
-2.1758
-2.2879
-2.4418
-2.1940
-2.7566
-2.6827
-2.9664
-2.9862
-3.0358
-2.8794
-3.1567
-3.0466
-3.3131
-3.0267
-3.4147
-3.6968
-3.8245
-3.7102
-3.6083
-3.5792
-2.8347
-3.2653
-2.8201
-2.5019
-1.8477
-1.8341
-1.8007
-1.4952
-1.4393
-0.7612
-0.8670
-0.6199
-0.0649
-0.7385
-0.6024
-0.8056
-0.7236
-1.1792
-1.2614
-1.3104
-1.5494
-0.4890
-1.6704
-1.2038
-2.2171
-2.2778
-2.5365
-3.5096
-3.6467
-3.5188
-3.6666
-4.3304
-3.8412
-4.7147
-3.8488
-4.3026
-4.2647
-4.5881
-4.0171
-4.4252
-4.3041
-4.8621
-4.5040
-4.5073
-4.2578
-4.2102
-4.2537
-3.8937
-4.2544
-4.2841
-4.5819
-4.1066
-4.3499
-3.8027
-4.0179
-3.9343
-3.7992
-3.5138
-3.6595
-4.2872
-4.3886
-4.0536
-4.7291
-4.7495
-4.6191
-4.5542
-4.1056
-4.3925
-4.1257
-4.2032
-4.3479
-4.2706
-4.4063
-3.9957
-4.5032
-3.9153
-3.8992
-4.1812
-4.3532
-4.1307
-4.4084
-4.2432
-4.1889
-4.4487
-4.7395
-4.7750
-5.1891
-5.0533
-4.9350
-5.2473
-4.9710
-5.3075
-5.0901
-5.2146
-5.2741
-5.1386
-4.9383
-4.7367
-4.8232
-4.3845
-4.4481
-4.9489
-5.2590
-5.2514
-4.8899
-5.0990
-5.0491
-5.3038
-4.9780
-4.9384
-4.8180
-4.7152
-4.8428
-4.7961
-4.8362
-4.8164
-5.1381
-4.8316
-5.0990
-4.8313
-4.9195
-4.7569
-4.5603
-5.1316
-4.9408
-4.5077
-5.1436
-4.7163
-4.6143
-4.0148
-4.1486
-3.9398
-3.8836
-3.7611
-3.7966
-3.3265
-3.5806
-3.3346
-3.2753
-2.9782
-2.8711
-2.5947
-2.9321
-3.2194
-3.5323
-3.7550
-3.6736
-4.2248
-3.9274
-4.4157
-4.1467
-4.4588
-4.1455
-4.3912
-4.3107
-4.2836
-4.6088
-4.4978
-4.7679
-4.4793
-4.4126
-4.1443
-4.9587
-4.4409
-4.7151
-4.6442
-4.9143
-4.6377
-4.3667
-4.5929
-4.8516
-4.5585
-4.6805
-4.7493
-4.5669
-4.3141
-4.2382
-3.7764
-4.0790
-3.9846
-3.5399
-4.2373
-3.6958
-4.0185
-3.8579
-3.9383
-3.8348
-3.7996
-3.4297
-3.1333
-2.7566
-2.8258
-2.7702
-2.7765
-2.6907
-2.8108
-2.8229
-2.8742
-2.8094
-2.9897
-2.5449
-3.1457
-2.5670
-2.9996
-2.1582
-2.8329
-2.0885
-2.0933
-2.5562
-2.1465
-1.8409
-1.9870
-1.5498
-1.3696
-1.2704
-1.2263
-0.8102
-0.7020
-0.4729
-0.1238
-0.0578
0.4195
0.1048
0.3265
0.3552
0.5714
0.7300
0.8349
0.9052
1.0674
0.7819
0.6896
0.6324
0.4592
0.3734
0.0452
-0.1260
-0.3763
-0.5070
-0.6094
-0.7116
-0.8015
-0.8290
-0.9494
-0.9821
-0.8576
-1.0052
-1.0037
-0.8119
-1.1446
-1.2408
-1.4353
-1.6024
-1.6498
-2.0324
-2.2249
-2.3670
-2.4879
-2.4818
-2.5683
-2.3448
-2.6030
-2.5535
-2.4744
-2.3426
-2.3003
-2.0540
-2.2078
-2.1782
-2.0079
-1.8728
-1.5465
-1.6404
-1.6602
-1.5998
-1.7151
-1.4973
-1.2486
-1.6557
-1.3263
-1.2280
-1.5284
-1.4323
-1.0055
-0.9562
-0.6491
-0.2998
0.0303
0.4886
0.9953
1.2564
1.5928
1.9277
2.7153
2.6777
3.1121
3.1805
3.4647
3.6576
3.8588
4.0912
4.5628
4.5986
5.0298
4.9610
4.8220
5.1946
5.4010
5.5943
6.1671
6.6249
7.1055
7.6340
8.1700
8.0805
8.4521
8.1962
8.8723
9.0106
8.4070
7.8697
7.4827
7.3570
7.2672
6.4711
5.9601
5.6239
5.7973
5.3837
5.2743
4.8999
5.2029
5.3009
5.1856
4.5576
4.9783
4.7349
4.2982
3.9593
3.9037
3.6560
3.6381
3.1019
2.9973
2.8397
2.2455
2.1583
2.0596
2.3515
2.1623
1.7060
1.3771
0.9040
1.6013
1.2418
1.0794
1.7635
0.8340
1.1665
0.5075
0.9287
1.0907
1.8423
0.9671
2.0739
1.3821
1.4976
1.8856
1.6423
0.9651
1.0507
1.0664
1.8529
0.4858
0.0978
-0.2735
0.1617
-0.4101
0.6101
-0.1388
-0.2867
-0.1561
-0.0027
0.1468
-0.3570
-0.1359
0.3468
0.5982
0.3314
0.8977
1.4657
1.0605
1.3277
1.2761
1.0003
0.8780
0.2853
-0.5082
-0.9675
-0.9436
-1.9076
-2.3624
-2.8310
-3.1890
-3.8506
-3.4952
-3.9900
-4.2061
-4.7785
-4.7545
-5.1948
-5.2645
-5.5888
-5.8516
-5.8900
-6.2720
-6.4816
-6.4308
-6.3981
-6.4945
-6.5009
-6.7640
-6.9855
-6.9117
-6.6581
-6.7013
-7.1759
-7.2059
-7.1669
-7.6321
-7.7713
-7.6277
-7.4481
-7.4179
-7.3095
-7.1203
-6.6417
-7.0047
-7.0284
-6.9512
-6.9147
-6.9840
-7.1655
-7.1044
-7.3001
-7.4633
-7.4308
-7.8381
-7.1119
-7.5300
-7.7555
-7.6594
-7.5660
-7.4121
-7.3934
-7.6624
-7.4765
-7.4824
-7.3312
-7.0494
-7.0209
-7.2375
-7.1261
-7.2551
-6.9432
-6.9400
-6.6157
-6.5374
-6.3503
-6.5080
-6.4679
-5.6101
-5.6649
-5.5202
-4.5553
-4.6856
-3.9884
-4.9435
-4.9306
-4.6945
-4.7403
-4.3993
-4.4119
-4.5124
-4.3707
-4.3096
-4.4191
-3.9974
-4.3341
-4.2821
-4.1472
-4.1166
-3.8300
-3.5069
-3.6804
-3.1773
-3.3394
-2.4791
-3.0138
-2.6642
-2.8537
-2.4935
-2.1402
-2.1492
-2.1446
-2.1477
-1.9647
-1.7410
-1.5649
-1.4007
-0.9900
-1.2511
-1.1368
-1.2501
-1.2211
-1.2230
-1.3132
-1.4320
-1.4888
-1.6706
-1.4971
-1.9063
-1.9211
-2.0126
-1.9514
-1.9065
-1.7243
-1.5991
-1.2203
-1.2681
-1.1978
-1.0860
-1.0093
-0.9959
-0.9226
-0.9660
-0.9325
-0.6913
-0.6536
-0.8165
-0.7342
-0.6763
-0.5760
-0.4805
-0.3918
-0.2188
-0.1662
-0.1772
-0.0814
-0.4397
-0.4680
-0.5307
-0.4282
-0.5046
-0.4881
-0.4013
-0.6843
-0.7018
-0.4938
-0.7534
-0.5510
-0.9276
-0.7383
-1.2298
-1.5986
-1.5259
-2.1222
-2.3513
-2.5798
-2.7622
-2.9055
-2.9961
-3.0766
-3.1182
-2.9252
-3.2111
-3.1978
-3.2845
-3.2572
-3.2721
-3.2480
-3.2140
-3.1678
-2.8330
-3.0452
-2.9676
-3.0142
-2.9636
-2.9288
-2.8751
-2.8715
-2.7679
-2.7959
-2.7403
-2.7607
-2.7466
-2.4737
-2.5681
-2.4564
-2.2698
-2.1896
-2.0311
-1.9549
-1.8106
-1.7607
-1.7107
-1.5630
-1.8126
-1.8888
-1.9584
-2.0145
-2.1073
-2.0983
-2.1612
-2.2089
-2.2756
-2.3696
-2.3691
-2.4254
-2.4402
-2.4776
-2.4521
-2.4779
-2.2794
-2.5368
-2.5879
-2.6642
-2.7703
-2.8875
-2.7988
-3.0953
-2.5873
-2.3615
-2.5571
-2.3902
-2.0336
-1.9418
-1.3979
-1.3269
-1.1435
-0.9430
-0.3484
-0.4067
-0.1948
-0.2224
-0.5988
-0.3956
-0.5799
-0.2892
-0.2047
0.2129
0.4898
0.6248
1.5460
1.2871
2.4474
2.0093
2.3206
2.5074
2.3230
2.1420
1.7270
2.2481
2.4626
2.7564
3.1058
2.6839
3.1819
3.5320
3.6411
2.9080
3.0735
2.9329
3.1400
3.0136
3.0778
2.6391
3.4558
2.6759
2.6444
3.3250
1.9434
2.4729
2.1173
2.0547
1.9879
1.9746
1.5769
1.9032
1.2633
0.9779
0.2085
0.1291
-0.3013
-0.1528
-0.1585
-0.3756
-0.3612
-0.7088
-0.8207
-0.2981
-0.7319
-0.5654
-0.6367
-0.6246
-0.6056
-0.0952
-0.2585
-0.1206
0.2862
-0.2308
0.0291
-0.3269
-0.2499
-0.0111
0.0732
-0.1046
-0.0001
-0.0112
0.0697
0.2540
0.0106
-0.2539
-0.4146
-0.4442
-0.4831
-0.3851
-0.7969
-0.5054
-0.3390
-0.2690
-0.4076
-0.6925
-0.4964
-0.2337
-0.1894
-0.3719
-0.5180
-0.6520
-0.4340
-0.7537
-0.6128
-0.7207
-0.7980
-0.9800
-1.1632
-1.3143
-1.7235
-2.0627
-2.0910
-2.8473
-3.0953
-3.0960
-3.4607
-3.1956
-3.8624
-4.2632
-4.0861
-4.5049
-4.3949
-4.1372
-3.7869
-3.5981
-3.6588
-3.6530
-3.6499
-3.3165
-3.5208
-3.2271
-2.7133
-2.8799
-2.7290
-2.9410
-2.8043
-2.4785
-2.3700
-2.1288
-2.1982
-1.7235
-2.3160
-1.9969
-2.2184
-2.4346
-2.0916
-2.6214
-2.7246
-2.8971
-3.1097
-3.3135
-3.6896
-3.8205
-4.2999
-4.5133
-4.7274
-4.9094
-4.9607
-5.0391
-5.0782
-5.2020
-5.2702
-5.1184
-4.9992
-5.2899
-5.2407
-5.3494
-5.2383
-5.0211
-5.1077
-5.0156
-4.9554
-4.5287
-4.7253
-4.5765
-4.5179
-4.4014
-4.2397
-4.0704
-4.0095
-3.7420
-3.7703
-3.9174
-3.8475
-3.5690
-3.6066
-3.3799
-3.3593
-3.3940
-3.1911
-3.2692
-3.2631
-3.3882
-3.4604
-3.3062
-3.5135
-3.5567
-3.5246
-3.4022
-3.3778
-3.5572
-3.5636
-3.2386
-3.4814
-3.3654
-3.2927
-3.3701
-3.3330
-3.4450
-3.3423
-3.1927
-3.0805
-2.8107
-2.9562
-2.9570
-2.9414
-2.8161
-3.0223
-2.8971
-3.0050
-3.0442
-2.9149
-2.9159
-2.8314
-2.8907
-2.8894
-2.7134
-2.9022
-2.8666
-2.9679
-2.8189
-3.1874
-3.0774
-3.2281
-2.8077
-3.0874
-2.8321
-2.9115
-2.9267
-2.7938
-2.8380
-2.7678
-2.6912
-2.6080
-2.6913
-2.4014
-2.9108
-2.7093
-2.8630
-2.5772
-2.4396
-2.6971
-2.6024
-2.8423
-2.6447
-2.8171
-2.7030
-2.5019
-2.8565
-2.8397
-2.9212
-2.6061
-2.5482
-2.7251
-3.1635
-2.8406
-3.1581
-2.6471
-3.1933
-3.0741
-2.9439
-3.1459
-3.0137
-3.1388
-3.2035
-3.3730
-3.2138
-3.3748
-2.5875
-3.4594
-3.5614
-3.1305
-3.4635
-3.4352
-3.4291
-3.4967
-3.2889
-3.3099
-3.3664
-3.3951
-3.2641
-3.0498
-3.2051
-3.1768
-3.2259
-3.2533
-3.2042
-3.1415
-2.4806
-2.5187
-2.2821
-1.7470
-1.9713
-1.6098
-1.0035
-0.9555
-1.0015
-0.7056
-1.2312
-0.9923
-0.6861
-0.6160
-0.1441
0.1854
0.9918
1.1840
1.7198
2.4901
2.9888
3.4721
2.9731
4.5263
4.4451
4.7279
4.6838
4.4437
3.7609
3.4458
2.9012
2.7932
2.7579
2.4433
2.1628
2.8391
2.1549
2.1826
2.4643
2.4813
2.3974
2.0121
2.0575
1.7455
2.3708
2.0393
1.9085
2.6904
2.5103
2.7517
3.1801
2.6983
3.1152
3.6734
3.7326
3.7971
4.6358
4.9456
4.7229
5.0029
5.2061
6.6292
6.5678
7.0491
7.2198
7.6231
8.2568
8.3387
9.5565
10.2906
11.0774
10.5212
9.9869
10.6613
10.3287
10.0552
10.9679
9.5734
9.1041
8.8968
8.2144
8.4822
8.7026
9.0633
8.2869
8.3699
8.8065
9.2193
9.0720
8.8394
10.1859
10.7382
11.5041
12.1322
12.9035
14.1389
13.5524
14.1412
13.8607
13.6045
14.2939
14.5078
15.0217
15.6557
15.7348
14.8463
15.8533
15.3608
15.6896
16.3265
15.1835
15.5169
15.5104
15.8667
15.6418
15.0927
14.4190
13.8724
13.0391
12.0571
11.7454
10.5992
9.6901
8.8286
8.3075
7.7590
7.3574
7.0333
6.6832
5.6450
5.5084
4.6760
4.5335
3.7482
3.2488
2.9692
1.8878
1.9637
0.7388
0.5838
-0.2365
-0.3830
-1.0430
-1.5381
-1.5160
-1.6162
-2.0606
-2.4438
-2.6559
-2.7669
-2.8650
-2.9573
-2.4147
-3.6671
-3.7485
-3.6522
-3.9679
-4.2158
-4.2091
-4.3979
-3.9516
-4.3797
-4.3983
-4.1080
-4.3560
-3.9553
-4.3210
-3.8643
-4.0047
-3.6799
-3.9184
-2.9226
-4.1037
-3.9330
-4.0548
-3.6857
-4.3000
-4.2224
-4.0026
-4.3459
-4.2304
-4.6970
-4.2883
-4.8307
-4.5021
-4.8748
-4.9928
-4.4929
-4.6657
-4.5561
-4.4383
-4.2911
-4.1814
-4.1143
-3.9841
-4.2788
-4.0656
-4.3113
-4.4461
-3.9550
-4.5867
-4.6554
-4.7826
-4.9006
-5.0095
-5.0261
-5.1474
-4.7365
-5.0534
-4.9459
-5.0249
-4.4887
-4.1075
-3.4567
-3.5534
-2.6153
-2.3329
-2.0287
-1.4759
-1.2879
-0.9992
-1.4213
-1.0853
-0.9663
-0.9472
-1.1739
-1.3976
-1.1922
-1.8485
-2.0460
-2.5223
-2.8444
-3.1621
-3.2151
-3.4880
-3.6268
-3.6245
-3.6569
-3.5027
-3.2627
-2.8061
-2.4637
-1.8929
-1.4812
-0.7474
0.4637
0.5899
1.0320
1.6343
1.8080
3.0326
3.1910
4.8567
5.7739
5.8201
5.6843
6.7906
7.1632
7.1975
7.9889
9.0197
8.7191
9.4211
9.3572
9.8850
10.3204
10.0215
11.1126
10.7505
11.0890
11.1841
10.5407
10.5328
10.4156
9.9738
9.8786
9.3733
9.0336
8.5283
8.2352
8.0441
7.9316
8.0869
7.6856
8.1228
7.7236
7.2174
7.7946
6.8973
6.4882
6.2269
4.8937
5.3877
4.1764
4.0066
4.0026
4.0812
3.3031
3.2506
2.8554
2.3089
2.2832
2.2976
2.7833
2.4096
2.8903
2.4042
2.0765
1.8051
2.5071
1.9116
2.7941
2.3148
2.5989
2.8089
2.3069
2.7531
2.7627
2.5787
2.6138
2.2242
1.8209
1.9419
1.7524
1.9642
2.0660
1.6765
2.2463
1.6110
1.7437
1.5316
1.8080
1.4794
1.7615
2.0457
1.7582
1.5988
1.2839
1.6148
1.2785
1.3841
1.5840
1.2645
1.6976
1.3886
1.7251
1.8519
2.0983
2.2891
2.4924
2.1946
1.6428
1.5794
1.8064
1.7429
1.9637
1.9433
2.3984
2.4308
2.2174
2.4547
2.0804
2.0259
2.0804
2.3444
2.5087
2.5997
2.6566
3.1592
2.8981
3.1167
2.7409
2.7793
2.7679
2.5448
2.8816
2.4176
