3.7958
3.7101
3.3764
3.3073
3.3022
3.4877
3.2379
3.4163
3.2680
3.2368
3.2665
3.2849
3.6532
3.3344
3.1680
3.1673
3.0388
3.4109
3.0732
3.3852
2.9030
3.1288
3.2102
2.9605
2.8697
2.7361
3.0462
2.6577
2.6424
2.6007
2.7076
2.6201
2.4248
2.4243
2.3268
2.3899
2.4951
2.2914
2.1488
2.3522
2.0757
2.3099
2.1587
2.1819
2.2002
2.2679
2.1694
2.3381
2.1719
2.0682
2.0660
2.1821
2.0430
1.9488
1.9093
1.8007
1.7047
1.6138
1.6798
1.4335
1.6219
1.3563
1.2675
1.1015
1.1786
0.8328
0.8046
0.4104
0.5389
0.2051
0.2880
0.2107
0.2751
0.3175
0.3553
0.4395
0.4782
0.4268
0.5497
0.4248
0.2131
0.2830
0.2525
0.2530
0.5753
0.3979
0.4511
0.4874
0.2138
0.2290
0.1480
0.4056
0.2018
0.5422
0.3701
0.3972
0.4018
0.4305
0.5071
0.1806
0.1643
0.2659
0.0514
0.1302
0.0535
-0.0950
0.1179
-0.1394
0.0074
0.0091
-0.1635
-0.0773
-0.2610
-0.1617
-0.4146
-0.4092
-0.3132
-0.1870
-0.5208
-0.2412
-0.2518
-0.3152
-0.1220
-0.2368
-0.2461
-0.1973
-0.0960
-0.1595
-0.0821
0.2898
0.3352
0.3552
0.4489
0.5982
0.2722
0.3719
0.4404
0.5424
0.5565
1.0391
0.8250
1.1286
1.7350
1.4368
1.5721
1.4389
1.1101
0.7966
1.0290
0.8708
0.9156
0.7197
0.9592
1.0530
1.4501
1.8731
1.5956
1.5887
1.5715
2.4753
1.7044
1.7990
1.0339
1.1088
1.0875
1.8711
2.0699
1.6237
0.9084
1.2628
0.7664
1.5107
0.6156
0.9757
0.8873
0.5605
0.7511
0.5841
1.3342
1.3123
1.3464
2.1341
1.4562
2.3092
1.5315
2.0978
2.0239
2.1101
1.4432
1.8124
1.5132
2.0069
2.0242
2.7769
1.9689
2.5209
2.7983
1.5972
1.9772
1.1608
1.7057
1.9567
1.6086
2.0503
1.4352
1.1222
2.0375
2.0854
1.5090
1.3514
1.0401
1.3084
1.4977
2.2385
1.9540
1.6212
1.1224
0.9953
1.1359
0.3805
0.2684
0.2735
0.7238
1.4173
1.0325
1.0369
1.0758
1.8104
1.7510
1.9146
2.6080
2.9372
2.7852
3.0724
2.6900
2.8136
3.3945
3.9162
3.9546
4.5676
3.7083
4.3266
3.8912
3.6124
3.8481
3.1343
3.8136
3.2160
2.7166
3.0721
2.9844
2.3792
1.4992
0.9320
0.5103
0.4661
0.0322
0.1913
-0.0133
0.1058
-0.1513
-0.1311
0.3283
-0.1457
-0.1711
-0.0895
-0.0821
-0.5286
-0.6554
-0.7061
-0.9958
-0.9873
-1.0272
-0.7524
-0.7561
-0.9986
-1.0353
-1.0432
-1.1285
-1.0372
-0.8624
-1.1946
-1.3867
-1.3226
-1.2985
-1.2579
-0.9754
-1.1658
-0.7846
-1.0330
-1.0316
-1.1209
-0.8397
-1.0523
-0.7578
-1.0814
-1.1927
-1.2272
-1.2952
-1.2647
-1.3148
-1.0248
-1.2780
-1.3529
-1.4989
-1.4768
-1.7658
-1.8413
-1.9077
-1.9351
-1.8954
-1.9515
-1.9040
-1.9220
-1.6669
-1.7694
-1.7066
-1.7288
-1.7414
-1.8437
-1.6578
-1.8933
-1.8952
-1.9032
-1.8884
-1.8610
-1.8513
-1.7234
-1.7476
-1.4612
-1.5067
-1.7763
-1.7795
-1.4928
-1.6583
-1.7361
-1.7004
-1.5725
-1.4256
-1.5275
-1.5237
-1.3090
-1.4872
-1.4186
-1.1196
-1.2469
-1.2248
-1.0882
-1.0480
-0.9493
-0.7836
-0.9921
-0.9627
-0.8860
-0.9071
-0.8137
-0.7898
-0.5288
-0.6735
-0.5203
-0.7396
-0.6410
-0.6658
-0.5521
-0.6139
-0.5263
-0.2066
-0.1601
-0.2084
-0.2417
-0.0800
-0.1644
0.0750
-0.2365
-0.1850
-0.1226
0.0071
0.1261
0.3109
0.3876
0.6184
0.4786
0.3719
0.6461
0.3970
0.4638
0.5755
0.7861
0.8234
0.9622
1.1750
1.0420
1.5592
1.3566
1.7226
1.7230
1.4493
1.5167
1.4338
1.5871
1.8330
1.7494
1.7355
1.8202
1.8597
1.9336
1.9878
2.3206
2.1527
2.1714
2.1741
2.1255
2.3680
2.1682
2.2130
2.3058
2.5878
2.5194
2.5663
2.6629
2.7614
2.7937
3.0968
3.0756
2.8669
2.9153
2.8291
2.9091
2.7631
2.9703
2.6437
2.8303
2.6234
2.7122
2.6906
2.9966
2.8332
2.8778
3.1792
2.9002
2.9039
2.8396
2.8382
3.0964
3.0285
3.0845
3.2107
3.0947
3.2794
2.9964
3.0236
3.0755
3.4177
3.1900
3.3560
3.2357
3.5175
3.2100
3.2314
3.2528
3.2097
3.1544
3.2747
3.1046
3.1204
3.1375
3.2603
3.0143
2.9614
2.9260
2.9698
2.9287
2.9770
2.9098
3.1123
2.9944
2.9475
3.2217
2.9494
2.9937
2.9343
2.8836
3.0068
2.6757
2.6227
2.5506
2.5570
2.9246
2.7025
2.8510
2.9628
2.9091
2.8371
3.1149
2.8036
2.9442
3.0720
3.2603
2.8618
2.9450
2.8340
2.8582
2.8396
3.2358
3.0193
3.4018
3.0821
3.0742
3.0656
3.2994
3.1603
2.8898
2.9681
2.7119
2.7589
2.7062
2.9621
2.7383
2.7265
2.7461
2.7760
3.1724
3.0428
3.1038
3.1069
3.4988
3.2687
3.3568
3.0314
2.9735
2.6417
2.6403
2.1736
2.1676
2.5841
3.0428
2.4198
2.6317
2.9466
2.2944
2.1560
2.1373
2.1040
2.4987
2.1641
2.0929
2.2857
2.0788
1.6429
2.0787
1.5059
1.5364
1.8383
1.4267
1.3916
1.5252
1.4485
1.2252
1.4901
0.9336
1.1320
1.0738
0.8910
0.7120
0.6007
0.6426
0.7228
0.9509
0.9878
0.6966
0.7294
0.6442
0.6291
0.8594
0.6501
1.0089
1.5927
0.9699
0.8857
0.8807
1.1540
0.9479
0.8677
1.0504
0.3437
0.8275
0.1364
0.3527
0.1451
0.1737
-0.1240
0.2239
-0.3238
-0.1238
-0.2993
-0.1726
-0.8738
-0.7462
-0.7874
-1.3963
-0.7961
-1.4891
-1.2877
-1.4979
-1.1438
-1.7404
-1.2157
-2.3108
-1.0725
-2.1873
-1.6304
-2.0490
-1.6501
-2.5431
-1.8953
-2.2984
-2.3758
-3.0775
-2.1278
-2.7413
-3.1968
-3.1113
-3.4066
-3.0730
-2.8953
-3.5003
-2.1849
-2.8262
-2.7651
-2.7033
-3.0004
-3.0863
-2.3298
-3.0532
-3.0002
-3.5240
-3.6811
-3.2239
-3.5637
-3.9766
-4.0180
-3.5055
-4.2357
-4.1579
-4.3103
-4.8807
-4.3427
-4.9698
-4.8177
-5.1382
-5.0246
-5.4153
-4.8880
-5.3435
-5.8976
-5.8953
-5.5996
-5.7687
-5.6828
-5.3422
-5.5937
-4.9883
-5.0028
-4.1707
-4.5628
-4.7389
-4.4495
-4.9510
-4.3719
-4.8488
-4.9219
-4.9852
-4.8467
-4.2489
-4.7346
-4.0575
-4.4586
-4.4983
-4.6164
-4.8807
-4.8534
-5.2908
-4.6508
-5.1189
-5.1881
-5.3409
-4.7331
-5.1682
-5.3480
-5.5276
-4.9408
-4.9329
-4.5617
-4.6405
-4.3142
-4.2025
-4.6085
-3.9026
-3.8455
-3.5354
-3.5429
-4.0398
-3.9499
-4.0380
-3.6374
-3.9366
-3.8525
-3.8724
-3.7319
-3.5228
-3.4410
-3.1090
-3.3659
-3.1577
-2.9696
-2.9725
-2.7483
-2.8521
-2.8919
-2.8325
-2.8575
-2.6626
-2.5246
-2.0280
-2.0513
-1.7361
-1.7443
-1.6544
-1.6830
-1.7018
-1.6027
-1.5099
-1.2170
-1.2536
-1.0353
-0.7779
-0.7706
-0.5361
-0.4163
-0.3373
-0.2446
0.0455
0.3239
0.4882
0.4211
0.7778
0.6302
0.5564
0.9052
0.8657
0.8864
1.0852
1.3064
1.2261
1.2978
1.4602
1.6015
1.7161
1.8417
2.0209
2.1301
2.5764
2.4733
2.6305
2.9671
2.8414
2.9245
2.9830
3.0185
3.1773
3.4404
3.5295
3.3593
3.3901
3.5069
3.8306
3.9536
3.9473
4.0739
4.3282
4.3061
4.0689
4.4124
4.3985
4.7151
4.9846
4.9854
4.9376
5.3159
5.1190
5.1745
5.1571
5.1737
5.4118
5.2126
5.2849
5.2019
5.2282
5.3973
5.2313
5.3670
5.4754
5.5478
5.7879
5.5593
5.5358
5.5905
5.5985
5.6957
6.0118
5.8591
5.9643
5.9687
6.0926
6.3064
6.1245
6.0857
6.3032
6.2269
6.2123
6.2326
6.1732
6.2550
6.2764
6.5330
6.3584
6.3191
6.5540
6.3034
6.3191
6.3845
6.4749
6.4784
6.5746
6.7291
6.6954
6.6472
6.9273
6.7110
6.7396
6.8453
6.9066
6.9375
6.9883
6.9867
7.0228
7.2955
7.1454
7.2979
7.3025
7.3569
7.2432
7.2446
7.1866
7.2297
7.3566
7.1506
7.0305
6.9206
6.8826
6.6830
6.6472
6.4336
6.3942
6.4417
6.5734
6.3909
6.2459
6.1445
6.0621
5.8718
5.7429
5.5326
5.4191
5.4886
5.3169
5.2567
5.2015
5.2778
4.9465
5.2319
5.2510
5.3030
5.4264
5.0480
5.0706
4.7578
4.8680
4.6164
4.5378
4.5695
4.7837
4.5892
4.5666
4.4235
4.3038
4.2666
4.4592
4.3318
4.5273
4.2658
4.1767
4.0881
3.9771
3.8858
3.7385
3.6551
3.7698
3.5509
3.4102
3.4070
3.4523
3.2593
3.1652
3.1629
3.0448
3.1204
2.9674
3.0621
3.0256
3.0231
2.6750
2.6371
2.5260
2.7987
2.3812
2.1776
2.3081
1.8392
1.7832
1.6891
1.8073
1.7014
1.7766
1.8163
1.6699
1.5332
1.5528
1.4610
1.4285
1.6512
1.3786
1.3754
1.3897
1.3495
1.3319
1.5135
1.4172
1.1882
1.2575
0.9122
0.9165
0.8233
1.0020
0.7021
0.6978
0.7602
0.5120
0.2721
0.1362
-0.0512
-0.1694
-0.3444
-0.3489
-0.5092
-0.2980
-0.5218
-0.8595
-1.0860
-1.2667
-1.4049
-1.5452
-1.4623
-1.4487
-1.6043
-1.6423
-1.8967
-1.9477
-2.0058
-1.8340
-1.9130
-2.0768
-1.8928
-2.4570
-2.5870
-2.6052
-2.5075
-2.5928
-2.8846
-2.9990
-3.1220
-3.4929
-3.6475
-3.6618
-3.6303
-3.6808
-3.9214
-3.8485
-3.5126
-3.9141
-3.6696
-4.1854
-4.0025
-4.1033
-3.1763
-3.0917
-3.6376
-3.3838
-2.1048
-1.8357
-1.8134
-1.0090
-0.9354
-0.2156
-0.1571
-0.6884
-0.3681
0.0129
0.4798
-0.8236
-0.0352
-0.5008
-0.3124
-0.5208
-1.0999
-1.0374
-0.4578
-0.1772
-0.9572
-1.6653
-1.2466
-1.5970
-1.8796
-1.0692
-0.6663
-1.2495
-1.9132
-1.9074
-2.6633
-2.4937
-2.6919
-2.0035
-2.2006
-1.9403
-1.6646
-2.1301
-2.5575
-2.0761
-1.9548
-2.9544
-1.8844
-2.6508
-1.8740
-2.1009
-2.7168
-2.0561
-2.6886
-2.1489
-3.1675
-3.0497
-2.5581
-2.3202
-2.7842
-2.6203
-2.8675
-2.9447
-2.9747
-3.0617
-2.6381
-2.7619
-2.2039
-2.4701
-1.5305
-1.2755
-1.7286
-2.1521
-1.8961
-1.8623
-1.8812
-1.5846
-1.4551
-1.3155
-1.3818
-0.8718
-1.4107
-1.1235
-0.8077
-0.9863
-0.8974
-0.6798
-0.2432
-0.1513
-0.1329
0.1930
0.2578
0.2890
0.2401
0.6347
-0.1936
0.2384
0.2319
0.1775
-0.2918
0.0168
-0.1748
-0.1228
0.0689
0.1563
0.2368
0.4505
0.7702
0.5360
0.5529
0.5997
0.6267
0.6528
0.9382
0.8107
0.9347
1.0898
1.2683
1.4641
1.5812
1.8909
1.9003
1.9800
2.1926
2.2983
2.5683
3.0817
3.2447
3.5434
3.6304
4.3942
3.6304
3.6728
3.8025
4.2042
4.1005
4.0976
4.1320
4.3898
4.7049
5.0209
4.9583
4.9129
4.8549
4.9421
5.1698
5.5411
5.5258
5.7522
5.5622
5.6809
5.7783
6.0604
6.2765
6.2968
6.3302
6.4446
6.7175
6.6562
6.7576
6.9685
7.2706
7.1853
7.2840
7.4514
7.7185
8.0377
7.9866
7.8717
8.1081
8.0625
8.0402
8.0061
8.2896
8.2094
8.6550
8.5599
8.4638
8.4113
8.4122
8.6233
9.0899
8.4951
9.3571
8.9656
9.3920
10.1346
9.4184
9.8750
9.1447
9.8921
10.2767
9.4395
10.0481
9.5006
9.5255
9.4463
9.1781
9.2773
8.8228
8.9541
8.3933
8.1908
8.0665
7.9524
7.5627
7.8290
7.1194
7.4403
7.1911
7.0625
7.5737
7.6487
7.7519
7.3501
7.0426
7.0689
7.7086
7.3834
7.4132
6.7530
6.5470
6.7394
6.4513
6.3995
5.7688
5.9564
6.2709
6.2092
6.4446
6.2346
6.1554
6.3091
6.9425
7.4533
6.7918
7.1771
7.0980
7.0459
6.0993
6.5207
6.3501
6.9605
6.4271
7.5247
7.0284
6.5128
6.1019
5.7909
5.4414
5.9624
6.2540
5.8256
7.1873
6.2325
5.7728
5.4343
7.3021
5.3713
6.2227
5.8229
4.3481
5.0905
4.3188
4.3322
4.3547
4.6999
3.8119
3.6380
3.4147
3.2388
3.6323
3.7365
3.9600
3.4486
3.7711
3.8827
3.6582
3.9430
3.6604
4.2090
3.9831
4.1989
5.1836
4.4347
3.9384
4.0297
3.8762
3.9034
4.4170
4.1475
4.5106
4.7901
4.7538
5.2763
4.5380
4.2567
4.4551
4.2200
4.3085
4.3290
4.7074
4.7735
4.9168
4.3821
4.5626
4.5913
4.2565
4.3033
4.4119
4.0038
4.0798
3.7408
3.7932
4.0594
3.7116
3.3079
3.5094
3.0756
3.0794
2.5697
2.3309
2.1009
1.8875
1.7731
1.6303
1.6192
1.5817
1.6079
1.4040
1.5282
1.1166
1.2577
1.0575
1.0132
1.0108
1.0837
0.9272
0.7778
0.9823
0.6457
0.4314
0.5454
0.5538
0.3352
0.6533
0.7434
0.4257
0.5389
0.2541
0.1515
0.3861
0.3358
0.3677
0.1459
-0.0181
-0.0949
-0.4518
-0.3127
-0.6441
-0.7156
-0.6883
-0.5961
-0.2713
-0.6667
-0.7630
-0.7791
-0.6518
-0.7151
-0.6795
-0.2830
-0.6188
-0.3997
-0.3296
-0.2134
-0.2492
-0.3198
-0.3719
-0.4875
-0.5621
-0.3812
-0.6118
-0.5508
-0.4985
-0.4849
-0.2145
-0.4956
-0.4479
-0.4758
-0.3976
-0.3862
-0.3817
-0.4690
-0.3966
-0.5671
-0.9242
-1.0216
-1.0943
-1.2557
-1.3595
-1.4998
-1.4498
-1.2272
-1.1734
-1.3991
-0.7466
-1.4019
-1.2095
-0.8863
-0.9300
-0.8840
-1.0323
-0.9704
-1.4523
-1.6808
-1.5431
-2.2076
-2.1670
-2.3508
-2.4597
-2.5788
-2.4409
-2.6150
-2.5355
-2.6139
-2.3669
-2.6881
-2.7316
-2.4865
-2.7453
-2.8079
-2.8935
-2.8653
-2.9183
-2.8968
-2.9109
-2.9145
-2.7396
-2.7103
-2.3820
-2.5684
-2.5714
-2.3314
-2.4688
-2.4240
-2.2137
-1.8353
-1.1177
-0.9689
-1.1043
-1.1445
-1.0037
-1.2105
-1.3294
-0.7259
-1.2798
-0.6777
-0.6911
-0.2542
-0.6406
0.0137
-0.0345
-0.2613
0.1838
-0.0188
-0.4418
-0.9338
-0.9170
-0.7185
-0.3849
-0.6502
-0.8633
-0.7815
-0.5830
-0.6714
-1.0075
-0.4906
-0.5566
-0.5810
0.0563
0.2011
0.0869
0.4734
0.5094
-0.1082
-0.0455
0.3878
0.5176
-0.1079
0.0897
-0.0245
0.5945
0.6236
0.5814
0.5082
0.6191
1.1699
0.8561
0.8307
1.1945
0.9903
1.4054
1.4300
1.5189
2.0074
2.0235
2.5368
2.2496
2.4149
3.0207
3.3937
4.0954
3.5326
3.3380
3.4438
3.8049
3.5357
3.2112
3.9100
3.5759
3.6887
3.7912
3.5517
3.2968
3.1828
3.3849
3.1672
3.0363
3.1838
2.7000
2.8427
2.6438
2.8135
2.8951
2.9859
2.8235
3.2537
2.9656
3.6896
2.6658
2.7193
2.8842
3.4485
3.0199
3.3338
3.2574
3.3791
3.2893
3.7128
3.6103
3.1372
3.5290
3.8035
3.5265
3.5907
3.5630
3.4024
3.2882
3.6647
3.7437
3.3919
3.6741
3.8535
2.9892
3.8485
2.9846
3.0174
3.2925
3.4153
3.7688
3.0611
3.3126
3.1787
3.2342
3.6413
3.5831
3.7350
3.2557
3.4640
3.0999
3.4192
2.7246
2.5891
2.6674
2.9078
2.5606
2.8845
2.4587
2.5341
2.5394
2.2800
2.2658
2.1494
1.8289
1.7092
1.9383
1.3898
1.3652
1.2847
1.3909
0.8264
0.9717
0.2740
0.3653
0.7494
0.4011
0.2219
-0.3841
-0.4826
-0.5763
-0.6851
-0.8523
-0.8717
-1.1626
-1.0486
-0.8383
-1.0382
-1.0361
-0.8694
-1.5217
-1.5277
-1.7636
-1.6874
-1.5928
-1.5323
-1.1316
-0.8061
-0.9558
-1.1575
-0.7958
-0.9959
-0.6015
-0.6228
-0.4397
-1.2264
-1.0664
-0.8349
-0.5237
-0.5872
0.0591
-0.9536
-1.4143
-0.7746
-1.3199
-1.3322
-1.3958
-1.2808
-1.3008
-1.2829
-1.1615
-1.7179
-1.6494
-2.0140
-1.1527
-1.8464
-1.9220
-2.2111
-2.4180
-2.8206
-2.8541
-2.5523
-2.5080
-2.6640
-2.5012
-2.7750
-3.0225
-3.1164
-3.2344
-3.4110
-3.5761
-3.9568
-3.7251
-4.1386
-4.1665
-4.3448
-4.5499
-4.0788
-4.5902
-4.6249
-4.7140
-4.8246
-4.9063
-4.6733
-5.0984
-5.0377
-5.3525
-5.7115
-4.6577
-5.5676
-5.2036
-5.1823
-5.7780
-6.1013
-6.1181
-6.0279
-6.0032
-5.9690
-5.8919
-5.9534
-5.9901
-5.6318
-5.7834
-6.1017
-5.9762
-5.7374
-5.7381
-5.4657
-5.1352
-5.2513
-5.3448
-5.2053
-5.4642
-5.0194
-5.2600
-5.5051
-5.8725
-5.9432
-5.8959
-5.8995
-5.7644
-5.7346
-5.8495
-5.6318
-5.8771
-5.5649
-5.5106
-5.2543
-5.2008
-5.2012
-4.6989
-4.8932
-4.8961
-4.9003
-4.5581
-4.7236
-4.2993
-4.4847
-4.3124
-4.4121
-3.7984
-4.2980
-3.7000
-3.7074
-4.1593
-3.7700
-3.5160
-3.2684
-3.4927
-2.4948
-2.7030
-2.8663
-2.4864
-1.8359
-2.5468
-2.1132
-2.1168
-2.4039
-1.9417
-2.4275
-2.3831
-2.4387
-2.0857
-2.2391
-2.4430
-2.0927
-2.6170
-2.4770
-2.1129
-1.6724
-2.1283
-1.7508
-1.7323
-1.5611
-1.4408
-1.0586
-0.9815
-1.0484
-0.7433
-0.8570
-0.3412
-0.7110
-0.4015
-1.0208
-0.9455
-0.9699
-1.0093
-1.1521
-1.0723
-1.1743
-1.1321
-0.9377
-1.0756
-0.9428
-0.9300
-0.6778
-0.9815
-0.6055
-0.5310
-0.1167
-0.0743
-0.0772
0.0590
0.0002
0.1458
0.0664
0.3069
0.5131
0.6592
0.9009
1.0136
1.4288
1.5297
1.4814
1.5698
1.6039
1.7986
1.7034
2.4093
1.9525
2.1268
2.3454
2.5347
2.9105
2.9627
3.7450
3.7592
4.1070
4.8282
5.2225
5.4488
5.4325
6.0291
6.3111
6.1361
6.2560
6.9590
7.0603
7.1500
7.2997
7.5871
7.9696
7.2549
7.3344
7.2241
7.6344
7.9869
7.9309
8.2369
8.3146
8.5234
8.0751
8.2195
8.1721
8.5206
8.7249
8.8899
9.1280
9.1971
9.5698
9.4820
9.0318
8.9711
8.9387
9.1411
9.1393
9.0032
8.9708
8.9454
8.7984
8.6235
8.8085
9.1470
9.1957
9.4877
9.3894
9.5344
9.5994
9.3774
9.0772
9.0614
8.8635
8.9227
8.6682
8.5519
8.2227
8.1939
7.8301
7.4967
7.2454
6.8610
6.7815
6.2956
6.2168
5.7867
6.2229
5.6589
5.2051
4.9215
4.2353
4.9083
4.1085
4.2350
4.6253
4.1138
4.6220
4.0040
3.8915
4.1080
3.6023
3.5947
3.4604
3.7126
3.2717
3.6695
3.5033
4.0652
3.0790
3.4625
2.8512
3.1554
3.1533
2.5770
2.7808
2.8986
2.7474
2.3839
2.5364
2.7236
2.6198
2.2800
2.4375
3.3185
3.1573
2.6436
3.8164
3.0508
4.1265
3.4101
3.2651
4.0483
4.0666
4.3364
4.3901
3.8626
3.9567
3.9930
3.4667
3.7592
3.6722
3.5459
3.5618
3.2002
2.8309
2.3128
2.2305
1.9409
2.0757
1.4378
1.3749
0.8497
0.5849
0.0027
-0.3076
-0.3382
-0.1822
-0.2196
-0.5756
-0.4581
-0.0437
-0.5812
-0.3958
-0.8409
-0.3925
-0.4928
-1.0314
-1.0843
-1.5684
-1.1796
-1.2865
-1.8104
-2.0425
-2.2581
-2.2043
-1.6979
-2.4294
-2.6776
-2.5371
-3.0868
-2.7829
-3.0628
-3.4771
-3.3290
-2.5628
-2.7911
-2.6487
-1.6808
-2.6042
-2.5546
-3.3719
-3.2190
-3.1325
-3.4144
-3.3677
-3.5901
-3.7888
-4.4347
-3.9540
-4.7388
-5.1846
-5.2481
-5.2422
-5.3434
-5.8837
-6.4980
-6.3040
-6.5347
-6.2007
-6.2812
-6.7406
-6.4375
-7.5117
-7.1380
-8.1435
-7.5789
-8.1266
-8.1115
-8.2426
-7.6030
-7.9001
-8.2432
-7.9873
-7.5705
-7.5034
-7.9622
-7.9846
-8.7621
-8.0226
-8.6171
-8.1959
-8.0509
-7.3728
-8.1645
-7.4434
-7.8494
-7.7459
-7.6831
-8.1913
-8.2984
-7.9598
-7.4385
-8.3029
-7.6567
-7.9004
-8.2994
-7.8321
-7.6361
-7.4473
-7.6503
-7.6746
-7.4007
-7.5897
-7.2578
-7.4155
-6.9036
-7.7204
-6.8474
-7.5059
-7.1748
-7.8789
-7.3782
-7.6912
-7.4142
-7.9987
-8.0327
-8.2212
-7.9853
-7.8897
-7.6634
-7.8621
-7.9691
-8.2448
-8.3361
-7.9888
-8.0767
-8.5241
-8.2754
-8.5504
-8.3088
-8.1880
-8.3819
-8.5105
-8.4472
-8.1173
-7.9528
-7.7618
-7.9216
-7.6665
-7.9658
-7.7497
-7.6891
-7.8603
-7.7578
-7.6878
-7.6020
-7.3089
-7.3233
-7.0951
-7.1424
-6.7312
-6.7777
-6.5922
-6.4013
-6.1295
-6.1511
-6.0915
-5.8100
-5.5974
-5.3474
-5.1442
-4.9342
-4.5658
-4.4310
-4.5526
-4.4200
-4.2742
-3.9034
-3.9812
-3.6250
-3.6299
-3.4833
-3.0533
-3.1941
-2.8867
-2.9905
-2.8014
-2.4749
-2.3389
-2.4845
-2.2017
-2.1049
-1.9194
-1.8582
-1.7115
-1.8242
-1.6836
-1.7935
-1.6527
-1.5265
-1.3749
-1.3165
-1.1460
-1.2528
-1.1918
-1.0252
-1.2236
-1.1541
-0.9848
-1.1490
-1.0997
-1.0430
-0.7642
-0.5861
-0.6728
-0.4177
-0.6720
-0.3874
-0.6618
-0.5516
-0.6437
-0.4003
-0.1854
-0.3836
-0.0008
0.1183
0.5371
-0.0896
-0.0627
0.2607
0.3690
0.2231
-0.2130
-0.0403
0.1613
0.1102
0.3433
0.2030
0.1429
0.0951
-0.0571
-0.1283
0.0304
-0.2607
-0.0281
-0.4012
-0.5004
-0.6460
-0.6583
-0.6688
-0.5849
-0.3893
-0.3053
-0.4060
-0.3785
-0.4330
0.3808
-0.0199
0.0717
0.4272
-0.2404
-0.2389
-0.3749
-0.4544
-0.3670
-0.5538
-0.7301
-0.5315
-0.8435
-0.8323
-0.7330
-0.6909
-0.5418
-0.4355
-0.3321
-0.0040
-0.0066
-0.1591
-0.1208
-0.0174
0.2653
0.4411
0.8182
0.6003
0.8390
0.6339
0.8207
0.8436
1.0203
1.2550
1.5875
1.7273
1.6781
2.1124
1.7842
1.8791
2.0106
1.8769
2.0201
2.1940
2.3183
2.4626
2.6789
2.5414
2.6857
2.6832
2.7837
2.7205
2.7332
3.0789
2.8488
3.0348
2.9751
3.3546
3.1589
3.2958
3.3272
3.8485
3.4527
3.5176
3.5278
3.8148
3.6750
3.9369
3.8158
3.9419
3.9164
4.0274
3.9295
4.2054
4.2867
4.1235
4.2285
4.2272
4.5318
4.5360
4.3653
4.3089
4.4741
4.3651
4.3058
4.5628
4.2441
4.1829
4.0547
3.9017
4.0297
3.6171
3.5823
3.6977
3.6756
3.9921
4.3271
4.9389
5.0423
4.6593
5.7189
5.0056
5.4343
4.2750
4.6709
4.5013
4.3200
4.6328
3.9594
4.9631
4.8741
4.8396
4.9775
3.7562
3.5500
3.3760
4.2661
4.8130
3.9512
6.1546
5.5113
4.4609
4.8703
4.7273
4.5053
4.5408
4.9687
4.3003
4.9927
3.6943
4.7075
4.3976
3.2849
3.0933
3.3946
2.4049
1.6626
1.5510
1.6211
0.8305
1.0274
1.7106
1.2525
1.5205
1.8306
1.9391
2.0425
2.6811
2.6821
1.5672
1.4431
0.8817
1.1723
0.5197
0.5995
0.8753
-0.0926
0.3719
-0.0196
0.1671
-0.1491
-0.5632
-0.2719
-0.0406
0.1609
0.1173
-0.0954
1.3014
0.2775
-0.0462
-0.3605
-0.3280
-0.8432
-0.5393
-1.1909
-1.0964
-1.0475
-0.8342
-0.8668
-0.9250
-0.9868
-1.4720
-1.6796
-1.1706
-1.6056
-1.3717
-1.4928
-1.8668
-1.8189
-1.8779
-2.1016
-2.1477
-1.8967
-2.0270
-2.4212
-2.5252
-2.3290
-2.5069
-2.9093
-2.9345
-2.6492
-2.9036
-3.1300
-3.4695
-3.4907
-3.6393
-3.7736
-4.0631
-4.6617
-4.7553
-4.7327
-4.9683
-5.1233
-4.9179
-5.1515
-5.2143
-4.6388
-5.0814
-5.0143
-4.9403
-4.8604
-4.9407
-4.9914
-4.9828
-4.9911
-4.8950
-5.4875
-5.4968
-5.3825
-5.0316
-5.4581
-5.4661
-5.5493
-5.5371
-5.6384
-5.5994
-5.8341
-5.8801
-5.7111
-6.0208
-6.0793
-6.3340
-6.3881
-6.5729
-6.5739
-6.7671
-6.8420
-6.7612
-6.9148
-6.9825
-6.9663
-6.9029
-7.0698
-7.0131
-6.9654
-6.9099
-7.5172
-8.0124
-8.2389
-8.1828
-8.1456
-8.1810
-8.3582
-8.0379
-8.4926
-8.4623
-8.3659
-8.0355
-8.1354
-7.8529
-8.4137
-8.1590
-8.3959
-8.4617
-8.5158
-8.6038
-8.6240
-8.3963
-8.5135
-8.4236
-8.3143
-8.3386
-8.3541
-8.4618
-8.4525
-8.5108
-8.4616
-8.4449
-8.3920
-8.1294
-8.2427
-8.1625
-8.1482
-8.1787
-8.0217
-8.2757
-8.2129
-8.1593
-8.0349
-7.8112
-8.0113
-8.0583
-7.9270
-7.6071
-7.5402
-7.6840
-7.7315
-7.6257
-7.4881
-7.1953
-7.2699
-7.1343
-7.1080
-6.6626
-6.8981
-6.7103
-6.3894
-6.3633
-6.0934
-5.9003
-5.7343
-5.6044
-5.2561
-4.8209
-4.8881
-4.6862
-4.5396
-4.1903
-3.8685
-3.8170
-3.5366
-3.4575
-3.3202
-2.8624
-3.6261
-3.2455
-3.2573
-2.7374
-3.0288
-2.7438
-2.7593
-2.6343
-2.4153
-2.5480
-2.4887
-2.4228
-2.4360
-2.0148
-2.1892
-1.8898
-1.8284
-1.7110
-1.6912
-1.6684
-1.6283
-1.3184
-1.5005
-1.4760
-1.4270
-1.2894
-1.4748
-1.6001
-1.6374
-1.4316
-1.6585
-1.5623
-1.0266
-1.1781
-1.1886
-0.9819
-0.7390
-0.8977
-0.5142
-0.9092
-0.7065
-0.6915
-1.0547
-0.8228
-0.8413
-0.7980
-0.6463
-0.7432
-0.4476
-0.3153
-0.2826
-0.2591
0.1443
-0.0014
0.0989
0.4640
0.4808
0.5936
0.9323
0.8983
0.7966
0.8395
1.0316
1.0196
1.3727
1.2885
1.2078
1.2926
1.4612
1.5279
1.6011
1.5858
1.5861
1.6246
1.9515
1.7995
1.9444
1.9462
2.0019
2.1762
2.0163
1.9240
2.4148
2.0046
2.0486
2.6321
2.9052
3.4449
3.8848
4.2124
4.1898
4.5078
4.5910
5.0510
5.0314
5.6472
6.5931
4.9044
5.0692
5.5009
5.6741
5.9318
4.9000
4.9403
4.3534
4.6418
3.7516
4.1800
3.6668
4.0649
3.7784
3.4316
3.7931
2.8625
3.2610
2.8971
2.8922
2.7780
2.8614
2.1371
1.6539
1.4678
0.7397
0.8513
0.5737
0.6218
1.4139
0.7098
0.7368
1.2590
1.1505
0.3821
-0.1333
0.2087
-0.4320
-0.5268
-0.1384
-0.2248
0.1192
0.4641
-0.4010
-0.2401
0.4307
-0.1882
-0.4970
-0.2922
-0.7981
-0.4807
-0.4179
-0.6848
-0.4943
-0.3811
-0.9017
-0.3959
-1.1037
-0.8174
-1.1081
-1.3274
-1.0925
-0.7768
-1.0528
-0.2862
0.1494
-0.2167
-0.0771
0.2477
0.0321
-0.6555
-0.5401
-0.4445
-0.3853
-0.3980
0.0548
-0.7545
-0.8042
-1.0641
-0.8763
-1.3937
-1.1764
-1.2402
-1.0762
-1.4780
-1.2822
-0.7793
-1.0034
-1.2736
-0.9066
-1.2047
-0.8384
-1.2201
-1.0070
-1.2070
-1.4474
-1.5431
-0.9010
-1.8799
-1.5050
-2.2141
-1.8345
-1.8376
-1.9546
-2.1203
-2.2477
-2.2031
-2.0501
-2.3025
-2.3010
-2.1799
-2.2389
-2.5615
-2.4271
-2.6205
-2.5061
-2.3888
-2.6469
-3.0129
-3.1218
-2.8899
-3.1807
-3.1273
-3.2904
-3.3489
-2.8191
-2.9378
-3.1730
-2.6239
-3.1086
-2.8744
-3.5414
-3.4598
-3.5771
-3.9447
-3.1603
-3.6258
-3.7446
-3.7885
-4.2120
-4.4251
-4.5590
-4.6518
-4.4256
-4.7544
-4.8958
-4.7847
-4.9525
-4.7504
-4.7306
-4.7341
-4.9121
-4.8838
-5.1642
-5.2638
-5.1084
-5.2954
-5.2460
-4.8572
-5.0451
-4.8767
-5.0124
-4.7492
-4.8008
-4.6539
-4.7061
-4.5412
-4.4730
-4.0843
-3.6476
-3.9555
-3.1964
-3.2153
-2.0963
-2.2970
-2.7573
-1.9171
-2.8269
-2.2684
-3.5365
-3.7156
-3.0367
-3.2885
-3.5290
-4.1686
-3.7531
-3.6344
-3.8168
-3.8346
-4.0529
-4.2241
-4.2905
-4.2792
-4.5517
-4.9286
-4.9932
-5.0736
-3.8964
-4.8232
-5.0506
-5.1777
-4.8962
-4.9691
-5.2481
-5.0062
-5.4410
-5.2455
-5.1621
-5.1723
-5.2802
-5.3840
-4.8131
-4.8171
-4.3721
-4.9288
-4.6541
-4.9317
-4.7245
-5.3049
-5.1556
-4.5752
-4.1263
-3.8737
-4.4776
-4.1935
-3.6481
-3.6123
-3.4770
-3.6474
-3.3585
-3.4985
-3.3423
-3.3283
-3.0003
-3.3961
-2.9200
-3.1377
-3.0403
-2.4016
-2.3974
-2.0710
-1.7536
-1.9058
-1.8968
-2.1123
-1.9266
-2.4102
-2.5385
-2.5989
-2.8856
-2.9849
-3.1388
-2.5666
-2.3812
-1.7460
-2.1484
-2.5049
-1.9171
-1.6987
-0.9435
-1.0454
-1.2201
-0.8665
-0.5069
-1.0181
-0.7286
-0.7337
-0.7242
-0.4033
-0.6734
-0.4909
-0.3677
-0.6457
-0.4550
-0.7534
-0.8844
-1.0254
-1.2717
-1.0201
-1.3926
-1.1223
-1.4031
-1.3062
-1.1671
-0.8738
-0.5126
0.1454
-0.3381
0.2939
0.5705
0.3387
0.6101
-0.0225
0.2028
-0.3034
-0.2848
-0.4078
-0.0873
-0.1459
-0.0548
-0.0424
0.3031
0.0017
0.0875
0.1571
0.2813
0.1914
0.5957
0.3744
0.8838
0.8484
1.1581
1.5591
1.3745
1.9424
1.7312
1.4187
1.2278
1.0656
1.0193
1.2628
1.0702
1.1999
1.1920
1.4765
1.4674
1.4540
1.4727
1.6045
1.6928
1.5459
1.6170
1.7470
1.7678
1.9653
1.6609
1.7522
1.9401
1.8192
1.7803
1.7462
1.7547
1.7866
2.0784
1.8187
1.8949
1.9124
2.0160
1.7779
2.1595
2.2430
2.2762
2.2344
2.3194
2.3929
2.0309
1.9063
1.7452
1.5278
1.2734
1.2912
1.0139
0.5284
0.2532
0.0284
0.2012
-0.0814
-0.0314
-0.2898
-0.3719
-0.5186
-0.6956
-0.6623
-0.7566
-0.6858
-0.6323
-0.6521
-1.1125
-1.1389
-1.2759
-1.3488
-1.0733
-1.4060
-1.4104
-1.4147
-1.4743
-1.6921
-1.7753
-1.5512
-1.8276
-1.5882
-1.9596
-1.8723
-2.0634
-1.9739
-1.8980
-1.9346
-2.1754
-1.9905
-1.7027
-2.4645
-2.2061
-2.0223
-2.0316
-2.0610
-1.9002
-2.1503
-2.2563
-2.2893
-1.9112
-1.2893
-1.8329
-1.8692
-1.7855
-1.5027
-1.7710
-1.2119
-1.6950
-1.1038
-0.8035
-0.5348
-0.3609
0.0190
-1.0039
-1.3397
-2.0400
-1.8382
-2.4503
-2.0785
-1.7088
-1.2705
-2.3852
-1.6104
-0.9656
-1.5716
-0.7151
-1.4030
-0.7960
-0.6470
-0.3138
0.0008
0.0783
0.7125
0.7360
0.3535
1.6216
1.5155
1.0939
1.7631
1.4886
1.2263
0.5551
0.4608
0.3428
0.2941
0.0921
-0.1632
-0.2942
-0.4167
-0.9820
-0.3493
-0.5777
-0.5501
-1.1673
-0.3753
-0.5848
0.1261
-0.5797
-0.6451
-0.5368
-0.5062
-1.3192
-1.2707
-1.4291
-1.4050
-2.2184
-1.8272
-2.2534
-2.0466
-1.8138
-2.1506
-1.9600
-1.8458
-2.0105
-2.0875
-2.4844
-2.4375
-2.4604
-2.2959
-2.6676
-2.7330
-2.8568
-2.6417
-2.5803
-2.8020
-2.8488
-2.9347
-2.4669
-2.6170
-2.4028
-2.1717
-2.0770
-2.4463
-1.8572
-1.9316
-2.1113
-2.0147
-1.9635
-2.1282
-2.4602
-2.3069
-2.0171
-2.1172
-2.1100
-1.8731
-1.9727
-1.0914
-1.7326
-1.3117
-1.2606
-1.3850
-1.4819
-1.1980
-1.4512
-1.4726
-1.5749
-1.5526
-1.5338
-1.6347
-1.8494
-2.0424
-1.9044
-2.1407
-2.0613
-1.9626
-1.9015
-2.0732
-2.0874
-1.7427
-1.9224
-1.8286
-1.8168
-1.6100
-1.6732
-1.4174
-1.7845
-1.7916
-1.3619
-1.7201
-1.4599
-1.5780
-1.5618
-1.4484
-1.3476
-1.1695
-1.0310
-1.2559
-1.4261
-1.2867
-1.3062
-1.3467
-1.6085
-1.5616
-1.7790
-1.6397
-1.2850
-1.4641
-1.3726
-1.6969
-1.7474
-1.5415
-1.8411
-1.8590
-1.8702
-1.6251
-1.6388
-1.8685
-1.7928
-1.9074
-1.7044
-2.1185
-1.9850
-2.0318
-2.2449
-2.0093
-2.1728
-2.2078
-2.2238
-2.2681
-2.2991
-2.2468
-2.2387
-1.6651
-2.0933
-2.3737
-2.3879
-2.3716
-2.2915
-2.2502
-2.1502
-2.1506
-2.0440
-2.0805
-1.8719
-1.7600
-2.2048
-2.0372
-2.2480
-2.3048
-2.2747
-2.2136
-2.1517
-2.0945
-2.0776
-2.0776
-1.7775
-2.0620
-1.8521
-2.1076
-1.7680
-1.9055
-1.8400
-1.9197
-1.9879
-1.6561
-1.9908
-1.6994
-1.9158
-2.1149
-1.5998
-2.1816
-1.3505
-1.8146
-1.8852
-1.3993
-1.3802
-1.4132
-1.4689
-1.5509
-1.6325
-1.6458
-1.9045
-2.0561
-2.1797
-1.6971
-2.2347
-2.0677
-2.1474
-1.9936
-2.0010
-2.0615
-1.9329
-2.0491
-1.9882
-1.8855
-1.9071
-1.6244
-1.9939
-1.9169
-1.9738
-1.9163
-1.6520
-1.9727
-1.9535
-2.2485
-2.0953
-2.2150
-2.2451
-2.2458
-2.5077
-2.3033
-2.3400
-2.3840
-2.3089
-2.4592
-2.4445
-2.3764
-2.3692
-2.4435
-2.5552
-2.5523
-2.6158
-2.1246
-2.4664
-2.3179
-2.3363
-2.6379
-2.7068
-2.6329
-2.8033
-2.5503
-2.4789
-2.4136
-1.9639
-1.5200
-1.7669
-2.0219
-2.1965
-2.0891
-2.0575
-2.2384
-2.4700
-2.5252
-2.1494
-2.5634
-2.2180
-2.4866
-2.3406
-2.3247
-1.9809
-2.2438
-1.4243
-2.0102
-1.5979
-1.8824
-1.8530
-1.7779
-2.0617
-1.8318
-1.8293
-1.8814
-1.7675
-1.7659
-1.0686
-1.4943
-1.2505
-1.1491
-1.2645
-0.8568
-0.8062
-0.8818
-1.2116
-1.0680
-0.5424
-0.6816
-0.9457
-0.5798
-0.3387
-0.5124
-0.5117
-0.5370
-0.3418
-0.4189
-0.3774
-0.4688
-0.4159
-0.3942
-0.3510
-0.2904
0.0378
0.0590
-0.0886
-0.1073
-0.2012
-0.1794
-0.2721
-0.1344
-0.0878
0.0501
0.0312
0.0297
-0.0170
-0.0686
-0.1039
-0.1473
-0.2259
0.0923
-0.1750
0.2500
0.2132
0.3218
-0.0831
0.1315
-0.2306
0.1956
-0.3743
0.1370
0.1850
-0.3668
0.1238
-0.3182
-0.3383
-0.2270
-0.4436
-0.2476
-0.7007
-0.6120
-0.5485
-0.5205
-0.0944
-0.4550
-0.4829
-0.2933
-0.3315
-0.5189
-0.4574
-0.4816
-0.4512
-0.2785
-0.2209
0.2690
0.7809
0.7288
0.4571
0.8620
0.9314
1.2751
1.5701
1.8891
2.5112
2.5961
2.9744
3.4761
3.5265
4.7606
4.7512
5.1376
6.1117
6.5157
6.2785
6.4804
6.6136
5.8025
4.5218
4.1745
4.0212
3.8423
3.3647
3.0398
3.0697
2.4429
2.3153
1.7231
1.2308
1.6318
0.6990
1.0580
1.4282
0.9320
1.3376
1.2895
1.5687
0.7405
0.6677
0.5855
0.4202
0.1810
-0.0599
0.6348
-0.2755
-0.0384
-0.0843
-0.7796
-0.4106
-1.3366
-0.7709
-0.8720
-1.6107
-1.5567
-1.5881
-1.5344
-1.3870
-1.7265
-1.6462
-1.3995
-1.7175
-1.6246
-1.2548
-1.8161
-1.7941
-2.0592
-2.4363
-2.7525
-2.9169
-3.0735
-2.9184
-2.9382
-3.0530
-3.1358
-3.2976
-3.0396
-3.2704
-2.8393
-3.5320
-3.2467
-3.3465
-3.2774
-3.4813
-3.1980
-3.5697
-3.2563
-3.3836
-3.7262
-3.7044
-3.8614
-3.7118
-3.9437
-3.9027
-4.2073
-3.9440
-4.2610
-4.4114
-4.3090
-4.3288
-4.1713
-4.3340
-4.1863
-4.4823
-3.3868
-3.7091
-3.8128
-3.9931
-3.9646
-3.6152
-4.2738
-4.5934
-4.7581
-5.0169
-4.8956
-5.0568
-4.8107
-5.1632
-5.3895
-5.4149
-5.4499
-5.5068
-5.5478
-5.4200
-5.5989
-5.5768
-5.3880
-5.6039
-5.6465
-5.5797
-5.3549
-5.4919
-5.4857
-5.2994
-5.2166
-5.1278
-5.1233
-5.3395
-5.4689
-5.0854
-5.1030
-5.2014
-5.3727
-5.2753
-5.1724
-5.2646
-5.4052
-5.3169
-5.3688
-5.1906
-5.0611
-5.1800
-5.3047
-5.0639
-5.3582
-5.3066
-5.3116
-5.2786
-4.9665
-5.2636
-5.2819
-5.3267
-5.3182
-5.2940
-5.1115
-5.3003
-5.1349
-4.8263
-4.8970
-4.5879
-4.7250
-4.5011
-4.2667
-4.1941
-4.1078
-3.8238
-3.7343
-4.2061
-4.5318
-4.1138
-4.5791
-4.5002
-4.4021
-4.2816
-4.0484
-3.7853
-3.8453
-3.7089
-3.6934
-3.6254
-3.6748
-3.6494
-3.3645
-3.3164
-3.1930
-2.9911
-2.6260
-2.7205
-1.9553
-1.7178
-1.6072
-1.9419
-1.2843
-0.9720
-1.2683
-1.3272
-1.2668
-1.2680
-1.1751
-1.2102
-1.0525
-1.2438
-1.4067
-1.4406
-1.4575
-1.2454
-1.3399
-1.3866
-1.2268
-1.1469
-1.2293
-0.9282
-1.1886
-1.2298
-1.1064
-0.8558
-0.8998
-0.5575
-0.6511
-0.6465
-0.2436
-0.4202
-0.1981
0.0025
-0.1113
0.4471
0.5024
0.3018
0.5336
0.7196
0.2577
-0.0501
0.2830
0.4900
0.2892
0.8266
0.9894
0.7029
0.4596
0.6346
1.3519
0.7800
1.3775
0.8795
0.9468
1.2147
0.9247
0.8361
0.8058
0.3764
0.3669
0.5239
0.2323
0.1812
0.1299
0.4026
0.0551
0.4957
0.2574
0.4254
0.9654
0.9032
0.6131
1.2432
0.8297
1.7341
1.3755
2.1472
1.5936
2.1522
2.7027
2.4368
2.3366
2.1742
1.4524
1.6131
1.0607
1.1235
1.1488
1.3649
1.3308
1.3001
1.0476
1.1030
1.3154
1.8559
2.2685
3.0118
2.5380
2.5966
2.4944
3.2100
2.6862
2.7308
2.4139
2.3713
2.4304
2.1779
2.1298
2.0465
2.0382
1.9268
1.8770
1.8899
1.8500
2.1088
2.0903
1.8850
1.9351
1.8348
1.5520
1.8715
1.6584
1.8330
1.8710
1.5774
1.3776
1.0663
0.7107
1.0117
0.8211
0.6471
0.7578
0.4350
0.6588
0.4192
0.6199
0.4154
0.3443
0.5293
0.3749
0.7988
0.6321
0.5792
0.4242
0.8577
0.5292
0.7221
0.9083
0.7920
0.7573
0.5312
0.4513
0.4046
0.4011
0.6433
0.4448
0.2467
0.3860
-0.0159
-0.0431
0.0142
-0.0136
0.3675
0.0102
-0.1492
-0.1003
-0.1363
-0.3148
-0.2008
-0.2411
-0.5644
-0.6753
0.1343
0.0221
-0.1741
-0.4656
-0.4098
-0.0004
0.2856
-0.6316
-0.5418
-0.4801
-0.6400
-0.4586
-0.8198
-0.9732
-1.1692
-1.1391
-1.4156
-1.2578
-1.4118
-1.3682
-1.3956
-1.3939
-1.2290
-1.3728
-1.3784
-1.3222
-1.0251
-1.1277
-1.0716
-1.1784
-1.3487
-1.0290
-1.4554
-1.3887
-1.5812
-1.4720
-1.0061
-1.5999
-0.7737
-0.4897
-0.3747
-0.9558
-0.9508
-0.6349
-0.6077
-0.6483
-0.7354
-1.1554
-1.0875
-1.6021
-1.6036
-1.3744
-1.5480
-1.0439
-1.5766
-1.0944
-0.5134
-0.6583
-0.3348
0.0899
0.2274
0.8024
0.4315
1.1048
0.4522
2.1917
1.3819
1.5401
1.0922
0.9313
0.3388
0.3313
-0.6548
-0.3418
-1.4267
-1.0459
-1.6728
-1.4243
-1.9700
-1.5638
-1.7333
-1.9715
-2.3229
-2.3617
-2.6045
-3.0247
-2.5256
-2.6096
-2.6750
-2.5348
-2.3326
-2.7099
-2.4991
-2.4399
-1.6568
-2.6745
-2.5814
-2.5650
-2.5996
-2.0471
-2.2497
-2.4065
-2.2740
-2.6139
-2.2362
-2.1529
-1.9236
-1.5587
-1.9112
-1.7554
-1.5283
-1.2865
-1.3856
-1.1431
-1.3497
-0.9317
-1.1082
-1.1080
-1.1849
-1.1916
-1.4595
-1.3262
-1.4119
-1.4960
-1.5372
-1.0183
-1.2581
-0.8265
-0.7504
-0.6159
-0.4612
-0.5354
-0.6985
-0.8488
-0.6869
-0.2814
-0.5664
-0.3908
-0.3054
-0.1498
0.1755
-0.0046
0.6396
0.1315
0.5602
0.5552
0.9749
0.6165
0.5607
0.7199
0.4463
0.6124
0.8473
0.8584
1.2033
0.6881
0.6557
0.5631
0.7265
0.4539
0.7515
0.5757
0.5414
0.4732
0.4087
0.3083
1.0222
0.3333
0.4520
0.4080
0.3445
0.5372
0.3470
0.5207
0.7016
0.9992
1.2441
0.8143
0.9799
1.0624
1.4185
1.2354
1.8665
1.2514
1.3437
1.2161
0.8696
1.2341
0.8136
0.8930
0.6510
1.0513
0.9068
0.8366
0.9268
0.9995
0.9624
0.7749
0.8852
0.7868
0.9652
0.8489
0.7473
0.7432
0.6928
0.6595
0.8124
0.6745
0.9441
0.7052
0.5254
0.4738
0.5515
0.4432
0.3984
0.4975
0.4897
0.2700
0.2248
0.1531
0.1161
0.3363
0.3673
0.2187
0.2910
0.3929
0.4752
0.5113
0.5985
0.4832
0.4716
0.4995
0.4386
0.1627
0.2073
0.1232
0.1881
0.1050
0.3356
0.1457
0.1613
0.1657
0.1836
0.5584
0.1663
0.0923
0.0676
-0.0146
0.0932
0.1903
0.2765
-0.0415
0.0767
0.1528
0.1035
0.3581
0.0050
0.3086
0.1527
-0.1084
-0.2112
-0.1235
-0.1497
-0.0467
-0.1275
0.2389
0.0805
0.3969
0.6083
0.5243
0.3826
0.4847
0.5157
-0.0323
0.2877
-0.0337
0.7249
0.2570
0.1174
-0.1805
-0.0741
0.6977
0.2828
-0.3266
-0.1811
0.4646
-0.2830
-0.1336
-0.1161
-0.1536
0.1082
0.0958
0.0041
0.1295
0.2508
0.1298
0.2050
0.4256
0.5324
0.2589
0.5545
0.3914
0.4173
0.9040
0.7353
0.5376
0.5392
1.0341
0.5974
0.4941
0.7621
0.6045
0.3716
0.4351
0.4425
0.6636
0.7227
1.6886
1.4508
1.1351
0.9995
1.0016
1.6714
1.0929
1.2132
1.1245
0.9194
1.1230
1.0254
1.0378
0.8717
0.9575
0.9141
0.8394
0.8092
0.9922
1.0727
1.1253
1.0231
1.6812
1.2098
1.6228
1.5439
1.4322
1.2360
1.2910
1.5279
1.3713
1.4119
1.6271
1.4616
1.6343
1.3558
1.2467
1.2232
1.4810
1.2847
1.4621
1.1735
1.3901
1.2340
1.4515
1.8826
1.5465
1.9726
1.7022
2.2722
2.0213
2.2020
1.8068
2.5115
2.4068
2.4709
2.9133
2.3721
3.0948
3.1570
3.0507
3.1048
4.4732
4.5261
5.7731
6.5111
5.5874
4.9119
6.2460
7.1447
6.6391
8.6645
7.2437
6.8767
7.3953
6.5361
7.1680
6.1474
6.0467
4.9059
4.5315
4.1140
3.2745
2.6932
2.3740
2.4256
2.0533
1.4953
1.4915
1.0540
0.7428
0.7503
0.4002
0.2221
0.3409
0.0034
-0.1437
-0.1813
-0.3710
-0.2860
-0.5698
-0.6579
-0.6742
-0.6360
-0.6759
-0.7070
-0.8350
-0.6180
-0.6455
-0.5505
-0.5395
-0.3903
-0.3937
-0.2410
-0.4194
-0.4013
-0.4315
-0.7190
-0.6058
-0.7239
-0.8386
-0.9640
-0.9018
-1.2860
-0.9502
-1.2675
-1.0188
-1.3826
-1.3697
-1.2020
-1.3437
-1.7922
-1.4759
-1.2734
-1.6316
-1.6014
-1.2473
-1.4336
-1.3852
-1.4665
-1.4964
-1.5496
-1.7324
-1.5761
-1.9803
-1.7440
-1.3690
-1.7181
-1.6042
-1.6416
-1.2461
-1.5410
-1.1422
-1.1229
-1.3134
-0.8716
-0.6413
-1.1985
-1.0169
-1.3044
-0.8520
-0.8360
-1.1287
-1.3111
-1.4813
-1.2525
-1.2897
-0.8919
-1.3689
-1.1955
-1.1129
-0.6730
-0.8792
-0.3982
-1.0837
-1.1691
-1.1637
-1.0079
-0.8828
-0.5706
-0.7358
-0.7682
-0.5373
-0.3775
-0.0545
-0.2386
0.0568
-0.2483
-0.3488
-0.1249
-0.3665
-0.2920
0.6716
-0.2351
0.0808
-0.0845
0.1514
-0.0062
-0.4155
-0.0635
-0.2519
0.0442
0.4972
0.4658
0.0061
0.5716
0.5340
0.5039
0.1559
0.3656
0.1334
0.1300
0.4317
1.4734
0.6095
0.9436
1.5382
2.4149
1.6087
2.3542
2.2895
2.1199
2.0341
2.4310
3.0138
3.0082
3.1576
3.6331
2.7629
3.0257
3.7101
3.5668
3.9650
3.8808
3.0569
2.9213
2.9805
2.9742
2.9054
3.6568
3.5585
3.1317
3.1040
2.9418
2.8863
2.7183
2.2400
2.4751
2.4890
2.6386
2.7631
2.4456
2.5757
2.9123
2.7618
2.3937
3.0359
2.9062
2.7290
2.7854
2.7805
3.2648
2.8549
3.3118
2.7484
2.8533
3.2132
3.1409
3.2510
3.4736
3.2257
3.3754
3.2428
3.1707
2.8852
2.8919
2.8080
3.2205
3.1390
3.1055
3.4223
3.0948
3.5902
3.0106
3.4045
3.4007
3.6667
3.1710
3.3808
3.1348
3.1860
3.1844
3.9073
3.5785
3.6339
3.5381
3.7616
3.9390
3.9406
3.8102
3.9018
4.0940
4.0252
4.0802
3.8734
3.7662
4.0594
3.8659
4.6254
3.9086
3.9400
3.9520
4.5287
4.3803
4.3230
4.2308
4.4367
3.8807
