1.11249122
1.10758185
1.10521387
1.10355458
1.10166828
1.09986278
1.09885441
1.09789477
1.09693837
1.09598701
1.09503904
1.09409487
1.09315419
1.09221532
1.09127944
1.09034634
1.08941618
1.12808779
1.12713437
1.12618385
1.12523949
1.12429681
1.12335585
1.12241660
1.12147907
1.12054327
1.11960921
1.11867689
1.11774631
1.11681748
1.11589040
1.11496547
1.11404476
1.11312864
1.12013636
1.11923464
1.11833529
1.11743854
1.11654359
1.11565050
1.11475906
1.11386928
1.11298116
1.11209496
1.11121230
1.11033149
1.10945231
1.10857478
1.10769981
1.10682648
1.10595548
1.10508714
1.10422120
1.10335742
1.10249634
1.10164222
1.10079239
1.09994411
1.09909740
1.09825329
1.09741181
1.09657296
1.09573607
1.09490071
1.09406687
1.09323456
1.09240376
1.09157542
1.09074886
1.08992380
1.08910025
1.08827819
1.08745762
1.08663855
1.08582096
1.08500486
1.08419117
1.08338183
1.08257456
1.08176873
1.08096518
1.08016306
1.07936255
1.07856498
1.07776963
1.07697647
1.07618513
1.07539520
1.07460667
1.07382005
1.07303867
1.07225881
1.07148032
1.07070417
1.06992996
1.06915712
1.06838563
1.06761549
1.06684844
1.06608389
1.06532066
1.06455876
1.06379818
1.06303956
1.06228273
1.06152772
1.06077402
1.06002161
1.05927050
1.05852080
1.05777389
1.05702826
1.05628390
1.05554238
1.05480233
1.05406352
1.05332598
1.05258968
1.05185511
1.05112342
1.05039296
1.04966405
1.07833680
1.07762548
1.07691699
1.07620966
1.07550444
1.07480124
1.07409950
1.07339972
1.07270107
1.07200360
1.07130803
1.07061501
1.06992397
1.06923404
1.06854522
1.06785749
1.06717186
1.06648815
1.06580552
1.06512400
1.06444442
1.06376591
1.06308847
1.06241210
1.06173679
1.06106297
1.06039094
1.05972027
