-0.2738
-0.1884
-0.1060
-0.0316
0.0313
0.0802
0.1142
0.1334
0.1387
0.1310
0.1120
0.0838
0.0491
0.0114
-0.0258
-0.0601
-0.0904
-0.1173
-0.1428
-0.1689
-0.1970
-0.2272
-0.2583
-0.2887
-0.3171
-0.3432
-0.3678
-0.3925
-0.4185
-0.4465
-0.4755
-0.5035
-0.5275
-0.5446
-0.5528
-0.5510
-0.5399
-0.5216
-0.4992
-0.4768
-0.4591
-0.4505
-0.4548
-0.4735
-0.5056
-0.5471
-0.5912
-0.6299
-0.6560
-0.6651
-0.6573
-0.6367
-0.6110
-0.5882
-0.5750
-0.5747
-0.5866
-0.6069
-0.6305
-0.6528
-0.6710
-0.6844
-0.6944
-0.7038
-0.7155
-0.7326
-0.7567
-0.7881
-0.8260
-0.8683
-0.9123
-0.9557
-0.9963
-1.0332
-1.0662
-1.0954
-1.1207
-1.1416
-1.1569
-1.1654
-1.1663
-1.1602
-1.1488
-1.1354
-1.1230
-1.1143
-1.1102
-1.1101
-1.1124
-1.1152
-1.1175
-1.1192
-1.1211
-1.1237
-1.1270
-1.1299
-1.1308
-1.1282
-1.1214
-1.1104
-1.0967
-1.0817
-1.0673
-1.0547
-1.0451
-1.0392
-1.0383
-1.0431
-1.0543
-1.0720
-1.0954
-1.1229
-1.1522
-1.1805
-1.2050
-1.2229
-1.2319
-1.2310
-1.2200
-1.2002
-1.1736
-1.1436
-1.1135
-1.0878
-1.0697
-1.0624
-1.0668
-1.0824
-1.1066
-1.1359
-1.1667
-1.1963
-1.2233
-1.2476
-1.2700
-1.2915
-1.3128
-1.3342
-1.3558
-1.3771
-1.3978
-1.4173
-1.4354
-1.4518
-1.4672
-1.4824
-1.4989
-1.5176
-1.5384
-1.5593
-1.5762
-1.5841
-1.5782
-1.5560
-1.5190
-1.4731
-1.4274
-1.3924
-1.3769
-1.3856
-1.4183
-1.4702
-1.5334
-1.5991
-1.6597
-1.7097
-1.7464
-1.7691
-1.7786
-1.7764
-1.7639
-1.7432
-1.7161
-1.6854
-1.6536
-1.6238
-1.5987
-1.5810
-1.5730
-1.5764
-1.5921
-1.6201
-1.6589
-1.7054
-1.7554
-1.8035
-1.8449
-1.8755
-1.8933
-1.8981
-1.8916
-1.8762
-1.8543
-1.8274
-1.7959
-1.7593
-1.7167
-1.6679
-1.6140
-1.5569
-1.4996
-1.4447
-1.3944
-1.3499
-1.3122
-1.2823
-1.2616
-1.2513
-1.2519
-1.2629
-1.2818
-1.3051
-1.3286
-1.3483
-1.3615
-1.3666
-1.3630
-1.3510
-1.3312
-1.3048
-1.2730
-1.2373
-1.1996
-1.1614
-1.1242
-1.0887
-1.0552
-1.0229
-0.9903
-0.9546
-0.9132
-0.8640
-0.8067
-0.7432
-0.6776
-0.6151
-0.5604
-0.5167
-0.4850
-0.4650
-0.4557
-0.4569
-0.4699
-0.4969
-0.5409
-0.6033
-0.6839
-0.7793
-0.8835
-0.9882
-1.0841
-1.1625
-1.2161
-1.2405
-1.2343
-1.1993
-1.1404
-1.0643
-0.9787
-0.8916
-0.8098
-0.7394
-0.6840
-0.6459
-0.6255
-0.6224
-0.6349
-0.6615
-0.6998
-0.7470
-0.7995
-0.8529
-0.9025
-0.9440
-0.9743
-0.9920
-0.9974
-0.9922
-0.9791
-0.9606
-0.9395
-0.9183
-0.8993
-0.8842
-0.8747
-0.8712
-0.8740
-0.8819
-0.8936
-0.9066
-0.9184
-0.9263
-0.9278
-0.9207
-0.9037
-0.8766
-0.8405
-0.7984
-0.7547
-0.7150
-0.6845
-0.6674
-0.6647
-0.6748
-0.6930
-0.7134
-0.7301
-0.7389
-0.7375
-0.7260
-0.7057
-0.6786
-0.6471
-0.6131
-0.5785
-0.5448
-0.5125
-0.4821
-0.4530
-0.4244
-0.3953
-0.3653
-0.3343
-0.3030
-0.2722
-0.2426
-0.2150
-0.1900
-0.1679
-0.1491
-0.1336
-0.1212
-0.1113
-0.1030
-0.0951
-0.0862
-0.0744
-0.0577
-0.0342
-0.0025
0.0377
0.0848
0.1352
0.1843
0.2272
0.2601
0.2817
0.2936
0.2997
0.3050
0.3141
0.3293
0.3504
0.3746
0.3976
0.4153
0.4247
0.4252
0.4182
0.4073
0.3968
0.3909
0.3928
0.4044
0.4250
0.4527
0.4841
0.5163
0.5468
0.5751
0.6017
0.6279
0.6547
0.6820
0.7090
0.7345
0.7573
0.7770
0.7930
0.8050
0.8115
0.8100
0.7977
0.7729
0.7357
0.6893
0.6388
0.5908
0.5503
0.5205
0.5007
0.4890
0.4819
0.4775
0.4752
0.4764
0.4827
0.4954
0.5132
0.5337
0.5528
0.5668
0.5725
0.5690
0.5561
0.5356
0.5099
0.4825
0.4571
0.4380
0.4282
0.4296
0.4416
0.4616
0.4852
0.5078
0.5253
0.5346
0.5343
0.5244
0.5060
0.4814
0.4539
0.4270
0.4045
0.3897
0.3848
0.3905
0.4060
0.4292
0.4569
0.4857
0.5125
0.5353
0.5530
0.5653
0.5723
0.5740
0.5699
0.5596
0.5428
0.5200
0.4929
0.4642
0.4370
0.4144
0.3983
0.3894
0.3869
0.3891
0.3935
0.3974
0.3987
0.3960
0.3889
0.3784
0.3662
0.3542
0.3440
0.3362
0.3309
0.3274
0.3255
0.3250
0.3260
0.3286
0.3322
0.3361
0.3396
0.3425
0.3455
0.3499
0.3567
0.3665
0.3784
0.3913
0.4037
0.4152
0.4261
0.4380
0.4527
0.4715
0.4949
0.5225
0.5533
0.5856
0.6174
0.6469
0.6714
0.6887
0.6962
0.6926
0.6774
0.6521
0.6203
0.5862
0.5549
0.5302
0.5149
0.5091
0.5119
0.5207
0.5328
0.5451
0.5558
0.5631
0.5665
0.5660
0.5622
0.5562
0.5496
0.5438
0.5399
0.5385
0.5390
0.5397
0.5387
0.5339
0.5244
0.5103
0.4935
0.4764
0.4616
0.4504
0.4430
0.4374
0.4307
0.4196
0.4012
0.3742
0.3388
0.2971
0.2519
0.2068
0.1646
0.1275
0.0970
0.0733
0.0562
0.0450
0.0387
0.0361
0.0361
0.0371
0.0378
0.0368
0.0330
0.0257
0.0146
0.0004
-0.0163
-0.0340
-0.0514
-0.0670
-0.0796
-0.0879
-0.0917
-0.0907
-0.0859
-0.0778
-0.0676
-0.0555
-0.0420
-0.0266
-0.0092
0.0105
0.0323
0.0564
0.0823
0.1098
0.1383
0.1668
0.1943
0.2200
0.2434
0.2648
0.2847
0.3034
0.3211
0.3380
0.3540
0.3697
0.3856
0.4028
0.4217
0.4425
0.4644
0.4861
0.5053
0.5200
0.5280
0.5285
0.5211
0.5074
0.4899
0.4719
0.4565
0.4465
0.4435
0.4479
0.4592
0.4762
0.4966
0.5180
0.5381
0.5550
0.5678
0.5771
0.5844
0.5921
0.6020
0.6153
0.6316
0.6495
0.6668
0.6813
0.6913
0.6964
0.6971
0.6951
0.6921
0.6898
0.6890
0.6900
0.6927
0.6966
0.7017
0.7078
0.7148
0.7224
0.7305
0.7386
0.7467
0.7551
0.7641
0.7740
0.7843
0.7941
0.8011
0.8037
0.8001
0.7905
0.7761
0.7602
0.7461
0.7376
0.7371
0.7455
0.7618
0.7839
0.8085
0.8331
0.8551
0.8736
0.8879
0.8984
0.9050
0.9076
0.9058
0.8993
0.8885
0.8747
0.8599
0.8461
0.8346
0.8256
0.8184
0.8117
0.8048
0.7980
0.7921
0.7892
0.7903
0.7965
0.8072
0.8215
0.8374
0.8536
0.8685
0.8817
0.8926
0.9014
0.9082
0.9135
0.9177
0.9212
0.9244
0.9276
0.9306
0.9331
0.9347
0.9351
0.9341
0.9320
0.9292
0.9266
0.9248
0.9243
0.9247
0.9250
0.9233
0.9168
0.9039
0.8831
0.8558
0.8233
0.7897
0.7573
0.7291
0.7061
0.6890
0.6775
0.6711
0.6684
0.6675
0.6656
0.6597
0.6468
0.6255
0.5959
0.5603
0.5218
0.4844
0.4507
0.4223
0.3986
0.3783
0.3593
0.3407
0.3222
0.3052
0.2912
0.2822
0.2786
0.2801
0.2841
0.2878
0.2876
0.2812
0.2672
0.2465
0.2206
0.1918
0.1618
0.1317
0.1012
0.0699
0.0370
0.0029
-0.0318
-0.0658
-0.0973
-0.1251
-0.1483
-0.1666
-0.1805
-0.1913
-0.2006
-0.2103
-0.2221
-0.2372
-0.2562
-0.2785
-0.3033
-0.3287
-0.3531
-0.3746
-0.3920
-0.4048
-0.4135
-0.4191
-0.4228
-0.4258
-0.4284
-0.4302
-0.4301
-0.4273
-0.4218
-0.4144
-0.4074
-0.4039
-0.4066
-0.4175
-0.4367
-0.4628
-0.4930
-0.5238
-0.5520
-0.5753
-0.5926
-0.6046
-0.6135
-0.6224
-0.6347
-0.6526
-0.6761
-0.7030
-0.7293
-0.7506
-0.7640
-0.7694
-0.7690
-0.7668
-0.7664
-0.7698
-0.7765
-0.7837
-0.7874
-0.7838
-0.7707
-0.7479
-0.7175
-0.6830
-0.6487
-0.6177
-0.5922
-0.5723
-0.5567
-0.5433
-0.5301
-0.5160
-0.5011
-0.4861
-0.4716
-0.4585
-0.4464
-0.4347
-0.4222
-0.4074
-0.3886
-0.3649
-0.3357
-0.3015
-0.2636
-0.2245
-0.1868
-0.1530
-0.1248
-0.1027
-0.0860
-0.0729
-0.0606
-0.0464
-0.0277
-0.0027
0.0290
0.0671
0.1098
0.1551
0.2007
0.2445
0.2852
0.3223
0.3566
0.3896
0.4230
0.4587
0.4977
0.5402
0.5855
0.6326
0.6800
0.7265
0.7704
0.8106
0.8458
0.8756
0.8995
0.9180
0.9316
0.9412
0.9477
0.9520
0.9549
0.9568
0.9583
0.9594
0.9602
0.9605
0.9601
0.9590
0.9573
0.9549
0.9527
0.9510
0.9506
0.9513
0.9536
0.9564
0.9596
0.9618
0.9626
0.9614
0.9582
0.9536
0.9483
0.9438
0.9408
0.9403
0.9412
0.9424
0.9399
0.9321
0.9151
0.8917
0.8625
0.8348
0.8107
0.7953
0.7870
0.7853
0.7866
0.7898
0.7939
0.7993
0.8066
0.8154
0.8246
0.8318
0.8342
0.8290
0.8149
0.7923
0.7638
0.7335
0.7064
0.6863
0.6757
0.6738
0.6787
0.6863
0.6935
0.6970
0.6955
0.6885
0.6767
0.6614
0.6447
0.6290
0.6172
0.6115
0.6134
0.6233
0.6404
0.6631
0.6894
0.7168
0.7429
0.7650
0.7805
0.7875
0.7848
0.7730
0.7541
0.7312
0.7073
0.6851
0.6663
0.6516
0.6412
0.6350
0.6327
0.6340
0.6379
0.6437
0.6497
0.6549
0.6584
0.6600
0.6599
0.6589
0.6571
0.6552
0.6533
0.6517
0.6508
0.6515
0.6544
0.6601
0.6677
0.6754
0.6800
0.6776
0.6650
0.6406
0.6048
0.5601
0.5102
0.4584
0.4074
0.3579
0.3099
0.2628
0.2161
0.1696
0.1238
0.0797
0.0386
0.0021
-0.0285
-0.0521
-0.0686
-0.0788
-0.0844
-0.0873
-0.0897
-0.0930
-0.0985
-0.1067
-0.1179
-0.1321
-0.1491
-0.1684
-0.1895
-0.2116
-0.2338
-0.2551
-0.2744
-0.2903
-0.3018
-0.3079
-0.3084
-0.3043
-0.2971
-0.2889
-0.2816
-0.2768
-0.2749
-0.2761
-0.2795
-0.2843
-0.2890
-0.2921
-0.2922
-0.2879
-0.2785
-0.2637
-0.2441
-0.2205
-0.1939
-0.1654
-0.1361
-0.1074
-0.0813
-0.0596
-0.0436
-0.0338
-0.0285
-0.0253
-0.0203
-0.0104
0.0068
0.0319
0.0636
0.1000
0.1388
0.1784
0.2180
0.2579
0.2985
0.3400
0.3813
0.4207
0.4559
0.4844
0.5048
0.5167
0.5212
0.5201
0.5161
0.5111
0.5065
0.5017
0.4953
0.4849
0.4690
0.4468
0.4198
0.3901
0.3607
0.3333
0.3090
0.2871
0.2666
0.2462
0.2252
0.2036
0.1823
0.1624
0.1452
0.1322
0.1245
0.1230
0.1279
0.1392
0.1557
0.1756
0.1965
0.2158
0.2316
0.2426
0.2497
0.2547
0.2605
0.2697
0.2841
0.3040
0.3285
0.3556
0.3833
0.4096
0.4338
0.4557
0.4758
0.4947
0.5121
0.5277
0.5400
0.5481
0.5510
0.5487
0.5413
0.5293
0.5126
0.4914
0.4659
0.4374
0.4076
0.3796
0.3565
0.3411
0.3352
0.3391
0.3520
0.3721
0.3966
0.4228
0.4476
0.4685
0.4841
0.4940
0.4995
0.5025
0.5052
0.5092
0.5152
0.5224
0.5298
0.5359
0.5402
0.5432
0.5460
0.5497
0.5547
0.5604
0.5650
0.5659
0.5610
0.5495
0.5320
0.5113
0.4907
0.4744
0.4653
0.4651
0.4735
0.4887
0.5080
0.5287
0.5485
0.5660
0.5813
0.5951
0.6089
0.6243
0.6426
0.6641
0.6886
0.7149
0.7417
0.7674
0.7910
0.8111
0.8265
0.8360
0.8386
0.8336
0.8217
0.8046
0.7854
0.7679
0.7557
0.7516
0.7565
0.7698
0.7896
0.8132
0.8380
0.8616
0.8826
0.9000
0.9137
0.9239
0.9313
0.9366
0.9405
0.9433
0.9446
0.9435
0.9385
0.9284
0.9127
0.8919
0.8680
0.8435
0.8215
0.8043
0.7933
0.7882
0.7877
0.7892
0.7895
0.7849
0.7726
0.7505
0.7190
0.6801
0.6378
0.5968
0.5617
0.5360
0.5213
0.5175
0.5221
0.5319
0.5425
0.5505
0.5528
0.5486
0.5383
0.5246
0.5103
0.4987
0.4915
0.4894
0.4912
0.4952
0.4993
0.5025
0.5043
0.5058
0.5081
0.5124
0.5191
0.5281
0.5390
0.5513
0.5644
0.5775
0.5898
0.5991
0.6032
0.5992
0.5846
0.5580
0.5199
0.4726
0.4204
0.3683
0.3213
0.2827
0.2542
0.2349
0.2223
0.2128
0.2030
0.1901
0.1726
0.1502
0.1237
0.0949
0.0663
0.0403
0.0190
0.0038
-0.0051
-0.0082
-0.0067
-0.0019
0.0051
0.0134
0.0223
0.0312
0.0394
0.0461
0.0500
0.0500
0.0449
0.0343
0.0185
-0.0011
-0.0221
-0.0414
-0.0561
-0.0641
-0.0650
-0.0594
-0.0494
-0.0376
-0.0268
-0.0190
-0.0157
-0.0169
-0.0219
-0.0287
-0.0349
-0.0377
-0.0351
-0.0260
-0.0110
0.0078
0.0276
0.0455
0.0595
0.0687
0.0742
0.0779
0.0829
0.0919
0.1069
0.1290
0.1578
0.1919
0.2287
0.2658
0.3005
0.3313
0.3576
0.3795
0.3976
0.4125
0.4242
0.4328
0.4383
0.4419
0.4455
0.4511
0.4600
0.4720
0.4849
0.4952
0.4997
0.4966
0.4861
0.4709
0.4551
0.4428
0.4375
0.4403
0.4509
0.4667
0.4840
0.4983
0.5058
0.5040
0.4923
0.4722
0.4475
0.4222
0.4005
0.3850
0.3766
0.3743
0.3763
0.3799
0.3833
0.3852
0.3855
0.3843
0.3823
0.3796
0.3766
0.3731
0.3699
0.3682
0.3699
0.3768
0.3896
0.4076
0.4290
0.4511
0.4716
0.4888
0.5023
0.5125
0.5203
0.5265
0.5322
0.5379
0.5440
0.5502
0.5558
0.5599
0.5613
0.5595
0.5546
0.5476
0.5396
0.5324
0.5266
0.5229
0.5207
0.5190
0.5168
0.5133
0.5084
0.5031
0.4986
0.4963
0.4972
0.5019
0.5105
0.5231
0.5388
0.5567
0.5742
0.5885
0.5958
0.5944
0.5835
0.5658
0.5457
0.5288
0.5201
0.5227
0.5372
0.5615
0.5921
0.6244
0.6542
0.6784
0.6958
0.7071
0.7146
0.7217
0.7312
0.7443
0.7600
0.7757
0.7877
0.7934
0.7913
0.7828
0.7703
0.7572
0.7459
0.7378
0.7325
0.7288
0.7250
0.7200
0.7134
0.7060
0.6989
0.6945
0.6942
0.6998
0.7113
0.7283
0.7487
0.7700
0.7890
0.8033
0.8112
0.8124
0.8076
0.7984
0.7865
0.7733
0.7595
0.7451
0.7300
0.7143
0.6984
0.6828
0.6681
0.6547
0.6424
0.6312
0.6210
0.6119
0.6039
0.5966
0.5893
0.5811
0.5712
0.5598
0.5479
0.5370
0.5283
0.5219
0.5165
0.5098
0.4994
0.4845
0.4659
0.4461
0.4287
0.4166
0.4117
0.4142
0.4232
0.4372
0.4545
0.4740
0.4944
0.5147
0.5339
0.5509
0.5644
0.5735
0.5768
0.5735
0.5635
0.5475
0.5271
0.5050
0.4840
0.4670
0.4557
0.4512
0.4535
0.4619
0.4748
0.4899
0.5042
0.5144
0.5175
0.5115
0.4958
0.4714
0.4403
0.4049
0.3676
0.3305
0.2954
0.2639
0.2381
0.2193
0.2082
0.2043
0.2055
0.2085
0.2097
0.2059
0.1957
0.1795
0.1599
0.1407
0.1263
0.1200
0.1237
0.1368
0.1567
0.1791
0.1990
0.2120
0.2155
0.2087
0.1940
0.1749
0.1562
0.1419
0.1345
0.1343
0.1394
0.1470
0.1540
0.1582
0.1585
0.1548
0.1479
0.1385
0.1273
0.1146
0.1011
0.0877
0.0760
0.0674
0.0630
0.0631
0.0676
0.0757
0.0871
0.1020
0.1206
0.1434
0.1699
0.1986
0.2272
0.2527
0.2725
0.2855
0.2919
0.2935
0.2933
0.2947
0.3011
0.3146
0.3364
0.3656
0.4003
0.4377
0.4750
0.5101
0.5421
0.5708
0.5963
0.6182
0.6361
0.6492
0.6572
0.6608
0.6613
0.6609
0.6615
0.6641
0.6687
0.6743
0.6792
0.6825
0.6838
0.6842
0.6854
0.6898
0.6993
0.7148
0.7361
0.7616
0.7893
0.8161
0.8392
0.8559
0.8639
0.8617
0.8492
0.8273
0.7990
0.7680
0.7389
0.7153
0.6994
0.6913
0.6895
0.6914
0.6950
0.6991
0.7039
0.7104
0.7201
0.7336
0.7512
0.7715
0.7929
0.8131
0.8308
0.8450
0.8563
0.8657
0.8745
0.8830
0.8913
0.8983
0.9033
0.9056
0.9055
0.9039
0.9022
0.9012
0.9015
0.9030
0.9045
0.9047
0.9017
0.8940
0.8810
0.8629
0.8411
0.8176
0.7947
0.7742
0.7573
0.7446
0.7355
0.7294
0.7248
0.7206
0.7153
0.7083
0.6985
0.6858
0.6699
0.6514
0.6310
0.6098
0.5892
0.5702
0.5533
0.5386
0.5250
0.5118
0.4980
0.4839
0.4698
0.4572
0.4474
0.4418
0.4413
0.4457
0.4543
0.4650
0.4754
0.4826
0.4841
0.4781
0.4642
0.4427
0.4145
0.3814
0.3449
0.3070
0.2695
0.2346
0.2039
0.1793
0.1619
0.1527
0.1516
0.1585
0.1718
0.1901
0.2110
0.2321
0.2508
0.2649
0.2723
0.2717
0.2630
0.2473
0.2271
0.2063
0.1891
0.1794
0.1799
0.1917
0.2140
0.2449
0.2813
0.3201
0.3578
0.3912
0.4177
0.4354
0.4439
0.4439
0.4378
0.4288
0.4205
0.4158
0.4167
0.4233
0.4340
0.4458
0.4555
0.4604
0.4593
0.4525
0.4421
0.4308
0.4220
0.4183
0.4220
0.4339
0.4539
0.4804
0.5107
0.5415
0.5696
0.5925
0.6090
0.6193
0.6253
0.6291
0.6333
0.6398
0.6502
0.6645
0.6824
0.7022
0.7221
0.7401
0.7546
0.7644
0.7696
0.7709
0.7700
0.7689
0.7694
0.7727
0.7787
0.7864
0.7944
0.8015
0.8073
0.8125
0.8183
0.8264
0.8374
0.8513
0.8669
0.8827
0.8970
0.9089
0.9181
0.9250
0.9305
0.9354
0.9398
0.9440
0.9476
0.9506
0.9521
0.9530
0.9521
0.9511
0.9492
0.9483
0.9477
0.9490
0.9513
0.9558
0.9610
0.9675
0.9727
0.9761
0.9756
0.9698
0.9584
0.9391
0.9140
0.8813
0.8465
0.8106
0.7801
0.7563
0.7418
0.7348
0.7327
0.7315
0.7271
0.7167
0.6992
0.6760
0.6499
0.6248
0.6037
0.5888
0.5802
0.5771
0.5779
0.5809
0.5847
0.5885
0.5920
0.5953
0.5989
0.6030
0.6078
0.6126
0.6157
0.6147
0.6072
0.5916
0.5682
0.5389
0.5078
0.4789
0.4557
0.4395
0.4298
0.4242
0.4200
0.4149
0.4082
0.4002
0.3930
0.3884
0.3883
0.3933
0.4037
0.4182
0.4358
0.4546
0.4732
0.4903
0.5049
0.5165
0.5251
0.5306
0.5333
0.5332
0.5300
0.5230
0.5117
0.4963
0.4777
0.4580
0.4400
0.4265
0.4202
0.4226
0.4345
0.4552
0.4828
0.5145
0.5460
0.5725
0.5888
0.5908
0.5760
0.5443
0.4975
0.4400
0.3767
0.3131
0.2536
0.2015
0.1584
0.1242
0.0982
0.0785
0.0636
0.0518
0.0422
0.0335
0.0250
0.0155
0.0038
-0.0111
-0.0305
-0.0552
-0.0866
-0.1253
-0.1718
-0.2250
-0.2825
-0.3402
-0.3940
-0.4394
-0.4741
-0.4971
-0.5096
-0.5141
-0.5144
-0.5142
-0.5172
-0.5262
-0.5428
-0.5671
-0.5981
-0.6337
-0.6714
-0.7092
-0.7455
-0.7794
-0.8106
-0.8384
-0.8626
-0.8821
-0.8963
-0.9045
-0.9070
-0.9042
-0.8974
-0.8876
-0.8762
-0.8644
-0.8534
-0.8445
-0.8388
-0.8371
-0.8394
-0.8451
-0.8524
-0.8598
-0.8658
-0.8697
-0.8717
-0.8723
-0.8719
-0.8702
-0.8669
-0.8607
-0.8508
-0.8365
-0.8178
-0.7944
-0.7666
-0.7338
-0.6961
-0.6534
-0.6068
-0.5585
-0.5116
-0.4701
-0.4371
-0.4149
-0.4033
-0.4002
-0.4013
-0.4017
-0.3961
-0.3809
-0.3545
-0.3175
-0.2729
-0.2246
-0.1767
-0.1324
-0.0933
-0.0595
-0.0299
-0.0037
0.0199
0.0404
0.0568
0.0677
0.0727
0.0723
0.0681
0.0618
0.0552
0.0489
0.0423
0.0337
0.0219
0.0057
-0.0140
-0.0355
-0.0557
-0.0716
-0.0806
-0.0814
-0.0740
-0.0600
-0.0413
-0.0205
0.0003
0.0192
0.0349
0.0471
0.0557
0.0613
0.0648
0.0671
0.0691
0.0712
0.0735
0.0753
0.0761
0.0749
0.0716
0.0661
0.0594
0.0523
0.0463
0.0419
0.0396
0.0385
0.0383
0.0375
0.0358
0.0320
0.0264
0.0193
0.0119
0.0057
0.0026
0.0037
0.0091
0.0179
0.0279
0.0368
0.0427
0.0452
0.0446
0.0426
0.0407
0.0399
0.0400
0.0402
0.0392
0.0362
0.0310
0.0242
0.0167
0.0093
0.0019
-0.0062
-0.0164
-0.0302
-0.0482
-0.0708
-0.0970
-0.1258
-0.1561
-0.1870
-0.2181
-0.2491
-0.2799
-0.3103
-0.3407
-0.3719
-0.4057
-0.4444
-0.4906
-0.5458
-0.6096
-0.6793
-0.7498
-0.8150
-0.8688
-0.9069
-0.9272
-0.9302
-0.9177
-0.8922
-0.8557
-0.8098
-0.7555
-0.6943
-0.6285
-0.5613
-0.4963
-0.4374
-0.3877
-0.3490
-0.3218
-0.3047
-0.2952
-0.2895
-0.2841
-0.2753
-0.2609
-0.2392
-0.2097
-0.1725
-0.1287
-0.0793
-0.0267
0.0271
0.0797
0.1297
0.1761
0.2187
0.2576
0.2926
0.3233
0.3487
0.3684
0.3819
0.3897
0.3922
0.3901
0.3838
0.3734
0.3588
0.3403
0.3182
0.2934
0.2667
0.2394
0.2126
0.1878
0.1662
0.1488
0.1355
0.1253
0.1161
0.1058
0.0927
0.0767
0.0586
0.0405
0.0246
0.0127
0.0055
0.0029
0.0046
0.0102
0.0200
0.0348
0.0556
0.0825
0.1143
0.1475
0.1773
0.1983
0.2055
0.1963
0.1709
0.1326
0.0874
0.0422
0.0040
-0.0222
-0.0334
-0.0300
-0.0148
0.0072
0.0305
0.0496
0.0608
0.0630
0.0574
0.0480
0.0394
0.0361
0.0399
0.0500
0.0628
0.0740
0.0792
0.0763
0.0651
0.0482
0.0291
0.0116
-0.0014
-0.0082
-0.0086
-0.0035
0.0057
0.0176
0.0311
0.0454
0.0599
0.0738
0.0859
0.0951
0.1002
0.1010
0.0975
0.0916
0.0849
0.0799
0.0778
0.0798
0.0852
0.0934
0.1028
0.1127
0.1225
0.1327
0.1435
0.1545
0.1643
0.1703
0.1695
0.1594
0.1388
0.1083
0.0706
0.0294
-0.0105
-0.0445
-0.0686
-0.0802
-0.0780
-0.0627
-0.0362
-0.0016
0.0374
0.0771
0.1142
0.1457
0.1699
0.1858
0.1940
0.1962
0.1946
0.1916
0.1889
0.1873
0.1870
0.1883
0.1914
0.1973
0.2065
0.2197
0.2363
0.2550
0.2738
0.2905
0.3031
0.3103
0.3121
0.3098
0.3055
0.3025
0.3043
0.3138
0.3330
0.3617
0.3982
0.4385
0.4777
0.5113
0.5361
0.5510
0.5573
0.5582
0.5571
0.5570
0.5594
0.5644
0.5703
0.5754
0.5776
0.5759
0.5700
0.5605
0.5494
0.5387
0.5311
0.5283
0.5314
0.5397
0.5511
0.5623
0.5703
0.5727
0.5692
0.5610
0.5508
0.5417
0.5360
0.5347
0.5368
0.5400
0.5410
0.5371
0.5264
0.5087
0.4849
0.4573
0.4283
0.4001
0.3745
0.3520
0.3329
0.3160
0.3003
0.2839
0.2652
0.2424
0.2143
0.1802
0.1406
0.0971
0.0524
0.0098
-0.0272
-0.0561
-0.0757
-0.0865
-0.0903
-0.0895
-0.0866
-0.0831
-0.0797
-0.0761
-0.0720
-0.0670
-0.0617
-0.0573
-0.0553
-0.0575
-0.0647
-0.0768
-0.0921
-0.1078
-0.1202
-0.1264
-0.1244
-0.1144
-0.0979
-0.0781
-0.0584
-0.0416
-0.0296
-0.0230
-0.0215
-0.0241
-0.0291
-0.0347
-0.0391
-0.0405
-0.0378
-0.0307
-0.0193
-0.0044
0.0132
0.0328
0.0541
0.0774
0.1024
0.1292
0.1567
0.1841
0.2099
0.2327
0.2514
0.2651
0.2731
0.2752
0.2712
0.2616
0.2475
0.2306
0.2132
0.1976
0.1856
0.1779
0.1740
0.1721
0.1707
0.1678
0.1632
0.1570
0.1505
0.1447
0.1407
0.1383
0.1377
0.1379
0.1384
0.1388
0.1395
0.1409
0.1442
0.1501
0.1596
0.1721
0.1867
0.2011
0.2128
0.2189
0.2175
0.2076
0.1895
0.1646
0.1349
0.1029
0.0714
0.0428
0.0195
0.0026
-0.0078
-0.0133
-0.0168
-0.0219
-0.0317
-0.0481
-0.0709
-0.0983
-0.1269
-0.1529
-0.1731
-0.1848
-0.1873
-0.1813
-0.1691
-0.1544
-0.1406
-0.1308
-0.1263
-0.1276
-0.1339
-0.1448
-0.1603
-0.1810
-0.2075
-0.2401
-0.2774
-0.3170
-0.3557
-0.3901
-0.4177
-0.4374
-0.4496
-0.4562
-0.4596
-0.4624
-0.4658
-0.4707
-0.4766
-0.4829
-0.4895
-0.4968
-0.5059
-0.5181
-0.5336
-0.5519
-0.5708
-0.5875
-0.5993
-0.6046
-0.6036
-0.5981
-0.5914
-0.5870
-0.5876
-0.5948
-0.6080
-0.6251
-0.6427
-0.6567
-0.6638
-0.6623
-0.6528
-0.6380
-0.6228
-0.6121
-0.6103
-0.6193
-0.6388
-0.6652
-0.6933
-0.7168
-0.7296
-0.7266
-0.7052
-0.6657
-0.6109
-0.5463
-0.4783
-0.4137
-0.3576
-0.3133
-0.2814
-0.2602
-0.2468
-0.2379
-0.2311
-0.2256
-0.2220
-0.2219
-0.2273
-0.2390
-0.2566
-0.2781
-0.3009
-0.3226
-0.3419
-0.3594
-0.3771
-0.3973
-0.4221
-0.4516
-0.4839
-0.5156
-0.5432
-0.5639
-0.5772
-0.5847
-0.5895
-0.5944
-0.6017
-0.6115
-0.6224
-0.6323
-0.6392
-0.6423
-0.6419
-0.6396
-0.6371
-0.6359
-0.6368
-0.6395
-0.6433
-0.6466
-0.6483
-0.6476
-0.6440
-0.6373
-0.6276
-0.6147
-0.5983
-0.5780
-0.5542
-0.5281
-0.5019
-0.4779
-0.4585
-0.4445
-0.4356
-0.4295
-0.4236
-0.4151
-0.4026
-0.3865
-0.3688
-0.3525
-0.3407
-0.3358
-0.3383
-0.3479
-0.3636
-0.3845
-0.4102
-0.4405
-0.4749
-0.5113
-0.5462
-0.5750
-0.5933
-0.5985
-0.5907
-0.5737
-0.5535
-0.5374
-0.5314
-0.5389
-0.5600
-0.5916
-0.6280
-0.6625
-0.6887
-0.7016
-0.6990
-0.6812
-0.6510
-0.6130
-0.5725
-0.5335
-0.4992
-0.4706
-0.4478
-0.4306
-0.4190
-0.4135
-0.4149
-0.4238
-0.4397
-0.4609
-0.4848
-0.5076
-0.5259
-0.5364
-0.5367
-0.5259
-0.5042
-0.4740
-0.4389
-0.4045
-0.3764
-0.3601
-0.3588
-0.3735
-0.4019
-0.4397
-0.4814
-0.5216
-0.5559
-0.5814
-0.5968
-0.6018
-0.5977
-0.5861
-0.5695
-0.5501
-0.5306
-0.5130
-0.4995
-0.4917
-0.4910
-0.4985
-0.5140
-0.5370
-0.5658
-0.5984
-0.6321
-0.6643
-0.6923
-0.7138
-0.7270
-0.7313
-0.7274
-0.7174
-0.7050
-0.6933
-0.6852
-0.6815
-0.6816
-0.6833
-0.6845
-0.6832
-0.6789
-0.6716
-0.6631
-0.6551
-0.6499
-0.6491
-0.6537
-0.6627
-0.6746
-0.6857
-0.6927
-0.6923
-0.6831
-0.6653
-0.6414
-0.6152
-0.5912
-0.5742
-0.5678
-0.5737
-0.5904
-0.6136
-0.6362
-0.6509
-0.6521
-0.6378
-0.6103
-0.5753
-0.5394
-0.5084
-0.4851
-0.4700
-0.4615
-0.4585
-0.4602
-0.4672
-0.4800
-0.4982
-0.5192
-0.5389
-0.5527
-0.5569
-0.5505
-0.5354
-0.5152
-0.4945
-0.4767
-0.4635
-0.4546
-0.4486
-0.4440
-0.4392
-0.4341
-0.4287
-0.4241
-0.4211
-0.4205
-0.4224
-0.4260
-0.4306
-0.4351
-0.4392
-0.4431
-0.4475
-0.4529
-0.4601
-0.4689
-0.4791
-0.4901
-0.5015
-0.5125
-0.5224
-0.5299
-0.5340
-0.5335
-0.5283
-0.5182
-0.5043
-0.4878
-0.4702
-0.4532
-0.4387
-0.4284
-0.4240
-0.4271
-0.4391
-0.4606
-0.4914
-0.5301
-0.5745
-0.6217
-0.6687
-0.7131
-0.7528
-0.7865
-0.8126
-0.8301
-0.8376
-0.8347
-0.8215
-0.7991
-0.7696
-0.7354
-0.6989
-0.6623
-0.6274
-0.5957
-0.5679
-0.5440
-0.5234
-0.5053
-0.4892
-0.4756
-0.4658
-0.4616
-0.4634
-0.4692
-0.4737
-0.4689
-0.4461
-0.3991
-0.3265
-0.2339
-0.1318
-0.0338
0.0478
0.1054
0.1376
0.1491
0.1480
0.1435
0.1429
0.1506
0.1675
0.1917
0.2200
0.2489
0.2754
0.2974
0.3143
0.3260
0.3341
0.3400
0.3459
0.3535
0.3641
0.3780
0.3950
0.4133
0.4308
0.4449
0.4536
0.4558
0.4521
0.4442
0.4344
0.4247
0.4161
0.4088
0.4023
0.3962
0.3904
0.3860
0.3832
0.3830
0.3845
0.3873
0.3900
0.3921
0.3927
0.3917
0.3888
0.3835
0.3751
0.3629
0.3464
0.3259
0.3024
0.2779
0.2552
0.2370
0.2258
0.2226
0.2268
0.2359
0.2461
0.2534
0.2547
0.2485
0.2354
0.2178
0.1985
0.1800
0.1635
0.1494
0.1365
0.1240
0.1108
0.0968
0.0821
0.0671
0.0523
0.0384
0.0260
0.0158
0.0082
0.0031
0.0003
-0.0012
-0.0026
-0.0049
-0.0088
-0.0147
-0.0229
-0.0334
-0.0465
-0.0625
-0.0810
-0.1009
-0.1201
-0.1360
-0.1464
-0.1503
-0.1487
-0.1447
-0.1426
-0.1467
-0.1598
-0.1828
-0.2141
-0.2509
-0.2896
-0.3272
-0.3616
-0.3915
-0.4170
-0.4392
-0.4599
-0.4816
-0.5067
-0.5366
-0.5716
-0.6097
-0.6475
-0.6811
-0.7076
-0.7259
-0.7375
-0.7458
-0.7549
-0.7685
-0.7883
-0.8144
-0.8448
-0.8772
-0.9090
-0.9386
-0.9641
-0.9844
-0.9978
-1.0028
-0.9981
-0.9839
-0.9620
-0.9357
-0.9096
-0.8881
-0.8746
-0.8709
-0.8768
-0.8908
-0.9100
-0.9315
-0.9523
-0.9703
-0.9843
-0.9942
-1.0006
-1.0051
-1.0093
-1.0146
-1.0219
-1.0310
-1.0408
-1.0496
-1.0555
-1.0577
-1.0563
-1.0529
-1.0498
-1.0489
-1.0509
-1.0550
-1.0590
-1.0605
-1.0576
-1.0496
-1.0377
-1.0240
-1.0116
-1.0034
-1.0021
-1.0094
-1.0257
-1.0507
-1.0827
-1.1193
-1.1576
-1.1945
-1.2267
-1.2512
-1.2652
-1.2667
-1.2549
-1.2308
-1.1970
-1.1570
-1.1152
-1.0747
-1.0378
-1.0051
-0.9760
-0.9493
-0.9234
-0.8975
-0.8708
-0.8439
-0.8170
-0.7911
-0.7665
-0.7439
-0.7233
-0.7049
-0.6883
-0.6738
-0.6612
-0.6505
-0.6417
-0.6350
-0.6304
-0.6280
-0.6278
-0.6291
-0.6314
-0.6339
-0.6357
-0.6362
-0.6345
-0.6301
-0.6220
-0.6099
-0.5935
-0.5737
-0.5522
-0.5311
-0.5124
-0.4974
-0.4863
-0.4782
-0.4713
-0.4636
-0.4530
-0.4379
-0.4174
-0.3916
-0.3618
-0.3300
-0.2989
-0.2711
-0.2488
-0.2329
-0.2233
-0.2187
-0.2169
-0.2154
-0.2115
-0.2036
-0.1906
-0.1733
-0.1531
-0.1324
-0.1136
-0.0987
-0.0890
-0.0853
-0.0877
-0.0959
-0.1094
-0.1268
-0.1471
-0.1689
-0.1918
-0.2162
-0.2436
-0.2758
-0.3147
-0.3613
-0.4150
-0.4735
-0.5333
-0.5901
-0.6401
-0.6809
-0.7113
-0.7320
-0.7445
-0.7501
-0.7502
-0.7453
-0.7356
-0.7215
-0.7037
-0.6831
-0.6611
-0.6390
-0.6177
-0.5974
-0.5784
-0.5602
-0.5426
-0.5254
-0.5082
-0.4896
-0.4676
-0.4386
-0.3990
-0.3453
-0.2763
-0.1934
-0.1008
-0.0050
0.0869
0.1688
0.2364
0.2882
0.3244
0.3470
0.3581
0.3600
0.3542
0.3421
0.3244
0.3023
0.2767
0.2489
0.2206
0.1932
0.1684
0.1473
0.1306
0.1180
0.1081
0.0992
0.0888
0.0749
0.0563
0.0331
0.0061
-0.0228
-0.0523
-0.0811
-0.1085
-0.1341
-0.1574
-0.1774
-0.1936
-0.2049
-0.2114
-0.2132
-0.2114
-0.2067
-0.1996
-0.1903
-0.1788
-0.1657
-0.1524
-0.1414
-0.1358
-0.1387
-0.1522
-0.1773
-0.2131
-0.2580
-0.3097
-0.3663
-0.4268
-0.4909
-0.5586
-0.6297
-0.7028
-0.7760
-0.8463
-0.9114
-0.9692
-1.0196
-1.0630
-1.1015
-1.1366
-1.1703
-1.2032
-1.2362
-1.2689
-1.3016
-1.3339
-1.3660
-1.3982
-1.4309
-1.4647
-1.4998
-1.5361
-1.5726
-1.6076
-1.6386
-1.6634
-1.6802
-1.6888
-1.6904
-1.6882
-1.6859
-1.6876
-1.6962
-1.7132
-1.7380
-1.7681
-1.8002
-1.8300
-1.8537
-1.8680
-1.8711
-1.8625
-1.8435
-1.8168
-1.7862
-1.7562
-1.7311
-1.7144
-1.7080
-1.7121
-1.7247
-1.7426
-1.7621
-1.7792
-1.7908
-1.7948
-1.7900
-1.7768
-1.7560
-1.7297
-1.7003
-1.6703
-1.6414
-1.6140
-1.5876
-1.5599
-1.5284
-1.4900
-1.4426
-1.3846
-1.3158
-1.2370
-1.1499
-1.0564
-0.9582
-0.8565
-0.7521
-0.6456
-0.5383
-0.4324
-0.3312
-0.2380
-0.1556
-0.0849
-0.0251
0.0265
0.0733
0.1189
0.1660
0.2165
0.2711
0.3294
0.3900
0.4507
0.5084
0.5604
0.6045
0.6400
0.6680
0.6909
0.7118
0.7334
0.7577
0.7849
0.8140
0.8430
0.8699
0.8927
0.9109
0.9242
0.9336
0.9401
0.9448
0.9483
0.9510
0.9529
0.9539
0.9533
0.9509
0.9458
0.9380
0.9269
0.9135
0.8980
0.8813
0.8633
0.8439
0.8230
0.8003
0.7766
0.7525
0.7294
0.7078
0.6886
0.6724
0.6599
0.6520
0.6494
0.6522
0.6593
0.6692
0.6792
0.6871
0.6905
0.6884
0.6803
0.6670
0.6502
0.6322
0.6154
0.6020
0.5937
0.5911
0.5938
0.6005
0.6091
0.6170
0.6220
0.6222
0.6171
0.6073
0.5949
0.5823
0.5724
0.5669
0.5666
0.5707
0.5775
0.5848
0.5907
0.5942
0.5953
0.5949
0.5944
0.5951
0.5979
0.6025
0.6078
0.6110
0.6092
0.5996
0.5806
0.5525
0.5178
0.4802
0.4438
0.4117
0.3852
0.3636
0.3448
0.3265
0.3069
0.2862
0.2660
0.2488
0.2375
0.2340
0.2389
0.2516
0.2700
0.2916
0.3143
0.3364
0.3572
0.3766
0.3950
0.4127
0.4297
0.4454
0.4589
0.4692
0.4755
0.4773
0.4753
0.4703
0.4639
0.4579
0.4536
0.4520
0.4541
0.4602
0.4707
0.4860
0.5061
0.5302
0.5571
0.5849
0.6115
0.6345
0.6520
0.6627
0.6660
0.6624
0.6533
0.6410
0.6281
0.6168
0.6086
0.6037
0.6013
0.5999
0.5979
0.5942
0.5881
0.5793
0.5679
0.5533
0.5348
0.5115
0.4829
0.4491
0.4115
0.3725
0.3354
0.3031
0.2781
0.2616
0.2528
0.2495
0.2482
0.2453
0.2379
0.2246
0.2053
0.1819
0.1567
0.1321
0.1101
0.0919
0.0778
0.0678
0.0614
0.0578
0.0562
0.0557
0.0547
0.0522
0.0468
0.0380
0.0260
0.0117
-0.0036
-0.0188
-0.0336
-0.0482
-0.0634
-0.0795
-0.0960
-0.1112
-0.1224
-0.1267
-0.1221
-0.1079
-0.0849
-0.0560
-0.0246
0.0055
0.0319
0.0531
0.0694
0.0818
0.0917
0.0994
0.1043
0.1047
0.0987
0.0843
0.0613
0.0303
-0.0059
-0.0440
-0.0794
-0.1084
-0.1276
-0.1351
-0.1302
-0.1137
-0.0872
-0.0533
-0.0143
0.0268
0.0673
0.1039
0.1333
0.1527
0.1605
0.1572
0.1456
0.1298
0.1149
0.1045
0.1006
0.1021
0.1062
0.1091
0.1077
0.1005
0.0882
0.0739
0.0618
0.0559
0.0588
0.0707
0.0894
0.1109
0.1309
0.1459
0.1542
0.1564
0.1548
0.1530
0.1540
0.1598
0.1708
0.1856
0.2019
0.2176
0.2309
0.2416
0.2500
0.2568
0.2624
0.2670
0.2705
0.2737
0.2778
0.2851
0.2986
0.3203
0.3513
0.3908
0.4362
0.4840
0.5301
0.5714
0.6057
0.6320
0.6505
0.6621
0.6677
0.6682
0.6646
0.6577
0.6487
0.6388
0.6295
0.6219
0.6167
0.6144
0.6143
0.6157
0.6171
0.6173
0.6149
0.6093
0.6008
0.5911
0.5828
0.5797
0.5848
0.5999
0.6246
0.6562
0.6903
0.7223
0.7486
0.7672
0.7786
0.7843
0.7866
0.7865
0.7843
0.7789
0.7689
0.7533
0.7325
0.7084
0.6843
0.6639
0.6504
0.6457
0.6503
0.6632
0.6822
0.7047
0.7278
0.7493
0.7673
0.7811
0.7904
0.7961
0.7993
0.8012
0.8026
0.8040
0.8059
0.8092
0.8146
0.8228
0.8338
0.8465
0.8586
0.8672
0.8694
0.8633
0.8487
0.8270
0.8004
0.7722
0.7448
0.7204
0.6996
0.6823
0.6678
0.6551
0.6438
0.6338
0.6259
0.6208
0.6190
0.6202
0.6229
0.6249
0.6241
0.6187
0.6081
0.5925
0.5734
0.5523
0.5306
0.5094
0.4895
0.4714
0.4556
0.4425
0.4324
0.4253
0.4208
0.4181
0.4157
0.4121
0.4056
0.3952
0.3804
0.3610
0.3377
0.3107
0.2805
0.2476
0.2129
0.1778
0.1444
0.1149
0.0911
0.0737
0.0618
0.0530
0.0437
0.0301
0.0088
-0.0223
-0.0634
-0.1122
-0.1648
-0.2153
-0.2585
-0.2900
-0.3081
-0.3142
-0.3123
-0.3075
-0.3044
-0.3062
-0.3134
-0.3245
-0.3372
-0.3487
-0.3579
-0.3646
-0.3707
-0.3786
-0.3913
-0.4109
-0.4388
-0.4742
-0.5152
-0.5586
-0.6007
-0.6383
-0.6694
-0.6931
-0.7101
-0.7219
-0.7304
-0.7373
-0.7439
-0.7506
-0.7569
-0.7618
-0.7638
-0.7611
-0.7525
-0.7379
-0.7183
-0.6962
-0.6745
-0.6567
-0.6452
-0.6416
-0.6460
-0.6578
-0.6752
-0.6960
-0.7164
-0.7326
-0.7399
-0.7344
-0.7128
-0.6745
-0.6204
-0.5543
-0.4809
-0.4056
-0.3335
-0.2684
-0.2127
-0.1670
-0.1306
-0.1021
-0.0798
-0.0619
-0.0470
-0.0336
-0.0207
-0.0075
0.0059
0.0184
0.0283
0.0333
0.0311
0.0203
0.0008
-0.0261
-0.0578
-0.0914
-0.1243
-0.1547
-0.1821
-0.2075
-0.2326
-0.2591
-0.2885
-0.3212
-0.3568
-0.3940
-0.4313
-0.4674
-0.5016
-0.5340
-0.5650
-0.5953
-0.6256
-0.6562
-0.6870
-0.7175
-0.7466
-0.7732
-0.7956
-0.8131
-0.8247
-0.8308
-0.8318
-0.8287
-0.8225
-0.8137
-0.8027
-0.7899
-0.7757
-0.7612
-0.7479
-0.7375
-0.7312
-0.7296
-0.7318
-0.7359
-0.7392
-0.7390
-0.7328
-0.7198
-0.7002
-0.6758
-0.6485
-0.6207
-0.5930
-0.5653
-0.5356
-0.5015
-0.4612
-0.4143
-0.3626
-0.3103
-0.2622
-0.2231
-0.1952
-0.1782
-0.1681
-0.1598
-0.1478
-0.1288
-0.1025
-0.0714
-0.0396
-0.0115
0.0099
0.0241
0.0329
0.0400
0.0492
0.0638
0.0853
0.1133
0.1455
0.1784
0.2075
0.2289
0.2395
0.2382
0.2260
0.2062
0.1835
0.1632
0.1496
0.1452
0.1505
0.1640
0.1830
0.2048
0.2274
0.2497
0.2716
0.2928
0.3131
0.3309
0.3443
0.3512
0.3501
0.3407
0.3243
0.3036
0.2823
0.2645
0.2537
0.2525
0.2616
0.2798
0.3035
0.3280
0.3475
0.3575
0.3550
0.3395
0.3129
0.2793
0.2433
0.2098
0.1824
0.1634
0.1532
0.1508
0.1537
0.1589
0.1637
0.1662
0.1657
0.1634
0.1615
0.1627
0.1692
0.1821
0.2006
0.2227
0.2454
0.2658
0.2818
0.2920
0.2959
0.2931
0.2840
0.2686
0.2479
0.2235
0.1977
0.1728
0.1507
0.1326
0.1183
0.1071
0.0976
0.0889
0.0809
0.0743
0.0705
0.0707
0.0756
0.0845
0.0957
0.1062
0.1131
0.1134
0.1058
0.0902
0.0682
0.0422
0.0151
-0.0108
-0.0343
-0.0550
-0.0730
-0.0888
-0.1019
-0.1118
-0.1173
-0.1172
-0.1110
-0.0988
-0.0815
-0.0607
-0.0385
-0.0166
0.0036
0.0212
0.0365
0.0498
0.0622
0.0740
0.0856
0.0966
0.1064
0.1141
0.1188
0.1204
0.1189
0.1151
0.1097
0.1037
0.0970
0.0895
0.0798
0.0670
0.0499
0.0285
0.0034
-0.0232
-0.0489
-0.0711
-0.0876
-0.0973
-0.0996
-0.0945
-0.0824
-0.0641
-0.0408
-0.0146
0.0117
0.0350
0.0524
0.0621
0.0638
0.0589
0.0501
0.0413
0.0360
0.0369
0.0454
0.0615
0.0839
0.1111
0.1413
0.1729
0.2042
0.2341
0.2613
0.2851
0.3049
0.3207
0.3325
0.3407
0.3452
0.3463
0.3444
0.3404
0.3354
0.3306
0.3273
0.3261
0.3273
0.3303
0.3340
0.3369
0.3373
0.3336
0.3251
0.3120
0.2957
0.2787
0.2639
0.2543
0.2520
0.2580
0.2723
0.2940
0.3211
0.3515
0.3820
0.4094
0.4303
0.4418
0.4425
0.4324
0.4134
0.3882
0.3597
0.3299
0.2995
0.2680
0.2349
0.2000
0.1645
0.1311
0.1035
0.0850
0.0785
0.0849
0.1035
0.1319
0.1667
0.2044
0.2419
0.2769
0.3082
0.3351
0.3576
0.3761
0.3909
0.4027
0.4117
0.4177
0.4200
0.4175
0.4092
0.3947
0.3745
0.3504
0.3245
0.2987
0.2742
0.2514
0.2299
0.2090
0.1885
0.1680
0.1476
0.1271
0.1067
0.0863
0.0668
0.0491
0.0350
0.0254
0.0211
0.0211
0.0237
0.0261
0.0253
0.0181
0.0023
-0.0230
-0.0567
-0.0960
-0.1365
-0.1732
-0.2014
-0.2181
-0.2223
-0.2151
-0.1992
-0.1780
-0.1551
-0.1328
-0.1128
-0.0953
-0.0796
-0.0644
-0.0485
-0.0307
-0.0108
0.0111
0.0342
0.0571
0.0786
0.0969
0.1108
0.1186
0.1192
0.1118
0.0965
0.0739
0.0458
0.0143
-0.0177
-0.0480
-0.0743
-0.0958
-0.1119
-0.1240
-0.1335
-0.1425
-0.1526
-0.1645
-0.1778
-0.1913
-0.2031
-0.2119
-0.2172
-0.2192
-0.2193
-0.2189
-0.2189
-0.2194
-0.2196
-0.2184
-0.2151
-0.2097
-0.2035
-0.1986
-0.1970
-0.2006
-0.2101
-0.2255
-0.2459
-0.2698
-0.2954
-0.3206
-0.3428
-0.3597
-0.3692
-0.3706
-0.3645
-0.3526
-0.3380
-0.3233
-0.3108
-0.3011
-0.2937
-0.2870
-0.2792
-0.2689
-0.2559
-0.2407
-0.2248
-0.2094
-0.1956
-0.1833
-0.1714
-0.1579
-0.1407
-0.1181
-0.0893
-0.0554
-0.0184
0.0178
0.0499
0.0748
0.0911
0.0985
0.0978
0.0906
0.0788
0.0644
0.0493
0.0358
0.0259
0.0212
0.0228
0.0307
0.0444
0.0635
0.0878
0.1174
0.1527
0.1927
0.2351
0.2754
0.3084
0.3292
0.3350
0.3258
0.3047
0.2765
0.2462
0.2175
0.1925
0.1712
0.1528
0.1366
0.1223
0.1109
0.1032
0.1004
0.1025
0.1091
0.1185
0.1292
0.1389
0.1461
0.1494
0.1484
0.1432
0.1347
0.1239
0.1119
0.0990
0.0844
0.0666
0.0440
0.0156
-0.0184
-0.0560
-0.0942
-0.1294
-0.1591
-0.1816
-0.1970
-0.2062
-0.2104
-0.2101
-0.2058
-0.1972
-0.1846
-0.1687
-0.1510
-0.1333
-0.1170
-0.1026
-0.0895
-0.0762
-0.0609
-0.0422
-0.0200
0.0047
0.0298
0.0525
0.0697
0.0789
0.0783
0.0671
0.0456
0.0147
-0.0237
-0.0670
-0.1120
-0.1558
-0.1954
-0.2289
-0.2551
-0.2744
-0.2866
-0.2922
-0.2911
-0.2832
-0.2687
-0.2492
-0.2270
-0.2054
-0.1875
-0.1754
-0.1702
-0.1712
-0.1766
-0.1841
-0.1915
-0.1975
-0.2016
-0.2045
-0.2079
-0.2133
-0.2222
-0.2351
-0.2520
-0.2717
-0.2930
-0.3144
-0.3349
-0.3534
-0.3697
-0.3838
-0.3966
-0.4098
-0.4254
-0.4458
-0.4724
-0.5053
-0.5433
-0.5842
-0.6255
-0.6657
-0.7047
-0.7440
-0.7852
-0.8296
-0.8765
-0.9235
-0.9664
-1.0018
-1.0269
-1.0419
-1.0484
-1.0496
-1.0480
-1.0457
-1.0428
-1.0393
-1.0348
-1.0302
-1.0272
-1.0287
-1.0369
-1.0536
-1.0782
-1.1086
-1.1407
-1.1703
-1.1932
-1.2071
-1.2110
-1.2057
-1.1928
-1.1746
-1.1532
-1.1309
-1.1095
-1.0903
-1.0739
-1.0602
-1.0483
-1.0371
-1.0255
-1.0126
-0.9981
-0.9823
-0.9658
-0.9494
-0.9342
-0.9208
-0.9101
-0.9026
-0.8987
-0.8988
-0.9032
-0.9119
-0.9240
-0.9375
-0.9497
-0.9572
-0.9573
-0.9489
-0.9331
-0.9132
-0.8934
-0.8777
-0.8683
-0.8655
-0.8679
-0.8734
-0.8798
-0.8855
-0.8894
-0.8902
-0.8864
-0.8758
-0.8560
-0.8256
-0.7841
-0.7336
-0.6779
-0.6223
-0.5726
-0.5335
-0.5072
-0.4930
-0.4874
-0.4853
-0.4818
-0.4743
-0.4627
-0.4499
-0.4404
-0.4386
-0.4472
-0.4670
-0.4962
-0.5313
-0.5681
-0.6022
-0.6298
-0.6482
-0.6555
-0.6505
-0.6329
-0.6024
-0.5589
-0.5028
-0.4349
-0.3575
