-0.2652
-0.2300
-0.1957
-0.1634
-0.1337
-0.1075
-0.0852
-0.0675
-0.0545
-0.0463
-0.0430
-0.0443
-0.0500
-0.0597
-0.0729
-0.0892
-0.1081
-0.1290
-0.1516
-0.1753
-0.1999
-0.2248
-0.2498
-0.2745
-0.2987
-0.3222
-0.3446
-0.3659
-0.3859
-0.4044
-0.4213
-0.4366
-0.4504
-0.4626
-0.4735
-0.4831
-0.4917
-0.4996
-0.5069
-0.5138
-0.5207
-0.5275
-0.5345
-0.5417
-0.5491
-0.5566
-0.5643
-0.5720
-0.5798
-0.5875
-0.5952
-0.6029
-0.6107
-0.6187
-0.6272
-0.6362
-0.6460
-0.6568
-0.6686
-0.6818
-0.6963
-0.7123
-0.7297
-0.7487
-0.7690
-0.7906
-0.8133
-0.8369
-0.8612
-0.8857
-0.9103
-0.9346
-0.9582
-0.9808
-1.0021
-1.0219
-1.0399
-1.0560
-1.0701
-1.0822
-1.0923
-1.1005
-1.1070
-1.1120
-1.1155
-1.1180
-1.1194
-1.1200
-1.1200
-1.1195
-1.1185
-1.1172
-1.1155
-1.1136
-1.1114
-1.1091
-1.1067
-1.1042
-1.1019
-1.0997
-1.0979
-1.0966
-1.0959
-1.0960
-1.0970
-1.0989
-1.1017
-1.1053
-1.1097
-1.1146
-1.1198
-1.1252
-1.1305
-1.1354
-1.1397
-1.1433
-1.1462
-1.1483
-1.1498
-1.1507
-1.1515
-1.1522
-1.1534
-1.1552
-1.1581
-1.1622
-1.1679
-1.1752
-1.1842
-1.1950
-1.2074
-1.2214
-1.2367
-1.2532
-1.2706
-1.2886
-1.3070
-1.3255
-1.3439
-1.3620
-1.3796
-1.3963
-1.4122
-1.4269
-1.4404
-1.4526
-1.4633
-1.4726
-1.4806
-1.4872
-1.4928
-1.4975
-1.5018
-1.5058
-1.5100
-1.5147
-1.5203
-1.5270
-1.5350
-1.5443
-1.5548
-1.5664
-1.5787
-1.5915
-1.6042
-1.6165
-1.6280
-1.6382
-1.6472
-1.6546
-1.6605
-1.6652
-1.6687
-1.6715
-1.6740
-1.6766
-1.6796
-1.6833
-1.6881
-1.6939
-1.7008
-1.7085
-1.7169
-1.7253
-1.7335
-1.7407
-1.7464
-1.7501
-1.7512
-1.7494
-1.7442
-1.7355
-1.7232
-1.7074
-1.6884
-1.6664
-1.6420
-1.6156
-1.5879
-1.5594
-1.5309
-1.5029
-1.4760
-1.4506
-1.4271
-1.4058
-1.3868
-1.3700
-1.3552
-1.3424
-1.3310
-1.3206
-1.3108
-1.3009
-1.2907
-1.2794
-1.2668
-1.2524
-1.2360
-1.2174
-1.1964
-1.1730
-1.1472
-1.1193
-1.0892
-1.0573
-1.0239
-0.9892
-0.9538
-0.9181
-0.8826
-0.8479
-0.8147
-0.7836
-0.7553
-0.7305
-0.7099
-0.6940
-0.6833
-0.6781
-0.6785
-0.6846
-0.6960
-0.7123
-0.7326
-0.7562
-0.7820
-0.8087
-0.8353
-0.8603
-0.8829
-0.9020
-0.9167
-0.9268
-0.9319
-0.9321
-0.9277
-0.9195
-0.9081
-0.8946
-0.8799
-0.8652
-0.8513
-0.8392
-0.8295
-0.8227
-0.8190
-0.8184
-0.8208
-0.8259
-0.8331
-0.8418
-0.8515
-0.8616
-0.8715
-0.8807
-0.8889
-0.8957
-0.9011
-0.9049
-0.9073
-0.9083
-0.9080
-0.9065
-0.9041
-0.9007
-0.8965
-0.8915
-0.8857
-0.8790
-0.8716
-0.8632
-0.8540
-0.8440
-0.8333
-0.8219
-0.8100
-0.7978
-0.7854
-0.7730
-0.7607
-0.7485
-0.7364
-0.7244
-0.7123
-0.7001
-0.6873
-0.6740
-0.6597
-0.6444
-0.6279
-0.6101
-0.5909
-0.5704
-0.5485
-0.5255
-0.5014
-0.4766
-0.4511
-0.4252
-0.3991
-0.3730
-0.3471
-0.3216
-0.2966
-0.2721
-0.2481
-0.2248
-0.2020
-0.1796
-0.1575
-0.1357
-0.1139
-0.0919
-0.0697
-0.0471
-0.0241
-0.0006
0.0235
0.0479
0.0726
0.0975
0.1224
0.1470
0.1711
0.1946
0.2172
0.2389
0.2594
0.2787
0.2967
0.3136
0.3293
0.3439
0.3576
0.3705
0.3829
0.3950
0.4069
0.4190
0.4315
0.4445
0.4582
0.4728
0.4882
0.5045
0.5216
0.5393
0.5575
0.5758
0.5940
0.6117
0.6285
0.6441
0.6581
0.6701
0.6798
0.6869
0.6913
0.6929
0.6916
0.6876
0.6811
0.6723
0.6615
0.6493
0.6360
0.6222
0.6082
0.5947
0.5818
0.5700
0.5594
0.5502
0.5423
0.5358
0.5306
0.5263
0.5228
0.5199
0.5174
0.5151
0.5127
0.5103
0.5077
0.5050
0.5022
0.4994
0.4966
0.4939
0.4913
0.4889
0.4866
0.4845
0.4825
0.4805
0.4785
0.4764
0.4744
0.4723
0.4704
0.4687
0.4673
0.4664
0.4661
0.4666
0.4678
0.4698
0.4726
0.4759
0.4797
0.4836
0.4874
0.4908
0.4935
0.4953
0.4959
0.4953
0.4933
0.4899
0.4853
0.4795
0.4727
0.4651
0.4569
0.4484
0.4397
0.4311
0.4227
0.4145
0.4067
0.3993
0.3924
0.3859
0.3799
0.3743
0.3693
0.3647
0.3607
0.3573
0.3544
0.3523
0.3508
0.3502
0.3503
0.3513
0.3533
0.3562
0.3600
0.3649
0.3708
0.3777
0.3857
0.3947
0.4048
0.4158
0.4278
0.4405
0.4540
0.4681
0.4825
0.4970
0.5114
0.5254
0.5386
0.5508
0.5618
0.5712
0.5790
0.5849
0.5890
0.5913
0.5920
0.5911
0.5889
0.5858
0.5820
0.5777
0.5733
0.5689
0.5648
0.5611
0.5577
0.5548
0.5522
0.5499
0.5477
0.5456
0.5435
0.5410
0.5383
0.5350
0.5312
0.5268
0.5215
0.5155
0.5086
0.5008
0.4919
0.4820
0.4710
0.4588
0.4453
0.4306
0.4147
0.3975
0.3790
0.3595
0.3389
0.3175
0.2954
0.2730
0.2503
0.2278
0.2057
0.1842
0.1636
0.1440
0.1255
0.1083
0.0923
0.0776
0.0640
0.0515
0.0400
0.0293
0.0194
0.0103
0.0019
-0.0058
-0.0128
-0.0189
-0.0240
-0.0280
-0.0308
-0.0321
-0.0319
-0.0301
-0.0265
-0.0211
-0.0138
-0.0047
0.0061
0.0187
0.0328
0.0485
0.0654
0.0834
0.1023
0.1221
0.1423
0.1630
0.1838
0.2048
0.2256
0.2462
0.2664
0.2862
0.3054
0.3240
0.3419
0.3589
0.3750
0.3902
0.4043
0.4172
0.4289
0.4394
0.4487
0.4568
0.4637
0.4697
0.4749
0.4794
0.4835
0.4874
0.4913
0.4955
0.5001
0.5053
0.5112
0.5178
0.5253
0.5334
0.5423
0.5518
0.5617
0.5719
0.5823
0.5927
0.6030
0.6132
0.6229
0.6323
0.6411
0.6495
0.6572
0.6645
0.6712
0.6775
0.6833
0.6888
0.6941
0.6992
0.7043
0.7092
0.7142
0.7193
0.7243
0.7294
0.7344
0.7394
0.7442
0.7488
0.7532
0.7573
0.7611
0.7646
0.7679
0.7709
0.7739
0.7769
0.7801
0.7835
0.7873
0.7916
0.7963
0.8015
0.8071
0.8130
0.8191
0.8252
0.8311
0.8367
0.8416
0.8458
0.8490
0.8513
0.8526
0.8529
0.8522
0.8508
0.8487
0.8462
0.8434
0.8406
0.8380
0.8359
0.8343
0.8334
0.8335
0.8344
0.8363
0.8391
0.8427
0.8472
0.8523
0.8579
0.8639
0.8701
0.8764
0.8825
0.8885
0.8940
0.8992
0.9037
0.9077
0.9110
0.9136
0.9154
0.9164
0.9165
0.9157
0.9139
0.9111
0.9072
0.9022
0.8960
0.8885
0.8798
0.8699
0.8588
0.8466
0.8334
0.8193
0.8044
0.7888
0.7727
0.7562
0.7394
0.7223
0.7049
0.6873
0.6695
0.6513
0.6328
0.6139
0.5947
0.5750
0.5550
0.5347
0.5142
0.4937
0.4734
0.4534
0.4337
0.4147
0.3964
0.3787
0.3619
0.3457
0.3302
0.3151
0.3004
0.2858
0.2710
0.2559
0.2402
0.2238
0.2065
0.1882
0.1689
0.1485
0.1271
0.1049
0.0818
0.0583
0.0343
0.0101
-0.0140
-0.0379
-0.0615
-0.0846
-0.1071
-0.1290
-0.1502
-0.1707
-0.1905
-0.2096
-0.2281
-0.2459
-0.2630
-0.2794
-0.2951
-0.3101
-0.3242
-0.3375
-0.3498
-0.3612
-0.3717
-0.3813
-0.3901
-0.3982
-0.4058
-0.4129
-0.4199
-0.4268
-0.4340
-0.4415
-0.4497
-0.4586
-0.4684
-0.4790
-0.4906
-0.5031
-0.5165
-0.5306
-0.5453
-0.5605
-0.5760
-0.5917
-0.6072
-0.6226
-0.6375
-0.6518
-0.6654
-0.6780
-0.6895
-0.6997
-0.7085
-0.7157
-0.7212
-0.7250
-0.7268
-0.7266
-0.7245
-0.7204
-0.7143
-0.7063
-0.6966
-0.6852
-0.6725
-0.6584
-0.6433
-0.6274
-0.6108
-0.5937
-0.5763
-0.5587
-0.5408
-0.5229
-0.5047
-0.4864
-0.4677
-0.4488
-0.4293
-0.4094
-0.3889
-0.3677
-0.3458
-0.3233
-0.3001
-0.2763
-0.2519
-0.2271
-0.2017
-0.1759
-0.1497
-0.1230
-0.0959
-0.0683
-0.0401
-0.0112
0.0183
0.0487
0.0799
0.1119
0.1449
0.1787
0.2133
0.2487
0.2847
0.3213
0.3583
0.3956
0.4331
0.4705
0.5077
0.5444
0.5805
0.6157
0.6498
0.6826
0.7139
0.7434
0.7710
0.7965
0.8199
0.8411
0.8600
0.8767
0.8913
0.9038
0.9145
0.9234
0.9308
0.9368
0.9415
0.9453
0.9481
0.9503
0.9518
0.9529
0.9536
0.9539
0.9540
0.9538
0.9533
0.9526
0.9516
0.9502
0.9485
0.9463
0.9437
0.9404
0.9366
0.9322
0.9271
0.9213
0.9149
0.9080
0.9005
0.8925
0.8844
0.8760
0.8677
0.8595
0.8515
0.8440
0.8369
0.8303
0.8241
0.8184
0.8130
0.8078
0.8027
0.7976
0.7922
0.7865
0.7805
0.7740
0.7672
0.7599
0.7523
0.7445
0.7367
0.7288
0.7211
0.7136
0.7065
0.6999
0.6939
0.6885
0.6837
0.6798
0.6767
0.6745
0.6733
0.6730
0.6737
0.6753
0.6778
0.6809
0.6846
0.6886
0.6927
0.6967
0.7002
0.7031
0.7052
0.7063
0.7064
0.7054
0.7035
0.7006
0.6969
0.6927
0.6882
0.6835
0.6788
0.6743
0.6703
0.6666
0.6635
0.6609
0.6588
0.6572
0.6559
0.6549
0.6540
0.6532
0.6521
0.6507
0.6488
0.6461
0.6424
0.6375
0.6311
0.6229
0.6128
0.6005
0.5858
0.5686
0.5488
0.5263
0.5014
0.4740
0.4445
0.4131
0.3801
0.3460
0.3112
0.2761
0.2411
0.2066
0.1731
0.1407
0.1099
0.0807
0.0533
0.0278
0.0041
-0.0179
-0.0383
-0.0572
-0.0749
-0.0915
-0.1072
-0.1221
-0.1365
-0.1504
-0.1638
-0.1768
-0.1893
-0.2012
-0.2125
-0.2231
-0.2329
-0.2417
-0.2496
-0.2563
-0.2620
-0.2665
-0.2699
-0.2722
-0.2734
-0.2734
-0.2724
-0.2702
-0.2669
-0.2625
-0.2568
-0.2500
-0.2419
-0.2326
-0.2220
-0.2103
-0.1974
-0.1835
-0.1685
-0.1527
-0.1362
-0.1189
-0.1009
-0.0824
-0.0632
-0.0434
-0.0229
-0.0017
0.0204
0.0433
0.0671
0.0918
0.1174
0.1437
0.1705
0.1977
0.2250
0.2520
0.2785
0.3040
0.3282
0.3508
0.3714
0.3897
0.4055
0.4186
0.4289
0.4362
0.4406
0.4422
0.4409
0.4369
0.4305
0.4217
0.4110
0.3984
0.3844
0.3691
0.3530
0.3364
0.3196
0.3028
0.2865
0.2710
0.2564
0.2431
0.2313
0.2212
0.2129
0.2066
0.2023
0.2000
0.1998
0.2015
0.2052
0.2105
0.2176
0.2261
0.2360
0.2472
0.2594
0.2726
0.2866
0.3014
0.3166
0.3322
0.3480
0.3639
0.3794
0.3946
0.4090
0.4225
0.4349
0.4458
0.4551
0.4626
0.4682
0.4719
0.4736
0.4735
0.4717
0.4684
0.4640
0.4586
0.4528
0.4469
0.4412
0.4361
0.4319
0.4288
0.4271
0.4268
0.4281
0.4307
0.4347
0.4399
0.4460
0.4529
0.4603
0.4680
0.4758
0.4835
0.4909
0.4979
0.5044
0.5103
0.5155
0.5200
0.5238
0.5268
0.5290
0.5306
0.5314
0.5317
0.5314
0.5308
0.5301
0.5293
0.5287
0.5285
0.5290
0.5303
0.5326
0.5362
0.5410
0.5472
0.5549
0.5639
0.5743
0.5859
0.5985
0.6121
0.6264
0.6412
0.6563
0.6713
0.6861
0.7004
0.7141
0.7269
0.7387
0.7494
0.7590
0.7675
0.7750
0.7816
0.7874
0.7928
0.7979
0.8029
0.8080
0.8135
0.8193
0.8256
0.8324
0.8395
0.8469
0.8544
0.8618
0.8688
0.8752
0.8808
0.8853
0.8887
0.8906
0.8911
0.8901
0.8875
0.8835
0.8780
0.8712
0.8631
0.8539
0.8437
0.8326
0.8206
0.8079
0.7944
0.7804
0.7657
0.7506
0.7350
0.7191
0.7030
0.6868
0.6707
0.6549
0.6397
0.6250
0.6112
0.5983
0.5864
0.5755
0.5658
0.5571
0.5494
0.5427
0.5369
0.5320
0.5278
0.5243
0.5216
0.5195
0.5181
0.5174
0.5173
0.5177
0.5187
0.5202
0.5220
0.5239
0.5258
0.5275
0.5286
0.5290
0.5283
0.5263
0.5226
0.5171
0.5096
0.4999
0.4880
0.4739
0.4577
0.4396
0.4199
0.3987
0.3764
0.3533
0.3297
0.3060
0.2824
0.2591
0.2364
0.2144
0.1933
0.1732
0.1542
0.1365
0.1200
0.1048
0.0911
0.0788
0.0679
0.0584
0.0503
0.0434
0.0376
0.0327
0.0286
0.0250
0.0218
0.0188
0.0159
0.0129
0.0097
0.0063
0.0027
-0.0010
-0.0048
-0.0085
-0.0121
-0.0153
-0.0182
-0.0206
-0.0224
-0.0235
-0.0240
-0.0237
-0.0227
-0.0210
-0.0185
-0.0152
-0.0112
-0.0063
-0.0007
0.0058
0.0132
0.0215
0.0307
0.0409
0.0520
0.0642
0.0774
0.0916
0.1068
0.1229
0.1401
0.1580
0.1767
0.1960
0.2157
0.2357
0.2556
0.2754
0.2948
0.3136
0.3316
0.3487
0.3646
0.3794
0.3929
0.4051
0.4160
0.4256
0.4339
0.4411
0.4471
0.4521
0.4561
0.4593
0.4617
0.4634
0.4646
0.4651
0.4652
0.4648
0.4639
0.4626
0.4607
0.4584
0.4556
0.4522
0.4483
0.4440
0.4393
0.4343
0.4291
0.4238
0.4186
0.4136
0.4089
0.4046
0.4009
0.3978
0.3955
0.3939
0.3932
0.3934
0.3944
0.3964
0.3993
0.4032
0.4080
0.4137
0.4202
0.4274
0.4353
0.4436
0.4523
0.4612
0.4700
0.4788
0.4872
0.4952
0.5025
0.5092
0.5152
0.5202
0.5245
0.5278
0.5303
0.5320
0.5330
0.5333
0.5330
0.5323
0.5312
0.5299
0.5285
0.5272
0.5261
0.5252
0.5247
0.5246
0.5250
0.5259
0.5273
0.5292
0.5316
0.5343
0.5374
0.5407
0.5442
0.5480
0.5519
0.5560
0.5603
0.5650
0.5702
0.5758
0.5821
0.5891
0.5969
0.6054
0.6147
0.6247
0.6353
0.6462
0.6574
0.6686
0.6795
0.6901
0.7000
0.7092
0.7173
0.7244
0.7304
0.7352
0.7387
0.7412
0.7426
0.7431
0.7429
0.7420
0.7407
0.7392
0.7377
0.7363
0.7352
0.7346
0.7345
0.7350
0.7361
0.7378
0.7399
0.7423
0.7449
0.7474
0.7497
0.7515
0.7526
0.7529
0.7521
0.7502
0.7472
0.7429
0.7375
0.7309
0.7234
0.7149
0.7057
0.6959
0.6856
0.6750
0.6642
0.6534
0.6425
0.6317
0.6210
0.6104
0.6000
0.5897
0.5796
0.5697
0.5599
0.5503
0.5410
0.5319
0.5232
0.5150
0.5073
0.5003
0.4941
0.4888
0.4846
0.4815
0.4796
0.4789
0.4794
0.4809
0.4834
0.4867
0.4905
0.4946
0.4987
0.5026
0.5062
0.5091
0.5112
0.5125
0.5128
0.5123
0.5109
0.5088
0.5060
0.5026
0.4988
0.4946
0.4899
0.4848
0.4792
0.4730
0.4660
0.4582
0.4494
0.4395
0.4285
0.4163
0.4030
0.3887
0.3736
0.3578
0.3417
0.3255
0.3093
0.2936
0.2784
0.2640
0.2505
0.2380
0.2267
0.2165
0.2075
0.1996
0.1928
0.1872
0.1825
0.1787
0.1758
0.1735
0.1718
0.1705
0.1695
0.1687
0.1678
0.1669
0.1658
0.1645
0.1629
0.1610
0.1588
0.1563
0.1535
0.1504
0.1472
0.1437
0.1401
0.1365
0.1328
0.1292
0.1257
0.1227
0.1201
0.1181
0.1169
0.1168
0.1178
0.1200
0.1236
0.1286
0.1351
0.1430
0.1522
0.1627
0.1743
0.1870
0.2005
0.2148
0.2298
0.2453
0.2613
0.2779
0.2949
0.3124
0.3305
0.3491
0.3682
0.3878
0.4077
0.4279
0.4482
0.4685
0.4886
0.5081
0.5270
0.5451
0.5622
0.5782
0.5930
0.6066
0.6190
0.6303
0.6407
0.6502
0.6591
0.6675
0.6755
0.6834
0.6912
0.6990
0.7070
0.7150
0.7231
0.7312
0.7390
0.7465
0.7534
0.7595
0.7647
0.7688
0.7716
0.7731
0.7733
0.7723
0.7702
0.7673
0.7637
0.7599
0.7561
0.7526
0.7498
0.7478
0.7469
0.7473
0.7490
0.7521
0.7566
0.7623
0.7691
0.7769
0.7855
0.7946
0.8040
0.8136
0.8231
0.8323
0.8411
0.8492
0.8566
0.8632
0.8689
0.8735
0.8771
0.8796
0.8809
0.8811
0.8801
0.8779
0.8746
0.8701
0.8645
0.8579
0.8502
0.8416
0.8323
0.8222
0.8115
0.8003
0.7888
0.7769
0.7649
0.7526
0.7403
0.7278
0.7151
0.7024
0.6894
0.6763
0.6630
0.6496
0.6360
0.6224
0.6088
0.5952
0.5819
0.5688
0.5562
0.5440
0.5325
0.5216
0.5114
0.5019
0.4929
0.4845
0.4765
0.4687
0.4609
0.4528
0.4444
0.4354
0.4255
0.4148
0.4030
0.3903
0.3767
0.3624
0.3475
0.3324
0.3174
0.3027
0.2887
0.2758
0.2641
0.2539
0.2452
0.2382
0.2327
0.2288
0.2262
0.2248
0.2245
0.2250
0.2263
0.2281
0.2306
0.2336
0.2372
0.2415
0.2467
0.2527
0.2597
0.2676
0.2766
0.2865
0.2973
0.3086
0.3204
0.3324
0.3444
0.3561
0.3672
0.3777
0.3874
0.3962
0.4041
0.4110
0.4171
0.4225
0.4273
0.4316
0.4356
0.4395
0.4434
0.4476
0.4522
0.4573
0.4631
0.4698
0.4773
0.4857
0.4950
0.5053
0.5163
0.5281
0.5405
0.5534
0.5666
0.5800
0.5935
0.6070
0.6203
0.6333
0.6461
0.6585
0.6706
0.6822
0.6933
0.7040
0.7142
0.7239
0.7331
0.7418
0.7502
0.7581
0.7658
0.7733
0.7806
0.7879
0.7951
0.8025
0.8099
0.8176
0.8254
0.8334
0.8415
0.8498
0.8581
0.8663
0.8745
0.8825
0.8902
0.8975
0.9044
0.9109
0.9169
0.9223
0.9272
0.9315
0.9353
0.9386
0.9413
0.9435
0.9453
0.9464
0.9471
0.9470
0.9463
0.9448
0.9424
0.9390
0.9345
0.9289
0.9220
0.9138
0.9043
0.8937
0.8818
0.8689
0.8551
0.8406
0.8255
0.8101
0.7944
0.7787
0.7632
0.7479
0.7329
0.7185
0.7046
0.6915
0.6790
0.6673
0.6565
0.6466
0.6376
0.6296
0.6224
0.6161
0.6104
0.6054
0.6008
0.5965
0.5922
0.5878
0.5830
0.5777
0.5718
0.5651
0.5577
0.5495
0.5405
0.5309
0.5209
0.5106
0.5002
0.4901
0.4803
0.4712
0.4630
0.4558
0.4499
0.4452
0.4420
0.4401
0.4396
0.4404
0.4424
0.4455
0.4494
0.4539
0.4588
0.4638
0.4688
0.4735
0.4777
0.4812
0.4841
0.4862
0.4875
0.4881
0.4882
0.4878
0.4871
0.4862
0.4853
0.4845
0.4837
0.4828
0.4819
0.4805
0.4786
0.4756
0.4713
0.4653
0.4573
0.4470
0.4342
0.4188
0.4009
0.3805
0.3579
0.3334
0.3074
0.2803
0.2526
0.2245
0.1964
0.1687
0.1413
0.1145
0.0881
0.0622
0.0364
0.0108
-0.0151
-0.0413
-0.0680
-0.0954
-0.1235
-0.1523
-0.1817
-0.2116
-0.2417
-0.2718
-0.3018
-0.3314
-0.3604
-0.3887
-0.4161
-0.4427
-0.4684
-0.4934
-0.5178
-0.5416
-0.5650
-0.5881
-0.6110
-0.6336
-0.6560
-0.6780
-0.6994
-0.7201
-0.7399
-0.7586
-0.7759
-0.7917
-0.8058
-0.8182
-0.8288
-0.8376
-0.8446
-0.8502
-0.8542
-0.8571
-0.8589
-0.8599
-0.8601
-0.8599
-0.8592
-0.8581
-0.8567
-0.8548
-0.8524
-0.8494
-0.8455
-0.8406
-0.8346
-0.8271
-0.8180
-0.8073
-0.7947
-0.7802
-0.7638
-0.7456
-0.7255
-0.7039
-0.6809
-0.6568
-0.6317
-0.6059
-0.5798
-0.5534
-0.5269
-0.5006
-0.4744
-0.4483
-0.4223
-0.3965
-0.3706
-0.3446
-0.3185
-0.2923
-0.2660
-0.2397
-0.2135
-0.1877
-0.1624
-0.1380
-0.1148
-0.0929
-0.0727
-0.0544
-0.0383
-0.0243
-0.0127
-0.0034
0.0037
0.0085
0.0114
0.0124
0.0120
0.0102
0.0076
0.0043
0.0008
-0.0027
-0.0059
-0.0085
-0.0103
-0.0111
-0.0108
-0.0095
-0.0071
-0.0038
0.0005
0.0054
0.0108
0.0166
0.0224
0.0281
0.0335
0.0385
0.0429
0.0466
0.0497
0.0520
0.0536
0.0545
0.0547
0.0544
0.0535
0.0521
0.0504
0.0483
0.0461
0.0438
0.0414
0.0390
0.0367
0.0346
0.0327
0.0310
0.0296
0.0286
0.0278
0.0274
0.0272
0.0273
0.0275
0.0279
0.0282
0.0284
0.0285
0.0282
0.0276
0.0264
0.0245
0.0219
0.0185
0.0141
0.0087
0.0021
-0.0057
-0.0149
-0.0255
-0.0375
-0.0512
-0.0664
-0.0834
-0.1021
-0.1225
-0.1447
-0.1686
-0.1943
-0.2217
-0.2508
-0.2814
-0.3135
-0.3469
-0.3812
-0.4164
-0.4518
-0.4872
-0.5220
-0.5556
-0.5874
-0.6167
-0.6430
-0.6655
-0.6837
-0.6972
-0.7055
-0.7085
-0.7061
-0.6985
-0.6858
-0.6686
-0.6472
-0.6223
-0.5946
-0.5646
-0.5331
-0.5006
-0.4676
-0.4344
-0.4014
-0.3686
-0.3362
-0.3040
-0.2721
-0.2401
-0.2080
-0.1757
-0.1430
-0.1098
-0.0762
-0.0424
-0.0085
0.0253
0.0586
0.0910
0.1222
0.1519
0.1795
0.2047
0.2273
0.2470
0.2636
0.2769
0.2869
0.2936
0.2970
0.2974
0.2949
0.2897
0.2822
0.2726
0.2613
0.2486
0.2348
0.2202
0.2052
0.1900
0.1749
0.1601
0.1460
0.1325
0.1200
0.1087
0.0985
0.0898
0.0826
0.0769
0.0727
0.0702
0.0691
0.0694
0.0708
0.0732
0.0762
0.0795
0.0828
0.0857
0.0881
0.0895
0.0900
0.0892
0.0874
0.0844
0.0806
0.0760
0.0711
0.0659
0.0609
0.0562
0.0521
0.0486
0.0459
0.0439
0.0426
0.0420
0.0418
0.0421
0.0425
0.0430
0.0434
0.0437
0.0437
0.0435
0.0430
0.0422
0.0413
0.0404
0.0394
0.0386
0.0381
0.0379
0.0383
0.0392
0.0406
0.0427
0.0453
0.0485
0.0520
0.0559
0.0600
0.0642
0.0684
0.0727
0.0768
0.0809
0.0847
0.0885
0.0920
0.0954
0.0985
0.1014
0.1038
0.1058
0.1072
0.1079
0.1077
0.1065
0.1042
0.1009
0.0966
0.0913
0.0852
0.0787
0.0719
0.0653
0.0593
0.0541
0.0502
0.0479
0.0474
0.0487
0.0521
0.0573
0.0643
0.0727
0.0824
0.0931
0.1043
0.1158
0.1273
0.1386
0.1495
0.1600
0.1699
0.1794
0.1884
0.1972
0.2056
0.2140
0.2223
0.2307
0.2393
0.2481
0.2571
0.2665
0.2763
0.2865
0.2972
0.3084
0.3201
0.3325
0.3455
0.3590
0.3731
0.3875
0.4023
0.4173
0.4321
0.4468
0.4610
0.4745
0.4871
0.4988
0.5093
0.5186
0.5267
0.5335
0.5391
0.5435
0.5470
0.5495
0.5513
0.5524
0.5530
0.5531
0.5530
0.5527
0.5522
0.5516
0.5507
0.5498
0.5485
0.5470
0.5451
0.5427
0.5397
0.5360
0.5315
0.5260
0.5196
0.5121
0.5034
0.4934
0.4822
0.4697
0.4560
0.4409
0.4246
0.4071
0.3885
0.3687
0.3480
0.3263
0.3038
0.2806
0.2568
0.2325
0.2080
0.1834
0.1589
0.1348
0.1113
0.0887
0.0672
0.0471
0.0285
0.0116
-0.0036
-0.0169
-0.0285
-0.0385
-0.0468
-0.0538
-0.0595
-0.0641
-0.0679
-0.0710
-0.0734
-0.0754
-0.0769
-0.0779
-0.0786
-0.0788
-0.0785
-0.0777
-0.0763
-0.0744
-0.0719
-0.0688
-0.0653
-0.0612
-0.0567
-0.0517
-0.0464
-0.0406
-0.0344
-0.0276
-0.0203
-0.0124
-0.0037
0.0058
0.0162
0.0274
0.0395
0.0524
0.0659
0.0800
0.0944
0.1089
0.1233
0.1372
0.1504
0.1626
0.1736
0.1832
0.1913
0.1977
0.2024
0.2056
0.2071
0.2072
0.2061
0.2038
0.2007
0.1969
0.1926
0.1880
0.1834
0.1788
0.1744
0.1703
0.1667
0.1635
0.1608
0.1587
0.1572
0.1562
0.1557
0.1557
0.1561
0.1567
0.1575
0.1582
0.1587
0.1587
0.1581
0.1567
0.1543
0.1506
0.1457
0.1393
0.1316
0.1225
0.1120
0.1004
0.0877
0.0742
0.0599
0.0452
0.0301
0.0150
-0.0002
-0.0151
-0.0297
-0.0438
-0.0573
-0.0701
-0.0822
-0.0936
-0.1041
-0.1139
-0.1230
-0.1315
-0.1396
-0.1474
-0.1553
-0.1634
-0.1720
-0.1813
-0.1915
-0.2028
-0.2152
-0.2287
-0.2434
-0.2590
-0.2755
-0.2926
-0.3102
-0.3278
-0.3454
-0.3626
-0.3793
-0.3954
-0.4107
-0.4252
-0.4389
-0.4518
-0.4640
-0.4755
-0.4864
-0.4968
-0.5067
-0.5163
-0.5255
-0.5344
-0.5429
-0.5511
-0.5590
-0.5665
-0.5737
-0.5804
-0.5868
-0.5929
-0.5985
-0.6038
-0.6088
-0.6134
-0.6177
-0.6217
-0.6253
-0.6285
-0.6313
-0.6335
-0.6352
-0.6360
-0.6360
-0.6347
-0.6321
-0.6280
-0.6219
-0.6139
-0.6036
-0.5911
-0.5762
-0.5592
-0.5401
-0.5194
-0.4973
-0.4744
-0.4512
-0.4283
-0.4061
-0.3854
-0.3664
-0.3497
-0.3356
-0.3243
-0.3161
-0.3108
-0.3087
-0.3095
-0.3131
-0.3194
-0.3280
-0.3388
-0.3514
-0.3656
-0.3810
-0.3974
-0.4144
-0.4318
-0.4493
-0.4666
-0.4836
-0.5000
-0.5157
-0.5305
-0.5444
-0.5571
-0.5688
-0.5792
-0.5886
-0.5968
-0.6039
-0.6100
-0.6149
-0.6189
-0.6218
-0.6236
-0.6245
-0.6243
-0.6231
-0.6208
-0.6174
-0.6128
-0.6070
-0.6001
-0.5921
-0.5830
-0.5729
-0.5619
-0.5502
-0.5379
-0.5252
-0.5122
-0.4993
-0.4865
-0.4742
-0.4626
-0.4518
-0.4420
-0.4336
-0.4265
-0.4211
-0.4174
-0.4155
-0.4156
-0.4175
-0.4213
-0.4268
-0.4339
-0.4424
-0.4521
-0.4627
-0.4739
-0.4855
-0.4972
-0.5088
-0.5200
-0.5308
-0.5409
-0.5504
-0.5591
-0.5669
-0.5738
-0.5796
-0.5843
-0.5877
-0.5898
-0.5904
-0.5894
-0.5869
-0.5827
-0.5771
-0.5701
-0.5620
-0.5530
-0.5435
-0.5339
-0.5243
-0.5153
-0.5069
-0.4994
-0.4929
-0.4874
-0.4829
-0.4792
-0.4762
-0.4738
-0.4718
-0.4700
-0.4683
-0.4668
-0.4653
-0.4641
-0.4633
-0.4629
-0.4632
-0.4643
-0.4663
-0.4694
-0.4734
-0.4783
-0.4840
-0.4902
-0.4968
-0.5035
-0.5101
-0.5164
-0.5222
-0.5277
-0.5326
-0.5373
-0.5417
-0.5461
-0.5507
-0.5557
-0.5612
-0.5675
-0.5746
-0.5825
-0.5910
-0.6002
-0.6097
-0.6194
-0.6290
-0.6382
-0.6469
-0.6547
-0.6616
-0.6674
-0.6721
-0.6757
-0.6783
-0.6799
-0.6806
-0.6806
-0.6800
-0.6789
-0.6775
-0.6759
-0.6741
-0.6721
-0.6701
-0.6679
-0.6656
-0.6632
-0.6606
-0.6577
-0.6546
-0.6512
-0.6476
-0.6437
-0.6395
-0.6351
-0.6305
-0.6257
-0.6208
-0.6156
-0.6102
-0.6046
-0.5987
-0.5925
-0.5860
-0.5792
-0.5722
-0.5650
-0.5578
-0.5507
-0.5438
-0.5373
-0.5313
-0.5259
-0.5212
-0.5171
-0.5137
-0.5107
-0.5081
-0.5058
-0.5035
-0.5011
-0.4985
-0.4956
-0.4923
-0.4886
-0.4845
-0.4802
-0.4756
-0.4710
-0.4664
-0.4620
-0.4580
-0.4545
-0.4515
-0.4492
-0.4477
-0.4469
-0.4468
-0.4476
-0.4491
-0.4512
-0.4539
-0.4572
-0.4608
-0.4647
-0.4687
-0.4727
-0.4766
-0.4802
-0.4834
-0.4862
-0.4884
-0.4901
-0.4914
-0.4922
-0.4929
-0.4936
-0.4945
-0.4959
-0.4982
-0.5017
-0.5065
-0.5129
-0.5211
-0.5311
-0.5430
-0.5565
-0.5714
-0.5874
-0.6041
-0.6209
-0.6374
-0.6529
-0.6669
-0.6790
-0.6886
-0.6956
-0.6995
-0.7004
-0.6981
-0.6929
-0.6848
-0.6741
-0.6612
-0.6464
-0.6299
-0.6123
-0.5936
-0.5740
-0.5538
-0.5328
-0.5111
-0.4885
-0.4649
-0.4400
-0.4137
-0.3857
-0.3561
-0.3247
-0.2917
-0.2572
-0.2214
-0.1849
-0.1478
-0.1108
-0.0742
-0.0384
-0.0039
0.0292
0.0605
0.0900
0.1176
0.1434
0.1673
0.1897
0.2105
0.2300
0.2482
0.2653
0.2814
0.2966
0.3109
0.3243
0.3368
0.3485
0.3592
0.3690
0.3778
0.3855
0.3922
0.3979
0.4024
0.4058
0.4083
0.4097
0.4103
0.4100
0.4091
0.4076
0.4056
0.4032
0.4004
0.3974
0.3941
0.3905
0.3867
0.3825
0.3779
0.3728
0.3673
0.3612
0.3546
0.3474
0.3397
0.3316
0.3231
0.3143
0.3053
0.2963
0.2873
0.2784
0.2696
0.2610
0.2524
0.2440
0.2355
0.2269
0.2182
0.2092
0.1998
0.1901
0.1800
0.1695
0.1587
0.1476
0.1362
0.1247
0.1131
0.1016
0.0903
0.0792
0.0683
0.0577
0.0475
0.0376
0.0281
0.0187
0.0096
0.0006
-0.0084
-0.0173
-0.0264
-0.0356
-0.0451
-0.0548
-0.0648
-0.0751
-0.0858
-0.0970
-0.1086
-0.1207
-0.1335
-0.1470
-0.1612
-0.1764
-0.1925
-0.2096
-0.2279
-0.2473
-0.2679
-0.2895
-0.3122
-0.3358
-0.3602
-0.3853
-0.4109
-0.4369
-0.4632
-0.4896
-0.5159
-0.5422
-0.5681
-0.5937
-0.6189
-0.6437
-0.6678
-0.6914
-0.7144
-0.7366
-0.7581
-0.7787
-0.7984
-0.8170
-0.8344
-0.8506
-0.8653
-0.8784
-0.8900
-0.8999
-0.9082
-0.9150
-0.9204
-0.9246
-0.9278
-0.9303
-0.9324
-0.9343
-0.9363
-0.9387
-0.9416
-0.9451
-0.9492
-0.9541
-0.9596
-0.9657
-0.9721
-0.9789
-0.9858
-0.9927
-0.9995
-1.0060
-1.0121
-1.0177
-1.0228
-1.0274
-1.0314
-1.0348
-1.0377
-1.0400
-1.0419
-1.0435
-1.0448
-1.0460
-1.0472
-1.0486
-1.0504
-1.0527
-1.0557
-1.0595
-1.0642
-1.0698
-1.0763
-1.0835
-1.0913
-1.0993
-1.1073
-1.1149
-1.1215
-1.1269
-1.1305
-1.1320
-1.1311
-1.1276
-1.1213
-1.1121
-1.1003
-1.0858
-1.0689
-1.0500
-1.0293
-1.0072
-0.9840
-0.9602
-0.9361
-0.9119
-0.8880
-0.8646
-0.8420
-0.8202
-0.7994
-0.7798
-0.7614
-0.7443
-0.7286
-0.7141
-0.7010
-0.6891
-0.6783
-0.6686
-0.6597
-0.6517
-0.6442
-0.6371
-0.6302
-0.6233
-0.6163
-0.6090
-0.6012
-0.5929
-0.5839
-0.5743
-0.5639
-0.5528
-0.5410
-0.5284
-0.5152
-0.5013
-0.4868
-0.4717
-0.4562
-0.4402
-0.4238
-0.4072
-0.3903
-0.3733
-0.3563
-0.3395
-0.3228
-0.3065
-0.2907
-0.2753
-0.2606
-0.2466
-0.2333
-0.2208
-0.2093
-0.1988
-0.1894
-0.1812
-0.1745
-0.1693
-0.1659
-0.1645
-0.1652
-0.1683
-0.1739
-0.1821
-0.1931
-0.2069
-0.2234
-0.2426
-0.2644
-0.2884
-0.3145
-0.3423
-0.3713
-0.4012
-0.4313
-0.4611
-0.4902
-0.5180
-0.5439
-0.5676
-0.5886
-0.6066
-0.6213
-0.6327
-0.6406
-0.6450
-0.6460
-0.6437
-0.6382
-0.6297
-0.6182
-0.6040
-0.5871
-0.5676
-0.5455
-0.5207
-0.4933
-0.4633
-0.4306
-0.3953
-0.3574
-0.3173
-0.2751
-0.2312
-0.1863
-0.1407
-0.0953
-0.0506
-0.0076
0.0332
0.0710
0.1053
0.1356
0.1614
0.1826
0.1990
0.2108
0.2181
0.2212
0.2204
0.2162
0.2089
0.1990
0.1870
0.1732
0.1580
0.1416
0.1244
0.1066
0.0882
0.0695
0.0505
0.0315
0.0125
-0.0063
-0.0249
-0.0429
-0.0602
-0.0768
-0.0923
-0.1067
-0.1200
-0.1319
-0.1426
-0.1522
-0.1608
-0.1686
-0.1759
-0.1832
-0.1909
-0.1994
-0.2093
-0.2209
-0.2349
-0.2515
-0.2712
-0.2943
-0.3209
-0.3511
-0.3849
-0.4221
-0.4625
-0.5058
-0.5514
-0.5991
-0.6483
-0.6985
-0.7491
-0.7998
-0.8501
-0.8996
-0.9480
-0.9952
-1.0410
-1.0852
-1.1278
-1.1688
-1.2083
-1.2464
-1.2830
-1.3182
-1.3521
-1.3847
-1.4160
-1.4461
-1.4748
-1.5022
-1.5282
-1.5529
-1.5762
-1.5982
-1.6188
-1.6382
-1.6563
-1.6732
-1.6889
-1.7035
-1.7170
-1.7293
-1.7403
-1.7501
-1.7586
-1.7656
-1.7713
-1.7755
-1.7783
-1.7797
-1.7800
-1.7791
-1.7774
-1.7748
-1.7716
-1.7679
-1.7638
-1.7591
-1.7540
-1.7482
-1.7416
-1.7340
-1.7250
-1.7143
-1.7017
-1.6869
-1.6694
-1.6491
-1.6256
-1.5987
-1.5681
-1.5338
-1.4954
-1.4528
-1.4061
-1.3550
-1.2998
-1.2404
-1.1771
-1.1101
-1.0397
-0.9665
-0.8908
-0.8133
-0.7345
-0.6550
-0.5755
-0.4964
-0.4183
-0.3417
-0.2669
-0.1943
-0.1240
-0.0561
0.0091
0.0718
0.1319
0.1895
0.2446
0.2973
0.3476
0.3956
0.4412
0.4847
0.5258
0.5648
0.6015
0.6361
0.6685
0.6988
0.7270
0.7531
0.7771
0.7991
0.8192
0.8372
0.8531
0.8671
0.8791
0.8891
0.8971
0.9031
0.9072
0.9093
0.9095
0.9078
0.9044
0.8993
0.8925
0.8843
0.8746
0.8638
0.8519
0.8392
0.8258
0.8121
0.7982
0.7843
0.7707
0.7576
0.7451
0.7334
0.7225
0.7126
0.7037
0.6956
0.6883
0.6818
0.6759
0.6705
0.6654
0.6606
0.6560
0.6514
0.6470
0.6425
0.6382
0.6339
0.6297
0.6257
0.6218
0.6182
0.6148
0.6115
0.6086
0.6058
0.6032
0.6009
0.5987
0.5968
0.5951
0.5936
0.5923
0.5911
0.5901
0.5892
0.5882
0.5871
0.5858
0.5841
0.5817
0.5787
0.5747
0.5696
0.5632
0.5555
0.5464
0.5358
0.5238
0.5105
0.4959
0.4804
0.4641
0.4473
0.4305
0.4138
0.3977
0.3825
0.3685
0.3560
0.3453
0.3366
0.3300
0.3257
0.3235
0.3236
0.3257
0.3298
0.3356
0.3428
0.3512
0.3604
0.3703
0.3805
0.3907
0.4008
0.4106
0.4199
0.4288
0.4372
0.4451
0.4526
0.4600
0.4672
0.4745
0.4820
0.4899
0.4981
0.5068
0.5159
0.5254
0.5351
0.5450
0.5547
0.5641
0.5730
0.5811
0.5883
0.5943
0.5991
0.6025
0.6045
0.6050
0.6040
0.6016
0.5977
0.5924
0.5857
0.5776
0.5681
0.5572
0.5450
0.5315
0.5168
0.5009
0.4839
0.4660
0.4474
0.4281
0.4085
0.3886
0.3688
0.3491
0.3297
0.3107
0.2921
0.2741
0.2567
0.2398
0.2235
0.2078
0.1925
0.1778
0.1636
0.1499
0.1368
0.1241
0.1119
0.1002
0.0890
0.0781
0.0676
0.0575
0.0475
0.0378
0.0282
0.0188
0.0096
0.0006
-0.0079
-0.0159
-0.0233
-0.0298
-0.0353
-0.0396
-0.0424
-0.0438
-0.0437
-0.0420
-0.0387
-0.0342
-0.0284
-0.0218
-0.0146
-0.0072
0.0001
0.0068
0.0126
0.0173
0.0206
0.0224
0.0226
0.0213
0.0186
0.0147
0.0101
0.0050
-0.0001
-0.0048
-0.0086
-0.0112
-0.0123
-0.0116
-0.0091
-0.0048
0.0012
0.0087
0.0174
0.0270
0.0370
0.0471
0.0569
0.0660
0.0743
0.0815
0.0875
0.0924
0.0960
0.0986
0.1002
0.1012
0.1016
0.1017
0.1017
0.1018
0.1023
0.1031
0.1046
0.1067
0.1095
0.1130
0.1172
0.1221
0.1277
0.1338
0.1404
0.1475
0.1550
0.1628
0.1710
0.1794
0.1881
0.1971
0.2064
0.2161
0.2261
0.2366
0.2478
0.2596
0.2721
0.2856
0.3001
0.3156
0.3323
0.3500
0.3687
0.3883
0.4086
0.4294
0.4503
0.4711
0.4915
0.5110
0.5294
0.5465
0.5619
0.5755
0.5872
0.5971
0.6050
0.6113
0.6159
0.6191
0.6211
0.6222
0.6226
0.6226
0.6224
0.6223
0.6224
0.6231
0.6244
0.6265
0.6295
0.6335
0.6385
0.6444
0.6513
0.6588
0.6670
0.6754
0.6839
0.6922
0.7001
0.7072
0.7134
0.7185
0.7224
0.7251
0.7266
0.7271
0.7267
0.7256
0.7242
0.7227
0.7214
0.7205
0.7203
0.7210
0.7226
0.7252
0.7288
0.7334
0.7387
0.7448
0.7513
0.7582
0.7652
0.7722
0.7789
0.7854
0.7913
0.7966
0.8012
0.8049
0.8077
0.8093
0.8098
0.8091
0.8069
0.8035
0.7986
0.7924
0.7849
0.7762
0.7665
0.7559
0.7447
0.7331
0.7212
0.7092
0.6974
0.6858
0.6745
0.6636
0.6530
0.6427
0.6327
0.6228
0.6130
0.6031
0.5930
0.5827
0.5720
0.5610
0.5497
0.5381
0.5261
0.5140
0.5016
0.4890
0.4764
0.4636
0.4506
0.4374
0.4239
0.4100
0.3956
0.3806
0.3649
0.3484
0.3309
0.3126
0.2934
0.2733
0.2524
0.2307
0.2083
0.1853
0.1617
0.1378
0.1134
0.0887
0.0637
0.0385
0.0131
-0.0124
-0.0379
-0.0632
-0.0882
-0.1127
-0.1366
-0.1597
-0.1819
-0.2030
-0.2230
-0.2419
-0.2596
-0.2763
-0.2922
-0.3073
-0.3220
-0.3365
-0.3511
-0.3659
-0.3812
-0.3971
-0.4138
-0.4314
-0.4499
-0.4691
-0.4890
-0.5094
-0.5301
-0.5507
-0.5710
-0.5908
-0.6096
-0.6273
-0.6436
-0.6583
-0.6712
-0.6823
-0.6914
-0.6986
-0.7040
-0.7076
-0.7096
-0.7102
-0.7096
-0.7079
-0.7053
-0.7019
-0.6979
-0.6933
-0.6881
-0.6821
-0.6751
-0.6670
-0.6574
-0.6460
-0.6325
-0.6166
-0.5982
-0.5770
-0.5530
-0.5264
-0.4973
-0.4661
-0.4331
-0.3988
-0.3639
-0.3289
-0.2944
-0.2609
-0.2289
-0.1990
-0.1715
-0.1467
-0.1248
-0.1062
-0.0908
-0.0788
-0.0702
-0.0649
-0.0631
-0.0645
-0.0691
-0.0767
-0.0873
-0.1006
-0.1165
-0.1347
-0.1551
-0.1774
-0.2013
-0.2268
-0.2535
-0.2812
-0.3098
-0.3390
-0.3687
-0.3986
-0.4286
-0.4584
-0.4880
-0.5170
-0.5453
-0.5727
-0.5989
-0.6237
-0.6471
-0.6687
-0.6884
-0.7061
-0.7217
-0.7350
-0.7462
-0.7551
-0.7619
-0.7666
-0.7694
-0.7704
-0.7698
-0.7677
-0.7643
-0.7597
-0.7541
-0.7474
-0.7398
-0.7311
-0.7213
-0.7105
-0.6983
-0.6848
-0.6698
-0.6532
-0.6349
-0.6149
-0.5932
-0.5699
-0.5450
-0.5187
-0.4912
-0.4627
-0.4335
-0.4038
-0.3739
-0.3440
-0.3144
-0.2853
-0.2568
-0.2291
-0.2023
-0.1763
-0.1512
-0.1271
-0.1038
-0.0813
-0.0595
-0.0385
-0.0182
0.0014
0.0203
0.0385
0.0558
0.0724
0.0880
0.1026
0.1161
0.1285
0.1398
0.1499
0.1590
0.1672
0.1745
0.1812
0.1875
0.1936
0.1996
0.2058
0.2122
0.2189
0.2260
0.2333
0.2409
0.2485
0.2559
0.2631
0.2698
0.2759
0.2813
0.2859
0.2897
0.2926
0.2948
0.2962
0.2970
0.2972
0.2968
0.2959
0.2944
0.2924
0.2897
0.2863
0.2822
0.2772
0.2715
0.2651
0.2580
0.2505
0.2427
0.2347
0.2269
0.2196
0.2128
0.2069
0.2020
0.1983
0.1958
0.1945
0.1944
0.1954
0.1975
0.2003
0.2037
0.2074
0.2112
0.2147
0.2178
0.2201
0.2214
0.2215
0.2203
0.2178
0.2139
0.2086
0.2022
0.1947
0.1863
0.1774
0.1681
0.1586
0.1493
0.1402
0.1316
0.1234
0.1158
0.1087
0.1019
0.0955
0.0893
0.0831
0.0767
0.0699
0.0627
0.0550
0.0467
0.0379
0.0286
0.0190
0.0093
-0.0003
-0.0095
-0.0180
-0.0256
-0.0320
-0.0370
-0.0404
-0.0421
-0.0420
-0.0401
-0.0366
-0.0315
-0.0250
-0.0173
-0.0087
0.0005
0.0101
0.0199
0.0294
0.0386
0.0471
0.0547
0.0613
0.0667
0.0708
0.0735
0.0747
0.0744
0.0727
0.0695
0.0650
0.0593
0.0526
0.0450
0.0369
0.0285
0.0201
0.0119
0.0044
-0.0024
-0.0080
-0.0124
-0.0154
-0.0169
-0.0168
-0.0153
-0.0123
-0.0081
-0.0027
0.0037
0.0110
0.0189
0.0276
0.0368
0.0466
0.0570
0.0680
0.0797
0.0921
0.1052
0.1189
0.1334
0.1483
0.1637
0.1793
0.1949
0.2103
0.2253
0.2397
0.2531
0.2655
0.2768
0.2867
0.2954
0.3027
0.3087
0.3134
0.3169
0.3194
0.3209
0.3215
0.3214
0.3208
0.3198
0.3185
0.3171
0.3157
0.3146
0.3139
0.3137
0.3141
0.3152
0.3170
0.3195
0.3226
0.3261
0.3298
0.3333
0.3364
0.3387
0.3399
0.3398
0.3380
0.3345
0.3290
0.3218
0.3128
0.3024
0.2909
0.2787
0.2662
0.2541
0.2427
0.2326
0.2242
0.2179
0.2140
0.2126
0.2139
0.2177
0.2238
0.2321
0.2421
0.2534
0.2655
0.2780
0.2902
0.3018
0.3123
0.3213
0.3285
0.3336
0.3364
0.3368
0.3348
0.3305
0.3238
0.3151
0.3044
0.2919
0.2781
0.2630
0.2470
0.2303
0.2132
0.1959
0.1785
0.1614
0.1445
0.1281
0.1121
0.0965
0.0814
0.0667
0.0524
0.0383
0.0244
0.0106
-0.0031
-0.0167
-0.0301
-0.0433
-0.0560
-0.0681
-0.0793
-0.0894
-0.0981
-0.1051
-0.1104
-0.1136
-0.1146
-0.1135
-0.1103
-0.1051
-0.0980
-0.0892
-0.0791
-0.0680
-0.0561
-0.0439
-0.0318
-0.0200
-0.0090
0.0009
0.0095
0.0163
0.0213
0.0242
0.0249
0.0234
0.0197
0.0139
0.0061
-0.0034
-0.0143
-0.0265
-0.0395
-0.0532
-0.0672
-0.0812
-0.0950
-0.1084
-0.1211
-0.1332
-0.1444
-0.1547
-0.1641
-0.1725
-0.1800
-0.1867
-0.1925
-0.1977
-0.2023
-0.2064
-0.2103
-0.2140
-0.2178
-0.2217
-0.2259
-0.2305
-0.2356
-0.2412
-0.2472
-0.2537
-0.2604
-0.2673
-0.2741
-0.2806
-0.2866
-0.2920
-0.2964
-0.2997
-0.3017
-0.3024
-0.3017
-0.2995
-0.2959
-0.2908
-0.2845
-0.2768
-0.2679
-0.2579
-0.2468
-0.2347
-0.2217
-0.2078
-0.1931
-0.1776
-0.1616
-0.1450
-0.1280
-0.1109
-0.0937
-0.0768
-0.0602
-0.0443
-0.0293
-0.0152
-0.0022
0.0096
0.0202
0.0298
0.0385
0.0465
0.0540
0.0613
0.0687
0.0764
0.0847
0.0937
0.1035
0.1141
0.1253
0.1370
0.1489
0.1607
0.1720
0.1825
0.1917
0.1994
0.2053
0.2093
0.2112
0.2112
0.2093
0.2057
0.2008
0.1947
0.1878
0.1805
0.1731
0.1657
0.1587
0.1521
0.1460
0.1403
0.1351
0.1300
0.1251
0.1199
0.1144
0.1082
0.1012
0.0931
0.0839
0.0734
0.0616
0.0485
0.0344
0.0192
0.0033
-0.0131
-0.0296
-0.0459
-0.0616
-0.0765
-0.0901
-0.1021
-0.1123
-0.1205
-0.1266
-0.1304
-0.1320
-0.1313
-0.1287
-0.1241
-0.1178
-0.1102
-0.1014
-0.0919
-0.0820
-0.0721
-0.0625
-0.0537
-0.0461
-0.0400
-0.0357
-0.0335
-0.0336
-0.0361
-0.0410
-0.0483
-0.0577
-0.0691
-0.0821
-0.0963
-0.1112
-0.1263
-0.1412
-0.1553
-0.1685
-0.1802
-0.1903
-0.1986
-0.2052
-0.2100
-0.2133
-0.2152
-0.2160
-0.2160
-0.2156
-0.2151
-0.2147
-0.2147
-0.2154
-0.2170
-0.2197
-0.2234
-0.2284
-0.2346
-0.2421
-0.2509
-0.2609
-0.2722
-0.2847
-0.2984
-0.3132
-0.3292
-0.3464
-0.3648
-0.3844
-0.4052
-0.4273
-0.4507
-0.4754
-0.5013
-0.5286
-0.5569
-0.5864
-0.6166
-0.6476
-0.6789
-0.7104
-0.7417
-0.7725
-0.8024
-0.8312
-0.8585
-0.8843
-0.9081
-0.9301
-0.9501
-0.9682
-0.9845
-0.9991
-1.0122
-1.0241
-1.0349
-1.0450
-1.0546
-1.0636
-1.0723
-1.0807
-1.0887
-1.0963
-1.1032
-1.1093
-1.1144
-1.1183
-1.1208
-1.1218
-1.1212
-1.1189
-1.1150
-1.1094
-1.1024
-1.0941
-1.0847
-1.0743
-1.0633
-1.0518
-1.0401
-1.0283
-1.0167
-1.0054
-0.9947
-0.9845
-0.9751
-0.9665
-0.9588
-0.9520
-0.9460
-0.9408
-0.9363
-0.9324
-0.9290
-0.9259
-0.9230
-0.9202
-0.9174
-0.9143
-0.9110
-0.9073
-0.9031
-0.8985
-0.8932
-0.8872
-0.8805
-0.8728
-0.8640
-0.8541
-0.8428
-0.8301
-0.8159
-0.8002
-0.7829
-0.7643
-0.7444
-0.7235
-0.7020
-0.6802
-0.6584
-0.6372
-0.6169
-0.5979
-0.5806
-0.5651
-0.5519
-0.5409
-0.5322
-0.5258
-0.5214
-0.5189
-0.5179
-0.5179
-0.5185
-0.5190
-0.5187
-0.5172
-0.5136
-0.5075
-0.4983
-0.4857
-0.4694
-0.4492
-0.4253
-0.3980
-0.3676
-0.3349
-0.3004
