-0.2899
-0.1696
-0.0604
0.0379
0.1098
0.1533
0.1790
0.1745
0.1857
0.1709
0.1730
0.1299
0.0798
0.0012
-0.0705
-0.1144
-0.1365
-0.1230
-0.1174
-0.1229
-0.1589
-0.2195
-0.2764
-0.3266
-0.3467
-0.3598
-0.3631
-0.3732
-0.3897
-0.4174
-0.4641
-0.5183
-0.5740
-0.6050
-0.6126
-0.5968
-0.5723
-0.5447
-0.5085
-0.4681
-0.4202
-0.3832
-0.3680
-0.3757
-0.4297
-0.4963
-0.6148
-0.7066
-0.8018
-0.8093
-0.7719
-0.6676
-0.5609
-0.4797
-0.4520
-0.4825
-0.5467
-0.6207
-0.6747
-0.7043
-0.7083
-0.7071
-0.6939
-0.6929
-0.6801
-0.6931
-0.7049
-0.7477
-0.7982
-0.8629
-0.9275
-0.9849
-1.0256
-1.0588
-1.0744
-1.0995
-1.1184
-1.1543
-1.1843
-1.2165
-1.2230
-1.2110
-1.1686
-1.1186
-1.0730
-1.0570
-1.0685
-1.1077
-1.1359
-1.1530
-1.1371
-1.1133
-1.0958
-1.0898
-1.1146
-1.1366
-1.1684
-1.1721
-1.1594
-1.1236
-1.0874
-1.0591
-1.0534
-1.0472
-1.0476
-1.0261
-1.0119
-1.0006
-1.0131
-1.0412
-1.0777
-1.1147
-1.1518
-1.1909
-1.2322
-1.2725
-1.2878
-1.2956
-1.2561
-1.2380
-1.1768
-1.1604
-1.0966
-1.0662
-1.0049
-0.9849
-0.9819
-1.0279
-1.0880
-1.1584
-1.2019
-1.2299
-1.2377
-1.2444
-1.2632
-1.2817
-1.3162
-1.3333
-1.3621
-1.3732
-1.4004
-1.4185
-1.4496
-1.4674
-1.4838
-1.4835
-1.4813
-1.4848
-1.4992
-1.5421
-1.5946
-1.6611
-1.7009
-1.6973
-1.6255
-1.4997
-1.3541
-1.2401
-1.1945
-1.2213
-1.3140
-1.4275
-1.5551
-1.6588
-1.7408
-1.7896
-1.8073
-1.8167
-1.8104
-1.8184
-1.8016
-1.7874
-1.7355
-1.6915
-1.6349
-1.5991
-1.5669
-1.5435
-1.5276
-1.5175
-1.5306
-1.5524
-1.6104
-1.6704
-1.7643
-1.8414
-1.9192
-1.9583
-1.9706
-1.9549
-1.9228
-1.8839
-1.8513
-1.8201
-1.8117
-1.7905
-1.7738
-1.7153
-1.6449
-1.5490
-1.4662
-1.3985
-1.3603
-1.3317
-1.3088
-1.2637
-1.2201
-1.1769
-1.1718
-1.2013
-1.2587
-1.3239
-1.3710
-1.3966
-1.4025
-1.3954
-1.3930
-1.3815
-1.3685
-1.3367
-1.2906
-1.2423
-1.1904
-1.1527
-1.1170
-1.0773
-1.0477
-0.9995
-0.9886
-0.9614
-0.9708
-0.9372
-0.8889
-0.7781
-0.6560
-0.5375
-0.4639
-0.4373
-0.4395
-0.4504
-0.4504
-0.4362
-0.4228
-0.4131
-0.4367
-0.4885
-0.5873
-0.7159
-0.8739
-1.0285
-1.1788
-1.2865
-1.3713
-1.3968
-1.3860
-1.3187
-1.2143
-1.0975
-0.9668
-0.8622
-0.7456
-0.6650
-0.5856
-0.5609
-0.5480
-0.5736
-0.5859
-0.6172
-0.6427
-0.7043
-0.7778
-0.8734
-0.9557
-1.0194
-1.0519
-1.0556
-1.0430
-1.0151
-0.9931
-0.9654
-0.9467
-0.9118
-0.8845
-0.8474
-0.8397
-0.8327
-0.8531
-0.8617
-0.8856
-0.9050
-0.9329
-0.9619
-0.9679
-0.9751
-0.9442
-0.9313
-0.8800
-0.8393
-0.7520
-0.6737
-0.5859
-0.5521
-0.5586
-0.6227
-0.6996
-0.7686
-0.8055
-0.8025
-0.7883
-0.7498
-0.7295
-0.6897
-0.6612
-0.6183
-0.5714
-0.5332
-0.4857
-0.4690
-0.4441
-0.4392
-0.4171
-0.3815
-0.3383
-0.2868
-0.2586
-0.2317
-0.2150
-0.1844
-0.1527
-0.1242
-0.1106
-0.1088
-0.1095
-0.1055
-0.0978
-0.0867
-0.0861
-0.0799
-0.0804
-0.0578
-0.0230
0.0417
0.1274
0.2205
0.3076
0.3563
0.3659
0.3352
0.2890
0.2533
0.2413
0.2654
0.3155
0.3829
0.4475
0.4886
0.4965
0.4735
0.4335
0.3992
0.3684
0.3503
0.3327
0.3366
0.3655
0.4312
0.5033
0.5676
0.5890
0.5924
0.5821
0.5945
0.6281
0.6767
0.7305
0.7667
0.7901
0.7921
0.7907
0.7955
0.8141
0.8505
0.8765
0.8861
0.8276
0.7421
0.5987
0.5084
0.4302
0.4453
0.4640
0.5089
0.5173
0.5078
0.4721
0.4382
0.4115
0.4317
0.4705
0.5554
0.6037
0.6473
0.6221
0.6058
0.5674
0.5627
0.5366
0.5038
0.4364
0.3753
0.3349
0.3453
0.3885
0.4551
0.5095
0.5533
0.5710
0.5810
0.5773
0.5682
0.5450
0.5047
0.4550
0.3994
0.3624
0.3321
0.3298
0.3303
0.3624
0.4006
0.4605
0.5111
0.5517
0.5718
0.5759
0.5765
0.5778
0.5863
0.5964
0.5978
0.5880
0.5579
0.5125
0.4571
0.3981
0.3633
0.3428
0.3603
0.3679
0.3905
0.3890
0.4088
0.4210
0.4379
0.4299
0.3963
0.3528
0.3158
0.3083
0.3205
0.3404
0.3454
0.3337
0.3107
0.2985
0.3018
0.3265
0.3535
0.3708
0.3666
0.3422
0.3187
0.3089
0.3342
0.3732
0.4212
0.4391
0.4409
0.4194
0.4102
0.4126
0.4396
0.4736
0.5154
0.5501
0.5883
0.6202
0.6594
0.6932
0.7300
0.7539
0.7638
0.7483
0.7025
0.6398
0.5577
0.5022
0.4529
0.4601
0.4604
0.5005
0.5066
0.5451
0.5507
0.5840
0.5830
0.5904
0.5798
0.5714
0.5659
0.5479
0.5346
0.5120
0.5106
0.5188
0.5464
0.5691
0.5799
0.5703
0.5344
0.4970
0.4465
0.4247
0.4047
0.4189
0.4338
0.4584
0.4716
0.4623
0.4350
0.3746
0.3116
0.2367
0.1818
0.1323
0.0966
0.0666
0.0399
0.0303
0.0227
0.0301
0.0259
0.0310
0.0287
0.0444
0.0532
0.0609
0.0529
0.0290
0.0113
-0.0198
-0.0291
-0.0625
-0.0695
-0.1074
-0.1066
-0.1335
-0.1096
-0.1067
-0.0669
-0.0622
-0.0469
-0.0615
-0.0448
-0.0341
0.0119
0.0333
0.0604
0.0670
0.0868
0.1239
0.1717
0.2243
0.2508
0.2605
0.2586
0.2675
0.2978
0.3297
0.3610
0.3659
0.3719
0.3699
0.3875
0.4015
0.4345
0.4543
0.4986
0.5173
0.5580
0.5648
0.5831
0.5652
0.5410
0.4904
0.4452
0.4115
0.4014
0.4108
0.4219
0.4373
0.4494
0.4792
0.5208
0.5667
0.6039
0.6045
0.5979
0.5687
0.5663
0.5657
0.5896
0.6143
0.6503
0.6857
0.7158
0.7364
0.7279
0.7160
0.6842
0.6728
0.6671
0.6765
0.6923
0.6961
0.7007
0.6940
0.6957
0.7044
0.7179
0.7378
0.7480
0.7545
0.7557
0.7491
0.7618
0.7618
0.8019
0.8141
0.8574
0.8472
0.8447
0.7885
0.7523
0.6967
0.6869
0.6732
0.7035
0.7254
0.7791
0.8168
0.8649
0.8853
0.9021
0.8992
0.8973
0.9051
0.9129
0.9436
0.9404
0.9302
0.8834
0.8345
0.8072
0.7939
0.8161
0.8262
0.8457
0.8240
0.8080
0.7659
0.7560
0.7470
0.7708
0.7873
0.8247
0.8389
0.8740
0.8753
0.8969
0.8946
0.9091
0.9168
0.9223
0.9241
0.9173
0.9172
0.9214
0.9320
0.9412
0.9431
0.9459
0.9379
0.9421
0.9238
0.9327
0.9079
0.9193
0.8905
0.9397
0.9303
0.9280
1.0069
0.9101
0.9481
0.7857
0.7482
0.7125
0.7097
0.6966
0.6738
0.6540
0.6393
0.6427
0.6561
0.6807
0.7024
0.7078
0.6962
0.6426
0.5836
0.4926
0.4453
0.3863
0.3954
0.3735
0.4006
0.3732
0.3722
0.3199
0.2951
0.2486
0.2444
0.2333
0.2580
0.2731
0.3137
0.3324
0.3497
0.3187
0.2785
0.2102
0.1707
0.1350
0.1307
0.1152
0.0948
0.0585
0.0060
-0.0335
-0.0860
-0.1132
-0.1519
-0.1726
-0.1927
-0.2018
-0.2023
-0.1980
-0.1945
-0.1955
-0.2106
-0.2355
-0.2654
-0.3022
-0.3278
-0.3691
-0.3935
-0.4307
-0.4352
-0.4369
-0.4182
-0.4089
-0.4110
-0.4194
-0.4392
-0.4481
-0.4579
-0.4517
-0.4316
-0.4000
-0.3620
-0.3427
-0.3506
-0.3886
-0.4497
-0.5025
-0.5518
-0.5781
-0.6079
-0.6290
-0.6425
-0.6358
-0.6055
-0.5801
-0.5727
-0.6153
-0.6905
-0.7780
-0.8451
-0.8554
-0.8283
-0.7608
-0.7153
-0.6940
-0.7190
-0.7681
-0.8108
-0.8487
-0.8447
-0.8409
-0.7940
-0.7484
-0.6753
-0.6101
-0.5626
-0.5368
-0.5459
-0.5575
-0.5695
-0.5598
-0.5309
-0.4956
-0.4664
-0.4513
-0.4507
-0.4465
-0.4414
-0.4260
-0.4192
-0.4081
-0.4040
-0.3733
-0.3359
-0.2711
-0.2139
-0.1574
-0.1155
-0.0875
-0.0667
-0.0636
-0.0635
-0.0724
-0.0753
-0.0683
-0.0476
-0.0069
0.0420
0.1029
0.1576
0.2134
0.2637
0.3099
0.3534
0.3740
0.3915
0.3925
0.4243
0.4627
0.5358
0.5869
0.6437
0.6753
0.7274
0.7776
0.8420
0.8811
0.9137
0.9174
0.9348
0.9401
0.9589
0.9600
0.9607
0.9514
0.9509
0.9517
0.9654
0.9751
0.9644
0.9448
0.9639
0.9637
0.9701
0.9745
0.9072
0.9541
0.8851
0.9929
1.0176
0.9389
0.8508
1.0194
1.0869
0.9266
0.9445
0.9012
0.8574
1.1007
1.0431
1.1488
1.0349
1.0821
1.1348
0.8122
0.7021
0.6474
0.6018
0.6991
0.7665
0.8139
0.8179
0.7993
0.7854
0.7757
0.7799
0.7886
0.8011
0.8221
0.8462
0.8700
0.8900
0.8826
0.8553
0.7894
0.7090
0.6438
0.5926
0.6100
0.6293
0.6894
0.7119
0.7331
0.7228
0.7187
0.7029
0.6997
0.6764
0.6565
0.6146
0.5816
0.5549
0.5568
0.5839
0.6242
0.6639
0.6896
0.7127
0.7412
0.7837
0.8274
0.8569
0.8527
0.8233
0.7655
0.7186
0.6703
0.6576
0.6451
0.6472
0.6361
0.6201
0.6083
0.6060
0.6219
0.6470
0.6641
0.6787
0.6698
0.6704
0.6548
0.6603
0.6492
0.6593
0.6500
0.6600
0.6493
0.6498
0.6349
0.6319
0.6377
0.6626
0.7072
0.7420
0.7625
0.7284
0.6636
0.5652
0.4817
0.4170
0.3872
0.3593
0.3291
0.2718
0.2144
0.1581
0.1172
0.0807
0.0309
-0.0194
-0.0767
-0.1006
-0.1144
-0.0955
-0.0892
-0.0738
-0.0802
-0.0795
-0.0912
-0.0945
-0.1063
-0.1146
-0.1342
-0.1582
-0.1875
-0.2183
-0.2360
-0.2607
-0.2743
-0.3075
-0.3300
-0.3511
-0.3488
-0.3262
-0.2956
-0.2663
-0.2538
-0.2571
-0.2646
-0.2733
-0.2744
-0.2759
-0.2867
-0.2995
-0.3199
-0.3242
-0.3161
-0.2884
-0.2529
-0.2205
-0.1934
-0.1774
-0.1472
-0.1189
-0.0589
-0.0239
0.0186
0.0095
-0.0028
-0.0400
-0.0599
-0.0689
-0.0508
-0.0122
0.0438
0.1075
0.1590
0.2035
0.2191
0.2478
0.2653
0.3223
0.3761
0.4468
0.4983
0.5326
0.5534
0.5565
0.5551
0.5360
0.5096
0.4835
0.4728
0.4892
0.5148
0.5396
0.5332
0.4941
0.4372
0.3619
0.3241
0.2870
0.2971
0.2913
0.2883
0.2627
0.2286
0.2009
0.1744
0.1557
0.1292
0.1077
0.0904
0.0929
0.0993
0.1155
0.1274
0.1557
0.1983
0.2458
0.2878
0.2858
0.2757
0.2364
0.2293
0.2241
0.2466
0.2749
0.3120
0.3615
0.4018
0.4428
0.4530
0.4661
0.4608
0.4836
0.5021
0.5448
0.5685
0.5923
0.5805
0.5717
0.5382
0.5368
0.5210
0.5280
0.5014
0.4681
0.4049
0.3502
0.2984
0.2843
0.2801
0.3046
0.3211
0.3519
0.3804
0.4257
0.4706
0.5119
0.5315
0.5309
0.5134
0.4918
0.4780
0.4767
0.4941
0.5216
0.5530
0.5695
0.5682
0.5454
0.5260
0.5153
0.5286
0.5566
0.5831
0.6093
0.6100
0.6027
0.5642
0.5197
0.4585
0.4198
0.3938
0.4104
0.4388
0.4810
0.5167
0.5412
0.5690
0.5825
0.6029
0.5982
0.6020
0.5922
0.6150
0.6348
0.6877
0.7163
0.7607
0.7746
0.8041
0.8195
0.8462
0.8648
0.8782
0.8827
0.8639
0.8355
0.7782
0.7318
0.6900
0.6860
0.7070
0.7423
0.7859
0.8156
0.8529
0.8744
0.9060
0.9160
0.9348
0.9317
0.9447
0.9372
0.9448
0.9346
0.9414
0.9486
0.9657
0.9749
0.9631
0.9227
0.8714
0.8122
0.7835
0.7600
0.7660
0.7618
0.7738
0.7810
0.8045
0.8249
0.8388
0.8238
0.7816
0.7051
0.6255
0.5474
0.4976
0.4720
0.4607
0.4747
0.4851
0.5323
0.5558
0.6073
0.5974
0.6087
0.5538
0.5336
0.4756
0.4594
0.4410
0.4580
0.4821
0.5142
0.5294
0.5309
0.5089
0.4927
0.4767
0.4903
0.5047
0.5323
0.5450
0.5515
0.5592
0.5618
0.5911
0.6050
0.6436
0.6465
0.6591
0.6274
0.5894
0.5091
0.4241
0.3238
0.2543
0.2010
0.1968
0.1991
0.2231
0.2292
0.2328
0.2188
0.2009
0.1730
0.1418
0.1007
0.0558
0.0099
-0.0247
-0.0409
-0.0352
-0.0223
-0.0067
-0.0019
-0.0010
0.0075
0.0151
0.0371
0.0448
0.0557
0.0596
0.0688
0.0755
0.0752
0.0523
0.0198
-0.0302
-0.0710
-0.1079
-0.1188
-0.1097
-0.0782
-0.0464
-0.0210
-0.0086
0.0012
0.0095
0.0156
0.0027
-0.0210
-0.0579
-0.0793
-0.0853
-0.0698
-0.0372
-0.0014
0.0476
0.0804
0.1102
0.1030
0.0903
0.0605
0.0539
0.0515
0.0721
0.0905
0.1253
0.1684
0.2261
0.2883
0.3380
0.3730
0.3833
0.3871
0.3869
0.4057
0.4334
0.4682
0.4814
0.4663
0.4312
0.3974
0.3986
0.4346
0.4965
0.5526
0.5793
0.5670
0.5233
0.4649
0.4159
0.3857
0.3825
0.3943
0.4209
0.4497
0.4926
0.5320
0.5734
0.5804
0.5633
0.5026
0.4406
0.3766
0.3459
0.3314
0.3432
0.3553
0.3814
0.3914
0.4100
0.3998
0.3979
0.3742
0.3708
0.3667
0.3839
0.3942
0.3943
0.3669
0.3334
0.3100
0.3302
0.3793
0.4483
0.4905
0.5125
0.5026
0.5066
0.5073
0.5329
0.5348
0.5411
0.5254
0.5281
0.5366
0.5618
0.5828
0.5910
0.5869
0.5654
0.5507
0.5275
0.5207
0.5080
0.5078
0.5094
0.5208
0.5364
0.5424
0.5297
0.5003
0.4659
0.4612
0.4714
0.5052
0.5107
0.5169
0.4986
0.5300
0.5551
0.6336
0.6613
0.6921
0.6490
0.5961
0.5134
0.4577
0.4302
0.4421
0.4871
0.5342
0.5967
0.6391
0.6938
0.7264
0.7537
0.7474
0.7220
0.6849
0.6678
0.6879
0.7378
0.8131
0.8502
0.8817
0.8363
0.8077
0.7410
0.7215
0.7057
0.7177
0.7306
0.7423
0.7413
0.7412
0.7194
0.7151
0.6833
0.6818
0.6548
0.6654
0.6657
0.7047
0.7382
0.7890
0.8196
0.8477
0.8544
0.8502
0.8298
0.7982
0.7736
0.7556
0.7606
0.7563
0.7551
0.7224
0.6961
0.6611
0.6483
0.6468
0.6472
0.6464
0.6219
0.6015
0.5779
0.5817
0.5904
0.6075
0.6037
0.5852
0.5461
0.5064
0.4807
0.4816
0.5132
0.5489
0.5703
0.5451
0.4871
0.4139
0.3638
0.3540
0.3695
0.4037
0.4158
0.4350
0.4363
0.4659
0.4885
0.5264
0.5471
0.5663
0.5759
0.5908
0.6025
0.6155
0.6071
0.5863
0.5400
0.4928
0.4492
0.4245
0.4195
0.4242
0.4336
0.4408
0.4504
0.4748
0.5103
0.5572
0.5848
0.5859
0.5482
0.4937
0.4366
0.3952
0.3640
0.3334
0.2969
0.2453
0.2045
0.1630
0.1572
0.1595
0.1901
0.2213
0.2517
0.2644
0.2511
0.2149
0.1606
0.1103
0.0661
0.0529
0.0558
0.0897
0.1388
0.1906
0.2491
0.2761
0.2967
0.2706
0.2299
0.1622
0.1091
0.0711
0.0769
0.0953
0.1379
0.1664
0.1918
0.1955
0.1816
0.1597
0.1391
0.1307
0.1399
0.1314
0.1281
0.0800
0.0595
0.0213
0.0310
0.0370
0.0633
0.0803
0.0884
0.0940
0.0901
0.1076
0.1312
0.1880
0.2431
0.3030
0.3308
0.3358
0.3160
0.2956
0.2822
0.2738
0.2670
0.2582
0.2771
0.3150
0.3968
0.4590
0.5223
0.5365
0.5533
0.5616
0.5910
0.6267
0.6657
0.6892
0.6982
0.6855
0.6637
0.6415
0.6275
0.6345
0.6543
0.6858
0.7074
0.7158
0.7029
0.6828
0.6633
0.6532
0.6601
0.6759
0.7107
0.7486
0.7964
0.8349
0.8720
0.8907
0.9124
0.9103
0.9125
0.8759
0.8334
0.7563
0.6913
0.6371
0.6309
0.6499
0.6973
0.7154
0.7285
0.6978
0.6934
0.6781
0.6998
0.7069
0.7314
0.7521
0.7951
0.8396
0.8761
0.8823
0.8664
0.8432
0.8447
0.8648
0.9051
0.9262
0.9366
0.9201
0.9102
0.8956
0.8946
0.8902
0.8889
0.8930
0.9001
0.9190
0.9296
0.9357
0.9185
0.8893
0.8474
0.8062
0.7727
0.7474
0.7341
0.7275
0.7204
0.7256
0.7179
0.7325
0.7240
0.7291
0.7091
0.6972
0.6799
0.6676
0.6469
0.6142
0.5726
0.5406
0.5246
0.5307
0.5344
0.5342
0.5119
0.4886
0.4590
0.4425
0.4268
0.4195
0.4131
0.4139
0.4299
0.4544
0.4958
0.5212
0.5393
0.5221
0.4981
0.4612
0.4314
0.3991
0.3569
0.3118
0.2520
0.2152
0.1687
0.1559
0.1221
0.1193
0.1049
0.1232
0.1456
0.1813
0.2157
0.2443
0.2672
0.2918
0.3065
0.3247
0.3124
0.2916
0.2377
0.1883
0.1359
0.1133
0.1082
0.1368
0.1759
0.2282
0.2771
0.3221
0.3734
0.4173
0.4696
0.4925
0.5035
0.4795
0.4528
0.4176
0.3946
0.3741
0.3691
0.3811
0.4145
0.4648
0.5030
0.5224
0.5034
0.4713
0.4345
0.4099
0.3971
0.3850
0.3836
0.3826
0.4094
0.4459
0.5078
0.5651
0.6165
0.6433
0.6487
0.6388
0.6303
0.6190
0.6224
0.6117
0.6242
0.6315
0.6710
0.7043
0.7402
0.7604
0.7752
0.7904
0.8008
0.7966
0.7763
0.7466
0.7309
0.7389
0.7628
0.7974
0.8154
0.8291
0.8220
0.8134
0.7975
0.7936
0.8038
0.8339
0.8719
0.9036
0.9258
0.9287
0.9330
0.9238
0.9208
0.9252
0.9389
0.9513
0.9712
0.9522
0.9189
1.0007
0.9169
1.0192
0.8873
1.0177
0.8618
0.8802
1.0769
0.9525
0.9560
1.3706
0.9695
0.9465
1.0195
0.9209
0.9783
0.8603
0.8405
0.8252
0.8128
0.7878
0.7477
0.7069
0.6823
0.6874
0.7167
0.7592
0.7844
0.7907
0.7516
0.7002
0.6261
0.5790
0.5457
0.5492
0.5578
0.5747
0.5793
0.5829
0.5837
0.5880
0.5974
0.6018
0.6032
0.5945
0.5885
0.5953
0.6153
0.6487
0.6688
0.6657
0.6281
0.5565
0.4842
0.4106
0.3892
0.3792
0.4187
0.4329
0.4606
0.4411
0.4325
0.3884
0.3795
0.3451
0.3629
0.3546
0.3933
0.4021
0.4395
0.4518
0.4835
0.4996
0.5267
0.5348
0.5430
0.5384
0.5337
0.5365
0.5355
0.5490
0.5431
0.5344
0.4976
0.4513
0.4089
0.3764
0.3752
0.3781
0.3986
0.4168
0.4482
0.4986
0.5517
0.6253
0.6619
0.6986
0.6715
0.6344
0.5477
0.4611
0.3630
0.2780
0.2067
0.1480
0.1106
0.0822
0.0752
0.0669
0.0666
0.0490
0.0353
0.0177
0.0186
0.0284
0.0313
0.0221
-0.0185
-0.0438
-0.0770
-0.0739
-0.1133
-0.1601
-0.2710
-0.3677
-0.4659
-0.5132
-0.5411
-0.5458
-0.5428
-0.5358
-0.5180
-0.4977
-0.4811
-0.4723
-0.4916
-0.5250
-0.5779
-0.6359
-0.6837
-0.7312
-0.7597
-0.7884
-0.8148
-0.8406
-0.8805
-0.9048
-0.9365
-0.9371
-0.9392
-0.9167
-0.9037
-0.8827
-0.8786
-0.8667
-0.8580
-0.8351
-0.8116
-0.8003
-0.8025
-0.8328
-0.8605
-0.8909
-0.8941
-0.8856
-0.8691
-0.8550
-0.8654
-0.8664
-0.8916
-0.8803
-0.8862
-0.8542
-0.8368
-0.7980
-0.7771
-0.7491
-0.7310
-0.6903
-0.6395
-0.5630
-0.4878
-0.4163
-0.3671
-0.3408
-0.3424
-0.3668
-0.4048
-0.4441
-0.4637
-0.4623
-0.4239
-0.3675
-0.2848
-0.2081
-0.1308
-0.0857
-0.0522
-0.0451
-0.0327
-0.0183
0.0136
0.0522
0.0928
0.1150
0.1223
0.0968
0.0724
0.0356
0.0295
0.0278
0.0504
0.0608
0.0675
0.0439
0.0119
-0.0426
-0.0832
-0.1244
-0.1311
-0.1323
-0.1028
-0.0811
-0.0415
-0.0165
0.0168
0.0371
0.0555
0.0655
0.0716
0.0706
0.0717
0.0613
0.0654
0.0578
0.0730
0.0751
0.0910
0.0906
0.0934
0.0786
0.0661
0.0362
0.0309
0.0124
0.0389
0.0313
0.0579
0.0356
0.0491
0.0324
0.0459
0.0325
0.0217
-0.0077
-0.0324
-0.0405
-0.0304
0.0062
0.0412
0.0778
0.0837
0.0778
0.0474
0.0235
0.0103
0.0142
0.0401
0.0541
0.0718
0.0575
0.0469
0.0196
0.0039
-0.0106
-0.0104
-0.0004
0.0103
0.0104
-0.0128
-0.0514
-0.0964
-0.1340
-0.1627
-0.1866
-0.2120
-0.2421
-0.2793
-0.3164
-0.3546
-0.3798
-0.3993
-0.4106
-0.4312
-0.4712
-0.5440
-0.6461
-0.7737
-0.8901
-0.9840
-1.0206
-1.0183
-0.9831
-0.9435
-0.9124
-0.8829
-0.8555
-0.8046
-0.7374
-0.6438
-0.5475
-0.4555
-0.3852
-0.3308
-0.2918
-0.2642
-0.2550
-0.2693
-0.2966
-0.3215
-0.3230
-0.3003
-0.2626
-0.2328
-0.1982
-0.1741
-0.1075
-0.0432
0.0538
0.1126
0.1678
0.1875
0.2209
0.2515
0.3026
0.3488
0.3863
0.4122
0.4086
0.4112
0.3909
0.3999
0.3924
0.4039
0.3860
0.3642
0.3235
0.2909
0.2641
0.2473
0.2178
0.1836
0.1349
0.1058
0.0953
0.1104
0.1361
0.1462
0.1355
0.1018
0.0518
0.0188
-0.0145
-0.0190
-0.0195
-0.0128
0.0063
0.0074
0.0178
0.0057
0.0100
0.0258
0.0731
0.1446
0.2212
0.2873
0.3142
0.3050
0.2523
0.1749
0.0856
-0.0107
-0.0754
-0.1298
-0.1170
-0.1016
-0.0406
0.0031
0.0558
0.1076
0.1303
0.1493
0.0973
0.0488
-0.0317
-0.0509
-0.0428
0.0259
0.0892
0.1445
0.1528
0.1377
0.0950
0.0545
0.0056
-0.0241
-0.0508
-0.0473
-0.0365
-0.0122
0.0096
0.0191
0.0319
0.0339
0.0536
0.0732
0.0963
0.1244
0.1245
0.1428
0.1083
0.1108
0.0591
0.0629
0.0337
0.0586
0.0637
0.1001
0.1138
0.1358
0.1284
0.1252
0.1145
0.1287
0.1613
0.2036
0.2382
0.2362
0.2064
0.1449
0.0828
0.0177
-0.0347
-0.0912
-0.1323
-0.1627
-0.1571
-0.1205
-0.0676
-0.0038
0.0404
0.0892
0.1297
0.1809
0.2226
0.2466
0.2384
0.2107
0.1755
0.1628
0.1676
0.1891
0.2012
0.1998
0.1834
0.1725
0.1701
0.1912
0.2190
0.2546
0.2883
0.3141
0.3379
0.3450
0.3447
0.3270
0.3066
0.2801
0.2666
0.2541
0.2699
0.2959
0.3624
0.4377
0.5235
0.5875
0.6143
0.6169
0.5785
0.5544
0.5159
0.5225
0.5285
0.5623
0.5846
0.5990
0.6064
0.5962
0.5929
0.5728
0.5590
0.5275
0.5055
0.4775
0.4838
0.4983
0.5518
0.5897
0.6304
0.6262
0.6104
0.5697
0.5343
0.5065
0.4887
0.4991
0.5134
0.5589
0.5774
0.5990
0.5736
0.5423
0.4980
0.4503
0.4216
0.3757
0.3603
0.3255
0.3225
0.3045
0.3056
0.2933
0.2845
0.2679
0.2441
0.2173
0.1719
0.1206
0.0488
-0.0199
-0.0838
-0.1229
-0.1357
-0.1234
-0.1013
-0.0762
-0.0688
-0.0683
-0.0809
-0.0894
-0.0871
-0.0809
-0.0616
-0.0514
-0.0346
-0.0287
-0.0211
-0.0409
-0.0655
-0.1276
-0.1628
-0.2018
-0.1846
-0.1581
-0.1057
-0.0626
-0.0272
-0.0066
0.0003
0.0002
-0.0072
-0.0115
-0.0236
-0.0338
-0.0552
-0.0678
-0.0739
-0.0592
-0.0334
-0.0030
0.0179
0.0351
0.0416
0.0635
0.0827
0.1216
0.1535
0.1953
0.2247
0.2578
0.2711
0.2909
0.2911
0.3032
0.2983
0.2928
0.2717
0.2388
0.2055
0.1633
0.1482
0.1317
0.1633
0.1744
0.2107
0.1926
0.1860
0.1446
0.1378
0.1186
0.1347
0.1251
0.1453
0.1316
0.1513
0.1362
0.1507
0.1313
0.1384
0.1211
0.1365
0.1417
0.1789
0.2091
0.2465
0.2691
0.2696
0.2563
0.2175
0.1817
0.1379
0.1037
0.0662
0.0227
-0.0164
-0.0535
-0.0557
-0.0441
-0.0036
0.0229
0.0338
0.0102
-0.0427
-0.0981
-0.1535
-0.1846
-0.2132
-0.2321
-0.2470
-0.2355
-0.1961
-0.1375
-0.0844
-0.0723
-0.0837
-0.1268
-0.1441
-0.1550
-0.1392
-0.1386
-0.1542
-0.1987
-0.2599
-0.3233
-0.3827
-0.4347
-0.4677
-0.4978
-0.4806
-0.4759
-0.4318
-0.4396
-0.4342
-0.4716
-0.4850
-0.5047
-0.5009
-0.4957
-0.4853
-0.4813
-0.4965
-0.5260
-0.5786
-0.6246
-0.6612
-0.6642
-0.6406
-0.6020
-0.5625
-0.5452
-0.5405
-0.5567
-0.5766
-0.6100
-0.6531
-0.6989
-0.7357
-0.7370
-0.7081
-0.6465
-0.5879
-0.5388
-0.5285
-0.5429
-0.5923
-0.6504
-0.7163
-0.7714
-0.8130
-0.8309
-0.8166
-0.7629
-0.6706
-0.5580
-0.4405
-0.3479
-0.2752
-0.2398
-0.2182
-0.2271
-0.2372
-0.2587
-0.2570
-0.2430
-0.2091
-0.1798
-0.1710
-0.1860
-0.2288
-0.2757
-0.3274
-0.3604
-0.3821
-0.3760
-0.3624
-0.3459
-0.3589
-0.4010
-0.4787
-0.5524
-0.6199
-0.6346
-0.6314
-0.5891
-0.5613
-0.5450
-0.5584
-0.5972
-0.6374
-0.6732
-0.6833
-0.6711
-0.6497
-0.6250
-0.6173
-0.6154
-0.6224
-0.6327
-0.6430
-0.6606
-0.6683
-0.6716
-0.6581
-0.6407
-0.6273
-0.6187
-0.6206
-0.6090
-0.5898
-0.5433
-0.4921
-0.4383
-0.4057
-0.3968
-0.4098
-0.4330
-0.4531
-0.4594
-0.4482
-0.4136
-0.3670
-0.3130
-0.2803
-0.2723
-0.3004
-0.3385
-0.3741
-0.3886
-0.3900
-0.3966
-0.4247
-0.4856
-0.5623
-0.6427
-0.6933
-0.7090
-0.6734
-0.6038
-0.5174
-0.4478
-0.4199
-0.4416
-0.4983
-0.5721
-0.6428
-0.7081
-0.7635
-0.7976
-0.8030
-0.7613
-0.6918
-0.6007
-0.5309
-0.4777
-0.4646
-0.4504
-0.4479
-0.4250
-0.4023
-0.3812
-0.3673
-0.3762
-0.3981
-0.4405
-0.4922
-0.5358
-0.5739
-0.5842
-0.5904
-0.5786
-0.5581
-0.5223
-0.4561
-0.3861
-0.3025
-0.2565
-0.2420
-0.2838
-0.3569
-0.4425
-0.5176
-0.5635
-0.6030
-0.6192
-0.6508
-0.6473
-0.6453
-0.6053
-0.5733
-0.5380
-0.5181
-0.5014
-0.4834
-0.4649
-0.4463
-0.4507
-0.4627
-0.5121
-0.5498
-0.6089
-0.6367
-0.6792
-0.7060
-0.7508
-0.7821
-0.7992
-0.7821
-0.7337
-0.6845
-0.6377
-0.6377
-0.6433
-0.6837
-0.6973
-0.7222
-0.7057
-0.7059
-0.6676
-0.6679
-0.6347
-0.6407
-0.6111
-0.6176
-0.6145
-0.6631
-0.7055
-0.7599
-0.7653
-0.7444
-0.6943
-0.6443
-0.6064
-0.5677
-0.5336
-0.4894
-0.4765
-0.4979
-0.5816
-0.6869
-0.7814
-0.8073
-0.7617
-0.6480
-0.5367
-0.4433
-0.4209
-0.4292
-0.4665
-0.4837
-0.4808
-0.4484
-0.4231
-0.4048
-0.4416
-0.4954
-0.5842
-0.6436
-0.6685
-0.6299
-0.5557
-0.4749
-0.4307
-0.4257
-0.4454
-0.4639
-0.4561
-0.4538
-0.4335
-0.4475
-0.4292
-0.4300
-0.3968
-0.3902
-0.3962
-0.4175
-0.4578
-0.4550
-0.4620
-0.4252
-0.4283
-0.4268
-0.4560
-0.4728
-0.4863
-0.4862
-0.4945
-0.5039
-0.5298
-0.5466
-0.5645
-0.5626
-0.5558
-0.5348
-0.5175
-0.4883
-0.4720
-0.4388
-0.4259
-0.4010
-0.3957
-0.3917
-0.3918
-0.4128
-0.4327
-0.4977
-0.5567
-0.6441
-0.6969
-0.7480
-0.7685
-0.8023
-0.8327
-0.8748
-0.9010
-0.9001
-0.8749
-0.8227
-0.7767
-0.7329
-0.6985
-0.6655
-0.6154
-0.5729
-0.5269
-0.5148
-0.5110
-0.5224
-0.5083
-0.4880
-0.4373
-0.4113
-0.3863
-0.4137
-0.4628
-0.5505
-0.6157
-0.6290
-0.5248
-0.3307
-0.0800
0.1340
0.2637
0.2965
0.2530
0.1836
0.1131
0.0743
0.0656
0.0889
0.1320
0.1805
0.2327
0.2706
0.3070
0.3240
0.3459
0.3444
0.3531
0.3330
0.3363
0.3247
0.3456
0.3558
0.3831
0.4021
0.4390
0.4755
0.5113
0.5158
0.4886
0.4400
0.3976
0.3871
0.3973
0.4256
0.4248
0.4221
0.3771
0.3693
0.3396
0.3718
0.3744
0.4077
0.4038
0.4039
0.3940
0.3884
0.3902
0.3948
0.3941
0.3907
0.3708
0.3498
0.3161
0.2794
0.2379
0.1959
0.1701
0.1604
0.1828
0.2208
0.2704
0.3097
0.3216
0.3097
0.2593
0.2156
0.1571
0.1481
0.1329
0.1587
0.1503
0.1465
0.1150
0.0919
0.0754
0.0657
0.0568
0.0399
0.0180
-0.0010
-0.0146
-0.0157
-0.0100
0.0015
0.0109
0.0119
0.0064
-0.0111
-0.0206
-0.0355
-0.0332
-0.0416
-0.0514
-0.0812
-0.1273
-0.1723
-0.2118
-0.2140
-0.1890
-0.1382
-0.0874
-0.0655
-0.0785
-0.1325
-0.1979
-0.2660
-0.3120
-0.3516
-0.3792
-0.4095
-0.4409
-0.4584
-0.4736
-0.4658
-0.4679
-0.4759
-0.5225
-0.5900
-0.6819
-0.7476
-0.7923
-0.7851
-0.7611
-0.7268
-0.6998
-0.7107
-0.7276
-0.7993
-0.8446
-0.9143
-0.9305
-0.9555
-0.9609
-0.9907
-1.0267
-1.0611
-1.0753
-1.0483
-0.9986
-0.9256
-0.8689
-0.8281
-0.8126
-0.8199
-0.8346
-0.8681
-0.9006
-0.9460
-0.9750
-1.0064
-1.0049
-1.0169
-1.0025
-1.0127
-0.9991
-1.0016
-0.9935
-1.0091
-1.0340
-1.0715
-1.0985
-1.1047
-1.0846
-1.0485
-1.0141
-0.9982
-1.0133
-1.0483
-1.0890
-1.1117
-1.1042
-1.0799
-1.0404
-1.0130
-0.9877
-0.9729
-0.9606
-0.9594
-0.9717
-1.0103
-1.0599
-1.1220
-1.1717
-1.2133
-1.2491
-1.2844
-1.3240
-1.3461
-1.3421
-1.2950
-1.2251
-1.1427
-1.0822
-1.0351
-1.0120
-0.9889
-0.9692
-0.9521
-0.9276
-0.9148
-0.8751
-0.8528
-0.7993
-0.7848
-0.7446
-0.7458
-0.7120
-0.7052
-0.6750
-0.6639
-0.6530
-0.6426
-0.6421
-0.6245
-0.6243
-0.6078
-0.6167
-0.6187
-0.6348
-0.6465
-0.6438
-0.6481
-0.6294
-0.6420
-0.6330
-0.6487
-0.6261
-0.6021
-0.5486
-0.5020
-0.4730
-0.4586
-0.4753
-0.4747
-0.4866
-0.4727
-0.4714
-0.4644
-0.4543
-0.4302
-0.3831
-0.3254
-0.2718
-0.2286
-0.2102
-0.1979
-0.1993
-0.2027
-0.2091
-0.2287
-0.2348
-0.2523
-0.2268
-0.2041
-0.1461
-0.1076
-0.0805
-0.0673
-0.0766
-0.0613
-0.0702
-0.0542
-0.0860
-0.1027
-0.1600
-0.1782
-0.2140
-0.2072
-0.2272
-0.2326
-0.2683
-0.3096
-0.3698
-0.4550
-0.5441
-0.6446
-0.7097
-0.7533
-0.7571
-0.7559
-0.7511
-0.7580
-0.7678
-0.7687
-0.7667
-0.7429
-0.7236
-0.6844
-0.6566
-0.6227
-0.6042
-0.5897
-0.5796
-0.5663
-0.5489
-0.5221
-0.5009
-0.4744
-0.4729
-0.4720
-0.4781
-0.4566
-0.3857
-0.2739
-0.1156
0.0336
0.1718
0.2637
0.3230
0.3584
0.3713
0.3892
0.3812
0.3897
0.3711
0.3705
0.3450
0.3241
0.2846
0.2513
0.2135
0.1863
0.1501
0.1249
0.0951
0.0924
0.0908
0.1121
0.1154
0.1181
0.0929
0.0573
0.0106
-0.0374
-0.0720
-0.0951
-0.1099
-0.1224
-0.1597
-0.1894
-0.2366
-0.2395
-0.2466
-0.2175
-0.2123
-0.1989
-0.2029
-0.2054
-0.1982
-0.1930
-0.1565
-0.1296
-0.0834
-0.0715
-0.0762
-0.1161
-0.1757
-0.2416
-0.3100
-0.3705
-0.4200
-0.4734
-0.5223
-0.5998
-0.6832
-0.7890
-0.8849
-0.9692
-1.0225
-1.0590
-1.0738
-1.1051
-1.1247
-1.1745
-1.1967
-1.2454
-1.2626
-1.3090
-1.3308
-1.3740
-1.3975
-1.4306
-1.4537
-1.4854
-1.5208
-1.5656
-1.6194
-1.6661
-1.7160
-1.7340
-1.7483
-1.7208
-1.6946
-1.6509
-1.6315
-1.6333
-1.6599
-1.7123
-1.7561
-1.8167
-1.8553
-1.9051
-1.9301
-1.9380
-1.9231
-1.8820
-1.8403
-1.7851
-1.7336
-1.6829
-1.6443
-1.6362
-1.6547
-1.6988
-1.7491
-1.7864
-1.8176
-1.8245
-1.8375
-1.8276
-1.8224
-1.7892
-1.7519
-1.6952
-1.6453
-1.6085
-1.5879
-1.5921
-1.5774
-1.5732
-1.5277
-1.4977
-1.4358
-1.3748
-1.2814
-1.1734
-1.0581
-0.9495
-0.8564
-0.7682
-0.6752
-0.5631
-0.4302
-0.2919
-0.1593
-0.0686
-0.0061
0.0100
0.0319
0.0492
0.1009
0.1492
0.2072
0.2492
0.3017
0.3666
0.4527
0.5433
0.6195
0.6702
0.6905
0.6976
0.6900
0.6932
0.6968
0.7265
0.7618
0.8185
0.8594
0.9059
0.9200
0.9431
0.9396
0.9477
0.9355
0.9381
0.9424
0.9631
0.9662
0.9656
0.9372
0.9566
0.9485
0.9887
0.9486
0.9343
0.8692
0.8595
0.8599
0.8674
0.8734
0.8054
0.7766
0.7162
0.7153
0.7038
0.6933
0.6715
0.6409
0.6176
0.6064
0.6208
0.6390
0.6759
0.6905
0.7195
0.7171
0.7288
0.7078
0.6948
0.6549
0.6246
0.5908
0.5698
0.5641
0.5571
0.5723
0.5791
0.6142
0.6326
0.6617
0.6573
0.6554
0.6254
0.6033
0.5629
0.5364
0.5174
0.5272
0.5536
0.5896
0.6108
0.6202
0.6099
0.6017
0.5917
0.5882
0.5812
0.5783
0.5766
0.5984
0.6221
0.6600
0.6671
0.6568
0.6054
0.5376
0.4577
0.3913
0.3479
0.3391
0.3503
0.3656
0.3669
0.3392
0.3005
0.2480
0.2096
0.1851
0.1772
0.1960
0.2189
0.2646
0.2991
0.3367
0.3537
0.3659
0.3727
0.3879
0.4066
0.4352
0.4503
0.4775
0.4822
0.5056
0.5019
0.5043
0.4772
0.4570
0.4315
0.4325
0.4374
0.4514
0.4518
0.4495
0.4513
0.4728
0.5087
0.5570
0.5952
0.6317
0.6558
0.6824
0.7009
0.7101
0.7016
0.6754
0.6407
0.6058
0.5837
0.5758
0.5838
0.5989
0.6143
0.6218
0.6142
0.6004
0.5774
0.5666
0.5579
0.5574
0.5479
0.5240
0.4807
0.4268
0.3643
0.3089
0.2594
0.2217
0.2075
0.2077
0.2355
0.2644
0.2901
0.2928
0.2713
0.2284
0.1816
0.1361
0.1093
0.0878
0.0753
0.0614
0.0523
0.0476
0.0511
0.0491
0.0552
0.0508
0.0670
0.0698
0.0787
0.0489
0.0190
-0.0336
-0.0431
-0.0554
-0.0287
-0.0401
-0.0474
-0.0914
-0.1249
-0.1584
-0.1811
-0.1822
-0.1731
-0.1252
-0.0714
0.0008
0.0488
0.0823
0.0867
0.0821
0.0752
0.0770
0.0898
0.1144
0.1338
0.1552
0.1402
0.1211
0.0579
0.0085
-0.0661
-0.1076
-0.1652
-0.1831
-0.2085
-0.1885
-0.1650
-0.1102
-0.0630
-0.0131
0.0218
0.0659
0.1140
0.1800
0.2300
0.2553
0.2305
0.1736
0.1036
0.0523
0.0332
0.0488
0.0838
0.1240
0.1535
0.1638
0.1549
0.1178
0.0725
0.0123
-0.0191
-0.0259
0.0137
0.0763
0.1394
0.1869
0.2047
0.2006
0.1830
0.1526
0.1283
0.1040
0.1098
0.1308
0.1823
0.2269
0.2623
0.2630
0.2504
0.2318
0.2384
0.2574
0.2853
0.2988
0.2898
0.2778
0.2512
0.2499
0.2505
0.2912
0.3465
0.4285
0.5053
0.5721
0.6200
0.6474
0.6679
0.6727
0.6804
0.6820
0.6855
0.6846
0.6741
0.6554
0.6351
0.6126
0.6056
0.5956
0.6037
0.6041
0.6163
0.6195
0.6287
0.6334
0.6368
0.6300
0.6061
0.5698
0.5298
0.5071
0.5172
0.5629
0.6400
0.7204
0.7886
0.8189
0.8204
0.7976
0.7754
0.7673
0.7692
0.7942
0.8015
0.8213
0.7964
0.7763
0.7118
0.6639
0.6072
0.5886
0.5887
0.6112
0.6437
0.6688
0.7066
0.7314
0.7750
0.7942
0.8186
0.8109
0.8069
0.7883
0.7902
0.7936
0.8140
0.8183
0.8155
0.7946
0.7853
0.7950
0.8323
0.8774
0.9159
0.9276
0.9225
0.8893
0.8528
0.7983
0.7543
0.7149
0.6928
0.6807
0.6720
0.6641
0.6586
0.6498
0.6384
0.6173
0.5918
0.5822
0.5882
0.6226
0.6519
0.6713
0.6605
0.6351
0.6003
0.5737
0.5455
0.5278
0.5014
0.4858
0.4627
0.4471
0.4291
0.4142
0.4089
0.4034
0.4140
0.4166
0.4310
0.4302
0.4281
0.4061
0.3757
0.3412
0.3104
0.2926
0.2678
0.2391
0.1835
0.1263
0.0684
0.0371
0.0284
0.0378
0.0575
0.0661
0.0765
0.0593
0.0460
-0.0078
-0.0622
-0.1635
-0.2531
-0.3512
-0.3956
-0.4048
-0.3642
-0.3114
-0.2613
-0.2406
-0.2482
-0.2868
-0.3293
-0.3702
-0.3827
-0.3876
-0.3695
-0.3693
-0.3491
-0.3601
-0.3512
-0.3893
-0.4248
-0.5018
-0.5711
-0.6409
-0.6886
-0.7147
-0.7296
-0.7290
-0.7326
-0.7256
-0.7318
-0.7329
-0.7479
-0.7568
-0.7692
-0.7797
-0.7902
-0.7975
-0.7855
-0.7508
-0.6963
-0.6375
-0.6050
-0.5894
-0.6110
-0.6178
-0.6463
-0.6433
-0.6844
-0.7037
-0.7743
-0.8003
-0.8382
-0.8088
-0.7655
-0.6810
-0.5861
-0.4860
-0.3766
-0.2865
-0.2013
-0.1561
-0.1219
-0.1093
-0.0876
-0.0669
-0.0448
-0.0337
-0.0316
-0.0299
-0.0249
-0.0048
0.0150
0.0495
0.0678
0.0896
0.0766
0.0522
-0.0003
-0.0572
-0.1109
-0.1569
-0.1828
-0.2026
-0.2096
-0.2197
-0.2323
-0.2568
-0.2953
-0.3472
-0.4022
-0.4528
-0.4857
-0.5154
-0.5351
-0.5647
-0.5925
-0.6196
-0.6546
-0.6783
-0.7231
-0.7488
-0.7944
-0.8167
-0.8521
-0.8556
-0.8647
-0.8410
-0.8333
-0.8164
-0.8185
-0.8168
-0.8091
-0.7916
-0.7610
-0.7333
-0.7060
-0.6964
-0.6955
-0.7120
-0.7362
-0.7579
-0.7835
-0.7781
-0.7734
-0.7275
-0.6871
-0.6326
-0.5939
-0.5710
-0.5566
-0.5542
-0.5452
-0.5210
-0.4800
-0.3928
-0.3022
-0.1860
-0.1228
-0.0875
-0.1188
-0.1656
-0.2173
-0.2315
-0.2108
-0.1447
-0.0711
0.0080
0.0570
0.0786
0.0704
0.0397
0.0124
-0.0036
0.0090
0.0404
0.0906
0.1343
0.1967
0.2351
0.2965
0.3118
0.3233
0.2813
0.2271
0.1590
0.1040
0.0768
0.0765
0.1061
0.1462
0.1913
0.2238
0.2475
0.2537
0.2636
0.2719
0.3037
0.3412
0.3827
0.4088
0.4061
0.3875
0.3460
0.3093
0.2627
0.2325
0.1956
0.1927
0.1893
0.2361
0.2807
0.3583
0.4128
0.4493
0.4461
0.4026
0.3463
0.2772
0.2212
0.1692
0.1314
0.1080
0.1042
0.1215
0.1436
0.1778
0.1867
0.2053
0.1852
0.1797
0.1439
0.1264
0.1108
0.1241
0.1726
0.2262
0.2894
0.3052
0.3172
0.2998
0.3104
0.3131
0.3249
0.3082
0.2791
0.2308
0.1883
0.1440
0.1188
0.0988
0.0998
0.1052
0.1121
0.1073
0.0894
0.0616
0.0425
0.0296
0.0431
0.0589
0.0960
0.1212
0.1574
0.1635
0.1675
0.1309
0.0919
0.0318
-0.0119
-0.0448
-0.0556
-0.0572
-0.0654
-0.0808
-0.1134
-0.1321
-0.1541
-0.1456
-0.1467
-0.1233
-0.1064
-0.0688
-0.0293
0.0041
0.0313
0.0346
0.0443
0.0455
0.0603
0.0697
0.0821
0.0969
0.1110
0.1357
0.1395
0.1490
0.1272
0.1218
0.0988
0.0993
0.0885
0.0945
0.0902
0.0932
0.0833
0.0658
0.0250
-0.0233
-0.0831
-0.1147
-0.1336
-0.1239
-0.1161
-0.1159
-0.1124
-0.1049
-0.0706
-0.0226
0.0274
0.0742
0.0996
0.1165
0.1111
0.0916
0.0530
0.0132
-0.0191
-0.0213
0.0011
0.0394
0.0813
0.1064
0.1366
0.1603
0.2067
0.2475
0.2908
0.3125
0.3229
0.3303
0.3349
0.3542
0.3628
0.3717
0.3628
0.3452
0.3294
0.3140
0.3142
0.3117
0.3176
0.3194
0.3308
0.3441
0.3606
0.3670
0.3636
0.3394
0.3113
0.2656
0.2323
0.2030
0.2001
0.2176
0.2436
0.2774
0.3024
0.3396
0.3802
0.4344
0.4822
0.5127
0.5193
0.4881
0.4450
0.3775
0.3336
0.2984
0.2964
0.2931
0.2769
0.2325
0.1678
0.1021
0.0497
0.0169
0.0037
0.0160
0.0464
0.1071
0.1645
0.2290
0.2663
0.2996
0.3201
0.3473
0.3757
0.3994
0.4120
0.4099
0.4075
0.4126
0.4305
0.4527
0.4588
0.4456
0.4019
0.3517
0.2994
0.2678
0.2548
0.2501
0.2475
0.2208
0.1933
0.1505
0.1352
0.1196
0.1242
0.1035
0.0779
0.0280
-0.0024
-0.0230
-0.0077
0.0054
0.0313
0.0337
0.0532
0.0536
0.0674
0.0413
-0.0010
-0.0802
-0.1615
-0.2328
-0.2807
-0.2961
-0.2881
-0.2551
-0.2137
-0.1695
-0.1359
-0.1094
-0.0954
-0.0813
-0.0771
-0.0697
-0.0657
-0.0524
-0.0275
0.0022
0.0421
0.0642
0.0948
0.1044
0.1351
0.1462
0.1669
0.1557
0.1380
0.0999
0.0597
0.0165
-0.0260
-0.0722
-0.1031
-0.1395
-0.1364
-0.1479
-0.1234
-0.1287
-0.1214
-0.1441
-0.1680
-0.2017
-0.2330
-0.2450
-0.2531
-0.2267
-0.2177
-0.1866
-0.2015
-0.2035
-0.2394
-0.2440
-0.2513
-0.2261
-0.2016
-0.1708
-0.1551
-0.1588
-0.1793
-0.2131
-0.2384
-0.2628
-0.2820
-0.3184
-0.3625
-0.4058
-0.4315
-0.4234
-0.4027
-0.3592
-0.3293
-0.2910
-0.2781
-0.2689
-0.2885
-0.3014
-0.3177
-0.2991
-0.2766
-0.2337
-0.2113
-0.1901
-0.1810
-0.1740
-0.1634
-0.1722
-0.1681
-0.1766
-0.1378
-0.0932
-0.0092
0.0502
0.1077
0.1262
0.1406
0.1299
0.1225
0.1006
0.0878
0.0716
0.0531
0.0300
-0.0060
-0.0246
-0.0292
-0.0009
0.0413
0.0712
0.0924
0.0829
0.1003
0.1288
0.2132
0.3021
0.3985
0.4448
0.4535
0.3988
0.3300
0.2455
0.1973
0.1697
0.1710
0.1757
0.1664
0.1523
0.1116
0.0939
0.0590
0.0724
0.0667
0.1038
0.1113
0.1429
0.1484
0.1676
0.1717
0.1778
0.1681
0.1473
0.1206
0.0922
0.0868
0.0803
0.0994
0.0852
0.0782
0.0168
-0.0399
-0.1261
-0.1820
-0.2217
-0.2250
-0.2151
-0.2055
-0.2062
-0.2191
-0.2300
-0.2337
-0.2166
-0.1875
-0.1436
-0.1100
-0.0827
-0.0813
-0.0854
-0.0951
-0.0953
-0.0743
-0.0497
0.0020
0.0364
0.0859
0.1106
0.1305
0.1326
0.1129
0.0886
0.0461
0.0054
-0.0497
-0.1120
-0.1840
-0.2418
-0.2885
-0.2880
-0.2964
-0.2786
-0.3083
-0.3191
-0.3423
-0.3192
-0.2767
-0.2190
-0.1666
-0.1425
-0.1265
-0.1377
-0.1460
-0.1710
-0.1922
-0.2140
-0.2217
-0.2233
-0.2027
-0.1978
-0.1758
-0.1955
-0.2029
-0.2469
-0.2677
-0.3040
-0.3164
-0.3436
-0.3596
-0.3858
-0.4024
-0.4109
-0.4104
-0.4003
-0.4006
-0.4154
-0.4596
-0.5234
-0.5983
-0.6626
-0.7087
-0.7245
-0.7304
-0.7313
-0.7714
-0.8345
-0.9430
-1.0273
-1.1033
-1.1057
-1.0960
-1.0457
-1.0285
-1.0141
-1.0387
-1.0523
-1.0724
-1.0566
-1.0436
-1.0063
-0.9928
-0.9722
-0.9927
-1.0185
-1.0947
-1.1589
-1.2360
-1.2600
-1.2684
-1.2440
-1.2278
-1.2077
-1.1950
-1.1600
-1.1312
-1.0833
-1.0659
-1.0483
-1.0504
-1.0533
-1.0442
-1.0419
-1.0192
-1.0096
-0.9846
-0.9683
-0.9433
-0.9242
-0.9053
-0.8938
-0.8893
-0.8858
-0.8878
-0.8833
-0.8859
-0.8940
-0.9197
-0.9610
-1.0084
-1.0373
-1.0300
-0.9783
-0.8989
-0.8349
-0.7980
-0.8153
-0.8452
-0.8817
-0.8947
-0.8926
-0.8859
-0.8816
-0.8932
-0.9033
-0.9205
-0.9162
-0.8989
-0.8489
-0.7787
-0.6876
-0.5944
-0.5020
-0.4380
-0.4012
-0.4223
-0.4690
-0.5367
-0.5606
-0.5501
-0.4831
-0.4239
-0.3671
-0.3613
-0.3717
-0.4197
-0.4675
-0.5326
-0.5834
-0.6405
-0.6763
-0.7079
-0.7120
-0.7017
-0.6753
-0.6465
-0.6111
-0.5680
-0.4967
-0.4037
