-0.2671
-0.2082
-0.1513
-0.0984
-0.0516
-0.0124
0.0181
0.0393
0.0513
0.0543
0.0493
0.0373
0.0196
-0.0024
-0.0275
-0.0547
-0.0831
-0.1120
-0.1411
-0.1701
-0.1989
-0.2275
-0.2557
-0.2836
-0.3111
-0.3380
-0.3643
-0.3897
-0.4137
-0.4360
-0.4560
-0.4733
-0.4872
-0.4976
-0.5043
-0.5076
-0.5082
-0.5070
-0.5053
-0.5042
-0.5052
-0.5089
-0.5159
-0.5262
-0.5390
-0.5534
-0.5681
-0.5818
-0.5933
-0.6021
-0.6080
-0.6115
-0.6133
-0.6146
-0.6163
-0.6195
-0.6246
-0.6321
-0.6419
-0.6539
-0.6678
-0.6834
-0.7008
-0.7200
-0.7412
-0.7646
-0.7904
-0.8185
-0.8487
-0.8805
-0.9132
-0.9460
-0.9782
-1.0088
-1.0370
-1.0622
-1.0837
-1.1014
-1.1150
-1.1247
-1.1308
-1.1337
-1.1341
-1.1327
-1.1303
-1.1274
-1.1248
-1.1226
-1.1210
-1.1202
-1.1199
-1.1199
-1.1200
-1.1197
-1.1188
-1.1170
-1.1141
-1.1099
-1.1046
-1.0984
-1.0917
-1.0850
-1.0790
-1.0743
-1.0715
-1.0713
-1.0741
-1.0799
-1.0888
-1.1002
-1.1136
-1.1281
-1.1425
-1.1557
-1.1667
-1.1744
-1.1783
-1.1782
-1.1742
-1.1669
-1.1574
-1.1468
-1.1366
-1.1282
-1.1227
-1.1211
-1.1239
-1.1312
-1.1427
-1.1580
-1.1763
-1.1967
-1.2186
-1.2412
-1.2640
-1.2866
-1.3088
-1.3304
-1.3515
-1.3719
-1.3917
-1.4108
-1.4294
-1.4472
-1.4641
-1.4799
-1.4941
-1.5062
-1.5155
-1.5215
-1.5237
-1.5219
-1.5164
-1.5082
-1.4985
-1.4893
-1.4824
-1.4798
-1.4830
-1.4929
-1.5096
-1.5324
-1.5597
-1.5895
-1.6196
-1.6477
-1.6717
-1.6903
-1.7026
-1.7082
-1.7076
-1.7017
-1.6918
-1.6795
-1.6665
-1.6547
-1.6456
-1.6407
-1.6410
-1.6470
-1.6587
-1.6756
-1.6968
-1.7207
-1.7457
-1.7699
-1.7916
-1.8091
-1.8211
-1.8268
-1.8256
-1.8173
-1.8021
-1.7804
-1.7528
-1.7201
-1.6831
-1.6427
-1.6003
-1.5568
-1.5136
-1.4720
-1.4333
-1.3985
-1.3687
-1.3445
-1.3262
-1.3138
-1.3070
-1.3048
-1.3062
-1.3098
-1.3142
-1.3177
-1.3192
-1.3175
-1.3117
-1.3015
-1.2867
-1.2674
-1.2442
-1.2175
-1.1879
-1.1559
-1.1220
-1.0864
-1.0491
-1.0102
-0.9694
-0.9269
-0.8825
-0.8368
-0.7904
-0.7442
-0.6996
-0.6580
-0.6211
-0.5904
-0.5674
-0.5536
-0.5500
-0.5572
-0.5758
-0.6054
-0.6453
-0.6941
-0.7498
-0.8095
-0.8701
-0.9280
-0.9796
-1.0217
-1.0517
-1.0679
-1.0694
-1.0569
-1.0317
-0.9965
-0.9542
-0.9083
-0.8624
-0.8198
-0.7832
-0.7548
-0.7359
-0.7272
-0.7283
-0.7385
-0.7562
-0.7797
-0.8066
-0.8350
-0.8625
-0.8875
-0.9085
-0.9245
-0.9351
-0.9405
-0.9412
-0.9380
-0.9322
-0.9249
-0.9173
-0.9104
-0.9047
-0.9007
-0.8983
-0.8971
-0.8965
-0.8955
-0.8932
-0.8886
-0.8810
-0.8700
-0.8555
-0.8380
-0.8183
-0.7975
-0.7770
-0.7580
-0.7416
-0.7284
-0.7187
-0.7120
-0.7076
-0.7043
-0.7008
-0.6959
-0.6884
-0.6776
-0.6632
-0.6451
-0.6237
-0.5993
-0.5727
-0.5445
-0.5153
-0.4854
-0.4553
-0.4253
-0.3954
-0.3660
-0.3371
-0.3090
-0.2818
-0.2559
-0.2315
-0.2086
-0.1874
-0.1679
-0.1498
-0.1329
-0.1165
-0.1001
-0.0830
-0.0645
-0.0439
-0.0209
0.0048
0.0330
0.0632
0.0948
0.1268
0.1582
0.1883
0.2163
0.2419
0.2650
0.2857
0.3044
0.3214
0.3368
0.3510
0.3637
0.3749
0.3846
0.3926
0.3993
0.4051
0.4107
0.4168
0.4243
0.4340
0.4463
0.4615
0.4795
0.5002
0.5230
0.5473
0.5726
0.5983
0.6238
0.6487
0.6724
0.6943
0.7139
0.7306
0.7436
0.7523
0.7561
0.7545
0.7473
0.7346
0.7168
0.6949
0.6699
0.6432
0.6162
0.5903
0.5668
0.5466
0.5303
0.5182
0.5104
0.5065
0.5060
0.5083
0.5125
0.5177
0.5229
0.5269
0.5292
0.5289
0.5260
0.5205
0.5129
0.5041
0.4950
0.4868
0.4803
0.4763
0.4749
0.4759
0.4789
0.4829
0.4867
0.4894
0.4902
0.4883
0.4837
0.4767
0.4681
0.4588
0.4501
0.4430
0.4387
0.4378
0.4407
0.4473
0.4571
0.4693
0.4828
0.4965
0.5093
0.5201
0.5281
0.5326
0.5332
0.5299
0.5230
0.5128
0.5002
0.4859
0.4708
0.4560
0.4420
0.4295
0.4188
0.4099
0.4027
0.3967
0.3915
0.3866
0.3816
0.3763
0.3706
0.3646
0.3586
0.3527
0.3474
0.3428
0.3392
0.3367
0.3353
0.3350
0.3358
0.3376
0.3404
0.3441
0.3487
0.3542
0.3608
0.3683
0.3769
0.3866
0.3975
0.4097
0.4231
0.4380
0.4545
0.4725
0.4919
0.5125
0.5339
0.5554
0.5761
0.5950
0.6113
0.6239
0.6322
0.6357
0.6345
0.6287
0.6194
0.6074
0.5941
0.5807
0.5685
0.5582
0.5506
0.5457
0.5433
0.5430
0.5442
0.5461
0.5482
0.5498
0.5508
0.5508
0.5500
0.5483
0.5459
0.5429
0.5392
0.5348
0.5296
0.5235
0.5164
0.5083
0.4991
0.4890
0.4780
0.4660
0.4531
0.4389
0.4231
0.4053
0.3852
0.3625
0.3371
0.3095
0.2800
0.2494
0.2187
0.1889
0.1607
0.1351
0.1125
0.0932
0.0772
0.0642
0.0537
0.0452
0.0379
0.0311
0.0242
0.0169
0.0087
-0.0003
-0.0101
-0.0204
-0.0308
-0.0406
-0.0493
-0.0565
-0.0616
-0.0644
-0.0645
-0.0619
-0.0566
-0.0487
-0.0383
-0.0255
-0.0105
0.0066
0.0254
0.0459
0.0677
0.0906
0.1143
0.1384
0.1625
0.1865
0.2099
0.2327
0.2546
0.2757
0.2959
0.3154
0.3343
0.3527
0.3708
0.3886
0.4059
0.4227
0.4387
0.4533
0.4661
0.4767
0.4847
0.4898
0.4922
0.4920
0.4900
0.4868
0.4833
0.4805
0.4791
0.4799
0.4832
0.4890
0.4971
0.5072
0.5188
0.5314
0.5444
0.5576
0.5707
0.5836
0.5962
0.6086
0.6207
0.6324
0.6434
0.6537
0.6628
0.6706
0.6772
0.6824
0.6865
0.6898
0.6925
0.6951
0.6978
0.7009
0.7047
0.7091
0.7142
0.7200
0.7264
0.7333
0.7405
0.7478
0.7550
0.7618
0.7677
0.7726
0.7762
0.7782
0.7788
0.7779
0.7762
0.7741
0.7724
0.7718
0.7731
0.7766
0.7827
0.7913
0.8020
0.8142
0.8272
0.8401
0.8520
0.8624
0.8705
0.8760
0.8789
0.8790
0.8766
0.8720
0.8658
0.8584
0.8503
0.8420
0.8340
0.8268
0.8205
0.8157
0.8125
0.8111
0.8117
0.8143
0.8189
0.8254
0.8333
0.8424
0.8522
0.8622
0.8721
0.8815
0.8902
0.8980
0.9049
0.9107
0.9156
0.9197
0.9230
0.9255
0.9273
0.9285
0.9290
0.9290
0.9284
0.9272
0.9252
0.9224
0.9184
0.9129
0.9056
0.8961
0.8842
0.8698
0.8531
0.8344
0.8144
0.7935
0.7728
0.7527
0.7340
0.7167
0.7010
0.6865
0.6727
0.6589
0.6444
0.6285
0.6106
0.5906
0.5684
0.5444
0.5191
0.4931
0.4672
0.4418
0.4177
0.3953
0.3747
0.3564
0.3402
0.3262
0.3143
0.3040
0.2951
0.2870
0.2788
0.2701
0.2599
0.2478
0.2332
0.2160
0.1961
0.1736
0.1487
0.1220
0.0939
0.0648
0.0354
0.0060
-0.0228
-0.0505
-0.0768
-0.1014
-0.1242
-0.1452
-0.1646
-0.1828
-0.2001
-0.2171
-0.2340
-0.2512
-0.2687
-0.2866
-0.3046
-0.3223
-0.3394
-0.3554
-0.3698
-0.3826
-0.3933
-0.4021
-0.4089
-0.4139
-0.4174
-0.4196
-0.4211
-0.4222
-0.4236
-0.4259
-0.4297
-0.4355
-0.4437
-0.4546
-0.4679
-0.4835
-0.5008
-0.5192
-0.5381
-0.5571
-0.5759
-0.5942
-0.6121
-0.6296
-0.6467
-0.6636
-0.6799
-0.6956
-0.7102
-0.7235
-0.7351
-0.7449
-0.7527
-0.7584
-0.7620
-0.7633
-0.7622
-0.7584
-0.7517
-0.7420
-0.7293
-0.7136
-0.6956
-0.6756
-0.6546
-0.6330
-0.6117
-0.5911
-0.5715
-0.5530
-0.5356
-0.5191
-0.5034
-0.4881
-0.4728
-0.4573
-0.4412
-0.4240
-0.4055
-0.3853
-0.3633
-0.3394
-0.3138
-0.2868
-0.2589
-0.2307
-0.2027
-0.1753
-0.1490
-0.1237
-0.0992
-0.0751
-0.0508
-0.0258
0.0007
0.0289
0.0593
0.0918
0.1262
0.1622
0.1994
0.2374
0.2758
0.3144
0.3531
0.3919
0.4310
0.4705
0.5104
0.5508
0.5913
0.6316
0.6712
0.7097
0.7463
0.7804
0.8117
0.8396
0.8641
0.8850
0.9025
0.9167
0.9281
0.9369
0.9435
0.9484
0.9519
0.9542
0.9556
0.9563
0.9566
0.9565
0.9562
0.9558
0.9555
0.9553
0.9553
0.9554
0.9556
0.9558
0.9558
0.9556
0.9550
0.9540
0.9525
0.9505
0.9480
0.9449
0.9411
0.9362
0.9302
0.9227
0.9136
0.9028
0.8907
0.8776
0.8639
0.8506
0.8381
0.8272
0.8184
0.8119
0.8076
0.8055
0.8049
0.8054
0.8062
0.8066
0.8058
0.8031
0.7983
0.7911
0.7816
0.7702
0.7577
0.7447
0.7321
0.7205
0.7105
0.7022
0.6954
0.6899
0.6850
0.6804
0.6756
0.6703
0.6648
0.6594
0.6545
0.6510
0.6494
0.6503
0.6541
0.6608
0.6701
0.6815
0.6941
0.7068
0.7186
0.7284
0.7353
0.7388
0.7386
0.7348
0.7279
0.7186
0.7078
0.6962
0.6850
0.6746
0.6658
0.6589
0.6539
0.6508
0.6492
0.6490
0.6496
0.6507
0.6520
0.6532
0.6541
0.6549
0.6554
0.6558
0.6562
0.6566
0.6570
0.6573
0.6569
0.6555
0.6522
0.6463
0.6370
0.6236
0.6054
0.5823
0.5543
0.5216
0.4849
0.4450
0.4027
0.3587
0.3141
0.2696
0.2258
0.1835
0.1431
0.1054
0.0706
0.0392
0.0115
-0.0126
-0.0332
-0.0506
-0.0653
-0.0780
-0.0894
-0.1001
-0.1109
-0.1222
-0.1345
-0.1479
-0.1623
-0.1777
-0.1937
-0.2097
-0.2253
-0.2399
-0.2531
-0.2643
-0.2733
-0.2801
-0.2846
-0.2872
-0.2882
-0.2881
-0.2873
-0.2862
-0.2849
-0.2836
-0.2822
-0.2802
-0.2774
-0.2733
-0.2673
-0.2591
-0.2484
-0.2353
-0.2197
-0.2020
-0.1827
-0.1625
-0.1419
-0.1215
-0.1018
-0.0832
-0.0656
-0.0488
-0.0324
-0.0157
0.0019
0.0211
0.0426
0.0666
0.0933
0.1227
0.1544
0.1881
0.2230
0.2584
0.2937
0.3279
0.3604
0.3903
0.4170
0.4401
0.4590
0.4738
0.4844
0.4909
0.4935
0.4926
0.4883
0.4810
0.4707
0.4577
0.4422
0.4245
0.4050
0.3840
0.3620
0.3395
0.3169
0.2946
0.2728
0.2520
0.2325
0.2145
0.1985
0.1848
0.1739
0.1660
0.1614
0.1602
0.1623
0.1673
0.1749
0.1846
0.1956
0.2076
0.2202
0.2330
0.2462
0.2599
0.2742
0.2895
0.3060
0.3237
0.3425
0.3624
0.3828
0.4034
0.4236
0.4430
0.4610
0.4772
0.4910
0.5022
0.5102
0.5149
0.5161
0.5136
0.5075
0.4981
0.4858
0.4713
0.4554
0.4391
0.4235
0.4097
0.3986
0.3909
0.3873
0.3878
0.3922
0.4000
0.4105
0.4229
0.4361
0.4494
0.4622
0.4739
0.4844
0.4937
0.5019
0.5090
0.5155
0.5213
0.5266
0.5315
0.5360
0.5399
0.5431
0.5454
0.5465
0.5462
0.5444
0.5410
0.5362
0.5301
0.5234
0.5168
0.5110
0.5068
0.5049
0.5057
0.5094
0.5160
0.5254
0.5370
0.5505
0.5654
0.5816
0.5987
0.6166
0.6352
0.6545
0.6743
0.6942
0.7139
0.7329
0.7505
0.7662
0.7793
0.7895
0.7965
0.8003
0.8013
0.8001
0.7976
0.7946
0.7923
0.7916
0.7931
0.7974
0.8046
0.8143
0.8263
0.8397
0.8539
0.8681
0.8816
0.8938
0.9043
0.9127
0.9189
0.9225
0.9237
0.9222
0.9181
0.9115
0.9026
0.8917
0.8794
0.8662
0.8527
0.8393
0.8264
0.8141
0.8023
0.7904
0.7781
0.7646
0.7493
0.7319
0.7124
0.6910
0.6685
0.6456
0.6235
0.6031
0.5853
0.5706
0.5590
0.5504
0.5441
0.5395
0.5359
0.5326
0.5290
0.5252
0.5209
0.5166
0.5125
0.5089
0.5061
0.5044
0.5039
0.5044
0.5062
0.5089
0.5128
0.5175
0.5232
0.5296
0.5365
0.5435
0.5502
0.5558
0.5596
0.5606
0.5581
0.5514
0.5398
0.5233
0.5020
0.4765
0.4476
0.4165
0.3846
0.3528
0.3223
0.2936
0.2671
0.2427
0.2200
0.1987
0.1781
0.1579
0.1380
0.1183
0.0991
0.0809
0.0643
0.0496
0.0375
0.0281
0.0216
0.0179
0.0165
0.0171
0.0191
0.0217
0.0243
0.0263
0.0270
0.0261
0.0233
0.0185
0.0121
0.0042
-0.0043
-0.0130
-0.0210
-0.0278
-0.0330
-0.0363
-0.0378
-0.0377
-0.0365
-0.0346
-0.0324
-0.0301
-0.0279
-0.0255
-0.0229
-0.0196
-0.0153
-0.0096
-0.0026
0.0058
0.0154
0.0259
0.0371
0.0489
0.0612
0.0741
0.0879
0.1031
0.1199
0.1388
0.1597
0.1826
0.2071
0.2328
0.2589
0.2847
0.3095
0.3328
0.3542
0.3733
0.3901
0.4047
0.4174
0.4284
0.4380
0.4464
0.4537
0.4600
0.4652
0.4691
0.4716
0.4727
0.4725
0.4714
0.4697
0.4679
0.4666
0.4661
0.4665
0.4675
0.4688
0.4697
0.4696
0.4678
0.4640
0.4580
0.4501
0.4408
0.4308
0.4208
0.4114
0.4032
0.3964
0.3912
0.3874
0.3847
0.3829
0.3816
0.3807
0.3802
0.3801
0.3806
0.3820
0.3846
0.3888
0.3948
0.4026
0.4121
0.4233
0.4356
0.4486
0.4618
0.4748
0.4871
0.4985
0.5087
0.5177
0.5255
0.5321
0.5375
0.5416
0.5446
0.5462
0.5467
0.5461
0.5444
0.5418
0.5386
0.5349
0.5311
0.5272
0.5234
0.5200
0.5169
0.5144
0.5126
0.5118
0.5122
0.5140
0.5172
0.5218
0.5276
0.5343
0.5412
0.5479
0.5537
0.5581
0.5610
0.5622
0.5624
0.5620
0.5619
0.5632
0.5666
0.5726
0.5817
0.5935
0.6077
0.6237
0.6406
0.6577
0.6744
0.6902
0.7049
0.7182
0.7300
0.7403
0.7490
0.7557
0.7605
0.7632
0.7638
0.7625
0.7595
0.7551
0.7498
0.7440
0.7381
0.7323
0.7270
0.7226
0.7192
0.7171
0.7167
0.7181
0.7214
0.7267
0.7336
0.7418
0.7507
0.7595
0.7674
0.7738
0.7781
0.7799
0.7789
0.7753
0.7692
0.7608
0.7507
0.7392
0.7267
0.7136
0.7003
0.6870
0.6740
0.6614
0.6494
0.6379
0.6270
0.6166
0.6066
0.5969
0.5874
0.5780
0.5686
0.5593
0.5498
0.5402
0.5305
0.5205
0.5103
0.4998
0.4894
0.4792
0.4697
0.4614
0.4548
0.4506
0.4490
0.4504
0.4548
0.4619
0.4713
0.4824
0.4943
0.5062
0.5173
0.5268
0.5340
0.5384
0.5398
0.5381
0.5337
0.5271
0.5190
0.5102
0.5016
0.4940
0.4881
0.4840
0.4818
0.4811
0.4812
0.4813
0.4804
0.4774
0.4715
0.4621
0.4489
0.4321
0.4121
0.3896
0.3655
0.3411
0.3171
0.2946
0.2742
0.2562
0.2408
0.2277
0.2166
0.2068
0.1980
0.1898
0.1821
0.1750
0.1687
0.1637
0.1605
0.1592
0.1598
0.1623
0.1659
0.1699
0.1736
0.1762
0.1773
0.1766
0.1743
0.1707
0.1665
0.1620
0.1579
0.1543
0.1515
0.1491
0.1469
0.1445
0.1414
0.1375
0.1325
0.1266
0.1199
0.1128
0.1057
0.0994
0.0943
0.0910
0.0899
0.0915
0.0959
0.1032
0.1134
0.1263
0.1414
0.1582
0.1760
0.1943
0.2124
0.2296
0.2459
0.2609
0.2750
0.2886
0.3023
0.3168
0.3328
0.3508
0.3710
0.3936
0.4180
0.4440
0.4707
0.4974
0.5233
0.5477
0.5700
0.5898
0.6070
0.6215
0.6334
0.6431
0.6508
0.6570
0.6621
0.6664
0.6704
0.6744
0.6786
0.6834
0.6890
0.6958
0.7039
0.7137
0.7251
0.7379
0.7517
0.7658
0.7794
0.7916
0.8013
0.8078
0.8104
0.8090
0.8036
0.7949
0.7836
0.7707
0.7574
0.7447
0.7335
0.7246
0.7184
0.7150
0.7146
0.7170
0.7221
0.7295
0.7391
0.7503
0.7630
0.7766
0.7907
0.8049
0.8187
0.8319
0.8441
0.8552
0.8650
0.8735
0.8807
0.8866
0.8913
0.8949
0.8974
0.8990
0.8996
0.8993
0.8979
0.8953
0.8913
0.8857
0.8784
0.8692
0.8583
0.8458
0.8321
0.8176
0.8029
0.7884
0.7746
0.7616
0.7495
0.7383
0.7276
0.7171
0.7065
0.6954
0.6835
0.6706
0.6567
0.6418
0.6261
0.6100
0.5936
0.5773
0.5613
0.5458
0.5311
0.5174
0.5048
0.4936
0.4840
0.4760
0.4699
0.4655
0.4626
0.4609
0.4597
0.4584
0.4560
0.4517
0.4448
0.4347
0.4211
0.4039
0.3836
0.3607
0.3360
0.3107
0.2857
0.2624
0.2416
0.2243
0.2110
0.2022
0.1977
0.1972
0.2001
0.2055
0.2124
0.2196
0.2262
0.2313
0.2344
0.2353
0.2343
0.2319
0.2292
0.2271
0.2268
0.2294
0.2355
0.2455
0.2593
0.2764
0.2960
0.3168
0.3378
0.3577
0.3756
0.3908
0.4030
0.4123
0.4191
0.4239
0.4273
0.4300
0.4322
0.4344
0.4365
0.4384
0.4400
0.4412
0.4420
0.4426
0.4435
0.4452
0.4484
0.4537
0.4615
0.4718
0.4848
0.4998
0.5165
0.5339
0.5515
0.5685
0.5846
0.5996
0.6135
0.6265
0.6389
0.6512
0.6635
0.6759
0.6885
0.7010
0.7131
0.7245
0.7350
0.7443
0.7524
0.7593
0.7653
0.7706
0.7756
0.7805
0.7855
0.7910
0.7970
0.8036
0.8108
0.8188
0.8274
0.8368
0.8467
0.8570
0.8675
0.8780
0.8882
0.8979
0.9069
0.9150
0.9222
0.9284
0.9336
0.9379
0.9414
0.9442
0.9463
0.9480
0.9492
0.9503
0.9513
0.9523
0.9535
0.9548
0.9561
0.9571
0.9576
0.9570
0.9548
0.9504
0.9436
0.9339
0.9212
0.9058
0.8880
0.8685
0.8480
0.8274
0.8073
0.7884
0.7707
0.7544
0.7393
0.7248
0.7107
0.6966
0.6823
0.6679
0.6538
0.6403
0.6279
0.6171
0.6082
0.6014
0.5967
0.5939
0.5928
0.5930
0.5940
0.5953
0.5964
0.5968
0.5960
0.5933
0.5886
0.5814
0.5716
0.5594
0.5452
0.5295
0.5129
0.4962
0.4801
0.4651
0.4517
0.4401
0.4303
0.4226
0.4167
0.4130
0.4113
0.4117
0.4144
0.4193
0.4263
0.4350
0.4452
0.4562
0.4674
0.4783
0.4883
0.4968
0.5034
0.5077
0.5096
0.5091
0.5062
0.5012
0.4947
0.4872
0.4797
0.4730
0.4679
0.4652
0.4655
0.4689
0.4752
0.4837
0.4932
0.5023
0.5093
0.5126
0.5106
0.5022
0.4868
0.4644
0.4354
0.4012
0.3630
0.3227
0.2819
0.2422
0.2049
0.1708
0.1404
0.1137
0.0904
0.0700
0.0515
0.0343
0.0171
-0.0008
-0.0203
-0.0423
-0.0673
-0.0957
-0.1275
-0.1623
-0.1997
-0.2387
-0.2782
-0.3170
-0.3539
-0.3880
-0.4186
-0.4454
-0.4686
-0.4888
-0.5068
-0.5238
-0.5408
-0.5588
-0.5785
-0.6004
-0.6244
-0.6504
-0.6778
-0.7059
-0.7340
-0.7611
-0.7866
-0.8096
-0.8296
-0.8462
-0.8593
-0.8687
-0.8746
-0.8773
-0.8774
-0.8754
-0.8720
-0.8679
-0.8636
-0.8599
-0.8570
-0.8552
-0.8545
-0.8549
-0.8560
-0.8575
-0.8591
-0.8602
-0.8604
-0.8593
-0.8565
-0.8517
-0.8444
-0.8343
-0.8211
-0.8046
-0.7847
-0.7613
-0.7348
-0.7053
-0.6736
-0.6403
-0.6065
-0.5732
-0.5411
-0.5112
-0.4839
-0.4594
-0.4373
-0.4170
-0.3976
-0.3779
-0.3571
-0.3341
-0.3086
-0.2804
-0.2498
-0.2173
-0.1839
-0.1503
-0.1176
-0.0867
-0.0582
-0.0327
-0.0106
0.0079
0.0228
0.0340
0.0418
0.0462
0.0475
0.0461
0.0422
0.0361
0.0282
0.0189
0.0085
-0.0023
-0.0130
-0.0229
-0.0311
-0.0372
-0.0405
-0.0408
-0.0380
-0.0323
-0.0242
-0.0142
-0.0032
0.0082
0.0193
0.0297
0.0390
0.0470
0.0535
0.0587
0.0625
0.0652
0.0667
0.0672
0.0667
0.0654
0.0633
0.0607
0.0576
0.0543
0.0508
0.0473
0.0439
0.0406
0.0373
0.0341
0.0309
0.0278
0.0249
0.0224
0.0205
0.0194
0.0192
0.0199
0.0214
0.0237
0.0264
0.0293
0.0320
0.0343
0.0361
0.0372
0.0374
0.0370
0.0357
0.0335
0.0306
0.0267
0.0217
0.0157
0.0084
-0.0004
-0.0108
-0.0230
-0.0371
-0.0534
-0.0718
-0.0924
-0.1151
-0.1397
-0.1661
-0.1941
-0.2236
-0.2545
-0.2870
-0.3212
-0.3575
-0.3961
-0.4371
-0.4805
-0.5262
-0.5732
-0.6207
-0.6670
-0.7106
-0.7495
-0.7820
-0.8064
-0.8216
-0.8268
-0.8217
-0.8067
-0.7825
-0.7503
-0.7117
-0.6684
-0.6223
-0.5752
-0.5288
-0.4846
-0.4437
-0.4068
-0.3740
-0.3451
-0.3193
-0.2956
-0.2727
-0.2494
-0.2247
-0.1974
-0.1672
-0.1337
-0.0971
-0.0577
-0.0163
0.0263
0.0692
0.1114
0.1520
0.1903
0.2256
0.2572
0.2848
0.3081
0.3267
0.3407
0.3500
0.3547
0.3549
0.3509
0.3431
0.3318
0.3176
0.3009
0.2824
0.2628
0.2425
0.2223
0.2025
0.1834
0.1654
0.1483
0.1323
0.1171
0.1027
0.0891
0.0763
0.0645
0.0541
0.0455
0.0391
0.0354
0.0348
0.0374
0.0434
0.0524
0.0640
0.0774
0.0916
0.1052
0.1170
0.1257
0.1301
0.1296
0.1241
0.1141
0.1005
0.0847
0.0684
0.0531
0.0402
0.0306
0.0248
0.0225
0.0232
0.0260
0.0301
0.0346
0.0390
0.0428
0.0459
0.0485
0.0506
0.0522
0.0532
0.0535
0.0529
0.0510
0.0479
0.0436
0.0386
0.0332
0.0281
0.0240
0.0215
0.0209
0.0225
0.0262
0.0317
0.0387
0.0465
0.0547
0.0625
0.0696
0.0756
0.0804
0.0839
0.0863
0.0881
0.0895
0.0910
0.0930
0.0958
0.0995
0.1043
0.1098
0.1158
0.1218
0.1272
0.1313
0.1333
0.1327
0.1287
0.1211
0.1098
0.0952
0.0779
0.0592
0.0403
0.0229
0.0084
-0.0018
-0.0067
-0.0058
0.0008
0.0128
0.0291
0.0486
0.0697
0.0912
0.1117
0.1304
0.1464
0.1596
0.1700
0.1780
0.1840
0.1888
0.1931
0.1974
0.2023
0.2082
0.2153
0.2236
0.2329
0.2430
0.2535
0.2638
0.2738
0.2831
0.2919
0.3002
0.3087
0.3178
0.3283
0.3408
0.3556
0.3728
0.3921
0.4131
0.4349
0.4566
0.4772
0.4960
0.5124
0.5262
0.5374
0.5461
0.5526
0.5573
0.5604
0.5622
0.5627
0.5622
0.5608
0.5587
0.5562
0.5536
0.5514
0.5498
0.5490
0.5490
0.5497
0.5508
0.5520
0.5529
0.5532
0.5527
0.5514
0.5492
0.5463
0.5427
0.5382
0.5327
0.5260
0.5176
0.5073
0.4949
0.4802
0.4636
0.4451
0.4253
0.4044
0.3830
0.3612
0.3391
0.3165
0.2934
0.2692
0.2438
0.2169
0.1885
0.1588
0.1282
0.0975
0.0674
0.0389
0.0128
-0.0101
-0.0294
-0.0449
-0.0565
-0.0647
-0.0698
-0.0725
-0.0734
-0.0732
-0.0725
-0.0718
-0.0716
-0.0723
-0.0740
-0.0766
-0.0801
-0.0840
-0.0878
-0.0908
-0.0925
-0.0925
-0.0904
-0.0864
-0.0807
-0.0737
-0.0661
-0.0586
-0.0515
-0.0454
-0.0403
-0.0362
-0.0327
-0.0293
-0.0255
-0.0207
-0.0144
-0.0061
0.0043
0.0169
0.0319
0.0488
0.0675
0.0876
0.1086
0.1299
0.1509
0.1709
0.1893
0.2054
0.2188
0.2290
0.2358
0.2392
0.2393
0.2365
0.2314
0.2245
0.2166
0.2082
0.1998
0.1919
0.1846
0.1780
0.1720
0.1668
0.1620
0.1578
0.1540
0.1508
0.1481
0.1460
0.1447
0.1443
0.1448
0.1463
0.1489
0.1525
0.1570
0.1622
0.1677
0.1730
0.1775
0.1804
0.1811
0.1790
0.1737
0.1649
0.1528
0.1378
0.1206
0.1019
0.0825
0.0632
0.0446
0.0269
0.0102
-0.0057
-0.0211
-0.0362
-0.0515
-0.0670
-0.0824
-0.0976
-0.1118
-0.1246
-0.1352
-0.1434
-0.1491
-0.1523
-0.1536
-0.1538
-0.1537
-0.1545
-0.1569
-0.1618
-0.1698
-0.1814
-0.1964
-0.2149
-0.2363
-0.2600
-0.2851
-0.3108
-0.3360
-0.3600
-0.3820
-0.4016
-0.4186
-0.4331
-0.4453
-0.4557
-0.4648
-0.4732
-0.4813
-0.4895
-0.4982
-0.5075
-0.5174
-0.5277
-0.5383
-0.5487
-0.5586
-0.5676
-0.5755
-0.5824
-0.5882
-0.5932
-0.5979
-0.6025
-0.6074
-0.6125
-0.6177
-0.6229
-0.6277
-0.6317
-0.6348
-0.6370
-0.6386
-0.6399
-0.6416
-0.6439
-0.6473
-0.6514
-0.6556
-0.6589
-0.6601
-0.6575
-0.6500
-0.6364
-0.6164
-0.5900
-0.5581
-0.5220
-0.4834
-0.4442
-0.4061
-0.3707
-0.3392
-0.3124
-0.2906
-0.2740
-0.2624
-0.2554
-0.2529
-0.2543
-0.2594
-0.2678
-0.2791
-0.2929
-0.3088
-0.3265
-0.3458
-0.3662
-0.3876
-0.4097
-0.4322
-0.4546
-0.4766
-0.4977
-0.5175
-0.5356
-0.5520
-0.5664
-0.5791
-0.5901
-0.5996
-0.6078
-0.6149
-0.6208
-0.6258
-0.6298
-0.6329
-0.6354
-0.6371
-0.6383
-0.6390
-0.6391
-0.6385
-0.6369
-0.6341
-0.6297
-0.6236
-0.6155
-0.6052
-0.5930
-0.5788
-0.5631
-0.5463
-0.5290
-0.5115
-0.4944
-0.4780
-0.4625
-0.4480
-0.4345
-0.4220
-0.4104
-0.4000
-0.3908
-0.3834
-0.3781
-0.3757
-0.3765
-0.3809
-0.3891
-0.4010
-0.4162
-0.4340
-0.4535
-0.4737
-0.4933
-0.5113
-0.5269
-0.5397
-0.5495
-0.5569
-0.5626
-0.5676
-0.5728
-0.5791
-0.5869
-0.5960
-0.6060
-0.6156
-0.6237
-0.6288
-0.6299
-0.6263
-0.6176
-0.6042
-0.5869
-0.5668
-0.5454
-0.5241
-0.5043
-0.4871
-0.4733
-0.4636
-0.4581
-0.4566
-0.4585
-0.4631
-0.4692
-0.4757
-0.4813
-0.4849
-0.4857
-0.4832
-0.4775
-0.4691
-0.4590
-0.4486
-0.4395
-0.4330
-0.4304
-0.4324
-0.4393
-0.4506
-0.4654
-0.4824
-0.5001
-0.5168
-0.5313
-0.5426
-0.5500
-0.5535
-0.5535
-0.5506
-0.5460
-0.5408
-0.5363
-0.5335
-0.5336
-0.5370
-0.5442
-0.5551
-0.5693
-0.5860
-0.6043
-0.6231
-0.6413
-0.6579
-0.6720
-0.6832
-0.6912
-0.6961
-0.6982
-0.6982
-0.6966
-0.6939
-0.6906
-0.6871
-0.6836
-0.6801
-0.6769
-0.6739
-0.6712
-0.6690
-0.6674
-0.6665
-0.6662
-0.6663
-0.6663
-0.6660
-0.6646
-0.6619
-0.6575
-0.6515
-0.6443
-0.6363
-0.6284
-0.6214
-0.6157
-0.6116
-0.6092
-0.6078
-0.6066
-0.6047
-0.6012
-0.5952
-0.5865
-0.5753
-0.5620
-0.5477
-0.5335
-0.5203
-0.5093
-0.5012
-0.4963
-0.4946
-0.4957
-0.4990
-0.5035
-0.5083
-0.5124
-0.5149
-0.5153
-0.5133
-0.5090
-0.5026
-0.4947
-0.4859
-0.4768
-0.4679
-0.4596
-0.4523
-0.4460
-0.4409
-0.4369
-0.4340
-0.4323
-0.4317
-0.4322
-0.4336
-0.4360
-0.4393
-0.4435
-0.4484
-0.4540
-0.4603
-0.4671
-0.4743
-0.4817
-0.4888
-0.4955
-0.5012
-0.5055
-0.5081
-0.5088
-0.5073
-0.5038
-0.4985
-0.4919
-0.4848
-0.4779
-0.4723
-0.4690
-0.4689
-0.4728
-0.4813
-0.4948
-0.5132
-0.5361
-0.5629
-0.5925
-0.6236
-0.6548
-0.6848
-0.7120
-0.7352
-0.7533
-0.7655
-0.7715
-0.7711
-0.7644
-0.7522
-0.7351
-0.7142
-0.6905
-0.6652
-0.6393
-0.6137
-0.5893
-0.5666
-0.5460
-0.5275
-0.5111
-0.4963
-0.4822
-0.4677
-0.4515
-0.4321
-0.4081
-0.3783
-0.3421
-0.2995
-0.2515
-0.1996
-0.1459
-0.0927
-0.0423
0.0036
0.0440
0.0785
0.1075
0.1320
0.1532
0.1723
0.1904
0.2082
0.2259
0.2435
0.2610
0.2778
0.2938
0.3089
0.3230
0.3362
0.3487
0.3607
0.3724
0.3837
0.3944
0.4042
0.4128
0.4199
0.4250
0.4281
0.4292
0.4283
0.4257
0.4220
0.4174
0.4125
0.4075
0.4029
0.3989
0.3955
0.3928
0.3907
0.3891
0.3876
0.3860
0.3838
0.3808
0.3764
0.3705
0.3629
0.3535
0.3425
0.3301
0.3169
0.3034
0.2903
0.2781
0.2675
0.2586
0.2515
0.2458
0.2413
0.2371
0.2327
0.2274
0.2208
0.2127
0.2030
0.1918
0.1795
0.1663
0.1526
0.1386
0.1246
0.1107
0.0971
0.0839
0.0713
0.0593
0.0482
0.0380
0.0288
0.0205
0.0131
0.0064
-0.0000
-0.0063
-0.0129
-0.0202
-0.0283
-0.0374
-0.0475
-0.0585
-0.0701
-0.0820
-0.0939
-0.1054
-0.1163
-0.1267
-0.1368
-0.1471
-0.1580
-0.1704
-0.1848
-0.2016
-0.2212
-0.2433
-0.2677
-0.2940
-0.3214
-0.3496
-0.3781
-0.4066
-0.4349
-0.4632
-0.4914
-0.5196
-0.5478
-0.5757
-0.6032
-0.6298
-0.6553
-0.6795
-0.7025
-0.7244
-0.7456
-0.7665
-0.7875
-0.8087
-0.8303
-0.8520
-0.8733
-0.8936
-0.9119
-0.9275
-0.9396
-0.9478
-0.9519
-0.9520
-0.9488
-0.9431
-0.9360
-0.9287
-0.9224
-0.9180
-0.9163
-0.9176
-0.9219
-0.9287
-0.9376
-0.9478
-0.9586
-0.9696
-0.9801
-0.9901
-0.9992
-1.0076
-1.0153
-1.0222
-1.0284
-1.0339
-1.0386
-1.0426
-1.0458
-1.0482
-1.0499
-1.0509
-1.0512
-1.0509
-1.0498
-1.0482
-1.0459
-1.0432
-1.0405
-1.0382
-1.0370
-1.0376
-1.0408
-1.0471
-1.0569
-1.0701
-1.0865
-1.1052
-1.1251
-1.1449
-1.1631
-1.1782
-1.1890
-1.1943
-1.1936
-1.1866
-1.1737
-1.1554
-1.1326
-1.1065
-1.0780
-1.0483
-1.0181
-0.9880
-0.9584
-0.9297
-0.9019
-0.8751
-0.8492
-0.8245
-0.8008
-0.7784
-0.7574
-0.7378
-0.7199
-0.7037
-0.6893
-0.6767
-0.6660
-0.6570
-0.6498
-0.6441
-0.6397
-0.6364
-0.6337
-0.6314
-0.6289
-0.6258
-0.6217
-0.6163
-0.6093
-0.6006
-0.5903
-0.5785
-0.5656
-0.5518
-0.5376
-0.5233
-0.5089
-0.4945
-0.4800
-0.4651
-0.4495
-0.4328
-0.4151
-0.3961
-0.3761
-0.3554
-0.3346
-0.3143
-0.2949
-0.2770
-0.2607
-0.2461
-0.2330
-0.2210
-0.2097
-0.1986
-0.1876
-0.1763
-0.1650
-0.1539
-0.1436
-0.1347
-0.1277
-0.1234
-0.1223
-0.1246
-0.1306
-0.1403
-0.1539
-0.1712
-0.1921
-0.2167
-0.2449
-0.2766
-0.3115
-0.3494
-0.3896
-0.4315
-0.4738
-0.5155
-0.5554
-0.5922
-0.6249
-0.6527
-0.6750
-0.6915
-0.7023
-0.7076
-0.7078
-0.7035
-0.6953
-0.6840
-0.6700
-0.6541
-0.6368
-0.6184
-0.5991
-0.5789
-0.5578
-0.5351
-0.5103
-0.4826
-0.4510
-0.4148
-0.3732
-0.3259
-0.2729
-0.2148
-0.1529
-0.0887
-0.0241
0.0387
0.0976
0.1508
0.1967
0.2344
0.2633
0.2835
0.2954
0.2996
0.2972
0.2892
0.2767
0.2609
0.2428
0.2235
0.2036
0.1839
0.1647
0.1461
0.1281
0.1106
0.0930
0.0750
0.0564
0.0367
0.0159
-0.0058
-0.0283
-0.0510
-0.0736
-0.0954
-0.1159
-0.1344
-0.1506
-0.1640
-0.1745
-0.1820
-0.1866
-0.1884
-0.1880
-0.1859
-0.1828
-0.1797
-0.1775
-0.1774
-0.1805
-0.1878
-0.2003
-0.2186
-0.2433
-0.2744
-0.3119
-0.3554
-0.4042
-0.4577
-0.5147
-0.5744
-0.6357
-0.6974
-0.7586
-0.8183
-0.8758
-0.9305
-0.9819
-1.0302
-1.0752
-1.1174
-1.1571
-1.1947
-1.2308
-1.2657
-1.2999
-1.3335
-1.3669
-1.3999
-1.4327
-1.4648
-1.4962
-1.5263
-1.5547
-1.5809
-1.6046
-1.6256
-1.6440
-1.6600
-1.6742
-1.6872
-1.6998
-1.7126
-1.7262
-1.7405
-1.7554
-1.7703
-1.7843
-1.7965
-1.8058
-1.8116
-1.8134
-1.8112
-1.8054
-1.7970
-1.7869
-1.7766
-1.7671
-1.7594
-1.7541
-1.7513
-1.7508
-1.7518
-1.7534
-1.7544
-1.7538
-1.7507
-1.7443
-1.7342
-1.7204
-1.7028
-1.6817
-1.6573
-1.6297
-1.5987
-1.5641
-1.5255
-1.4823
-1.4339
-1.3797
-1.3194
-1.2527
-1.1798
-1.1010
-1.0171
-0.9288
-0.8374
-0.7441
-0.6502
-0.5572
-0.4662
-0.3784
-0.2947
-0.2157
-0.1416
-0.0722
-0.0072
0.0543
0.1129
0.1693
0.2242
0.2778
0.3303
0.3814
0.4308
0.4780
0.5227
0.5644
0.6032
0.6389
0.6719
0.7025
0.7311
0.7580
0.7833
0.8072
0.8296
0.8503
0.8691
0.8858
0.9003
0.9124
0.9223
0.9300
0.9355
0.9390
0.9406
0.9402
0.9380
0.9338
0.9278
0.9197
0.9098
0.8980
0.8844
0.8691
0.8525
0.8347
0.8161
0.7970
0.7779
0.7592
0.7414
0.7250
0.7105
0.6982
0.6883
0.6808
0.6757
0.6725
0.6708
0.6700
0.6693
0.6681
0.6659
0.6625
0.6576
0.6514
0.6444
0.6371
0.6299
0.6234
0.6180
0.6139
0.6110
0.6091
0.6077
0.6066
0.6052
0.6033
0.6008
0.5978
0.5944
0.5910
0.5880
0.5857
0.5842
0.5837
0.5841
0.5853
0.5870
0.5889
0.5909
0.5926
0.5938
0.5943
0.5935
0.5912
0.5867
0.5797
0.5697
0.5567
0.5404
0.5213
0.4998
0.4764
0.4521
0.4274
0.4031
0.3797
0.3578
0.3378
0.3201
0.3049
0.2928
0.2841
0.2789
0.2776
0.2800
0.2861
0.2954
0.3075
0.3217
0.3373
0.3537
0.3703
0.3865
0.4017
0.4156
0.4279
0.4383
0.4467
0.4531
0.4578
0.4610
0.4632
0.4649
0.4669
0.4696
0.4737
0.4797
0.4879
0.4985
0.5113
0.5259
0.5420
0.5586
0.5752
0.5907
0.6045
0.6158
0.6244
0.6300
0.6326
0.6327
0.6306
0.6268
0.6219
0.6163
0.6102
0.6038
0.5968
0.5891
0.5802
0.5699
0.5576
0.5430
0.5260
0.5065
0.4846
0.4608
0.4356
0.4097
0.3839
0.3590
0.3355
0.3140
0.2946
0.2772
0.2615
0.2468
0.2327
0.2186
0.2040
0.1889
0.1732
0.1573
0.1415
0.1263
0.1121
0.0993
0.0879
0.0780
0.0693
0.0617
0.0546
0.0475
0.0402
0.0322
0.0234
0.0135
0.0026
-0.0091
-0.0214
-0.0339
-0.0461
-0.0575
-0.0674
-0.0753
-0.0804
-0.0823
-0.0806
-0.0751
-0.0660
-0.0536
-0.0387
-0.0220
-0.0046
0.0126
0.0287
0.0427
0.0540
0.0620
0.0662
0.0663
0.0621
0.0539
0.0419
0.0267
0.0095
-0.0088
-0.0265
-0.0424
-0.0549
-0.0629
-0.0656
-0.0625
-0.0537
-0.0398
-0.0216
-0.0006
0.0218
0.0441
0.0649
0.0831
0.0978
0.1086
0.1157
0.1193
0.1201
0.1188
0.1160
0.1124
0.1084
0.1042
0.1001
0.0961
0.0926
0.0898
0.0880
0.0876
0.0890
0.0921
0.0971
0.1035
0.1111
0.1193
0.1278
0.1361
0.1442
0.1520
0.1597
0.1676
0.1758
0.1844
0.1935
0.2031
0.2128
0.2224
0.2319
0.2411
0.2500
0.2590
0.2683
0.2786
0.2904
0.3043
0.3209
0.3406
0.3635
0.3893
0.4177
0.4477
0.4784
0.5087
0.5375
0.5637
0.5865
0.6054
0.6201
0.6307
0.6375
0.6410
0.6417
0.6404
0.6376
0.6341
0.6302
0.6264
0.6227
0.6194
0.6163
0.6135
0.6110
0.6090
0.6077
0.6076
0.6091
0.6127
0.6188
0.6278
0.6395
0.6536
0.6694
0.6862
0.7030
0.7188
0.7327
0.7441
0.7523
0.7571
0.7585
0.7565
0.7516
0.7442
0.7350
0.7248
0.7146
0.7053
0.6979
0.6930
0.6913
0.6929
0.6977
0.7053
0.7151
0.7264
0.7384
0.7502
0.7614
0.7716
0.7805
0.7883
0.7951
0.8011
0.8066
0.8120
0.8172
0.8223
0.8271
0.8312
0.8340
0.8351
0.8339
0.8299
0.8229
0.8129
0.8002
0.7852
0.7685
0.7509
0.7331
0.7157
0.6993
0.6844
0.6710
0.6595
0.6497
0.6414
0.6345
0.6284
0.6229
0.6172
0.6110
0.6037
0.5951
0.5849
0.5730
0.5597
0.5453
0.5301
0.5147
0.4994
0.4849
0.4712
0.4587
0.4473
0.4368
0.4270
0.4173
0.4073
0.3964
0.3841
0.3700
0.3537
0.3350
0.3141
0.2912
0.2666
0.2409
0.2146
0.1884
0.1628
0.1380
0.1142
0.0911
0.0684
0.0454
0.0216
-0.0036
-0.0307
-0.0596
-0.0899
-0.1211
-0.1521
-0.1819
-0.2094
-0.2340
-0.2552
-0.2728
-0.2872
-0.2989
-0.3086
-0.3170
-0.3250
-0.3331
-0.3417
-0.3513
-0.3621
-0.3747
-0.3892
-0.4060
-0.4254
-0.4473
-0.4717
-0.4981
-0.5259
-0.5544
-0.5827
-0.6099
-0.6353
-0.6582
-0.6784
-0.6956
-0.7098
-0.7211
-0.7296
-0.7354
-0.7386
-0.7392
-0.7374
-0.7332
-0.7270
-0.7193
-0.7107
-0.7019
-0.6938
-0.6871
-0.6824
-0.6799
-0.6794
-0.6805
-0.6820
-0.6828
-0.6813
-0.6758
-0.6650
-0.6477
-0.6233
-0.5917
-0.5535
-0.5097
-0.4618
-0.4115
-0.3606
-0.3108
-0.2637
-0.2201
-0.1809
-0.1462
-0.1161
-0.0902
-0.0683
-0.0499
-0.0348
-0.0228
-0.0140
-0.0086
-0.0067
-0.0087
-0.0147
-0.0248
-0.0388
-0.0564
-0.0771
-0.1004
-0.1257
-0.1525
-0.1805
-0.2094
-0.2390
-0.2693
-0.3002
-0.3318
-0.3640
-0.3965
-0.4294
-0.4623
-0.4950
-0.5274
-0.5592
-0.5902
-0.6203
-0.6491
-0.6765
-0.7021
-0.7254
-0.7462
-0.7640
-0.7786
-0.7898
-0.7975
-0.8019
-0.8030
-0.8013
-0.7973
-0.7914
-0.7843
-0.7765
-0.7686
-0.7609
-0.7537
-0.7472
-0.7410
-0.7349
-0.7284
-0.7210
-0.7119
-0.7008
-0.6872
-0.6707
-0.6513
-0.6290
-0.6038
-0.5757
-0.5452
-0.5123
-0.4776
-0.4415
-0.4048
-0.3681
-0.3322
-0.2978
-0.2655
-0.2355
-0.2079
-0.1822
-0.1582
-0.1355
-0.1135
-0.0920
-0.0709
-0.0503
-0.0301
-0.0105
0.0087
0.0275
0.0462
0.0649
0.0837
0.1025
0.1210
0.1386
0.1547
0.1684
0.1791
0.1866
0.1908
0.1922
0.1914
0.1894
0.1875
0.1868
0.1880
0.1919
0.1987
0.2083
0.2203
0.2341
0.2488
0.2636
0.2776
0.2899
0.2998
0.3069
0.3110
0.3121
0.3107
0.3075
0.3032
0.2990
0.2955
0.2936
0.2935
0.2952
0.2981
0.3013
0.3039
0.3047
0.3028
0.2977
0.2891
0.2773
0.2630
0.2472
0.2311
0.2156
0.2018
0.1901
0.1809
0.1744
0.1702
0.1683
0.1683
0.1700
0.1735
0.1786
0.1852
0.1934
0.2029
0.2132
0.2239
0.2341
0.2431
0.2502
0.2545
0.2556
0.2533
0.2474
0.2383
0.2265
0.2125
0.1971
0.1811
0.1652
0.1500
0.1359
0.1235
0.1129
0.1043
0.0977
0.0930
0.0901
0.0886
0.0880
0.0878
0.0872
0.0856
0.0823
0.0767
0.0685
0.0578
0.0445
0.0293
0.0127
-0.0045
-0.0215
-0.0376
-0.0520
-0.0641
-0.0734
-0.0795
-0.0822
-0.0814
-0.0773
-0.0700
-0.0600
-0.0477
-0.0339
-0.0190
-0.0037
0.0115
0.0263
0.0403
0.0533
0.0651
0.0754
0.0843
0.0915
0.0970
0.1007
0.1026
0.1025
0.1004
0.0964
0.0904
0.0824
0.0726
0.0608
0.0474
0.0328
0.0172
0.0015
-0.0137
-0.0276
-0.0393
-0.0481
-0.0534
-0.0550
-0.0527
-0.0469
-0.0381
-0.0271
-0.0149
-0.0024
0.0096
0.0204
0.0296
0.0374
0.0439
0.0498
0.0559
0.0630
0.0718
0.0830
0.0968
0.1133
0.1323
0.1532
0.1753
0.1979
0.2202
0.2415
0.2612
0.2787
0.2937
0.3061
0.3159
0.3231
0.3282
0.3313
0.3330
0.3335
0.3334
0.3327
0.3318
0.3305
0.3289
0.3267
0.3237
0.3199
0.3152
0.3099
0.3043
0.2990
0.2947
0.2922
0.2921
0.2949
0.3009
0.3099
0.3213
0.3345
0.3483
0.3615
0.3727
0.3810
0.3852
0.3847
0.3793
0.3690
0.3541
0.3352
0.3132
0.2889
0.2635
0.2381
0.2138
0.1919
0.1735
0.1596
0.1510
0.1483
0.1516
0.1607
0.1749
0.1934
0.2151
0.2387
0.2631
0.2871
0.3097
0.3303
0.3482
0.3629
0.3742
0.3818
0.3857
0.3857
0.3820
0.3747
0.3641
0.3505
0.3344
0.3162
0.2966
0.2761
0.2550
0.2336
0.2124
0.1915
0.1710
0.1513
0.1323
0.1144
0.0978
0.0825
0.0688
0.0566
0.0458
0.0359
0.0264
0.0167
0.0060
-0.0063
-0.0206
-0.0371
-0.0555
-0.0753
-0.0954
-0.1149
-0.1324
-0.1467
-0.1571
-0.1630
-0.1641
-0.1607
-0.1533
-0.1425
-0.1291
-0.1139
-0.0972
-0.0798
-0.0618
-0.0436
-0.0253
-0.0072
0.0104
0.0269
0.0419
0.0546
0.0645
0.0710
0.0735
0.0718
0.0658
0.0556
0.0419
0.0252
0.0064
-0.0138
-0.0343
-0.0545
-0.0739
-0.0920
-0.1087
-0.1240
-0.1379
-0.1505
-0.1620
-0.1724
-0.1817
-0.1899
-0.1969
-0.2026
-0.2071
-0.2104
-0.2126
-0.2138
-0.2143
-0.2142
-0.2139
-0.2138
-0.2142
-0.2156
-0.2185
-0.2233
-0.2301
-0.2391
-0.2501
-0.2626
-0.2760
-0.2896
-0.3025
-0.3139
-0.3231
-0.3296
-0.3331
-0.3336
-0.3314
-0.3269
-0.3203
-0.3124
-0.3033
-0.2934
-0.2829
-0.2719
-0.2603
-0.2481
-0.2353
-0.2218
-0.2074
-0.1920
-0.1755
-0.1576
-0.1384
-0.1177
-0.0957
-0.0728
-0.0495
-0.0267
-0.0052
0.0142
0.0307
0.0437
0.0531
0.0588
0.0612
0.0611
0.0594
0.0570
0.0551
0.0548
0.0570
0.0622
0.0712
0.0839
0.1003
0.1200
0.1420
0.1655
0.1891
0.2114
0.2310
0.2468
0.2577
0.2632
0.2632
0.2580
0.2484
0.2354
0.2202
0.2038
0.1874
0.1719
0.1581
0.1464
0.1371
0.1305
0.1262
0.1242
0.1239
0.1248
0.1263
0.1277
0.1284
0.1278
0.1254
0.1210
0.1141
0.1047
0.0926
0.0779
0.0605
0.0407
0.0187
-0.0050
-0.0298
-0.0550
-0.0796
-0.1029
-0.1240
-0.1421
-0.1566
-0.1674
-0.1741
-0.1769
-0.1760
-0.1718
-0.1646
-0.1551
-0.1436
-0.1305
-0.1162
-0.1010
-0.0851
-0.0687
-0.0520
-0.0356
-0.0198
-0.0054
0.0068
0.0159
0.0210
0.0215
0.0167
0.0065
-0.0090
-0.0292
-0.0533
-0.0802
-0.1085
-0.1368
-0.1638
-0.1883
-0.2093
-0.2261
-0.2382
-0.2456
-0.2485
-0.2473
-0.2429
-0.2361
-0.2279
-0.2192
-0.2110
-0.2040
-0.1986
-0.1952
-0.1938
-0.1943
-0.1966
-0.2004
-0.2057
-0.2124
-0.2204
-0.2298
-0.2407
-0.2530
-0.2666
-0.2814
-0.2972
-0.3138
-0.3309
-0.3485
-0.3667
-0.3856
-0.4055
-0.4267
-0.4497
-0.4747
-0.5020
-0.5316
-0.5636
-0.5978
-0.6338
-0.6712
-0.7096
-0.7485
-0.7872
-0.8250
-0.8613
-0.8951
-0.9260
-0.9531
-0.9762
-0.9951
-1.0099
-1.0209
-1.0286
-1.0340
-1.0377
-1.0407
-1.0440
-1.0483
-1.0542
-1.0622
-1.0723
-1.0845
-1.0982
-1.1126
-1.1268
-1.1396
-1.1502
-1.1575
-1.1612
-1.1610
-1.1569
-1.1494
-1.1390
-1.1265
-1.1125
-1.0978
-1.0826
-1.0675
-1.0526
-1.0380
-1.0237
-1.0096
-0.9959
-0.9826
-0.9700
-0.9582
-0.9476
-0.9386
-0.9313
-0.9260
-0.9228
-0.9214
-0.9217
-0.9230
-0.9249
-0.9266
-0.9275
-0.9271
-0.9251
-0.9215
-0.9165
-0.9105
-0.9041
-0.8979
-0.8922
-0.8872
-0.8831
-0.8793
-0.8753
-0.8703
-0.8634
-0.8536
-0.8402
-0.8227
-0.8009
-0.7749
-0.7455
-0.7136
-0.6804
-0.6472
-0.6154
-0.5859
-0.5596
-0.5370
-0.5182
-0.5031
-0.4916
-0.4835
-0.4788
-0.4776
-0.4799
-0.4858
-0.4951
-0.5073
-0.5217
-0.5371
-0.5521
-0.5651
-0.5742
-0.5779
-0.5747
-0.5635
-0.5437
-0.5150
-0.4778
-0.4329
-0.3816
-0.3257
