8.50271963
8.54971053
8.70570123
8.87877442
8.97379179
9.01359465
9.02631208
9.07301091
9.11114235
9.08992860
9.18768185
9.23050046
9.44143870
10.04118741
9.38466326
9.49158391
9.47576463
9.56524975
9.57380854
9.53433059
9.63312171
9.39409464
9.53216008
9.57021984
9.66550820
10.00590658
10.21329754
10.29974503
10.31918105
10.39454494
10.50167270
10.68647436
10.90683692
11.07425998
10.81219395
10.95622855
11.15574335
11.30512908
11.58265726
11.69656937
11.66086300
11.79636806
11.94552060
12.24736225
12.23366360
12.27357240
12.32317249
12.77191883
12.55683440
12.44854782
13.00028112
13.82074221
13.28147057
13.43318927
13.90598136
13.57272386
14.07219394
14.11647265
14.20839949
14.23888583
13.50287242
13.47842017
14.28555295
13.79442836
13.86103047
13.99151132
14.16385316
14.31208793
14.98374191
14.34034766
14.50243155
14.62363293
14.61902863
15.60601745
15.77475510
