4.2152
4.0069
4.4556
3.9963
4.5471
4.1507
5.0983
5.0492
5.4321
5.1161
4.5784
4.9320
5.3145
5.3082
5.5889
5.7003
5.5129
4.9475
4.4977
5.4658
5.0922
5.9155
5.6797
5.7454
5.5391
5.4277
5.4163
4.8800
4.9402
4.7074
4.6042
4.4245
4.5396
4.1728
4.1160
3.8984
3.8656
3.7119
3.7633
3.6504
3.6591
3.3921
3.0544
2.9774
3.1337
2.8157
2.8296
2.9169
2.7854
2.8689
2.6221
2.7443
2.4036
2.3710
2.3145
2.4033
2.7136
2.6367
2.5848
2.0924
1.9627
1.7637
1.5971
1.7657
1.5065
1.6165
1.5667
1.7089
1.3335
1.3556
1.0392
0.9429
0.9290
0.8890
1.4129
0.9642
1.0316
1.0081
0.9412
1.0993
0.7170
0.7769
0.4771
0.4300
0.4622
0.7310
0.6674
0.6563
0.6045
0.4682
0.3152
0.3931
0.3498
0.0922
0.0099
0.0364
-0.0443
-0.2150
0.0456
-0.5116
-0.5515
-0.5738
-0.5882
-0.6833
-0.7677
-0.3315
-0.6874
-0.5660
-1.1402
-1.2455
-1.4279
-1.2784
-1.4248
-1.5708
-1.1887
-1.2498
-1.4996
-1.8293
-1.8024
-2.1799
-2.1827
-2.2017
-2.0159
-2.1134
-1.9758
-2.1488
-2.1394
-2.1964
-2.2110
-2.1337
-2.1122
-1.9564
-1.6214
-1.6443
-1.9764
-1.8246
-1.7802
-1.7731
-1.9151
-1.7735
-1.7675
-1.4652
-1.5510
-1.6878
-0.9704
-1.7227
-1.7960
-1.8342
-1.8294
-1.5220
-1.3512
-1.4488
-1.6552
-1.8003
-1.6151
-1.4898
-1.7086
-1.0812
-1.7374
-1.2500
-0.7801
-0.9472
-1.1841
-1.3631
-1.1881
-1.3217
-1.2591
-0.4569
0.3674
-0.2736
-0.0264
-0.1730
-0.5317
0.1910
-0.3460
0.3253
-0.2280
0.9684
0.5613
1.4544
0.3115
0.2305
0.3374
0.2602
0.6320
0.9449
0.7427
0.6116
1.4175
0.9388
1.3328
0.9354
1.5820
1.4793
1.3802
2.0790
1.4011
1.4013
1.1415
0.9043
1.0890
0.9803
1.2168
1.1677
1.2645
0.7422
0.8063
0.7553
1.0164
1.2562
1.5149
1.5044
0.9822
0.8237
1.1396
1.1322
0.8458
1.5739
0.9264
1.0550
0.8032
0.8713
0.8684
0.7818
0.5771
0.7891
1.0561
1.2624
1.4622
1.3706
1.2693
1.2451
1.7346
1.6173
1.4825
1.6993
1.6286
1.3849
1.8082
1.8199
2.0851
2.5488
3.3321
3.2832
3.5674
3.5004
3.8362
3.8912
3.8259
4.2110
4.6508
4.4001
4.2071
4.2219
4.1461
4.0847
4.2130
4.3967
4.1992
4.0505
3.8840
3.5569
3.4545
3.1964
3.4855
3.1540
2.9646
2.6193
2.9059
2.1253
2.1945
1.3792
1.6254
1.0766
1.3482
0.7615
0.6297
0.8236
0.2329
1.0006
-0.5811
-0.3671
-1.0477
-0.4323
-0.6953
-0.7340
-0.6843
-0.9016
-0.8464
-0.7491
-1.0893
-0.9762
-1.2823
-1.3392
-1.5673
-1.4810
-1.5203
-1.7402
-1.8892
-1.9426
-1.8654
-2.1103
-1.7836
-1.8738
-1.8606
-1.9788
-1.6870
-2.2335
-2.0323
-2.6376
-2.1427
-2.5251
-2.5342
-2.5832
-2.0977
-2.3523
-2.4493
-1.9349
-2.3153
-1.6859
-1.8512
-1.9328
-1.8838
-2.1361
-2.2768
-2.4413
-2.5625
-2.1022
-2.4701
-2.2315
-2.1768
-2.3708
-2.5434
-2.4297
-2.5772
-2.6457
-2.4712
-2.4316
-2.0004
-2.0129
-1.3513
-1.9174
-2.0659
-1.5047
-2.0739
-1.9502
-1.9910
-1.9075
-1.9816
-1.9463
-1.8419
-1.8349
-1.6067
-1.4549
-1.3032
-0.9063
-1.2579
-1.0136
-0.3468
-0.9158
-0.5885
-0.1187
-0.7047
-0.8149
-0.8774
-0.9025
-1.1293
-0.7874
-0.7276
-0.6271
-0.2751
-0.5030
-0.4190
-0.5957
-0.5599
-0.6203
-0.2580
-0.2592
-0.1344
-0.1901
0.1401
0.1910
0.0712
0.2907
0.2046
0.4883
0.2275
0.2034
0.4770
0.4604
0.6212
0.9087
0.7917
0.7562
0.7730
0.9016
0.6462
0.8185
0.7286
0.5963
0.8144
0.6661
1.1392
1.0253
1.1922
1.1725
1.1337
1.4243
1.3986
1.5111
1.7761
1.6752
1.9660
1.7477
1.6741
1.6208
1.9141
2.0678
1.9834
2.1788
1.7544
2.1495
1.8617
1.9602
1.6305
1.6348
1.8227
1.8172
2.1895
1.7857
2.0973
1.9679
2.0100
2.1112
1.6462
1.6651
1.6918
1.9446
2.1817
2.0851
2.4372
1.8842
1.9263
1.8664
2.1026
1.9460
1.8361
1.7564
2.0546
1.6758
2.0017
1.9716
1.8143
1.5952
1.6541
1.6323
1.6126
1.6283
1.7859
1.5668
1.7356
1.7002
1.6841
1.6527
1.6504
1.6798
1.6091
2.0126
1.6449
1.4579
1.7155
1.6671
2.2302
1.9454
1.4100
1.9212
1.4057
2.2974
1.7432
2.9899
2.0128
2.7368
1.9053
1.7759
1.5204
1.8950
2.2876
2.0518
2.5166
1.9970
2.3430
2.0859
2.4454
2.0614
2.6758
2.0263
2.3403
2.3476
2.9339
2.7518
2.8353
3.0511
2.4652
2.7783
2.5375
2.5017
2.6004
2.8936
3.2376
3.2731
3.0125
2.5792
2.6178
2.4157
2.3676
2.5079
2.9793
2.8939
3.0334
3.3684
2.9562
2.8758
3.0131
3.0875
3.1667
3.5847
3.0141
2.8484
2.6560
3.2914
3.1843
3.3616
3.3053
3.1485
2.6641
2.4368
2.5033
2.7332
2.5652
2.4058
2.4007
2.3553
2.1989
2.3954
2.5714
2.1807
2.0948
2.1320
2.2330
2.0604
1.7812
1.9910
1.8264
1.9116
2.0310
1.8054
2.0775
1.9737
2.1478
1.8997
1.6753
2.1503
1.5925
1.7502
1.7519
1.4387
1.2967
1.3554
1.7898
1.5745
1.4727
1.3833
1.7775
1.5570
2.1045
1.9958
1.9888
2.1395
2.0682
1.9553
1.9693
1.5926
1.5251
2.1128
1.7328
1.5629
1.2559
1.3941
1.0544
1.4825
1.4417
1.7155
1.9610
2.0329
1.1332
1.4263
1.4465
1.7306
2.2249
2.0131
2.0607
1.6774
1.5587
1.3598
1.7127
1.3062
1.4906
1.3935
1.0896
1.3841
0.7936
0.9280
0.8253
1.0849
0.8338
0.9942
0.9283
0.7341
0.3710
0.2657
0.7136
0.2871
0.4807
-0.0855
-0.3382
-0.5902
-0.3897
-0.9265
-1.4640
-1.1770
-1.2644
-1.7959
-1.8496
-2.2544
-2.5852
-3.0233
-3.6008
-3.7572
-3.6457
-3.7342
-3.8470
-3.7393
-3.7187
-3.9001
-4.0923
-4.3819
-4.4178
-5.0320
-5.2442
-5.7122
-5.8698
-5.7419
-5.4234
-6.3082
-6.1303
-6.5932
-6.0364
-5.8130
-6.1292
-6.5430
-5.7402
-6.0380
-5.7437
-6.2344
-5.7975
-5.5890
-5.5857
-5.4113
-5.4897
-5.0972
-5.3820
-5.2541
-4.8011
-4.9698
-4.3061
-4.1768
-3.9503
-4.4302
-3.8346
-4.3167
-3.9229
-4.2950
-3.8570
-3.9968
-3.8140
-3.1680
-2.7955
-3.2866
-3.3941
-3.0554
-2.9879
-2.7651
-2.8012
-2.4089
-2.4889
-2.1189
-2.1580
-1.6927
-1.3140
-0.3017
-0.6928
-0.1921
-0.4820
0.1003
-0.1751
0.4275
0.7000
-0.0502
-0.0090
0.1156
0.2556
0.9260
0.8482
0.1985
0.4075
0.2813
-0.3837
-0.2988
0.0577
-0.3076
-0.2480
-0.5582
-0.9702
-0.8540
-0.6498
-0.0708
-0.6452
-0.9467
-1.1898
-1.3692
-1.2343
-1.1508
-1.5824
-0.6995
-1.1393
-0.9621
-0.9099
-0.6478
-0.7261
-0.4206
-0.4279
-0.4497
-0.0570
-0.2505
-0.0652
-0.0044
0.2462
0.7760
0.9139
1.2504
1.1326
1.5777
1.3849
1.3212
1.4055
1.6518
1.8651
1.8663
1.8622
2.4369
2.1054
2.3902
2.3259
2.5077
2.7821
2.7643
3.2006
3.4933
3.4967
3.1762
3.4196
3.2654
3.2810
3.3760
3.6549
3.9872
3.7546
4.2560
3.5352
4.1790
3.5890
3.6093
3.6029
3.6763
3.8810
3.7999
3.8626
3.8955
4.2447
4.2398
4.6128
4.8325
5.0059
4.9971
5.3826
5.3389
5.4747
5.8419
5.9050
6.2691
6.5905
7.0083
7.1841
7.7452
7.3399
7.6751
7.4153
7.5724
7.7739
7.8136
8.0205
7.6470
8.1794
7.6572
7.4831
7.9096
7.2854
7.2326
6.6664
6.7166
6.9846
6.7432
7.0906
6.9219
7.0358
6.8198
7.0627
7.1003
7.2340
6.9650
6.9416
6.7707
6.5861
6.2405
6.2503
6.1967
6.3064
6.6452
6.7412
7.3751
7.2672
7.5273
7.1883
7.0747
7.0921
7.0301
7.0508
7.5395
7.1561
7.3610
8.1397
7.9124
8.1369
7.9703
8.1467
8.0283
7.5541
7.6999
7.3941
7.5270
6.8709
6.7729
6.8594
6.6810
7.1971
6.5073
6.4819
6.2498
6.0716
5.9060
5.8782
5.8276
5.8985
5.5264
5.4003
5.5306
5.5604
5.4143
5.2972
5.9431
5.4073
5.4176
5.6468
5.5525
5.6484
5.7294
5.6563
5.2718
4.9509
4.6123
4.5720
5.2008
4.7657
4.7703
4.4473
4.8331
4.6941
4.7890
4.6150
4.8261
4.1904
4.1038
3.5165
3.4216
3.7331
3.4011
3.3042
3.3109
3.0424
2.9073
2.7552
2.7991
2.9434
2.9536
2.7008
2.4905
2.7117
2.7945
2.4180
2.5464
2.2499
2.1760
2.1051
2.1573
1.7862
1.4767
1.4129
1.0664
0.9212
0.8390
0.8575
0.8302
1.2004
1.1240
1.1058
0.7471
1.0871
0.7349
1.1199
1.1083
0.9013
0.8818
0.8184
0.5783
0.9570
0.7032
0.7294
0.4009
0.3460
0.3609
-0.0143
0.1142
0.4072
0.5807
0.8924
1.1045
0.4569
0.6882
0.2833
0.1833
0.0135
-0.0370
0.0247
-0.4498
-0.3227
-0.4433
-0.5876
-1.2845
-1.1655
-1.6527
-1.7118
-1.6221
-1.6070
-0.9654
-1.2480
-1.2717
-1.8622
-1.8697
-1.2860
-1.1192
-0.7358
-1.7457
-1.5750
-2.1891
-0.8926
-1.3176
-1.8620
-2.4186
-2.6456
-3.1364
-2.7860
-2.9413
-2.2360
-2.6305
-2.7965
-3.1380
-3.9841
-4.1212
-3.8679
-3.8039
-3.9331
-4.0052
-3.7841
-3.9244
-4.2121
-4.5534
-4.6805
-4.4759
-5.0553
-5.0696
-4.7668
-5.0012
-4.7156
-4.7323
-3.9719
-4.5227
-4.5968
-4.3024
-4.7722
-5.0523
-5.2999
-5.3566
-5.2547
-5.1928
-5.4713
-5.4049
-5.4032
-5.4782
-5.2153
-5.1298
-5.2592
-5.1242
-5.5607
-5.4577
-5.3071
-5.0843
-4.9905
-4.8244
-4.8283
-4.7650
-4.8248
-4.8465
-4.3099
-4.7174
-4.3349
-4.5533
-4.4103
-4.1828
-4.1799
-3.6925
-3.7275
-3.5552
-3.4197
-3.0914
-2.9281
-2.8713
-2.6719
-2.4496
-2.1791
-1.8218
-1.8077
-1.4634
-1.2931
-0.7136
-0.7983
-0.2847
0.0100
0.1119
0.0101
0.3769
0.3264
0.7832
0.5685
1.0692
1.3216
1.6547
1.5554
2.9768
2.2633
2.9000
3.0197
3.0837
3.1350
3.0444
3.5471
3.8434
3.8925
3.9019
4.7513
5.3247
4.0297
3.9791
4.2711
4.1300
3.7171
4.1499
4.3315
3.8287
4.7980
3.9207
3.5630
4.1940
2.8934
2.9926
2.9995
2.7176
3.2810
3.1181
3.2230
1.9185
2.0562
2.1653
2.2825
1.4375
0.9079
1.2661
1.3946
1.1433
1.5129
2.1849
1.6492
1.5587
1.6487
1.8734
2.1356
2.1895
2.7381
2.5546
2.9789
2.7962
2.9852
3.6723
3.3887
3.4033
3.1990
3.5859
3.7604
4.2604
4.0782
4.1310
4.6236
4.4715
4.4303
4.8425
4.9840
4.4647
4.6980
4.9490
4.5610
5.1837
4.4739
4.7524
5.0456
4.6394
4.8700
4.7077
4.8469
4.7496
4.8112
4.7665
4.8536
4.8251
4.9423
5.0838
5.3705
5.3265
5.8075
5.5411
5.7722
5.6482
5.9059
5.7736
5.9619
5.9815
6.5435
6.2008
6.2621
6.3733
6.3700
6.4585
6.5041
6.5806
6.5860
6.6269
6.8114
6.8479
6.6633
6.8990
6.8302
6.9935
6.8671
6.8929
6.8712
6.8631
6.7915
6.9979
6.6814
6.6887
6.7763
6.5440
6.4870
6.4760
6.5801
6.6452
6.7945
6.9388
7.0516
7.1146
7.0774
7.0929
7.0298
7.2206
7.0101
6.9573
6.9931
7.0613
6.9343
6.9543
6.9288
7.0821
6.8155
6.4969
6.3993
6.1117
6.1509
5.7990
5.6684
5.6813
5.8148
4.8220
5.1635
4.9692
4.8832
4.9649
4.5962
4.3025
4.0078
4.1170
4.0232
4.0244
3.6882
3.6296
3.5264
3.5681
3.6405
3.5922
3.3291
3.5471
3.8678
3.5507
3.6136
3.3948
3.3860
3.2765
3.4075
3.1081
3.5263
3.0962
2.9771
3.3186
3.0410
3.0968
2.7015
3.3979
2.9290
2.8985
2.7988
2.6045
3.2814
2.9716
2.9463
2.6784
2.9509
2.7484
2.6989
2.7058
2.7196
2.6891
2.6978
2.4223
2.6600
2.2149
2.3638
2.3729
2.4264
2.4458
2.4725
2.3670
2.6827
2.2103
2.3414
2.1030
2.1453
2.0331
2.3081
2.3942
2.2214
2.5517
2.2841
2.1871
1.9940
2.0497
1.9830
2.1413
1.9961
2.1811
1.8555
2.0036
2.1296
2.0754
2.3939
2.0579
1.9448
1.9378
2.0464
1.8505
1.9762
1.4861
1.3348
1.2247
1.2790
1.2271
1.5705
1.4233
1.2136
1.1190
0.9470
0.7431
0.6864
0.6385
0.5455
1.0158
0.4570
0.7107
0.7066
1.4506
0.7624
0.9949
0.5100
0.3629
0.6419
0.4970
0.8818
0.5445
1.2323
0.7658
1.3371
0.6549
0.4922
0.2437
0.3081
0.2682
0.2084
0.3424
0.8805
0.2064
0.0006
-0.0131
-0.0570
-0.3963
-0.6616
-0.2715
-0.5981
-0.6230
-0.9110
-0.9836
-1.0455
-1.2244
-1.0954
-1.1627
-1.3084
-1.4174
-0.9406
-1.0005
-0.7486
-0.7863
-0.6793
-0.8974
-0.8230
-0.9605
-0.7758
-1.0969
-1.1477
-1.0081
-0.9384
-1.2503
-1.0227
-1.1363
-1.1434
-1.1219
-0.9097
-1.0087
-0.9460
-0.9890
-0.6342
-0.6980
-0.8904
-1.1846
-1.5454
-1.7551
-1.6127
-2.1523
-1.8688
-2.3223
-1.9541
-2.2137
-2.3909
-1.9376
-2.6108
-2.6052
-2.4240
-2.4618
-2.4583
-2.6462
-2.3939
-2.1941
-2.5990
-2.5414
-2.5125
-2.6900
-3.1270
-2.4886
-3.0030
-2.1155
-2.3966
-2.4057
-2.8637
-2.9010
-2.9778
-2.3001
-2.2377
-2.6276
-2.5332
-2.3428
-3.0766
-2.3118
-2.7134
-2.8415
-2.5270
-2.2587
-2.1860
-2.1135
-2.0463
-2.1471
-2.0822
-2.4113
-2.3627
-2.1933
-2.3431
-2.4514
-2.4077
-2.3245
-2.3715
-2.3165
-2.2900
-2.2255
-2.0063
-2.2617
-2.3100
-2.1459
-2.1467
-2.3407
-2.3253
-2.3626
-2.3425
-2.2332
-2.0702
-1.6342
-1.5852
-1.7876
-1.9003
-1.9216
-1.9140
-1.6138
-1.4568
-1.3774
-1.4121
-1.4798
-0.9127
-1.2467
-1.0489
-0.5035
-0.9722
-0.4028
-0.3266
-0.3154
-0.1436
-0.3012
-0.4313
-0.4247
-0.3487
-0.2986
-0.3175
-0.1097
0.1708
0.2896
0.5577
0.4572
0.2468
0.3539
0.4751
0.5409
0.5832
1.0301
0.7444
0.8288
0.9169
1.0973
0.9303
1.0081
1.0265
1.3456
1.4983
1.1386
1.2531
1.3996
1.6130
1.2049
1.4584
1.1743
1.1576
1.2447
1.4898
1.4214
1.5891
1.7960
1.9404
1.7028
1.8575
2.0209
1.8512
2.1592
1.9839
2.2169
2.0077
1.8993
2.0146
1.9923
2.3109
2.3856
2.1649
2.1017
1.9631
1.9080
1.9111
1.9087
2.0539
2.0425
2.2365
2.4909
2.6497
2.7679
3.2617
3.0971
3.2285
3.0980
3.2901
3.2681
3.1058
2.7421
2.8400
2.6582
2.6437
2.7636
2.7379
2.8781
3.5292
3.5316
3.6829
3.7449
4.0340
4.0214
4.3973
4.0780
4.5958
5.1757
5.0767
5.4540
5.3080
5.5080
5.2124
5.2031
5.5525
5.5310
5.5649
5.8650
5.4759
5.6995
5.8087
5.8884
5.8965
5.7308
5.5918
5.1469
5.4397
5.1840
5.7313
5.0797
4.0962
3.5077
3.1800
2.8497
2.8282
2.7686
1.9944
1.7014
1.3760
1.0984
0.3167
0.1569
-0.0377
-0.4622
-0.5586
-0.9058
-0.7587
-0.9797
-0.2512
-0.9455
-0.4864
-0.6085
-0.8451
-0.6023
-0.5916
-0.7411
-0.4830
-0.2764
-0.5812
-0.7815
-0.6976
-1.0188
-1.0163
-0.6713
-0.6608
-0.6245
-0.8586
-1.0090
-1.1185
-0.9782
-1.3900
-1.5495
-1.5344
-1.7049
-1.4623
-1.6756
-1.9869
-2.3985
-2.5936
-2.9716
-3.0715
-3.0912
-3.0937
-3.1974
-3.3060
-3.5912
-3.5665
-3.4268
-3.8893
-4.0221
-4.1284
-3.9505
-4.2915
-4.1723
-4.1963
-4.2044
-3.7733
-3.6188
-3.6427
-3.6970
-3.5816
-4.0503
-4.3207
-4.0652
-4.7427
-4.6235
-4.9654
-4.8163
-5.7290
-5.8569
-6.1253
-6.1031
-6.0196
-6.3979
-6.6170
-6.5434
-6.8827
-6.8732
-6.9094
-7.2217
-7.0261
-7.5110
-7.4629
-7.6930
-7.4144
-7.6166
-8.0415
-8.0316
-8.1418
-8.0861
-8.1714
-7.9930
-7.8318
-7.4251
-7.7413
-7.2574
-7.3505
-7.7073
-7.8792
-7.9129
-8.0015
-7.9983
-7.5897
-7.9137
-7.4649
-7.7744
-7.8474
-7.4443
-7.8220
-7.8323
-7.7116
-7.7698
-7.6864
-7.4572
-7.5912
-7.5913
-7.3747
-7.5274
-7.2433
-6.7323
-6.6511
-6.5604
-6.3825
-6.3309
-5.9802
-5.4996
-5.5285
-5.5298
-4.5494
-4.9386
-5.0387
-5.0368
-4.4455
-4.6523
-3.9326
-4.7634
-3.6648
-4.3568
-4.2283
-4.3179
-3.8856
-3.7580
-4.0474
-4.1272
-3.8510
-4.0618
-3.5393
-3.6642
-4.1207
-4.0123
-3.8684
-3.0750
-3.2439
-3.3164
-2.8945
-3.1448
-2.9756
-3.2065
-2.7513
-2.6830
-2.4860
-2.1862
-2.0991
-1.4394
-1.8653
-1.3783
-1.7095
-1.1246
-1.0914
-1.1065
-0.9103
-0.4092
-0.5632
-0.3568
-0.7249
-0.2469
0.3305
-0.1658
-0.3113
-0.3974
0.4453
0.8939
0.9448
0.4208
1.1611
0.0482
0.4762
-0.2085
0.2614
0.9217
1.3182
1.4178
1.3675
3.0322
3.2899
2.7912
3.3111
4.3173
4.7795
5.5304
5.4834
5.8457
6.3450
7.1975
6.7220
7.7633
7.2455
9.1862
7.5230
8.6428
8.6889
8.8324
8.6466
8.9130
7.8373
7.6523
8.4387
8.4357
7.6593
8.0427
8.0398
8.4563
8.1389
8.1666
7.9978
8.6176
8.5737
8.4843
9.7246
9.3510
9.4394
9.7150
9.9898
9.9031
10.1105
9.8669
10.1897
11.4137
11.6953
11.3261
11.2801
11.5720
12.5129
12.2573
13.5277
13.2574
13.7045
13.7190
14.0657
13.6797
12.5344
12.7965
13.0256
13.2013
14.1190
13.9110
13.9029
14.0019
13.5112
13.6029
13.8057
13.1340
13.8715
13.6305
13.5005
13.3223
13.4328
13.9420
13.6491
13.9809
14.0268
14.5558
13.6868
13.9635
13.5433
13.8957
13.6525
13.5724
13.0782
13.1848
13.0012
12.7406
12.6133
12.4326
12.1980
11.2905
10.8418
10.5602
10.0652
9.8623
9.4719
8.9366
8.6560
8.4018
7.8728
7.7698
7.0698
6.6375
6.4729
5.6897
5.7234
5.8346
5.6578
5.8814
5.7181
5.5948
4.9514
5.2288
4.3944
4.2232
3.5499
3.4328
2.8469
2.9219
3.1741
2.8720
2.9766
2.1927
2.3052
2.0845
1.9350
1.8524
2.2438
2.3024
2.3915
2.1432
2.1984
2.0018
2.1430
2.4298
2.2904
2.3052
2.5619
2.4153
2.7404
3.5724
2.8780
2.9249
3.2026
2.8597
3.0517
2.8479
3.6924
3.2917
2.9308
3.4482
3.5407
3.0493
3.0726
2.8750
3.0737
3.2066
3.3934
3.2981
2.7361
2.7402
2.1510
1.3635
1.6163
1.1216
0.9561
1.2661
1.3410
1.3558
1.5630
1.1363
1.2435
1.3668
1.3861
0.9768
1.3196
0.8338
1.1075
0.3165
0.5114
0.2678
-0.5834
-0.8893
-0.5605
-0.9338
-0.7216
-0.5420
-0.5832
-1.1039
-1.0783
-2.2283
-2.0997
-2.1066
-2.6134
-2.6714
-2.5626
-2.8576
-2.8576
-3.0082
-2.5948
-2.6909
-2.5499
-2.6429
-2.7784
-2.9932
-3.0691
-3.1464
-3.7150
-3.7713
-3.8869
-4.1241
-4.0425
-4.4312
-4.1949
-5.0219
-4.9351
-4.5453
-4.9446
-5.1518
-5.4043
-5.4336
-6.0895
-6.3188
-6.4790
-6.7986
-7.3275
-7.7204
-7.1009
-7.5892
-7.4570
-7.4224
-7.6748
-7.2277
-7.5571
-7.8046
-7.9124
-7.8380
-8.5637
-8.7620
-8.2376
-8.3282
-8.6400
-8.7038
-8.8125
-9.0494
-9.2251
-9.3367
-9.5188
-9.3503
-9.4924
-9.6440
-9.4678
-9.6637
-9.6609
-9.3375
-9.5119
-9.0166
-8.5413
-8.3145
-8.5345
-7.9020
-8.5719
-8.5123
-8.5634
-8.0797
-8.6242
-8.1362
-8.2397
-8.0645
-8.1939
-8.2272
-8.0892
-7.8622
-7.9691
-8.0093
-8.3241
-7.9648
-7.5260
-7.7019
-7.4160
-6.8458
-7.3536
-7.1123
-6.5539
-6.6443
-6.5270
-6.2238
-6.3113
-5.9028
-5.4712
-5.5210
-5.2076
-5.1109
-4.9988
-5.5771
-5.2246
-5.5748
-5.3600
-5.5569
-5.1700
-5.9905
-6.2377
-5.6907
-6.0456
-6.0991
-5.8307
-5.6398
-5.2989
-4.7886
-4.7492
-4.8750
-4.6577
-4.5709
-4.1439
-4.3546
-4.3109
-3.9869
-4.1292
-3.5820
-3.5621
-3.3890
-3.0129
-3.1011
-3.0509
-2.9700
-2.5639
-2.6385
-2.3989
-2.6137
-2.7786
-2.3322
-2.8629
-2.5559
-2.4782
-2.1456
-1.3459
-1.5127
-1.9180
-1.3871
-1.3977
-0.7110
-0.6471
-1.3211
-0.2291
-1.4174
-0.9719
-0.9595
-0.7745
-0.4941
-0.1547
-0.1464
-0.1628
0.2569
0.3012
0.3427
0.7279
0.1405
0.3487
0.2814
0.2939
0.3307
0.5019
0.1524
0.3329
0.4354
0.6066
0.4845
0.8765
0.5723
0.7185
0.8199
1.0198
1.2525
1.0524
1.3027
1.3228
1.3778
1.5944
1.4094
1.2375
1.5478
1.3294
1.4815
2.0045
2.2174
2.1063
2.2106
2.1394
2.1999
2.4229
1.8972
1.5795
1.3165
1.3195
1.5106
1.2215
1.2119
1.5462
1.7314
1.2403
1.5236
1.2837
1.3986
1.1390
1.4029
0.9193
0.9320
0.9691
0.5817
0.7407
0.5572
0.1058
0.5885
0.0078
-0.2154
-0.1855
-0.1703
0.2604
0.2093
0.4314
0.6312
0.6306
1.1893
0.8235
1.0479
0.7793
0.6770
1.1478
0.9870
1.0447
0.5760
0.6126
0.4582
0.4949
0.4279
0.8941
0.6410
0.8918
0.8334
1.2436
1.1580
1.5490
1.7787
1.8060
1.8571
1.7528
1.9576
1.4258
1.5971
1.8702
1.7392
1.9072
2.0999
2.6626
2.3887
2.4705
2.4949
2.5925
2.4854
2.8027
2.8267
2.8090
2.8335
2.9543
2.9960
2.8104
3.0475
2.7114
3.4517
3.3652
3.6204
3.8733
3.4725
3.6792
3.4992
3.6552
3.9411
3.4786
3.9483
3.8291
3.7179
3.2407
3.6773
3.4964
3.2986
3.5244
3.4860
3.4228
3.0022
3.4255
2.8286
2.9534
3.3400
2.4742
2.6831
2.2635
2.0028
1.8357
1.9521
1.6026
1.5480
1.4830
1.4083
1.3512
1.3853
0.9254
0.8680
0.7455
0.4401
0.3222
0.1940
0.0406
0.4959
-0.0358
0.3181
0.2823
-0.0093
0.1124
-0.4394
-0.2693
-0.2766
-0.0180
-0.4587
-0.3951
-0.0306
-0.1755
-0.1194
-0.0101
-0.2044
-0.4514
-0.9868
-1.3846
-1.6003
-1.7099
-1.5645
-1.7379
-1.5332
-1.7240
-1.2422
-1.7882
-1.4111
-2.0391
-2.0244
-2.0528
-2.0670
-1.9808
-1.9551
-1.8573
-1.8339
-1.7884
-1.8256
-1.6801
-1.8275
-1.8156
-1.8096
-2.0929
-1.8501
-2.0779
-1.8856
-2.2061
-2.3486
-2.4185
-2.5037
-2.3335
-2.5106
-2.3307
-2.2385
-2.5148
-2.6163
-2.6019
-2.9773
-3.0373
-2.9948
-2.9494
-2.7509
-2.7969
-2.7041
-2.8512
-2.8799
-2.4964
-2.8697
-2.6876
-3.0420
-2.7442
-3.1226
-2.6852
-2.7943
-2.4881
-3.0631
-2.9545
-3.2404
-3.3740
-3.1451
-3.3609
-2.7282
-3.1107
-2.7433
-3.1377
-2.7848
-3.4703
-3.5816
-3.7344
-3.6827
-3.7970
-3.8101
-3.9830
-4.0931
-4.1966
-4.2086
-4.6162
-4.9248
-5.1328
-5.4675
-5.6527
-5.6406
-5.8202
-5.8359
-5.3737
-5.7337
-5.9765
-6.1571
-6.1708
-6.2878
-6.3196
-6.3707
-6.3325
-6.3287
-6.0100
-6.2436
-6.2867
-6.4551
-6.2733
-6.8084
-6.9221
-6.9138
-6.9457
-6.8412
-6.8544
-6.5393
-6.6772
-6.5897
-6.4060
-6.7198
-6.7818
-6.9179
-7.0245
-6.9837
-7.3563
-7.0392
-7.6046
-7.7067
-7.5903
-7.4565
-7.4191
-6.9934
-7.2319
-7.3830
-7.3932
-7.1984
-7.7273
-7.8120
-8.3624
-8.2674
-7.9948
-8.1648
-8.0246
-8.2306
-8.3224
-7.4443
-7.7544
-7.7331
-7.5523
-7.5727
-7.1300
-7.2685
-7.0434
-6.9197
-7.3304
-7.0661
-6.9264
-7.1077
-7.1445
-7.0668
-7.4724
-6.6734
-6.8761
-6.7906
-6.7698
-6.5759
-7.0834
-7.2957
-7.3203
-7.3658
-7.2082
-7.1207
-7.2887
-7.3785
-7.5140
-7.4154
-7.4035
-7.3822
-6.9451
-7.2062
-7.4180
-7.5673
-7.6170
-7.6516
-7.8024
-7.9510
-7.8603
-8.0905
-8.0186
-8.0084
-7.9210
-7.7189
-7.6286
-7.3844
-7.1938
-7.0713
-6.2713
-6.5708
-5.6873
-5.8366
-5.6494
-5.6981
-5.4956
-5.0214
-4.9263
-4.0610
-4.0968
-3.8143
-3.7459
-4.1891
-3.8565
-3.8570
-3.9557
-4.0101
-4.1791
-3.8780
-3.2296
-3.1202
-3.0573
-3.3806
-3.4449
-2.7655
-3.0886
-2.6537
-2.5481
-2.5223
-2.2548
-2.2394
-1.6509
-1.7893
-1.3140
-0.7246
-0.3492
-0.4472
-0.0742
-0.6640
-0.5414
-0.3535
-0.5625
-0.6747
-0.4178
-0.4149
-0.3189
-0.2621
-0.5138
-0.0234
-0.8486
-0.8687
-0.7958
-0.9351
-0.4863
-0.5896
-0.6228
-0.4029
-0.2310
-0.5296
-0.7167
-0.1656
-0.4684
-0.0887
0.4104
0.9085
1.0976
0.6973
0.7407
0.7713
1.7854
1.0521
2.1459
1.2120
2.0431
2.0860
2.5555
1.9157
3.0863
2.2960
3.0875
3.3266
3.2404
3.0125
4.1240
4.5183
5.4390
5.0676
4.8725
5.1405
5.3220
5.8301
5.7977
5.7864
6.2110
5.7587
6.2774
6.3073
6.3017
6.1016
6.3565
5.9617
5.3744
5.1422
5.2650
4.5898
4.4350
4.9511
5.0684
5.6152
5.6182
5.2474
5.5385
4.7249
4.4031
3.9752
3.9118
4.1481
4.2985
4.6064
4.1621
4.1824
3.9323
3.9806
4.2445
3.5838
3.1805
3.0698
3.2106
3.2305
3.0591
2.8103
2.2885
2.4297
2.4003
1.9456
2.3512
2.0631
1.9920
2.3913
1.7130
1.5831
1.3026
1.0623
0.6149
0.5602
0.7801
0.6556
0.5555
0.4067
1.1451
0.8208
0.4385
0.9902
0.4252
0.7029
0.3904
0.0603
0.1202
0.2024
0.1192
0.2931
0.6114
-0.1068
-0.5126
-0.4155
-0.3361
-0.4362
-0.1417
-0.0140
-0.6690
-0.2570
-0.2336
-0.3847
0.0932
-0.5833
-0.2116
-0.0321
0.2514
0.7775
1.3314
2.0356
1.2719
1.0097
0.6941
1.1379
1.3520
0.8069
1.6461
0.8717
0.9363
1.8671
1.4157
2.0769
1.8651
2.6813
3.1300
2.4435
2.1468
2.4970
1.7678
2.1611
1.5100
2.1188
1.9697
2.0787
2.2724
1.7541
2.1814
1.3680
1.4918
1.6195
1.7496
1.5063
1.5402
1.1950
0.4755
0.5482
0.1400
0.4889
0.1358
0.0425
0.2511
0.1360
-0.0018
-0.1520
-0.2849
-0.3359
-0.2855
-0.4727
-0.6388
-0.6620
-0.2032
-0.5154
-0.6623
-0.8186
-1.1110
-1.6376
-1.1764
-1.5666
-1.4119
-1.6011
-1.6720
-1.7917
-1.1158
-1.9335
-2.1116
-1.9212
-2.2128
-2.1282
-2.0002
-1.4837
-1.4678
-1.8987
-1.7206
-1.9881
-2.0227
-2.5070
-2.5949
-2.6745
-2.8868
-2.9193
-3.0262
-2.7542
-2.8033
-2.9198
-3.4859
-3.5257
-3.5592
-3.7212
-3.8892
-3.8838
-3.6660
-3.9240
-3.6961
-3.9665
-4.1369
-4.2298
-4.0859
-3.9368
-3.9733
-4.0784
-4.0274
-4.3072
-3.8135
-3.9713
-4.0353
-3.9697
-3.7840
-3.8157
-3.7666
-3.6588
-3.8388
-3.5988
-4.2521
-4.3665
-4.3644
-4.9299
-5.0652
-5.1663
-5.5020
-5.6180
-5.0703
-5.3516
-4.5585
-4.9007
-4.4626
-4.8833
-4.4142
-4.9582
-4.8736
-4.9474
-4.8462
-4.9012
-4.9868
-4.9175
-4.7452
-5.3703
-5.0417
-5.4438
-4.9749
-5.5483
-5.2605
-5.0211
-5.3786
-4.7414
-5.3019
-4.7303
-5.0083
-5.3760
-5.3198
-5.3858
-5.4092
-5.3528
-5.3432
-5.1254
-5.0659
-4.9064
-4.9649
-4.7000
-4.9469
-4.9105
-4.7624
-4.6835
-4.4146
-4.3851
-4.4050
-4.2214
-4.4050
-4.3319
-4.4630
-4.3642
-4.4322
-3.8519
-3.5823
-3.7386
-3.3346
-3.6968
-3.4097
-3.0160
-3.1950
-2.2227
-3.2683
-2.8839
-2.9937
-3.0110
-2.9048
-2.8325
-2.6588
-2.2565
-2.9327
-2.6932
-2.5721
-2.3526
-2.1590
-1.9675
-2.0438
-2.0065
-2.3785
-2.2410
-2.3383
-2.1137
-2.3559
-2.1627
-2.4495
-2.5257
-2.5817
-2.5936
-2.5413
-2.4529
-2.3650
-1.9777
-2.1608
-2.0960
-1.9798
-2.2046
-1.9966
-2.0838
-2.0390
-1.9442
-1.9577
-1.6019
-1.7115
-1.2160
-1.3288
-1.4926
-1.4266
-1.2477
-1.2753
-1.3585
-1.4005
-1.4887
-1.3121
-1.3539
-1.3715
-1.0612
-1.1666
-1.0683
-0.8559
-0.4593
-0.4085
-0.4324
-0.4200
-0.2070
-0.6171
-0.6110
-0.5412
-0.3432
-0.3313
-0.2979
-0.4349
-0.5629
-0.5164
-0.2958
-0.3575
-0.1400
0.0892
-0.1505
0.5897
0.2912
0.4259
0.2300
0.1874
0.3179
0.1947
0.4285
0.3725
0.1814
0.5248
0.7549
0.5469
0.6044
0.6801
0.9739
0.9599
1.3878
1.2526
0.9617
1.0532
1.3670
1.5343
1.3310
1.4631
1.9501
1.9683
2.0912
1.9378
2.2120
1.9670
2.0122
1.8347
1.5937
1.2163
1.6012
1.3774
0.9666
0.5363
0.1883
0.0573
0.0294
-0.4347
-1.0937
-1.0314
-1.3887
-1.3948
-1.4974
-1.5956
-1.7772
-1.6894
-1.9750
-2.0420
-2.1676
-2.2561
-2.3174
-2.1458
-2.1632
-2.4070
-2.4798
-2.5385
-2.3986
-2.5631
-2.6486
-2.2635
-2.6899
-2.3891
-2.9665
-2.9590
-3.2079
-3.2071
-3.0111
-3.1460
-2.9571
-2.4379
-2.4421
-2.1442
-2.0560
-1.6489
-1.3205
-0.8672
-0.8329
-0.8810
-0.5770
-0.2333
0.0629
-0.3708
0.4404
-0.3496
-0.1396
0.1729
1.0058
0.3686
0.7622
0.4997
0.7853
1.0376
1.1359
0.8838
1.4590
1.2535
1.1185
1.2520
0.8566
0.6530
0.5411
0.7945
0.4719
0.6226
0.5831
0.8677
0.9567
0.8235
1.2164
0.5826
1.0644
0.8540
1.2673
0.8587
0.6389
0.7034
0.1173
0.2253
-0.3987
0.1254
-0.5158
-0.2573
0.0290
0.9380
0.1102
-0.0710
0.2037
0.2407
0.7833
0.1904
0.5718
0.2989
0.4095
0.4705
0.2758
0.2603
0.4577
0.4030
0.2113
0.2487
0.5493
1.3883
1.5468
1.9904
1.6057
1.5734
1.0966
1.4526
0.8685
0.6617
0.4185
0.0229
0.1228
0.0590
-0.6762
-0.7254
-1.0826
-0.8381
-1.1508
-1.0514
-1.3359
-1.5432
-1.6593
-1.8924
-1.5914
-1.8582
-1.9821
-0.9629
-1.6214
-2.0674
-1.5361
-1.7030
-1.2275
-1.7085
-1.2522
-0.6832
-0.5447
-0.9873
-0.9373
-1.0432
-0.7824
-1.0083
-1.2816
-0.6176
-1.5782
-1.9349
-1.4389
-1.8185
-1.8374
-1.8848
-1.5427
-1.5545
-1.5653
-1.6139
-1.3913
-1.9827
-1.4799
-1.8627
-1.3555
-1.6622
-1.7526
-1.7678
-1.4928
-1.4737
-1.4645
-1.4081
-2.0823
-1.8792
-2.1730
-2.0416
-1.9085
-1.5903
-1.9498
-1.8610
-2.0276
-1.4687
-1.4221
-1.8544
-1.4004
-1.6509
-1.6541
-1.0845
-1.1954
-0.9490
-1.1388
-1.2358
-1.4272
-1.1519
-1.2241
-1.5112
-1.2436
-0.8420
-0.6611
-0.4471
-0.5700
-0.7601
-1.1384
-0.5547
-1.2489
-1.2029
-1.2925
-1.0332
-1.4857
-1.4435
-1.5459
-1.3657
-1.6969
-1.2210
-1.4170
-1.1777
-1.6536
-1.6666
-1.8694
-2.0549
-2.0953
-2.1130
-1.9282
-2.0609
-2.1318
-2.1682
-2.3074
-2.5062
-2.2757
-2.1996
-1.9651
-2.1149
-1.8328
-1.8918
-2.0954
-2.2948
-2.1762
-2.3309
-2.2155
-2.0686
-2.1845
-1.8737
-1.8786
-0.9441
-1.2666
-1.7024
-1.4100
-1.1796
-1.5064
-1.3602
-0.8017
-1.1598
-1.4412
-1.1516
-1.4286
-1.1899
-1.5898
-1.3038
-1.4953
-1.0504
-1.3992
-1.6441
-1.8621
-2.0643
-2.1433
-1.8487
-2.1813
-1.7811
-2.0178
-2.0537
-1.7604
-1.9617
-2.3727
-1.8721
-2.0041
-2.2911
-2.1511
-2.0209
-2.0365
-2.5650
-2.3926
-2.5206
-2.5769
-2.6708
-2.1997
-2.5463
-2.0941
-2.5613
-2.5931
-2.4742
-2.6651
-2.4881
-2.5830
-2.5346
-1.4625
-2.7904
-2.7999
-3.1413
-3.1168
-2.9230
-3.4292
-3.2273
-3.6016
-3.6062
-3.7111
-3.4179
-3.6209
-3.5781
-3.3107
-3.7534
-3.6248
-3.9134
-3.4662
-4.0209
-3.8577
-3.9028
-3.6041
-3.4040
-3.1750
-3.2240
-4.1307
-4.3670
-4.2502
-3.9351
-3.8700
-3.7126
-3.4010
-3.5943
-3.7684
-4.1230
-3.9870
-3.9798
-4.1600
-3.6998
-4.0804
-3.5669
-3.9004
-3.9311
-3.6016
-3.5170
-3.8887
-3.7626
-3.6431
-3.6176
-3.0642
-3.8572
-3.5991
-3.7670
-3.5033
-3.6838
-3.7190
-3.4940
-3.7864
-3.4695
-3.7115
-2.7287
-3.6653
-3.5207
-3.5216
-3.3684
-3.3787
-2.7679
-2.4629
-2.6839
-2.3477
-2.2376
-2.2620
-2.2190
-1.7086
-1.9695
-2.0745
-1.4822
-1.4844
-1.5728
-1.6263
-1.6702
-1.5751
-1.1111
-1.3135
-0.9560
-0.8021
-0.2931
-0.5230
-0.5580
-0.4509
-0.2542
-0.2441
-0.3730
-0.5907
-0.1985
-0.4426
-0.2449
-0.4029
-0.6810
-0.4394
-0.4122
0.2707
-0.0988
0.2504
0.3796
0.4509
0.3449
0.6693
0.5324
0.7230
0.6386
0.5597
1.1878
0.3705
0.3818
0.3705
0.3381
0.3174
0.2404
0.2349
0.1256
0.0537
0.0172
-0.0545
-0.0219
0.0758
-0.1990
-0.2817
0.2763
-0.1003
0.0114
-0.1354
0.4311
0.0974
0.0652
0.4011
0.5267
0.9298
0.5648
1.0131
0.8572
1.1635
0.9816
1.2456
0.9239
1.2690
0.9475
1.2960
1.1616
1.2743
1.4613
1.5791
1.5830
1.8441
1.6177
1.7085
1.8044
1.9522
1.7661
1.6255
1.9598
1.8008
1.8948
1.4170
1.4717
1.5178
1.4054
1.6340
1.2981
1.1407
1.1862
0.9520
0.8988
0.8240
1.0541
0.9090
0.7543
0.5515
0.2724
0.1336
0.5963
0.3188
0.6838
0.8438
0.8092
1.1482
1.2697
1.2695
1.5364
1.3437
1.3342
1.4879
0.8781
0.9225
1.1056
0.9638
0.6901
0.5181
0.7263
0.8082
0.6193
0.7350
0.6350
0.1854
0.1485
0.4947
-0.1446
0.0504
-0.4835
-0.6986
-0.1840
-0.9362
-0.9658
-0.8459
-0.9904
-0.9616
-0.5219
-0.3073
0.3930
-0.5872
-0.5651
-0.7578
-1.1300
-0.5317
-0.3000
-0.8783
-0.5856
-0.9263
-0.2920
-0.4277
-0.5239
-0.2778
-0.9161
-0.5384
0.4847
0.0020
-1.1369
-0.2259
-1.3421
-1.4510
-0.9986
-0.8616
-1.1017
-1.1606
-0.7422
-1.7107
-1.5299
-1.2005
-1.6904
-1.8112
-0.9796
-1.8984
-1.8649
-2.2674
-2.5555
-3.3448
-3.3159
-3.5636
-3.8166
-3.7097
-4.0255
-4.1631
-4.5045
-4.3917
-4.9757
-4.9226
-4.9763
-4.9754
-4.7665
-5.0252
-4.7505
-4.8334
-4.0961
-5.1545
-5.3415
-4.6898
-5.4918
-5.1850
-5.5116
-5.6745
-5.6632
-5.7464
-4.8325
-5.4084
-4.6098
-4.3025
-4.2697
-4.0970
-3.3868
-3.5872
-2.8693
-3.4828
-2.4163
-3.0816
-1.9066
-1.8262
-1.8733
-1.7107
-1.1222
-1.5714
-1.0606
-0.3503
-0.7844
-0.5403
0.3253
-0.1283
-0.2332
-0.8162
-0.8511
-1.4157
-1.0867
-0.8871
-1.1225
-1.6226
-1.3160
-1.7235
-0.8194
-1.7023
-1.0052
-0.9203
-1.2896
-0.1633
-1.1254
-0.1546
0.0601
0.4083
-0.2790
-0.3658
0.1181
1.2455
0.5404
1.1388
0.8212
1.1600
1.4706
1.2518
0.9554
0.8544
0.5527
0.6360
-0.0991
0.1258
-0.9038
-0.6045
-1.2285
-1.1734
-1.1098
-1.2430
-1.3051
-0.6377
-0.7617
-0.8462
-0.9163
-1.0240
-0.9326
-0.8772
-0.7325
-0.6618
-0.6027
-0.6004
-0.6900
-0.7939
-0.7157
-1.0067
-1.1592
-1.2181
-1.3483
-1.3482
-1.4009
-1.3781
-1.3742
-1.3012
-1.2471
-0.8973
-1.1214
-1.0505
-1.1590
-1.1627
-1.2143
-1.0333
-1.2068
-1.2183
-1.2237
-1.2645
-1.3789
-1.4146
-1.4673
-1.5508
-1.5719
-1.6971
-1.7511
-1.8485
-1.9317
-2.0101
-1.9729
-1.8069
-1.9269
-1.7669
-1.9212
-1.9510
-1.9554
-1.9310
-1.9223
-1.7742
-1.8948
-1.8744
-2.0354
-2.0596
-2.0785
-2.0995
-2.0233
-1.6698
-1.9629
-2.0030
-1.6832
-1.8568
-1.6998
-1.7452
-1.6745
-1.7833
-1.5797
-1.7854
-1.6667
-1.6500
-1.4479
-1.4834
-1.3786
-1.2429
-1.4125
-1.4803
-1.4657
-1.5026
-1.5481
-1.3272
-1.5252
-1.3370
-1.2744
-1.1568
-1.2029
-1.1538
-1.1335
-1.0070
-0.9846
-0.6957
-0.6354
-0.6684
-0.3098
-0.4954
0.1439
-0.1238
0.2035
0.1144
0.3516
0.1937
0.4688
0.5352
0.8842
1.0761
0.9509
1.2993
0.8469
1.0674
1.2342
0.8510
0.8456
1.0719
1.5395
1.2983
1.0908
1.3753
1.0901
1.1846
1.1731
0.9619
0.8521
0.6018
0.8436
0.6829
0.4596
0.2980
0.7656
0.6432
0.5283
-0.0350
-0.0322
-0.1306
-0.4037
0.1051
-0.0508
-0.1333
-0.0795
-0.1072
-0.1085
-0.2280
-0.1227
-0.0558
-0.0257
0.1197
0.2738
0.2776
0.2903
0.5449
0.7326
0.6193
0.6546
0.5555
0.5217
0.8512
0.3747
0.3610
0.2122
0.2390
0.2479
0.4305
0.2924
0.0175
0.0735
-0.1445
-0.2354
0.2214
0.0359
-0.0582
0.3491
0.6326
0.3281
0.5164
0.6410
0.4523
0.5410
0.6792
0.2295
0.2513
0.5524
0.2081
0.2106
-0.0862
0.1001
-0.2235
-0.1196
0.2457
0.0851
0.1150
0.2073
0.0853
0.0294
-0.0549
0.0268
0.1172
-0.0361
-0.0411
-0.0269
0.1955
-0.0247
0.0301
0.2238
-0.0542
-0.2511
-0.4255
-0.5099
-0.9869
-1.2791
-1.4635
-1.4030
-1.2400
-1.0099
-0.8983
-0.8456
-0.7127
-0.7527
-1.0072
-0.8642
-0.9293
-1.1264
-0.9222
-0.2735
-0.1170
0.0654
0.1164
0.0280
-0.2784
-0.8195
-0.7319
-0.4653
0.1151
-0.1471
0.5725
0.2603
0.3733
-0.0896
-0.0569
-0.4145
-0.4879
-0.7458
-0.3437
-0.6960
-0.8212
-0.9092
-1.1448
-0.8201
-0.8949
-0.9931
-0.8885
-1.3905
-1.5226
-1.4883
-1.6163
-1.9488
-2.1310
-2.1073
-2.0451
-1.7231
-2.1715
-2.3532
-2.5714
-2.3067
-2.1320
-2.3357
-2.5240
-1.7945
-2.6299
-2.3267
-1.9645
-2.2493
-2.0931
-2.3072
-2.3257
-2.0625
-1.9596
-1.9224
-1.7113
-1.4743
-1.8891
-1.5327
-1.4757
-0.8898
-1.4179
-0.9344
-1.8363
-1.8525
-1.1184
-1.3630
-1.2341
-1.6201
-0.6331
-0.7631
-1.0182
-1.2666
-0.7651
-0.7027
-0.2603
-0.5843
-0.2559
-0.5823
-0.6837
-0.8982
-0.6716
-0.6065
-0.6356
-0.2518
-0.3326
-0.0731
0.2531
-0.1103
-0.1860
-0.1413
-0.3672
-0.3143
-0.1645
-0.3548
0.2829
0.5747
1.2871
0.4444
0.7134
0.2703
1.1213
0.4165
0.7991
1.1600
1.2371
1.1276
0.8077
1.2795
0.8243
0.8145
1.1127
1.3567
0.1726
0.7039
0.7512
0.4188
0.6000
0.9363
1.2287
1.0881
1.4699
0.7558
0.7633
0.3687
0.4801
0.3536
0.4971
0.2944
0.1655
0.4894
0.4051
0.3101
0.4693
0.4346
0.3259
0.4149
0.0670
0.0549
-0.0626
0.0848
-0.0246
0.0583
-0.0961
-0.1318
-0.2218
-0.3744
-0.3353
-0.4995
-0.6487
-0.7840
-0.5956
-0.3568
-0.6742
-0.7141
-0.8350
-0.5913
-0.7164
-1.0481
-1.0481
-0.7828
-0.8617
-1.0852
-1.2704
-1.2996
-1.1753
-1.3077
-0.9434
-0.9054
-0.9492
-1.2014
-1.0907
-1.1193
-1.1514
-1.0791
-1.1998
-0.9984
-1.2953
-1.3254
-1.2879
-0.4740
-1.0677
-0.3899
-0.8391
-1.0460
-0.6944
-0.8316
-1.0218
-0.8023
-0.2557
-0.0743
0.0578
-0.8977
-0.8486
-0.7481
-0.4159
-0.6852
-0.7840
-0.6202
0.1734
0.0092
-0.1201
0.0882
-0.8152
0.2425
-0.6386
-0.0697
-0.8296
-0.4633
-0.3021
0.0308
0.0131
0.0235
-0.3410
-0.4077
-0.4678
-0.2443
-0.1440
0.0073
-0.2450
0.4971
0.0669
0.4487
0.0278
0.5305
0.0230
0.4997
-0.1701
0.0508
0.2182
-0.0738
-0.1004
0.0256
0.1218
0.4106
0.5141
0.1620
0.0474
-0.1203
-0.2899
0.5499
0.2716
0.8935
0.5761
0.3512
0.7971
0.3328
0.4810
0.5513
0.5482
0.5667
0.8454
0.7787
1.2600
1.1057
1.0199
0.7949
1.0858
0.9358
1.0938
1.0406
0.9811
1.0450
0.9610
0.9053
1.0293
1.0173
1.0770
0.9882
0.8238
0.8021
0.6524
0.5874
0.3637
0.3742
-0.0646
0.1508
-0.1002
-0.0174
-0.1382
-0.1012
0.1518
0.0235
0.1294
0.1355
0.0674
0.0349
0.0047
0.0052
0.0175
0.1468
0.0025
0.0690
-0.1668
0.2232
-0.2146
-0.1574
-0.1040
-0.0502
-0.0412
-0.0771
-0.0974
-0.1281
-0.0486
0.0679
-0.0373
-0.2104
-0.1717
-0.2444
-0.2259
-0.1810
0.0330
-0.1223
-0.0817
0.0438
0.1111
0.1043
0.0211
-0.1269
-0.1883
-0.2709
-0.3210
-0.3675
-0.1667
-0.3643
-0.1582
-0.4008
-0.4573
-0.4992
-0.5477
-0.5414
-0.5588
-0.5384
-0.4723
-0.3725
-0.3223
-0.1241
-0.2991
-0.3242
0.1252
-0.2059
-0.0605
-0.1974
-0.2454
-0.2406
-0.1127
0.0315
0.1064
-0.1238
0.0810
-0.0925
-0.1258
0.0541
0.3529
0.0411
0.0328
0.4924
0.7349
0.1964
0.6193
0.2961
0.6095
0.9381
0.4908
0.9232
0.4600
0.2800
0.5008
0.5323
0.3495
0.6751
0.7237
1.2537
1.2379
0.9279
0.7101
1.0869
1.4853
1.5719
2.0441
1.9231
2.4125
2.9262
2.3027
2.1916
3.2424
3.0217
3.5175
3.8467
4.2842
4.6301
4.6335
4.4555
4.6536
3.9477
4.3627
4.3687
4.7939
4.4554
4.2048
4.0810
3.9467
4.0886
4.6340
3.7711
4.0705
4.1521
3.5180
3.0482
3.6246
3.3721
4.4065
3.5766
3.5504
3.1950
2.9306
2.7830
2.9550
2.7781
3.5467
3.3599
3.6005
3.3669
3.3702
2.3298
1.8356
2.1898
2.3221
1.4006
0.8549
1.9732
1.6130
1.4722
0.5480
0.5930
0.9179
-0.0384
0.6216
0.2309
0.2289
-0.0073
0.1349
-0.7760
-0.7220
-0.8356
-0.2583
-0.7299
-0.3673
-1.3047
-1.4613
-1.6137
-1.7405
-1.7379
-1.9795
-1.8796
-2.0943
-1.9612
-2.0956
-2.0440
-1.8485
-1.7490
-2.1024
-1.9870
-1.8851
-1.9753
-1.9505
-1.6507
-1.5808
-1.5103
-1.6308
-1.5960
-1.5721
-1.5901
-1.6545
-1.6924
-1.5066
-1.5999
-1.5073
-1.3261
-1.1844
-1.1121
-0.9575
-0.8255
-0.9512
-0.9840
-0.9204
-0.6673
-0.8340
-0.8746
-0.8966
-0.8969
-0.7674
-0.2587
-0.4703
-0.2456
-0.0494
-0.1392
-0.1672
0.1481
-0.3252
-0.2198
-0.3132
-0.1387
-0.2856
-0.3781
-0.1759
-0.1591
0.4243
-0.0450
0.4152
-0.0809
0.0481
0.1809
0.1306
0.2470
0.3287
0.5087
0.6584
0.8032
0.6569
1.0295
0.9736
1.0431
1.3951
1.3868
1.7264
1.7299
1.6575
1.6676
1.7440
1.6415
1.8753
1.4861
1.4257
1.6215
1.3317
1.6804
1.2331
1.1403
1.1498
1.0716
1.0802
1.1026
1.1255
1.2254
1.2016
1.2911
1.2297
1.3219
1.4010
1.4471
1.5015
1.7210
1.5854
1.7734
1.9863
1.9131
2.1820
2.4557
2.4926
2.3008
2.9804
2.5983
3.4449
3.2728
3.5912
3.9706
4.0832
4.5413
4.3710
4.5230
4.7038
5.3480
5.9690
5.8237
5.3514
5.2008
4.5663
4.6788
5.2699
5.3424
4.3190
