5.1213
5.1788
5.4855
5.6098
5.6320
5.6510
5.3476
5.7081
5.4107
5.5102
5.5964
5.7577
5.6667
6.0455
5.6736
5.7132
5.8508
5.9843
6.0724
5.7944
5.7273
5.8401
5.6643
5.5550
5.4440
5.2416
5.0512
5.2285
4.8943
5.9011
5.5191
5.0850
5.4338
4.7894
5.9417
5.7180
5.0767
5.5634
6.2025
5.7381
6.3744
6.4931
6.4547
6.8946
7.0803
6.7248
6.9139
6.6160
7.0575
6.6385
6.7415
6.4516
6.4531
6.6125
6.6091
6.2352
6.2850
6.5079
6.2102
6.8836
6.1097
5.6114
5.6720
5.8369
5.9900
5.0013
5.2412
5.4675
4.9388
4.8155
4.2014
4.0947
3.6324
3.8845
3.3424
3.0113
3.7627
3.0703
3.5251
3.7779
4.2429
4.9908
4.2547
4.3343
3.7339
2.9945
3.1686
3.0062
3.0423
3.3705
3.4035
2.5725
2.5603
2.2104
2.4156
1.7922
1.3157
0.9551
1.3832
1.0838
0.1080
0.4558
0.5108
0.5680
0.9490
0.9743
0.7229
0.4986
0.5180
0.4101
0.3590
-0.1888
0.0880
0.1451
-0.6372
-1.2009
-0.9746
-0.8276
-0.0593
-0.5948
-0.5313
-1.3312
-1.8915
-1.0722
-1.7419
-1.1489
-1.0202
-1.3354
-1.2860
-1.0630
-1.4395
-1.4752
-1.5739
-1.3833
-1.6670
-1.7881
-1.6170
-1.9133
-1.8738
-2.0094
-2.0570
-1.5415
-1.8548
-1.8275
-2.0903
-2.1030
-2.1438
-2.3590
-2.0360
-1.8427
-1.9012
-2.0271
-2.0973
-1.7484
-1.9262
-2.1386
-1.8553
-1.6089
-1.7323
-1.6858
-1.7985
-1.9117
-1.5331
-1.5479
-1.4192
-1.6044
-1.3740
-1.6511
-1.2021
-1.5384
-1.1662
-1.4204
-1.3279
-1.1066
-1.1429
-0.7992
-1.1398
-0.8736
-1.0251
-1.0443
-1.2353
-0.9029
-1.0644
-0.4568
-0.9197
-0.9212
-0.6549
-1.0480
-1.0316
-0.7195
-0.8679
-0.4783
-0.6234
-0.4706
-0.3743
-0.4333
-0.2382
-0.4120
-0.6184
-0.6050
-0.5157
-0.1308
-0.5051
-0.5143
-0.6408
-0.6908
-0.6478
-0.6331
-0.6576
-0.4809
-0.3520
-0.3439
-0.0473
-0.4240
-0.4336
-0.4143
-0.4657
-0.4544
-0.2113
-0.3702
-0.3056
-0.3669
-0.2545
-0.0763
0.2581
0.3279
0.4134
0.3768
0.3584
0.5208
0.4504
0.3599
0.7261
0.5014
0.8947
0.8048
1.1405
1.4020
1.3816
1.2145
1.6529
1.8083
1.7881
2.2069
2.3588
2.5069
2.7173
2.7510
2.4594
2.8527
2.7695
3.2084
3.2828
3.5177
3.4344
3.5729
3.1133
2.9947
3.1409
2.7936
2.7411
2.9057
2.4631
2.2533
2.2848
2.2603
2.4640
2.0494
1.4699
1.2206
1.0539
1.2477
0.7174
0.6461
0.5075
0.6101
0.5391
-0.1676
-0.3396
-0.7060
-0.6460
-0.9593
-1.1651
-1.3938
-1.4334
-1.7558
-1.9344
-2.2292
-2.2240
-2.3611
-2.6783
-2.4808
-2.9640
-3.0235
-3.2233
-3.6608
-3.5299
-3.3775
-3.4326
-3.5935
-3.6904
-3.6263
-3.2339
-3.5073
-3.8830
-3.9840
-4.0353
-3.9048
-4.1363
-3.9299
-4.2029
-4.1719
-4.3939
-4.3252
-4.4096
-4.3401
-3.8670
-4.0722
-3.9625
-3.8628
-4.0297
-3.9507
-4.3863
-4.5144
-4.0718
-4.5452
-4.5120
-4.4740
-4.2978
-4.8247
-4.2878
-4.4953
-4.3915
-4.1981
-4.2971
-4.3200
-4.5888
-3.5546
-4.2335
-4.3164
-4.1726
-4.2457
-4.1852
-4.1337
-4.2266
-3.8823
-3.8760
-4.0744
-3.8793
-3.7472
-3.6243
-3.6183
-3.5196
-3.4760
-3.3136
-3.0546
-2.8319
-2.6239
-2.7543
-2.8767
-2.4978
-2.5684
-2.3703
-2.8968
-2.9439
-2.1120
-2.4507
-2.2711
-2.0806
-1.4687
-1.9052
-1.6454
-1.9403
-1.9305
-2.1152
-1.8919
-1.8378
-1.9726
-1.7615
-1.8312
-1.8563
-2.0055
-1.8094
-2.0168
-1.7371
-1.6451
-1.7321
-1.6341
-1.6076
-1.5077
-1.5437
-1.4886
-1.4668
-1.5399
-1.5012
-1.6008
-1.6700
-1.6062
-1.7872
-1.7625
-1.3838
-1.7244
-1.5125
-1.5181
-1.1594
-1.2827
-0.9242
-0.9157
-0.9092
-0.8332
-0.7458
-0.7574
-0.5819
-0.7050
-0.7095
-0.6861
-0.0987
-0.4404
-0.3698
-0.2551
-0.0589
-0.3306
-0.1397
0.0582
-0.0871
-0.2235
-0.1274
-0.2687
-0.2725
0.0075
-0.0502
-0.1482
-0.1699
0.0254
-0.0564
-0.0182
-0.0518
-0.0973
0.3982
-0.0082
0.1323
0.1005
0.5534
0.2783
0.5205
0.9096
0.9243
0.6648
0.9164
0.7465
0.9246
0.5500
0.4607
0.4451
0.3991
0.5244
0.3375
0.3143
0.6375
0.2864
0.2423
0.5102
0.4356
0.4439
0.4852
0.6775
0.5510
0.5813
0.9129
0.7254
0.8090
0.7385
0.6296
0.5841
0.5162
0.5668
0.5767
0.5111
0.7418
0.4802
0.5653
0.7228
0.9548
0.8761
0.8438
0.9501
1.2306
1.0645
1.1649
0.9230
0.8899
1.0953
0.9419
0.8079
0.7709
1.1356
1.7969
1.7223
1.9626
1.7114
2.5751
2.4763
3.0639
2.7450
3.1089
2.5601
2.9105
3.0432
3.6132
3.4846
3.5513
3.9081
3.5345
3.8283
4.1461
3.9549
4.8553
4.3851
4.9626
5.1288
4.8409
4.7746
4.8060
4.7300
4.8557
4.7637
5.2337
4.9799
4.6462
4.7911
4.8410
4.8872
5.2049
4.8230
4.6987
5.5841
4.9855
4.9258
4.6616
4.6297
4.5140
4.3578
4.2437
4.3826
4.2558
3.6523
3.7685
3.7973
3.7617
3.3509
3.7325
3.5855
3.2624
2.5836
2.5187
2.0172
2.0254
1.8513
1.9046
2.3802
2.1348
1.7844
2.1250
1.7680
2.7322
2.2444
2.3974
2.7663
2.5561
1.8621
2.0354
1.8163
1.9791
2.9501
2.7221
2.4954
2.0942
2.1593
2.0470
2.5238
2.2081
2.1875
2.3085
2.6879
2.1765
2.6735
3.0745
3.2027
2.2455
2.6575
1.9911
2.9383
2.7095
3.0477
2.4331
2.3150
1.8156
2.3920
2.2980
2.7445
2.6874
2.7573
2.3224
2.1108
2.0413
1.9359
1.6705
1.5880
2.0737
1.7990
1.7921
1.7876
1.6566
1.7093
1.8668
2.2621
2.2553
2.3308
1.8475
1.6733
2.3959
1.6246
2.7172
1.7487
1.6097
1.5900
1.1963
0.9955
1.5052
0.9650
1.4792
0.4167
0.5653
0.3290
-0.7556
-0.9048
-0.8555
-0.5875
-0.7572
-0.5905
-0.6720
-0.8436
-1.0434
-0.4009
-0.9275
-0.9494
-1.1587
-0.9654
-0.8976
-0.6427
-1.4377
-1.5102
-2.2444
-2.2049
-2.5771
-2.7427
-2.8055
-2.4425
-1.8843
-2.3404
-2.7087
-2.6447
-1.9069
-1.7869
-1.3456
-2.4051
-2.5352
-2.2117
-2.5678
-2.8015
-2.6496
-2.1761
-2.2943
-1.6881
-2.1858
-1.5397
-1.7131
-1.5880
-1.4010
-1.5039
-1.5205
-0.8199
-1.2339
-1.0318
-0.5657
-0.1518
0.0441
0.7128
0.1854
1.1296
0.7605
0.2913
0.6980
0.8592
1.2657
1.0928
1.0600
1.3206
1.6590
1.6780
2.2107
2.3616
2.2029
1.6140
1.8989
1.5133
2.0222
1.4564
1.6336
1.6260
1.9222
1.8796
1.8460
2.0470
1.4484
1.4054
1.9780
1.4037
1.1846
0.9391
0.6882
0.4786
0.7558
0.6603
0.7457
0.3796
-0.2349
0.1465
-0.5925
-0.2801
-0.7011
-0.3633
-0.7141
-0.6570
-0.0379
-0.0132
0.0328
0.1619
-0.2129
0.3037
-0.2895
-0.3531
-0.0961
0.2562
-0.3459
0.1745
0.2604
0.6959
1.8969
1.9587
2.0333
2.3318
1.9541
2.3342
1.9549
2.1267
2.2040
2.0869
2.1870
2.9195
2.2379
2.4862
2.0823
2.1984
2.1869
2.4150
2.0108
2.1794
1.9678
2.1488
1.9544
2.0641
2.2484
1.8096
2.0166
2.3073
3.1599
2.1230
3.4627
2.6744
2.8390
2.5863
2.7183
2.3749
1.9735
2.5073
2.7165
2.5132
2.8981
3.0071
3.2861
3.0869
3.1366
3.5159
3.7736
3.8965
4.1761
4.4813
4.2950
4.6101
5.1094
4.9275
5.0748
5.5047
5.8466
5.8182
6.0631
6.1021
6.1062
6.0348
5.9868
5.6772
5.8562
5.8483
5.9389
6.4712
5.8957
5.9462
5.9722
5.9210
5.4393
5.6151
5.2672
5.5972
5.4505
5.3547
5.1093
5.0045
4.8659
5.4535
5.0856
4.8056
4.9692
4.7564
4.7949
4.9801
4.7375
5.4494
5.0331
5.6630
5.4611
5.4634
5.4469
5.5148
5.7479
5.7907
5.7548
5.8343
6.0788
6.0915
6.3358
6.1503
6.4003
6.3034
6.6807
6.2084
6.0761
6.4427
6.0339
6.3205
5.7403
5.8342
5.8257
5.4859
5.7850
5.6526
5.6449
5.1441
5.4074
5.2539
4.8735
4.6715
4.7633
4.8025
4.6927
4.6280
4.5286
4.6138
4.8486
4.6674
4.5291
4.7858
4.4989
4.6298
4.3813
4.5943
4.4736
4.4119
4.4114
3.7842
3.7615
3.7944
3.8627
3.6005
3.6024
3.4808
3.4399
3.0663
2.9322
2.7675
2.5973
2.2008
2.2543
2.0379
2.1555
1.7538
1.6531
1.4707
1.2625
1.4845
1.0535
1.0105
1.0654
0.7255
0.6721
0.5938
0.6605
0.6050
0.6311
0.5494
0.5246
0.4197
0.9478
0.6084
0.6592
0.8148
0.5132
0.3490
0.3996
0.0665
0.3761
0.0406
0.0651
0.1912
-0.0279
0.2393
0.1072
-0.0053
0.0495
-0.1791
0.2201
0.1392
-0.1327
-0.2495
-0.4926
-0.4250
-0.5545
-0.5398
-0.7025
-0.9182
-0.8790
-0.6214
-0.6768
-0.5142
-0.0517
0.3857
-0.1173
-0.3504
-0.6976
-0.6236
-0.5993
-0.6561
-0.8089
-0.9478
-1.0337
-1.2320
-1.4002
-1.5189
-1.5707
-1.6334
-1.1674
-1.4307
-1.5367
-1.7088
-1.7875
-1.2523
-1.5793
-0.7336
-1.2730
-1.0652
-1.1861
-1.2378
-1.0334
-1.1409
-1.7573
-1.7608
-1.5897
-1.6966
-2.0244
-2.3387
-2.3121
-2.9235
-3.0876
-2.9386
-3.6240
-3.7312
-3.8775
-3.8158
-3.7047
-3.9530
-3.7745
-3.8891
-4.0473
-4.4962
-4.6363
-4.4837
-4.6244
-4.6748
-4.7698
-4.7835
-4.4530
-4.6616
-4.5115
-4.6681
-4.4860
-4.9421
-5.0079
-5.1713
-4.7595
-5.1687
-5.3741
-5.5059
-5.5213
-5.7535
-5.4267
-5.2677
-5.1095
-4.8921
-5.3243
-5.4357
-5.0689
-5.5661
-5.0993
-5.6239
-5.8953
-5.9400
-5.7084
-5.8787
-5.5993
-5.6876
-5.5672
-5.4435
-5.9148
-5.9791
-6.0167
-5.7593
-5.7155
-5.0816
-4.7737
-5.3960
-5.0655
-5.1278
-5.1784
-4.3941
-4.0394
-4.0170
-4.2562
-3.8020
-3.6286
-3.1729
-2.2684
-2.0846
-1.4337
-1.0835
-0.6146
0.2686
0.1603
0.5193
1.0239
1.6304
1.6429
2.1238
2.7283
3.0736
3.8381
4.0022
4.5699
5.2978
5.7582
6.4666
6.6325
7.1861
7.3318
7.8171
7.5570
7.8965
8.1057
8.5091
8.6602
9.2747
9.3914
9.2888
9.0101
9.4527
8.8878
9.0278
8.1902
8.0444
8.1265
7.9045
7.4668
7.6429
7.2132
7.1733
6.2478
5.9496
5.8345
5.6051
6.0917
5.4531
4.7497
4.5130
4.1506
3.9285
3.6558
3.8973
3.3694
3.6045
2.8386
3.1569
2.5648
2.5164
2.3211
2.5822
2.7768
2.4773
2.9604
2.7926
2.9014
3.4608
3.7385
4.2429
4.1829
5.3139
4.6036
4.8334
5.0047
5.1869
4.9123
4.6600
4.2914
4.2509
4.6296
4.7632
4.4472
4.6156
4.2697
4.8949
4.4093
4.5547
4.7062
4.3385
4.8505
4.0862
4.4587
4.0819
4.0079
4.3594
4.9148
4.4289
4.7777
4.2945
4.8172
4.8515
5.2260
4.5697
4.6832
4.6332
4.2177
4.8096
4.3934
4.4763
4.4183
4.6012
4.4863
4.2828
4.3657
4.6347
4.7587
4.5660
4.6734
4.7218
5.0577
4.7718
5.1866
5.1281
5.5827
5.2667
5.4798
6.0761
5.9590
6.0205
6.2006
5.8751
5.9282
6.0438
6.2155
6.1602
6.1381
6.2081
5.4435
6.0408
6.4313
5.6612
5.4307
5.6607
5.4465
5.9968
6.0213
6.0099
6.9864
5.9925
5.8544
5.5110
5.6671
5.6424
5.8341
6.4882
6.2451
7.3409
6.7953
6.5569
6.7603
6.9358
6.9354
6.7085
6.4483
6.3994
5.9128
6.1749
5.9380
6.4686
5.5962
6.2519
5.2839
5.9524
5.6059
4.8731
4.8404
4.6733
4.6968
4.9170
4.5100
4.5357
4.0053
4.2504
3.9494
3.8865
4.2370
4.1073
4.3287
4.5929
4.2474
4.2693
3.8068
3.7114
3.7824
3.6989
3.4578
3.6017
3.4851
3.2113
2.9222
2.8277
2.4733
2.2194
2.2871
2.0203
1.7471
1.5168
2.0337
1.2568
1.1990
1.3407
1.5089
1.4760
1.1222
0.7312
0.4781
0.3500
0.6415
0.0178
0.0447
-0.2011
0.0669
-0.0554
-0.2325
-0.3562
-0.1638
-0.2786
-0.2170
-0.2121
-0.0224
-0.1095
-0.0699
-0.1502
0.0502
-0.3783
-0.2394
-0.3205
-0.2764
0.0239
0.2736
0.1449
-0.2528
0.4738
0.2900
0.9462
0.6934
1.0903
0.7961
0.9119
1.9316
2.2209
1.3996
1.1709
1.2757
1.2793
1.3015
0.4446
0.8736
0.2787
0.3528
0.4240
0.2002
0.1313
-0.1973
-0.1956
-0.2397
0.4046
-0.1340
-0.1210
-0.5184
-0.4896
-0.3667
-0.1998
-0.2856
0.1674
0.1624
0.5814
0.0629
0.0937
0.1657
0.1416
0.5034
0.5230
0.0428
0.2491
-0.2266
-0.2709
-0.2896
-0.5420
-0.3425
-0.8829
-1.0076
-0.7015
-0.8291
-0.8759
-1.3195
-1.6259
-1.3850
-1.7638
-1.5310
-1.6431
-1.8402
-1.4308
-1.3862
-1.5590
-1.8964
-1.2700
-1.2951
-1.3777
-0.9997
-0.7354
-0.1262
-0.6064
-0.9660
-0.5903
-1.0365
-1.3713
-1.8019
-1.4142
-1.2364
-0.9777
-0.8838
-0.5172
-0.9787
-1.6373
-1.8744
-1.7510
-1.8428
-2.0390
-1.3790
-1.9165
-1.0711
-1.6869
-1.4706
-1.7114
-1.2128
-1.0329
-1.1546
-1.6100
-2.0227
-2.4580
-2.4626
-2.6097
-2.4088
-2.5784
-2.5787
-2.4236
-2.4211
-2.3614
-2.4602
-2.5888
-2.6722
-2.4757
-2.3755
-2.2477
-2.2687
-2.3883
-2.0762
-2.4339
-2.3758
-2.5672
-2.7012
-2.6477
-2.8100
-2.8228
-2.8756
-2.6855
-2.9900
-3.1386
-3.3520
-3.5180
-3.4976
-3.7486
-3.5510
-3.8176
-3.8694
-3.8485
-3.9176
-4.2765
-4.3292
-4.4490
-4.3472
-4.4419
-4.2868
-4.5107
-4.4585
-4.4284
-4.4602
-4.4660
-4.5651
-4.5002
-4.2617
-4.3271
-3.9583
-3.8606
-4.1646
-4.1507
-3.9965
-4.1050
-4.3233
-4.2546
-4.2135
-4.2545
-3.9710
-4.0321
-4.0376
-4.0214
-3.9267
-3.5031
-3.7695
-3.6164
-3.7163
-3.7874
-3.7562
-3.7975
-3.6922
-3.5158
-3.2704
-3.1225
-2.9956
-2.9512
-2.9197
-2.8195
-2.7777
-2.5344
-2.7502
-2.5405
-2.6307
-2.8152
-2.6160
-2.7680
-2.6406
-2.5936
-2.4314
-2.3624
-2.2205
-2.1980
-1.9449
-2.0501
-1.8892
-1.9350
-1.9496
-1.7373
-1.3768
-0.5644
-1.2908
-0.8499
-0.7278
-1.0411
-0.9421
-0.8651
-0.8758
-0.7363
-0.7875
-0.6812
-0.5832
-0.4548
-0.4820
-0.4423
-0.5783
-0.3209
-0.3416
-0.1862
-0.7645
0.0575
-0.1529
-0.2926
0.1693
0.4590
0.3527
0.3149
0.2899
0.8476
0.4703
1.6060
0.9713
1.0241
1.2326
0.6619
1.3374
1.4583
1.7648
2.1715
1.9231
2.0161
2.3107
2.7129
3.2250
3.8197
4.1706
4.4241
4.8011
4.6143
4.7659
4.6408
4.4421
4.6325
4.3028
3.9572
3.7638
3.7338
3.8760
4.0178
4.5895
4.3416
4.4426
4.5236
5.1247
5.2579
5.1785
5.4932
6.1532
6.7518
6.9585
6.5721
6.5273
6.8670
6.5214
6.3413
6.3037
6.1463
6.1343
5.9893
5.8097
5.7483
5.3278
5.3220
4.9597
5.2029
4.6355
4.6487
4.4707
4.3555
4.2579
3.4613
3.3428
2.7859
2.4088
1.8928
2.0034
1.2347
0.9310
0.1109
-0.3109
-0.7693
-1.2167
-1.5813
-1.9311
-2.0883
-2.2362
-2.2946
-2.3641
-2.3793
-2.3647
-2.4331
-2.4763
-2.5261
-2.5524
-2.5508
-2.6074
-2.4465
-2.7314
-2.8189
-2.9065
-3.0179
-3.1073
-3.2200
-3.2355
-3.3902
-3.4666
-3.6735
-3.8091
-3.9384
-4.0816
-4.2131
-4.3275
-4.4575
-4.5462
-4.6993
-4.8086
-4.9528
-5.0699
-5.1616
-5.2690
-5.3347
-5.4420
-5.5283
-5.6147
-5.6970
-5.4737
-5.7879
-5.8089
-5.9706
-6.0410
-6.1320
-6.2017
-6.2761
-6.3157
-6.3322
-6.3064
-6.2629
-6.2184
-6.2042
-6.2124
-6.3988
-6.4865
-6.6372
-6.8616
-7.2147
-7.3297
-7.5788
-7.5201
-7.8598
-7.9848
-8.1357
-8.2210
-8.5828
-8.9390
-9.1059
-9.0902
-9.0556
-9.2944
-9.2935
-9.1584
-9.5404
-9.2433
-9.4512
-9.6845
-9.5785
-9.3601
-9.7837
-9.3839
-9.7505
-9.4520
-9.4733
-9.2019
-9.2695
-9.4628
-9.0678
-9.5169
-8.5473
-9.1624
-8.7385
-8.6036
-9.1571
-8.6803
-9.0419
-8.6660
-8.7584
-8.3628
-7.8167
-8.0585
-7.8868
-7.7454
-7.9840
-8.3143
-7.4040
-7.4018
-7.7565
-7.0397
-7.1302
-6.2992
-6.3548
-6.2782
-6.1803
-6.4872
-6.0637
-5.0313
-4.7897
-4.3417
-3.0804
-2.2423
-0.9895
-1.1774
0.0774
0.4246
0.7562
1.2445
2.4317
2.7533
2.6424
2.9739
3.9026
4.4634
4.1610
5.0744
4.7692
5.0590
4.6667
4.6603
5.4202
5.3111
5.2117
6.1189
5.6238
6.2767
6.5677
7.3077
7.9461
8.7193
7.8397
8.1731
8.3245
9.4993
9.5634
9.8931
9.7810
11.4873
10.2276
10.7880
9.8325
9.7560
8.9686
9.8902
9.5842
9.1698
9.5983
9.0810
9.9978
10.3329
10.1529
9.9957
10.1077
9.7836
10.0821
9.3323
9.2213
8.7108
8.3361
8.2474
8.0328
8.2176
7.8315
7.4074
7.1283
7.0803
7.5640
7.7355
7.8205
9.0440
9.1420
8.9683
9.3243
9.7665
9.9292
10.3322
9.9785
10.7485
11.3814
11.5575
12.3691
12.6053
12.3194
13.1702
12.6690
13.1819
12.4960
12.5020
13.4028
12.7624
12.3881
11.5700
11.4131
10.6024
11.2020
10.5771
11.7178
11.5702
11.6949
13.0952
11.9724
12.1377
12.0417
12.2471
12.3463
12.3140
12.8813
12.7648
13.7989
13.1300
14.0079
14.3324
14.4643
14.5773
15.9780
15.2639
15.8783
15.8856
16.2340
15.6869
15.4802
15.7509
15.2822
15.4429
15.2238
14.9843
14.8475
15.0764
14.4331
14.3861
14.6732
14.3693
14.4306
15.0094
15.7345
14.8449
14.4982
14.9560
14.5350
14.8338
14.3344
14.3415
14.7519
14.5246
14.6877
15.2722
15.1052
15.7809
14.7482
15.0675
14.8701
14.5693
13.8851
14.8713
14.1108
13.8258
13.3309
12.9873
12.8914
12.5143
12.2792
11.5146
11.3735
10.9203
10.9068
10.6130
10.6677
10.1183
9.7213
10.2868
9.8124
10.0002
10.0898
9.5857
9.5568
9.2243
9.9545
9.4472
9.4307
9.1673
8.6649
8.6704
7.9883
7.9058
8.4240
8.2990
7.5619
7.3820
6.2852
5.9696
6.0964
5.3645
5.9447
5.0697
4.8753
5.0664
4.4191
4.9506
4.4135
4.1858
4.5739
4.5921
4.4296
4.0799
3.7571
4.1156
3.5756
3.7336
3.4370
3.5869
3.9150
4.0490
4.0392
3.6327
3.6515
3.8080
3.9794
4.2021
3.8014
3.6314
3.6848
3.9906
4.1815
3.5436
3.8855
3.7199
3.2925
3.4920
2.5049
3.1051
2.2069
2.2319
2.4666
2.1966
1.7110
1.5248
1.5765
1.0784
1.2150
0.7704
0.8253
1.0615
0.5125
0.4235
0.3315
0.5635
0.6095
0.3753
0.0150
-0.4124
-0.7908
-1.2381
-1.5967
-1.8573
-1.7643
-1.7890
-1.9734
-2.3093
-2.4230
-2.3723
-2.8160
-3.0520
-3.1606
-3.3962
-3.3748
-3.1717
-3.3204
-3.0976
-3.2788
-2.7847
-3.0412
-3.0038
-2.7792
-3.1272
-3.2776
-3.5191
-3.3119
-3.9407
-3.9854
-4.0939
-4.3737
-4.3959
-4.4528
-4.4574
-4.8276
-4.9275
-5.3970
-5.6488
-5.9442
-6.0535
-6.3292
-6.7613
-6.7718
-6.9590
-7.4023
-7.4260
-7.6982
-7.5377
-7.5052
-7.8987
-8.0332
-8.0941
-8.1314
-7.9241
-8.3366
-8.1387
-8.3808
-8.3818
-9.0914
-9.0794
-9.2181
-9.2956
-8.7948
-9.4989
-9.8285
-10.1756
-9.8838
-10.1167
-9.9723
-10.2464
-10.4741
-10.2667
-10.4285
-10.2300
-10.2412
-10.1853
-10.2125
-10.2641
-10.0681
-9.9722
-10.1000
-9.4345
-9.5927
-9.5538
-9.4908
-9.6399
-9.7352
-9.5520
-9.6608
-9.0477
-9.3901
-9.2297
-8.9337
-9.3327
-9.0115
-8.5556
-8.4397
-8.3319
-8.8812
-8.7416
-8.6715
-8.5090
-8.1126
-7.8664
-7.4685
-7.7012
-7.5492
-7.4573
-7.1980
-7.0646
-7.1963
-7.0549
-6.9451
-6.6722
-6.7553
-6.6865
-6.9261
-7.1316
-7.1754
-7.4659
-7.1145
-6.8729
-7.2880
-7.2308
-7.3165
-7.0985
-6.9002
-6.7196
-6.1376
-6.1904
-5.9536
-5.5370
-5.3936
-5.3976
-5.1939
-5.0584
-4.6041
-4.7061
-4.4595
-4.4512
-4.1464
-3.8112
-3.9419
-3.0821
-3.6357
-3.3299
-3.2416
-3.1868
-2.8510
-3.0988
-3.1213
-2.9299
-2.7244
-2.6184
-2.6118
-1.9698
-1.8901
-2.1613
-2.1161
-1.8899
-2.0865
-1.7602
-1.8237
-1.6521
-1.6363
-1.1328
-1.6990
-1.5435
-1.6816
-1.4958
-1.3138
-1.0380
-1.2445
-0.6050
-1.2413
-1.2620
-1.5409
-1.6135
-1.5523
-1.3979
-1.2752
-1.2380
-1.0832
-0.9871
-1.1809
-0.9865
-1.0031
-0.9565
-0.9944
-0.7717
-1.2120
-1.0933
-1.1652
-0.9222
-0.9732
-0.9942
-0.7590
-0.8409
-0.5844
-0.6877
-0.3660
-0.5756
-0.2797
-0.2380
-0.4110
-0.1824
0.0349
-0.0663
-0.2538
-0.1557
0.0363
-0.0693
0.0498
-0.0250
0.1123
0.0844
-0.2774
-0.1703
-0.5254
-0.0601
-0.4444
-0.4678
-0.7039
-0.8152
-0.8336
-0.8923
-0.8856
-1.0075
-1.1058
-0.9077
-0.8580
-1.2860
-1.5937
-1.3102
-1.4558
-1.1029
-1.6977
-1.4373
-0.7140
-1.1520
-1.0618
-1.2831
-1.1231
-1.1803
-0.4646
-0.5258
-0.4198
-0.7028
-0.7474
-0.2737
0.2760
-0.1195
-0.2679
-0.5085
-0.4600
-0.2969
-0.1357
0.1074
0.2532
0.6615
0.7795
0.5105
0.4180
0.3235
0.4467
0.3305
0.6452
0.6567
0.6541
0.7720
1.1327
1.3142
0.8587
0.8588
1.0110
1.1276
1.2186
1.4700
1.6421
2.0255
1.6768
2.1493
1.9077
1.8206
2.5593
2.1316
2.3527
2.2731
2.4750
2.3137
2.3026
1.9536
2.0024
1.9015
2.2872
2.0545
2.3934
2.7029
2.7303
2.2507
2.2407
2.0996
2.2207
2.2304
2.3973
2.5793
2.3635
2.1818
2.5543
2.3427
2.1142
2.1172
1.7494
1.6148
1.5181
1.3848
1.4461
1.2548
1.2125
1.2622
1.2376
0.5778
0.6719
0.8527
1.0058
1.5246
1.2963
1.1790
0.5234
0.4545
0.4463
0.6145
0.7466
1.0201
0.6453
0.6504
0.7532
0.7772
0.6918
0.2964
-0.1800
-0.2965
-0.7677
-0.7650
-0.8363
-0.6794
-1.2471
-1.0361
-1.7363
-1.8004
-2.2715
-2.4755
-2.6298
-2.9890
-2.8154
-3.3735
-3.5631
-3.6008
-3.6781
-3.2100
-3.5689
-3.3213
-3.6669
-3.7498
-4.0826
-4.1363
-4.0120
-3.7868
-4.1643
-4.0544
-3.8330
-3.4722
-3.6825
-3.5267
-3.8985
-3.9252
-3.9978
-3.7881
-4.1557
-4.2597
-4.3674
-4.4699
-4.2602
-4.6609
-4.7219
-4.6817
-4.9288
-4.9526
-5.2703
-5.5161
-5.5143
-5.5656
-5.3935
-5.3450
-5.3185
-5.4422
-5.5894
-5.4457
-5.7368
-5.5254
-5.5906
-5.5903
-5.4299
-5.6888
-5.5508
-5.7079
-5.5788
-5.6101
-5.4375
-5.5175
-5.3361
-5.5930
-5.4297
-5.4709
-5.7014
-5.8559
-5.9122
-5.5960
-5.9715
-6.0802
-5.9112
-6.3129
-6.3802
-6.6073
-6.6999
-6.9606
-6.8230
-7.2433
-7.4246
-7.4796
-7.9219
-8.0701
-8.2365
-8.1216
-8.4451
-8.2267
-8.5245
-8.3502
-8.5982
-8.7744
-8.8583
-9.0825
-9.2074
-9.2043
-9.3332
-9.3501
-9.5049
-9.5134
-9.5215
-9.4722
-9.2626
-9.4476
-8.9664
-9.1512
-9.3281
-9.4376
-9.4456
-9.3408
-9.5677
-9.0706
-9.0099
-9.5882
-9.4116
-9.1940
-9.1540
-8.9560
-8.3961
-9.3024
-8.8719
-8.5357
-8.3653
-8.8594
-8.2014
-8.7480
-8.4388
-8.3387
-8.1912
-8.3688
-8.0730
-8.8297
-8.8281
-8.7961
-8.5824
-8.6110
-8.0020
-7.5032
-7.3278
-7.0830
-6.9064
-7.0141
-6.4474
-6.2057
-6.4676
-6.4228
-5.8632
-6.0325
-6.4970
-6.1395
-6.5806
-6.2887
-6.6272
-6.5843
-6.4636
-6.9553
-6.6265
-7.1105
-7.2173
-7.0925
-7.2287
-7.3802
-7.5487
-7.3933
-7.9349
-7.6878
-7.2981
-7.3078
-7.0962
-6.9222
-6.8435
-6.9938
-7.3727
-7.5523
-7.7598
-7.7704
-7.2789
-7.4136
-7.3142
-6.9822
-7.0731
-6.8642
-7.2426
-6.7719
-7.2877
-6.9563
-7.0557
-6.7440
-6.2422
-6.0657
-5.1326
-5.2662
-4.9665
-4.2454
-4.5655
-4.3253
-4.4533
-4.2727
-4.3022
-3.9175
-3.4914
-3.5583
-3.4464
-3.0675
-2.7571
-2.0944
-2.4469
-1.8992
-1.7296
-1.9526
-1.2662
-1.4077
-1.1635
-1.0145
-1.0317
-1.0138
-0.7890
-0.4843
-0.0826
0.9281
2.0627
2.1256
2.5815
2.5054
2.4122
3.1593
2.9147
3.0969
3.3005
3.3333
2.8076
3.3040
3.6192
3.5408
3.7163
3.0162
2.3844
3.3914
2.4022
3.2412
2.0837
1.6935
1.1502
2.2127
1.4636
2.4134
2.0449
2.2911
3.2443
2.2932
3.4752
2.7313
3.2017
4.2395
4.1768
3.5745
4.2562
4.0185
4.6617
5.5776
5.6478
5.6416
6.3915
6.9871
6.7475
7.0543
7.6024
7.3931
7.8167
7.6214
7.3463
7.2551
7.3288
8.8614
8.0364
8.0673
7.8924
8.5418
8.8561
9.6264
9.2513
10.1271
9.2286
9.8436
10.3450
10.2509
10.1502
9.9505
9.8006
9.1339
8.8089
9.6916
8.4125
9.1065
7.9023
8.7578
8.0184
8.2910
7.8539
8.5300
8.6735
7.6243
7.5964
7.8716
7.6894
8.4372
8.0756
8.9766
8.2930
8.4555
8.5353
8.2599
7.8811
8.1398
7.6602
7.3463
7.3713
7.4824
7.0142
7.0950
7.5528
7.0950
7.1787
7.6282
6.7836
6.4391
6.5824
6.6976
6.5630
6.0414
5.8909
4.9794
5.3044
4.5799
4.5359
4.0618
3.7499
3.6955
3.8901
4.0327
3.5511
3.7298
3.4191
3.5056
3.0251
3.1665
2.9003
3.0943
2.9399
2.7827
2.6056
2.4876
1.8468
2.0307
1.5652
1.8295
1.6254
1.8306
1.4198
1.3639
1.4027
1.5255
1.7018
1.2542
1.2650
1.3220
1.3826
1.8583
1.6675
1.7765
1.5233
1.5064
1.3024
1.6394
1.0543
1.1187
0.9638
0.8289
1.1429
0.7902
0.9726
1.2659
1.0406
1.3158
1.1213
1.1061
1.2542
1.0094
0.8216
0.8276
0.7451
0.7587
1.2973
0.9227
1.0334
1.0035
0.7411
0.8555
0.7875
0.7260
0.6647
0.6029
0.9123
0.7178
1.1053
0.4863
0.4553
0.2528
-0.1050
-0.0325
0.1946
-0.3039
-0.2520
-0.5022
-0.4290
-0.7031
-0.5129
-0.6156
-0.5943
-0.1872
-0.8419
-0.6933
-0.7315
-1.0729
-1.1393
-1.2983
-1.2585
-1.0680
-1.4854
-1.7059
-1.8168
-1.5616
-1.7677
-1.3344
-1.6445
-1.9413
-2.1112
-1.9769
-1.6729
-1.4754
-1.5454
-1.8652
-1.7964
-1.8275
-1.8105
-2.0021
-2.0594
-2.0416
-1.6812
-1.9775
-2.1306
-2.4628
-2.9462
-3.1341
-3.6507
-4.0370
-3.5746
-3.2665
-3.9277
-3.8116
-3.9868
-4.2927
-4.2633
-3.6702
-3.7094
-4.3838
-4.2750
-3.4889
-3.8156
-3.5739
-3.2331
-3.5614
-4.0755
-3.8408
-4.5999
-4.5426
-4.4013
-4.7234
-4.3978
-4.9415
-4.4030
-4.1981
-4.4019
-4.7066
-4.7824
-4.8324
-5.2245
-4.6257
-5.3650
-4.9543
-5.5083
-5.7669
-6.0041
-5.8020
-6.1182
-5.7282
-4.8763
-5.4524
-4.7414
-5.4807
-5.2234
-5.9178
-5.2801
-5.8981
-5.9968
-5.8958
-6.1042
-6.0598
-6.0374
-4.9653
-5.6398
-5.5703
-5.4193
-5.0904
-5.6060
-5.6978
-5.5625
-6.0291
-6.3530
-6.6881
-6.5660
-6.5935
-6.5246
-6.5845
-6.3187
-6.3674
-6.2761
-6.0205
-6.0646
-5.7620
-5.6158
-5.7491
-5.9196
-5.6849
-5.8248
-5.5232
-5.7983
-5.8383
-5.8723
-5.6534
-5.8660
-5.7546
-5.6954
-5.2716
-5.1116
-5.1272
-4.7944
-4.8605
-4.6529
-4.2966
-4.3240
-4.2098
-4.0274
-3.8936
-3.6146
-3.6892
-3.7640
-3.6705
-3.7115
-3.6869
-3.6353
-3.5865
-3.6036
-3.4383
-3.7112
-3.5496
-3.7218
-3.6928
-3.6453
-3.7310
-3.7594
-3.9912
-3.7395
-4.3651
-4.3380
-4.6659
-4.7296
-4.8292
-4.7140
-4.7987
-4.7038
-4.8320
-4.6566
-4.7260
-4.3994
-4.7346
-4.5187
-4.7323
-4.6359
-4.5790
-4.3279
-4.2667
-4.1707
-4.1556
-4.1992
-4.1328
-4.0896
-3.9107
-3.7469
-3.3233
-3.3668
-2.9750
-2.7493
-2.7371
-2.2633
-2.1510
-1.7972
-1.5644
-1.3480
-1.3645
-1.1236
-1.0071
-1.3818
-1.2311
-1.2843
-1.3862
-1.3064
-1.2823
-1.3054
-1.2477
-1.3365
-1.4868
-1.3950
-1.7742
-1.7952
-1.7580
-1.5418
-1.6068
-1.2721
-1.7105
-1.4895
-1.7342
-1.5902
-1.6388
-1.7798
-1.8025
-1.7192
-1.5335
-1.5559
-1.4982
-1.3862
-1.1117
-1.2821
-1.0679
-1.1612
-1.3832
-1.2483
-1.2648
-1.0925
-1.1608
-0.2136
-0.0896
-0.3877
-0.6561
-0.7475
-0.2919
-0.5073
-0.1483
0.0892
-0.0132
0.3267
0.0604
0.5102
0.2460
0.0714
0.3121
-0.1331
-0.0900
-0.2299
-0.5549
-0.9298
-0.3569
-0.9946
-1.4216
-1.3223
-1.1104
-1.3363
-0.5637
-0.6777
-0.6294
-0.7814
-0.9336
-0.7365
-1.1399
-0.6585
-0.7603
-0.6771
-0.6173
-1.0040
-0.9501
-1.0387
-1.5915
-1.1190
-1.1175
-1.3012
-0.9723
-1.1937
-1.2057
-1.0962
-0.9712
-1.4393
-0.7083
-0.9686
-0.7784
-0.2740
0.1481
1.1719
1.2048
1.8618
2.6928
2.8562
3.0732
3.5859
3.6660
3.3378
3.5652
4.0416
3.5324
3.8460
3.9275
3.7990
3.7054
4.0707
3.4545
3.2244
3.0788
3.0328
2.8148
2.8540
2.5608
2.3227
2.2943
2.3517
1.7358
1.4524
1.4811
1.0808
1.0443
0.4793
0.5804
0.3173
0.7012
0.2310
0.7525
-0.2564
0.0382
-0.2590
-0.1576
-0.4424
-0.0683
-0.5056
-0.5087
-0.5749
-0.8154
-1.2140
-1.1999
-1.4428
-1.5965
-1.6582
-1.9047
-1.6096
-1.6033
-1.6564
-1.5635
-1.2038
-1.3157
-1.0815
-1.3108
-1.1257
-1.4444
-1.5938
-1.3329
-1.0874
-1.1167
-0.9938
-0.7343
-0.3546
-0.6478
-0.5858
-0.3729
-0.6931
-0.7408
-0.7519
-0.6977
-1.0841
-1.3692
-1.3455
-1.4877
-1.6225
-1.1658
-1.6629
-1.5658
-1.7035
-1.9184
-1.8340
-1.9155
-1.6336
-1.9003
-2.2564
-1.4040
-2.0857
-2.1607
-1.7952
-1.5408
-0.8816
-1.0925
-1.0090
-1.5071
-1.7564
-1.5630
-1.4576
-1.5377
-1.6307
-1.1863
-2.0718
-2.4750
-1.9681
-2.7551
-1.5515
-1.9461
-2.3321
-2.2350
-2.0368
-2.4075
-2.4698
-1.9743
-2.3025
-2.0196
-2.1224
-2.3289
-2.1611
-1.4226
-1.5328
-1.2731
-1.5634
-1.1979
-1.5820
-2.0532
-1.9962
-2.2433
-1.9360
-2.0211
-1.8953
-1.7776
-1.8517
-1.1356
-1.5026
-1.2918
-1.5338
-1.3658
-0.9037
-1.5107
-1.1743
-0.5269
-0.3227
-0.9857
-0.9086
-0.5749
-1.2107
-1.0953
-0.8619
-0.7972
-1.0070
-0.7657
-1.2587
-1.1106
-1.5012
-1.4078
-1.5427
-0.5422
-1.3469
-1.3877
-1.7527
-1.7393
-1.6932
-1.1560
-0.8889
-0.9042
-1.1890
-1.0229
-0.8612
-1.0686
-0.7720
-0.9173
0.6189
-0.6362
0.2496
-0.0132
0.1269
0.1209
0.5447
0.0972
-0.1781
-0.2989
0.4706
-0.0637
-0.0978
0.1716
-0.0845
0.2028
0.1038
0.5555
0.5795
0.8015
0.6111
1.1218
0.9676
1.2156
1.2765
1.1308
1.1596
1.0226
0.8600
0.8850
0.6901
0.8768
0.4755
0.5336
0.6220
0.7321
0.3902
0.3421
0.1126
0.0597
-0.1871
-0.2521
-0.3756
-0.5388
-0.4431
-0.8516
-0.8571
-1.0007
-1.4344
-1.6274
-1.3673
-1.8383
-1.6528
-1.7494
-1.5320
-1.5403
-1.4748
-1.5383
-1.6407
-1.5338
-1.4358
-2.1465
-2.3372
-2.5496
-2.6143
-2.3389
-2.5016
-2.5854
-2.4769
-2.3258
-2.3679
-2.4077
-2.2891
-2.6282
-2.6148
-2.7082
-2.9849
-3.0124
-3.1164
-3.0378
-3.3906
-3.4405
-3.6125
-3.5744
-3.8084
-3.9865
-3.9179
-4.1354
-4.1422
-4.4675
-4.6036
-4.5795
-4.4535
-4.9766
-5.0793
-5.1613
-5.1437
-5.0273
-4.9698
-4.9746
-5.0622
-5.1329
-5.2443
-5.3204
-4.9596
-5.1566
-5.3118
-5.3201
-5.3185
-5.0568
-4.6360
-5.2449
-5.2861
-5.1711
-5.2654
-4.5357
-4.8117
-4.6296
-4.2571
-4.5795
-4.3611
-4.3650
-4.1671
-4.1607
-3.7743
-3.6969
-3.9551
-3.6085
-3.5206
-3.4856
-3.5398
-2.5184
-3.2891
-2.9607
-3.0532
-2.5848
-2.1346
-2.1928
-2.1518
-1.7333
-1.6216
-0.8734
-0.6046
-0.4499
-0.5563
-0.3608
-0.4470
-0.2402
0.1069
0.5891
0.6499
0.9029
0.7478
0.6052
0.9632
1.0131
1.0508
1.1423
1.3966
0.5840
0.6477
0.1867
0.1213
0.0655
-0.3730
-0.1600
-0.5835
-0.6992
-0.9257
-0.7024
-0.8921
-0.6363
-0.8083
0.0780
-0.7483
-0.2997
-0.6608
0.2223
-0.6236
0.0331
-0.1293
-0.3032
-0.8910
-0.9666
-0.9658
-0.5551
-0.8050
0.1477
0.0516
-0.1529
-0.1673
-0.1014
0.1392
-0.6073
-0.3529
-0.3006
-0.3183
-0.6925
-0.6244
-1.1105
-1.5673
-0.6996
-0.8870
-1.5667
-1.4098
-0.8697
-1.4315
-1.2132
-1.2409
-1.3563
-1.5840
-1.5105
-1.7933
-1.6635
-1.4915
-1.2543
-1.5457
-1.1415
-0.6991
-0.7821
-0.7111
-1.1200
-0.6137
-0.7641
-0.8535
-1.1683
-1.0322
-1.0983
-0.8284
-0.8558
-0.6548
-1.0722
-0.9139
-0.8846
-1.0024
-0.8366
-0.9805
-0.2874
-0.7207
-0.8795
-0.6536
-0.8475
-0.6791
-0.7811
-0.5059
-0.9256
-0.3168
-0.5236
-1.0786
-1.2990
-1.2317
-1.1071
-1.2703
-1.3876
-1.8014
-1.5608
-1.7538
-1.5942
-1.4628
-1.0612
-0.9464
-0.7453
-0.7393
-0.2051
-0.2565
-0.3888
-0.0756
0.3647
-0.1371
0.5897
0.2960
0.1341
0.8457
0.6772
1.1266
0.9045
1.6447
0.7162
0.9244
1.5063
0.9434
1.2165
1.2453
0.9735
1.1391
1.3351
1.5943
1.2075
1.4982
0.9772
1.0135
1.6073
1.0860
0.5516
0.9274
0.8323
0.9533
1.1512
1.2085
1.0063
1.2758
1.4364
1.5903
1.7754
1.8742
2.1799
2.5840
2.0794
2.4400
2.3110
3.3651
3.3297
3.2760
3.5087
3.1444
3.0079
3.1259
2.7729
2.4181
2.2408
2.6665
3.6148
3.6407
3.1637
3.1816
2.8164
2.6978
2.2535
2.0539
1.4029
1.3988
1.3245
0.9198
0.6434
1.1651
0.3628
0.4398
-0.0884
0.0345
-0.4216
-0.4240
-0.5125
-0.9259
-1.4029
-1.5967
-1.8337
-1.5532
-1.2880
-1.4720
-1.2415
-1.1463
-1.0210
-1.3136
-0.5940
-0.5776
-0.9756
-0.8475
-1.2396
-0.1591
-0.6432
-0.1679
-0.1540
0.0556
0.4119
1.0508
1.3320
2.0020
2.0469
2.6005
2.3597
3.1350
3.5644
3.4884
3.4406
3.0782
2.8809
2.1893
2.6126
3.0712
2.5903
2.7154
2.6933
2.4395
2.7455
2.3663
1.5920
1.6001
1.2395
1.3655
0.9245
0.6732
0.8484
0.7082
0.1807
0.4224
0.0585
0.0909
0.5411
0.3490
0.8451
0.5830
1.3188
0.9999
0.9638
1.6228
1.8659
2.2058
2.8779
2.2179
1.9466
2.0841
1.8616
2.3604
2.3275
2.3874
1.8508
1.6284
1.1621
1.0799
0.7775
1.1360
-0.0248
0.0420
-0.3200
-0.4098
-0.2832
-0.3357
0.0686
-0.3635
0.3550
0.0987
0.0991
0.3043
0.2468
0.2707
0.1239
0.6948
0.1603
-0.1321
-0.2885
-0.5048
-0.8751
-1.3426
-1.5950
-2.1412
-1.8170
-2.0618
-1.3825
-2.2878
-2.2782
-2.2053
-2.2506
-2.4369
-2.2192
-2.2208
-2.4302
-2.6926
-3.0858
-3.3485
-3.2958
-3.6271
-3.3795
-3.5321
-3.7814
-3.7758
-3.6407
-3.8885
-3.7680
-3.9105
-3.6261
-4.0850
-4.0299
-3.7937
-4.0288
-3.8846
-4.2188
-4.2884
-4.3689
-4.1715
-4.4633
-4.4711
-4.5196
-4.2704
-4.3951
-4.5615
-4.4840
-4.6404
-4.7041
-4.6089
-4.5579
-4.5758
-4.7670
-4.3179
-4.5985
-4.2872
-4.2313
-4.0207
-4.1318
-4.1170
-4.2931
-4.3521
-4.2503
-4.0934
-4.0342
-4.3508
-4.3742
-4.2344
-4.2406
-3.8814
-4.2224
-3.9900
-3.9516
-4.2034
-3.9857
-4.1112
-4.0214
-3.9418
-4.0505
-3.8391
-3.9644
-3.5081
-3.3361
-3.3998
-2.9231
-2.8582
-2.9640
-2.9156
-2.6755
-2.5926
-2.7536
-2.5287
-2.3072
-2.3953
-2.3071
-2.5048
-2.4139
-2.1794
-2.0042
-1.8099
-1.5712
-1.5238
-1.2972
-1.1990
-1.0324
-0.8666
-0.8337
-0.7515
-0.7504
-0.6722
-0.6947
-0.6136
-0.7664
-0.8157
-0.9999
-0.8682
-1.0840
-1.1193
-1.1153
-0.9261
-1.0590
-1.0260
-1.0149
-1.1287
-1.1522
-1.1233
-1.0445
-0.7798
-0.7212
-0.7021
-0.7690
-0.6089
-0.7388
-0.1084
-0.1297
-0.1514
-0.3600
-0.2069
-0.2654
-0.4859
-0.0321
-0.4384
0.3213
-0.6025
-0.3016
-0.3317
-0.5662
0.0055
-0.2888
0.1162
-0.1237
-0.5503
-0.8402
-0.6172
-0.4773
-0.0373
-0.4555
-0.6070
-0.7638
-1.0330
-0.8517
-1.1466
-1.0059
-0.3879
-1.0222
-1.0515
-1.0378
-0.8807
-1.0034
-1.4384
-0.7384
-1.3255
-1.1534
-1.4119
-0.9435
-1.4934
-1.5047
-1.4436
-1.3453
-1.1805
-1.2637
-1.3726
-0.8903
-1.4985
-1.2467
-1.1039
-1.2952
-1.0392
-1.2379
-0.6108
-1.0193
-0.8324
-0.6676
-0.8195
-1.0017
-0.7906
-0.7965
-1.0961
-1.1137
-1.4399
-1.0436
-0.7649
-1.0599
-1.1849
-0.9635
-1.2586
-1.7843
-1.8975
-1.7442
-1.6657
-1.6911
-1.9877
-1.5422
-1.2698
-1.2969
-0.9015
-0.4642
-0.9546
-1.2514
-0.9575
-1.2417
-1.2204
-1.4668
-1.2738
-1.3977
-1.4111
-1.1621
-0.9923
-1.2635
-1.3715
-1.5291
-1.7232
-1.9077
-2.1229
-2.3018
-2.4160
-2.4607
-2.4719
-2.4934
-2.5068
-2.5088
-2.5642
-2.4523
-2.7880
-2.9459
-3.1054
-3.2325
-3.2561
-3.3459
-3.3229
-3.1466
-3.2874
-3.1768
-2.9949
-2.9115
-2.7255
-2.6808
-2.2995
-2.3581
-2.1591
-1.9693
-1.8642
-1.5666
-1.7205
-1.6246
-1.3806
-1.2800
-0.9703
-0.7173
-0.8028
-0.8083
-0.5550
-0.7799
-0.4377
-0.4852
-0.1727
-0.2518
-0.2905
-0.5210
-0.2788
-0.3319
-0.5334
-0.5382
0.0449
-0.3104
0.3264
0.0526
0.2324
0.0795
0.5778
0.4877
0.2643
0.4889
0.6852
0.9705
0.6996
0.8096
1.2450
0.7719
0.9062
0.9150
0.8049
1.2094
0.4474
0.8961
0.2486
0.8779
0.8166
0.6827
0.2463
0.8182
0.8113
1.0061
1.5813
1.5804
1.6463
1.4643
1.7966
1.8448
1.6292
1.6348
1.7272
2.8201
2.3431
2.7866
2.6506
2.7638
2.6612
2.7589
2.7527
2.5867
2.4892
2.6635
3.0833
3.0780
2.7150
3.2636
2.2315
2.6209
2.0829
1.3379
1.1807
1.4098
0.9265
1.0709
0.7700
1.4541
0.7808
1.3285
1.3623
1.6795
1.8745
2.0865
1.7598
1.9929
1.7721
2.6615
2.0217
2.1399
1.9254
1.5709
1.4687
1.3958
1.3233
0.7474
0.5054
0.6443
0.0966
0.0840
-0.1872
-0.0305
-0.6984
-0.3539
-0.8036
-0.6094
-0.8752
-0.9883
-0.8281
-1.0788
-0.7949
-0.9780
-0.8643
-0.7466
-0.7138
-0.4263
-0.3225
-0.5239
-0.2698
-0.1635
-0.0101
-0.0855
-0.1207
-0.1103
0.0762
-0.2547
-0.3078
-0.1463
0.0410
-0.5304
-0.5612
-0.4042
-0.6466
-0.4417
-0.7208
-0.6488
-0.6977
-0.2300
-0.6276
-0.1412
-0.1882
-0.1696
0.4353
1.1053
1.2974
1.2448
1.1914
1.6124
1.3416
1.2120
1.5828
0.9337
0.7427
1.0728
0.9633
0.5187
0.0006
0.5029
-0.3349
-0.0225
0.1551
0.4554
0.3585
1.0655
1.1065
0.8819
0.5701
0.6888
0.2773
0.2459
0.2577
0.2833
0.0360
-0.3491
-0.2222
-1.0049
-0.9413
-0.6821
-1.4578
-1.3380
-1.2232
-0.3159
-1.5803
-1.4203
-1.6477
-1.3701
-1.2774
-1.0165
-1.0998
-0.8621
-0.6929
-1.1991
-1.1597
-1.0169
-1.2521
-1.2525
-0.8648
-1.3915
-1.0462
-1.2551
-0.9900
-1.0127
-0.8630
-0.9492
-1.0184
-1.3663
-1.4389
-1.4924
-1.4645
-1.3528
-1.3803
-1.1354
-1.2433
-1.1714
-1.4064
-0.8928
-1.0681
-1.2540
-1.3811
-1.2303
-1.5841
-1.4539
-1.4699
-1.3061
-1.2993
-1.3655
-1.5571
-1.7529
-1.7523
-1.7708
-1.9039
-1.5179
-1.5496
-1.4565
-1.7203
-1.7204
-2.1546
-1.8047
-1.8892
-1.9291
-1.9559
-2.0272
-1.8994
-1.9799
-1.9431
-2.1964
-2.2484
-2.2132
-2.2197
-2.0798
-1.6318
-1.5851
-1.5692
-2.4964
-2.4820
-2.2428
-2.2442
-1.8193
-1.3485
-1.6662
-1.2458
-1.5292
-1.1332
-1.7524
-1.8197
-1.7887
-1.5725
-1.4259
-1.2317
-1.4942
-0.7605
-1.4050
-1.3607
-1.2683
-1.0282
-0.6014
-0.4216
-0.6446
-0.1917
-0.5716
-0.1097
0.4499
0.7517
0.9492
0.6582
1.0744
0.9377
1.0216
0.6604
0.8582
1.6709
1.6553
2.6344
1.7738
1.9244
1.6437
1.7995
2.0600
2.4840
2.4629
2.3276
2.8956
2.3433
2.7078
3.5099
2.9354
2.7290
3.5167
3.3020
2.1925
2.9437
2.1507
2.5396
3.2186
3.3155
3.5546
4.6482
4.4843
4.8069
4.9957
4.8070
4.3485
4.4479
4.7367
4.8352
5.2116
5.7884
6.2726
6.8392
6.5691
7.4426
7.5736
8.3968
8.4773
8.2697
8.4672
8.4793
8.2868
8.3073
9.1725
8.5418
8.4251
8.1584
7.8627
8.0347
7.3840
6.7749
6.9662
6.8437
6.8286
6.3174
5.8164
5.1686
5.0470
4.7337
4.2488
4.2062
3.7797
3.6861
3.6741
3.2745
3.2502
3.0364
2.9503
2.7065
2.6221
2.3255
1.9035
1.8445
1.1601
0.8382
0.5801
0.2719
0.2630
-0.1725
-0.4433
-0.6055
-0.9152
-1.0705
-1.3218
-1.4787
-1.7552
-1.8586
-2.1073
-2.2510
-2.5028
-2.5437
-2.9552
-3.1771
-3.2429
-3.4483
-3.3376
-3.8431
-4.0179
-4.2020
-4.3302
-4.4215
-4.5546
-4.6569
-4.7139
-4.7890
-4.8149
-4.8665
-4.9362
-4.9034
-4.9474
-4.8105
-4.6641
-4.7944
-4.8638
-4.6562
-4.8329
-4.8166
-4.7692
-4.6554
-4.6001
-4.2645
-4.0675
-4.3197
-4.2554
-4.2168
-4.1906
-4.2172
-4.1911
-4.0790
-4.0707
-4.0331
-3.7111
-3.6869
-3.8775
-3.9131
-3.8823
-3.8367
-3.6938
-3.6574
-3.5577
-3.4941
-3.3797
-3.1016
-3.1838
-2.5656
-2.4370
-2.1859
-2.8838
-2.9568
-2.6995
-2.7947
-2.6876
-2.5646
-2.8092
-2.8401
-2.8105
-2.7646
-2.6330
-2.3844
-2.4752
-2.4198
-2.2346
-2.3410
-2.2753
-2.2690
-2.2429
-2.2434
-2.1877
-1.8967
-2.0608
-1.9415
-1.6265
-1.6946
-1.5482
-1.4282
-1.3789
-1.3327
-1.2437
-1.4590
-1.4996
-1.4139
-1.3304
-1.2742
-0.7633
-1.1938
-0.8353
-1.1037
-0.8730
-0.9804
-0.7842
-1.0315
-0.9633
-1.0715
-1.1653
-1.0343
-0.9900
-0.9277
-0.7754
-0.4523
-0.1222
-0.1351
-0.0859
-0.0380
0.6163
0.7434
1.3790
1.4367
1.7555
2.1474
2.5711
2.5053
2.6499
3.1264
3.7946
3.6337
4.1779
4.1117
4.5921
4.8813
5.0263
4.8597
4.8466
4.7217
4.9959
5.2956
4.9350
5.3519
5.1017
5.3798
5.1891
5.2366
