8.9242
8.4456
8.5228
8.4960
8.9644
8.7230
8.2963
8.0925
8.1233
8.2289
8.1826
7.8807
8.1831
7.8278
7.6498
7.5369
7.7493
7.9706
8.1826
7.8225
7.7047
7.6126
7.6742
7.9268
7.6145
7.5071
7.7959
7.7923
7.6182
7.8799
7.5801
7.5665
7.7941
8.1941
8.0943
7.9712
7.7534
7.8165
8.1960
8.2760
8.3576
8.5656
8.6979
8.7879
9.3713
9.9341
10.4000
10.8650
11.1245
11.4126
11.5511
11.7516
11.9748
11.8798
12.0352
11.8976
12.2598
12.6725
12.8893
12.9235
12.6072
12.9143
12.6410
12.9150
12.6295
12.5104
12.0777
11.4686
11.3938
10.9570
10.9539
10.5875
9.9926
10.1563
9.5637
9.2565
9.3503
9.2659
9.0560
9.5623
9.3949
9.5477
9.5425
9.9106
9.7400
9.5187
10.0194
9.7565
10.0360
9.9971
9.9471
9.6855
9.9958
9.6826
9.2135
8.9984
9.0956
8.5887
8.5372
8.1114
7.9579
7.5087
7.5122
6.9773
6.8138
6.1749
5.6845
5.1790
4.5031
3.8472
3.6003
2.7755
2.3172
1.9474
1.4524
0.9028
0.7666
0.0099
-0.1107
-0.5886
-0.8527
-0.7676
-1.3944
-1.5311
-1.6539
-1.7728
-2.0157
-1.8477
-2.0660
-2.2211
-2.2438
-2.6452
-2.6298
-2.6609
-2.6963
-3.0749
-3.2221
-3.3134
-3.6251
-3.4635
-3.6082
-3.4391
-3.7122
-3.7274
-4.0611
-4.4135
-4.0935
-4.5871
-4.8020
-4.4309
-4.8306
-4.6749
-4.7703
-5.0616
-4.8114
-5.2155
-4.7108
-5.1923
-4.6418
-4.5691
-4.9614
-4.7556
-4.2943
-4.3519
-4.5268
-4.8556
-4.6226
-4.8202
-4.6172
-4.8001
-4.4745
-3.9180
-4.1831
-4.1934
-4.1068
-3.6691
-4.1311
-4.1321
-4.5190
-4.7400
-4.9280
-4.9600
-5.0097
-4.9582
-4.8498
-4.6606
-4.8099
-5.0190
-5.0610
-5.0473
-5.1845
-5.2144
-5.1618
-5.1519
-4.8596
-5.1256
-5.0653
-5.1016
-5.1205
-5.0857
-5.0716
-5.1436
-5.0814
-5.0068
-5.2043
-5.1272
-4.8963
-5.0372
-4.9162
-4.9905
-5.2702
-5.0990
-4.9296
-5.3123
-5.2597
-5.1477
-5.0687
-4.9204
-4.9345
-4.8926
-4.8482
-4.6467
-4.6653
-4.6778
-4.5969
-4.3917
-4.5740
-4.4988
-4.3284
-4.1990
-4.0480
-3.7312
-3.6323
-3.3334
-3.3607
-3.1999
-3.1526
-2.8972
-2.9610
-2.6940
-1.8129
-1.9826
-1.8548
-1.7288
-1.8367
-1.8946
-1.7048
-1.6886
-1.5583
-1.6735
-1.5426
-1.3770
-0.9238
-1.3157
-0.9481
-1.3423
-1.0747
-1.3641
-0.9463
-0.8900
-1.3333
-1.5873
-0.9095
-1.5835
-1.4809
-0.8167
-1.3035
-1.4736
-1.2867
-1.1749
-1.0030
-1.2230
-0.9862
-1.3747
-1.8420
-2.5124
-2.2501
-2.9209
-2.9782
-3.5301
-3.5870
-3.6606
-3.9541
-4.0898
-4.0116
-4.2928
-4.7156
-5.2303
-5.4943
-5.8229
-5.9432
-5.8985
-6.0940
-6.4152
-6.5897
-6.8001
-6.9636
-6.2710
-6.6346
-6.2259
-6.7170
-6.4656
-6.6959
-6.2321
-6.4663
-6.3764
-6.7281
-6.8439
-6.3336
-6.3033
-6.6943
-6.6306
-6.0090
-6.1511
-6.2565
-6.8712
-6.9700
-6.9457
-7.2407
-7.0682
-6.8591
-7.7220
-7.4378
-7.9991
-7.8701
-8.1496
-8.2040
-8.3093
-7.9967
-8.5349
-8.6457
-8.6101
-8.6238
-8.3322
-8.8582
-8.7243
-8.9415
-8.9145
-8.7441
-8.6950
-8.5999
-8.8636
-8.5302
-8.7785
-8.8705
-8.8143
-8.7698
-8.8830
-8.6299
-8.5062
-8.6536
-8.7151
-8.7406
-8.6123
-8.6965
-8.6013
-8.4936
-8.3902
-8.3875
-8.4482
-8.5505
-8.3326
-8.4518
-8.1736
-8.3511
-8.2483
-8.1246
-7.8503
-7.8553
-8.1239
-7.7971
-7.6638
-7.5932
-7.5501
-7.5387
-7.2492
-6.4357
-6.8737
-6.7452
-6.3635
-6.5848
-5.8379
-5.6074
-5.1575
-5.4397
-5.1257
-4.8957
-4.5869
-4.5586
-4.9293
-4.6190
-4.6982
-4.7706
-4.5355
-4.1481
-4.6981
-4.2625
-4.1060
-4.5449
-4.1719
-3.9607
-3.9084
-4.3946
-4.2021
-3.7226
-4.1346
-3.5976
-3.1092
-2.8835
-3.3148
-3.2570
-3.0493
-3.4293
-2.4614
-2.6521
-1.7915
-2.1881
-0.7556
-2.2948
-1.9323
-2.1389
-1.7508
-1.3786
-0.7322
-0.5306
-0.5773
-0.8812
0.3380
0.4735
0.9137
1.4448
1.5904
1.2956
1.5630
1.4184
1.6132
1.5454
1.3172
1.9656
1.5226
2.2473
1.4558
1.4516
1.7992
1.6911
1.6960
2.1270
2.0945
1.7722
2.4690
2.2084
1.6550
1.6973
2.1250
3.0843
2.1184
2.6430
2.4068
2.5421
2.4497
3.1357
2.8855
3.2186
3.0372
3.2860
3.8555
3.7568
3.9848
4.6994
4.3241
4.6865
4.4207
4.6318
4.2930
4.1440
4.9340
3.9151
4.2642
4.0873
4.7942
5.1372
5.0235
4.8418
4.7331
5.3243
5.0638
6.1740
6.1107
5.7115
5.7970
5.7269
6.3759
6.2543
6.2209
6.5590
6.7504
7.0203
7.2636
7.6904
8.2970
8.7330
8.7559
9.0001
8.9295
8.6338
8.3924
9.2947
9.1533
9.3676
9.3009
9.0410
9.5235
9.1484
9.6458
9.0134
9.0947
9.5064
9.6292
9.8936
9.8409
10.3398
10.1635
9.9131
9.7198
9.5129
9.1895
8.8514
8.9718
8.7253
8.7764
8.4828
8.3603
8.4211
8.0944
8.1080
8.3514
8.2206
7.9681
7.8351
7.8238
7.7880
7.5774
7.3729
7.4696
7.1900
6.7397
6.8188
6.9710
6.4635
6.0621
5.7464
5.8375
5.1496
4.9681
4.7419
4.7544
4.7131
4.7173
4.3884
4.5023
4.5591
3.9772
4.1989
4.0882
4.3551
3.9914
4.1692
3.8433
4.7207
4.1420
3.9482
3.7195
3.2878
3.2807
3.1845
3.0504
3.1014
2.8965
2.7089
2.9419
2.9452
3.1203
3.9940
3.4793
4.2219
4.0250
4.0316
3.8496
3.6023
3.7938
3.5970
3.6294
3.9294
3.6156
3.6584
3.8090
4.3407
4.0046
3.6806
3.4131
3.6089
3.3702
3.7788
3.1167
3.7308
3.1929
2.9903
2.6018
2.4428
2.6868
2.7626
2.4388
2.1533
1.9461
1.5787
1.6312
1.9343
1.5475
1.0413
1.0773
1.0231
0.7703
0.7797
0.4504
0.8449
0.3418
0.3044
-0.0741
0.0152
-0.1026
0.0011
-0.1027
0.4190
-0.5296
-0.4043
-0.8367
-0.8656
-0.8122
-0.7353
-1.0185
-0.7177
-0.3568
-1.3633
-0.7047
-1.0087
-1.4662
-1.8516
-1.9746
-2.1785
-1.9754
-2.2205
-2.3949
-2.4611
-2.1573
-2.7299
-2.4229
-2.4779
-2.4236
-2.3876
-2.4754
-2.7225
-2.9073
-2.8797
-2.9010
-2.7487
-2.5701
-2.7762
-2.8336
-2.4517
-2.8346
-2.6930
-2.4391
-2.4365
-2.0609
-2.4047
-2.4581
-2.4942
-2.3861
-2.3506
-2.2840
-2.0269
-2.1618
-2.0508
-1.8525
-1.7003
-1.5048
-1.3889
-1.3063
-1.1072
-1.2821
-1.1760
-0.8997
-0.9159
-0.5953
-0.5342
-0.3146
0.0052
0.0986
0.2336
0.2038
0.2253
0.2431
0.2828
0.3287
0.4980
0.5186
0.3384
0.7871
0.3653
0.5824
0.1625
0.1653
0.2562
0.0481
0.0263
0.0449
0.1602
-0.0627
-0.0890
-0.2298
-0.2247
-0.3344
-0.4148
-0.1991
-0.4954
-0.4710
-0.3087
-0.4946
-0.5166
-0.5941
-0.6981
-0.7966
-0.9147
-0.8733
-1.0536
-0.9700
-1.2154
-1.1930
-1.2012
-0.9194
-1.0238
-0.6258
-1.0543
-0.9424
-1.0344
-0.9201
-1.0072
-0.6472
-0.7029
-0.5075
-0.0102
-0.0729
0.2040
0.1602
0.2749
0.4441
0.5273
0.4279
0.4647
0.4967
0.4826
0.4730
0.6879
0.5173
0.6175
0.4609
0.5063
0.3030
0.2351
0.1899
0.4177
0.2137
0.2721
0.3842
0.3734
0.6712
0.4353
0.4770
0.4898
0.4172
0.4624
0.6574
0.6427
0.7390
0.9463
1.0285
1.1479
1.1547
1.1973
1.3225
1.3739
1.6836
1.6082
1.7501
1.6788
1.7426
2.1207
2.0622
2.3226
2.5588
3.0159
3.0686
3.5926
3.5173
3.6799
3.6295
3.6849
3.7024
4.0537
3.8297
3.9483
3.9213
4.1131
4.0336
4.1106
4.0881
4.0733
4.0352
3.7404
4.2981
3.6118
4.4827
3.3608
3.5366
3.1546
4.1341
3.3417
3.5329
3.3338
3.3972
3.5401
3.3424
3.5275
2.9747
4.0715
3.8823
3.6139
4.0607
3.7792
4.0182
3.9889
4.4211
4.6733
4.8945
4.9720
4.9689
5.0533
5.4848
6.2673
6.3190
6.7493
6.3961
6.4204
6.5620
6.2597
6.0617
6.2723
6.3793
5.9850
6.1111
5.5389
5.4146
5.4714
5.1333
5.1459
4.5993
4.2470
3.8420
3.5540
3.1358
2.8242
2.4319
2.1890
2.0390
1.7381
1.6796
1.0448
0.7757
0.5124
0.6835
0.5184
0.2992
0.1042
-0.0078
-0.1082
0.0749
-0.2004
-0.2664
-0.4013
-0.2851
-0.5435
-0.2120
-0.5851
-0.5554
-0.5825
-0.9947
-1.1270
-1.4196
-1.5424
-1.6373
-1.7742
-1.7499
-1.6577
-1.6812
-1.8669
-2.0757
-2.1343
-2.4552
-2.6353
-2.8319
-2.9973
-3.0953
-3.1378
-3.1345
-3.1800
-3.2008
-3.2261
-3.5117
-3.7643
-3.7409
-3.7964
-3.8165
-3.4601
-4.0094
-3.9673
-4.0388
-3.9840
-4.0368
-3.6252
-3.9903
-3.9745
-4.2056
-4.1750
-4.0379
-4.5397
-4.4482
-4.4219
-4.7284
-4.5756
-4.6439
-4.2685
-4.8284
-4.8088
-4.5697
-4.5571
-4.8190
-4.9515
-4.7441
-4.7978
-4.7992
-4.6040
-4.6358
-4.5103
-4.6344
-4.6909
-4.9414
-4.8480
-4.5331
-4.5558
-4.7039
-4.5915
-4.2896
-4.6238
-5.2848
-5.2250
-5.4347
-5.3868
-5.2304
-5.4299
-5.6224
-5.2030
-5.3758
-5.6060
-5.5933
-5.3617
-5.7554
-5.1799
-5.2046
-4.6650
-4.6834
-4.5381
-4.5834
-4.3007
-4.9036
-4.7494
-4.7054
-4.7633
-4.4096
-4.3960
-4.1129
-4.0218
-4.3428
-4.3946
-4.5367
-4.3583
-4.0710
-3.8975
-4.2129
-3.9669
-4.0871
-4.4132
-4.7385
-4.8964
-5.2968
-5.1396
-4.8083
-5.1671
-4.6909
-4.9963
-4.9354
-5.2590
-5.5595
-5.3782
-4.9358
-5.1475
-5.3491
-5.5087
-5.5853
-5.8120
-5.9245
-5.3287
-5.6383
-5.8788
-5.7319
-6.5819
-6.8092
-7.0754
-6.7620
-7.4728
-7.3813
-7.3003
-7.6187
-7.2287
-7.6727
-7.5185
-7.3644
-7.3746
-7.4183
-7.5342
-7.0311
-7.4460
-7.1116
-7.2785
-7.5612
-7.3755
-7.2472
-7.1601
-7.0056
-6.8472
-7.0081
-6.7698
-6.5591
-6.9374
-6.9507
-6.9712
-6.6529
-6.1523
-5.7706
-5.7408
-4.9702
-4.6941
-4.7893
-4.2618
-4.1050
-3.4824
-3.2121
-2.8463
-2.3855
-1.8460
-0.8921
-1.3148
-0.9493
-0.6741
-0.1947
0.1510
0.9737
1.0378
1.5468
2.0092
2.2195
3.0996
3.1260
3.2421
3.3799
3.4436
3.4739
3.6011
3.4685
3.6685
3.9353
3.8408
4.0378
4.2861
4.1493
4.3990
3.7998
3.8919
4.0513
3.8194
3.6285
3.6856
3.1021
3.1264
2.8488
2.4405
2.0836
1.8267
1.3058
1.1457
0.8363
1.0258
0.7316
0.2792
-0.1077
-0.4701
-0.6952
-0.6073
-0.5070
-0.6439
0.0327
-0.1777
-0.2990
-0.9998
-0.5018
-0.8103
-0.6281
-0.2132
-0.0046
0.4119
1.1039
1.4298
2.2960
2.7149
2.8990
2.8121
3.2618
3.8745
3.5182
4.1018
4.7952
5.1101
5.6838
5.2695
5.5136
5.4800
5.2681
6.0637
7.3528
6.9029
7.2137
7.7788
7.6751
7.9367
8.3578
8.6082
9.7892
10.1401
10.0367
10.8907
11.3388
11.3591
12.3289
12.8693
13.0990
13.8130
13.8790
14.1513
14.8875
15.5456
16.3921
15.8455
16.0006
16.4549
16.0951
15.9347
16.3949
16.6931
16.1226
17.4811
17.5097
17.7571
18.2077
17.0359
17.3637
16.7603
17.1654
16.3658
16.5237
16.4656
16.1302
16.5137
17.0272
17.1957
16.7822
17.0967
16.9689
16.7374
17.6470
17.6998
16.6190
16.0680
16.7946
16.1253
17.0168
16.1106
16.8188
16.3268
16.2919
16.1151
16.6176
17.8064
16.8660
17.1319
15.9085
16.6015
15.8879
16.2449
15.7979
16.6127
16.2663
17.6814
16.5887
15.7782
16.0172
15.5590
16.4155
14.9903
15.6004
14.4626
14.4920
14.7156
14.5105
14.0950
14.0029
14.4455
13.4204
13.6939
13.3708
13.4964
13.1610
13.2814
12.3414
11.9012
11.4805
11.4818
10.6828
10.5532
10.2915
10.0949
10.1904
9.9013
9.8147
9.2310
9.0363
8.9291
8.6086
8.5414
7.6522
7.2468
6.9436
6.4056
6.1923
5.7977
5.4400
5.1608
5.0288
3.8272
3.4325
3.1058
2.8992
2.2926
2.1998
1.2020
1.0362
1.0311
0.8278
0.4482
0.4216
0.2769
-0.2380
-0.0509
-0.4462
-0.5179
-0.5917
-0.7115
-0.7498
-0.7074
-0.4466
-0.7904
-0.6815
-0.9017
-0.6072
-0.7664
-0.3694
-0.6221
-0.6181
-0.6314
-0.0545
0.0675
0.0892
0.4306
0.1197
0.1664
0.3229
0.5485
0.5494
0.9389
1.4057
1.1154
1.7525
2.0267
2.1421
2.0682
1.8521
1.9496
1.9790
1.9753
2.0237
2.3988
2.2446
2.9021
2.9647
2.6526
2.3556
1.9038
2.2929
1.5981
1.9712
1.7555
1.6415
1.4876
1.2599
0.9886
1.4696
0.7501
0.6559
1.0706
0.9478
1.1471
0.8535
1.1842
1.0206
1.0662
1.3002
1.3760
1.8807
1.5649
1.5862
1.6280
0.6597
0.3987
-0.0925
-0.2377
-0.8543
-0.4505
-0.2980
-0.2253
-0.5825
-0.9615
-0.9639
-0.9162
-1.2557
-0.6278
-1.0730
-0.8011
-1.0955
-0.5916
-1.1205
-1.4245
-1.5338
-1.3279
-1.1075
-1.2653
-1.0028
-1.3043
-1.3609
-1.1907
-1.4342
-1.2686
-1.6928
-1.8847
-2.1570
-2.4145
-2.7724
-2.8707
-2.8565
-3.4687
-3.4613
-3.3381
-2.8526
-3.7384
-3.7644
-4.1634
-4.2386
-4.0526
-4.3100
-3.8145
-4.1354
-4.2852
-4.7981
-4.8180
-5.0454
-5.1633
-5.3925
-5.3944
-5.8935
-6.0972
-6.3392
-6.0423
-6.4744
-6.3407
-6.3976
-6.6642
-6.4894
-6.7184
-6.6153
-6.6495
-6.4214
-6.7147
-6.5358
-6.9200
-6.7350
-6.7133
-6.2053
-6.1642
-6.2545
-6.8259
-6.5128
-7.4326
-7.4769
-7.4153
-7.5845
-7.8648
-7.8465
-8.0148
-7.9493
-8.0910
-8.0513
-8.0767
-8.0531
-7.8683
-8.0583
-8.4165
-8.2771
-8.1750
-8.0995
-8.0965
-8.5737
-7.4479
-7.8479
-7.6690
-7.7646
-7.8610
-7.5616
-7.6283
-7.7292
-7.4893
-7.1421
-7.4536
-7.8146
-7.9920
-8.1809
-8.2346
-8.0798
-8.2972
-8.2711
-8.1041
-7.8356
-7.5053
-7.2574
-7.4363
-7.3106
-7.2899
-7.2290
-7.1462
-7.0062
-6.8901
-6.8325
-6.4923
-6.6732
-6.4681
-6.1788
-6.1108
-5.8949
-5.6917
-5.5570
-5.1861
-5.2848
-5.1301
-5.1017
-4.7335
-4.8347
-4.7136
-4.5939
-4.2197
-4.2889
-4.1022
-4.0969
-3.8034
-3.9024
-3.6880
-3.4695
-2.8378
-2.6669
-2.1918
-2.3429
-1.9621
-1.7921
-1.7273
-0.9073
-1.3290
-0.7680
-0.6175
-0.5740
-0.2015
-0.2475
0.0367
0.0223
0.4861
0.0919
-0.2686
-0.4404
-0.4386
-0.5112
-0.4483
-0.4996
-0.3770
-0.3356
0.0060
0.2215
0.2031
0.3794
0.5491
0.9642
0.8815
1.4365
1.9147
1.1938
1.5885
0.9313
1.5356
1.5579
2.6047
2.2217
2.5595
3.1656
3.2035
3.3465
3.2420
3.9519
3.4127
4.1128
4.0201
3.8012
4.5961
4.2304
3.9827
4.7437
3.6420
3.9324
3.5848
4.2229
4.3840
4.1826
3.7367
4.2389
3.5744
3.9744
3.6769
3.8618
3.9217
3.6037
3.1445
3.2958
3.0721
3.0605
3.1811
3.6825
3.5108
3.4557
3.9363
3.3057
3.3517
3.2253
3.2289
3.2454
3.8583
3.2003
3.4665
2.9689
2.5949
2.4603
2.5466
2.1366
1.2738
1.1955
1.0061
0.9161
0.1699
0.1398
-0.3418
-0.5175
-1.3757
-1.8351
-1.9964
-2.5448
-2.6565
-3.0495
-3.5361
-4.2122
-4.5112
-4.3933
-4.9026
-5.0018
-4.9894
-4.8226
-5.2480
-5.1084
-5.3610
-5.3595
-5.3009
-4.8372
-4.7820
-5.0371
-4.7854
-5.0558
-5.2732
-5.2534
-5.4458
-5.6255
-5.7210
-5.4889
-5.9748
-6.0141
-5.8020
-6.0628
-6.5322
-6.6288
-6.9666
-6.9838
-7.4462
-7.5114
-7.7236
-7.9669
-7.5143
-8.1383
-7.8423
-8.0462
-7.8851
-7.6589
-7.7213
-8.2752
-8.7537
-8.5474
-9.0289
-8.9419
-9.0178
-9.1920
-9.0927
-9.2597
-9.1843
-9.1675
-9.1425
-9.3511
-8.8029
-9.2899
-9.1356
-9.3787
-9.3146
-9.0170
-8.4507
-8.6861
-9.0952
-9.0328
-8.5340
-9.2317
-9.3163
-9.8819
-9.6874
-9.6867
-9.5146
-9.2156
-9.4896
-9.3561
-8.8066
-9.3617
-8.9969
-8.5415
-8.2245
-8.0397
-7.6880
-7.6395
-7.6457
-7.2361
-7.4758
-7.0189
-7.1002
-6.5259
-6.1422
-5.7210
-5.3689
-4.9642
-4.5836
-4.9960
-4.5367
-3.2486
-3.8676
-3.5185
-2.5531
-2.5324
-1.9842
-1.3201
-1.2621
-0.9905
-0.6918
0.4097
-0.2900
0.3980
0.2525
1.1171
1.0972
1.1413
1.7400
1.5394
2.6001
2.0589
2.5587
3.1656
3.6964
3.7358
4.1720
4.5132
4.6085
5.5942
6.0236
7.1612
6.9527
7.7737
8.7933
8.7882
9.1794
9.7979
10.0977
10.7353
10.9256
11.2841
11.8967
12.2607
12.0731
12.4714
12.4952
12.3029
12.4532
12.9825
12.6867
13.0264
13.2058
13.2848
13.9063
13.6724
14.5082
14.3233
14.6512
15.0832
15.7233
15.7509
16.3214
16.6330
16.4218
16.1992
16.0537
16.4186
16.7154
16.9210
17.1442
16.5133
16.6304
16.6728
16.5114
16.4888
16.7028
16.8343
16.5898
16.7015
16.6932
16.3911
16.0398
16.2559
15.6099
15.3042
15.1537
14.7224
14.5672
14.4796
14.3858
13.8471
13.6153
13.3914
13.2432
13.4003
13.0479
12.9858
12.9081
12.7374
12.7740
13.1637
13.3542
13.9563
14.2030
14.4939
14.4271
14.7922
14.9493
14.9968
15.0805
15.5253
15.4553
15.4964
15.2948
15.6423
15.2128
14.9154
15.2276
14.9362
14.8841
15.3565
14.5634
15.3002
14.5681
14.2946
15.0301
14.0987
14.1357
14.7240
14.1212
14.8009
14.6415
15.0026
15.0832
15.3804
15.2009
15.5403
15.8792
16.2173
16.1913
16.4701
16.2246
16.4684
17.2159
18.0934
18.0735
18.1626
18.3808
18.5886
18.1944
18.4907
18.4099
18.5285
18.7533
18.5897
18.7511
19.3584
18.7710
18.7837
18.8153
18.7262
18.8345
18.7831
18.2436
18.0102
18.0305
17.8854
17.9502
17.9895
17.9728
17.9575
18.2364
17.4812
17.4460
17.4712
16.7218
16.3428
16.1754
15.5634
15.2794
14.7156
14.3698
13.9310
13.3607
13.0903
12.2174
11.6204
11.1264
11.0762
10.2486
9.7851
9.3598
9.3445
9.0728
8.7243
8.4352
8.2460
8.5462
8.1466
8.0290
7.9241
8.0424
7.7707
7.7523
7.7238
8.1821
7.7059
7.7719
7.6510
7.4930
7.2855
7.1616
6.7833
6.9373
6.2035
5.9596
5.4746
5.2221
4.8168
4.6080
4.5395
3.9867
3.5926
3.2305
3.0108
2.9288
3.0014
2.6714
2.7295
2.3306
2.1962
2.2563
2.0695
1.9850
1.7545
1.6608
1.6115
1.4484
1.6224
1.3978
1.3529
1.3402
1.6622
1.3530
1.5782
1.5374
1.3549
1.1144
1.2154
1.4072
1.4751
1.4204
1.2555
0.9726
0.8708
0.6526
0.7139
0.9787
0.1791
0.1324
0.0901
-0.8101
-0.9473
-1.1562
-1.7115
-2.1411
-1.9906
-2.1163
-2.2116
-2.3468
-2.5028
-2.5655
-2.8191
-2.8260
-2.9266
-3.0185
-3.2023
-3.3983
-3.7092
-3.6901
-4.0481
-4.0483
-4.1703
-4.0921
-4.5696
-4.6450
-4.9090
-4.5865
-5.0759
-5.3605
-5.5776
-5.6827
-5.6352
-5.9445
-5.9690
-5.9425
-5.8554
-5.6441
-5.7350
-5.7880
-5.6539
-5.6793
-5.5696
-5.4929
-5.5405
-5.3815
-5.7495
-5.6940
-5.7957
-6.0392
-6.1174
-6.4418
-6.8929
-7.0893
-7.0363
-7.2517
-7.2932
-7.4753
-7.8029
-8.0946
-8.1207
-8.4877
-8.4510
-8.5832
-9.0247
-9.1208
-9.3249
-9.3616
-9.5104
-9.3848
-9.7626
-9.3384
-9.2546
-9.6362
-9.1099
-9.3712
-9.1473
-9.4659
-9.8849
-9.4773
-9.9151
-9.2462
-9.1039
-9.1841
-9.1854
-9.1119
-9.0735
-9.2032
-8.7006
-9.4879
-9.2243
-9.2923
-9.2521
-9.4424
-8.8603
-9.2217
-8.9078
-8.8798
-9.2192
-8.9888
-8.4933
-8.5865
-8.2928
-8.9081
-8.3101
-8.1796
-8.2936
-8.0096
-8.0977
-8.0727
-7.7758
-8.3186
-7.8206
-7.8377
-7.6353
-7.4935
-7.2677
-7.0217
-6.8382
-6.8176
-6.5566
-6.3916
-5.7583
-6.3172
-6.2149
-6.3554
-6.5880
-6.5129
-6.1803
-6.4931
-6.6540
-6.9215
-7.1705
-6.9808
-7.0924
-7.3510
-7.1649
-6.7609
-6.8449
-6.8630
-7.1030
-6.8069
-6.8968
-7.2003
-6.6931
-7.1922
-7.0362
-7.1283
-7.0323
-6.7818
-6.4656
-6.5137
-5.8385
-5.8028
-5.4349
-5.1937
-5.0210
-5.1261
-4.9876
-4.8746
-4.7872
-4.4958
-4.4467
-4.9164
-4.7305
-4.5163
-4.5865
-4.3154
-4.3442
-4.1555
-4.1353
-3.8268
-3.7144
-3.3971
-3.4786
-3.0272
-2.2570
-2.4592
-1.6815
-1.9903
-1.8259
-1.8281
-2.2121
-1.4095
-1.4332
-0.9152
-0.9622
-0.3888
-0.8434
-0.7018
-0.9712
-0.7998
-0.5310
-0.4398
-0.1267
-0.1808
-0.4464
-0.8151
-0.5263
-0.1227
0.5627
0.3347
0.8724
-0.0990
0.2467
0.3224
0.8673
0.2013
0.4649
0.3922
0.0957
1.0554
0.3632
0.5166
1.0041
0.3544
0.7313
0.7671
1.1935
0.8266
1.2424
0.5691
1.0889
0.5090
1.0997
0.5218
0.6851
0.3295
0.1490
-0.3981
0.0399
-0.6276
0.0589
-0.2774
-0.5119
-0.8939
-0.6040
-0.7960
-0.6635
-1.0044
-1.0318
-1.0553
-1.5637
-1.8311
-1.8850
-1.6647
-1.9756
-1.9934
-2.0658
-2.3951
-2.1754
-2.5472
-2.4720
-2.5866
-2.2498
-2.3217
-2.5319
-2.3254
-2.3900
-2.6931
-2.8238
-2.7743
-2.5989
-1.4220
-1.3870
-1.0823
-0.7387
-1.3290
-1.5417
-1.8297
-1.0890
-1.7398
-1.4452
-1.6023
-1.3926
-0.8349
-1.5035
-1.1007
-0.9079
-0.4847
-0.7503
-0.0939
-0.8447
-0.3216
-0.6465
-0.3439
0.4155
0.0503
-0.2827
-0.2169
-0.2465
-0.0910
-0.3924
-0.3895
-0.5220
-0.5738
-0.6709
-0.7363
-0.7889
-0.6612
-0.4793
-0.5369
-0.8950
-0.7043
-0.8808
-0.8324
-0.8806
-0.8876
-0.8386
-0.5717
-0.6536
-0.5352
-0.4657
-0.1194
-0.1049
0.0060
-0.1694
-0.0867
-0.4133
-0.5807
-0.5255
-0.2363
-0.2901
-0.3324
-0.3044
-0.1996
0.0029
-0.1288
-0.2128
-0.2686
-0.3900
-1.0527
-0.9237
-1.5070
-1.6087
-1.3619
-1.7780
-2.1650
-2.2582
-2.6198
-2.8286
-3.0909
-2.9310
-3.2588
-2.9586
-3.0094
-3.4129
-3.2932
-3.3628
-3.2578
-3.3058
-3.2188
-3.7436
-3.7207
-3.8374
-4.0419
-3.8120
-4.1492
-3.9805
-3.8434
-3.8839
-4.5066
-4.6708
-4.7831
-5.0582
-5.5325
-5.4532
-5.8285
-5.7715
-6.1755
-6.5881
-6.9395
-7.0484
-7.4903
-8.0288
-7.8094
-8.1796
-7.7200
-8.0795
-8.1191
-8.5967
-8.2322
-8.8095
-8.9547
-9.0552
-8.4989
-8.7555
-8.6076
-8.8469
-8.6819
-9.2288
-8.6550
-9.1127
-8.7824
-9.4972
-9.3644
-9.3047
-8.7299
-8.7104
-8.3671
-7.7915
-8.7820
-8.5897
-9.0913
-8.9472
-9.3740
-9.2549
-9.1030
-9.2006
-9.3141
-9.3645
-9.4212
-9.4093
-9.4182
-9.7260
-8.5157
-9.1365
-8.5027
-8.2222
-8.3682
-7.8203
-7.4411
-7.6014
-7.6153
-8.0376
-7.9905
-8.2926
-8.0190
-7.7333
-7.3411
-7.2839
-6.8924
-7.2438
-7.7072
-7.5133
-7.5420
-7.4671
-7.1841
-7.0681
-6.7641
-6.9837
-6.6438
-7.2652
-6.8248
-6.9977
-7.3504
-7.5908
-6.5887
-7.1134
-7.1066
-7.2536
-7.6640
-8.3979
-8.2289
-8.7092
-8.5885
-8.3713
-8.4648
-8.3414
-8.6259
-8.6497
-9.0778
-9.0693
-9.1293
-9.2615
-8.8979
-8.5779
-8.0320
-8.2920
-8.5885
-8.4997
-7.7541
-8.1203
-7.5180
-8.1861
-8.2966
-8.3755
-8.4581
-8.4033
-7.8963
-8.3135
-8.0130
-7.9705
-8.0557
-7.6700
-7.5472
-7.5317
-6.9470
-6.8897
-6.5134
-6.8110
-6.9690
-6.2992
-6.4324
-6.5069
-6.4031
-5.4074
-5.7204
-5.8015
-5.4879
-5.1486
-5.0044
-4.3893
-4.6841
-4.1792
-4.5789
-4.0972
-4.0415
-4.1239
-3.9512
-3.5798
-3.6734
-3.5886
-3.8618
-4.1888
-4.5379
-4.6285
-4.2345
-4.8215
-4.5642
-4.8920
-4.7198
-5.4128
-5.5569
-5.6938
-5.4823
-5.6581
-6.0742
-6.3665
-6.2896
-5.9270
-5.3872
-6.1074
-5.8446
-6.1340
-6.0429
-6.2997
-6.1863
-6.1696
-5.6965
-5.6054
-5.9851
-5.7505
-5.5404
-5.4519
-4.8552
-4.7016
-4.9819
-4.8986
-3.9723
-4.6599
-4.2780
-4.0630
-4.0690
-3.8028
-3.4447
-3.8364
-3.0191
-3.0112
-2.5181
-2.5755
-2.0698
-1.7434
-1.8058
-1.8570
-1.9491
-1.7081
-1.7067
-1.6088
-1.3798
-1.3351
-0.8839
-0.9969
-0.5559
-0.0784
-0.1832
0.5715
0.6444
1.0385
1.4974
1.8459
1.8036
2.6625
2.2163
2.7670
3.1595
3.6766
4.1330
4.1438
4.4511
4.5511
4.7986
5.3009
4.8766
5.3398
5.6233
5.6295
5.7843
5.9186
6.3134
5.6220
6.2253
5.7012
5.9016
5.7268
5.3977
5.7530
5.7335
6.4436
6.3831
6.7659
6.7006
7.3823
7.4169
7.4517
7.7211
7.7254
8.0232
8.2081
8.6478
8.8618
9.2358
9.8991
9.7473
9.7029
9.6818
10.3005
10.3361
10.5418
10.8443
11.9817
12.2936
13.3901
13.4961
14.3562
14.7617
14.7146
15.7817
15.3997
15.4122
15.4144
16.1595
16.2199
16.5807
16.3905
16.3448
16.4729
16.7683
16.8696
16.4618
16.7744
16.0495
16.9190
16.0475
15.6274
16.4255
15.3007
15.1637
15.1144
15.2722
15.6549
14.9186
14.6147
14.5774
13.9779
13.2063
12.7027
12.7022
12.7404
12.1261
12.4307
11.4505
11.1430
10.8102
10.5654
10.0958
9.9410
9.9514
9.8306
9.7293
9.8175
9.4806
9.2429
8.3490
8.0603
7.9757
7.5032
7.5854
7.5985
7.2189
6.5355
6.5082
6.0429
5.5755
5.4944
5.5647
5.0556
4.6774
4.8546
4.7314
4.1200
4.1694
3.9978
4.2241
4.1101
3.4628
4.0670
3.3066
3.6087
3.0320
3.1443
2.6177
2.4314
2.1073
2.4632
2.2364
2.0931
1.8740
1.9718
2.5730
2.2518
2.1860
2.7411
3.0565
2.8803
2.8118
2.7284
3.4785
3.0881
2.7947
3.0407
3.2541
3.2251
2.6817
2.7437
2.3306
3.0721
2.3862
2.8915
1.7958
1.9267
1.5528
1.1578
1.1456
1.0369
0.7243
0.9729
0.6100
0.6381
0.7707
0.5635
0.5531
0.9178
0.8260
0.9613
1.4182
1.0421
0.1193
-0.2859
-0.1446
0.1242
0.1327
-0.0118
-0.0509
0.2012
-0.0702
0.0697
0.2172
0.3420
0.6822
0.5294
0.2617
0.1149
-0.4201
-0.1748
-0.2072
-0.0984
-0.7949
-0.8145
-0.5230
-1.1711
-1.3010
-1.8040
-2.1318
-2.3177
-2.5512
-2.4986
-2.7712
-2.7452
-2.9705
-3.0455
-3.0572
-3.3671
-3.5453
-3.2440
-3.3689
-3.2042
-3.0774
-3.0501
-3.2427
-2.9514
-3.1152
-3.1036
-3.0966
-3.1360
-3.1049
-3.0736
-2.7821
-2.9504
-3.0934
-3.5312
-3.6644
-3.7361
-3.8268
-3.5702
-3.9358
-3.9240
-4.0594
-3.5900
-3.9246
-3.5563
-3.8101
-3.5952
-4.0175
-4.1055
-4.1651
-4.1988
-4.2522
-4.3535
-4.4420
-4.5172
-4.2603
-4.4011
-4.6577
-4.8857
-5.0242
-4.9834
-5.1495
-5.5714
-5.6405
-5.7989
-5.8914
-6.1836
-6.4383
-6.6994
-6.8770
-6.8591
-7.1969
-7.2976
-7.3732
-7.4214
-7.3473
-7.4456
-7.7354
-7.7030
-7.9477
-8.0072
-7.8571
-8.0080
-8.0647
-8.0394
-7.8255
-7.7301
-7.8403
-8.0337
-8.0570
-8.0726
-8.0621
-8.1932
-8.2701
-8.5096
-8.4722
-8.8566
-9.0180
-9.1424
-9.2067
-9.0076
-9.2211
-9.0040
-9.0970
-9.2973
-8.8808
-9.2955
-8.8847
-9.1285
-9.0766
-9.6001
-9.1991
-9.6514
-9.4072
-9.8591
-9.7380
-9.4454
-9.3839
-9.3854
-9.0408
-9.4990
-9.3266
-8.8948
-8.4424
-8.7823
-8.9512
-8.6408
-8.2877
-8.7344
-8.3222
-8.1362
-8.6485
-8.3054
-7.9843
-7.9117
-8.1218
-7.7007
-7.7185
-7.7270
-7.4983
-7.1271
-7.1166
-7.4615
-6.7072
-7.3334
-7.1363
-7.0092
-6.9179
-6.4742
-6.8193
-6.6612
-6.6655
-6.8223
-7.0200
-6.6604
-6.1652
-6.7024
-6.6636
-6.9707
-6.5121
-6.6747
-6.4417
-6.5203
-6.0933
-6.0740
-5.7334
-5.2086
-5.5213
-5.3842
-5.6161
-5.6577
-6.0454
-6.6535
-6.1285
-6.5166
-6.2475
-5.8716
-5.9575
-5.8248
-5.4438
-5.5545
-5.9188
-5.8609
-5.5986
-5.5242
-5.1974
-5.2839
-5.0250
-4.9130
-4.8988
-4.5745
-4.2507
-3.9004
-3.7794
-3.4479
-3.3998
-3.3079
-3.0217
-2.9859
-2.6486
-3.0204
-2.9069
-3.0418
-2.3687
-2.4562
-2.1205
-2.1675
-2.0153
-2.3863
-2.1250
-1.4441
-1.9112
-1.5759
-2.1401
-1.7905
-1.7156
-1.0280
-0.9990
-1.3540
-1.2215
-0.9174
-1.1005
-0.4492
-0.8099
-0.8713
-1.8205
-2.2608
-2.2108
-2.2962
-2.2101
-2.1888
-2.5651
-2.6867
-1.9564
-1.9559
-2.2606
-2.0515
-1.8571
-1.9454
-1.5670
-1.7942
-1.5729
-1.9125
-1.7112
-1.3524
-1.0573
-1.0333
-0.3731
-0.6938
-0.1046
0.4132
0.2529
1.0851
0.8918
1.3713
1.7588
2.2025
1.4484
1.4202
0.8602
0.6116
0.4787
0.7183
0.9929
0.2390
0.4345
0.4071
0.6688
0.6676
0.6192
0.2536
0.8635
0.1312
0.3268
0.4648
0.5940
0.7915
1.0697
1.6945
1.6275
2.2303
2.3871
2.1758
2.2110
2.0901
2.0087
1.6928
2.2003
2.0334
2.3718
2.4526
2.4107
2.8070
2.6950
2.9990
3.4960
3.7139
3.3211
3.4608
3.5270
3.7257
3.9511
4.5634
4.0194
4.8639
4.7247
4.9480
5.3269
4.8211
4.9804
4.8245
4.8330
5.2875
4.8722
4.7614
4.7956
4.7676
4.9399
4.9114
4.1079
4.0105
3.3869
3.6889
3.2618
4.3438
3.7721
4.0731
3.6435
3.3509
3.2226
3.1023
2.7002
3.1005
2.6101
3.6058
2.5078
2.8485
2.2528
1.9612
2.4652
1.9528
1.9736
1.5284
1.1177
0.8247
0.7606
0.7219
1.1311
1.3477
0.8134
0.9845
0.5016
0.5831
0.8325
1.2229
1.5025
1.8483
1.9678
2.2149
2.5821
2.7980
3.2089
3.7621
3.8389
3.7564
3.7738
3.9248
4.1459
3.7393
3.8727
3.7119
3.8635
3.5795
3.3988
3.4577
3.0841
3.1760
2.4504
2.2280
1.8909
2.1410
1.7852
1.8021
1.7007
1.9350
1.7566
1.9186
1.5351
1.3669
1.5967
1.4317
1.0436
1.0056
0.8841
0.7390
0.7953
0.6074
0.4882
0.1121
0.3512
-0.5541
-0.5672
-0.8743
-0.7021
-1.1617
-1.0108
-1.8526
-1.5695
-1.5568
-1.9893
-1.8053
-1.3349
-2.1974
-2.0019
-2.7745
-1.9636
-2.7594
-2.7314
-1.9564
-3.1635
-2.7484
-2.8535
-2.2170
-2.8266
-2.9878
-3.0570
-3.1440
-3.0807
-2.9732
-2.0518
-2.5005
-1.9153
-2.4872
-2.4535
-1.5670
-1.5851
-1.1257
-0.7922
-0.7046
0.0876
-0.0104
0.4950
1.0286
1.1023
2.0601
2.2192
2.2195
2.5102
2.3894
2.5233
2.5227
2.3056
2.6439
2.5005
3.0379
2.3791
2.7530
2.9947
2.6306
2.8951
3.0310
2.6945
2.6986
2.6527
2.7582
2.4050
2.1450
1.7677
1.8254
1.2799
1.0278
0.3773
1.3051
0.1772
0.2010
-0.6084
-0.6501
-0.8126
-0.8053
-1.2978
-1.6975
-1.4101
-1.7777
-1.8611
-1.9037
-1.9253
-1.8560
-1.7246
-1.6407
-1.9444
-1.5282
-1.5488
-1.6600
-1.6677
-1.4416
-1.1698
-0.5165
-0.5688
-0.7630
-0.6514
-0.6978
-0.8649
-0.7191
-1.1006
-0.7680
-1.1789
-1.0518
-1.3606
-1.3556
-1.5464
-1.3293
-1.2822
-1.6211
-1.9540
-1.3663
-1.7170
-1.8885
-2.2927
-1.9488
-1.9875
-1.5893
-2.2672
-2.1401
-2.4924
-2.6871
-2.1481
-2.5921
-2.8693
-2.4766
-2.9128
-2.5399
-2.9141
-3.1635
-3.6254
-3.9939
-4.0325
-4.1721
-4.4242
-4.3827
-4.6489
-4.3889
-4.4109
-4.7808
-3.8477
-4.1371
-4.4464
-4.6617
-4.9595
-4.6456
-5.4253
-5.0000
-5.2353
-5.5135
-5.6069
-5.8784
-6.0178
-6.2941
-6.1864
-5.9562
-6.3872
-6.9784
-7.1578
-7.6499
-7.6939
-7.4032
-7.3523
-7.4404
-7.8382
-7.9070
-7.8281
-8.4930
-8.1380
-8.3839
-8.2773
-8.4982
-7.6919
-8.3427
-8.4179
-8.6515
-8.8239
-8.8387
-8.7442
-8.3647
-8.4471
-8.4962
-8.4227
-8.5344
-8.8086
-8.7631
-8.5733
-8.7212
-8.2472
-8.4866
-8.4686
-8.3708
-8.3695
-8.3037
-8.5503
-8.3655
-8.4589
-8.5825
-8.5399
-8.5180
-7.9878
-8.1443
-7.8888
-7.4786
-7.2801
-7.7574
-7.2151
-7.4737
-6.5627
-6.6146
-6.3647
-6.1315
-5.7541
-5.6715
-5.8663
-5.9313
-5.9672
-5.9759
-5.5702
-5.4701
-5.4280
-4.7626
-4.7181
-4.8508
-4.8618
-4.7073
-4.4633
-4.6046
-4.0889
-4.7659
-4.5416
-4.3580
-4.4811
-4.3462
-4.6902
-4.9737
-4.7684
-4.1297
-4.8991
-4.3152
-4.8826
-4.1081
-4.6179
-4.1064
-4.3719
-4.2091
-3.9833
-3.9268
-3.9481
-3.8844
-4.1150
-3.9307
-3.1384
-3.3851
-3.1191
-3.0336
-2.5603
-2.0636
-1.4982
-1.9873
-1.9483
-1.9417
-0.9345
-0.7690
-0.9118
-0.9754
-0.9564
-1.2726
-1.2990
-1.2278
-1.1531
-0.9330
-1.1251
-1.0769
-1.1721
-1.0242
-1.3855
-1.4799
-1.2528
-1.2394
-1.3108
-1.1322
-1.0455
-0.9930
-1.1839
-1.1695
-1.4719
-1.6299
-1.4158
-1.6583
-1.6355
-1.4078
-1.3316
-1.5921
-1.5127
-1.2607
-1.1652
-1.0897
-0.9352
-0.6251
-0.3051
-0.1102
-0.0568
-0.0001
-0.0454
0.1313
0.0802
0.3492
0.4892
0.4609
0.7824
0.6459
0.9879
0.8575
1.2299
1.1638
0.9759
1.1393
1.4866
1.2154
1.2790
1.0410
1.4327
1.1742
0.8205
1.1883
1.3093
1.0344
1.0186
1.2507
1.9795
1.7305
2.3051
1.9265
2.5963
2.7152
2.7683
2.6787
2.4752
3.0099
2.2936
2.4508
1.9692
2.3375
2.1116
2.3009
2.3275
2.7455
2.8888
2.7033
2.8418
2.9926
2.8338
2.9076
2.8089
3.0329
3.5376
3.6078
3.6708
4.0081
4.1436
4.7587
4.6526
4.9836
5.1108
6.0888
5.8819
6.4451
6.3769
6.6546
6.8625
7.2948
7.3390
7.1316
7.4446
7.4674
7.7173
8.5681
8.7352
8.4017
8.4903
9.1947
8.6935
8.7915
9.3816
9.2142
8.9318
8.5646
8.5163
7.8227
8.4393
7.5322
7.5130
7.6258
7.0778
6.6899
6.1780
6.3377
5.7204
5.7635
5.5171
5.3819
4.9424
5.1644
4.9345
5.3457
4.5928
4.9510
3.8787
3.2569
2.9528
2.1292
2.1109
1.4439
1.2901
1.6448
1.4295
1.2570
1.6154
1.4933
1.6228
1.8414
2.2646
2.4297
2.7276
3.0808
2.4435
2.7844
2.8374
2.8072
3.3656
3.0701
3.1976
3.3005
3.3004
3.5228
3.7642
4.4715
4.2488
4.0273
4.6376
4.4749
5.0947
5.1277
5.5337
6.6171
6.0629
6.3239
6.6608
5.8288
6.0645
5.6882
5.5025
6.1768
5.7936
6.4859
6.1178
6.1343
6.6216
6.0057
6.3686
6.7292
5.5659
5.4304
5.2744
5.6193
6.3084
5.6136
6.6350
5.7747
5.9215
5.1268
5.8801
5.2011
5.8814
4.6059
4.9219
4.8153
5.3512
5.6196
5.2410
5.0557
4.5619
4.6810
3.9141
3.6180
3.8671
3.9138
4.6296
4.1199
4.6803
3.9587
4.1008
3.5380
3.5932
4.1417
3.7915
3.4775
3.9943
4.0283
4.2015
4.0920
4.0981
4.0450
4.3442
4.0648
3.9205
3.7341
3.7476
3.9223
3.9552
3.4480
3.3928
3.1943
3.0762
3.1567
3.0528
3.2020
2.4017
3.0619
2.6916
2.0111
2.2419
1.8854
2.3399
1.9701
2.0372
1.2721
1.7430
0.7020
0.7890
0.3292
0.5846
-0.2718
-0.3077
-1.2100
-1.1447
-1.6131
-1.7519
-1.9189
-1.9096
-1.7101
-2.9897
-3.4009
-3.5794
-3.3872
-3.1803
-3.5582
-3.8758
-4.2008
-4.3195
-4.4820
-4.4816
-4.7169
-4.4855
-4.8530
-5.0578
-5.2296
-5.4997
-5.0289
-5.2892
-5.2474
-5.1286
-5.3453
-5.1504
-4.9607
-5.0179
-5.1520
-4.0448
-4.5379
-4.6605
-4.6564
-4.8436
-4.8086
-5.0572
-5.1641
-4.9174
-5.5128
-5.4930
-5.2313
-5.0455
-5.1517
-5.1642
-5.5222
-5.4879
-5.6535
-5.8647
-6.2585
-6.1785
-6.1351
-5.9738
-5.6636
-5.6901
-5.9929
-5.7471
-5.8350
-5.7323
-5.6607
-5.7298
-5.4903
-5.4223
-5.7283
-5.6973
-5.4381
-5.4237
-5.1484
-4.9276
-4.8541
-4.2052
-4.3886
-4.1366
-4.1907
-4.2427
-4.3038
-3.8542
-3.9261
-2.6165
-2.7702
-2.8589
-2.8213
-2.7226
-2.7867
-2.4019
-2.1362
-2.3286
-1.6562
-1.9193
-1.4346
-1.4179
-1.9262
-1.8960
-2.1199
-2.2122
-2.0183
-2.1372
-2.3839
-2.0251
-2.3700
-2.4027
-2.5376
-2.6376
-2.2860
-2.4245
-1.9755
-2.2385
-2.0616
-2.4801
-2.7955
-3.1891
-3.4709
-3.6590
-3.7762
-3.3353
-3.6135
-3.2148
-3.8614
-3.5999
-4.0099
-3.6687
-4.1120
-4.3138
-4.2032
-4.0346
-4.2658
-3.7424
-3.7852
-3.1154
-3.6182
-3.6034
-3.8003
-3.3771
-3.1928
-2.9554
-2.4822
-3.5910
-3.3799
-4.0024
-3.8343
-3.4722
-3.6107
-3.5663
-3.7856
-3.6182
-3.9115
-4.2160
-4.2190
-4.5941
-4.7666
-5.0270
-4.9694
-4.7769
-4.5187
-4.5589
-4.8307
-4.7697
-4.8489
-4.7476
-4.6652
-4.7065
-4.7054
-4.5665
-4.7844
-4.7905
-4.6690
-4.6630
-4.5815
-4.6390
-4.6278
-4.4469
-4.6479
-4.7014
-4.7417
-4.8627
-4.9549
-5.1211
-5.2201
-5.3590
-5.3783
-5.4014
-5.2625
-5.2925
-5.2491
-5.3322
-5.3449
-5.1075
-5.2940
-5.2634
-5.2795
-5.3114
-5.3008
-5.2093
-5.4515
-5.5568
-5.6235
-5.6151
-5.6984
-5.6866
-5.6102
-5.5193
-5.3625
-5.0231
-5.1087
-4.8925
-4.6500
-4.1028
-4.0989
-3.5944
-3.4507
-3.3176
-2.6744
-2.6828
-2.2418
-2.1721
-1.9526
-1.8935
-1.3441
-1.6174
-1.3340
-1.0990
-1.0073
-0.6617
-0.5002
-0.4700
-0.0558
0.4304
0.0077
0.1605
-0.0747
0.3238
1.0286
0.8428
0.8529
1.7103
1.7615
1.9872
2.0670
1.9031
1.9340
2.3206
2.5406
2.9069
3.3697
2.9588
2.4060
2.7697
1.2349
1.3229
1.4625
1.4170
0.8173
0.2892
-0.1576
0.1570
-0.2492
0.1185
-0.6665
-0.8741
-1.1163
-1.7272
-1.3894
-1.7216
-1.7796
-2.0439
-2.2069
-2.1074
-2.2114
-1.9971
-2.1224
-1.8587
-2.0988
-2.1227
-2.0779
-2.2797
-2.3114
-2.2470
-1.8838
-2.1901
-2.1627
-2.0093
-1.9949
-1.8512
-1.6748
-0.6730
-0.6763
-0.8168
-0.9703
-0.9138
-0.9341
-0.9232
-0.5120
-0.9435
-0.5288
-0.5700
-0.4845
-0.3312
-0.6260
-0.1070
-0.5680
-0.6601
-0.5022
-0.9697
-0.9898
-1.1073
-1.1734
-1.2458
-1.3484
-1.1760
-1.2410
-1.3711
-1.5820
-1.5648
-1.6888
-1.8608
-1.8047
-1.8419
-1.7083
-1.6080
-1.2504
-1.2482
-1.2034
-0.8636
-0.7828
-0.8580
-0.8303
-0.9600
-1.1057
-1.0550
-1.0068
-1.4087
-1.2579
-1.5485
-1.4820
-1.5779
-1.5960
-1.8279
-1.9507
-2.1983
-2.3041
-2.0280
-2.4145
-1.9235
-2.1711
-2.3602
-2.5727
-2.5794
-2.7583
-2.4411
-2.3137
-2.9985
-2.7244
-2.9184
-3.0728
-3.3595
-3.2570
-3.1183
-3.0653
-2.6712
-3.3816
-3.2081
-3.4142
-3.3470
-3.1813
-3.3406
-3.2534
-3.2523
-3.1634
-3.0763
-2.8772
-2.9967
-2.6718
-2.9642
-2.5213
-3.1280
-2.5351
-2.7038
-2.6172
-2.4392
-1.7191
-1.1583
-1.1412
-1.0387
-1.0934
-0.5184
-0.5068
-0.4413
0.2410
-0.1049
0.4181
-0.1306
1.1176
0.9173
0.9178
1.3660
2.1741
1.2817
1.8022
2.0853
2.0555
1.2918
1.5532
1.6631
1.3766
2.2040
1.1786
2.1139
1.5942
2.4048
1.6363
1.5076
1.6635
1.9968
1.5936
1.7389
1.4669
1.6691
1.9817
1.7345
1.2501
1.4537
1.4782
1.2004
1.0342
1.1467
0.4348
0.1659
0.5237
0.2388
0.4393
0.9766
0.8329
1.1124
0.7915
0.8642
0.5397
1.2644
1.7409
2.1874
2.4945
2.9330
2.5012
2.4324
2.5526
2.5117
3.1173
3.0169
3.3464
3.0967
3.5932
3.6432
4.2275
3.6839
4.3405
3.5276
4.1048
4.2811
3.9547
4.6606
4.4592
4.5786
4.2368
4.3659
4.0223
3.9606
4.0669
4.0103
3.7030
3.3505
3.4033
3.2997
3.6096
3.3602
3.5242
3.8407
3.6969
3.4197
3.2325
3.2657
3.1158
2.8472
2.9044
2.9202
2.9670
2.8944
2.5935
2.9996
2.4211
2.3152
2.1330
2.0345
1.9017
2.0827
1.8415
1.9281
1.8263
1.6246
1.8132
1.5417
1.6164
1.7768
1.8232
1.8035
1.6917
1.4000
1.3224
1.5967
1.5343
1.4155
1.4677
1.7565
1.6441
1.6071
1.9108
1.8506
1.8024
2.3032
2.3875
2.6356
3.1472
3.3571
3.8156
4.4384
4.6939
5.0395
5.1058
5.6916
5.9123
6.3445
6.5447
6.7403
6.5240
6.9352
6.4305
6.8042
6.3123
6.6573
6.3734
6.6164
6.8384
6.5504
6.4325
6.0794
5.5928
5.7503
5.4182
5.2451
4.9240
5.0518
5.1042
5.2165
5.1565
5.3428
5.3062
6.0368
5.8023
5.9814
6.0851
6.3074
6.2803
6.2184
6.5738
7.5609
7.2170
7.3808
7.3689
7.2125
7.5873
7.7493
7.6058
7.3651
7.5808
7.7181
7.4237
7.3993
7.4760
7.6217
7.4962
8.4841
7.7966
7.5198
7.5979
6.8389
6.6271
7.0741
6.2313
6.8170
6.3369
5.6488
5.4230
5.0656
4.3952
4.2695
3.8393
3.7809
3.1596
2.7062
3.0481
1.7145
1.4442
1.0049
0.4641
0.2741
-0.6528
-0.6764
-1.2641
-1.3400
-1.8363
-2.5118
-2.9613
-3.3834
-3.6246
-4.5125
-4.5795
-4.6015
-5.1321
-5.0469
-5.2979
-5.1321
-5.4514
-5.5015
-5.5508
-6.0390
-6.4716
-6.5697
-6.4749
-6.8669
-6.4649
-6.8997
-7.4741
-7.3934
-7.6235
-7.2883
-7.2243
-7.1095
-7.7531
-7.9635
-7.8809
-8.1600
-7.7436
-7.9274
-7.3052
-7.1551
-7.9871
-7.6300
-7.6804
-7.7520
-7.6452
-7.7483
-7.4314
-6.8627
-7.0779
-5.9267
-6.8772
-6.4900
-6.4474
-5.6166
-6.2191
-6.1712
-5.5294
-5.8056
-5.4072
-5.9034
-6.1191
-6.1024
-6.3018
-6.1333
-6.2915
-5.6622
-5.7957
-5.2992
-6.3323
-6.0157
-6.0309
-5.5523
-5.8923
-5.8319
-6.0358
-6.3527
-5.3332
-5.6840
-5.2598
-5.7372
-5.3488
-5.6880
-5.5509
-5.6741
-5.6715
-4.4985
-5.4875
-4.6871
-4.6318
-4.4941
-4.5424
-4.6743
-4.5155
-4.2382
-4.2808
-3.8081
-3.2692
-3.5441
-3.7785
-3.5933
-3.8711
-3.4342
-2.8509
-2.5314
-3.3045
-2.7409
-2.7103
-2.3872
-1.7251
-1.4277
-1.8455
-1.4187
-1.4407
-1.8124
-1.4144
-1.4084
-1.3448
-1.9127
-1.5996
-1.4842
-1.2281
-1.1155
-0.9125
-0.3384
-0.5781
-0.7292
-0.1569
-0.4888
0.5761
0.3874
-0.3535
0.0422
0.2838
-0.0424
0.1685
0.4784
0.4303
0.5139
0.8638
1.0839
1.4139
1.3954
1.6321
2.3792
2.5643
3.1120
3.3397
3.6386
4.0619
4.5885
4.9109
5.0440
5.3445
5.7380
6.0686
6.6295
7.3116
7.2587
7.9547
7.6617
7.7675
7.9786
8.0843
8.2756
8.4997
