4.0457
3.5693
3.7917
3.6119
4.0434
3.5981
3.4930
3.3622
3.5153
3.7021
3.3817
3.3035
3.3761
3.3024
3.4323
3.2835
3.3259
3.1386
3.3090
3.0687
3.0770
3.2930
3.0477
3.2379
3.3893
3.0913
2.9425
2.7611
2.4635
2.6939
3.2679
2.7209
2.3717
2.5206
2.6449
2.3733
2.5319
2.5228
2.5431
3.8002
2.3874
3.4062
2.5495
2.9694
2.6712
2.7517
2.8119
3.0801
2.9511
3.0743
2.8308
3.0084
3.0023
3.4122
3.1535
3.1700
2.5575
2.8551
2.4654
3.4111
3.2900
2.9704
2.8124
2.6257
2.3476
2.5413
2.3288
1.8005
2.2617
2.0995
1.6742
1.9415
1.8738
2.0833
2.1258
2.5531
2.2548
1.8073
2.7065
1.9972
2.6688
2.0411
1.8771
2.2892
1.3891
1.9058
2.3644
2.3114
1.8442
1.6952
1.5503
1.5022
1.4572
1.4139
1.6568
1.2468
1.5928
0.7710
0.8825
0.7032
0.8776
0.5680
0.5068
0.4966
0.5025
0.6663
0.3553
0.2545
0.0765
0.2354
-0.0102
-0.0514
0.1093
-0.2426
-0.2936
-0.2607
-0.4796
-0.5508
-0.5989
-0.6485
-0.5020
-0.3251
-0.3848
-0.4714
-0.4954
-0.4952
-0.5379
-0.5201
-0.3048
-0.4766
-0.3413
-0.3680
-0.2899
-0.3679
-0.3800
-0.3711
-0.2080
-0.4032
-0.3830
-0.4463
-0.4278
-0.4513
-0.4071
-0.0628
-0.2522
-0.5941
-0.3581
-0.6123
-0.5525
-0.4085
-0.4310
-0.6083
-0.4267
-0.4516
-0.4638
-0.2376
0.0289
0.0997
-0.0509
0.1966
-0.2133
-0.1834
-0.1735
-0.1341
-0.0581
0.0913
0.0763
0.1014
0.0114
0.0209
0.1364
0.3187
0.2357
0.0212
-0.0122
-0.1547
-0.2144
-0.1784
-0.1557
0.0067
-0.1032
-0.1974
-0.1374
-0.0425
0.0512
-0.1678
-0.2020
0.1025
-0.1049
-0.0509
0.5772
0.2763
0.1592
0.4006
0.2390
0.3561
0.4088
0.3697
0.4262
0.5384
0.2891
0.3461
0.3504
0.2375
0.5872
0.3923
0.5143
0.8301
0.3554
0.3927
0.6298
0.7695
0.6279
1.0558
1.2717
1.0148
0.7243
0.7876
0.7471
0.5258
0.0063
0.2783
1.3389
0.5460
0.8318
1.2216
1.3344
1.1313
1.0461
1.1780
2.1520
1.7609
1.4287
2.1722
1.4055
1.4751
1.7062
1.2624
1.2160
1.4761
1.1003
1.6680
2.1735
1.8921
1.7581
1.3887
1.2804
2.2311
1.7809
2.2587
1.8138
3.5702
1.0704
1.2651
2.2172
1.2990
1.7061
1.3804
1.2587
1.4462
2.1870
2.2276
1.7997
2.1590
2.4750
1.8597
1.8818
1.7136
1.9987
1.6555
1.5146
1.0892
1.2208
0.8114
1.7230
0.8782
0.5775
0.9699
0.0309
0.1814
-0.3005
0.0582
-0.5281
-0.6932
-0.5682
-0.2294
-0.5930
-0.2487
0.2772
-0.1277
-0.6444
-0.7522
-0.4087
-1.0047
-0.8509
-0.9102
-0.3963
-0.9385
-0.5535
-1.1139
-1.1471
-1.2996
-1.2018
-1.3666
-1.1258
-1.1984
-0.9783
-1.3882
-1.3029
-1.5120
-1.7885
-1.8462
-1.8000
-1.7201
-1.3193
-1.4811
-1.4800
-1.5589
-1.2902
-1.5595
-1.2994
-1.2584
-1.6741
-1.7205
-1.5735
-1.8002
-1.8452
-1.7333
-1.7252
-1.6369
-1.4782
-1.7110
-1.5590
-1.8003
-1.6471
-1.5646
-1.8012
-1.5521
-1.3798
-1.7640
-1.2914
-1.6140
-1.3409
-1.4743
-1.2335
-1.2370
-1.0484
-1.1467
-1.1888
-1.0949
-0.8284
-0.9207
-0.8165
-0.8092
-0.7704
-0.6684
-0.6883
-0.6117
-0.5407
-0.0426
-0.4097
-0.4490
-0.5906
-0.5969
-0.6245
-0.4963
-0.3989
-0.2209
-0.2145
-0.1809
-0.0499
-0.2195
0.0043
-0.1629
-0.0726
0.3533
0.1882
0.5098
0.8991
0.3297
0.4344
0.4296
0.7889
0.6426
0.7986
1.0114
0.8929
0.8873
1.0144
1.0073
1.1459
1.5338
1.2703
1.4314
1.2416
1.5425
1.6720
1.6118
1.6443
1.7259
1.7930
1.6720
1.8830
1.9303
2.0827
2.1743
2.2214
2.1533
2.3463
2.2283
2.4839
2.2749
2.3593
2.5548
3.0827
2.4933
2.7558
2.6964
2.7250
3.2257
3.0231
3.1534
3.0264
2.9444
3.0714
3.1108
3.1703
3.0387
3.2959
2.8654
2.8654
2.6969
2.7191
2.8453
2.9696
3.1032
3.0204
3.0660
3.1869
3.2538
3.0735
3.0825
3.2920
3.0749
3.1770
3.3645
3.2283
3.7309
3.3550
3.6246
3.3359
3.2819
3.3201
3.2351
3.3166
3.5186
3.5258
3.4385
3.3181
3.4886
3.3047
3.5899
3.1560
3.1769
3.1649
3.1414
3.3246
3.0696
3.0353
3.1257
3.0072
3.0177
3.1168
2.9248
3.0426
2.9934
3.0537
3.0080
3.0422
3.0874
3.0387
3.0856
2.8980
2.8533
2.8419
2.6050
2.6402
2.7770
2.8394
2.8964
2.8671
2.8662
2.8922
3.0630
2.8241
2.7874
2.7660
2.8516
2.8259
2.8515
2.7770
2.7305
2.7692
2.9657
2.8763
2.9481
2.9579
2.9068
2.7971
2.7084
2.6925
2.6399
2.6334
2.6086
2.6296
2.7081
2.8677
2.6359
2.4785
2.3877
2.4413
2.3596
2.6172
2.4379
2.3092
2.4207
2.3656
2.1814
2.2090
2.7399
2.1585
2.1917
2.0859
2.1058
1.6081
1.6201
1.7414
1.8845
1.9066
1.9820
1.7723
2.0295
2.0608
1.9998
2.1286
1.9566
1.5574
1.8369
1.2489
1.5443
1.5805
1.1466
0.9692
1.5455
1.5266
2.6683
1.7665
1.0745
1.3170
0.9912
1.1531
1.2972
1.1970
1.2960
1.4426
1.1840
0.9845
0.4754
0.9014
0.5043
1.2690
1.4758
2.1341
1.3973
2.3288
0.9228
1.7325
1.7760
1.3104
1.9693
2.5863
2.2317
1.7528
1.2606
1.1412
1.2953
1.1133
0.5744
0.4337
0.4003
0.6827
0.8936
0.8899
0.2131
0.8815
0.8997
0.5457
0.8295
1.2574
0.1263
-0.1372
-0.0449
-0.5622
-0.3436
0.1753
-0.2604
-0.5671
-1.1953
-0.0024
-0.3201
-0.6019
-1.3540
-0.8530
-1.9210
-1.1763
-0.0879
-0.6766
-0.5783
-1.5361
-1.9372
-0.6064
-1.7129
-1.8690
-1.7614
-2.3100
-1.5230
-2.0960
-1.6186
-2.5843
-1.9411
-2.7806
-2.1170
-3.4117
-2.8395
-2.9170
-3.2373
-3.4264
-4.2156
-4.3445
-4.5174
-4.1975
-4.5138
-4.8440
-5.1518
-5.2632
-5.4001
-5.4777
-5.8220
-5.8564
-6.1865
-6.2998
-6.4226
-6.4620
-6.4699
-6.7860
-6.7839
-6.5746
-6.6321
-6.5097
-6.1320
-6.4670
-6.5160
-6.6217
-6.7409
-6.6476
-6.3597
-6.6098
-6.3725
-6.1339
-6.8753
-6.7366
-6.4758
-6.3107
-6.7171
-6.1125
-5.9852
-6.1984
-5.4810
-5.6068
-5.6925
-5.8349
-5.8025
-5.6432
-5.6460
-5.9039
-5.5914
-5.4544
-5.1154
-5.0507
-5.6421
-5.5360
-4.9252
-5.1947
-4.6937
-4.0102
-3.7129
-3.9877
-3.1090
-2.7697
-3.0785
-2.4194
-2.6350
-2.0539
-1.8492
-1.7994
-1.5926
-1.3309
-1.1687
-2.0990
-1.5247
-1.4672
-1.1103
-0.8155
-0.5356
0.2787
-0.4298
-0.9032
-1.2035
-0.9425
-1.2091
-0.5512
-0.6344
-0.5380
-0.8049
-0.5141
-0.9041
-0.5767
-0.6061
-0.2824
-0.8433
-0.7521
-0.7554
-0.7894
-0.3954
-0.5428
-0.1123
-0.1607
0.4889
0.3706
0.4438
0.7167
0.3802
0.4407
0.2117
0.4963
0.3103
0.6414
1.8879
1.1704
1.5486
2.3545
1.6836
2.1489
1.7042
1.6232
1.8512
2.1800
2.5395
2.0990
2.3413
2.4748
3.0459
3.0209
2.7649
3.2192
2.9073
2.9857
3.2608
3.4185
3.8039
3.7962
3.7103
3.6255
3.6058
3.6938
4.1369
3.7251
3.9809
4.5760
3.9967
4.3605
4.2142
4.5445
4.5748
4.5948
4.7004
4.6453
4.8595
5.2513
5.2899
5.2318
5.3757
5.4937
5.2099
5.6570
6.0341
5.6368
5.3277
5.8722
5.9158
5.8563
6.3166
5.8838
6.0906
6.7529
6.4804
6.5978
6.8142
6.5776
6.8047
7.8296
7.0648
7.7908
7.0564
7.7349
7.3818
8.0262
7.5022
7.4057
7.4996
7.0690
6.9140
6.8259
6.8149
7.5221
6.9805
7.2779
6.9326
6.9633
6.7979
6.9065
7.0704
7.1389
7.2408
7.1477
7.0790
7.0600
7.2112
7.2339
7.5764
7.3851
7.5796
7.7785
7.8132
7.5403
8.0881
7.3989
7.5237
7.7494
8.0846
7.7630
8.0227
7.8097
8.0218
8.8694
8.0062
8.0434
7.9882
7.3219
7.2350
7.2375
6.9816
7.1043
7.1417
7.1466
6.9769
7.1320
6.9221
7.0664
6.7667
6.6433
6.4520
6.2440
6.0425
6.0595
5.6679
5.9729
5.4735
5.7882
5.7001
6.1868
6.2597
5.7971
5.3589
5.5869
5.2226
5.2074
5.2078
5.0961
5.3800
4.8421
5.1834
4.9287
4.8873
5.1569
5.1960
5.1770
4.7932
4.6848
4.6157
4.5800
4.6676
4.3883
4.4961
4.4528
4.4774
4.2336
3.9176
3.9435
3.7197
3.5676
3.9186
3.5159
3.6692
3.4880
3.4445
3.8904
3.5732
3.8631
3.1753
3.3870
3.3108
3.4262
3.4373
2.7561
2.6824
2.3600
2.5129
2.2434
1.9592
1.9861
2.1596
2.3833
2.2262
2.4423
2.1070
2.0951
2.0965
2.0588
1.8579
2.0695
1.6496
1.6714
2.6489
1.7054
1.7514
1.7731
1.4489
1.2897
1.4562
1.3052
1.0154
0.9465
1.0817
1.1101
1.1115
1.2562
1.1088
1.2517
0.8357
0.5136
0.0447
0.4556
-0.2683
-0.0772
-0.4500
-0.3438
-0.6275
-0.7110
-0.8971
-0.8148
-1.3715
-1.1682
-1.2913
-1.5067
-1.1690
-1.3559
-1.3592
-1.5393
-1.1892
-1.3454
-1.6586
-1.2743
-1.5319
-1.4369
-1.8132
-1.8822
-1.9140
-2.0798
-2.2710
-2.7572
-2.7978
-2.7880
-3.1882
-3.2937
-3.2497
-3.8200
-3.9774
-3.8396
-4.2245
-4.3980
-4.7092
-4.6956
-5.0873
-5.1427
-5.1471
-5.3992
-5.3553
-5.4200
-5.3163
-5.0985
-5.0077
-5.3310
-4.3635
-5.2950
-4.6036
-5.0628
-4.7321
-5.4584
-5.2380
-5.4429
-5.4844
-5.5428
-5.1995
-5.2820
-5.5180
-5.8245
-5.9237
-5.8587
-5.4387
-5.5157
-5.6178
-5.3968
-5.8001
-5.5291
-5.6805
-5.3855
-5.4041
-5.3645
-5.1676
-5.4388
-5.3760
-5.0227
-4.5765
-4.7794
-4.2722
-4.4059
-4.4812
-4.5740
-4.2559
-4.5030
-4.3609
-4.1857
-4.1300
-3.7187
-3.5713
-3.1004
-3.7659
-2.7838
-3.0897
-2.4346
-2.3999
-1.3170
-1.8379
-0.9900
-1.5915
-1.6540
-1.3548
-2.2569
-2.1930
-1.2048
-1.2631
-0.7558
-0.9830
-0.8156
-1.3963
-0.6398
-0.1836
-0.1958
0.1146
0.5260
0.6525
0.8089
0.2706
1.4670
0.4144
0.7104
1.4959
1.1864
1.6095
1.2921
1.4340
1.1212
0.6836
0.8136
1.2977
1.1783
1.0408
0.7866
0.7204
0.5638
0.6534
0.8499
0.9208
1.2175
0.9169
0.8331
1.0600
1.0423
1.3283
1.1420
1.1472
1.0633
1.1587
1.3576
1.5431
1.4835
1.8820
1.5116
2.2299
1.8568
1.8494
2.0875
2.1169
2.3060
2.4248
2.6585
2.6868
3.1904
3.0881
3.3291
3.1645
3.0512
3.1766
3.4903
3.4593
3.8486
3.9866
4.0189
4.5516
4.2504
4.6506
4.6985
4.9854
5.3359
4.9727
5.1214
4.9782
5.2063
5.5504
5.6298
5.4565
5.7411
5.9846
6.0100
6.1010
6.1661
6.2079
6.1981
6.4705
6.3658
6.5161
6.8594
6.8984
7.0178
7.1818
7.2024
7.2646
7.5009
7.3801
7.4762
7.5606
7.6575
7.7121
7.8808
8.0089
8.1164
8.2389
8.2278
8.3433
8.3233
8.3397
8.5057
8.4949
8.2935
8.3008
8.3232
8.3496
8.3904
8.5138
8.5220
8.5854
8.5639
8.4582
8.3839
8.3816
8.0532
7.9179
7.9876
7.8169
7.8043
7.6329
7.6878
8.0315
7.6474
7.2474
7.8355
7.6532
7.5809
7.6926
8.2394
7.4998
7.4065
7.1882
7.2115
6.6087
6.5650
7.1495
7.3780
7.2283
7.0283
6.6055
6.5179
6.1450
6.0878
6.1958
5.9278
5.8389
5.4235
5.2252
4.8424
5.2198
5.0500
4.9338
4.8245
4.7190
4.5342
4.7701
4.4686
4.3502
4.1719
4.0619
4.2151
3.9581
4.0906
3.9989
4.5112
4.0306
4.0607
3.9960
4.3540
4.0293
4.1278
4.0296
4.0358
4.0842
4.1182
4.0408
3.6557
3.5693
3.5706
3.5393
3.6012
3.7423
3.5123
3.7462
4.0730
3.6634
3.6859
3.5373
3.4832
3.4681
3.3785
4.0500
3.3369
3.4482
3.5059
2.9616
3.0815
3.0715
3.3747
3.1885
3.1638
3.4612
3.3258
3.4181
3.7145
3.4706
3.2594
3.2502
3.3562
3.0708
3.3415
3.3517
3.3509
3.6986
3.3119
3.3057
3.1479
3.4151
3.3518
3.2587
3.1424
3.5975
3.0991
3.2896
3.1670
3.4564
3.2637
3.3631
3.2517
3.0265
3.3431
3.0914
3.1111
3.3482
2.9640
2.7785
2.5938
2.7808
2.5606
2.5761
2.4289
2.3793
2.3043
2.2913
2.0369
2.0240
2.0306
1.9882
1.6463
1.4956
1.3406
1.1880
1.2228
1.0555
1.4521
1.3249
0.8323
0.7977
0.7388
0.6521
0.8540
0.5423
0.8342
0.6750
0.6002
0.5704
0.5861
0.3450
0.2535
0.3865
0.6736
0.5269
0.1573
0.5153
0.5313
0.3962
1.3653
0.4709
0.3540
0.3622
0.4833
-0.1197
-0.2730
0.0160
-0.1138
0.4732
-0.2066
-0.2831
-0.0835
0.2945
0.2789
-0.0401
0.2093
0.2890
0.5612
0.4778
0.3739
0.2712
0.0771
-0.0613
-0.2373
-0.1924
-0.2442
-0.4365
-0.5212
-0.4923
-0.2923
-0.4466
-0.3315
-0.1312
-0.2392
0.1872
-0.0653
-0.2037
-0.4286
-0.2804
-0.3027
-0.5486
-1.0469
-1.1280
-0.7870
-1.3842
-1.0130
-0.9034
-1.2499
-1.2465
-1.4346
-1.4396
-1.4101
-1.4501
-1.3777
-1.5343
-1.6060
-1.5135
-1.8612
-1.6671
-1.9552
-2.2713
-2.3165
-2.3063
-2.1829
-2.3087
-2.3859
-2.3792
-2.2513
-2.4635
-2.3240
-2.5437
-2.5041
-2.8189
-2.9044
-2.9599
-2.8922
-2.7888
-2.7375
-2.4424
-2.4284
-2.5254
-2.4868
-2.4405
-2.2783
-2.3185
-2.2981
-2.1682
-2.2621
-2.1072
-2.0639
-2.1117
-1.6989
-1.7046
-1.7961
-1.7826
-1.8926
-1.6306
-1.6836
-1.9528
-1.6913
-1.7945
-1.5907
-1.1646
-0.9484
-1.2096
-1.4783
-1.3768
-1.1823
-0.9493
-1.1810
-0.9581
-1.3852
-1.1259
-0.8707
-0.5949
-0.9362
-0.5936
-0.2508
-0.8948
-0.3250
-0.7367
0.0895
-0.0988
0.2890
0.1071
0.6248
0.1749
0.8518
0.8835
0.6287
0.8563
0.9448
1.0313
0.7205
0.6062
0.5865
0.8485
0.7772
1.3200
0.7096
0.9872
0.6545
0.8748
0.8070
1.0291
1.0643
1.5366
1.2958
1.3907
1.5237
1.6773
1.9581
1.8862
2.0181
1.7847
1.7933
1.6750
2.0651
1.6930
1.9617
1.7501
1.6471
1.7040
1.6153
1.7665
2.2357
2.4071
2.7086
2.5822
2.9840
2.4434
2.2158
2.3464
2.5352
2.7694
2.6249
3.2746
3.1520
3.0592
3.1390
2.7526
3.0773
3.2774
3.1432
2.8687
2.5914
2.8953
2.8852
2.9325
3.3502
3.4517
3.3866
3.3345
3.3041
3.4511
3.5866
3.6051
3.8782
3.5990
3.4167
3.3381
3.1074
2.8823
3.0218
3.2341
3.4213
3.6935
3.8830
3.1262
3.9855
3.3787
3.7872
3.4969
3.7137
4.1651
3.9199
4.1995
4.3882
4.3808
4.3901
4.3238
4.9699
4.0269
4.0112
3.6156
3.9473
3.6922
3.8751
3.8566
4.1327
3.6723
3.7943
4.0189
3.7183
3.3536
3.2651
3.3020
3.1429
2.6097
2.8676
2.5667
1.9124
2.5912
1.8856
1.3621
1.1941
0.7079
0.5791
0.5424
-0.2120
-0.7445
-0.1617
-1.0806
-0.9933
-1.1437
-0.7246
-0.7127
-0.4676
-0.8755
-0.3404
-1.0414
-0.7481
-0.8921
-0.8964
-1.0778
-0.9325
-1.3511
-1.2446
-1.4359
-1.4599
-1.4762
-1.7321
-1.5376
-1.8630
-1.8026
-1.5788
-1.3114
-1.6867
-1.9151
-1.7704
-1.4960
-2.1093
-1.6864
-1.9806
-2.1226
-2.2787
-1.9231
-2.1667
-2.4813
-2.2726
-2.0849
-2.1750
-2.3760
-2.7090
-2.7790
-2.8910
-2.8511
-3.0170
-2.9571
-3.1755
-2.9848
-3.1274
-3.3124
-3.1322
-2.9526
-3.1256
-3.0307
-2.9787
-2.7734
-3.1428
-3.5084
-3.3908
-3.6395
-3.3166
-3.8864
-3.9709
-4.3111
-4.4590
-4.7691
-4.8020
-4.8545
-5.2769
-5.1772
-5.4500
-5.4614
-5.3153
-5.5325
-5.6696
-5.7782
-5.8364
-5.9598
-5.9733
-5.8540
-6.1102
-6.1455
-6.2621
-6.3400
-6.4489
-6.5050
-6.5260
-6.4702
-6.4211
-6.2133
-6.2329
-5.8337
-6.1764
-5.9186
-6.2283
-6.2392
-6.2450
-6.2545
-6.2561
-6.2910
-6.3141
-6.3343
-6.3000
-6.1787
-6.1570
-6.0754
-6.0853
-6.1137
-5.9583
-6.2643
-6.3231
-6.3065
-6.2582
-5.9515
-6.0429
-5.6635
-5.4994
-5.4998
-5.4828
-5.1071
-5.3853
-5.1678
-4.9469
-4.8933
-4.8141
-4.6708
-4.6900
-4.5903
-4.4548
-4.5874
-4.6720
-4.6212
-4.5880
-4.5778
-4.5312
-4.5274
-4.4625
-4.1884
-3.9993
-3.9380
-3.9961
-4.0148
-3.5168
-3.8420
-3.6006
-3.6278
-3.1056
-3.3325
-3.4031
-3.0746
-3.0163
-2.6231
-2.7478
-2.1156
-2.0808
-1.9785
-1.9565
-2.2014
-1.9056
-1.9048
-1.7088
-1.5412
-1.5080
-1.2984
-1.1487
-1.0055
-0.7367
-0.7997
-0.7606
-0.4951
-0.5377
-0.5586
-0.9701
-0.8349
-1.1563
-1.2147
-1.3494
-0.9896
-0.9648
-1.0322
-0.8531
-0.9067
-0.9281
-0.6737
-0.2449
-0.3623
-0.0330
-0.3578
0.0718
0.7197
1.2306
1.2149
1.5835
1.6242
1.5177
1.5304
1.5034
2.0722
2.4521
2.2964
2.2126
2.7840
2.8599
3.9610
2.9634
3.2916
3.9010
3.8499
3.3331
3.2037
4.2858
3.4866
4.0707
5.0158
4.5256
5.4592
5.5640
6.4011
6.1828
6.3940
6.6245
6.6350
6.4653
6.3121
6.8212
6.9302
6.9251
6.7733
7.2425
7.2271
7.8463
7.1305
7.8667
7.6400
8.4462
7.9007
8.4771
8.4471
8.6679
8.8180
8.3160
9.1928
8.6006
9.1574
8.9971
9.0932
9.2039
9.3773
9.1616
9.0875
9.3076
9.4581
9.4757
9.6152
9.4282
10.1521
9.4202
9.6572
9.1080
9.7091
9.4574
10.9970
10.4110
10.9944
10.4522
11.1062
10.6580
10.5597
11.9105
11.3037
12.8895
11.6708
11.3531
11.4826
11.1084
12.6592
11.1699
12.0164
10.9547
10.8755
11.1849
10.3351
10.6912
9.5982
9.6018
9.5023
9.1459
8.5882
7.1516
7.8529
7.1211
7.5969
6.3163
6.5904
5.9897
5.8633
6.4162
6.4922
6.4261
6.6778
5.1889
5.5231
5.1827
5.0003
4.8413
4.2297
4.0550
3.2995
3.0151
2.5437
2.8431
2.8288
2.8826
2.5517
2.3485
2.4562
2.3330
2.4574
2.3447
2.0253
1.8704
1.8224
1.9741
2.0073
2.5412
1.9038
2.0866
2.3320
2.3337
2.7163
2.2784
2.0992
1.9057
2.2052
2.0213
2.5944
2.2704
2.1083
2.1889
2.5484
2.1859
2.4866
2.3615
1.9121
2.2379
1.7351
1.4389
1.5749
1.5680
1.9269
1.2337
1.1923
1.0488
0.9280
0.1015
0.2456
-0.0989
0.1812
0.2046
0.2712
0.0242
0.7789
1.7773
0.4146
0.3158
-0.2804
-0.1291
-0.2836
-0.3169
-0.5172
-0.7781
-0.4268
-0.6680
-0.6161
-1.4448
-1.3266
-1.8328
-1.7029
-2.1649
-1.9743
-3.0829
-3.3199
-3.8638
-3.7327
-4.4340
-4.8033
-4.3198
-4.2592
-4.6589
-4.7789
-3.8772
-4.6999
-4.7981
-4.8826
-5.4020
-5.2518
-5.1826
-4.8964
-5.6489
-5.4438
-5.3399
-6.0422
-5.6183
-6.2120
-6.5815
-6.3091
-6.9251
-6.0590
-5.8940
-5.9086
-6.7857
-7.0698
-6.9662
-6.6999
-7.5978
-7.5704
-7.4280
-8.0448
-7.4410
-7.8915
-7.9232
-8.1576
-8.3129
-7.9114
-8.1904
-8.4934
-8.0895
-8.7387
-8.3925
-8.7284
-8.3485
-8.2211
-8.0864
-8.1564
-8.1543
-8.4349
-8.4802
-7.5916
-7.9105
-8.4302
-8.4677
-8.7217
-8.7837
-8.5170
-8.3621
-8.3390
-7.8255
-8.0534
-7.8804
-7.8292
-7.4368
-7.7161
-7.6799
-7.4727
-7.4917
-7.3640
-7.2913
-7.4429
-7.5847
-7.7458
-7.4608
-7.8854
-7.8760
-7.8182
-7.5373
-7.2769
-7.6250
-7.4680
-7.5178
-6.8407
-7.2504
-7.0083
-7.3006
-7.1504
-6.6153
-7.2793
-6.9164
-7.1568
-6.7574
-6.5589
-7.1684
-6.6500
-6.9736
-6.8248
-6.8296
-7.1702
-6.5945
-6.8966
-7.1024
-6.4054
-6.9839
-6.0644
-6.8580
-6.5175
-6.7287
-6.8461
-6.4619
-5.8957
-4.8778
-6.2468
-5.6110
-5.2681
-5.2413
-5.2415
-5.1632
-4.1791
-4.5896
-4.4982
-4.3128
-3.8748
-3.7432
-3.5966
-3.4339
-3.5932
-3.6405
-3.4403
-2.7392
-2.7822
-2.8673
-2.6664
-2.7470
-2.7256
-2.8821
-2.7155
-2.2388
-2.0779
-2.3094
-2.2573
-1.8134
-1.9572
-1.6710
-1.3793
-1.4463
-1.5682
-1.3832
-1.1745
-0.9286
-1.0069
-0.9723
-0.4879
-0.4704
-0.3511
-0.6506
0.1278
-0.2268
0.1559
0.3413
0.0820
-0.2056
-0.4610
0.6905
0.2013
0.9489
0.8248
1.3283
1.1222
0.8606
0.9062
1.4778
1.2056
1.2697
1.2892
1.3786
1.7947
1.5996
1.4709
1.6870
1.6797
1.5151
1.4775
1.2622
0.9738
1.3754
0.8086
2.1195
1.5958
2.4318
1.7957
1.8186
2.2593
1.4166
1.0493
0.9230
0.7905
1.0657
0.9409
1.3479
1.4479
2.3575
1.2881
1.5764
1.5996
1.3687
1.2122
1.2496
0.8893
1.3046
0.6276
1.1661
0.6383
0.7487
0.1911
0.9549
0.2097
0.1704
0.2827
-0.3405
0.0454
0.0672
0.3911
0.4826
0.5900
0.7149
0.7118
0.5013
0.4021
1.0822
0.6508
0.8021
0.6096
0.6939
1.4262
0.6707
0.9574
0.9414
0.8210
1.1383
1.4862
1.4121
1.3856
1.5138
1.7127
1.9057
1.9147
1.8561
1.9809
2.4033
2.0105
2.3393
2.1596
2.3301
2.4415
2.5932
2.8249
2.8403
3.0320
2.8632
2.9659
2.8709
2.9221
3.1829
3.2125
3.1306
3.2623
3.3166
3.4542
3.5070
3.7144
3.5375
3.4664
3.4644
3.7742
3.8527
4.1319
4.0100
4.2236
4.2402
4.3461
4.2306
4.2563
4.0895
4.1684
4.3670
4.2162
4.2794
4.4322
4.2164
4.2501
4.1507
4.3996
4.1446
4.2210
4.2098
4.0343
3.6991
3.4671
3.2817
3.0463
2.8257
2.5921
2.5272
2.7019
2.5399
2.6218
2.5758
2.6991
2.2315
1.9994
1.7304
1.6389
1.4699
1.4676
1.3390
1.5949
1.2517
1.3973
0.9855
0.8844
1.0435
0.8678
1.1437
0.6901
0.5877
1.0270
0.7882
1.0293
1.0379
1.1551
0.9631
1.1655
0.5296
0.1738
-0.0002
-0.0956
-0.1985
-0.2583
-0.1803
-0.3794
-0.0017
-0.3980
-0.4815
-0.5544
-0.5972
-0.5988
-0.6610
-0.7003
-0.7749
-0.3872
-0.3144
0.0453
-0.1819
-0.2820
-0.3106
-0.2824
-0.5339
-0.5796
-0.5964
-0.4696
-0.7231
-0.8238
-0.8636
-0.6494
-0.8214
-0.7726
-1.0697
-1.2695
-1.1488
-1.1896
-1.1382
-1.3748
-1.4494
-1.3299
-1.4103
-1.4489
-1.3911
-1.0219
-1.5225
-1.3799
-1.6350
-1.1323
-1.4010
-1.6702
-1.3292
-1.6812
-1.5413
-1.5951
-1.3428
-1.4495
-1.6455
-1.8414
-1.3906
-2.0230
-2.0060
-2.1853
-2.2305
-2.1144
-2.2194
-2.3632
-2.2257
-2.0807
-2.4311
-2.2682
-2.4314
-2.5387
-2.3799
-2.6850
-2.6099
-2.6647
-3.0321
-2.8862
-3.4434
-3.5157
-3.6077
-4.4323
-4.4555
-4.5503
-4.7555
-4.8142
-5.0212
-4.9700
-5.0021
-5.1684
-4.8635
-5.1145
-4.8814
-4.8911
-4.8841
-4.9248
-5.0888
-5.1351
-5.3558
-5.4149
-5.3909
-5.3950
-5.3705
-5.5573
-5.3422
-5.5506
-5.6145
-5.6173
-5.6547
-5.7138
-5.7786
-5.5047
-5.9888
-5.9011
-5.9807
-6.2012
-6.4903
-6.4667
-6.4554
-6.8177
-6.7397
-6.9391
-7.1710
-7.1839
-7.4462
-7.5149
-7.3034
-7.6502
-7.5550
-7.5723
-8.1081
-8.3550
-8.4580
-8.0756
-8.3510
-8.6539
-8.2501
-8.3448
-8.0233
-8.1832
-7.8080
-7.8483
-7.9025
-7.8013
-7.6483
-7.4830
-7.8531
-7.7359
-7.4703
-7.7021
-7.9502
-7.9125
-7.7586
-7.6318
-7.0234
-7.3157
-7.4496
-6.6016
-6.8363
-6.7509
-6.7812
-6.9069
-6.7029
-6.2728
-6.6192
-7.1184
-7.3026
-7.7487
-7.1983
-7.6887
-7.1455
-7.1402
-7.4189
-6.8186
-7.2055
-7.2787
-7.5422
-7.5271
-7.3007
-7.2631
-7.5192
-7.4059
-7.1537
-7.1208
-7.1125
-6.6821
-6.9688
-6.5634
-6.5381
-6.2297
-6.1274
-5.7872
-5.2526
-5.4281
-5.2492
-4.9044
-5.0254
-4.7329
-4.2814
-4.2714
-4.3954
-4.1850
-3.7856
-3.9529
-3.9858
-3.7502
-3.5511
-3.4015
-2.9687
-3.2262
-2.9861
-2.8403
-2.5150
-2.1951
-1.5726
-1.9826
-1.9285
-2.1511
-2.0846
-2.0094
-1.8372
-1.5012
-1.4053
-0.9331
-0.8562
-0.2700
-0.5836
-0.1266
-0.4870
-0.1120
-0.4370
-0.1710
-0.0824
-0.2466
-0.3946
-0.5596
-0.4524
-0.3817
-0.7178
-1.0986
-0.6462
-0.4184
-0.4088
0.3135
0.3289
-0.3408
-0.0231
-0.2368
-0.4893
0.1785
0.3337
0.0028
0.3972
0.5694
0.3505
1.1438
0.9772
1.2767
0.9069
1.1354
0.7788
1.1338
1.2442
1.2446
1.7433
1.5755
1.6958
1.6868
1.4158
1.5090
1.6414
1.6063
2.4894
1.9893
2.1812
2.0282
2.5211
2.1710
2.3605
2.6162
2.5116
2.9429
3.5639
2.9169
3.4541
3.3833
3.2853
3.0809
3.3070
3.1489
3.0158
3.1280
3.0551
3.0085
2.5515
3.0589
3.5778
3.2115
3.6822
3.3260
3.4638
3.6029
4.0712
3.2078
3.4868
3.1895
3.5745
4.2322
4.0509
3.9730
4.6772
4.4228
4.2594
4.1353
3.9071
3.5459
3.5741
4.0744
4.2434
3.5771
3.3524
2.8664
2.2325
2.4915
2.2430
2.7961
2.5765
2.7013
2.3939
2.5182
2.0744
2.0988
1.5997
1.2024
1.0992
1.1185
0.8014
0.9374
0.8679
0.6059
0.9754
0.8496
1.0118
0.0718
0.0261
0.2072
-0.2645
-0.1712
0.4565
-0.3402
0.1462
0.0764
-0.4573
-1.1443
-1.0564
-1.3167
-0.4250
-1.4460
-0.9091
-1.1964
-1.1527
-1.8310
-1.9774
-2.2432
-2.4260
-2.0820
-2.3339
-1.4407
-1.1665
-0.8637
-1.0689
-1.0838
-1.9760
-2.0133
-2.0561
-2.3606
-2.3203
-1.7776
-1.9705
-1.4214
-1.8316
-1.6279
-1.3627
-1.6449
-1.2686
-1.0349
-1.7669
-1.8388
-1.1730
-1.5971
-1.1598
-1.2543
-1.1715
-1.2410
-1.1151
-0.7235
-1.2342
-1.3837
-1.3974
-1.5998
-1.6221
-1.2658
-0.8271
-1.1149
-1.2368
-1.4492
-1.2165
-1.0938
-1.1900
-0.7715
-1.3448
-0.8882
-0.8254
-0.9801
-1.3217
-1.3493
-1.4156
-1.5804
-1.9834
-1.5093
-2.0426
-1.8175
-2.0849
-2.2837
-2.0586
-1.9717
-2.3145
-1.5608
-1.8721
-2.5702
-2.5192
-2.4347
-1.8875
-1.9649
-2.2049
-2.6198
-2.3562
-2.4651
-2.5639
-2.7615
-2.5787
-2.6710
-2.4061
-3.4897
-3.7038
-3.3993
-2.6268
-3.3657
-3.4229
-3.5364
-2.9886
-3.2270
-3.6214
-3.4919
-3.4941
-4.1361
-4.1296
-3.8026
-3.7627
-3.3800
-3.9130
-3.1526
-3.4242
-3.5661
-3.0261
-3.8380
-3.7501
-4.1038
-3.9790
-3.7433
-3.9537
-3.8759
-3.8852
-4.0834
-3.6006
-3.4546
-2.9730
-3.1101
-3.4452
-2.9234
-3.4329
-3.3962
-3.3423
-3.5628
-4.3646
-4.0566
-4.4722
-4.5847
-4.8243
-4.7896
-4.6670
-4.9487
-4.5610
-4.7194
-4.1662
-4.5030
-4.2892
-4.7856
-5.2662
-5.2582
-5.0054
-5.6193
-4.9326
-4.8627
-4.6023
-4.9538
-4.9167
-5.3851
-5.5444
-5.4090
-4.9319
-5.1749
-5.2101
-5.2325
-5.4800
-5.3447
-4.6942
-4.9541
-4.6296
-5.0826
-4.6955
-4.7172
-4.7516
-4.7041
-4.4510
-4.3112
-4.4091
-4.1858
-4.0214
-4.0683
-4.1995
-3.8940
-3.8992
-3.6270
-3.6707
-3.5074
-3.7245
-3.7945
-3.4326
-3.5799
-3.4372
-3.4217
-3.2266
-3.5088
-3.2806
-3.1513
-2.8927
-3.4012
-3.3936
-3.0891
-2.6803
-2.6140
-2.8789
-2.6722
-3.0633
-2.7945
-2.7794
-2.7374
-2.4385
-2.1887
-2.3350
-2.2230
-2.1713
-2.0251
-2.2668
-2.3257
-2.3660
-2.0743
-2.1257
-1.9865
-2.2243
-1.6294
-1.9316
-1.9140
-1.7847
-1.7565
-1.6041
-1.6858
-1.5227
-1.5663
-1.0817
-0.9747
-1.1353
-0.8329
-1.0451
-0.9372
-1.1155
-0.8867
-1.1682
-0.8301
-0.9391
-0.5723
-0.2914
-0.5469
-0.3953
-0.0056
0.0568
-0.1585
-0.3818
-0.3450
0.0405
-0.2473
0.3350
0.4850
0.4225
0.6247
0.5681
0.5976
0.6777
0.5552
0.3693
0.7839
0.5798
0.7443
1.0411
0.9673
0.9837
1.0043
0.9840
0.9648
0.9967
1.0211
1.1485
1.1832
1.5060
1.4245
1.4236
1.4589
1.3968
1.4741
1.5539
1.6970
1.6817
1.7639
1.6857
1.7248
1.7083
1.7348
1.9854
1.9659
2.1538
2.5234
2.5968
2.4955
2.0899
2.3691
1.9690
2.0061
2.2283
2.1519
2.2628
1.9159
2.0259
2.4651
2.3029
2.5153
2.4769
2.2118
2.2739
2.3308
2.2020
1.7442
1.6350
1.8017
1.1671
0.7077
0.9508
0.3901
0.2918
0.0710
0.2005
-0.1502
0.0462
-0.4020
-0.1838
-0.6047
-0.6252
-0.4801
-0.7434
-0.6160
-0.6431
-0.8889
-0.7738
-0.6560
-0.8618
-0.8813
-1.2320
-1.3764
-1.3658
-1.1939
-1.1954
-1.3094
-1.1717
-1.6958
-1.6861
-1.7942
-2.0528
-2.0938
-2.0731
-2.1399
-1.6594
-2.0868
-1.7649
-1.5283
-1.5784
-0.7136
-1.2981
-1.4700
-1.1394
-1.5908
-1.1942
-1.1869
-0.2403
-0.9534
0.1510
-0.6450
-0.7297
-0.4463
-0.2089
-0.1281
-0.8100
-0.4143
-0.3717
-0.1561
-0.4510
-0.6249
-0.6619
0.4409
-0.3109
-0.0675
-0.7861
-0.2115
-0.5758
-1.6022
-0.9486
-1.2632
-0.9346
-1.3099
-1.0088
-0.8895
-0.6254
-1.2216
-0.8534
-1.2652
-1.0350
-1.1639
-0.8245
-0.9162
-1.1240
-1.2978
-1.2576
-1.0389
-1.4535
-0.8582
-0.9244
-0.9812
-1.2140
-1.6038
-0.7677
0.2982
-0.8218
-0.9650
-0.5290
-1.1254
-1.1039
-1.5448
-1.3110
-1.2361
-1.2985
-1.2590
-1.3334
-0.8927
-1.0800
-0.7521
-0.6221
-0.7883
-0.4864
-0.3175
-0.0201
-0.9560
-1.0723
-1.9091
-1.8476
-1.5095
-1.5826
-1.9056
-1.5667
-1.4972
-2.2123
-1.8214
-1.9914
-2.2895
-2.5282
-2.4289
-2.3942
-2.8408
-3.1214
-2.8619
-3.2459
-2.7775
-2.4687
-2.8842
-3.0970
-2.9129
-2.7413
-2.4418
-2.5225
-2.8044
-2.9079
-2.5071
-2.8364
-2.4080
-2.6456
-2.3338
-2.2726
-2.1201
-2.5450
-2.1955
-2.0850
-1.9903
-1.9413
-2.1387
-1.7657
-2.0474
-2.0112
-1.6346
-2.0556
-1.4016
-1.4531
-1.2731
-1.3276
-1.0535
-1.1815
-1.3054
-1.2667
-1.6420
-1.6233
-1.4353
-1.6298
-1.6813
-1.8214
-1.4468
-1.8035
-1.0801
-1.3841
-1.2069
-1.5357
-1.5423
-1.6363
-1.4625
-0.9449
-1.0601
-1.1233
-1.1226
-1.3012
-1.2088
-1.3729
-1.2231
-1.3247
-1.1936
-0.9675
-0.3246
-0.7683
-0.6310
-1.4241
-1.1819
-0.9251
-1.1242
-1.0230
-1.2559
-1.1799
-1.6168
-1.1868
-1.3938
-0.3105
-1.3944
-0.6689
-1.3182
-1.4946
-1.1249
-1.2761
-1.1057
-1.4246
-1.3668
-1.4301
-1.7085
-1.7192
-1.4471
-1.6324
-1.2477
-1.4526
-1.5672
-1.7808
-1.6597
-1.7326
-1.9127
-1.5927
-1.8510
-1.2822
-1.6301
-1.7386
-1.7443
-1.3491
-1.5204
-1.3237
-1.3109
-1.0305
-1.5679
-1.3223
-1.6073
-0.9879
-1.4921
-1.5268
-1.5426
-1.3231
-1.3693
-1.7035
-1.8424
-1.5915
-1.5270
-1.6312
-1.3280
-1.6874
-1.5814
-1.6527
-1.4659
-1.7421
-1.6158
-1.2586
-1.1181
-1.1193
-1.3596
-1.8410
-1.6986
-1.9135
-1.7201
-1.8776
-1.8228
-1.5596
-1.6931
-1.8759
-2.2424
-2.3477
-2.0923
-2.4800
-2.2904
-2.3287
-2.3535
-2.3323
-2.2311
-2.2920
-2.1423
-2.1190
-2.1322
-2.1767
-2.1275
-1.9198
-1.9949
-1.9482
-2.0799
-1.9069
-1.9609
-2.0868
-2.1277
-2.1077
-2.2056
-2.2479
-2.3065
-2.3170
-2.3951
-2.4214
-2.4431
-2.5460
-2.5758
-2.4895
-2.7100
-2.7056
-2.6708
-2.6349
-2.5760
-2.2942
-2.5673
-2.5871
-2.5507
-2.8358
-2.8952
-2.9991
-2.8306
-2.8968
-2.8774
-2.8971
-2.9871
-2.9887
-2.8366
-2.7679
-2.3464
-2.5649
-2.7146
-2.3363
-2.7429
-2.3403
-2.6365
-2.4984
-2.7263
-2.7908
-2.9398
-2.8564
-2.7654
-2.5813
-2.3019
-2.3333
-2.4130
-2.3791
-2.4714
-2.2729
-2.4506
-2.4767
-2.4895
-2.5538
-2.5932
-2.4659
-2.4486
-2.5688
-2.5151
-2.3726
-2.2417
-2.0175
-1.7060
-1.7771
-1.8332
-1.3987
-1.5954
-1.4398
-1.4120
-0.7081
-1.2417
-1.1691
-0.9558
-1.0253
-0.8897
-0.7773
-0.7211
-0.6734
-0.4061
-0.4394
-0.3674
-0.3079
-0.3483
-0.3818
-0.3826
-0.3648
-0.3421
-0.1797
0.0144
0.2999
0.0080
0.1494
-0.2217
0.2689
-0.1643
0.3786
-0.0276
0.1099
0.3096
0.3744
0.7440
0.6921
0.7223
1.0633
0.6144
0.3812
0.5114
0.3652
0.5070
0.4281
0.7886
0.8239
1.0622
1.4430
0.4533
0.6483
0.8506
0.7814
0.8144
0.8780
0.4416
0.5445
0.1747
1.1217
0.5403
0.8527
0.6301
1.0181
0.8301
0.2874
0.5327
0.3608
0.7827
0.8734
1.1922
1.4906
1.9542
1.6009
1.8392
1.8821
1.5607
1.8657
1.4344
2.3721
1.8098
2.6725
2.1522
3.3125
2.5666
2.0905
2.1459
2.1862
2.6174
2.7977
2.0850
2.1978
1.8445
2.6203
1.5399
2.4539
2.2379
2.0630
1.9385
1.7416
1.3258
0.8567
1.7404
1.0897
1.1590
1.2689
1.2545
1.4291
0.8810
0.9194
0.6043
-0.7010
-0.5295
-0.3169
0.2692
0.6787
0.4573
0.7370
0.0684
0.4447
-0.1804
-0.0049
-0.1044
0.3036
-0.0483
-0.0074
0.4901
-0.7889
-0.5203
-1.0099
-1.1472
-1.4998
-1.2536
-1.0469
-0.9308
-1.5501
-1.4085
-1.3061
-1.8392
-1.4882
-1.8058
-1.6966
-1.7588
-2.0353
-1.9621
-2.0391
-2.4443
-2.2962
-2.5326
-2.5164
-2.2732
-2.5594
-2.5874
-2.5323
-2.4179
-2.2130
-2.7268
-2.8607
-2.9695
-3.0064
-2.8636
-3.2025
-2.9274
-3.4009
-2.7297
-3.0992
-3.1631
-3.4097
-3.2513
-2.9270
-2.7963
-3.3447
-3.6140
-3.4569
-3.6125
-3.5788
-3.3302
-3.0875
-3.4654
-3.7035
-3.4995
-3.7226
-3.1095
-3.0313
-2.8822
-3.0877
-3.1790
-3.7829
-3.5554
-3.9289
-3.9415
-3.8887
-4.5097
-4.0803
-4.1586
-4.1438
-4.0883
-4.5495
-4.7701
-4.7235
-4.7727
-4.8873
-4.9013
-5.0830
-5.0965
-5.3892
-5.1984
-5.4436
-5.4056
-5.2631
-5.4368
-5.4854
-5.3019
-5.5036
-5.3799
-5.1333
-5.1631
-4.9031
-4.9936
-4.9363
-4.9825
-4.3321
-4.8535
-4.6911
-4.6537
-4.8490
-4.2458
-4.8632
-4.2927
-4.2512
-4.2882
-3.7601
-4.3993
-3.7927
-3.9044
-3.3759
-2.8636
-3.6983
-3.1644
-3.3676
-2.9901
-3.5240
-3.5948
-3.8795
-4.0516
-3.9029
-4.3111
-3.9235
-4.3905
-4.4639
-4.4838
-4.3252
-4.2613
-4.5488
-3.8978
-4.4581
-4.3351
-3.7321
-4.0120
-3.5205
-3.6381
-2.8492
-2.5670
-2.6795
-2.1850
-2.5691
-2.2180
-2.0444
-1.6561
-1.7174
-1.4309
-1.6189
-1.5839
-2.9060
-1.7146
-2.4859
-1.9486
-1.2046
-0.6454
-1.2789
-1.2738
-1.1816
-0.8786
-0.9714
-0.7259
-0.4470
-0.3109
0.7456
-0.2559
0.5155
0.4768
-0.0291
0.2596
-0.1676
0.1921
-0.0653
0.0313
0.1607
-0.3635
0.0382
-0.3154
0.0591
0.3904
0.1237
0.6936
0.3930
0.2197
0.5019
0.2818
0.3244
0.1385
0.4166
0.0329
0.4062
0.1347
0.0727
0.0435
-0.1871
0.0181
-0.2729
-0.3842
-0.2798
-0.6336
-0.2948
0.2039
-0.5642
0.3883
-0.2927
-0.2146
-0.4836
-0.3528
0.0076
-0.2210
-0.0795
-0.1677
-0.0590
-0.1268
-0.1936
-0.4095
-0.2555
-0.5273
-0.4768
-0.3865
-0.2339
-0.2054
-0.0873
0.0288
-0.1125
-0.1362
-0.1239
-0.1137
-0.0291
-0.0061
0.0617
0.0900
0.1268
0.2038
0.4291
0.3397
0.3382
0.3756
0.2908
0.2065
0.3272
0.0614
0.0486
0.0893
0.1792
0.2584
0.5906
0.7324
0.6031
0.7251
0.7957
0.8533
0.9127
0.9340
0.9710
1.0775
1.2096
1.2624
1.6494
1.6502
1.6309
1.6257
1.6436
1.6851
1.5736
1.6365
1.5364
1.8465
1.6537
1.9501
1.6859
1.6413
1.5921
1.5084
1.6186
1.7480
1.7245
1.5617
1.5634
1.5498
1.2099
1.0482
0.8662
0.9738
0.5808
0.7493
0.8012
0.9088
1.0298
1.0850
0.3785
0.3571
0.5786
0.7104
0.5603
0.8835
0.7249
0.7562
0.8791
1.0583
0.5835
0.5521
0.8582
0.9057
1.0030
1.3366
1.3052
0.8183
1.2648
0.8328
1.0075
1.1953
1.3162
1.3875
1.3009
1.0638
1.0500
0.5835
0.5746
0.6728
0.7731
1.0476
0.7643
1.0365
0.6193
0.9749
0.5154
0.3959
0.6287
0.5634
0.7328
0.4896
1.2547
1.1579
0.6930
0.6859
0.5755
0.4000
0.3903
0.6841
0.3923
0.3053
-0.1530
0.3895
-0.6005
0.0215
0.0702
-0.3024
-0.0521
-0.2983
0.1104
0.5717
-0.0931
0.7842
0.2019
0.8741
0.3059
0.2458
0.1035
-0.1032
-0.2933
-0.2353
-0.6950
0.2905
-0.7965
-0.9094
-0.9324
-0.9312
-1.1617
-0.8076
-0.7782
-1.1111
-0.4929
-0.2733
-0.7308
-0.4068
-0.3797
-0.3847
-0.1410
-0.9860
-0.7084
-1.1684
-0.3489
-0.4566
-0.7913
-0.6897
-1.2122
-1.2759
-1.3081
-1.2900
-1.1832
-1.7096
-0.8236
-1.4195
-1.1270
-0.8165
-1.0385
-0.9110
-1.2857
-1.2779
-1.3445
-2.0247
-1.7072
-1.4907
-1.6229
-1.9407
-2.1391
-1.9864
-2.3817
-1.9365
-2.6035
-2.6608
-2.3713
-1.6966
-2.4659
-2.8472
-2.1635
-2.8312
-2.4301
-2.5726
-2.6350
-2.8326
-2.4667
-2.7512
-2.3052
-2.2144
-2.3753
-2.1816
-2.2548
-1.7851
-2.2615
-1.9246
-2.4484
-2.0787
-2.2748
-2.2045
-1.9228
-1.3105
-1.2446
-1.1741
-1.1588
-0.8090
-0.4849
-0.7773
-0.9090
-0.7747
-0.3009
-0.5238
-0.5525
-0.5004
-0.7422
-0.8513
-0.3744
-0.5769
-0.3668
-0.5032
-0.3475
-0.0586
-0.0710
-0.2756
-0.0394
-0.1804
-0.1221
-0.3173
0.0703
-0.0266
0.0841
0.0936
-0.3558
-0.0969
-0.1000
-0.2164
-0.1158
-0.0306
-0.1075
0.3465
-0.0369
-0.0483
0.0959
0.3832
0.5465
0.7286
0.6596
0.9601
0.7572
1.0295
0.4597
0.4158
0.5694
0.1883
0.4589
0.3426
0.5433
0.5335
0.3314
0.3623
0.3778
0.1365
0.2714
0.3519
0.4310
0.4904
0.3831
0.7406
0.7951
0.6255
0.6294
1.0039
0.7722
0.7997
0.6027
0.8246
1.2309
0.5959
0.5662
0.7419
0.5333
0.7976
0.6802
0.6978
0.6823
1.0197
0.5704
0.5806
0.7448
0.5643
0.5736
0.7652
0.7285
0.8388
0.6655
0.5934
0.4993
0.4352
0.4908
0.5433
0.5004
0.4724
0.5429
0.3334
0.2553
0.3931
0.4944
0.0422
0.0796
0.0379
0.1548
0.0475
0.0843
0.0169
0.0268
0.0528
0.1125
0.3406
0.2128
0.2000
0.2422
0.2462
0.2781
0.4863
0.2415
0.1749
0.0712
0.0034
0.0400
0.0137
0.0743
0.0521
0.0439
0.0688
0.0125
0.0486
0.2694
0.1896
0.1787
0.2305
0.2772
0.0599
-0.1044
-0.0918
-0.2367
-0.2292
-0.3032
-0.2530
-0.0431
-0.1713
-0.2162
-0.1875
-0.2643
-0.2954
-0.2579
-0.3074
-0.1209
-0.1726
-0.1157
-0.1438
-0.2092
0.3341
-0.2066
-0.1402
-0.3479
-0.3400
-0.1887
-0.2701
-0.2798
-0.1827
-0.2835
0.1071
-0.3744
-0.4341
-0.4155
-0.1806
-0.3311
-0.3792
-0.4355
-0.1828
0.0097
-0.2237
-0.3078
-0.0752
-0.3324
-0.1370
-0.0533
0.2412
0.1083
0.1477
0.1958
0.2896
0.2189
0.7849
0.5057
0.5139
0.5251
0.6505
0.5594
0.7468
0.5787
1.2336
0.6826
1.5244
1.2614
1.3476
1.2072
1.2342
1.7580
1.1602
1.2998
1.8629
1.7818
2.3938
1.8039
2.0477
2.1899
1.6200
1.3792
1.8403
1.3707
1.5128
0.9891
1.0983
1.0909
1.0479
1.0231
1.6319
1.3567
1.5639
1.2562
1.2269
1.1382
1.4751
1.1735
1.4687
1.5548
1.3630
1.4580
1.5807
1.2004
1.1901
1.1797
1.2206
1.3399
1.3151
1.3933
1.3157
1.1139
1.0248
1.2803
0.9975
1.1338
1.2417
1.0892
1.3437
1.1699
1.2542
1.2897
1.4120
1.6200
1.6804
1.8472
1.6196
1.3588
1.5086
1.4941
1.2687
1.4468
1.4988
1.3266
1.1391
1.4111
1.1907
1.2099
1.0007
1.0454
1.2575
1.2742
1.3281
1.0858
1.1845
1.2712
1.3110
1.1639
1.3313
1.0599
1.1567
1.2047
1.4848
1.6602
1.5643
1.7017
1.8100
1.6246
1.4624
1.2513
0.8879
1.3581
0.8466
1.3559
1.2937
0.7247
0.7895
1.2388
1.0037
1.2399
0.6936
0.9669
0.4282
0.3310
0.2343
0.6272
0.4693
0.8332
0.5867
0.6502
-0.0087
0.1974
0.1161
0.2241
0.0023
0.6402
0.2979
0.6190
0.8096
0.3813
0.4506
1.0883
1.1747
0.5307
0.6888
0.2822
0.6571
0.7042
0.6970
1.0273
1.1819
1.5557
1.4274
2.4151
1.9665
1.3356
1.5669
1.5268
1.9522
0.5198
1.8016
1.1380
1.0461
1.2486
0.8392
0.3070
0.7816
0.7954
0.6986
0.3292
0.1536
-0.0369
-0.4924
-0.7978
-0.3356
0.1215
-0.4029
-0.5806
0.3175
-0.4625
-0.2856
-0.3778
-1.0638
-1.0084
-1.4290
-1.1873
-0.6381
-0.9216
-0.2397
-0.8967
-0.9908
-1.1439
-1.0329
-0.9881
-0.9962
-0.6402
-1.0677
-0.9883
-1.1761
-1.1627
-1.3718
-1.0761
-0.9783
-1.1278
-0.8623
-0.9453
-0.9196
-1.0452
-0.9119
-1.0715
-1.0457
-1.0068
-0.9969
-0.9534
-0.8981
-0.6631
-0.7807
-0.6081
-0.7537
-0.8012
-0.7842
-0.7989
-0.5838
-0.7306
-0.5933
-0.2315
-0.3173
-0.1952
0.0138
-0.0858
-0.1239
-0.1212
-0.0117
-0.2404
-0.1324
-0.1162
0.0292
0.2120
0.1849
0.4054
0.6162
0.5344
0.6991
0.4534
0.3980
0.4479
0.7135
0.7543
0.8537
0.7426
0.8053
0.7344
0.7031
1.2333
0.6331
0.6831
0.9838
0.8739
1.1463
0.9133
0.8846
1.0666
1.0865
0.9290
1.0334
1.0364
1.0739
1.2067
1.0165
1.0576
1.2085
1.1924
1.3397
1.2143
1.2654
1.2935
1.5030
1.6133
1.4120
1.8996
1.5977
1.7034
2.1354
2.5156
2.3035
2.7548
3.0581
3.4636
3.0475
2.9736
2.5790
2.7780
2.8848
2.9653
2.9204
2.6928
2.7208
2.7713
2.5652
2.6228
3.0419
2.7790
3.0341
2.8751
3.1597
3.1195
2.9521
3.1309
3.1427
3.2740
3.2439
3.2297
3.2670
3.2036
3.3064
3.2977
3.4825
3.7174
3.7509
3.5127
3.4260
3.4660
3.4454
3.5172
3.5538
3.6966
3.8719
3.7618
3.8645
3.6853
3.6579
3.9723
3.8008
4.4142
4.1923
4.3562
4.4526
4.7454
4.5611
4.0693
3.7348
