1.4701
1.0612
0.9482
1.0592
1.1495
0.9467
0.5378
0.9172
1.3667
0.7711
0.4539
1.1340
1.2654
1.0621
0.8583
-0.0347
-0.3338
-0.0959
-0.4294
-0.6560
0.2159
0.1079
0.5514
0.5377
-0.4657
-0.1455
-0.0555
0.2446
0.9482
0.3682
0.5453
0.6926
0.9429
0.5203
0.9005
0.5805
1.1064
0.5961
0.6313
0.4084
0.7358
0.3381
0.5092
0.5439
0.7182
0.7795
0.8386
0.3709
0.4653
0.9088
0.4237
0.6976
0.2526
0.8080
0.3587
0.2910
0.3592
0.5748
0.5173
0.4713
0.8448
0.6973
0.6051
1.1201
1.0513
1.0895
1.4903
1.7849
1.6271
1.8378
1.9636
1.7999
2.3653
2.6922
3.1494
3.3650
3.9460
3.9622
4.2363
4.5305
4.6440
4.8773
5.0790
5.3917
5.5622
6.0397
6.1000
6.4010
6.6849
7.0187
7.0846
7.2506
7.4258
7.4060
7.3675
7.2374
7.1381
7.3505
7.0969
7.1954
6.9866
6.9047
6.9621
6.8835
7.0272
7.3107
7.2149
6.9650
7.0053
6.6569
6.4967
6.4211
6.2350
6.3619
6.2850
6.5393
5.8879
6.2794
5.8091
5.6707
5.4989
5.3773
5.3813
5.4016
5.1601
4.9061
4.8235
4.9928
4.6802
4.7524
4.8705
4.4882
4.3787
4.1810
4.0810
3.7128
3.3901
3.5745
3.4612
3.1068
3.0411
3.1367
2.6497
2.3824
2.6100
2.1985
1.8073
2.0929
1.3068
0.7182
0.7866
0.1796
0.2512
-0.3127
0.0340
-0.2877
-0.4629
-0.8788
-0.6941
-1.2461
-1.1974
-1.0269
-1.3542
-1.7799
-1.5875
-1.0429
-1.6359
-1.3687
-2.2888
-2.2614
-2.2812
-2.5855
-2.4186
-2.4168
-2.4927
-2.6177
-1.8321
-1.8585
-2.0986
-2.5967
-2.6106
-2.7521
-2.7534
-2.7641
-2.7588
-2.8819
-2.7880
-2.7178
-2.4902
-2.6559
-2.5917
-2.6127
-2.8738
-2.9187
-2.9132
-2.8427
-2.7477
-2.7439
-2.6769
-2.6689
-2.8850
-3.0990
-3.1759
-3.2351
-3.2506
-3.2224
-3.0312
-3.0153
-2.8880
-3.1342
-3.0246
-3.1869
-3.0976
-3.0995
-3.1009
-3.0920
-3.0906
-3.3548
-3.5180
-3.5456
-3.5648
-3.3000
-3.1943
-3.2754
-3.1909
-3.1522
-3.0924
-2.9914
-2.6278
-2.5401
-2.5489
-2.1860
-2.0820
-1.6964
-1.2403
-0.7734
-0.4364
-0.2366
-0.1579
-0.1018
-0.0936
-0.0097
0.2775
0.3414
0.2823
0.4486
0.6124
0.9325
1.0395
1.2226
1.3690
1.1115
1.0697
1.0558
1.1727
1.4278
1.3753
1.6482
1.5083
1.7291
1.4843
1.4746
1.4015
1.4560
1.3883
1.4556
1.4546
1.4569
1.4614
1.4393
1.3830
1.3253
1.5981
1.4418
0.9068
0.7339
0.5895
0.3430
0.0845
-0.2932
-0.6221
-1.0997
-1.2349
-2.0042
-2.3303
-2.8311
-2.9831
-3.4393
-3.9109
-4.2365
-4.4565
-4.7596
-4.8815
-5.3942
-5.7554
-6.0091
-6.0013
-6.3553
-6.4259
-6.3237
-6.5849
-6.6684
-6.8054
-6.9858
-7.1414
-7.1463
-7.2146
-7.1905
-7.3913
-7.2983
-7.4708
-7.8232
-7.8996
-8.0034
-7.5921
-7.6547
-7.7566
-7.7336
-7.8634
-7.8238
-7.6438
-7.6739
-7.7463
-7.9077
-7.7757
-7.6051
-7.5574
-7.7334
-7.4378
-7.5305
-7.3138
-7.3843
-7.0951
-7.0724
-7.0590
-7.1587
-7.0401
-7.0845
-6.9008
-7.1632
-7.2469
-7.4070
-7.4964
-7.4739
-7.5859
-7.8485
-7.8445
-7.9059
-7.6164
-7.5185
-7.5416
-7.4646
-7.5541
-7.2180
-7.3968
-7.1705
-6.8156
-6.2860
-5.8275
-5.5172
-5.1744
-5.1465
-4.5826
-4.3018
-4.0771
-3.8052
-3.5308
-3.2834
-3.2450
-2.8122
-2.9509
-2.4854
-2.5855
-2.2578
-2.4946
-2.3766
-2.4724
-2.4077
-2.5802
-2.4481
-2.5689
-2.8784
-2.9074
-2.9204
-3.0786
-3.3372
-3.6955
-3.4993
-4.1524
-4.1498
-4.1694
-3.8548
-3.6201
-4.0774
-3.7290
-3.3524
-3.5999
-3.6377
-3.1977
-2.7724
-2.5116
-2.1153
-1.7582
-1.6682
-0.8606
-0.6197
0.0307
0.3060
0.6510
1.1131
1.7463
2.2050
2.7204
3.4482
3.9031
4.2653
4.4030
4.5464
5.1141
4.8361
5.2868
5.1208
5.2480
5.1753
4.9272
5.3766
4.6793
4.6849
4.4545
4.5368
4.4412
4.6115
4.6321
4.9130
4.7016
4.6038
4.7611
5.0182
4.5791
5.4091
4.8487
5.2410
5.2286
5.4483
5.7894
6.4167
6.0207
6.8333
6.7355
7.3580
7.6802
8.0089
7.7495
7.9224
7.5819
7.9910
8.3967
8.4734
8.4409
8.7551
9.2583
8.2034
7.9006
7.6778
7.7322
7.4584
7.2866
7.4178
7.1569
7.5382
7.2453
7.4259
6.6831
6.8141
6.8555
6.5291
6.5542
6.6824
6.7045
6.3779
6.3449
6.5892
6.3593
5.8336
6.1633
5.5738
5.5109
4.5589
4.8016
4.4972
4.3245
4.1417
4.0194
3.8100
3.7202
3.5981
3.7333
3.8267
3.8569
3.8724
4.2642
4.1978
4.6454
4.5583
4.5687
4.8999
4.6103
4.5087
4.6264
4.7724
4.8329
5.5693
5.2789
5.9053
5.6246
6.0945
5.9638
5.7316
6.0351
6.4171
6.9493
7.5135
7.1517
7.3108
7.4659
7.0356
7.6630
7.0981
7.9011
7.3758
8.0602
7.5537
8.0170
6.7022
6.5248
6.6550
6.2035
6.2172
5.1272
4.5876
3.9208
3.6772
3.5967
3.2266
3.6376
3.3281
3.1099
2.9601
3.3967
3.1735
3.1484
2.7360
3.7317
2.6741
2.8659
2.1244
2.6560
2.9622
2.7109
3.1507
2.5877
2.2864
2.8275
2.7596
2.9129
2.4353
2.8575
2.5044
2.6370
3.0581
2.6098
3.1029
2.8744
4.0131
3.5459
3.0685
3.2197
3.2791
3.2942
3.4452
2.6863
2.8414
2.9329
2.7566
2.2490
2.0194
2.2498
2.2713
1.7915
1.9290
1.4944
1.7515
1.7606
1.1136
0.9189
1.2580
1.2949
0.5983
1.0185
0.8008
0.6479
-0.1029
0.9228
0.4760
0.6218
0.5657
0.0069
-0.4177
-0.9277
-0.2951
-1.3422
-0.4533
-0.7498
-0.6545
-0.4334
-0.3168
0.6326
0.1899
0.3051
1.1753
0.7493
0.1232
-0.2851
-0.0727
-0.3233
-0.4573
0.1103
-0.1936
-1.0575
-0.4609
-0.7510
-0.3685
0.4222
-0.2005
0.2970
-0.1837
0.4487
0.2859
0.8405
0.7223
0.5864
1.4422
1.4706
2.4171
2.0941
2.0148
2.8057
2.5505
3.0903
3.3784
3.2980
3.3685
3.2999
3.1624
3.3563
3.3002
3.6393
3.1162
2.9155
2.7683
2.8586
2.8445
2.3550
2.4236
2.9624
2.5178
2.3751
2.3902
2.2713
2.2528
1.8400
1.8823
1.7086
1.5137
1.4591
1.2393
1.4538
1.0379
0.2710
-0.1941
-0.5444
-0.7696
-0.8042
-0.8492
-0.9176
-1.3859
-1.5369
-1.8888
-1.9930
-1.8822
-2.2148
-1.9847
-2.4124
-2.6771
-2.3519
-2.9590
-3.1667
-3.5779
-3.4624
-3.8338
-3.8657
-3.5159
-3.9324
-3.9233
-3.4910
-3.7414
-3.9335
-4.1437
-4.2492
-4.3860
-4.6656
-4.9408
-4.9500
-4.5757
-5.3124
-5.3389
-5.5548
-5.9495
-6.1131
-6.1217
-6.2931
-6.1447
-6.3319
-5.5673
-6.1334
-5.9267
-5.8109
-5.8181
-6.0260
-6.1492
-6.2406
-6.0882
-6.2561
-5.9865
-6.1214
-6.0778
-6.0781
-6.0527
-5.9671
-5.6382
-5.2518
-5.4344
-5.2810
-5.1446
-5.5280
-5.2573
-5.4154
-5.4769
-5.4451
-5.5648
-5.4326
-5.2341
-5.1562
-5.2134
-5.1632
-5.0290
-4.8116
-4.8584
-4.7732
-4.6233
-4.7538
-4.5249
-4.1906
-3.9039
-3.3438
-3.9432
-3.5345
-3.3444
-2.9965
-3.4870
-3.0413
-2.9799
-3.1065
-2.8201
-2.8586
-2.7696
-2.9813
-2.6338
-2.7427
-2.3606
-1.0786
-1.0511
-1.1000
-0.8179
-0.8889
-0.2385
-0.2646
0.1213
0.4502
0.4806
1.0116
1.2715
1.0884
1.8402
2.2428
2.0802
1.9040
2.0392
2.4442
2.3413
2.0264
1.8829
2.1680
2.1093
1.5117
1.1656
0.9294
1.0665
0.7445
0.6534
0.9973
1.2161
1.3026
1.1632
1.2460
1.6263
1.5233
1.5936
1.8050
1.8266
1.9071
2.3541
2.3412
1.9155
2.3333
2.0691
2.1378
1.7384
1.9059
1.4572
1.5394
1.1089
1.0951
0.5710
0.4090
0.5851
-0.0208
-0.0685
-0.1074
-0.0489
-0.4247
-0.7608
-1.0112
-0.7827
-0.7716
-0.2700
0.1275
-0.0577
0.3408
0.8479
0.4512
0.6226
1.0414
1.3041
1.5420
1.6562
1.4455
1.7188
2.1317
1.9895
1.9121
0.9812
1.0954
0.5474
0.7631
0.5725
0.4692
-0.0197
-0.1355
-0.3282
-0.3830
-0.0639
-0.2090
-0.2558
-0.3904
-0.4402
-0.0131
-0.1440
0.0864
0.3048
0.2196
0.4459
0.6329
0.7685
0.5716
1.0580
1.2428
1.1124
1.4576
1.5589
1.8308
1.8125
2.4706
2.1843
2.5054
2.1668
2.1848
1.9365
1.6129
1.8365
1.7471
1.8658
1.8341
1.6450
2.0490
2.0650
1.6273
1.8166
1.7786
2.0128
1.8924
2.1451
2.2467
2.3273
2.2424
2.2877
2.1479
2.2612
2.1290
1.9961
1.8521
1.9102
1.9974
1.9476
2.0123
1.7609
1.6851
1.4267
1.5331
1.1853
1.0833
1.0552
0.8973
0.8160
0.5606
0.3463
0.0469
-0.2325
-0.5727
-0.8055
-1.0837
-1.2329
-1.3954
-1.4694
-1.5695
-1.6427
-1.7402
-1.6158
-1.8069
-1.9040
-1.9167
-2.0529
-2.1267
-2.2240
-2.3564
-2.5152
-2.7087
-2.8712
-3.1190
-3.3236
-3.7104
-3.8614
-4.5227
-4.9295
-5.3431
-5.7311
-6.0977
-6.4443
-6.7582
-7.0403
-7.2816
-7.4469
-7.5290
-7.6487
-7.7534
-7.9211
-8.0490
-8.1664
-8.2960
-8.4419
-8.5761
-8.6977
-8.8093
-8.9113
-9.0170
-9.1189
-9.1395
-9.2721
-9.1168
-9.4717
-9.5252
-9.5673
-9.5730
-9.5821
-9.5758
-9.5871
-9.5779
-9.6041
-9.6023
-9.6688
-9.6951
-9.7467
-9.7641
-9.7825
-9.7972
-9.6038
-9.8046
-9.7893
-9.7840
-9.7383
-9.7485
-9.6945
-9.7312
-9.6021
-9.6542
-9.5691
-9.4486
-9.4313
-9.5468
-9.5647
-9.4911
-9.3117
-9.2421
-8.8676
-9.0591
-8.7066
-8.3739
-8.3978
-8.2733
-8.4213
-8.0885
-7.7759
-7.6955
-6.9382
-6.6821
-6.5511
-6.4540
-6.2134
-6.2659
-5.9191
-5.5845
-5.9044
-5.6669
-5.8156
-5.4920
-5.1766
-4.7496
-4.1964
-3.9186
-3.8100
-3.4191
-3.1201
-2.4049
-2.7195
-2.4397
-2.2510
-1.8552
-1.6659
-1.1905
-0.6683
-0.5211
-0.1430
-0.4848
-0.3344
-0.3760
-0.2173
-0.0350
0.1600
0.6739
0.6482
0.9907
0.9731
1.1385
2.1489
2.1234
2.4186
2.9952
2.9960
3.1162
3.7490
3.8594
4.1716
4.3336
4.2320
4.2507
4.4850
4.3070
4.5388
5.1214
5.4125
5.7171
6.0751
6.6240
6.8687
7.0001
7.4927
7.7403
8.4925
8.3782
8.9765
8.5371
8.6553
8.5402
9.0982
9.3013
9.0164
8.9435
8.9502
9.2093
9.1133
9.3489
9.6577
9.5023
9.6193
10.1272
10.5350
10.7201
11.3947
11.6572
11.7944
12.8384
12.4012
12.7301
12.9237
13.1154
13.4259
13.2983
13.5902
13.4390
13.2730
13.3317
12.7108
13.1272
12.8731
12.6528
12.3779
12.5793
11.9747
12.6463
12.1818
12.2193
12.4630
11.9424
12.7944
11.8005
12.5165
12.7819
12.5368
12.2784
12.2826
12.0751
12.3313
11.8612
12.3679
11.5364
11.5220
11.7573
11.3453
10.8304
11.6895
11.9090
11.9161
11.6038
12.1050
12.2292
12.7107
13.2087
11.8574
11.8271
11.3755
11.4992
11.4808
11.6910
11.7587
12.1394
11.1839
11.2966
10.7834
10.7850
10.3295
10.0384
10.3922
10.2313
9.9168
9.5688
8.9169
9.8323
8.6613
8.9336
9.2310
9.4397
10.1519
8.4045
7.7694
7.8483
7.2545
6.8085
7.3788
7.1503
7.0430
7.5779
7.2704
7.9791
8.0637
7.4868
7.6597
7.4761
7.2665
7.6506
7.6235
7.6252
7.3677
7.1153
7.4361
7.5003
8.1318
7.3605
7.7214
7.2704
7.3588
7.3460
8.0834
7.1350
7.2714
6.8422
6.8435
6.6212
6.4887
6.2801
5.9978
5.6310
5.6002
5.2380
5.0313
5.4718
5.2536
4.8197
4.9734
4.2927
3.9735
3.8939
3.5852
3.3427
2.9295
2.6908
2.2963
1.9353
1.7526
1.4487
1.6910
1.4838
1.3715
1.0381
1.2024
0.5843
0.3601
0.0208
0.2835
-0.0798
-0.5935
-1.0102
-1.1893
-0.7114
-1.8917
-1.9227
-2.8117
-2.8138
-3.0225
-3.4678
-3.4083
-3.5344
-4.1831
-3.6324
-4.2753
-4.3012
-4.0050
-4.1144
-4.1454
-4.1266
-3.6201
-3.5847
-3.8654
-3.5926
-3.6942
-3.6292
-4.1290
-4.4292
-4.7723
-4.4770
-4.9127
-4.9553
-5.5442
-5.9462
-6.4428
-6.3846
-5.8889
-6.0666
-5.7372
-6.6843
-7.0149
-6.7058
-7.2776
-7.3072
-7.4329
-7.7900
-7.5719
-7.5256
-7.5312
-7.8503
-7.9406
-7.8444
-7.0513
-6.8506
-7.5272
-7.2908
-8.1107
-7.7164
-7.8996
-8.3674
-8.0056
-8.3606
-8.3009
-8.1874
-8.6679
-8.2572
-8.7617
-8.9046
-9.4425
-9.6977
-9.5842
-9.9321
-9.8417
-9.8646
-10.1046
-10.1019
-10.0085
-10.2890
-10.3705
-10.2161
-10.0457
-9.8666
-9.9223
-9.5562
-9.9408
-9.9706
-10.2008
-10.1012
-10.1965
-9.8621
-10.5420
-10.7447
-10.5379
-10.2187
-10.6351
-10.3324
-10.4201
-10.3602
-10.0583
-10.2911
-10.2695
-9.9374
-9.9148
-9.7850
-9.3346
-9.6464
-9.0988
-9.2223
-8.8978
-8.5956
-8.3493
-7.6990
-7.6716
-7.7073
-7.6136
-7.4529
-7.0701
-6.9949
-6.5767
-5.7823
-5.9068
-5.7699
-5.1196
-5.3002
-4.6487
-4.1009
-4.4834
-4.1530
-4.3435
-4.2055
-3.4794
-3.0645
-2.9320
-3.1924
-2.2029
-2.3340
-1.5455
-1.7551
-1.5470
-1.4459
-1.4571
-1.1920
-1.6355
-1.4102
-1.5293
-1.2658
-1.3364
-0.6884
-0.8714
-0.9879
-0.6471
-0.8594
-0.7908
-1.1412
-0.3081
-0.8050
-0.3947
-0.5348
0.0326
-0.1504
0.7103
0.9101
0.6734
0.5708
0.9855
0.7848
0.9964
0.7261
0.7801
0.5381
1.0961
1.0469
0.6641
1.3285
0.7265
0.7497
0.6140
-0.0157
-0.2192
-0.4758
0.0022
-0.0089
-0.3695
-0.4478
-0.3417
-0.6280
0.0010
-0.2089
-0.0750
0.0665
-0.0573
-0.4513
-0.6049
-0.7286
-0.7766
-0.4482
-1.0407
-0.7822
-1.2389
-1.2933
-1.4200
-1.4741
-1.4056
-1.5051
-1.3123
-1.2387
-1.2745
-0.9213
-0.7902
-0.3510
-0.1339
0.0147
0.3278
0.6375
0.7089
1.3090
1.2355
1.8078
2.0257
2.4012
2.3025
2.8142
2.8325
2.7878
3.1667
3.3568
3.2126
2.6116
2.4515
2.2961
1.7387
1.7606
1.8931
3.5192
2.3477
2.9342
2.2716
2.3564
2.6417
2.4087
2.5455
3.5515
3.7017
3.9241
4.4660
4.7013
5.1878
5.1804
5.9181
6.5205
6.4534
6.5928
6.8738
6.8116
7.1274
7.6221
7.3561
7.4723
7.7371
8.3581
8.8108
8.6571
9.0396
9.2222
9.4534
9.4094
10.0053
10.0759
10.8549
11.4674
11.5037
12.1574
12.0790
12.5434
12.6303
13.1769
12.2966
12.0205
12.0493
11.5597
11.5467
11.1264
10.6403
10.5446
10.1934
9.4922
9.4473
9.3089
9.1584
9.3395
9.4515
9.2534
9.0430
9.3830
9.0684
9.2824
9.1518
8.8373
8.6609
8.3345
7.9772
7.8157
7.3235
7.1990
6.4958
6.8813
6.0332
5.9227
5.9324
6.1076
6.4491
5.9833
6.1023
6.0705
6.1976
6.2250
6.3600
6.4204
6.7789
6.5983
7.4096
6.9756
6.9556
6.9034
7.0566
6.7264
6.6127
7.0607
6.4853
6.1576
5.9886
5.5880
5.2818
4.7319
4.8569
4.1313
3.6752
3.2273
2.9232
2.6444
2.8006
2.0697
2.0005
1.4882
1.2370
0.9865
0.7800
0.8630
0.9548
1.1082
0.8021
0.5484
0.3764
0.3451
0.2467
0.3795
0.2605
-0.0230
-0.2669
-0.4926
-0.5931
-0.9092
-1.1656
-1.1475
-1.5280
-1.6610
-1.6690
-1.5518
-1.7855
-1.7495
-1.4675
-1.5491
-1.4921
-2.1041
-2.0920
-2.2236
-2.5116
-2.0668
-2.4190
-2.2843
-2.6414
-2.4055
-2.8467
-2.7988
-2.9166
-2.7026
-2.9145
-2.7505
-3.1765
-2.7803
-2.8827
-2.9456
-2.7010
-2.3527
-2.4653
-1.9453
-2.1557
-2.1307
-1.8388
-1.6927
-1.2442
-1.1130
-1.0271
-0.9068
-0.8032
-0.7158
-1.0912
-0.9889
-1.1167
-1.1336
-0.9615
-0.9948
-0.4592
-0.5249
-0.4594
-0.6411
-0.9282
-0.6330
-0.8182
-0.7184
-0.7143
-0.6688
-0.6309
-0.6574
-0.6569
-0.4774
-0.6677
-0.6555
-0.3737
-0.5837
-0.5518
-0.4322
-0.5718
-0.6178
-0.6447
-0.6052
-0.9220
-0.6549
-0.8659
-0.7932
-0.7758
-0.8229
-0.7840
-0.9070
-0.9478
-0.8041
-0.9380
-0.8674
-0.6461
-0.4780
-0.1163
0.0249
0.4561
0.4677
0.2657
0.4627
0.1897
0.3517
0.1827
0.1095
0.3276
0.2057
0.1829
0.3425
0.1913
0.2796
0.1706
0.2867
0.2283
0.6401
0.6133
0.7636
0.9495
0.8956
1.4789
1.2858
1.2389
1.2585
1.4338
1.4152
1.5062
1.4557
1.8079
1.7204
1.8192
2.0964
1.9404
2.1948
2.2474
2.4238
2.7811
2.9549
2.8675
2.6086
2.5045
2.5327
2.3313
2.5214
2.4428
2.2824
2.2624
2.2433
2.2391
2.0899
2.0872
2.1963
2.2448
2.0165
2.0828
2.1316
2.0122
1.6423
1.3287
1.2375
0.7559
0.5163
0.0399
-0.0001
-0.5294
-0.8340
-1.2361
-1.6100
-1.5720
-2.0158
-2.6380
-2.8388
-2.8687
-3.2096
-3.5542
-4.0352
-4.2473
-4.6088
-4.7221
-4.9159
-4.7979
-5.0611
-5.3156
-5.2853
-5.4292
-5.7089
-5.4646
-5.5270
-5.7794
-5.8670
-5.9370
-5.7549
-5.9028
-5.9062
-5.7560
-5.7457
-5.5284
-5.5401
-5.4734
-5.1743
-5.2444
-5.2886
-5.4519
-5.4075
-5.4165
-5.7283
-5.7786
-5.7146
-5.6437
-5.7146
-5.8064
-5.9001
-6.0166
-5.9176
-6.0487
-5.9568
-5.8765
-6.0474
-5.7806
-5.6622
-5.5609
-5.6282
-5.6656
-5.7063
-5.6616
-5.7209
-5.5725
-5.3438
-5.4936
-5.1305
-5.5641
-5.2972
-5.3510
-5.3838
-5.2722
-5.1406
-5.1933
-4.7403
-5.0690
-5.0406
-4.9404
-4.7816
-4.5675
-4.4383
-4.2354
-3.8751
-3.6119
-3.5587
-3.1406
-3.1413
-2.9045
-2.5487
-2.4722
-2.0715
-2.1518
-2.0998
-2.0238
-1.8607
-1.7115
-1.6426
-1.8699
-1.8477
-1.6212
-1.8166
-2.0872
-2.3001
-2.5500
-2.6042
-2.7940
-2.8386
-2.6045
-2.8265
-2.9704
-2.9896
-2.9615
-3.1255
-3.2739
-3.1420
-3.2553
-3.1393
-3.1372
-2.9950
-3.1611
-3.1200
-3.1612
-3.2341
-3.4583
-3.8983
-3.7015
-3.6973
-4.1481
-3.9938
-3.9053
-3.9432
-3.8768
-4.2610
-4.3715
-4.3412
-4.5962
-4.6219
-4.3818
-4.4925
-4.3140
-4.1106
-3.9035
-4.1309
-4.3305
-4.3206
-4.4267
-4.4318
-4.6993
-4.6268
-5.0310
-5.0845
-4.8984
-4.8647
-4.9934
-4.8389
-5.0169
-5.1370
-5.2341
-5.3235
-5.4148
-5.4497
-5.4838
-5.5205
-5.4324
-5.4517
-5.2337
-5.5484
-5.2215
-4.8527
-4.5343
-4.2037
-4.3637
-3.9622
-3.5164
-3.2395
-3.3507
-2.8594
-2.4357
-2.5133
-2.4941
-1.9489
-2.0343
-2.6147
-1.9207
-2.1950
-1.5684
-1.8573
-0.9133
-0.5725
-1.0232
-1.4361
-1.8338
-1.9707
-2.3925
-2.7390
-2.8220
-3.0208
-3.0456
-3.3910
-3.2625
-3.6152
-3.8226
-4.0306
-3.8810
-3.2107
-3.6145
-3.2591
-3.5102
-3.0247
-3.8044
-4.5059
-5.0055
-5.2261
-5.6808
-6.2631
-6.2422
-6.7968
-6.5933
-7.6602
-8.1439
-7.7169
-9.0892
-9.2453
-9.2814
-8.8948
-8.8674
-9.0854
-9.0291
-9.0080
-9.0204
-8.7736
-7.8042
-8.4117
-8.3485
-7.8224
-7.6787
-7.7970
-7.1634
-7.5206
-7.1667
-6.9971
-7.3954
-6.8121
-6.8622
-6.0199
-5.8823
-7.0838
-7.5558
-7.7313
-7.5287
-8.6408
-8.9747
-8.7134
-8.1616
-8.7597
-8.2489
-8.8183
-8.9608
-8.6613
-8.8285
-8.7191
-9.1077
-8.8954
-8.8065
-8.9843
-8.8721
-9.1035
-9.0537
-8.7355
-8.4431
-8.1258
-8.2565
-7.9635
-7.9317
-7.4786
-7.4844
-7.2347
-7.0234
-6.5874
-6.1150
-5.7374
-5.5462
-4.9488
-5.0629
-4.6898
-4.6038
-3.7923
-4.0981
-4.0318
-3.9376
-3.8856
-3.8775
-3.3340
-3.0618
-3.4086
-3.3135
-3.2919
-3.5530
-2.8197
-3.3078
-3.3780
-3.2136
-2.6598
-2.6727
-2.5228
-2.5356
-2.3369
-2.1573
-1.4771
-1.9387
-1.6275
-1.8901
-1.2340
-1.2840
-0.7812
-0.0209
0.0385
0.3476
0.6045
1.4605
0.4526
1.2728
0.7097
0.9112
0.4587
1.4135
1.0196
0.8798
0.7878
-0.0711
-0.7382
-0.7329
-1.1844
-0.9774
-1.2650
-1.1470
-1.8618
-1.0657
-1.7189
-2.4440
-2.0381
-2.0140
-1.6340
-1.8456
-2.8636
-2.8686
-2.5230
-2.6070
-2.9496
-2.6637
-2.7774
-1.9886
-1.9629
-1.7343
-0.9794
-1.7079
-1.3916
-0.7714
-1.3585
-0.2384
-0.2760
-0.0258
0.6870
0.8754
0.3028
0.8765
1.0384
1.9610
2.0618
1.4997
2.5436
2.2763
2.7600
2.0240
2.2280
2.1241
2.3826
2.2560
2.0521
1.5848
1.4687
1.7885
1.9342
1.3327
2.2743
2.4294
2.6721
2.6592
2.6612
2.4497
2.2606
2.8438
2.9941
2.8038
2.9251
2.7617
2.4558
1.9761
1.9680
1.7617
1.3919
1.0255
0.5545
0.1311
0.4909
0.0946
-0.1293
-0.8623
-0.8901
-1.0272
-0.9859
-0.9173
-1.3618
-1.5738
-1.5899
-1.6292
-1.4895
-1.4789
-1.2459
-1.9271
-1.6304
-1.6960
-2.1538
-2.0417
-1.1650
-1.4072
-1.1378
-1.7354
-1.3502
-0.6901
-1.5318
-0.8068
-1.2770
-0.8830
-0.9734
-1.1485
-0.7945
-1.4051
-1.4591
-1.0669
-1.4322
-1.1332
-1.1302
-0.6034
-0.6404
-0.3529
-0.3124
0.7203
0.8852
0.8893
1.6064
2.7063
1.6191
2.0095
2.1788
2.6303
3.8563
3.3386
3.6975
3.8628
4.2511
4.3758
4.6896
5.1578
4.6101
4.8688
5.3923
5.7642
6.0994
6.8101
7.0661
8.0009
7.7709
8.2240
8.8434
9.6272
9.9128
10.5821
11.8121
12.8603
13.0899
14.0152
15.2765
15.1874
16.4172
16.1984
16.4887
16.9088
18.2580
18.1870
17.8954
19.0792
19.3170
19.3772
20.4154
21.2079
21.0650
21.1621
21.1835
20.9658
20.7765
20.5273
20.6575
20.7663
21.0229
20.4706
20.7053
20.4486
20.7016
20.3598
19.5820
20.1142
20.0638
19.6109
19.8039
19.8306
19.4729
20.1686
18.5277
18.5548
18.3741
17.9061
17.5041
17.7723
17.5820
17.7436
18.2113
17.9220
17.2112
17.7297
16.7822
16.7614
17.4884
16.9627
17.6447
17.6087
17.9934
18.6217
18.2397
18.0743
18.4579
18.3286
18.3157
18.5074
18.5518
19.2066
18.3918
18.4712
18.2490
18.5014
18.3068
17.8298
18.8036
17.8359
18.3514
17.5652
17.4942
17.2289
17.0498
17.1766
16.5473
16.2301
16.4368
16.2905
16.5533
15.6621
15.4624
15.6031
15.7180
15.5007
16.3473
16.4698
17.0663
16.7755
17.2188
16.7409
16.7510
16.5407
16.3459
15.9732
15.3541
15.3155
15.3161
15.0196
14.3724
13.6994
12.9220
12.5684
12.1795
11.5429
11.4460
11.2050
10.0897
10.2309
9.1029
9.2493
8.1651
8.4132
7.6897
7.8449
7.5919
7.8090
7.6081
7.9926
6.4933
6.8242
6.4740
6.3968
6.0589
5.6241
4.9425
4.1871
3.8428
3.2809
3.1767
3.0626
2.5869
2.3887
2.0354
1.8354
1.3610
0.9334
1.0680
0.5839
0.9781
0.2550
0.6940
0.0799
-0.1631
-0.0595
-0.3788
-0.7440
-0.9136
-1.2646
-1.0452
-1.0068
-0.5045
-0.8676
-0.4552
-1.3188
-1.0746
-1.3881
-1.2854
-1.2492
-1.4672
-1.5063
-1.5044
-1.3006
-1.5522
-1.4563
-1.4346
-1.4063
-1.8536
-1.7328
-1.5076
-1.7624
-1.3493
-1.2884
-1.3641
-1.1216
-1.5916
-1.3216
-1.5111
-1.4526
-1.4164
-1.6512
-1.3149
-1.6245
-1.6413
-1.6528
-1.3427
-1.6312
-1.3151
-1.3278
-1.3685
-1.2343
-1.4019
-1.2337
-1.1427
-0.7041
-1.1356
-1.0365
-0.8985
-1.0660
-1.1575
-1.0667
-0.7264
-0.9401
-1.0473
-1.2038
-1.1798
-1.8004
-1.9385
-2.2467
-2.2198
-2.1307
-2.3684
-2.5113
-2.6264
-3.2548
-3.1183
-3.7595
-4.2998
-4.4206
-4.4386
-4.7028
-4.8012
-4.4778
-4.9573
-5.1414
-5.1185
-5.3463
-5.5356
-5.5924
-5.7223
-5.6775
-5.9606
-6.1204
-6.2013
-6.3307
-6.5396
-6.4407
-7.0545
-7.1819
-7.3537
-7.2692
-7.6994
-7.8171
-7.9586
-7.9429
-7.8815
-7.9276
-8.0388
-8.4330
-8.3180
-8.6678
-8.4640
-8.2863
-8.3830
-8.1920
-8.1585
-7.9702
-7.9633
-7.8086
-7.8419
-7.1374
-7.6583
-7.3362
-7.7599
-7.3063
-7.4163
-7.1488
-7.0614
-6.4266
-6.6053
-6.2259
-6.2117
-5.9298
-5.8740
-5.6891
-5.4692
-5.0113
-4.8548
-4.4872
-4.0473
-3.9055
-4.2007
-4.1910
-4.0040
-4.2478
-4.2552
-3.7973
-4.0063
-3.8479
-3.5807
-3.5153
-3.4746
-3.2282
-3.4669
-3.3101
-3.0341
-2.8742
-2.4245
-2.2781
-2.0425
-1.5767
-1.4442
-1.3753
-1.0545
-1.0699
-0.7975
-0.7855
-0.6965
-0.3172
-0.2853
-0.5328
-0.6298
-0.7918
-0.7325
-0.5364
-0.2477
-0.4640
-0.2198
-0.1520
-0.0889
-0.0086
0.2199
0.5962
0.3746
0.5968
0.4684
0.4722
0.8227
0.5862
0.7324
1.1796
1.2354
1.5895
2.1015
2.2216
2.8539
2.7816
3.0854
3.0049
3.3185
3.2603
3.2947
3.4357
3.6172
3.3637
3.4210
3.2756
3.5322
3.0722
2.8919
2.7606
2.3124
2.1978
2.2447
2.0276
1.8530
1.8490
1.5360
1.2922
0.8830
0.5809
0.5737
0.2209
0.0412
-0.0768
-0.1957
-0.2655
-0.3368
-0.3428
-0.5494
-0.3252
-0.6574
-0.9058
-1.2587
-1.1759
-1.6440
-1.6098
-1.6442
-1.5123
-1.5068
-1.4355
-1.4582
-1.3530
-1.2979
-1.3348
-0.6786
-1.0576
-1.2808
-1.4441
-0.6379
-1.4134
-1.1879
-1.5799
-1.2938
-1.9343
-1.9404
-2.7896
-2.4149
-3.1530
-3.0848
-3.1897
-3.0552
-3.5406
-3.6326
-3.1354
-3.8599
-4.3029
-4.2384
-4.0127
-4.3412
-4.8470
-4.6946
-4.9762
-4.9553
-5.1632
-5.2176
-5.2050
-5.3823
-5.1719
-5.3588
-5.3182
-5.0946
-5.4582
-5.6031
-6.1095
-6.2147
-6.9492
-6.8088
-7.5044
-7.1757
-7.6679
-7.5588
-7.7720
-7.4856
-7.3842
-7.7964
-8.2690
-8.1439
-8.5164
-8.8142
-8.7943
-8.7070
-8.4745
-8.6404
-9.0605
-9.1290
-9.0215
-8.9795
-8.6578
-8.6320
-8.5502
-8.6163
-8.4756
-8.6427
-8.8729
-8.4891
-8.7243
-8.5319
-8.5969
-8.2755
-8.3214
-8.7763
-8.4966
-8.9552
-9.2102
-9.6759
-9.9744
-9.7611
-9.9286
-9.6842
-10.4077
-10.8037
-10.4027
-10.6792
-10.7739
-10.5290
-10.7187
-10.5760
-11.0097
-11.0813
-10.7760
-11.0732
-11.4647
-11.0353
-11.3515
-11.0022
-11.7998
-11.9043
-11.6612
-11.8223
-11.8443
-11.7728
-12.1456
-12.2681
-12.2461
-11.9188
-12.0543
-12.3898
-12.4492
-12.3211
-11.9661
-11.9717
-12.1497
-11.5726
-11.8382
-11.9523
-11.9825
-12.0120
-11.9655
-11.5317
-11.4045
-11.2803
-11.7960
-11.6757
-11.5196
-11.5946
-11.7373
-11.8043
-11.3241
-11.7317
-11.3287
-11.5613
-11.3841
-11.5773
-10.6497
-11.3819
-11.0818
-11.3479
-11.1166
-10.8985
-11.4254
-11.4301
-11.5684
-10.9860
-11.1204
-11.2932
-11.1766
-11.7175
-11.3204
-11.5725
-11.1729
-11.7232
-11.2935
-11.5910
-11.3559
-11.5447
-11.5794
-11.2692
-11.6552
-11.5900
-11.4034
-11.2451
-10.9525
-11.0472
-11.2402
-10.8035
-10.5597
-10.1725
-9.7937
-10.1060
-9.8912
-9.1422
-9.7756
-9.8030
-9.1342
-9.3442
-9.4262
-9.3873
-9.2747
-8.9028
-8.2637
-8.6785
-8.5381
-8.6174
-8.3705
-8.4251
-8.5885
-7.8017
-7.6518
-7.6993
-7.5457
-6.6622
-7.1159
-6.9647
-6.8127
-6.4795
-6.1008
-6.2678
-6.1007
-5.9327
-5.9838
-5.8089
-5.3903
-5.6471
-5.0907
-5.2148
-5.3148
-5.2521
-4.9406
-4.7421
-5.0749
-4.6592
-4.4325
-3.5963
-3.7908
-3.8407
-3.9431
-3.2702
-3.3534
-2.5947
-2.9753
-2.8283
-2.6113
-2.3687
-2.2286
-2.1503
-1.0714
-1.0873
-1.3054
-1.1483
-0.7286
-0.9387
-0.2075
0.0678
0.1444
0.5921
0.9296
1.5063
1.3941
1.4734
2.7029
2.3160
3.2338
2.6611
3.5413
3.2149
3.6538
4.1955
5.3661
6.6154
6.3808
6.7964
5.4313
6.1163
5.9459
6.6344
6.4648
6.7798
7.1094
7.1756
7.5051
7.3024
8.1296
7.3391
7.7326
7.5437
7.5536
8.7317
8.2359
9.7037
9.0910
9.5655
10.1052
9.8436
10.2902
10.7841
11.6527
11.5724
11.7549
12.4284
12.4926
12.9282
13.2562
13.6661
14.1887
13.6553
14.1465
14.3829
14.7737
14.7842
14.2411
14.6579
14.1255
14.0353
14.3531
13.5803
13.4045
13.3280
13.8724
13.4889
13.4030
13.3851
12.9866
13.0288
13.7588
12.8654
12.9588
13.5808
12.3369
12.4911
11.9793
11.7755
11.7465
11.1498
11.2795
10.8620
10.6773
9.9728
10.0124
9.4336
9.4872
8.8028
8.5729
8.2933
8.1609
8.5357
8.4915
8.0398
7.9278
8.0698
7.8269
8.1434
8.2193
8.9623
8.7938
9.7823
8.8871
9.1758
8.9912
9.5899
9.1901
9.4724
9.6755
9.9935
10.2311
10.7511
10.8191
11.1177
10.9690
11.0848
10.9739
11.1382
10.9356
10.9755
10.8515
11.2054
11.3189
11.5326
11.5967
11.6588
11.7085
11.4625
11.5191
11.5845
10.9302
11.1088
10.7170
11.1156
11.2872
11.3409
11.5187
11.5927
11.4668
11.6185
12.0027
12.0071
12.3073
12.3915
12.9000
11.9486
11.8720
11.6814
11.7636
11.6362
11.8401
11.2229
11.2004
10.7375
10.6035
10.2159
10.0508
9.7771
9.5557
9.1745
8.6305
8.4689
8.4030
7.3198
7.0004
6.8419
6.7870
6.7622
6.0349
6.1235
5.5986
5.5206
5.1182
5.0473
4.8990
4.9405
4.5555
4.6405
4.3764
4.4612
3.7422
3.6378
3.6718
4.1182
3.3554
3.6484
3.4997
3.6713
3.7016
3.3929
3.1638
2.9906
2.8622
2.9935
3.4662
2.9032
2.9759
3.1582
2.8507
2.7830
2.6161
2.9671
3.0418
3.6313
3.0133
3.0117
2.9002
2.9955
3.0748
2.7636
2.8907
2.6925
2.6679
2.7152
2.6919
2.4044
2.3089
2.3852
2.4577
2.3886
2.3853
2.5400
2.5315
2.9422
2.6404
3.3060
3.1061
3.2471
3.2685
3.4575
3.4608
3.7545
4.2913
4.6127
5.3040
4.9931
5.5498
5.4526
5.4569
5.2547
5.4406
5.5984
5.7033
6.0750
5.1768
5.1702
4.6716
4.2075
4.3840
4.3266
4.5137
3.9085
3.3369
2.3875
2.4283
2.4127
1.9120
1.6523
1.2562
1.2253
1.0814
0.8095
0.7037
0.8855
0.5882
0.5934
1.1283
1.1051
1.1865
0.9804
1.1584
0.7119
0.3280
0.7217
0.4973
0.5799
0.2915
0.6074
0.2998
0.2572
0.6515
0.3646
1.0025
0.9135
0.6825
0.6212
0.2812
0.1090
0.3097
0.3093
0.6247
0.6169
0.5745
0.7086
0.5102
0.2913
0.1290
0.8690
0.7460
1.0339
1.2934
1.4024
1.7356
1.7033
1.3383
1.7920
1.5287
1.4425
1.4979
1.4091
1.2895
0.8681
0.7386
0.3601
0.1281
0.0538
-0.2154
-0.2505
-0.1420
-0.0834
-0.1637
-0.2894
-0.4017
-0.4513
-0.4821
-0.3981
-0.2084
0.0303
0.4083
-0.0787
0.4175
0.2243
0.1233
-0.1052
-0.0458
-0.0476
-0.0129
0.1732
0.1257
0.2805
-0.0625
0.0039
-0.3326
-0.2528
-0.4516
-0.6613
-0.7893
-0.6404
-0.5055
-0.5790
-0.8376
-0.5068
-0.6175
-0.9170
-0.9023
-1.4041
-1.3628
-1.6994
-1.8304
-1.9492
-1.9788
-2.0736
-2.5824
-2.7794
-2.9908
-2.8576
-3.2596
-3.2769
-3.7547
-4.2947
-4.4266
-4.6054
-4.8101
-4.9044
-4.7332
-4.8515
-4.9026
-4.5753
-4.9695
-4.6794
-5.0338
-5.0487
-5.2005
-5.0443
-5.1901
-4.6287
-4.7341
-4.9977
-4.7792
-5.2343
-5.4414
-5.4649
-5.8375
-5.9839
-6.2261
-6.3207
-6.4546
-6.3714
-6.5363
-6.3432
-6.6120
-6.8208
-6.8978
-7.1575
-7.0116
-7.4467
-7.5334
-7.6313
-7.9042
-7.7730
-7.9675
-7.8845
-7.8337
-7.6726
-7.5233
-7.1079
-7.0775
-6.9030
-6.7299
-6.5208
-6.4102
-6.1406
-6.0300
-5.7173
-5.8230
-5.6153
-5.6151
-5.2992
-5.1803
-5.4853
-5.4996
-5.4907
-5.7339
-5.8690
-6.0062
-5.9999
-6.1770
-6.2419
-6.3500
-6.5043
-6.5263
-6.4109
-6.6418
-6.6616
-6.7575
-6.6795
-7.0330
-7.2110
-7.4010
-7.3589
-7.6276
-7.7999
-7.8421
-8.0137
-7.9063
-8.2513
-8.4146
-8.5075
-8.6781
-8.7192
-8.9630
-9.0592
-9.1883
-9.3117
-9.1744
-9.2887
-9.5094
-9.4741
-9.4670
-9.4454
-9.5147
-9.5479
-9.3828
-9.6081
-9.5500
-9.5479
-9.5371
-9.6178
-9.5867
-9.7293
-9.4821
-9.8451
-9.5745
-9.8844
-9.7662
-9.9109
-9.7745
-9.6733
-9.8921
-9.7991
-10.1115
-10.1629
-10.2078
-10.2309
-9.9588
-10.1870
-10.1559
-9.9787
-10.0992
-10.0823
-9.8092
-10.1255
-10.1698
-10.1964
-10.2458
-10.0891
-9.9410
-10.0040
-10.0901
-10.0436
-10.1154
-10.1161
-10.1410
-10.0152
-10.0319
-9.6449
-9.9850
-9.9535
-10.0633
-9.8973
-10.0475
-9.9573
-9.9130
-9.6489
-9.8917
-9.8094
-9.7118
-9.4672
-9.2239
-9.1746
-9.1128
-9.2792
-9.2743
-9.3069
-9.2477
-8.7370
-9.0550
-9.0348
-9.0680
-9.1570
-9.1343
-9.2038
-8.9626
-9.1633
-8.8292
-8.8518
-8.9723
-9.1128
-9.0909
-9.2051
-9.1542
-9.1032
-8.6985
-8.5585
-8.2110
-7.8766
-7.7271
-7.6922
-7.5304
-7.6740
-7.6670
-7.5499
-7.4246
-7.3799
-7.2769
-7.2610
-7.0904
-6.9288
-6.5642
-6.5361
-6.4862
-6.1719
-6.1952
-5.8885
-5.5359
-5.7151
-5.9684
-5.9283
-6.0109
-6.0704
-6.0386
-5.6138
-5.3080
-4.7703
-5.1250
-4.7629
-4.6684
-4.4635
-4.3901
-4.3298
-4.2618
-4.1135
-3.9838
-4.0891
-4.5127
-4.6846
-5.0476
-4.9675
-5.5268
-5.8902
-5.6315
-5.7048
-5.9165
-5.2839
-5.7507
-5.9074
-5.9992
-6.1308
-6.4862
-6.4373
-6.8340
-6.8699
-6.8711
-7.0247
-7.0502
-7.1063
-7.5586
-7.6049
-7.3824
-7.2744
-7.6997
-7.5321
-7.8135
-7.8281
-8.1470
-8.0360
-7.7837
-7.9175
-7.7236
-7.6620
-7.8866
-7.7812
-7.6643
-7.5942
-7.6308
-7.4732
-7.7995
-8.0839
-8.0598
-6.9062
-7.9425
-7.9437
-7.5106
-6.5787
-7.4385
-7.3710
-7.0490
-7.3538
-6.6133
-6.7496
-7.1211
-6.4802
-6.6996
-6.8244
-5.9447
-6.2747
-5.6967
-6.8248
-7.0507
-6.1489
-6.3826
-5.9623
-6.2973
-6.2250
-6.4947
-5.9916
-5.4279
-5.1376
-5.6776
-5.6436
-5.4772
-5.6086
-4.9345
-4.8002
-4.9973
-4.0945
-3.7669
-3.3479
-3.3687
-3.2816
-3.2356
-3.2472
-2.8827
-2.1564
-2.2619
-2.1746
-1.4743
-1.9606
-1.7351
-1.2664
-0.0447
-0.5865
-0.9703
-0.5201
-1.2674
-0.8193
-1.3598
-0.7027
-1.2144
-1.3165
-1.0537
-0.7372
-0.2149
-0.2072
0.1450
1.0620
1.5654
1.9275
1.9993
2.3459
2.7126
2.8627
3.6432
3.0855
3.6526
3.1423
2.8107
3.3975
2.9883
4.3144
3.3295
3.9213
4.4970
4.4805
3.8614
4.9801
4.3527
4.1475
3.6933
3.6946
3.6549
3.6780
3.9793
3.5107
3.2866
3.4802
3.4491
4.0198
3.4595
3.9212
4.0800
4.3298
4.2611
4.0795
4.1259
4.1379
4.2487
3.9641
4.2460
4.1944
4.2645
3.5800
3.6174
3.6640
3.0598
2.9429
3.1872
2.6713
2.4375
2.5804
2.1652
1.9882
1.9901
2.0176
2.0042
1.7911
1.9041
1.7452
1.6326
1.5753
1.3935
1.6503
1.4999
1.7687
1.4934
1.5021
1.5916
1.7484
2.0019
2.0926
2.3898
2.6078
2.7797
3.0247
3.2263
3.7243
4.0537
4.1196
4.7288
4.8535
5.2518
5.8118
5.8742
6.5814
6.5983
7.0616
7.2022
7.9958
7.8436
8.6002
8.9438
8.9887
9.2121
9.4149
9.7514
9.7144
10.0675
9.9404
10.1683
10.1957
10.1890
9.8375
9.8624
10.2885
9.9495
10.3669
10.0196
10.3682
10.7347
10.3268
10.1968
10.1807
10.1176
10.6315
10.8861
10.9586
11.2968
11.7402
12.4087
12.8192
12.9312
12.5427
12.9507
13.4614
13.1374
13.9352
13.6866
14.3790
14.3670
14.5296
14.7716
14.9325
16.3706
15.1758
14.8749
14.6683
15.3992
14.6037
14.3184
14.8973
14.8770
15.1193
15.3725
16.0243
16.5234
17.3863
17.6254
17.6184
17.5056
18.2725
17.7490
18.1950
19.2080
18.3832
18.9774
20.3910
20.3322
19.8064
20.5187
20.2226
21.6989
22.0602
23.4911
22.2654
23.3065
23.3591
23.6613
24.4067
24.7127
24.5441
25.6267
25.1086
24.7597
24.7517
24.8361
24.1835
24.2334
23.3582
23.2964
22.5520
21.9672
21.5158
20.6911
19.8392
19.0076
17.9100
17.2581
17.8963
16.8749
16.2949
15.6290
15.0417
14.7845
13.9698
13.4395
12.3662
12.1358
11.2911
11.1118
10.8337
10.6280
9.7715
9.8193
9.4259
8.8156
8.3772
8.3660
7.6033
7.5225
7.0951
7.0895
6.8890
6.5268
5.9627
5.3470
5.3917
4.5676
4.4879
4.8083
4.4883
4.1350
4.1057
4.1543
3.5090
3.0138
3.2271
3.2410
3.4952
2.9566
2.9764
2.7062
2.6448
2.5648
2.8533
2.8318
3.2792
2.6091
2.7363
2.5139
2.9182
2.4924
3.0477
2.8022
2.6909
3.0410
2.4885
2.5475
2.1723
1.7250
1.6819
1.5296
1.3018
1.4954
0.9818
0.9459
0.5212
0.5563
-0.2904
-0.8824
-0.4281
-0.6461
-1.2497
-1.3586
-1.8037
-1.9098
-1.6474
-2.0093
-1.9165
-2.2689
-2.3555
-2.1634
-1.8396
-2.2414
-2.2276
-2.2625
-2.6328
-2.9088
-2.9994
-3.0843
-3.4348
-3.4827
-3.6107
-3.1892
-3.5704
-3.4873
-3.4622
-3.2976
-3.3841
-3.8689
-3.9045
-3.6769
-3.9676
-3.9687
-3.8900
-3.9983
-4.1327
-3.7410
-4.2096
-4.1206
-4.3606
-4.4000
-4.4400
-4.4286
-4.2458
-4.4581
-4.5276
-4.4748
-4.5822
-4.2577
-4.4204
-4.3643
-4.4373
-4.5187
-4.4358
-4.0848
-4.2359
-4.0499
-4.1079
-4.1598
-3.7637
-4.0857
-4.0867
-4.0804
-4.3914
-4.4762
-4.4089
-4.3235
-4.0723
-3.8870
-3.9857
-4.0939
-3.9727
-4.2134
-4.0908
-3.8872
-4.0406
-4.0982
-4.0156
-3.9926
-3.9342
-3.8983
-3.8508
-4.2052
-3.9794
-4.0694
-3.5862
-3.7512
-3.6864
-3.6838
-3.5962
-3.3393
-2.9329
-3.3216
-3.3612
-3.6274
-3.7395
-3.4403
-3.8073
-4.0008
-3.6334
-3.4663
-3.6456
-3.5916
-3.8085
-3.3758
-3.9185
-3.7307
-3.3763
-3.6722
-3.3788
-3.3540
-2.9918
-3.0205
-2.8809
-2.5476
-2.5698
-1.8848
-2.1696
-2.3612
-1.8119
-1.4621
-1.6946
-1.3044
-1.5892
-1.5172
-1.1125
-0.8175
-0.6652
-0.2813
0.1642
-0.2631
0.0787
-0.0779
-0.0119
0.3542
0.7515
1.3643
1.3619
2.0928
1.3758
1.2889
1.3491
1.6221
1.4187
1.6331
2.0381
2.1563
2.2905
2.0476
2.4332
1.7463
1.5677
1.4064
1.3235
1.2661
1.1825
0.9115
0.6479
-0.0045
0.0029
-0.4675
-0.6214
-1.2283
-1.0209
-1.1749
-0.6939
-1.5281
-1.8354
-2.7272
-2.8414
-2.7584
-3.1367
-3.3305
-3.8459
-3.9568
-4.3016
-4.5026
-4.7490
-4.9801
-5.3013
-5.4528
-5.6129
-5.6879
-5.7661
-5.7725
-5.8357
-5.8402
-5.9445
-5.7918
-6.0668
-6.0831
-6.0665
-6.0193
-5.9536
-5.8580
-5.8275
-5.7696
-5.7847
-5.8440
-5.7405
-6.0480
-6.0747
-6.0763
-6.0538
-5.8708
-6.1585
-5.8850
-6.0605
-5.8237
-6.1402
-5.6625
-6.2365
-6.2282
-6.3479
-5.9152
-6.0218
-6.0052
-6.0815
-5.9778
-6.1236
-6.2055
-6.0668
-5.8844
-5.9623
-6.0334
-5.9914
-5.9650
-5.7356
-5.8542
-5.7818
-5.7676
-5.6084
-5.7003
-5.9791
-6.0029
-6.0298
-6.0374
-5.7327
-5.9474
-5.8369
-5.8576
-5.7157
-5.6188
-5.4423
-5.3429
-5.1665
-5.0005
-4.7927
-4.5808
-4.3812
-4.1579
-3.9769
-3.7845
-3.6933
-3.4145
-3.5929
-3.5936
-3.5970
-3.5721
-3.6496
-3.7183
-3.8926
-4.0498
-4.1860
-4.3397
-4.4720
-4.6002
-4.7137
-4.8246
-4.8402
-4.9697
-5.0026
-5.1469
-5.1862
-5.2545
-5.2857
-5.1740
-5.3992
-5.4420
-5.4445
-5.4571
-5.4717
-5.4953
-5.5153
-5.5437
-5.5713
-5.6189
-5.6411
-5.7165
-5.7545
-5.8838
-5.9739
-6.1028
-6.1952
-6.3039
-6.4183
-6.5890
-6.5794
-7.0141
-7.2314
-7.4401
-7.6131
-7.6926
-7.8696
-7.9678
-8.1745
-8.3060
-8.4270
-8.5418
-8.6435
-8.7320
-8.7286
-8.8289
-8.8403
-8.9464
-8.9796
-8.9921
-8.8486
-9.1078
-9.1779
-9.2820
-9.3455
-9.4823
-9.5572
-9.6583
-9.7123
-9.7705
-9.8288
-9.8952
-9.9614
-10.0212
-10.0721
-9.9057
-10.0929
-10.0971
-10.0278
-9.9647
-9.9386
-9.9128
-9.9332
-9.9084
-9.8299
-9.7458
-9.3504
-9.4693
-9.3073
-9.2683
-9.1653
-9.0598
-8.9867
-8.8972
-8.8582
-8.7872
-8.7444
-8.6441
-8.5073
-8.3544
-7.9566
-8.0065
-7.8016
-7.6037
-7.3570
-7.1134
-6.7891
-6.6029
-6.3001
-6.1488
-5.8625
-5.6426
-5.3899
-5.0970
-4.9572
-4.5675
-4.7695
-4.6781
-4.6012
-4.4628
-4.2884
-4.0141
-3.5440
-3.4354
-3.2427
-3.0293
-2.8250
-2.5522
-2.2154
-1.8455
-1.4473
-0.9833
-0.1379
-0.1662
0.2132
-0.0221
0.6062
0.9612
1.5151
1.1208
1.8890
1.5691
2.0395
1.9092
1.5279
1.9009
1.8544
1.8963
1.6652
1.4211
1.0143
2.0114
1.8917
2.0235
1.9206
2.2868
3.2631
3.1255
3.4783
4.3456
4.1901
4.1624
3.7803
3.7629
3.8178
4.0384
3.8753
4.1222
4.7480
4.6309
5.0095
4.8236
5.6353
5.4032
5.2664
5.7306
5.5258
5.5676
5.0929
5.0168
5.4420
4.5423
4.2972
4.4155
4.2895
3.8627
3.8500
4.0029
3.7379
3.8355
4.8381
4.3594
4.3251
3.9835
3.8111
3.5432
3.3961
4.0827
3.2815
3.4118
4.1196
4.3184
4.0377
4.7461
3.7095
3.6981
4.0204
3.6547
4.1298
3.5240
3.7285
3.4558
3.2383
3.2200
3.0317
3.1193
3.4191
3.2302
3.2670
3.0098
3.0636
2.6675
3.1060
2.9020
3.2277
2.9653
3.4025
2.9849
2.7307
2.4577
2.1685
2.1762
2.7191
1.8387
1.4705
1.9428
1.2077
1.6460
0.8278
1.8564
0.2889
0.5130
1.4874
0.4873
0.3487
-0.0128
-0.8070
-0.8872
-0.0900
0.2137
0.5160
0.9935
1.5855
0.7147
0.8513
0.7429
0.2613
0.3039
1.1035
0.2821
-0.3107
0.5180
-0.2171
-0.6229
-0.3681
-0.0283
-0.4951
0.0726
-0.1021
0.2699
-0.2750
-0.3396
0.1565
0.1983
0.1571
0.6995
0.6908
0.2404
0.4603
0.6122
0.6439
1.0838
0.8031
0.7460
1.1123
0.5433
0.5993
0.1620
0.5454
0.9315
1.3530
0.7036
0.9229
1.2607
0.7878
1.3481
1.7038
1.0846
1.4536
1.5206
1.7657
1.5718
2.3309
2.0847
1.8570
2.1176
2.0778
2.3397
1.9744
2.1277
2.1955
1.6265
1.6681
1.3897
1.4429
1.4067
1.5397
1.5569
1.5145
1.6810
1.5900
1.8051
1.3867
1.9608
1.9356
2.3736
1.7070
1.4171
1.2593
1.5395
1.3036
1.1435
1.8966
1.7849
1.8533
1.4304
2.1859
1.4162
