-0.7245
-0.4932
-0.3690
-0.4378
-0.4837
-0.5150
-0.4619
-0.5809
-0.3667
-0.4439
-0.3638
-0.4052
-0.4783
-0.5199
-0.5577
-0.6709
-0.2745
-0.3738
-0.5480
-0.1659
-0.3631
-0.1682
0.2389
-0.4130
0.0384
-0.1866
0.1271
0.9056
1.3523
1.3997
1.4941
1.2230
1.2597
1.6490
2.3745
2.4759
2.3247
2.9101
2.6518
2.7264
2.7530
2.5061
2.8476
2.7478
2.5335
2.6475
3.2233
3.3593
2.9239
3.1739
2.6108
2.9239
2.3428
2.1445
2.0949
1.1616
0.9410
0.7472
0.6382
0.6022
0.4713
0.3164
0.1770
0.2696
0.0429
0.0534
0.0309
0.0635
0.0013
-0.0347
-0.0674
-0.1561
-0.1841
-0.0966
-0.3481
-0.3722
-0.3660
-0.1517
-0.1745
-0.1695
0.5725
0.4119
0.4837
1.0576
1.0735
1.0957
1.5459
1.3402
1.5597
1.9606
2.6039
2.2489
2.7866
1.4721
1.9697
1.3258
1.4054
1.4797
1.2524
1.6408
0.9614
1.7052
1.7866
0.6977
0.6153
0.8781
0.8639
0.6322
0.8466
0.9294
0.4744
0.6790
0.4424
0.4579
0.1420
0.3870
0.4020
0.5894
0.6881
0.0815
0.1843
-0.0424
0.3159
0.2153
0.4400
0.1995
0.4837
0.8559
0.9678
0.4432
-0.0065
0.5667
-0.2070
0.4934
0.7331
-0.1423
0.4336
0.9240
0.6532
0.8804
1.1414
0.9463
0.5495
0.7006
1.1860
1.1242
0.8318
0.2528
0.0437
-0.0416
-0.4282
-0.7224
-0.8306
-1.0153
-0.9078
-0.9610
-1.4378
-1.5733
-1.7833
-1.7639
-1.7911
-1.7427
-1.7269
-1.6578
-1.6031
-1.6129
-1.6178
-1.5072
-1.6624
-1.7451
-1.7274
-1.5828
-1.7865
-1.8462
-1.8844
-2.0043
-2.0538
-2.1075
-2.0864
-1.9490
-1.9488
-1.5384
-1.8350
-1.7586
-1.4847
-1.8384
-1.9562
-1.9929
-2.1890
-2.2488
-2.3923
-2.4031
-2.3900
-2.3615
-2.2715
-2.3035
-2.1048
-2.2912
-2.2993
-2.2662
-2.2771
-1.9880
-2.1141
-2.0006
-1.9976
-1.8831
-1.8516
-1.6904
-1.7089
-1.6717
-1.7199
-1.6301
-1.6738
-1.5506
-1.4598
-1.4393
-1.6109
-1.4627
-1.6848
-1.6734
-1.7567
-1.7472
-1.5446
-1.5667
-1.3833
-1.4830
-1.2112
-1.1376
-1.1623
-1.0761
-0.7332
-0.8190
-0.8666
-0.6668
-0.9725
-1.0278
-0.7317
-0.4652
-0.0079
0.3658
0.2381
0.5151
0.3533
1.4757
0.3799
0.5364
1.2909
1.3610
0.8025
0.9277
1.7044
0.9734
1.8489
1.4581
1.4617
1.5417
1.9916
1.3725
1.8129
1.9953
1.4820
1.5402
1.2783
1.5116
1.7088
1.6774
1.7032
1.5423
1.2503
1.6750
1.0174
1.0209
1.4199
0.6198
0.3939
0.8595
0.5524
1.0313
0.9015
1.1426
1.2873
0.9235
1.0766
1.7007
1.6736
1.0111
1.0297
0.8138
0.6398
0.4891
0.4086
0.4245
0.6571
0.4235
0.4700
0.5913
0.2596
0.3751
0.2794
0.3074
0.4319
0.1058
0.0711
0.0186
0.1396
0.3887
0.2701
0.2758
0.3012
0.4125
0.9854
0.8655
0.6744
0.8587
1.2292
0.6117
0.5394
0.5429
0.6959
0.4691
0.0212
0.0555
0.2043
-0.2232
-0.0910
-0.2273
-0.1259
-0.2540
0.0922
0.1564
0.4248
1.1021
0.7546
1.3013
0.6499
1.0889
0.6246
1.0585
1.0027
0.8765
0.5354
0.9333
0.8197
0.9861
0.1293
0.1302
0.1682
0.2132
0.6509
0.4520
0.5655
0.4129
0.8796
0.5748
0.8208
0.6367
0.8356
1.2494
0.5523
0.7342
1.3518
1.1353
1.7565
0.8412
1.0142
1.2245
0.7002
0.8518
1.0344
0.5775
0.4170
0.2892
0.3484
0.2046
0.4498
0.4795
0.7229
0.7536
0.7640
0.5378
0.8088
0.5622
0.9267
0.7677
1.6282
0.9673
1.0580
1.1850
0.5292
0.8721
0.1658
-0.0040
0.4342
0.4410
-0.0941
0.0127
-0.1920
-0.4467
-0.6307
-0.7485
-0.4966
-0.6054
-1.0948
-1.0674
-1.0438
-1.0417
-0.9128
-1.3503
-1.1114
-1.0228
-1.4653
-1.5380
-1.4037
-1.5928
-0.9735
-1.6371
-1.4327
-1.4192
-1.5341
-1.6164
-1.7852
-1.1037
-1.8781
-1.4072
-1.7885
-1.4869
-1.3800
-1.1579
-1.2271
-1.0084
-1.5849
-0.8984
-1.1225
-0.5707
-0.3844
-0.7792
-0.4301
-0.2215
-0.0618
-0.3192
0.3338
-0.7740
0.2505
-0.2968
0.1711
-0.4589
-0.1683
-0.5834
0.0714
-0.2572
-0.2498
-0.2413
-0.3362
-0.4274
-0.3162
-0.8574
-0.7898
-0.9485
-1.0369
-1.4360
-1.8219
-1.4702
-1.2272
-1.6319
-1.5478
-1.5658
-1.3699
-1.5852
-1.5917
-1.6608
-1.6112
-1.6869
-1.5183
-1.9021
-1.6883
-1.9135
-1.7921
-1.8370
-1.8142
-1.5936
-1.8192
-1.0948
-0.9980
-0.9156
-0.9040
-0.4975
-0.8426
-0.6140
0.1926
-0.2896
-0.9226
0.2464
-0.2814
0.1625
0.2730
0.0650
0.0004
0.0097
0.0173
0.4808
0.0001
0.0954
0.3368
-0.0048
0.3629
-0.0273
0.2926
0.0827
0.0837
0.1361
-0.1519
-0.3732
-0.5474
-0.8015
-1.0012
-1.0954
-0.8140
-1.0016
-0.5986
-0.8411
-0.7737
-0.2102
0.0158
-0.1450
0.0023
0.0214
0.4296
-0.2299
-0.2214
0.3747
0.4176
0.5087
0.4386
0.6516
0.4682
0.8583
1.0138
1.0675
0.9051
0.7938
0.7958
0.8641
0.8668
0.9777
0.8310
0.3842
0.3935
0.2689
0.3916
0.4526
0.4810
0.4347
0.3370
0.2772
0.6638
0.2647
0.3464
0.3354
0.3977
0.3625
0.4159
0.4445
0.5203
0.5366
0.5839
0.6404
0.5578
0.7554
0.4376
0.4317
0.4333
0.4532
0.4838
0.5410
0.5774
0.8306
0.6273
0.7168
0.6124
0.6501
0.4795
0.5589
0.4825
0.6083
0.5235
0.7553
0.4131
0.2987
0.1316
0.0040
-0.0977
-0.0906
-0.1125
-0.1617
-0.2466
-0.3581
-0.3035
0.0600
0.1049
-0.3343
-0.1474
0.1396
0.0717
0.3760
0.5088
0.1608
0.1241
-0.1722
0.4660
0.4659
0.1829
0.0241
-0.1171
0.0552
0.3452
-0.0421
0.1919
-0.0089
0.3133
0.3812
0.2191
0.1985
0.2963
0.1584
0.1461
0.0893
0.2296
-0.0024
0.5987
-0.1394
-0.1467
0.2504
0.3472
0.5966
0.2145
0.5647
0.1751
0.2894
0.6432
1.1548
0.8783
0.8664
0.4413
1.0340
1.4355
0.7950
1.9256
2.1160
4.1507
4.2091
5.3994
4.6431
4.7333
3.4483
4.4430
3.6104
4.0405
3.4001
4.3374
3.0016
3.0247
2.3136
1.4775
1.4729
1.3700
1.4737
1.5575
1.1363
0.6737
0.5622
0.4108
0.0132
0.4604
0.1379
0.8986
-0.2107
0.1511
-0.5100
-0.2885
-0.3148
-0.8083
-0.2389
-0.2543
-0.3074
-0.3743
-0.0343
-0.2862
-0.5565
-0.7864
-0.7856
0.0056
0.0148
-0.4545
-0.3948
-0.8104
-0.7620
-0.0297
-0.1304
-0.2567
-0.0151
-0.6091
-0.5858
-0.7029
-0.3845
-0.6655
-0.2672
0.0602
-0.5185
-0.5302
-0.5360
-0.6529
-0.8258
-0.4804
-0.6967
-0.6534
-0.5855
-0.6089
-0.6855
-0.6398
-0.6903
-0.4710
-0.7338
-0.7209
-0.6665
-0.3846
-0.6002
-0.5681
-0.6108
-0.6036
-0.4883
-0.5694
-0.3361
-0.4290
-0.3836
-0.5451
-0.1447
-0.0378
-0.3017
-0.5166
-0.3359
-0.3893
-0.2480
-0.2090
-0.1573
0.1265
-0.1154
-0.0579
-0.1017
0.2123
0.0052
0.0515
-0.0350
-0.0562
-0.1254
-0.0199
0.0254
0.1661
0.0872
0.0926
-0.0629
-0.0214
-0.0250
0.0435
0.0513
0.0870
0.1033
0.1419
0.2454
0.2332
0.2756
0.2396
0.2481
0.3087
0.3062
0.7348
0.3676
0.3846
0.4317
0.5166
0.5086
0.6057
0.5638
0.9041
0.6678
0.9359
0.8802
0.8005
0.8509
0.9120
0.9227
1.2919
1.1826
1.3638
1.2745
1.4549
1.2985
0.9949
1.2283
0.9108
0.9686
0.9766
1.1112
1.0649
0.9485
0.9345
1.0216
0.7275
0.8651
0.6864
0.7755
0.7858
0.8686
0.8231
1.0642
0.8680
0.8952
0.9933
1.2187
1.1752
1.1209
1.1509
1.2682
1.2306
1.0772
1.5516
1.5647
1.2518
1.1844
1.0720
1.2087
1.1386
0.8059
0.8783
1.1132
0.9541
1.1231
1.0158
1.0370
1.0062
0.6979
0.8910
1.0690
0.9135
0.6834
0.9378
1.5448
1.1438
1.2854
1.6911
1.2564
1.1356
1.3466
1.8589
1.3284
1.9203
1.3346
2.0056
2.7386
3.0507
2.5233
2.2059
2.4547
1.3455
1.5804
1.3816
1.5972
1.4514
1.7883
1.2622
1.5096
1.2428
1.3797
0.9564
1.3752
1.1580
0.8131
0.6913
0.8468
0.9063
0.9980
0.9576
0.9185
1.1142
1.0354
1.1410
1.4117
1.5197
1.4363
1.7153
2.0631
2.6435
2.3752
2.4572
2.1346
3.3849
2.2710
2.4909
2.3039
2.5537
2.2080
2.5817
1.7589
1.7057
1.3486
1.7381
1.8824
2.3625
2.1946
1.8562
1.9459
2.3857
2.1724
2.2868
2.1840
2.3581
2.3766
2.1566
2.0801
1.5051
1.1899
1.2380
1.8288
1.7228
2.2050
1.8192
2.6296
1.9378
2.3360
1.7949
2.0990
1.5337
1.8506
1.4540
1.8741
1.9735
1.2349
1.8469
1.0481
1.4211
0.3643
0.7551
0.4727
0.9157
1.6821
1.0816
0.9921
0.9054
1.2779
0.3611
0.6576
0.0850
0.1610
-0.1884
-0.0454
-0.2711
0.1508
-0.2371
-0.2048
-0.2964
-0.5248
-0.4149
-0.1576
-0.4105
-0.3446
-0.3034
-0.0854
-0.4168
-0.0343
-0.2339
-0.2007
-0.5531
-0.6294
-0.4110
-0.8064
-0.8792
-0.2851
-0.6907
-0.3361
-0.3979
-0.6502
-0.5464
-0.5358
-0.5606
-0.6310
-0.5370
-0.6441
-0.4043
-0.5344
-0.5339
-0.5190
-0.5093
-0.3200
-0.4791
-0.5004
-0.4413
-0.3920
-0.3482
-0.2857
-0.3434
-0.1117
-0.3332
-0.3105
-0.1044
-0.3329
-0.3188
-0.3467
-0.1608
-0.4442
-0.5126
-0.3058
-0.5730
-0.5461
-0.4047
-0.3571
-0.3972
-0.0483
-0.0678
0.0355
0.0185
0.2311
0.2344
0.0446
0.2349
0.4847
0.5077
0.4699
0.0601
0.7127
0.2128
0.2168
0.3406
0.4450
0.8317
0.9438
1.2688
0.5453
0.9082
0.6074
0.7150
0.8507
1.0107
0.8143
0.7235
0.8616
0.5481
0.6399
1.3047
1.1762
0.8244
0.6588
0.7584
0.8386
0.9075
0.8847
0.8331
0.8624
1.0071
0.8891
0.7939
0.7981
0.8668
0.7939
0.8072
0.6043
0.7560
0.5160
0.5084
0.5189
0.4304
0.3555
0.3127
0.3198
0.3305
0.4102
0.6410
0.4935
0.5302
0.5384
0.6073
0.5420
0.5091
0.3922
0.4006
0.4102
0.5411
0.7550
0.6629
0.8846
1.0165
0.7877
0.8065
0.7138
0.7685
1.0565
1.0513
0.8962
0.8797
0.8834
0.4601
0.6572
0.7556
0.8630
0.6978
0.7661
1.0203
0.9715
0.4786
0.6239
0.5100
1.4244
0.9953
0.9143
0.9023
0.6277
0.7840
0.4685
0.3342
0.1845
0.7367
0.0199
0.6337
0.7846
1.2261
1.6613
1.7097
1.1153
1.2367
1.2887
0.8648
1.3275
1.2096
1.4123
1.3654
1.3425
1.4845
1.5113
1.4411
1.7550
1.7710
1.9267
2.3779
2.4004
2.4713
2.0708
2.3139
2.1169
2.4855
2.7402
3.0670
2.7994
2.5697
2.7610
2.3217
2.2962
1.6105
1.2691
1.2891
1.3837
1.6713
1.5588
1.6678
2.0301
2.1995
1.8823
1.7451
1.6619
1.1432
0.9036
0.5013
0.4805
-0.0165
0.1353
-0.2068
-0.0151
-0.0017
-0.2116
0.1447
0.0837
-0.0552
-0.0261
-0.3907
-0.4492
-0.7331
-0.6972
-0.7167
-0.4960
-0.4477
0.0035
0.5688
-0.2072
-0.0348
0.2163
0.5003
0.8330
1.1811
0.4480
0.4917
0.7434
0.6736
0.9293
0.7375
0.4221
0.2067
0.5902
0.0533
0.0019
-0.1012
-0.0206
0.0956
-0.2994
0.0036
0.2335
0.4180
0.2177
0.5989
0.3189
0.6697
0.5679
-0.0713
0.4040
0.0855
0.2675
0.4501
0.5566
0.3539
0.2840
-0.0303
0.2129
0.1719
0.9741
0.5762
0.8515
0.0831
0.3866
0.4403
0.3447
0.1676
-0.0392
0.3720
0.0353
0.3378
0.5815
0.0091
0.1746
0.3280
0.0474
-0.2570
0.5429
-0.4243
0.2090
-0.1421
0.0843
-0.1002
-0.1045
-0.1217
-0.1532
-0.5058
-0.5034
-0.4340
-0.4434
-0.5818
-0.2243
-0.2392
-0.5162
-0.8215
-0.9609
-1.0127
-1.2098
-1.0657
-1.2201
-0.9950
-1.1801
-1.2729
-1.0338
-1.1733
-1.2243
-1.2080
-1.0528
-1.4137
-1.2774
-1.2535
-1.1410
-1.4787
-1.3055
-1.1493
-0.8123
-0.9263
-1.3520
-1.2361
-1.1558
-1.4300
-1.4315
-1.3761
-1.1521
-1.5661
-1.3832
-1.8001
-1.9582
-2.2504
-2.1494
-2.3049
-2.1561
-2.3545
-2.3627
-2.1199
-1.9985
-2.2311
-2.3388
-2.1957
-2.2337
-2.0102
-2.0740
-2.0258
-1.7414
-2.0167
-2.0079
-2.1459
-2.2566
-2.5906
-2.7118
-2.5734
-2.6900
-2.5985
-2.2509
-2.8268
-2.5072
-2.8482
-2.6286
-3.0428
-2.8219
-2.7710
-2.6762
-2.9126
-2.7420
-2.3967
-2.4472
-2.7919
-2.8432
-2.8321
-2.6365
-3.0108
-3.0200
-2.9166
-2.9505
-2.8247
-2.5057
-2.8814
-2.6705
-2.6539
-2.9112
-2.8982
-2.9233
-2.9775
-2.8213
-2.8475
-3.0712
-2.6772
-2.7759
-2.6049
-2.2891
-2.2604
-2.5172
-2.5067
-2.6879
-2.6966
-2.7289
-2.6063
-2.5671
-2.2778
-2.0857
-1.8697
-2.3724
-1.5824
-1.8670
-2.3715
-2.0711
-2.0040
-2.3303
-1.9443
-1.8790
-1.2723
-1.8554
-1.2976
-1.3184
-1.1271
-1.0093
-1.2807
-1.4026
-1.5141
-1.2926
-1.2716
-1.2664
-1.0712
-1.2137
-0.7768
-0.7332
-0.8960
-0.6490
0.5840
-0.1108
0.3813
0.4493
1.1395
1.1336
1.4857
1.5327
1.3563
0.5336
0.2555
-0.3489
-0.0702
-0.5776
-0.2959
-0.9600
-0.7272
-0.9839
-0.7592
-0.8756
-0.5160
-0.6550
-0.6222
-0.5476
-0.4144
-0.4452
-0.6856
-0.4972
-0.6958
-0.7459
-0.7494
-0.6005
-0.7065
-0.5696
-0.5413
-0.5081
-0.5657
-0.6452
-0.5960
-0.6899
-0.4709
-0.1368
-0.2906
-0.0308
0.3554
0.3943
0.3998
0.9499
1.2202
0.9405
1.4297
1.3904
1.8127
1.0278
1.6368
1.6866
0.9858
1.0070
1.1097
0.8498
0.6234
0.9804
1.3764
0.8191
1.1768
1.0530
1.1847
1.2092
1.0893
1.2377
1.6530
1.8918
1.9296
2.2810
2.0450
2.5039
2.3180
3.1925
2.9682
2.7852
3.0890
2.1117
3.1956
2.7719
2.4025
2.1097
1.5960
1.6589
1.9506
1.3012
1.2844
1.0221
1.6561
1.5256
1.1378
1.0540
0.3897
1.3760
0.0203
0.7930
0.5822
0.3796
0.2082
0.5418
-0.1333
0.5473
0.4498
-0.0545
0.1788
0.4129
-0.1456
0.2336
0.3268
-0.1870
0.3059
0.0580
-0.0192
0.4922
0.0113
0.5150
-0.1224
0.7706
0.1044
0.3931
0.6173
0.5854
0.4630
0.6885
0.5714
0.4069
1.0322
0.2357
0.1700
-0.0053
-0.2193
0.2227
-0.1486
0.0972
0.1298
-0.3503
-0.0382
-0.1149
-0.1883
-0.5053
-0.3432
-0.6482
-0.6194
-0.7369
-0.8158
-1.0580
-1.1138
-1.1490
-0.9514
-1.0617
-1.0746
-1.0053
-0.9298
-0.5414
-0.7015
-0.9117
-0.5889
-0.5565
-0.5809
-0.5972
-0.3048
-0.3416
0.0239
-0.2659
-0.1991
0.4031
-0.0202
0.0438
0.1046
-0.1486
0.0114
-0.4194
-0.5272
-0.6266
-0.4010
-0.6117
-0.3968
-0.5169
-0.6424
-0.8391
-0.7938
-0.8889
-0.5725
-0.8711
-0.8014
-0.8707
-0.8675
-0.8444
-0.9051
-0.9634
-0.3715
-1.0618
-0.6551
-0.9309
-0.3092
-0.3067
0.0463
0.0318
0.0332
0.4314
-0.2374
-0.1231
-0.0845
0.3330
0.5013
0.2732
0.5867
0.2817
0.5525
0.2313
0.2636
0.4579
0.3710
0.7493
0.2298
0.3309
0.2789
0.7098
-0.0898
0.7370
0.4961
0.7555
0.5328
0.4565
0.5385
0.8239
0.0433
0.6440
0.3649
0.4038
0.6084
0.5775
0.2827
0.4559
0.3553
0.4753
0.2404
0.2751
0.2776
0.4513
0.4925
0.2903
0.2346
0.1873
0.0819
0.1928
-0.0825
0.1133
0.1434
-0.0227
0.3923
0.8379
0.6754
1.7583
1.1699
1.7326
1.3621
1.5536
1.4882
1.7169
2.2096
1.7952
2.1743
2.0677
1.4393
1.5300
1.3558
1.8437
1.9092
1.9784
2.1831
2.0205
1.8863
1.5137
1.1332
1.3682
1.1221
1.2314
1.1710
1.1649
1.0112
0.8740
1.1996
0.7762
0.7793
0.5109
0.6188
0.5521
0.9540
0.5763
0.5366
0.9741
0.7290
1.1198
0.8892
0.8927
0.4004
0.2711
0.9467
0.9277
0.9707
0.8165
0.7569
1.3343
0.7054
0.6191
0.5974
0.4062
0.6300
0.7055
0.9527
1.2321
1.1025
0.9883
1.1858
1.0072
0.5601
0.7632
0.9162
0.5911
0.5461
0.7967
0.5720
0.8158
0.5783
1.0733
0.8802
0.7818
0.6755
0.9813
0.8383
1.4940
1.6486
1.3426
1.1459
0.8657
1.6613
1.0973
1.0241
1.7176
0.5197
0.5457
0.4423
0.4488
1.0364
1.6224
0.9139
1.3181
1.4090
2.2571
2.8055
2.3144
2.1413
2.1540
2.1251
2.5326
2.4255
2.9407
2.9429
3.1107
3.1106
2.4709
2.4156
2.7686
2.9474
2.5249
2.9339
3.9904
3.7458
4.3095
5.2258
5.0441
5.2384
4.3187
4.1212
4.5679
4.3758
3.9707
3.0263
3.6540
2.9390
2.8651
2.5094
1.8603
1.1754
1.1514
0.9306
0.8799
0.9833
0.4479
0.5033
0.0057
-0.1870
-0.1054
-0.5055
0.0856
-0.7446
-0.7102
-0.6863
-0.5279
-0.6542
-0.3635
-0.8832
-0.5464
-0.6539
-0.5541
-0.3445
-0.3712
0.2954
-0.1510
0.1377
-0.0183
-0.0711
0.1465
-0.2067
0.4368
-0.0322
-0.0858
0.3925
-0.1808
-0.2386
-0.2456
-0.2027
-0.2842
-0.6430
-0.7532
-0.8360
-0.9260
-0.9850
-0.9542
-0.9790
-0.8883
-0.9097
-0.8457
-0.5201
-0.7389
-0.6959
-0.8030
-0.8374
-0.8640
-0.9067
-0.9317
-0.9399
-0.7244
-0.6941
-0.8515
-0.8576
-0.7457
-0.7495
-0.7365
-0.8597
-0.9287
-1.0657
-1.0649
-1.2468
-1.2543
-1.3613
-1.3216
-1.3337
-0.8798
-1.2528
-1.2114
-1.1715
-1.1395
-0.8015
-1.0463
-0.8938
-1.0068
-0.4565
-0.6430
-0.3946
-0.1248
-0.3910
-0.5431
-0.6044
-0.6804
-0.8107
-0.6493
-0.5135
-0.8308
-0.5015
-0.5032
-0.5922
-0.7987
-0.8354
-0.8555
-0.7153
-0.9321
-1.0035
-1.0200
-1.0215
-0.7239
-0.9290
-0.7130
-0.8580
-0.7349
-0.6757
-0.8269
-0.8517
-0.6723
-0.9252
-0.9786
-1.0263
-1.0770
-1.1044
-1.1062
-1.0805
-1.0478
-1.0228
-0.8240
-1.0361
-0.8219
-0.7816
-0.8049
-0.6467
-0.5312
-0.3110
-0.5635
-0.4548
-0.7566
-0.7166
-0.5477
-0.6558
-0.7499
-0.6457
-0.4068
-0.6712
-0.3832
-0.5174
-0.6801
-0.3612
-0.6402
-0.2926
0.5820
0.2643
-0.4665
-0.4879
-0.3511
-0.4786
-0.6816
-0.5258
-0.6194
-0.6327
-0.3226
-0.4784
0.0447
-0.3981
-0.0703
-0.3132
-0.4960
-0.7292
-0.6595
-0.9129
-0.5247
-0.4859
-0.8613
-0.8466
-0.8186
-1.0621
-1.0968
-1.0716
-0.9395
-0.8384
-0.5641
-0.8275
-0.6911
-0.9416
-1.1008
-1.2801
-1.2237
-1.3917
-1.3879
-1.4596
-1.3828
-1.3161
-1.4968
-1.6916
-1.4287
-1.7211
-1.6840
-1.5791
-1.8234
-1.5898
-1.8741
-1.8031
-1.8368
-1.7345
-1.7005
-1.6020
-1.6748
-1.7039
-1.8411
-1.7428
-1.7632
-2.0287
-1.9964
-1.9676
-1.9999
-1.9605
-2.0477
-1.9949
-2.0447
-2.0159
-1.9600
-1.9218
-1.7881
-1.7747
-1.6951
-1.4026
-1.5032
-1.4103
-1.2002
-1.3681
-1.5234
-1.5328
-1.3190
-1.1544
-1.0730
-1.5097
-1.4952
-1.8642
-1.8432
-1.9525
-1.9208
-1.1669
-1.8410
-1.4422
-1.7547
-1.1847
-1.4672
-1.3972
-1.8873
-1.7595
-2.1690
-1.8447
-2.4358
-2.6794
-2.2195
-2.0800
-2.4088
-1.9659
-2.5030
-1.9593
-1.8794
-1.4996
-1.3323
-1.4847
-1.2028
-0.3110
-0.4522
-0.7214
0.1920
0.2161
1.0479
0.4005
0.8433
0.8966
1.0068
1.3242
0.7918
1.0676
0.9641
1.6153
1.5818
1.1812
1.0427
0.2401
0.4978
0.6104
-0.0158
-0.4571
0.3390
-0.2714
-0.8854
-0.9794
-0.6963
-0.8514
-0.8829
-0.5134
-0.6395
-0.6402
-0.5666
-0.5314
-0.0957
0.0807
-0.2535
-0.1957
-0.4157
0.1525
0.3893
0.3945
0.3666
0.1504
0.5366
0.6391
0.8521
0.9138
1.4586
0.9393
0.6683
0.5324
0.9264
0.6667
1.1129
0.6336
0.7228
0.2721
0.0953
-0.0300
-0.2937
-0.3802
-0.6377
-0.5059
-0.6239
-0.7022
-0.7073
-0.6645
-0.9894
-1.0662
-1.0362
-1.2530
-1.3730
-1.2160
-1.2621
-1.0383
-1.2284
-1.0995
-0.9343
-1.1693
-1.2839
-1.4272
-1.3063
-1.0834
-1.2809
-1.4014
-1.2733
-1.5351
-1.6157
-1.6172
-1.6280
-1.5385
-1.4899
-1.3806
-1.3749
-1.1532
-1.3916
-1.4488
-1.4905
-1.4723
-1.4927
-1.3977
-1.1834
-0.6918
-1.0635
-0.7202
-0.8331
-0.9308
-0.8242
-0.9026
-0.3545
-0.7418
-0.3053
-0.4538
-0.3035
-0.1066
-0.3825
-0.4035
-0.3230
0.1491
-0.0447
0.4081
-0.3230
-0.4839
-0.1838
-0.4701
-0.6879
-0.8085
-0.8618
-0.8946
-0.6539
-1.0274
-0.5882
-0.6609
-0.6393
-0.4903
-0.1114
-0.4037
0.0652
-0.2140
-0.4068
-0.4726
-0.5804
-0.5389
-0.7168
-0.4842
-0.8716
-0.8177
-0.8809
-0.7474
-0.7479
-0.6511
-0.6924
-0.6461
-0.6567
-0.4104
-0.7343
-0.5889
-0.8644
-0.9064
-0.7768
-0.5873
-0.3901
-0.1770
-0.1864
-0.1915
-0.2371
-0.2490
-0.2358
-0.1881
-0.1222
0.1731
0.0213
0.1860
0.2058
0.2769
0.2581
0.3865
0.1708
0.1293
0.3847
0.2750
0.4835
0.5876
0.6948
0.7042
0.7242
0.8530
1.1843
1.2250
1.3838
1.4783
1.6856
1.7902
1.8933
1.9537
1.5071
1.3025
1.8894
1.7949
2.0677
2.2746
1.9484
1.8283
2.2000
1.9279
2.6165
1.9554
1.6669
1.4427
1.8404
1.5352
1.7487
1.4665
1.6238
1.8563
1.8620
1.8751
1.7514
1.4213
1.4106
1.4240
1.2223
1.3115
1.2472
1.5638
1.3623
1.1551
1.7171
1.6739
1.9081
2.1291
1.8544
1.4046
2.2188
1.3621
1.7209
1.4307
1.6632
1.9512
1.6889
1.7020
1.6249
1.7378
1.6561
1.6290
1.6774
1.4646
1.5867
1.4716
1.2314
1.5974
1.0738
1.0140
1.0859
2.2080
1.7691
2.0117
1.7354
1.4878
1.5902
1.1988
2.2303
1.5724
2.1013
1.7241
1.6752
1.8146
1.4069
1.6473
1.2534
1.3446
1.2574
0.9808
1.2115
0.9123
1.0334
0.9863
1.3384
1.0739
1.7850
1.1954
1.2263
1.1468
1.1396
0.3632
-0.0040
0.5626
0.5580
0.8806
0.7486
0.7589
1.1521
2.0085
2.5035
1.2449
0.8506
1.1736
1.4413
1.4310
1.5006
0.9338
1.5051
1.1390
1.8489
1.7378
1.4022
1.6146
1.5227
0.7887
0.5747
0.7800
0.8429
0.3485
-0.0969
0.0154
0.3356
0.2262
0.5809
0.8670
0.7548
0.6223
0.3980
0.5428
0.1452
0.4217
0.9508
0.4867
0.3756
0.5503
0.5891
0.2499
1.0354
0.3203
0.5886
0.7912
0.3939
0.7693
0.9496
0.7315
0.8238
0.4812
0.4994
0.5220
0.8772
0.5666
0.7381
0.7775
0.9988
0.9660
1.0267
0.3045
0.5551
1.0754
0.8365
0.5364
0.9640
0.7476
1.1478
0.9586
1.0186
1.1380
1.1132
1.0974
1.1648
1.1644
1.1880
0.8364
0.9532
0.7131
0.7579
0.4660
1.2230
0.8933
0.8960
0.6832
0.8713
1.1339
0.7625
0.5073
0.8083
0.5260
0.9714
0.8814
0.7513
0.3762
0.2701
0.5521
0.8252
0.5585
0.7738
0.4351
0.5890
0.4905
0.5247
0.1646
0.3111
0.5866
0.5283
1.1425
0.9033
0.6187
1.2358
1.1892
1.6784
2.9762
1.9897
2.2692
2.4010
2.1761
2.8899
2.8600
3.8777
3.2236
3.4503
2.8613
3.2413
3.0617
3.0250
2.5712
2.3594
2.3657
2.0436
1.8879
2.3633
2.3470
1.8588
2.4729
2.3696
2.1855
1.7512
1.3490
0.7618
0.4785
0.8498
0.1554
0.2692
0.3295
0.3591
0.8511
0.5087
0.2411
0.2837
0.6952
0.5772
0.3981
0.0006
0.3835
-0.0707
-0.2626
-0.5799
-0.4823
-0.7334
-0.6286
-0.7444
-0.6976
-0.3802
-0.3970
0.0006
0.0136
-0.2350
-0.2451
-0.2070
-0.4276
-0.5215
-0.5443
-0.6180
-0.6363
-0.6841
-0.6278
-0.7208
-0.6782
-0.7351
-0.6284
-0.4820
-0.3032
-0.0190
0.3276
0.3855
0.4661
0.6581
0.9342
0.8095
0.7411
0.6990
0.5619
0.4838
0.3009
0.1646
-0.0504
-0.2182
-0.3873
-0.4169
-0.4893
-0.4322
-0.4462
-0.3153
-0.3302
-0.2638
-0.4023
-0.2236
-0.5410
-0.5916
-0.6393
-0.4123
-0.5768
-0.5193
-0.5078
-0.4546
-0.3349
-0.0898
-0.2167
-0.2836
-0.2360
-0.2896
-0.2132
-0.3145
-0.3187
-0.4189
-0.4721
-0.2850
-0.5157
-0.4800
-0.4513
-0.1458
-0.4273
-0.0286
-0.4436
-0.4086
-0.3030
-0.1382
0.2045
-0.0303
-0.1506
-0.0625
-0.1185
0.1041
-0.1583
0.0399
-0.3314
-0.0573
-0.0717
0.0453
0.5420
0.0026
-0.1067
-0.0844
0.2297
-0.1945
0.4252
-0.1544
0.3004
-0.1318
0.1045
0.1797
0.4631
0.6789
0.2436
0.0082
0.1154
-0.3229
-0.2727
0.2066
0.8234
-0.2339
0.1053
-0.2087
-0.6015
0.0932
-0.2402
0.4057
0.1116
-0.0069
-0.4521
-0.0577
0.2841
0.4345
0.9211
0.4832
0.8543
1.0245
0.7106
0.7910
0.9407
0.8474
1.2183
0.6999
0.9094
0.9794
0.4686
0.5963
-0.1658
-0.0349
-0.2852
-0.3178
-0.2900
-0.6281
-0.4244
-0.4942
-0.6755
-0.1654
-0.7821
-0.7882
-0.9759
-1.0241
-1.2270
-1.1639
-1.0468
-1.4169
-1.6016
-1.1831
-1.4601
-1.0253
-1.5837
-1.7639
-1.6763
-1.8887
-1.9463
-1.9259
-1.8003
-1.8338
-1.5815
-2.0385
-1.9334
-2.0702
-1.8036
-2.0598
-2.4480
-2.3071
-2.1612
-2.1163
-1.5874
-2.1766
-2.5635
-2.6704
-2.6812
-2.3868
-2.4622
-2.0101
-2.9270
-3.0072
-2.8786
-3.0740
-3.2641
-3.2512
-3.2804
-3.1034
-2.9542
-3.1056
-2.9466
-2.9144
-3.2148
-3.3099
-3.0802
-3.4309
-3.4738
-3.2858
-3.4894
-3.1874
-2.5996
-2.9618
-2.1474
-2.4446
-2.7321
-2.7246
-2.5840
-3.0546
-2.9083
-3.0720
-3.3252
-3.3913
-3.3684
-3.4173
-3.4240
-3.5568
-3.4771
-3.9023
-3.8981
-3.7146
-3.6209
-3.4127
-3.5201
-3.6059
-3.5915
-3.9161
-3.9995
-4.0309
-4.0671
-4.0851
-4.0314
-4.0654
-4.0602
-3.9270
-3.7601
-3.6969
-3.8707
-3.9676
-3.9363
-3.6860
-3.7841
-3.5875
-3.5743
-3.3082
-3.6699
-3.5601
-3.4746
-3.1124
-3.1325
-2.9588
-2.6504
-2.8070
-2.8637
-2.7460
-2.7304
-2.5990
-2.6194
-2.3861
-2.5962
-2.2521
-2.4873
-1.9538
-2.0594
-1.8487
-1.6734
-2.0314
-1.7187
-1.6888
-1.6454
-1.2460
-1.7144
-1.5378
-1.6454
-1.4690
-1.3921
-1.2555
-1.1146
-1.0415
-0.7587
-0.9181
-0.8115
-0.5814
-0.5137
-0.2291
-0.5720
-0.6117
-0.6142
-0.6294
-0.3786
-0.5179
-0.7803
-0.7046
-0.9699
-0.9764
-0.8862
-0.8941
-0.7561
-0.5180
-0.6023
-0.5193
-0.4597
-0.3727
-0.3854
-0.2126
-0.5985
-0.7235
-0.7997
-0.8447
-0.7503
-0.7448
-0.6718
-0.6449
-0.8043
-0.6606
-1.1056
-1.2196
-1.0767
-1.2431
-1.1706
-1.0544
-0.7885
-0.9719
-0.9745
-1.0982
-1.0145
-1.0576
-0.7973
-1.0955
-1.0599
-0.8469
-0.9782
-0.3259
-0.5616
-0.7635
-0.5199
-0.4518
-0.3064
-0.6141
-0.5344
-0.4872
-0.3774
-0.0481
-0.1317
-0.8486
-1.2086
-0.8552
-0.5609
-0.3206
0.0418
-0.2795
0.0293
-0.1609
-0.4098
0.1150
0.0302
0.1031
0.4938
0.2360
0.1017
0.1468
0.2033
0.4389
0.7454
0.9356
0.6697
0.5580
0.2668
0.3666
0.3973
0.6733
0.8582
0.9502
1.3504
0.9859
1.4810
1.0748
1.5127
1.2821
1.3740
1.5909
1.2837
1.6406
1.5145
1.6396
1.7513
1.7151
1.6344
1.9913
1.8265
1.5607
1.9937
1.5669
1.8510
2.4885
1.1714
1.4005
1.5922
1.0636
1.3106
1.3530
0.7279
0.7512
0.3522
0.1965
-0.0941
-0.3263
0.3767
-0.2444
-0.3548
0.0385
0.2551
-0.2462
0.0430
0.2459
0.1883
-0.2026
-0.0172
0.2273
0.8587
0.1512
0.5240
0.2483
0.7115
0.3330
0.0723
0.0339
0.4514
0.6984
1.1042
2.1353
0.6256
0.8334
0.8523
1.0501
0.3855
0.8526
0.5054
0.1540
0.0465
0.1369
-0.2161
-0.0259
-0.3568
-0.2095
-0.1000
-0.2481
-0.1826
-0.4414
0.0388
-0.7212
-0.6555
-0.7926
-0.6191
-0.4858
-0.8130
-0.6884
-1.0935
-1.1151
-1.1530
-1.0188
-1.0820
-0.8910
-0.8313
-0.9690
-1.0498
-0.7836
-0.5876
-0.8472
-0.3695
-0.3297
0.1817
0.7759
1.0699
1.7826
2.2083
2.0187
2.2807
2.5997
2.5361
2.1765
2.2984
2.6817
2.1533
1.7922
2.0075
1.6331
1.2895
1.1352
0.6637
1.0006
0.0560
-0.0924
-0.2677
-0.3436
-0.4296
-0.3051
-0.5528
-0.5703
-0.4470
-0.1773
-0.2916
-0.0129
0.0585
0.1891
0.2977
0.5599
0.7438
0.6886
0.5286
0.7152
0.4725
0.2274
0.2067
0.1664
0.1158
0.5288
0.0326
0.2212
0.7088
2.1509
2.0900
2.0317
1.5604
1.0545
1.4082
0.2203
0.6791
0.7008
1.1583
0.9758
-0.0171
-0.1132
-0.0495
0.6430
0.1075
0.0089
0.2430
-0.1890
0.1419
0.1726
0.1756
0.4569
0.1987
0.0963
0.1209
-0.2851
-0.2003
-0.3165
-0.4069
-0.3924
-0.6681
-0.5872
-0.3225
-0.3042
-0.8022
-0.3655
-0.3463
-0.4935
-0.1415
-0.0130
-0.4971
0.0315
-0.3313
-0.1930
-0.1530
0.2238
0.0888
0.0776
0.6322
0.3114
0.8734
0.4229
0.3135
0.7462
1.1657
0.5225
1.1692
0.4397
0.9145
1.0494
1.2197
1.0126
1.2131
1.0904
1.4281
1.5157
2.0180
2.3130
2.1848
1.3998
1.8456
1.0077
1.2876
1.2049
1.9461
1.5938
1.8103
1.4203
1.7153
0.9452
1.4685
1.4225
1.1445
0.8419
1.5291
1.2841
0.8454
1.2126
1.9305
2.3307
2.4026
2.6396
3.4673
3.4705
3.3513
4.0368
3.9646
5.0375
5.2053
4.5469
5.3732
4.4097
4.7009
3.6365
5.1639
3.5686
3.3083
2.6152
2.1795
1.4243
1.7857
1.0226
0.9386
0.6885
1.3492
1.5646
0.9998
0.7676
0.8538
0.4901
1.1756
0.2296
1.0955
0.3673
0.3019
0.9128
0.1834
0.3490
0.2276
0.6831
0.9961
0.4243
0.0703
-0.0690
-0.3648
-0.0347
-0.1501
-0.1335
-0.1799
-0.0990
-0.1757
-0.4093
-0.1909
-0.4195
-0.3062
-0.2284
-0.0576
-0.4272
-0.5501
-0.4220
-0.5540
-0.5583
-0.6266
-0.5992
-0.7098
-0.4814
-0.4247
0.0408
-0.0883
-0.1304
-0.3831
-0.5077
-0.5815
-0.4958
-0.1801
-0.4882
0.2643
-0.0594
0.1438
0.1778
0.0055
-0.2836
0.0221
-0.4763
-0.5841
-0.0561
-0.8085
-0.8766
-1.0271
-0.8739
-0.9287
-0.6640
-0.3419
-0.6909
-0.6625
-0.8904
-0.9388
-0.7071
-0.9349
-0.9148
-0.7824
-0.7749
-0.4254
-0.4652
-0.7275
-0.8335
-0.9696
-1.0027
-0.9458
-0.8581
-0.7462
-0.6682
-0.5471
-0.4973
-0.3464
-0.5795
-0.7517
-0.7947
-0.9476
-0.8752
-1.0604
-1.1019
-1.0572
-1.1694
-1.2650
-1.2933
-1.3534
-1.1555
-1.4453
-1.1990
-1.4683
-1.0086
-1.4228
-1.3214
-1.1844
-0.7692
-1.0112
-0.9535
-1.0779
-0.8912
-0.8496
-1.1272
-1.0244
-0.9203
-1.0938
-1.2351
-1.1850
-0.9702
-1.1311
-1.1409
-1.1865
-1.2125
-1.2607
-1.1243
-1.3383
-1.2823
-1.3067
-1.2775
-1.3658
-1.2737
-1.1370
-1.3028
-1.4001
-1.2173
-1.4040
-1.2813
-1.2136
-1.1280
-1.0217
-1.2694
-1.1669
-1.3195
-1.3484
-1.1603
-1.2252
-0.8070
-1.2109
-1.1185
-1.2668
-1.2088
-1.1974
-0.8045
-0.8225
-0.6967
-1.0226
-0.8116
-0.6561
-0.7969
-0.3943
-0.1727
-0.9385
-0.8082
-0.6252
-0.1637
-0.5772
-0.3614
0.0581
-0.2977
-0.0874
-0.4439
-0.2585
-0.1231
-0.0066
0.1650
0.6312
0.6686
0.6859
1.3909
0.4944
0.4264
-0.0968
0.1452
-0.5250
0.2969
-0.2185
-0.3456
-0.4919
-0.3333
-0.1141
0.0776
-0.5081
-0.8080
-0.9464
-1.1685
-0.9172
-1.1298
-1.0594
-1.0602
-1.1184
-0.8927
-1.1165
-1.3028
-1.1960
-1.0854
-1.1904
-1.0314
-0.6953
-1.3125
-1.2476
-1.1597
-0.9872
-1.5151
-1.5044
-1.8742
-1.7934
-2.0936
-2.0813
-1.9979
-1.9899
-1.8882
-1.8863
-1.7174
-1.7852
-1.2809
-1.7574
-1.6061
-1.6576
-1.6205
-1.7584
-1.7363
-1.7255
-1.6378
-1.4024
-1.1661
-1.5338
-1.2420
-1.4663
-1.4928
-1.4901
-1.7261
-1.6750
-1.5399
-1.2776
-1.2638
-1.0936
-1.1239
-1.0210
-0.9173
-0.7669
-0.7252
-0.7016
-0.6058
-0.8821
-0.9221
-0.9337
-0.5442
-0.8265
-0.7200
-0.3485
-0.5013
-0.3760
-0.2719
-0.3315
-0.2177
-0.1456
-0.3513
-0.2932
-0.1726
-0.0936
0.0059
0.2828
0.0736
0.5420
0.0226
0.2568
0.2721
0.3205
0.0378
0.1281
-0.0362
-0.0961
-0.2845
-0.4043
-0.4384
-0.5509
-0.5311
-0.1253
-0.3983
-0.3700
0.1065
-0.0916
0.8938
0.5958
0.5915
0.7626
0.5355
0.8047
0.7867
0.5271
0.4269
0.0868
0.2304
0.5274
0.4500
0.6116
0.2487
0.0989
0.2252
-0.0291
-0.0172
0.4796
0.5352
0.1394
-0.2962
0.0753
0.4769
0.9200
0.8787
0.3774
0.6287
0.2298
1.6559
1.4550
1.6395
1.2185
1.1408
1.2069
0.6309
1.3692
0.8187
0.2882
1.0886
1.0344
0.8675
0.3122
0.5538
0.8462
1.0229
0.7600
1.5479
0.6461
0.4652
0.5515
0.0584
-0.0723
0.3390
-0.1175
-0.2925
-0.2852
-0.7222
-0.5807
-0.6991
-1.1586
-1.0041
-1.0059
-1.1246
-1.1631
-1.1080
-1.2075
-1.1772
-1.1518
-1.1162
-1.1049
-1.1558
-1.2500
-1.3817
-1.5224
-1.6457
-1.7425
-1.5986
-1.7998
-1.3085
-1.4816
-1.3187
-1.3572
-1.4402
-1.2759
-1.1689
-1.1050
-1.2712
-1.1250
-0.8835
-0.8639
-0.8452
-0.5702
-0.5173
-0.7469
-0.5333
-0.3754
-0.0702
-0.4296
-0.4949
-0.4288
-0.3621
-0.4714
-0.5600
-0.4165
-0.4217
-0.2659
-0.0526
-0.0034
-0.2982
-0.1129
-0.2807
-0.2017
-0.0493
0.1334
0.2532
0.4146
0.6305
0.5523
0.6952
0.7266
0.5719
0.5024
0.8810
1.7634
0.9021
1.0288
0.9912
1.1801
1.8938
2.6505
1.8755
1.9643
1.5113
1.8156
1.7135
1.6499
1.4281
1.9659
1.7304
2.0602
1.7043
2.7336
1.1615
0.9093
0.3254
0.8057
-0.0174
0.3216
-0.3909
-0.4261
0.0009
-0.0453
-0.1747
-0.2031
0.0632
-0.2572
-0.3525
-0.3604
-0.5147
-0.5899
-0.7562
-0.3059
-0.6062
-0.5208
-0.8158
-0.8922
-0.7246
-0.8247
-0.7180
-0.5022
-0.6587
-0.6979
-0.5015
-0.3225
-0.8045
-0.8260
-0.7345
-0.6820
-0.6540
-0.4298
-0.5942
-0.8259
-1.0222
-0.9275
-0.9676
-1.1061
-1.1151
-0.8659
-0.7796
-0.6337
-0.8570
-0.4197
-0.7605
-0.6903
-0.9514
-1.0019
-0.9339
-0.6500
-0.5727
-0.3132
-0.5401
-0.5590
-0.7718
-0.7819
-0.5992
-0.7263
-0.5443
-0.6872
-0.4718
-0.2291
-0.2794
-0.2351
-0.2571
0.0653
-0.0460
0.1464
0.1873
0.1649
0.0649
-0.0234
-0.1113
-0.1755
-0.0744
-0.0852
-0.0908
-0.1400
0.2819
0.3428
0.3815
0.5221
0.7517
0.5950
0.3114
-0.0203
0.2818
0.0034
0.3983
0.2722
-0.0272
0.0069
-0.4572
0.1212
-0.0090
0.1335
0.0887
0.2389
1.3282
1.1313
0.6820
1.6048
1.7669
1.8836
2.0034
1.9859
1.3824
1.5563
2.1533
1.2225
1.7551
1.2853
1.3689
0.9799
0.8353
1.4864
0.8335
1.3727
1.1904
1.1856
1.8491
1.1001
1.4505
0.9551
0.6651
1.0936
1.1890
1.0398
1.2191
0.8542
1.1677
1.0698
1.1233
1.0513
1.7211
1.2054
0.6526
1.2563
1.0028
0.7932
1.2920
1.8827
0.9082
1.9988
1.3219
1.3275
1.1722
1.6420
1.1693
0.7282
0.7002
1.3594
0.9552
1.2384
1.2939
1.1268
0.9347
0.6391
0.6044
0.4543
0.1332
0.2429
0.4640
1.0164
-0.0741
0.0856
-0.0163
-0.3013
0.3843
-0.2639
0.3397
0.3528
-0.4392
-0.3971
0.1768
-0.6927
0.2060
0.0319
0.2531
-0.2924
-0.3451
-0.4692
-0.5860
-0.6625
-0.8909
-0.9783
-0.4628
-1.1693
-1.1754
-0.9496
-1.1753
-1.2644
-1.2838
-1.4069
-1.1946
-0.7968
-1.2161
-1.2308
-1.4196
-1.6397
-1.8267
-2.1566
-2.1372
-2.4813
-2.4816
-2.4793
-2.5677
-2.1972
-2.1447
-2.3317
-2.5439
-2.5700
-2.3777
-2.8016
-2.1873
-2.5242
-2.8304
-2.5620
-2.3892
-2.5464
-2.9094
-3.1990
-3.3828
-3.3110
-3.4692
-2.8530
-2.8496
-3.3439
-3.4791
-3.3094
-3.2527
-3.4776
-3.1224
-3.0288
-3.2245
-2.9129
-2.9388
-2.2484
-3.1418
-2.6503
-3.1916
-3.2116
-2.7083
-2.4957
-2.6065
-2.1560
-2.1026
-1.3384
-1.1881
-1.2269
-1.7016
-0.7736
-0.2292
-1.5544
-1.6807
-1.4833
-1.6085
-1.6485
-1.7538
-1.1805
-2.2262
-2.8075
-2.3695
-2.5990
-2.2802
-2.6453
-2.2815
-2.1348
-1.9827
-1.8605
-2.1932
-1.9473
-2.0797
-2.0759
-1.7711
-1.1116
-1.4077
-1.1943
-1.0223
-1.1683
-0.7769
-1.3331
-0.9791
-1.1628
-1.2696
-1.3224
-1.3623
-1.0056
-0.9893
-1.1447
-0.8156
-0.9442
-0.7708
-0.7559
-0.6795
-0.6653
-0.6136
-0.1747
-0.4233
-0.3500
-0.3112
-0.2718
-0.0852
-0.1830
-0.1484
-0.0687
-0.1276
0.0601
-0.2394
-0.1645
-0.1990
-0.1103
-0.1549
0.1822
0.8130
0.2836
0.0654
0.2916
0.3772
0.5392
0.8427
0.9733
1.0477
0.9628
1.0969
1.0322
0.9518
0.8534
0.8698
0.8383
0.7419
0.8138
0.8475
0.8300
0.4730
0.6728
0.1472
0.1453
0.3429
0.0740
-0.0061
-0.0079
-0.0645
-0.3215
-0.2725
0.1217
0.1661
0.2712
-0.0304
-0.1432
-0.0346
-0.3220
-0.3432
-0.2763
-0.2300
-0.1286
0.0654
-0.1648
0.0215
-0.2197
0.1422
0.1698
0.0652
-0.2583
0.3376
0.2732
0.0328
0.4230
0.2056
0.5270
0.0395
-0.0600
-0.2127
0.1045
-0.0877
-0.1869
0.0368
-0.0133
-0.2177
-0.0587
-0.3514
-0.1150
-0.1563
-0.4797
-0.5050
-0.7062
-0.7819
-0.7494
-0.7455
-0.6073
-0.6834
-0.6728
-0.6131
-0.5070
-0.2267
0.0105
0.4142
1.4060
0.4350
0.7880
0.5340
0.6492
1.7268
2.0604
1.7139
1.1421
0.6124
1.6518
0.5839
0.8892
0.9692
1.5479
0.3066
0.7678
1.1315
1.4697
0.6266
0.6233
0.3897
0.4452
0.6869
0.4487
0.4535
1.2797
0.6927
0.7808
0.5979
0.5868
0.7205
0.8337
0.6901
0.7429
0.4320
0.5751
-0.0643
0.1250
0.0160
-0.2854
-0.2078
-0.3122
-0.2339
-0.1660
-0.4492
-0.3800
-0.3628
-0.5409
-0.7220
-1.0057
-1.1023
-1.2767
-0.8295
-1.0548
-1.0005
-0.8041
-0.5711
-0.6861
-0.6126
-0.8318
-0.8616
-0.8835
-0.6238
-0.7533
-0.6956
-0.7154
-0.8630
-0.7447
-0.2420
-0.0381
-0.0020
0.1550
-0.0417
0.1089
-0.1365
-0.2726
-0.1992
-0.1929
-0.1633
-0.3665
-0.4635
-0.5226
-0.7297
-0.6591
-0.8423
-0.4809
-0.9735
-0.3034
-1.1820
-0.7839
-1.2522
-1.2231
-1.1466
-0.8802
-1.0729
-1.1091
-1.2709
-1.3063
-1.3481
-1.1389
-0.8687
-0.9531
-1.0689
-1.1558
-1.2573
-1.3162
-1.4066
-1.4939
-1.3464
-1.5253
-1.5045
-1.4035
-1.4056
-1.2455
-0.9514
-0.8747
-0.7426
-0.8018
-0.6822
-0.5968
-0.3675
0.6762
-0.3344
0.3376
0.4354
0.5607
1.0699
1.0188
1.7978
1.0793
1.5975
1.3142
1.2339
1.5607
1.5657
1.6327
1.4272
1.2312
1.2169
1.5218
1.7533
1.8052
1.8257
1.5375
1.5770
1.6312
1.4715
2.4861
1.7777
1.8520
1.4198
1.5343
0.9646
1.2014
0.9755
1.0661
0.5547
0.5220
0.5450
0.7591
0.6497
0.1827
0.8499
0.4247
0.3650
0.3544
0.2745
0.3210
-0.0002
0.2581
-0.0696
0.9776
0.2749
0.7075
0.1451
0.4660
0.3298
0.5214
0.1599
0.0146
0.1835
0.0324
0.0250
-0.0157
-0.2733
-0.3055
-0.4034
-0.4111
-0.2768
-0.5496
-0.1943
-0.6537
-0.2529
-0.5598
-0.5426
-0.3200
-0.3584
-0.1058
0.0001
-0.0660
-0.1103
-0.1153
0.1845
-0.1537
0.1771
-0.1475
0.1441
0.0572
0.2341
0.4044
0.3529
0.9631
0.2845
0.6252
-0.4182
-0.0626
-0.1899
0.0832
0.4291
0.4072
0.4583
0.6686
0.6085
0.5963
0.5864
0.2536
0.2484
0.3076
0.4035
0.3988
1.0526
0.7208
0.3914
1.0683
0.4418
0.3355
0.8589
0.5155
0.5841
0.5551
0.5429
0.5846
0.6761
0.9290
0.9161
0.5929
1.3295
1.3962
0.9679
1.7715
1.0220
1.3954
1.7135
1.5994
1.9194
1.6101
2.0827
2.5970
1.7421
1.3265
0.8909
1.0127
0.9231
0.4262
0.5286
0.0569
0.1868
0.0623
0.1130
0.1239
0.3827
0.2963
0.5281
0.7535
0.7158
0.7356
0.4629
1.1568
1.4923
1.6394
1.8764
2.2688
1.8416
2.5388
1.8072
2.1665
2.0268
2.2053
3.7158
1.8978
2.6797
1.8377
2.2329
1.7852
2.1494
1.1058
1.4035
1.6008
1.7449
1.7243
1.6108
0.6525
1.5886
0.4716
0.8797
0.9810
0.8934
0.7059
0.5363
0.1959
0.4537
0.1351
0.0526
0.3204
0.0327
0.7693
0.0089
-0.2072
0.0470
-0.4343
-0.1470
-0.5331
-0.7104
-0.3866
-0.7634
-0.0520
-0.5486
-1.0603
-1.2434
-0.7338
-1.5078
-1.2646
-1.4768
-1.7648
-1.7481
-1.8684
-1.7066
-1.9458
-2.0976
-2.0336
-2.1565
-2.0619
-1.9313
-1.7539
-1.4289
-0.9281
-0.7477
-0.4286
0.0243
-0.0306
0.0542
0.0613
0.1634
0.0748
0.2211
0.0902
0.1979
0.1382
0.1817
0.2078
0.4037
0.1985
0.3728
0.0261
-0.0844
-0.0816
-0.0839
-0.2745
-0.0406
0.0919
0.0518
0.0533
0.1319
0.5162
-0.2378
-0.0109
-0.4791
-0.4385
-0.4180
-0.3294
-0.6206
-0.5666
-0.8290
-0.8803
-0.6628
-0.8528
-0.8355
-0.8180
-0.7130
-0.6037
-0.7203
-0.8623
-0.7622
-0.4971
-0.6566
-0.6383
-0.6601
-0.6465
-0.4931
-0.5179
-0.3742
-0.2891
-0.2345
-0.5030
-0.4237
-0.4802
-0.2609
-0.5226
-0.3463
-0.5044
-0.4936
-0.1705
-0.3511
0.0007
-0.2687
-0.1614
-0.2332
-0.2199
-0.2904
-0.2937
-0.1501
-0.2272
-0.3610
-0.2681
-0.2644
-0.5009
-0.2509
-0.5333
-0.3173
-0.1362
-0.4278
-0.6205
-0.5699
-0.6098
-0.3947
-0.5862
-0.6570
-0.3163
-0.7070
-0.5578
-0.5313
-0.0700
-0.7731
-0.6280
-0.3296
-0.3849
-0.4940
-0.7821
-0.8854
-0.9422
-1.0052
-0.6726
-0.9249
-0.7178
-1.0058
-1.0927
-0.8437
-0.7923
-0.9057
-0.5981
-0.7649
