0.8066
1.0051
1.7780
1.9487
1.7231
1.7053
1.7366
1.7083
1.4004
1.1521
0.8516
1.0174
0.8826
0.7314
0.3892
0.3070
0.1213
0.2939
0.0931
0.0549
0.1261
0.0417
0.2524
-0.0121
0.0287
0.1356
0.3316
0.5696
0.8264
1.0034
1.1479
1.4894
1.3365
1.4844
1.5219
1.6735
1.7318
1.7758
1.7411
1.6984
1.6509
1.6283
1.6167
1.6390
1.6282
1.6195
1.6235
1.7265
1.4284
1.2348
1.0122
0.7932
0.5131
0.2284
-0.0582
-0.3555
-0.6183
-0.8556
-0.8749
-1.2475
-1.4403
-1.4848
-1.6324
-1.6471
-1.7473
-1.7754
-1.7892
-1.8350
-1.8666
-1.9221
-1.9521
-1.7310
-1.6052
-1.6083
-1.8893
-1.8599
-1.0938
-1.2958
-0.4400
-0.4301
-0.6568
0.0261
0.2664
0.9156
1.5136
1.6365
2.8017
3.5550
3.1218
4.1883
4.1401
4.7251
4.0194
4.3377
3.8631
3.8917
3.7201
3.5720
3.4258
2.9201
2.7260
2.7170
2.6925
2.3785
2.9366
2.7079
2.7221
3.1051
2.9126
2.5221
2.9050
2.8700
3.0708
3.4378
3.5590
3.4377
2.9685
3.3630
3.1301
2.6402
2.4512
2.2942
1.9225
2.0078
1.2475
1.2056
1.3553
1.3105
0.8070
0.6497
0.6995
0.3156
0.4414
0.3158
0.0872
0.0196
-0.0277
0.1257
0.1202
-0.0924
-0.0984
-0.1083
-0.1697
-0.3254
-0.5406
-0.7382
-0.9245
-0.9110
-1.0877
-1.4884
-1.4312
-1.9287
-2.1161
-2.4103
-2.1475
-2.7401
-2.8675
-2.9966
-3.0002
-3.0960
-3.0692
-3.1251
-3.0397
-3.0452
-2.8328
-3.0809
-3.0846
-3.0985
-3.1838
-3.2817
-3.3360
-3.3523
-3.4550
-3.5242
-3.6618
-3.4461
-3.6126
-3.4985
-3.3437
-3.0355
-3.1541
-2.9896
-3.1836
-3.0816
-3.2912
-2.9030
-2.8055
-3.1552
-3.3308
-3.4506
-3.5364
-3.8265
-4.0959
-4.0587
-3.8496
-3.9977
-3.9777
-3.9009
-3.9681
-3.7716
-3.6846
-3.7550
-3.6742
-3.7765
-3.7768
-3.7076
-3.7087
-3.2194
-3.3871
-3.3517
-3.3107
-2.8974
-2.8916
-3.1514
-3.1765
-3.0417
-3.0938
-2.5327
-2.8524
-2.3904
-2.3837
-2.3318
-2.5865
-2.2234
-2.1611
-2.2105
-1.7474
-1.6947
-1.4371
-0.7945
-0.7217
-1.0404
-0.7212
-0.9520
0.0035
-0.2000
0.5806
0.5732
0.4411
1.0783
0.9731
1.4211
1.5037
2.0704
1.7168
2.2532
2.1182
2.0200
1.7708
2.0708
2.3375
1.7368
2.0461
2.4534
2.9847
2.4636
2.2717
1.7919
1.7724
1.4274
1.6922
1.8020
2.1923
1.8476
2.0504
2.3267
2.1268
1.9613
2.2290
2.2508
2.0912
2.2324
1.7899
2.0151
2.5414
2.6700
2.4068
2.8748
2.2874
2.5369
1.7263
2.0462
1.5138
1.2712
1.6251
1.2975
1.4634
1.1079
0.2405
0.5152
0.3682
0.5678
0.3633
0.0425
-0.1636
-0.5754
-0.5898
-0.3075
-0.3475
-0.4669
-0.0639
-0.1745
0.2318
-0.0423
-0.3289
-0.0684
-0.2514
-0.2809
-0.2967
-0.1881
-0.3094
-0.4882
-0.4366
-0.5110
-0.4327
-0.6717
-0.6948
-0.7190
-0.9857
-1.0833
-1.1330
-1.1549
-1.2035
-1.2015
-1.2036
-1.0610
-1.0040
-0.5866
-0.6806
-0.4177
-0.1115
0.0725
0.5516
0.2732
0.4027
0.2050
0.2218
0.0901
0.1957
0.1512
0.2852
0.1836
0.3397
0.7207
0.4475
0.2447
0.5174
-0.0248
-0.3377
-0.1779
-0.2669
-0.1921
0.2575
0.0200
0.7407
0.6996
0.4349
0.5755
0.5681
0.7911
1.3008
1.6279
1.7245
1.8970
1.3688
1.8236
1.8857
1.5739
1.8165
1.6616
1.8289
2.4804
2.5053
1.7098
1.4592
1.9274
1.8275
1.1819
0.2771
0.7006
0.5937
0.3084
0.6186
0.7109
0.3265
0.7415
0.6093
0.3967
0.4362
0.2826
0.0207
0.0094
-0.0827
-0.0514
0.3255
-0.0795
-0.2055
-0.0066
-0.1068
0.3033
-0.4937
-0.2427
-0.6408
-0.5512
-0.7000
-0.1511
-0.0392
0.0785
-0.1972
-0.0874
0.4452
0.1164
0.3073
0.1723
0.5420
0.8753
1.4408
1.4434
1.8342
1.2251
2.0793
1.2626
1.1569
1.6253
2.0952
1.4300
1.3656
1.1088
0.9686
0.6402
1.2676
2.0193
1.4410
1.7579
0.8505
1.3907
1.0368
1.1457
1.9757
1.1772
2.2830
2.2695
1.9246
1.9554
1.9337
3.3120
2.4504
2.1458
2.0092
2.5692
2.3370
1.2501
0.8398
0.5681
0.4814
0.7362
0.7369
0.7597
0.2514
0.1051
0.1103
-0.3069
0.1257
-0.3401
-0.8695
-0.9869
-1.6000
-1.2533
-1.1396
-1.0056
-0.8892
-1.4027
-1.1953
-1.2459
-1.4051
-1.5359
-1.5209
-1.4971
-0.9244
-1.5340
-1.4729
-1.4350
-1.4190
-1.2990
-1.3411
-1.6002
-1.5801
-1.5728
-1.5520
-1.4541
-1.4354
-1.3574
-1.3732
-1.4253
-1.2529
-1.5213
-1.5456
-1.5663
-1.5824
-1.5310
-1.5828
-1.5566
-1.5484
-1.5805
-1.5264
-1.6117
-1.6184
-1.6593
-1.6970
-1.7775
-1.8532
-1.7676
-2.0577
-2.1680
-2.0293
-2.3133
-2.3024
-2.3238
-2.2206
-2.0647
-1.9625
-1.6965
-1.4874
-1.5079
-1.4722
-1.1922
-1.3224
-1.2987
-1.2565
-1.2072
-0.9344
-1.0281
-0.3188
0.2164
-0.1041
-0.6488
-0.0279
-0.5798
-0.3371
-0.4269
-0.0758
0.2001
-0.1410
-0.5697
-0.5733
-0.4678
-0.6594
-0.5660
-0.2264
-0.4183
-0.5937
-0.5180
-0.7740
-0.3476
-0.4270
-0.3397
-0.2344
0.2884
-0.0165
0.3029
0.1631
0.6112
0.0263
0.2815
0.2026
0.4490
0.3730
0.6894
-0.0493
0.0941
-0.0420
-0.0902
0.4721
0.1829
0.7838
0.7275
1.0021
0.9164
0.6058
1.4139
0.8901
0.2664
0.7303
1.0155
1.3818
0.9267
0.7547
0.8426
0.8298
0.5907
0.9701
1.1218
0.8384
1.0568
0.9636
1.4057
0.9953
0.7162
1.0874
0.8524
1.3096
1.1144
0.9327
1.0372
0.9141
1.0309
1.0207
1.0968
1.1836
0.5771
0.9836
0.6246
0.5384
0.4095
0.7484
0.5976
0.8582
1.1410
0.6599
0.7606
0.6623
0.6752
0.6267
0.5986
0.9790
0.6810
0.8202
0.5404
0.9560
0.9853
0.8772
0.7997
0.8543
0.7440
0.8391
1.1388
0.7294
0.5995
0.9228
1.2831
1.2425
1.9009
1.4667
1.3621
1.5899
2.1272
2.2692
3.5490
3.5440
3.8566
4.0707
3.7579
3.9687
4.1071
3.9532
3.9446
3.9787
3.6887
3.6666
3.6541
3.1855
2.9691
2.4790
2.2109
2.0212
1.7307
1.6220
1.5830
1.4388
1.1117
1.3392
1.2485
1.5292
1.0395
1.3360
1.0392
0.9870
1.1363
0.5067
0.6565
0.5154
0.6248
0.8411
0.6533
0.8342
0.6649
0.4562
0.1221
0.2498
0.1213
0.1967
0.5200
-0.0863
-0.0541
-0.0033
0.2659
0.0776
0.0829
0.0557
0.0473
0.0631
-0.0073
0.0468
0.1121
0.1666
0.1324
0.5861
0.1986
-0.0292
-0.3983
-0.8459
-1.0069
-0.9660
-1.1958
-1.5348
-1.5496
-1.5068
-1.4529
-1.3453
-1.3831
-0.9763
-1.3539
-1.3149
-1.3962
-1.4275
-1.3393
-1.1147
-1.6499
-1.2497
-1.3927
-1.3970
-1.5655
-1.4590
-1.2510
-0.9534
-1.5743
-1.5378
-0.9396
-1.4485
-1.1823
-1.4686
-1.7247
-1.5216
-1.4477
-1.6224
-1.4216
-1.0406
-0.9714
-0.6921
-1.1422
-1.1516
-1.4305
-1.5587
-1.6568
-1.7940
-1.6231
-1.7911
-1.5135
-1.0535
-1.6449
-1.6062
-1.6904
-1.4053
-1.3953
-1.6250
-1.6258
-1.4302
-1.2169
-1.5492
-1.2707
-1.2946
-1.1814
-1.4953
-1.4472
-1.3074
-1.4034
-1.4139
-1.1255
-1.1628
-1.0648
-0.8178
-0.9575
-1.0509
-0.9375
-1.1148
-1.0813
-1.0423
-0.9736
-0.9050
-0.8159
-0.7530
-0.4831
-0.5711
-0.5829
-0.5252
-0.6327
-0.6494
-0.7459
-0.8003
-0.8706
-0.8786
-0.5993
-0.8112
-0.7708
-0.7759
-0.8140
-0.6034
-0.8198
-0.7029
-0.4135
-0.2144
-0.4405
-0.1314
0.6162
0.1649
-0.1607
0.2379
0.4522
0.4654
0.3210
0.8781
0.9993
1.0252
1.1049
1.0703
1.4025
1.4233
1.4077
1.4784
1.8071
2.2674
1.9286
2.0207
2.1007
2.1212
1.3984
1.6354
1.2262
1.5441
1.0315
0.9966
1.0091
1.1485
1.4524
1.4725
1.6097
2.1234
2.0164
2.5066
2.5776
2.9338
3.2970
3.6982
3.6824
3.7739
4.1806
3.8370
4.1874
4.0701
3.7438
3.9049
3.4692
3.5711
2.8529
2.7207
2.2009
2.1719
2.2042
2.0315
1.7331
1.7706
1.8247
0.7969
0.6847
0.8681
1.1225
1.6353
0.9261
0.9567
0.6078
1.1496
1.2802
1.8200
1.8415
1.8845
2.2309
2.3134
2.4602
2.5343
2.6918
3.4481
3.3420
2.8656
3.0546
3.1280
2.9389
3.0043
3.0305
2.8012
2.8362
3.0118
2.8953
2.7985
3.2533
2.6303
2.6426
2.6548
2.5021
2.6767
2.7428
2.4384
2.6105
2.2974
2.5494
2.2331
2.1809
2.4148
2.6381
2.4461
2.3381
2.9936
2.5870
3.1084
3.1370
3.6672
3.8052
3.6045
4.3392
3.9064
3.9392
3.5366
4.2113
4.1671
4.7053
3.8998
3.2789
2.7335
2.3170
2.2891
1.4797
1.5640
1.2814
1.2313
1.0423
1.2814
1.0810
0.8579
0.5727
0.9558
0.6579
0.1085
0.2683
0.1566
0.5157
0.7085
-0.1802
0.6964
0.6354
0.5788
0.7727
0.5848
0.3547
0.7354
0.7324
0.4865
0.5803
0.7482
0.1923
0.7473
0.5446
0.5422
0.4348
0.1092
0.5759
0.1796
0.5426
0.3166
-0.2113
0.0403
0.3068
0.9423
0.5483
0.8324
-0.0038
0.0001
-0.0639
-0.0236
0.2971
-0.0942
-0.1673
-0.7496
-0.3966
-0.1180
-0.0059
0.2378
-0.1543
0.1030
-0.1945
-0.0479
-0.4985
-0.1983
0.0034
0.3739
-0.1779
-0.2597
-0.2301
0.0850
-0.4972
-0.0789
-0.5837
-0.7391
-0.7984
-0.1209
-0.6066
-0.6993
-0.4924
-0.4669
-0.6492
-0.6113
-0.2338
-0.3571
-0.5064
-0.4512
-0.2395
-0.2578
-0.0745
-0.1610
-0.2583
-0.0393
-0.1534
-0.2513
-0.1898
-0.4077
0.0234
-0.3001
-0.4212
-0.1535
-0.3398
-0.5696
-0.4592
-0.6105
-0.6818
-0.6318
-0.5383
-0.7362
-0.3280
-0.0231
-0.4096
-0.5629
-0.6085
-0.3846
-0.3366
-0.3455
0.0682
-0.0936
0.0289
0.1232
0.1708
-0.1575
0.1539
-0.0012
0.1382
-0.0461
-0.1538
0.0213
-0.0680
0.1211
-0.0281
-0.0464
-0.1091
-0.0570
-0.2477
-0.2061
0.2184
-0.1186
-0.1584
0.1389
0.0318
0.1490
0.0004
-0.0688
0.1547
-0.0130
0.0317
0.0387
0.1690
0.3927
0.2606
0.4098
0.3094
0.3597
0.4022
0.3181
0.3780
0.4934
0.5647
0.3312
0.4839
0.3640
0.4988
0.1693
0.4331
0.7000
0.2963
0.7357
0.6427
0.9699
0.8857
1.3294
1.1673
1.3260
1.8120
1.4770
1.3599
1.7196
1.2332
1.4742
1.2820
0.8199
0.6867
1.1198
0.9102
1.0727
1.4761
1.4437
1.0155
0.9803
0.9813
0.7310
0.6518
0.7302
0.9243
0.9133
0.9488
0.6854
0.6615
0.4025
0.4529
0.5462
0.7105
1.2432
1.3921
1.1123
1.4244
1.3162
1.5981
1.3285
2.0764
1.3821
1.0778
1.0254
0.9022
1.0392
1.0844
0.5407
0.5081
0.3856
0.4912
0.4415
0.5192
0.7208
0.6197
0.4492
0.7029
0.3164
0.4450
-0.0639
-0.0029
-0.6154
-0.4255
-0.6597
-0.3798
-0.8418
-1.0131
-0.5848
-0.6988
-0.6636
-0.4720
-0.7880
-0.4012
-0.2846
-0.0848
-0.2391
-0.4228
-0.8311
-0.6431
-0.9283
-1.2054
-0.9740
-0.7161
0.0096
-0.1724
0.5024
0.1715
-0.0159
0.9422
0.8373
0.6927
1.6770
1.1324
1.5794
1.1816
1.5195
1.2399
1.8323
1.2595
1.3098
1.0845
1.4235
1.4040
1.0648
1.7844
1.6021
1.9718
2.0798
1.7156
1.5839
1.6795
1.8305
2.2709
1.6761
1.2686
2.4589
1.1683
1.6004
1.3444
1.6042
1.4977
1.4728
1.3867
1.9263
1.6482
2.0091
2.2641
2.0291
2.2748
2.1345
2.0246
2.0927
2.0079
2.0763
2.0248
1.5361
1.9369
1.2701
1.3738
1.2038
1.2500
0.9855
1.3329
1.1636
1.1640
0.7327
0.5379
0.5393
0.4051
0.1586
-0.1061
-0.0117
-0.4513
-0.7246
-0.7427
-0.8308
-0.9164
-1.0255
-1.3630
-1.3674
-1.2397
-1.8371
-1.7279
-1.7377
-1.9184
-1.8569
-1.9094
-1.9474
-1.8358
-1.9291
-1.5565
-1.5018
-1.8086
-1.6626
-1.5887
-1.5771
-1.7274
-1.5718
-2.0255
-1.5481
-2.0285
-1.9720
-2.0243
-1.9675
-2.1360
-2.2263
-2.1427
-2.2283
-2.6244
-2.8337
-2.6406
-3.1015
-3.0913
-3.1731
-3.0155
-2.9769
-2.7703
-3.1350
-3.0705
-3.0588
-2.1257
-3.1500
-3.0143
-2.3018
-2.6539
-2.5395
-2.5775
-2.6713
-2.7355
-2.8357
-2.7312
-3.1448
-2.8824
-3.4526
-3.4804
-2.9034
-3.1033
-2.9467
-3.0892
-2.9975
-3.1259
-3.3124
-3.3579
-3.1160
-3.2787
-3.0583
-3.2234
-2.9018
-2.8841
-2.6356
-3.0076
-2.7117
-2.8925
-2.6391
-2.4882
-2.3508
-2.8534
-2.8214
-2.9328
-3.2733
-3.2717
-3.4298
-3.4456
-3.7054
-3.6805
-3.7907
-3.7502
-3.6069
-3.5846
-3.7476
-3.7354
-3.5571
-3.5518
-3.4127
-3.5477
-3.4922
-3.6015
-3.3554
-3.5700
-3.4376
-3.1307
-3.2210
-3.2387
-3.2611
-3.2994
-3.3411
-3.2659
-3.3654
-3.2845
-3.3969
-3.3189
-3.1639
-3.1404
-2.9581
-2.9679
-2.8751
-2.8618
-2.8375
-2.8891
-2.7646
-2.7827
-2.4949
-2.6706
-2.3399
-2.3520
-2.1534
-1.8068
-1.4581
-1.6558
-1.4944
-1.0388
-0.9378
-0.4685
-0.2948
-0.1130
-0.0167
0.0533
-0.0645
-0.1869
-0.3574
-0.6792
-0.8610
-0.9039
-1.3416
-1.5079
-1.7702
-1.5119
-1.5059
-1.2770
-1.2378
-1.3850
-1.2029
-1.2012
-0.8543
-0.9356
-0.3897
-1.2269
-1.2137
-0.9410
-0.9706
-0.7623
-1.0108
-1.4879
-1.4355
-1.3539
-1.6342
-1.2294
-1.5255
-0.9918
-1.0088
-1.1133
-1.1586
-0.5993
-1.0079
-0.8114
-0.7666
-0.2339
-0.0645
-0.0017
0.1591
0.2609
0.3696
0.3981
0.5699
0.7001
0.6309
0.3441
0.4919
0.0639
0.2863
0.2149
0.2408
-0.0553
0.2635
-0.0183
0.1936
0.0608
0.2070
0.2838
0.5667
0.6477
0.9945
1.3624
1.8068
2.3239
2.9403
3.1946
3.5731
4.1328
4.3393
4.4200
4.1151
4.1647
4.2748
4.3488
4.3834
4.0938
4.0812
3.7154
3.1776
3.6636
3.1056
3.4154
3.3543
3.1458
2.6408
2.5499
2.2717
2.4592
2.3904
1.5088
1.3773
0.8703
1.0450
0.9596
1.4199
1.3620
1.1075
1.5277
0.6969
0.5142
1.2061
1.4397
0.6521
1.5560
1.0162
1.4883
1.6586
2.2784
2.2670
2.2600
3.4244
2.4881
2.6728
3.2975
2.8277
2.6518
2.7728
3.4799
2.5998
2.9482
2.3619
2.1750
2.3691
2.1298
1.4931
1.2042
1.2325
1.8624
1.2275
0.9937
1.4850
2.6558
1.0838
1.4019
0.9948
0.3563
-0.6328
-0.3282
-0.3354
-1.0466
-0.5554
-1.4235
-1.1616
-1.0103
-1.4652
-0.5522
-1.7947
-1.0186
-1.4910
-1.0718
-1.1208
-0.2029
-0.6953
-1.0135
-0.7621
-0.8032
-0.4836
-0.5421
-0.4443
0.1182
-0.0228
0.4760
0.0478
-0.2427
-0.3788
-0.4526
-0.5422
-0.3949
-0.7575
-0.8747
-1.0621
-0.9318
-1.2030
-0.8492
-0.7340
-0.6818
-0.1996
-0.4206
-0.5429
-0.7314
-0.8325
-0.2630
-0.5884
-0.5756
-0.4252
-0.1586
-0.6065
-0.3603
-0.2358
-0.2331
0.8433
0.6788
0.8839
0.4425
0.3485
0.0919
0.1105
0.5046
0.2835
0.0500
0.1915
-0.0608
0.2594
0.1024
0.2516
0.0335
0.4864
0.3805
0.0116
-0.0502
0.4070
-0.1128
0.4143
-0.3370
-0.1787
-0.5327
-0.3688
-0.5012
-0.4365
-0.6291
-0.5338
-0.7534
-0.6643
-0.8072
-0.9044
-0.7415
-1.1251
-1.0231
-1.2959
-1.1209
-1.2375
-1.3367
-0.2216
-0.8847
-0.7932
-0.6098
-0.6402
-0.7014
-0.8048
-0.8168
-0.6482
-0.3590
0.2023
-0.0136
0.3209
0.6328
0.8780
1.1032
1.2107
1.3913
1.4413
1.4844
1.5486
1.8610
1.6189
1.8580
1.4657
1.6585
1.6549
1.4031
1.6104
1.5613
1.5092
1.2272
1.4126
1.5207
1.5803
1.6052
1.8692
1.9096
1.7201
1.8137
1.6220
1.6943
1.1411
0.9152
0.9380
0.9131
0.9989
1.0917
1.1423
1.0551
1.0767
0.5554
1.1137
0.8455
1.0200
0.9580
0.8118
0.8445
1.5227
1.0667
1.0934
1.0956
0.5910
0.7475
0.6344
0.9821
0.7930
0.7812
1.0282
0.2931
0.4681
1.7420
1.0113
1.1707
1.2567
2.2292
1.6383
1.3494
1.3464
0.8155
1.1334
1.3732
1.0727
0.8889
2.3261
1.8147
1.8660
1.6164
1.7916
1.7618
2.4247
2.0248
3.0194
2.7996
3.8428
3.4607
3.7998
3.4410
4.0672
3.5573
4.5781
4.3044
3.8971
4.5840
5.4351
5.3439
6.3689
6.1000
6.4456
7.4944
6.7302
7.3141
6.8053
7.5280
7.7355
7.6601
8.1299
8.3420
8.3846
8.3502
8.1133
8.0291
8.1162
7.6558
7.2782
7.8833
7.4070
7.4912
8.0190
8.1687
8.0095
8.0598
7.8432
8.1852
7.8859
7.8738
7.5981
7.2190
6.6623
5.8198
4.8929
5.3867
4.7377
3.7783
3.0145
2.7747
2.1121
2.4014
1.7426
1.6961
1.2919
1.2377
0.9120
0.6518
0.3398
-0.0643
0.0438
-0.5074
-0.1153
-0.1176
-0.0550
-0.0920
-0.1569
-0.4496
0.0465
0.1295
0.2155
-0.2792
-0.1624
0.0930
-0.1472
-0.2602
-0.3297
-0.2561
-0.4254
-0.6176
-0.6483
-0.0797
-0.9061
-0.7552
-0.5126
-0.5712
-0.9593
-0.5224
-1.0218
-0.8682
-1.5323
-1.8416
-1.6881
-1.4313
-1.6901
-1.9199
-2.2274
-2.2531
-2.3899
-2.3617
-2.4356
-2.1229
-2.3693
-2.2675
-2.3068
-2.3085
-2.3840
-2.4454
-2.4343
-2.4980
-2.2613
-2.4704
-2.3820
-2.3391
-2.3001
-2.3787
-2.4473
-2.2593
-2.5795
-2.5689
-2.6643
-2.6514
-2.6475
-2.4655
-2.6931
-2.6103
-2.6606
-2.5877
-2.6944
-2.5798
-2.6058
-2.4452
-2.2711
-2.3425
-2.3492
-2.2820
-2.2137
-2.2230
-2.1904
-2.0867
-2.2773
-2.3230
-2.2368
-2.3644
-2.3479
-2.2674
-2.3884
-2.4338
-2.1442
-2.2766
-2.1983
-2.4976
-2.3567
-2.3581
-2.0387
-2.1615
-2.1054
-2.0724
-2.1297
-1.8285
-2.2886
-2.0876
-2.0999
-2.1772
-1.8843
-1.8152
-2.0518
-1.9097
-2.1764
-2.1045
-1.7899
-1.8467
-1.3354
-1.3430
-1.1387
-0.8588
-0.9474
-1.0659
-0.6651
-0.3101
-0.5415
-0.5323
-0.1847
-1.0000
-0.7738
-0.7751
-0.8743
-0.6934
-0.8511
-0.6549
-0.9459
-0.9599
-1.0885
-0.7894
-0.8791
-0.9599
-0.9865
-0.9557
-0.8518
-1.2785
-1.2263
-1.2565
-0.9811
-1.6798
-1.7083
-1.3143
-1.5071
-1.4690
-1.4739
-1.5492
-1.2799
-1.5908
-1.5963
-1.5530
-1.7343
-1.8995
-1.8915
-1.9169
-1.9070
-1.9810
-2.0396
-2.1763
-2.2343
-2.3587
-2.4293
-2.4646
-2.4480
-2.2072
-2.2967
-2.3384
-2.3628
-2.5049
-2.6362
-2.7101
-2.6596
-2.9267
-3.0270
-2.9770
-3.0855
-3.0882
-3.2467
-3.2927
-3.3340
-3.3587
-3.3752
-3.1704
-3.3976
-3.3902
-3.4585
-3.4656
-3.5049
-3.4814
-3.2151
-3.4534
-3.4569
-3.5647
-3.6098
-3.2182
-3.2679
-3.4011
-3.3335
-3.7282
-3.5028
-3.4930
-3.2104
-3.3863
-2.9080
-3.5926
-3.3753
-3.5327
-2.8284
-3.1323
-2.4078
-2.7219
-2.5072
-2.3782
-1.9521
-2.1996
-1.8707
-1.7866
-1.3165
-1.2869
-1.3981
-1.4225
-1.0691
-1.1909
-1.0348
-1.2302
-1.1968
-1.4063
-1.2870
-1.1335
-1.3784
-1.3338
-1.5756
-1.7813
-2.0362
-2.2240
-2.1538
-2.3139
-2.1457
-2.4756
-2.4187
-2.5768
-2.2404
-2.3148
-1.9993
-1.9026
-1.7326
-1.4890
-1.3633
-1.1243
-0.9068
-0.7777
-0.5665
-0.2659
-0.0342
0.5301
0.7530
0.8147
1.0895
1.5977
1.5573
2.1854
1.8187
2.6624
2.1268
2.3661
2.0271
1.9922
1.8546
1.9991
2.2559
2.4286
2.3261
1.7772
1.6211
0.8935
0.8183
0.6004
0.1688
0.2563
0.4886
0.4154
0.5476
0.6511
0.4421
1.6665
0.5100
1.0118
0.5273
0.7281
1.2496
0.6986
0.8266
1.0270
1.3971
1.1781
1.1256
0.7069
0.7682
0.7274
0.9849
0.5541
1.0937
0.7451
1.0100
0.5645
1.2738
0.2706
0.1410
-0.2868
0.6150
-0.2448
-0.3437
-0.8542
-1.0521
-1.2919
-1.3551
-1.2992
-1.3640
-1.5748
-1.4800
-1.4818
-1.6757
-1.7806
-1.6816
-1.6391
-1.3195
-2.0033
-2.0757
-1.7817
-2.1111
-1.8859
-1.7671
-1.4350
-1.6754
-1.3250
-1.2429
-1.5033
-1.0954
-1.6608
-1.7412
-0.7579
-1.2730
-1.1979
-1.3050
0.5911
0.2566
-0.6784
-0.0681
-0.7192
0.3001
-0.6208
0.1499
0.0877
-0.1536
0.5805
0.0190
0.2957
0.0412
-0.0878
-0.1588
-0.1002
-0.3116
-0.1646
-0.4094
-0.4028
-0.1068
-0.2365
-0.0407
-0.0052
0.2209
0.4195
0.6418
0.5302
0.4155
0.0791
0.3217
-0.1422
-0.6220
-0.7490
-0.8049
-0.7548
-1.1875
-1.3567
-1.5021
-1.5236
-1.9468
-2.0176
-2.0609
-1.8936
-2.1130
-2.0903
-2.1617
-2.0902
-2.2399
-2.2472
-2.3793
-2.4396
-2.5069
-2.5524
-2.5948
-2.6017
-2.4130
-2.5911
-2.5856
-2.5449
-2.5387
-2.4835
-2.4934
-2.4601
-2.4274
-2.4752
-2.4517
-2.5074
-2.4572
-2.1808
-2.3059
-2.1702
-2.1211
-2.0112
-2.0396
-1.9871
-1.9839
-1.9100
-1.7696
-1.7341
-1.4401
-1.6673
-1.6352
-1.5984
-1.5668
-1.5043
-1.4383
-1.1391
-1.0866
-0.5820
-0.7805
-0.5405
-0.2893
-0.0205
0.5197
0.7016
1.0879
1.4956
1.8313
1.8684
2.3142
2.2096
2.5938
2.2328
3.4608
2.3509
2.7615
2.1823
2.6576
2.7439
3.5098
2.7503
3.3621
3.0826
3.1581
2.8948
2.8810
3.3333
2.7334
3.1299
3.4071
3.4552
3.0564
3.2926
3.7131
3.9399
3.7028
3.2409
3.2066
2.4331
2.3272
2.2792
2.3031
1.9846
1.7529
1.9554
1.7053
1.7663
1.5582
1.9575
1.7912
1.7022
2.7296
1.8867
1.8531
2.1072
1.5503
2.0661
2.4261
3.0258
1.6627
2.3047
2.4473
2.3702
2.4871
1.8966
2.1802
1.9257
1.9061
2.5685
1.7245
2.1237
2.0056
2.0876
2.5440
2.6895
3.2475
2.8511
2.7447
2.8748
3.4322
3.2118
4.0276
4.0810
3.9141
4.0018
4.6927
3.4255
3.0675
2.8560
3.2480
3.7778
2.9356
2.9938
2.8120
2.5155
3.1914
3.0641
2.5757
2.3173
2.7253
2.2247
1.9691
1.5269
1.3742
1.7063
1.8512
2.3800
2.0166
2.1258
1.9678
2.3279
2.5656
1.5666
1.7031
1.5288
1.5887
1.3692
1.6869
1.7385
1.6106
1.8111
1.3828
1.5828
0.7633
0.9009
0.8772
0.7962
0.3380
0.4742
0.1719
0.4362
0.5316
0.6729
0.7006
0.5483
0.6655
0.5026
0.4851
0.5008
0.5544
0.7271
0.7658
0.5687
0.8414
0.4560
0.5718
0.4035
0.6691
0.2738
0.4195
0.3647
0.8857
1.2299
1.1728
1.0760
1.2113
1.0573
0.9632
1.4366
1.9786
1.0960
1.5899
1.4315
0.6370
0.9344
0.5878
0.6096
0.9970
1.1364
0.5489
0.9551
0.9416
1.2077
0.9717
1.4367
1.2349
2.1565
1.9341
1.6032
1.6970
1.8043
2.1337
2.7695
2.3302
3.0202
2.3313
2.1828
2.6615
2.8326
3.1282
3.8030
3.2546
3.3168
3.4548
2.9244
2.8222
3.3021
3.0171
2.8009
2.8515
2.8210
2.9045
2.9148
2.7342
2.7019
2.7301
2.9949
2.8258
2.7474
2.6734
2.6737
2.5351
2.4519
2.5779
2.3837
2.2162
2.3472
2.1503
2.0608
2.1630
2.1012
2.4017
2.1644
2.2967
1.9602
1.9035
2.0207
2.2697
2.2400
2.3199
2.6003
2.3086
2.1357
2.0750
1.7426
1.5992
1.5553
1.4122
0.9743
0.9730
0.9061
0.9434
1.1671
1.0771
1.2296
0.9514
0.7522
0.7030
1.0154
0.3958
0.5506
0.1927
0.3079
0.5147
0.5183
0.7449
0.1708
0.5639
0.6684
0.9980
0.4025
0.5115
0.2236
0.4292
0.2542
-0.1357
0.2985
-0.1049
-0.1115
-0.2415
-0.4068
-0.4337
-0.1131
-0.4040
-0.8508
-1.0699
-1.1997
-0.7889
-1.4584
-1.6090
-1.2503
-1.5796
-1.3406
-1.6490
-1.4964
-1.7720
-1.8931
-2.0253
-1.9214
-2.0102
-1.8357
-1.8586
-1.4808
-1.1387
-0.9892
-0.6139
-0.9030
-0.9239
-0.7448
-0.9562
-1.0386
-1.1262
-1.2651
-1.4024
-1.4837
-1.1469
-1.6444
-1.7011
-1.7300
-1.6792
-1.7339
-1.8025
-1.9614
-1.8838
-1.8647
-1.5201
-1.5708
-1.7184
-1.6479
-1.6382
-1.9110
-1.6853
-1.8413
-1.8312
-1.7761
-1.6912
-1.7086
-1.6078
-1.7046
-1.6585
-1.4942
-1.7017
-1.7654
-1.8556
-1.7715
-1.4588
-1.3943
-1.5274
-1.5863
-1.4569
-1.5698
-1.3947
-1.0192
-1.2468
-0.9715
-0.6048
0.1824
-0.4740
-0.1880
0.0737
0.0456
0.0850
0.4833
-0.0205
0.4766
0.3651
1.0091
0.4898
0.9988
0.8497
1.2152
0.7991
1.0522
0.8814
1.6222
1.1301
1.3225
1.6524
1.1921
1.9044
0.8661
1.4015
1.3369
1.6532
0.9325
1.1239
1.1998
1.0071
0.7008
0.5991
0.8490
0.1823
0.1138
0.1987
0.2688
-0.1057
0.3052
0.0802
0.5137
0.1864
0.3675
0.4329
0.1928
0.4516
0.5160
0.5658
0.3641
0.9422
0.5925
0.7275
0.8225
1.1168
0.9334
1.0327
0.8479
1.1675
0.5497
1.0869
1.5960
1.5712
0.5185
0.5855
0.6764
0.6827
1.0605
0.9681
0.6699
1.3925
1.0836
0.9119
0.8432
0.4211
0.5745
0.9572
-0.0409
-0.7394
-0.4443
-0.7039
-0.7817
-1.1183
-1.0946
-1.4002
-1.2069
-1.5830
-1.4162
-1.5024
-0.5320
-0.8885
-0.9623
-1.7149
-1.2119
-1.1236
-2.1365
-1.9776
-1.8350
-1.8692
-1.9364
-1.9789
-1.9064
-1.5956
-2.1835
-2.2720
-2.4037
-2.0785
-2.6495
-2.3974
-2.5025
-2.6492
-2.7163
-3.0874
-2.8475
-3.0848
-2.9487
-2.4456
-3.1835
-3.0057
-3.3187
-3.2772
-3.3860
-3.3780
-3.6941
-3.8250
-3.4298
-3.4584
-3.4405
-3.5147
-3.2967
-3.3471
-3.4484
-3.3725
-3.7968
-3.8158
-4.1291
-4.1951
-4.2866
-4.1696
-4.3979
-4.3952
-4.1387
-3.7985
-4.3610
-4.4527
-4.5203
-4.7864
-4.8634
-4.8664
-4.8799
-4.9994
-5.0280
-5.1545
-5.1752
-5.1340
-5.1748
-5.0941
-5.0381
-5.0250
-5.3703
-5.3932
-5.3944
-5.4338
-5.4395
-5.4718
-5.4743
-5.4496
-5.3378
-5.3108
-4.9923
-5.1510
-5.0417
-4.9329
-4.8172
-4.8169
-4.7222
-4.7214
-4.6117
-4.5567
-4.3000
-4.4640
-4.4101
-4.3491
-4.2823
-4.1348
-4.1026
-3.9954
-3.9840
-3.8673
-3.7335
-3.4139
-3.5484
-3.5233
-3.4817
-3.4793
-3.4149
-3.4296
-3.3767
-3.3461
-3.1935
-3.1667
-3.0570
-3.0700
-2.9798
-2.6994
-2.7865
-2.7103
-2.6051
-2.5500
-2.4015
-2.4043
-2.3475
-2.3872
-2.4125
-2.3857
-2.4453
-2.4581
-2.4737
-2.4991
-2.4930
-2.3588
-2.5887
-2.6150
-2.6104
-2.4777
-2.4670
-2.3488
-2.3710
-2.3310
-2.3140
-2.2595
-2.3237
-2.3563
-2.4728
-2.5293
-2.5211
-2.2901
-2.4553
-2.4085
-2.4319
-2.4704
-2.5464
-2.6382
-2.7278
-2.7962
-2.8634
-2.8618
-2.8528
-2.8021
-2.7719
-2.7639
-2.7703
-2.4927
-2.6996
-2.5909
-2.6013
-2.5178
-2.5021
-2.4675
-2.4833
-2.4395
-2.3676
-2.2844
-2.1306
-2.0038
-1.9057
-1.6337
-1.7943
-1.4536
-1.5530
-1.3943
-1.2681
-1.1943
-0.9687
-0.9993
-0.8964
-0.7127
-0.9580
-0.9583
-0.7866
-0.9222
-0.6011
-0.3682
-0.0230
0.1009
0.5785
0.5760
0.7541
1.2263
1.7732
2.5155
2.4484
3.5019
3.4793
3.1204
2.7330
3.0169
2.4748
2.3931
3.0466
2.2477
2.2491
1.8616
1.6035
1.7582
1.3372
1.6314
1.2311
1.2191
1.1140
1.0747
0.7445
1.1862
1.5457
1.6351
2.0225
2.5166
2.3952
1.9389
1.8874
1.6804
1.8803
1.7058
1.6146
1.5497
1.2658
1.5933
0.9516
0.8117
1.4290
0.5014
0.2899
0.5110
0.9382
0.7069
1.0694
1.1894
1.2880
0.8675
0.8801
0.7440
1.0972
0.7585
0.8299
0.8509
0.9810
0.3600
0.9761
0.9685
1.5244
1.5751
2.0667
2.2650
2.7510
3.4740
2.7946
3.4305
3.0355
3.1663
3.1764
2.8877
2.8516
2.6226
2.8248
1.9430
2.0741
2.2539
1.6311
1.8961
1.2481
1.6848
1.7072
1.9208
1.5615
1.0138
0.4667
0.6658
0.7169
1.0175
0.1298
-0.0211
-0.4733
-1.1077
-0.9241
-1.1836
-1.6509
-1.4896
-1.4766
-1.4071
-1.4677
-1.5941
-1.3132
-1.2449
-1.3545
-1.4499
-1.1391
-1.0805
-0.6508
-0.5368
0.1778
0.2922
1.1303
1.1784
1.8109
2.0360
1.8641
1.8246
2.6675
2.0018
2.5131
1.6752
1.7584
2.0320
1.6086
1.4967
0.6186
0.4821
0.2324
0.2027
-0.1435
-0.5248
-0.4748
-0.6969
-0.2411
-0.2944
0.3147
0.5013
0.2816
0.2251
0.1448
0.3721
0.9636
1.0273
0.6037
0.8240
0.9984
1.0992
1.0327
0.9969
0.6766
0.8404
1.1172
1.3182
0.6246
0.9849
1.4388
2.3971
1.6038
2.3624
2.0913
2.6808
3.2324
2.4544
2.5006
2.2297
3.9362
2.5483
2.4989
2.2411
1.9526
2.1526
2.4276
2.3670
2.1918
2.7088
2.2974
1.7719
1.5237
1.5760
1.7436
0.9118
1.2029
1.1453
1.0015
0.7253
0.5498
0.5543
0.6614
0.5572
0.4317
0.4030
0.1051
0.0397
0.0668
0.0429
0.1543
-0.1122
0.5852
0.3554
0.6184
0.5749
1.3300
2.0627
1.3105
3.1152
2.3777
1.6955
2.4861
2.4195
2.1928
2.8839
2.8354
3.3859
3.3159
2.8153
2.8808
2.8160
3.5330
3.6323
3.0804
4.0729
3.5249
3.8528
3.7372
4.1263
4.0109
3.5638
3.3925
3.7305
3.3930
3.7566
3.5428
3.6753
3.9245
3.7571
4.1978
3.9880
3.9175
3.9678
3.9283
4.7664
4.8069
6.1840
4.8361
4.6490
4.9334
5.9787
6.0875
6.3960
6.8292
7.5808
7.5323
7.8323
7.3079
7.4327
7.6282
7.5689
7.3306
7.1554
7.0808
6.4458
5.2931
5.0365
4.5884
4.6136
4.0735
3.9405
3.2355
2.5487
2.3831
2.0639
1.5760
1.6047
1.2442
1.1710
1.7394
1.1933
1.0083
0.9618
0.9803
1.7789
1.2812
1.5360
1.6458
1.4991
1.6637
2.0458
1.9964
1.4425
1.0760
0.7554
0.7912
1.0277
1.2682
0.8381
0.5406
0.7686
0.2396
0.1246
0.7606
0.1446
0.4909
0.5301
0.3881
0.5103
0.2685
0.7763
0.2964
-0.0489
0.3149
-0.3325
0.3279
0.0048
0.0505
0.0686
0.0247
0.6450
0.9029
0.6353
-0.0193
0.6406
0.5183
0.8573
0.4117
0.1545
0.3035
0.0643
-0.4989
-0.4069
-0.8982
-0.8087
-0.6294
-1.4260
-1.8011
-1.9613
-1.6874
-1.7369
-2.2464
-2.1783
-2.2305
-2.0302
-2.2261
-2.3061
-2.1603
-2.0875
-2.0294
-2.3392
-2.2798
-2.3670
-2.0838
-2.3308
-2.1842
-2.2086
-2.1722
-2.0483
-2.2796
-2.2976
-2.0244
-2.2823
-2.1683
-2.1405
-2.0600
-2.0555
-2.1207
-1.8669
-2.2673
-2.4016
-1.9613
-1.5230
-1.7576
-2.1803
-2.6757
-2.4867
-2.7318
-2.2636
-2.6479
-1.9322
-2.2639
-2.3339
-2.4524
-2.4977
-2.2830
-1.9476
-1.2754
-1.8513
-1.5727
-2.4025
-1.7503
-1.7446
-1.5038
-1.4469
-1.5290
-1.2527
-1.8631
-1.8475
-1.5278
-1.7438
-1.9222
-1.7958
-1.6751
-1.6415
-1.4484
-1.6736
-1.7442
-1.7672
-1.6843
-1.5228
-1.7119
-1.7014
-1.8258
-1.4010
-1.7720
-1.6047
-1.5326
-1.6398
-1.6389
-1.5593
-1.3611
-1.4804
-1.6552
-1.6003
-1.5106
-1.5497
-1.5201
-1.3763
-1.4832
-1.4456
-1.5246
-1.3083
-1.4554
-1.4442
-1.3652
-1.3196
-1.3156
-1.0983
-1.3681
-1.4186
-1.3887
-1.1374
-1.2434
-1.1783
-0.9705
-0.8927
-0.9928
-1.2252
-0.9945
-1.1875
-1.1324
-0.9775
-0.9653
-0.7504
-0.5957
-0.6838
-0.7509
-0.7747
-0.8284
-0.6292
-0.9680
-1.0896
-1.3501
-1.5676
-1.7548
-1.8840
-1.7403
-1.9761
-1.9859
-1.9748
-1.9879
-2.0216
-1.9443
-2.2322
-2.3887
-2.4444
-2.3934
-2.5310
-2.5722
-2.4682
-2.3954
-2.4058
-2.3225
-2.4243
-2.4333
-2.0456
-2.5493
-2.5771
-2.6761
-2.6657
-2.1195
-2.3836
-2.8827
-3.0061
-2.7278
-3.2049
-3.1459
-3.4294
-3.4086
-3.3680
-3.3136
-3.1892
-3.2333
-3.2095
-3.3116
-3.2482
-3.2796
-2.9580
-3.1622
-3.0631
-3.0335
-2.9484
-2.8526
-2.8327
-2.8004
-2.8037
-2.6976
-2.5439
-2.7130
-2.8416
-2.8736
-2.8804
-2.8778
-2.8443
-2.8569
-2.8350
-2.8110
-2.7391
-2.6581
-2.5031
-2.4904
-2.2212
-2.4524
-2.4374
-2.3620
-2.3511
-2.2791
-2.0527
-2.2001
-2.1652
-2.1221
-2.0803
-2.0253
-1.9959
-1.9409
-1.8585
-1.6703
-1.5453
-1.3823
-1.1306
-0.9622
-1.1974
-1.1641
-1.3099
-1.3406
-1.3519
-1.3971
-1.3521
-1.4476
-1.4888
-1.5518
-1.7316
-1.7508
-1.9305
-1.9396
-1.7899
-1.9842
-1.9492
-1.8017
-1.7180
-1.4999
-1.0324
-0.8509
-0.8519
-0.7453
-0.4186
-0.2759
-0.4585
0.0175
-0.2089
-0.1129
-0.1043
0.2297
0.1345
-0.0149
0.4647
0.2196
0.1544
0.6101
0.6882
0.4059
0.9366
0.9046
1.1288
1.2295
1.4775
1.6328
1.6950
2.4087
2.7608
2.9408
3.0420
3.2053
3.2318
3.3268
3.0685
2.7556
2.7728
2.8276
2.8005
3.0817
2.2189
1.9937
2.7030
1.5483
1.4600
1.4746
1.4571
1.2356
1.2656
1.8692
1.8480
1.2182
1.1872
0.5254
0.3758
0.6004
-0.0011
-0.3534
-0.1136
-0.0725
-0.0500
-0.4860
-0.1897
0.1059
0.0171
-0.8437
-0.6649
-0.8416
-0.6949
-1.0974
-0.4742
-1.1450
-1.2421
-0.9048
-0.9533
-1.0323
-1.1993
-1.4833
-1.4206
-1.5067
-1.4775
-1.3975
-1.7315
-1.5955
-1.3596
-2.2022
-2.2255
-1.7511
-2.0794
-1.5052
-2.2013
-1.9712
-2.0694
-1.8625
-1.6109
-1.7672
-1.1303
-1.7011
-1.5469
-1.6188
-1.5088
-1.6764
-2.0096
-1.9824
-1.8088
-1.3702
-1.6161
-1.1653
-1.0298
-1.0495
-1.2896
-1.1025
-1.3209
-1.1869
-1.1437
-0.4899
-0.2285
-0.3866
-0.2520
-0.0516
0.3244
0.3266
0.3985
0.4901
0.9938
1.4350
1.7084
1.6605
1.7083
1.4349
1.2362
1.4812
1.4733
1.6549
2.0215
1.8582
2.0107
2.0298
1.9561
2.3437
2.0343
1.9703
1.7272
1.6438
1.6842
1.6439
0.8564
0.7184
0.6068
0.7229
0.6019
0.4112
0.3620
0.4326
0.4518
0.9315
0.5642
0.7129
0.4776
0.4204
0.5870
0.5440
0.3518
0.0511
-0.0180
-0.1858
-0.5869
-0.3908
-0.7724
-0.9363
-0.9700
-0.9254
-1.1786
-1.1533
-0.7704
-0.9374
-1.2423
-1.0254
-1.2215
-0.8263
-1.1186
-1.2607
-1.4025
-1.5599
-1.7320
-1.6974
-1.8218
-1.6395
-1.8123
-1.7455
-1.8856
-1.5177
-2.0601
-1.9084
-2.1100
-2.0532
-1.9643
-1.9402
-2.0121
-1.5929
-1.7261
-1.5093
-1.4626
-1.4910
-1.4136
-1.6030
-1.7025
-1.7548
-1.5960
-1.9887
-2.0627
-1.8758
-1.7092
-1.8133
-1.6164
-1.4597
-1.5753
-1.4768
-1.3300
-1.1867
-1.1093
-1.2158
-0.3012
-0.5686
-0.6705
-0.6467
-0.7880
-0.8113
-0.3638
-0.3769
-0.2916
-0.4502
0.2196
-0.2374
0.0906
-0.3461
0.4523
0.2979
0.3485
0.3328
1.1178
0.6079
1.1999
1.7492
2.2782
2.6160
2.5271
2.9287
2.6805
3.2796
3.2759
4.0021
4.0338
4.3139
4.1902
3.9912
4.2194
4.2674
4.0922
4.2078
3.7481
3.9862
3.4974
4.1053
3.2296
3.5834
3.6115
3.2374
3.4245
3.5644
3.8568
4.1976
3.9070
4.1923
4.3554
4.0751
4.3775
4.6497
4.0774
4.3951
4.4990
4.4503
4.8688
4.2746
4.9635
4.7568
5.2906
5.3675
4.3969
4.6026
4.8740
3.3431
3.3676
2.3810
2.4673
1.8045
1.7880
1.8509
1.8570
2.0077
1.5075
1.6631
1.6514
1.7760
1.2363
1.8390
1.3924
0.8782
1.7368
1.8994
1.4321
0.8013
0.5948
0.5410
0.0850
0.3161
0.1940
0.0822
-0.2645
0.2750
-0.1390
-0.0236
-0.4349
-0.8077
-0.4342
-0.2293
-0.2198
-0.3327
-0.6286
-0.6645
-0.2012
-0.5360
-1.2607
-0.6050
-1.2545
-1.3708
-1.1436
-1.1490
-1.4961
-0.9329
-1.3492
-1.3884
-1.2192
-1.1008
-1.1489
-1.4047
-0.7192
-0.6851
-0.9817
-1.6979
-0.7282
-1.1741
-1.6080
-1.8018
-1.5413
-1.5594
-1.7335
-0.8574
-1.9412
-1.1939
-2.2200
-2.1824
-1.9627
-1.4704
-1.7113
-1.7742
-2.0840
-2.2593
-1.3298
-2.1775
-2.2184
-2.3905
-1.7437
-1.8299
-2.2416
-1.8395
-1.2436
-1.1216
-1.8860
-2.0107
-1.3363
-2.0425
-1.6768
-1.9539
-1.4856
-1.6438
-1.7278
-1.7553
-1.2179
-1.5706
-1.3223
-1.6519
-1.2612
-0.4556
-1.0432
-0.7272
-0.6473
-0.3837
-0.4083
0.0098
-0.3459
-0.4895
-0.8709
-0.8874
-0.5332
-0.7378
-0.9165
-1.0978
-1.2123
-1.4181
-1.6876
-2.2797
-2.3979
-2.5675
-2.2786
-2.3911
-2.3412
-2.6582
-2.6271
-2.0993
-2.5656
-2.5272
-2.4360
-2.6716
-2.1837
-2.4929
-2.2494
-2.1687
-2.1069
-2.1117
-1.7651
-1.9497
-1.7352
-2.2627
-2.1273
-1.9394
-1.9339
-1.9943
-1.9045
-1.7604
-1.7889
-1.6539
-1.5517
-1.5441
-1.6795
-1.5687
-1.6392
-1.3217
-1.5821
-1.4935
-1.4730
-1.4397
-1.3977
-1.2185
-1.1661
-0.6875
-1.3197
-1.1060
-1.0512
-0.9220
-0.3282
-0.9051
-0.8308
-0.4283
-0.6290
-0.6382
-0.5156
-0.0364
0.3193
0.1264
-0.1861
0.3417
-0.2204
0.2925
0.1183
0.5583
0.0910
0.1375
-0.0564
-0.0414
-0.0931
0.2481
0.1430
0.0424
-0.0983
-0.2387
-0.3428
-0.1007
-0.1821
-0.2197
-0.3043
-0.3150
-0.3347
-0.5314
-0.7907
-0.5903
-0.6510
-0.6391
-0.4377
-0.9804
-1.0618
-1.0472
-1.2549
-1.3586
-1.4777
-1.4079
-1.3326
-1.0253
-1.1819
-1.0047
-1.1753
-1.0043
-1.1087
-1.1743
-1.1041
-1.0011
-1.2116
-1.2445
-1.2830
-1.3285
-1.3671
-1.4047
-1.4590
-1.4355
-1.5092
-1.4014
-1.6959
-1.8441
-1.8463
-1.7325
-1.9792
-2.0086
-2.0339
-2.0401
-2.1150
-2.1534
-1.9730
-1.7317
-1.8789
-1.9751
-1.6891
-1.2453
-0.5663
-0.5757
-0.1076
0.7186
0.8321
1.5652
2.2844
3.4884
3.6410
3.5982
4.0475
2.8938
2.8865
2.7407
3.1503
2.8604
2.9244
2.9697
2.8212
2.8379
2.9651
2.5406
2.5240
1.4184
1.0791
0.6076
0.4636
1.0175
0.3429
1.1586
0.2430
0.9621
0.9723
0.7232
0.5484
0.9493
0.8632
0.6578
0.8697
0.3731
0.3697
0.1906
-0.1484
-0.1552
-0.6145
-0.3760
-0.9834
-0.8710
-0.7960
-0.7835
-0.5120
-0.7740
-0.8919
-0.9777
-0.7212
-0.3704
-0.5977
-1.0796
-1.0737
-0.7685
-1.1000
-1.1572
-1.3316
-1.3270
-1.0820
-1.0147
-0.9072
-0.7030
-0.7483
-0.9334
-0.8225
-0.8457
-0.8176
-0.7157
-0.8222
-0.7346
-0.8210
-0.7414
-0.6799
-0.4382
-0.5524
-0.6112
-0.9660
-0.9967
-0.5911
-0.8874
-0.9570
-1.3422
-1.3308
-1.3330
-1.6768
-1.9266
-1.6084
-2.0440
-2.2046
-2.2813
-2.4098
-2.4365
-2.4848
-2.3027
-2.4191
-2.2023
-2.5502
-2.3543
-2.5550
-2.4179
-2.5115
-2.1976
-1.6864
-2.4413
-2.2348
-1.3195
-1.4815
-1.7848
-1.4699
-1.2625
-0.7453
-0.8520
-0.5364
-0.6494
-0.4845
-0.1796
-0.0429
1.3692
1.6937
2.2034
2.4559
3.0284
2.8621
2.2128
3.0454
2.9069
2.5608
3.3202
3.0337
2.8014
2.9402
2.8346
3.3118
2.8883
2.7451
2.3090
2.8031
2.0680
1.8078
1.8896
1.5665
2.0049
1.6538
1.9689
1.7481
1.6136
1.5534
1.3805
1.3938
1.4214
1.5846
1.0813
0.7412
0.7921
0.9655
0.8404
1.0863
0.7800
0.4784
0.4744
0.0182
0.0921
0.4603
0.8600
0.7945
0.0907
0.1821
-0.6665
-0.5352
-0.3321
-0.8600
-0.5410
-0.7086
-0.5089
-0.5883
-0.4401
0.0236
-0.2523
-0.4869
-0.4318
-0.6529
-0.4160
-0.7007
-0.6405
-0.7413
-0.7747
-0.9740
-0.9630
-0.9432
-1.0660
-0.8706
-0.8166
-0.8199
-0.6301
-0.6272
-0.6308
-0.4688
-0.5673
-0.2950
-0.2156
-0.4913
-0.1589
-0.3238
-0.7272
-0.2367
-0.6460
-0.4968
-0.6835
-0.5380
-0.4804
-0.1417
0.0086
-0.1211
-0.2090
-0.1258
-0.3606
-0.3961
-0.1788
-0.3551
-0.1678
-0.2159
0.0409
-0.2432
-0.2816
-0.1897
-0.3331
-0.0462
-0.4334
-0.3462
-0.2763
-0.1108
0.0786
0.4768
0.7264
0.6263
0.8965
0.9647
1.3355
1.3278
1.6280
1.4921
1.6911
1.5580
1.5680
1.5250
1.3570
1.3652
1.1684
1.0948
0.9407
1.0054
0.7452
1.0792
1.2631
1.2442
1.3401
1.8068
1.1458
1.0188
1.2675
1.0722
1.9455
0.7506
1.3095
0.8494
1.0588
1.5553
0.9178
1.1255
0.4819
0.0422
0.3553
0.8854
0.3261
0.3845
1.3048
1.3062
1.5697
1.4053
1.8861
1.6565
1.4333
1.8732
2.5264
2.2243
2.1228
2.5078
3.0074
2.8432
2.5826
3.0390
2.3980
2.8679
2.2693
2.0064
2.3456
2.4021
2.1874
1.9177
2.3613
2.1922
2.4753
2.2277
2.4312
2.3591
1.9534
1.8993
1.7154
2.1839
1.4920
1.6090
1.0206
1.4736
1.0968
1.4148
1.0751
1.0768
0.8832
1.1260
0.9045
0.9804
0.8486
0.5844
0.5895
0.6963
0.6508
0.7015
0.1159
-0.0263
-0.1725
-0.2347
-0.4976
-0.0454
-0.5283
-1.0657
-0.2982
-0.8433
-0.4923
-0.8218
-0.9455
-1.5832
-1.3339
-0.9341
-1.0612
-0.8807
-0.7533
-0.3422
-0.4224
0.0414
0.4261
0.4476
0.1790
0.5329
0.9950
0.7632
0.9941
1.1645
1.7870
1.2019
1.3598
1.5037
0.8845
1.2928
0.9918
0.7730
0.3149
0.2290
0.4428
0.1025
0.0267
-0.4660
0.2368
0.0600
-0.5383
-0.7350
-0.8202
-0.4494
-0.6283
-0.7300
-0.8248
-0.5515
-0.8139
-0.7473
-1.2163
-1.2910
-1.7143
-1.8322
-1.4462
-1.7068
-1.4298
-1.1445
-1.0446
-1.5913
-1.5804
-1.2096
-1.1387
-1.6461
-1.4704
-0.7080
-1.4355
-1.3184
-0.8514
-1.1370
-0.9647
-0.9296
-1.0929
-1.2903
-1.4482
-1.1850
-1.5394
-1.4246
-1.2246
-1.3849
-1.4176
-1.3044
-1.1495
-1.1941
-1.0712
-0.7267
-1.2591
-1.4803
-1.3645
-1.4132
-1.3298
-1.2603
-1.2866
-1.4445
-0.3396
-1.3418
-1.2375
-1.3403
-1.5033
-1.7424
-1.8165
-1.7826
-1.8144
-1.4055
-1.8524
-1.7004
-0.9815
-1.5891
-1.2659
-1.3688
-0.3806
-1.6117
-1.2641
-1.0747
-0.8612
-1.1350
-1.2659
-1.7627
-1.1865
-0.3261
-0.7019
-1.1738
-0.5268
0.7875
-0.1273
0.4239
-0.0972
0.6780
1.2957
