-0.7307
-0.6357
-0.1454
-0.7768
-0.7864
-0.5405
-1.0073
-1.1832
-1.2229
-1.4792
-1.5407
-1.5163
-1.7325
-1.7064
-1.7513
-1.5909
-1.9090
-2.0923
-2.2370
-2.3542
-2.3764
-2.3178
-2.2603
-2.2250
-1.9467
-1.9600
-1.6710
-1.5993
-1.4085
-1.2636
-1.2198
-1.0343
-1.1922
-1.2011
-1.1008
-0.9137
-1.0788
-1.1283
-1.1209
-1.0692
-1.0308
-0.8294
-0.8094
-0.5518
-0.4168
-0.4375
-0.5467
-0.4346
-0.6269
-0.6255
-0.6236
-0.9772
-1.2669
-1.2704
-1.6691
-1.7342
-1.9471
-2.0340
-2.1668
-2.1157
-2.2162
-1.7054
-2.3884
-1.9674
-1.9237
-1.9481
-1.9523
-1.7755
-1.5037
-0.9314
-1.0523
-0.5370
-0.0999
0.3822
1.3572
1.6939
1.9363
2.0305
2.1983
2.5040
3.2550
2.9070
3.5970
3.8950
4.2222
4.2759
4.8549
5.2188
6.2984
5.9335
6.4338
6.1304
6.1831
6.3067
6.4188
6.4041
6.0512
6.1611
6.0737
5.7060
6.1403
5.1495
4.9200
4.7561
5.0869
4.6210
4.3234
4.2540
3.9892
3.9745
3.6914
3.8851
3.5481
3.7992
3.6321
3.4929
4.0606
3.4910
3.0605
3.2156
2.8087
2.8066
2.5768
2.4878
2.8091
2.2706
2.3211
2.7075
2.3078
2.5128
2.9972
2.6906
2.3545
2.6635
1.1427
1.3834
1.1645
0.3828
0.7106
0.6403
-0.3093
-1.2809
-0.9426
-1.6065
-0.6452
-0.7133
-0.3117
-1.4803
-1.9465
-2.6859
-2.9689
-2.8235
-2.9948
-3.0725
-3.7168
-3.7031
-4.4985
-4.4864
-4.2071
-3.7833
-4.4778
-4.2282
-4.3990
-4.4602
-4.3483
-4.6940
-3.8970
-4.6613
-4.1838
-4.2109
-4.6286
-5.1013
-4.9556
-4.4628
-4.3001
-4.4985
-3.7381
-4.1086
-4.0445
-3.5626
-3.9442
-3.5856
-3.4464
-3.0841
-3.0455
-3.0025
-3.1557
-3.0403
-3.1713
-3.1182
-3.2088
-3.0343
-3.1972
-2.6995
-3.0850
-2.4157
-2.6186
-3.0269
-2.9993
-3.1264
-2.8246
-2.8168
-2.7186
-2.7356
-2.5170
-2.7214
-2.7169
-2.5414
-2.5549
-2.5854
-2.8588
-2.5933
-2.8663
-2.8688
-2.5624
-1.8878
-2.3141
-1.8446
-2.1542
-2.1616
-1.8736
-2.3497
-2.3766
-2.2083
-2.2127
-2.1179
-1.9855
-1.5760
-1.7259
-1.7341
-1.2647
-1.4717
-1.1100
-0.7974
-0.6884
-0.4633
-0.2128
0.5873
0.6292
0.9165
1.0746
1.6186
1.7905
1.8808
1.9488
2.4412
2.7300
2.4800
3.2042
4.6621
4.1320
3.9740
4.1345
4.3623
3.9926
4.0721
3.8624
3.7479
3.8439
3.5945
4.6875
4.2524
4.5163
3.4987
4.2295
3.3541
3.5320
3.9424
3.5602
3.4125
3.9423
3.0384
3.0439
3.0119
3.2583
2.9494
2.5517
2.0590
2.1687
1.6160
1.4907
1.0366
1.0070
0.6355
0.2046
-0.2903
0.1309
-0.4432
-0.6779
-0.3219
-0.4652
-1.0987
-1.3692
-1.3236
-1.6748
-1.5093
-1.8549
-1.8767
-1.9672
-2.0211
-1.9902
-2.0144
-1.9384
-1.9266
-1.8862
-1.8057
-1.7711
-1.6444
-1.6643
-1.6218
-1.7146
-1.7295
-1.7445
-1.6878
-1.7637
-1.6097
-1.9689
-2.1138
-2.0084
-2.3627
-2.4623
-2.5625
-2.5699
-2.6663
-2.7221
-2.8184
-2.8635
-2.8031
-2.7655
-2.4693
-2.5473
-2.3556
-2.2321
-1.4542
-1.8691
-1.7435
-1.2042
-1.5979
-1.4703
-1.5193
-1.8109
-1.8715
-1.9444
-1.6462
-1.7134
-1.5142
-1.8953
-1.9546
-2.0557
-2.3642
-2.3110
-2.4496
-2.4196
-2.2694
-2.1463
-1.9909
-1.8353
-1.6845
-1.5165
-1.3819
-1.2524
-1.0771
-1.0312
-0.9181
-0.9269
-0.8604
-0.7376
-0.5541
-0.7308
-0.8456
-0.9053
-0.9607
-1.0117
-1.0530
-1.1027
-1.1878
-1.3147
-1.4675
-1.5914
-1.7076
-1.7603
-1.6522
-1.9002
-1.9608
-1.9601
-1.9585
-1.9264
-1.9324
-1.9440
-1.9603
-1.9030
-1.9137
-1.8478
-1.7565
-1.7382
-1.5991
-1.6189
-1.2116
-1.3309
-1.1406
-1.0796
-0.9216
-0.8010
-0.5236
-0.1670
0.0613
0.6590
0.6550
0.9647
1.1228
1.6387
1.6827
1.8217
1.8901
2.7043
2.7067
3.4189
3.8336
4.5358
4.7880
4.4675
4.9690
4.9534
4.7042
5.0659
4.4166
4.2539
4.0756
3.4873
3.0789
2.6203
2.4309
2.4148
2.1888
1.9816
1.9704
1.7783
2.1584
2.4074
2.6506
3.0973
2.6975
3.1504
2.3131
2.4374
2.5440
2.9398
2.6110
2.3998
3.3221
2.7949
2.7538
3.1779
2.7150
3.6516
3.4995
3.6793
4.0251
2.8915
2.1653
2.2275
1.4661
1.7410
0.6682
0.1755
0.4403
-0.0902
-0.2569
-1.0417
-0.2516
-0.3367
-0.3139
0.0365
-0.1168
0.3514
-0.2086
0.2844
1.0242
0.2337
0.0216
0.3115
-0.4896
0.3004
0.4500
0.0011
0.6831
-0.0477
-0.4038
0.8282
-0.2572
0.4878
-0.2651
0.1808
-0.0018
-0.3847
0.7086
0.3020
0.9956
1.4956
0.8508
1.0427
1.3864
1.7112
1.8852
2.4093
3.2023
3.3187
3.1536
3.3285
3.6897
4.7088
3.7018
4.1421
3.7710
4.1017
3.8931
3.5833
3.4236
3.1412
3.6708
3.6285
3.3949
3.6930
3.7686
3.2622
4.0002
3.5464
4.2542
4.2057
4.2224
4.1796
4.6218
3.7527
3.2335
3.1642
3.1429
2.5974
2.2839
2.4068
1.8987
2.3554
1.2539
1.5293
0.9280
1.2627
0.8132
1.3319
0.8694
1.1142
0.7923
1.1207
0.9975
1.0369
1.0343
1.5061
1.5255
1.6295
2.1174
1.8907
1.9359
2.0166
2.0982
1.5636
1.9039
2.4715
2.0416
2.3716
1.9164
1.8692
1.5836
1.5895
1.5323
1.5866
1.6504
1.7498
1.9902
1.8726
1.7603
1.7354
1.7461
1.5539
1.2084
1.0983
1.1262
0.9749
0.8867
0.6440
0.9143
0.4189
0.3181
0.2977
0.3357
0.3822
0.4044
0.5600
0.3032
0.4256
0.5272
0.2122
0.6254
0.3716
0.0823
0.4101
0.5540
1.0843
0.3113
0.4771
0.0426
-0.0044
0.0417
-0.2377
-0.6030
-0.4326
-0.8624
-0.8153
-0.7931
-0.2723
-0.1696
-0.4107
-0.3072
-0.4398
-0.2578
-0.3218
-0.4891
-0.2842
-0.5328
-0.8093
-0.3682
-0.7423
-0.7240
-0.9105
-0.3565
-0.8623
-0.8329
-0.2870
-0.5324
-0.4631
0.0347
-0.3820
0.2815
-0.0320
0.1694
0.2745
0.4596
0.8453
1.2123
1.3508
1.3374
1.4170
1.6356
1.5676
1.6094
1.6130
1.5389
1.7062
1.4087
1.4863
1.2457
1.0472
1.0509
0.9763
1.0586
0.6845
1.0831
0.5412
0.5678
0.0252
0.1208
0.1599
-0.0684
-0.0238
0.0537
0.1804
0.0102
-0.3321
-0.5478
-0.6189
-0.9786
-0.9152
-1.2245
-1.0508
-1.4729
-1.4888
-1.6068
-1.8448
-2.0576
-1.9715
-2.3442
-1.9489
-2.4247
-2.4891
-2.1728
-2.7704
-2.4710
-2.8469
-2.7826
-2.8874
-2.8954
-2.7021
-2.6959
-2.8348
-2.8214
-2.8434
-2.5067
-2.9209
-2.9328
-2.8933
-3.0194
-2.9753
-3.2034
-2.9087
-3.1451
-3.3074
-3.4853
-3.5143
-3.5763
-3.5431
-3.6714
-3.5516
-3.7072
-3.6386
-3.7652
-3.7652
-3.8164
-3.8006
-3.7668
-3.4970
-3.5978
-3.2014
-3.6416
-3.6563
-3.5577
-3.5652
-3.6334
-3.7044
-3.4541
-3.5518
-3.1414
-3.4438
-3.3614
-3.2488
-3.3460
-3.3838
-3.0146
-2.8030
-2.5660
-2.2416
-2.4512
-2.1276
-2.3171
-2.4580
-2.4055
-2.7125
-2.7084
-2.6890
-2.6356
-2.6998
-2.8933
-2.8906
-2.4671
-2.4144
-2.5587
-2.4434
-2.2057
-2.1571
-2.1474
-1.3030
-1.8838
-1.6991
-1.7557
-1.7218
-1.4648
-1.6687
-1.6421
-2.0574
-1.5426
-1.4358
-0.4201
-1.4244
-0.9369
-0.9210
-0.6386
-1.0927
-0.6946
-0.8061
-0.6016
-0.7355
-0.6338
-0.2815
0.0631
-0.1519
-0.1306
-0.3864
-0.4374
-0.2741
-0.2641
0.0617
-0.1936
0.5215
-0.0639
-0.4568
-0.6396
-0.1997
0.1278
0.3102
-0.0751
-0.4322
0.3904
0.1788
0.7602
1.3706
0.9357
1.2789
1.2461
1.3816
1.7785
1.8984
2.1314
2.0512
1.9213
1.9064
1.9374
2.1997
2.2179
2.3592
2.2564
2.4509
2.2534
2.1840
2.0957
1.6365
1.2423
1.0767
0.9578
1.1149
0.8025
1.3321
0.4451
0.1940
0.1183
-0.0756
-0.2561
0.0290
0.4051
0.4236
1.2655
1.0983
1.1566
1.3738
2.3454
2.3584
2.2512
2.6581
2.8901
3.1815
3.0556
3.4062
3.5481
3.5670
3.7896
3.4314
2.8089
3.0620
2.2875
2.8319
2.6742
2.4551
1.9212
2.2733
2.1490
2.2664
1.9524
1.6501
1.6110
1.7620
1.4198
1.5099
1.2331
1.3590
1.2721
1.3102
1.5139
1.8592
2.4491
2.6653
3.0366
3.3334
3.6511
3.7535
4.4423
4.0092
4.2742
4.2865
4.1350
3.9620
4.3639
4.0620
4.0879
3.9095
3.9078
3.4035
3.1928
3.3648
2.8523
2.7407
2.7209
2.7667
2.6551
3.1454
2.5312
2.6556
2.4713
2.6842
2.5962
2.6334
2.5710
3.0564
3.0010
2.8683
3.2107
3.0746
3.0930
3.0542
2.9061
3.0138
3.0205
3.3467
3.2064
3.5353
3.8483
3.1575
3.2454
3.3941
2.9239
2.4477
1.8019
1.6233
1.6141
1.3146
1.6580
1.4909
1.3591
1.6422
1.9325
2.6806
2.4850
3.1987
3.3472
3.8487
4.0753
4.2288
4.6496
4.9366
4.8837
4.7553
4.6851
4.5740
4.3112
4.0902
3.6341
3.4768
2.9613
2.3350
1.7909
1.6590
1.0648
0.7067
0.6059
0.1271
-0.0632
-0.2724
-0.6494
-0.6046
-0.2137
-0.5212
-0.6213
-0.4901
-0.8526
-0.7991
-1.1112
-0.7474
-1.3789
-1.5608
-1.7789
-1.6688
-1.6362
-1.4088
-1.4371
-2.0699
-2.0138
-2.4703
-2.3485
-2.3521
-2.4061
-2.4684
-2.5570
-2.1812
-2.4013
-2.5400
-2.1687
-2.4703
-2.5222
-2.0065
-2.4672
-2.6316
-2.2709
-2.4097
-2.4749
-1.7623
-2.1666
-2.6412
-2.7543
-2.5625
-2.5587
-2.5305
-2.4515
-2.3833
-2.6197
-2.6421
-2.6573
-2.6413
-2.4214
-2.4553
-2.6928
-2.6828
-2.6560
-2.3773
-2.5748
-2.3170
-2.5523
-2.5295
-2.5249
-2.3715
-2.3830
-2.1800
-2.1646
-1.9306
-1.7554
-1.3628
-1.4328
-1.0910
-1.1347
-0.9341
-0.5618
-0.8698
-0.8575
-0.5525
-1.0522
-0.7818
-0.7415
-0.5812
-0.5129
-0.4817
0.0381
-0.4092
-0.6242
-0.4096
-0.4102
0.1168
-0.1878
0.1927
0.1662
0.1727
-0.0756
0.1963
-0.1071
0.1149
-0.3733
-0.1398
-0.7362
-0.7437
-0.6064
-0.7646
-0.6627
-0.8654
-0.8667
-0.7702
-1.2909
-0.7294
-1.1356
-1.1998
-1.1508
-0.8845
-1.0455
-1.3002
-1.1968
-1.2530
-1.5008
-1.1795
-1.5682
-1.3168
-1.5882
-1.4373
-1.3570
-1.3090
-1.3129
-1.1523
-1.0602
-1.1561
-1.2173
-1.2504
-1.1032
-1.0222
-1.1267
-1.2976
-1.1994
-1.1034
-0.7709
-0.8882
-0.5013
-0.4604
-0.2154
0.0553
-0.1116
0.3511
0.6212
0.0810
0.4628
-0.7234
0.2505
-0.3160
0.4929
0.6446
1.1994
0.9429
1.7837
0.8115
1.3676
2.1989
2.0419
2.1144
2.5824
3.0408
2.0545
2.3459
2.6751
2.4221
3.3917
3.9499
3.9145
4.0803
3.7967
4.3324
5.5145
5.5664
5.6589
5.7715
5.0940
4.4349
4.6855
4.7965
4.6933
5.0472
5.8307
5.4266
5.8178
5.1783
5.5048
5.4159
5.5252
5.5158
5.7732
5.9416
6.3846
6.9992
6.5432
7.5252
7.0218
6.9675
7.1717
6.3408
6.5174
7.4309
6.3272
7.1003
6.7481
7.9987
5.9071
5.9177
5.1423
5.5358
5.2470
4.4355
4.4809
3.9765
3.7834
3.0831
2.7612
3.0060
2.7415
2.6438
1.9264
2.3691
1.9579
2.4884
3.1436
3.0732
2.8502
2.9254
2.8565
3.2167
2.8744
3.4845
3.2922
2.9530
3.3777
2.8445
3.0546
2.8940
3.0326
3.2114
3.5287
3.8467
3.4728
3.9041
3.8117
4.0960
3.7301
4.1028
3.9281
4.2128
3.9957
3.6877
3.3571
3.2220
2.8336
3.0642
2.7261
2.7282
2.6644
2.9451
3.1986
3.2354
3.1072
3.1046
2.6635
2.2655
2.2769
1.7974
1.8221
1.6493
1.7831
1.1797
1.0392
0.7945
1.0227
0.5570
0.1955
0.4230
0.0814
0.0017
-0.6706
-0.7472
-1.0487
-0.9625
-1.3218
-1.2499
-1.2772
-1.0919
-1.2875
-1.5477
-1.9393
-1.9043
-2.3826
-2.2293
-2.7495
-2.9243
-3.1235
-3.1616
-3.3397
-3.1686
-3.5681
-3.6509
-3.7376
-3.8319
-3.8407
-3.8895
-3.8350
-3.8442
-3.7884
-3.7443
-3.6584
-3.3603
-3.1710
-3.2987
-3.1358
-3.0543
-2.9255
-2.7563
-2.6600
-2.5947
-2.5195
-2.6769
-2.8206
-2.9000
-3.3524
-3.4325
-3.7288
-3.8347
-3.9326
-4.1549
-4.3640
-4.3885
-4.5662
-4.5818
-4.4032
-4.4788
-4.5896
-4.6779
-4.7035
-4.4165
-4.4519
-4.2749
-3.9898
-4.7128
-4.7285
-4.8757
-4.8298
-4.9720
-5.1925
-5.3838
-5.4706
-5.5340
-5.2864
-5.3838
-5.8185
-5.6402
-5.8291
-6.1364
-5.7558
-6.0734
-6.1072
-6.0768
-6.1561
-6.1996
-6.0179
-6.2337
-6.2210
-6.1889
-6.1632
-6.1415
-6.1405
-6.1624
-6.0097
-6.2865
-6.3721
-6.4374
-6.5179
-6.4845
-6.6521
-6.7290
-6.9476
-7.0551
-7.1055
-7.1586
-7.1701
-7.1956
-7.0844
-7.0940
-6.7649
-7.0003
-6.9237
-6.9017
-6.8530
-6.8036
-6.7801
-6.4509
-6.5166
-6.3395
-6.4858
-6.4386
-6.2670
-6.0462
-6.3172
-6.4341
-6.1903
-6.3077
-6.2800
-6.0761
-5.7803
-5.9512
-5.8755
-5.6460
-5.6278
-5.4521
-5.2665
-5.2254
-5.1173
-5.1022
-4.5987
-4.6137
-4.7054
-4.5651
-4.5968
-4.3833
-4.4053
-4.1721
-3.9558
-3.9197
-3.3946
-3.1828
-2.9661
-2.9390
-2.9373
-3.1565
-2.9658
-3.0688
-3.2663
-3.1976
-3.2069
-3.4042
-3.5366
-3.4151
-3.5166
-3.3848
-3.1625
-3.2933
-3.1243
-3.0838
-3.0683
-2.8729
-2.3128
-2.7706
-2.7622
-2.8542
-2.7791
-2.9029
-2.7416
-2.8302
-2.3806
-2.4466
-2.2024
-2.3312
-2.4475
-1.8708
-2.4654
-2.5779
-2.1422
-2.8093
-2.5994
-2.7380
-2.4579
-2.1823
-1.9869
-1.7819
-1.5488
-1.4982
-0.7963
-0.7440
-0.4967
-0.8875
-0.3382
-0.7643
0.5470
-0.1915
-0.4374
0.1742
0.5110
0.7190
0.7563
0.6745
0.5467
0.7384
0.8085
0.8372
1.2263
1.0881
0.8199
1.5416
1.2692
1.9756
2.2176
2.7453
3.2578
3.3844
3.7018
4.1767
4.0258
4.4545
4.2367
4.2175
4.3315
4.5357
3.9952
3.8988
4.0875
4.2562
4.1793
4.0177
3.8137
3.2934
3.1516
3.0294
3.0676
2.5236
2.6647
2.4758
2.2815
1.8552
1.7845
1.8467
1.2904
1.6176
1.8609
2.2049
2.1445
2.3781
2.4144
2.4299
3.0873
2.9756
3.3733
3.3515
3.9514
4.1937
4.8541
5.0502
5.1742
5.3424
5.4139
5.6714
5.9663
6.2732
6.5380
6.6396
7.0951
6.9482
7.6174
6.7505
7.1479
6.5247
6.5691
6.4345
6.4454
6.5791
6.0837
6.0436
6.0614
6.0575
5.4481
5.6671
5.1992
4.7592
4.4049
3.2046
3.5888
2.6122
2.4406
2.5843
1.8709
1.1329
1.2399
0.4234
0.3656
0.2921
0.0392
0.3339
0.1430
-0.1791
-0.2532
-0.5647
-0.8729
-0.8385
-0.3489
0.2564
-0.6372
0.3647
0.3964
0.9746
0.4060
1.2148
0.7465
0.5727
0.8263
1.2768
1.5766
1.9284
1.7046
1.1591
1.7156
1.5432
2.6175
2.2740
2.7316
2.3178
2.3354
2.4925
3.4837
3.0222
3.5239
3.3185
3.5088
3.4513
3.6827
3.4682
3.2814
3.6054
2.7703
2.7352
2.5125
2.2803
1.7789
1.5354
1.6225
1.1197
1.0542
0.8784
0.5157
0.7816
0.5517
0.7611
0.7747
0.5035
0.4952
0.4254
0.3883
0.4205
0.5769
1.1438
0.3682
0.1236
0.4041
0.0175
0.2001
-0.7836
-0.9853
-1.3402
-1.3242
-1.6108
-0.9505
-1.0237
-0.8877
-0.9464
-0.6828
0.2001
-1.3234
-1.2764
-0.6449
-0.8923
-1.1780
-1.0531
-0.8407
-0.3211
-0.8131
-1.0593
-1.1636
-1.0797
-0.5230
-0.3979
-0.6781
-0.2387
0.2372
0.4558
0.5922
0.4720
0.8591
0.8689
1.6140
1.7596
1.5978
2.1459
1.9290
1.8779
1.6446
2.4190
3.0925
3.1326
3.2997
2.4226
2.6580
3.0982
4.0110
3.0147
3.5818
3.3246
3.2249
3.8631
4.0372
4.8487
3.7367
3.5214
3.4816
3.5029
3.0428
3.5177
3.3213
3.5878
3.8172
4.0235
3.8855
3.9073
4.1937
3.4625
3.6231
3.3808
3.5672
3.3273
3.2804
3.2653
3.5182
3.4706
3.7762
3.7712
3.7314
3.8999
3.7267
3.9922
4.0863
4.2897
4.3973
4.7618
5.1047
6.2477
5.6403
5.7669
5.8624
5.9937
5.6960
5.6905
5.5559
5.6858
5.3739
5.4177
5.1657
5.4424
5.0937
5.6771
5.6690
5.8290
6.1300
5.6436
5.9723
5.8461
5.9981
6.6397
6.5332
6.6847
6.5866
6.9711
6.5954
6.9516
7.0132
6.9398
7.2648
7.6689
7.4215
7.2874
7.6337
7.8729
8.0498
7.7208
7.8012
7.9080
8.2331
8.4698
8.0831
7.9127
8.0223
7.8170
7.4789
7.4634
7.2722
7.3258
7.3939
6.8447
6.6404
6.7364
6.6652
6.5986
6.5654
6.3428
6.6342
6.1555
6.3827
5.8515
5.9229
5.3133
5.0106
4.5502
4.2001
3.8680
3.6328
2.7840
2.4783
1.8745
1.9044
1.0684
0.9405
0.3332
0.1947
-0.0504
0.0849
-0.0523
-0.3504
-0.0489
-0.3158
-0.3879
-0.3429
-0.7960
-1.0183
-1.1742
-0.9964
-1.1156
-1.2058
-1.0935
-1.3232
-1.6263
-1.4212
-1.7009
-1.7836
-1.5992
-1.3211
-1.6560
-1.1974
-1.7849
-1.3899
-1.1683
-1.3797
-1.5408
-1.1693
-1.6820
-1.5668
-1.7324
-1.4409
-2.1212
-1.8447
-2.0280
-1.9381
-2.0197
-1.6453
-1.7274
-1.7342
-1.7506
-1.8292
-1.5834
-1.7793
-2.0365
-1.6714
-1.5195
-1.7886
-1.3315
-1.3554
-1.3510
-1.4014
-1.5289
-2.1733
-2.3983
-2.0377
-2.1435
-2.6195
-2.7838
-2.1588
-2.4149
-2.4261
-1.8352
-1.7895
-1.4326
-1.5687
-1.3367
-1.1400
-1.8071
-1.6533
-1.9539
-2.1172
-1.9497
-1.9642
-1.4258
-1.4087
-1.1976
-0.9565
-1.3730
-1.0160
-0.6246
-1.3494
-0.5725
-1.4576
-0.0988
-0.8431
-0.6872
-1.3481
-0.7637
-1.6481
-1.5966
-1.7727
-1.7767
-1.6684
-1.7013
-1.5393
-1.6499
-2.0360
-1.9331
-1.4738
-2.0189
-1.9564
-1.8903
-1.9679
-1.8512
-1.4175
-2.0223
-1.7820
-2.3592
-2.2828
-1.7011
-2.0947
-2.4020
-2.0984
-2.5337
-2.4250
-2.2874
-2.3865
-2.2999
-2.5477
-2.5874
-2.6289
-2.6367
-2.7148
-2.8579
-2.7646
-3.0284
-3.2135
-2.9638
-3.3664
-3.4107
-3.4834
-3.5282
-3.5794
-3.7344
-3.8954
-3.8595
-4.0163
-3.6429
-3.8040
-3.9274
-3.9587
-4.0672
-4.1399
-4.2767
-4.1825
-4.5400
-4.5901
-4.6883
-3.9823
-4.6680
-4.2914
-4.5270
-4.1005
-4.4174
-4.2288
-4.3503
-4.5512
-4.5239
-4.0245
-4.7381
-4.6797
-4.7206
-4.9043
-4.6285
-4.9737
-5.1876
-4.9437
-5.2768
-5.1928
-5.2172
-5.0639
-5.2371
-5.1417
-5.2357
-5.0719
-5.4864
-5.7735
-5.8463
-5.9031
-5.9023
-5.8294
-5.8115
-5.7583
-5.7659
-5.7865
-5.7557
-5.8272
-5.6545
-5.8946
-5.9283
-5.9080
-5.7816
-6.0164
-6.0742
-6.1769
-6.2232
-6.3279
-6.1107
-6.3619
-6.3722
-6.4510
-6.4860
-6.5171
-6.5105
-6.5795
-6.5905
-6.6885
-6.6312
-6.5788
-6.4859
-6.3886
-6.4531
-6.4012
-6.2537
-6.0761
-6.2559
-5.8382
-5.8416
-5.6487
-5.7874
-5.6522
-5.4946
-5.3554
-5.2516
-4.9618
-5.1172
-4.9913
-4.9244
-4.8574
-4.5937
-4.6746
-4.5609
-4.2312
-4.3719
-4.2756
-4.1348
-4.3788
-4.5233
-4.6385
-4.7185
-4.7138
-4.6269
-4.8299
-4.9862
-5.0027
-5.0022
-4.9366
-4.7664
-4.6872
-4.5265
-4.4376
-4.2733
-4.0212
-3.7991
-3.4734
-3.0086
-2.8412
-2.5410
-2.1234
-1.7264
-1.3358
-0.7910
-0.6573
-0.3222
0.0830
0.3765
0.6879
0.8510
1.0326
1.0925
1.1764
1.4633
1.4300
1.9493
1.8308
1.6289
1.8604
1.5439
1.6749
1.3424
0.9873
0.7136
0.5750
0.3689
0.1321
0.3553
-0.0711
0.0520
-0.0320
-0.1774
-0.0800
0.2257
0.1940
0.5687
0.5948
0.6131
0.6785
1.0470
1.4018
1.0172
1.5374
1.5140
1.5358
1.8568
1.5606
1.7115
2.0245
2.1061
2.3704
1.9048
2.3621
1.4642
1.7927
0.7844
0.7368
0.4680
0.2328
0.2022
-0.1145
-0.2522
-0.3815
-0.4720
-0.0324
-0.7935
-0.2112
-0.5954
-0.7531
-1.0397
-1.1888
-1.0091
-1.3539
-1.2606
-1.1796
-1.2913
-1.4806
-0.8122
-1.6526
-1.4019
-1.7744
-1.7332
-1.0498
-1.0659
-1.2515
-0.5157
-0.2127
-0.1079
0.4382
0.8148
1.1492
1.2386
1.5538
2.0692
1.5306
1.7371
1.7562
1.8977
1.4734
1.2921
1.4685
1.3261
0.8685
0.6575
1.0853
0.4683
0.4837
0.1791
0.5217
0.2194
0.3961
0.2200
0.0928
-0.1173
0.3046
1.2077
1.0447
1.6600
1.4638
1.0450
0.4201
0.0838
-0.9070
-1.1148
-1.3122
-1.2394
-1.8602
-2.3430
-2.8119
-2.8927
-3.2454
-3.1144
-3.2613
-3.5452
-3.7754
-3.9815
-4.2938
-4.2082
-4.1441
-4.2887
-4.2555
-3.9239
-4.1266
-4.1284
-4.4929
-4.6495
-4.2391
-4.5181
-4.5861
-4.6229
-4.3245
-4.3780
-4.5396
-4.2111
-4.3426
-4.5730
-4.7241
-4.2454
-4.4686
-3.5497
-4.4165
-4.5508
-4.7186
-4.7849
-4.7932
-4.3220
-4.3847
-4.5241
-4.4395
-4.3854
-3.9762
-3.6801
-3.4666
-3.6002
-3.6081
-3.7748
-3.6813
-3.4707
-2.9315
-2.7497
-2.4735
-2.6235
-2.4348
-2.4489
-2.3560
-2.2229
-1.7532
-1.4563
-0.8448
-0.7988
-0.8329
-0.7248
-0.4806
-0.2426
0.5219
0.7110
0.6586
0.5090
0.7548
0.7711
1.1294
1.4252
1.2192
1.4712
1.6139
2.0602
1.9662
2.3096
2.3110
3.0381
3.1436
4.4582
4.5503
4.5379
5.1343
5.6290
6.3874
6.4610
6.9348
7.6893
7.6592
8.0221
7.9748
7.6008
7.5584
7.4894
8.6051
8.0720
8.1091
8.0812
8.0899
8.5761
9.1899
7.4875
7.4412
6.3319
7.7883
7.0100
6.8263
7.1132
7.4622
8.0236
7.1572
7.2801
6.5068
7.2488
6.6404
6.2018
6.5311
6.5399
6.2882
6.7213
6.7716
6.5898
6.4157
7.1679
7.3522
6.8491
6.9409
6.7566
7.4113
7.5406
7.9600
8.7970
9.3129
8.9869
9.2853
10.1640
9.6339
9.0952
8.5917
8.6706
8.7478
8.5556
8.5761
8.8156
8.3483
8.1338
7.8799
7.2878
7.1788
6.6891
6.6760
6.4646
6.1598
5.7133
5.5875
5.2401
5.1139
5.0751
4.9119
5.2688
5.7412
5.7708
6.3995
7.0603
7.4398
7.4344
8.2987
7.8147
7.5232
8.3103
7.5978
7.6347
7.6938
7.8630
6.8072
6.8328
6.1982
5.7688
5.5392
4.7984
4.6287
4.3268
4.0543
3.7843
3.3508
3.6171
3.5615
2.7647
2.7666
2.4665
2.4037
2.6116
2.3655
2.1783
2.2029
2.3672
2.2560
2.1100
2.4468
2.1377
2.2488
2.1508
2.0490
2.6265
2.5648
2.2068
2.3495
2.1974
2.1964
2.2242
1.7942
2.2537
1.8321
1.4300
1.1581
1.5814
1.3874
1.5990
0.9735
0.7913
1.0721
0.8789
1.3480
0.7081
0.7845
0.7615
0.9178
1.1999
1.0318
1.1922
1.3216
1.5141
1.4114
1.4920
1.8213
1.5454
1.4906
1.4669
1.3827
1.4972
1.4348
1.8352
1.4797
1.4961
1.3181
1.7908
1.2951
1.4614
1.1835
1.2143
0.8824
0.7869
0.6412
0.5874
0.8458
0.6894
0.7599
0.7947
0.7924
0.9318
0.7551
0.5997
0.6006
0.5571
0.6376
0.9642
0.9440
0.7393
0.8825
0.7565
0.9793
0.8951
1.1951
1.7747
1.6141
1.2704
1.4745
1.5769
1.3520
1.6523
1.2920
1.6278
1.1336
1.0425
0.8015
0.5913
0.4975
0.5216
0.6695
0.4981
0.4155
0.2089
0.4678
0.0809
0.0225
-0.2159
-0.2570
-0.5302
-0.5387
-0.4847
-0.6768
-0.4490
-0.7464
-0.6471
-0.6430
-0.5742
-0.8581
-1.1354
-1.1223
-1.4267
-1.3927
-1.5821
-1.7056
-1.7890
-2.0384
-1.8315
-2.3718
-2.5031
-2.7133
-2.8321
-2.7931
-2.7192
-2.9838
-2.8914
-3.3009
-3.3622
-3.5942
-3.5365
-3.7854
-3.8433
-4.1680
-4.3018
-4.2359
-4.2911
-4.5745
-4.5809
-4.6054
-4.2555
-4.5366
-4.2454
-4.6311
-4.5925
-4.1808
-4.5295
-4.0125
-4.1811
-3.9254
-3.6294
-3.7832
-3.8994
-3.6601
-3.5579
-3.6604
-3.4675
-3.2653
-3.2798
-3.5397
-3.4906
-3.5918
-3.5650
-3.4104
-3.9342
-3.7822
-4.1687
-4.2529
-4.2147
-4.2271
-4.2160
-4.2248
-4.0879
-3.9897
-4.1256
-3.7778
-3.5759
-3.9783
-4.3336
-3.4979
-3.4609
-3.4293
-3.4863
-2.6616
-2.9441
-2.6471
-2.3621
-2.4682
-1.4055
-1.9117
-1.4567
-1.9292
-1.4119
-1.7860
-1.5411
-0.9405
-1.1984
-0.4509
-0.3171
-0.1149
0.4475
0.7754
0.9586
1.0202
1.3235
2.4456
1.8941
2.2250
1.8745
2.3463
2.3735
2.3672
2.8538
2.8479
2.9513
2.9731
3.6932
3.6676
3.8537
3.6013
3.9814
3.8890
4.6539
4.0605
4.7538
5.0077
5.0583
4.9245
5.1851
4.9001
4.7402
4.4349
4.0166
3.3409
3.0876
3.1114
3.5208
2.6677
3.0803
2.7397
2.5229
2.9370
3.3846
3.3283
3.0591
2.8221
2.9320
2.8767
2.8390
3.2590
2.6515
2.6288
2.6763
2.1692
1.8045
2.3710
1.8730
2.0896
1.9765
1.8276
2.1323
1.9080
1.9687
1.6228
1.7967
1.5153
2.0265
1.4820
2.0468
1.7979
2.4222
2.3582
2.3960
2.0671
2.5386
1.8074
1.5808
1.1233
1.0185
1.1020
1.0285
0.7578
0.2953
0.3241
0.6712
1.1447
0.8312
0.7137
0.5834
0.5376
0.3764
0.2132
0.0072
-0.1061
-0.2777
-0.0077
-0.1047
0.3469
0.1134
0.2504
0.5824
-0.1092
-0.3985
-0.7729
-0.7644
-1.1166
-1.2269
-1.3051
-1.4833
-2.0584
-2.4571
-2.6276
-2.8846
-3.2547
-3.7083
-3.7305
-3.8807
-3.6963
-4.3215
-4.3516
-4.2073
-4.0387
-4.0546
-4.0732
-4.0073
-4.0719
-3.9888
-4.6541
-4.7151
-4.5675
-4.4433
-4.8294
-4.9065
-5.5738
-5.6742
-5.7995
-6.0827
-6.2209
-6.1737
-6.1865
-6.3261
-6.5084
-6.3908
-6.5872
-6.9428
-6.7860
-7.1002
-6.8731
-7.0399
-7.0315
-7.5981
-7.0754
-7.4690
-7.6805
-7.7071
-7.3209
-7.4316
-7.7197
-7.3414
-7.6996
-7.7875
-7.1875
-7.7400
-7.6122
-7.7728
-7.8034
-8.0335
-8.2122
-8.2134
-8.3361
-8.2190
-8.1252
-8.3302
-8.3938
-8.4878
-8.4351
-8.3921
-8.3721
-8.3488
-8.3290
-8.2800
-7.9614
-8.1178
-8.0103
-7.9519
-7.7636
-7.7623
-7.6428
-7.6681
-7.5547
-7.4841
-7.1791
-7.3583
-7.2098
-7.2520
-7.1662
-7.2076
-7.1519
-7.0825
-7.0079
-6.9001
-6.7952
-6.6878
-6.6367
-6.5829
-6.5466
-6.2912
-6.4514
-6.3759
-6.2744
-6.2266
-6.2100
-6.2506
-6.2715
-6.0245
-6.1852
-6.1272
-6.1135
-6.0348
-6.0855
-6.0705
-5.9257
-6.1047
-6.0812
-5.8296
-6.0671
-5.8611
-6.0101
-6.0288
-5.9669
-5.9001
-5.8729
-5.7293
-5.8684
-5.9089
-6.0515
-5.8866
-6.0935
-6.0892
-6.0478
-6.0200
-6.0175
-6.0231
-5.8939
-6.0898
-6.1433
-6.0471
-6.1532
-6.1793
-6.3301
-6.2714
-6.2682
-6.1545
-6.1511
-6.1148
-5.8815
-5.8560
-6.0280
-5.9667
-5.9579
-5.9072
-5.8580
-5.7555
-5.5459
-5.3748
-5.2047
-4.9431
-5.0615
-5.0504
-4.9556
-4.9483
-4.8198
-4.6325
-4.2506
-4.3738
-4.3664
-4.4038
-4.3537
-4.2646
-4.2051
-4.1031
-4.0016
-3.7639
-3.4288
-3.4217
-3.3136
-3.0994
-2.8097
-2.2889
-2.1228
-1.8027
-1.4851
-1.2250
-0.9136
-0.7876
-0.4101
-0.5974
-0.5472
-0.5231
0.0030
-0.5921
-0.5494
-0.4263
-0.8141
-0.8694
-0.8687
-0.5985
-1.2547
-1.2810
-1.0934
-1.0415
-1.3689
-1.1433
-0.8890
-0.9509
-0.5390
-0.6680
-0.5176
-0.2978
-0.1635
-0.0722
0.1648
0.3283
0.5142
0.3933
0.5355
0.3000
0.3373
0.7300
0.4631
0.6628
0.9399
0.9095
1.0940
1.1699
1.3741
1.9536
1.7450
1.7627
1.8257
1.7993
2.0331
1.7475
2.0565
1.9902
2.4894
2.3407
2.8627
2.5086
3.4556
3.1871
3.2250
3.7110
3.6257
4.1953
3.6263
3.7957
4.0779
4.6860
4.5806
5.4580
5.3775
4.9611
4.9053
4.2615
4.2595
4.0075
3.8701
3.9388
3.7764
3.8434
3.6461
3.4736
3.4857
3.3530
3.4633
3.1646
3.1232
2.7210
2.8046
2.3294
2.1515
1.6889
1.4022
1.4167
1.0650
1.1345
0.5459
0.4938
0.8959
1.0651
0.8942
0.7763
2.5031
2.4453
2.1537
3.6008
2.9521
2.6555
3.6175
4.4338
4.2626
3.9042
4.5449
4.3463
5.3417
4.9614
5.8754
5.8855
5.8764
5.7604
6.1199
6.1337
6.2672
6.1905
6.9806
6.3914
7.3125
7.3015
6.1387
6.9093
7.5704
7.4215
7.4874
7.7219
7.3882
8.2872
8.7058
8.3813
8.2592
8.5407
8.4897
9.6384
9.5323
9.7930
9.4529
8.9696
9.8513
9.6251
9.4550
9.9329
10.0549
10.8553
10.3776
10.4553
9.7661
10.0052
10.1672
9.8207
9.9321
10.1323
10.7181
10.5243
11.2354
11.7278
11.0890
11.2680
11.0278
10.3194
10.0389
9.5009
9.0620
8.7587
8.3361
8.7542
7.8314
8.0592
7.9987
7.7569
8.1247
7.3031
7.3570
6.8832
6.8742
6.8707
7.3046
6.9557
6.8731
6.5083
6.3678
5.9812
5.6451
5.7345
5.1895
4.9931
4.2569
4.9889
4.4183
4.3055
4.7481
4.4500
4.7014
4.6154
3.8023
3.7400
3.9976
4.0753
3.8511
3.4419
3.1009
3.2273
4.3302
3.6629
4.0468
3.8976
3.8216
3.9470
3.6454
3.5893
3.8065
4.1251
3.6970
3.9708
4.4588
4.3167
3.8891
4.2447
4.0753
4.5552
4.0995
4.0099
3.9324
3.6649
4.4269
3.4700
3.7398
3.3799
3.9155
3.5232
4.5479
4.1396
4.0234
3.9460
4.5737
4.6865
5.1772
4.7693
5.4030
5.1338
5.0895
5.2178
5.6750
5.5914
6.1516
6.2615
6.5375
6.3850
6.6098
7.2351
6.0204
5.8781
5.5939
5.3877
4.8822
5.1053
4.4951
4.2678
4.1889
3.5445
2.8162
2.6321
2.3287
2.0161
2.2010
2.0445
1.6650
1.3189
1.8391
1.0480
1.0059
0.8604
1.5327
1.6119
1.8950
1.9180
1.8984
2.1339
2.1495
2.3631
2.7499
1.9660
1.9519
2.0028
1.7221
1.8571
2.0242
2.4263
1.9843
2.5321
1.8212
1.7910
2.1807
1.7431
1.8217
1.8870
2.0344
1.4108
1.5383
1.4240
1.4073
1.3853
1.0626
1.0385
1.2359
1.2229
1.3757
1.1108
1.0522
0.7962
1.0187
1.1057
1.0773
0.8482
0.7348
0.8501
0.8306
1.0673
0.6243
0.2263
0.2145
0.6065
0.2711
0.0051
0.4208
0.0240
0.2788
-0.1183
-0.0142
-0.0777
-0.0539
-0.3123
0.2252
-0.1707
-0.0961
0.1848
0.4346
0.6394
1.0187
1.3337
1.2523
0.4241
0.5156
0.4810
0.9034
0.2632
0.4767
0.3603
0.5580
0.2430
-0.0511
0.1055
-0.0553
-0.3233
-0.4186
-0.4918
-0.0670
-0.0370
-0.3371
-0.0200
-0.2333
-0.2469
-0.8522
-1.1578
-1.7242
-1.3547
-1.0661
-1.5453
-1.6359
-2.1095
-2.3706
-2.0419
-2.3434
-1.8604
-2.1825
-1.9585
-2.0294
-2.4505
-2.7845
-2.4489
-2.6206
-2.5405
-2.5684
-2.9442
-3.2423
-2.9132
-2.9771
-3.0851
-3.0536
-2.8112
-3.4488
-2.9260
-3.0877
-3.1545
-3.1928
-3.0736
-3.4490
-3.8362
-3.6245
-3.7445
-3.9543
-3.7617
-4.0111
-4.1987
-4.2391
-4.0245
-4.3293
-4.1033
-4.4391
-4.4702
-4.3810
-4.4976
-4.2923
-4.4822
-4.4142
-4.1949
-4.6075
-4.3493
-4.5410
-4.4728
-4.5004
-4.3672
-4.1570
-4.2386
-4.3684
-4.3662
-4.5179
-4.4495
-4.5317
-4.4059
-4.0782
-4.3886
-4.4483
-4.2147
-4.3985
-4.2164
-4.2942
-4.2992
-3.8997
-4.2510
-4.1934
-4.1393
-4.1598
-4.2273
-3.9369
-4.0930
-4.3062
-4.3459
-4.1961
-4.4390
-4.5430
-4.5530
-4.7155
-4.7825
-4.9754
-5.0517
-5.1569
-5.2246
-5.1637
-5.4492
-5.5556
-5.6085
-5.6718
-5.7252
-5.7803
-5.8304
-5.7672
-5.8550
-5.8246
-5.9637
-5.9794
-6.0123
-5.7833
-5.9865
-5.9520
-6.0002
-6.0226
-6.0911
-6.0548
-6.1722
-6.2070
-6.3875
-6.2763
-6.5677
-6.6552
-6.7042
-6.6925
-6.7504
-6.7877
-6.5621
-6.6999
-6.6532
-6.7130
-6.8320
-6.8421
-6.6339
-5.9770
-6.3073
-6.3317
-6.3687
-5.8658
-5.7290
-6.2698
-6.3684
-6.3040
-6.2758
-6.0436
-6.1555
-5.8228
-5.8151
-5.6371
-6.1846
-5.9440
-5.6661
-5.8906
-5.4354
-5.7418
-5.6855
-5.7430
-5.6326
-5.7697
-5.6424
-5.3075
-5.1865
-4.8128
-5.1621
-5.1800
-5.1518
-4.8734
-5.0767
-5.0402
-5.0607
-4.9781
-4.8847
-4.5454
-4.5813
-4.4859
-4.3753
-4.4736
-4.4868
-4.4969
-4.4630
-4.3876
-4.2706
-4.1020
-4.2338
-4.3978
-4.4725
-4.5869
-4.6422
-4.4938
-4.7038
-4.7213
-4.6813
-4.5442
-4.7421
-4.8047
-4.6213
-4.4969
-4.2162
-3.9937
-3.8394
-3.5231
-3.4219
-2.7113
-3.0400
-2.9067
-2.8658
-2.7896
-2.4601
-2.5021
-2.4075
-1.9939
-2.1814
-2.0477
-1.6061
-1.8878
-1.4393
-1.5390
-1.3636
-1.3774
-1.2886
-1.1803
-0.8757
-0.4940
-0.1884
-0.2860
-0.0733
0.1958
0.3650
0.5041
0.6391
0.8719
0.8311
0.8979
0.9327
1.2325
0.9656
0.9333
0.8818
0.7319
0.6738
0.4496
0.3515
0.3593
0.0572
-0.0631
-0.1395
-0.2314
-0.3618
-0.4389
-0.6433
-0.6138
-1.0706
-1.3039
-1.4519
-1.3789
-1.3973
-1.6016
-1.4799
-1.4687
-1.4917
-1.6264
-1.7520
-1.8318
-1.5445
-1.6584
-1.8022
-1.8264
-1.9408
-1.9085
-2.0128
-2.0167
-2.0295
-2.0961
-1.8837
-1.9500
-1.5661
-1.6416
-2.4348
-2.4489
-2.4526
-2.4492
-2.0182
-2.1941
-2.1756
-2.4093
-2.5603
-2.6739
-2.7888
-2.8224
-2.6458
-3.3145
-3.3373
-3.0397
-2.7248
-2.9775
-2.8185
-2.8419
-2.5698
-2.6619
-2.6939
-2.9028
-3.0402
-3.1063
-2.9010
-3.1209
-3.0410
-2.9446
-3.0712
-3.1313
-3.1422
-3.1100
-3.1002
-2.8415
-2.9515
-2.8607
-2.7019
-2.2906
-2.3123
-2.1648
-1.8500
-1.8896
-1.7188
-1.2728
-1.1462
-0.7701
-0.6945
-0.4263
-0.3911
-0.2840
-0.0203
-0.0265
0.1249
0.2675
0.3405
0.2041
0.2117
0.1883
0.0987
0.2381
-0.0269
0.0473
-0.0731
-0.0491
-0.1544
-0.0515
-0.1564
-0.4393
-0.3454
-0.3385
-0.2893
-0.4717
-0.2833
-0.3235
-0.2564
0.1064
-0.3997
-0.4674
-0.2778
-0.5512
-0.0875
-0.6416
-0.7106
-0.7596
-0.8924
-0.7745
-1.2337
-1.3021
-1.4798
-1.5259
-1.4164
-1.7224
-1.7181
-1.5992
-1.8832
-2.0361
-1.7089
-2.0689
-2.1439
-2.5417
-2.7908
-2.7441
-2.9279
-2.9245
-3.2071
-3.2410
-3.4113
-3.9153
-3.9104
-3.5800
-3.9181
-3.6916
-3.6845
-3.8666
-3.6497
-3.9759
-3.9743
-4.0367
-4.0093
-3.9843
-4.1988
-4.3162
-4.1632
-4.1780
-3.8244
-3.7289
-3.7001
-3.8272
-3.5204
-3.5811
-3.2515
-3.4308
-3.0438
-3.4462
-2.5529
-2.5767
-2.7187
-1.6319
-1.6521
-0.7885
-0.1086
-0.4214
-0.4241
-0.3529
0.6093
0.5047
1.0415
1.2701
1.8009
2.6406
3.1107
3.4817
4.1180
3.6225
4.9844
4.8127
5.2105
5.6592
5.7558
6.2681
6.7873
6.7796
7.6387
7.8498
8.0296
8.2927
8.4382
9.5985
9.1834
9.0960
9.3854
9.4517
9.5186
9.2997
8.5218
10.0393
8.5917
8.9295
8.2412
8.2594
8.5316
8.3757
8.0244
7.8104
8.5393
8.0975
8.1757
8.2458
8.1816
8.6104
8.6876
9.1510
9.2083
10.2007
9.9896
10.7565
10.7718
11.1586
11.2859
11.5199
11.5232
11.5762
12.0749
12.0835
12.7797
13.0334
12.9079
12.3141
12.2287
11.4839
11.3209
10.4168
10.3867
10.4135
10.4325
10.0921
9.5403
9.3836
10.0307
8.9574
8.8023
8.6740
8.4668
9.2469
8.8577
9.5803
8.4878
8.3410
8.9169
8.0478
8.2160
7.6294
7.0018
8.5494
7.0220
7.8720
7.6242
7.9627
8.5106
8.5393
8.1773
10.2450
9.7916
9.5108
9.3412
8.5156
9.0184
7.8354
8.0769
8.2295
7.6040
8.0047
8.4268
7.0189
7.0492
8.1572
5.5818
6.2916
4.5714
4.2642
4.3703
3.3488
3.6619
3.1457
2.8003
2.2346
1.7723
1.9779
2.0009
1.2900
1.0450
0.4608
0.5310
0.9010
0.6104
0.4432
-0.2652
-0.4702
-0.8457
-0.3218
-1.1174
-1.2152
-0.9674
-1.5716
-1.7618
-1.8372
-1.9308
-1.8707
-1.6602
-1.8708
-1.9803
-2.1174
-2.0520
-2.1089
-2.2631
-2.6360
-2.5314
-2.4329
-2.0189
-2.0688
-1.9966
-2.1972
-2.0757
-2.0208
-1.7954
-2.0340
-1.8453
-1.8633
-1.6697
-1.9480
-1.5703
-1.8833
-1.9170
-1.4497
-1.3618
-0.5900
-1.0405
-0.8692
-1.1876
-1.2857
-1.1857
-1.7916
-1.2766
-1.2587
-1.5865
-1.8360
-2.0877
-2.4367
-2.2685
-2.7638
-3.3586
-3.5226
-3.8443
-3.5162
-3.9905
-3.8958
-3.9432
-3.7692
-4.0174
-4.1624
-4.0132
-4.2473
-4.4677
-4.4726
-3.7386
-3.9156
-3.9705
-4.4033
-4.2787
-4.3341
-3.9463
-4.2354
-4.0809
-3.5807
-3.7499
-3.4711
-3.5930
-3.1533
-3.3223
-3.2568
-3.2329
-3.4307
-3.2887
-2.8907
-3.2367
-3.2513
-3.3386
-2.9387
-3.1131
-3.1398
-2.8718
-2.7278
-3.3859
-3.0094
-3.0062
-3.1535
-3.4183
-3.2975
-3.3209
-3.1555
-3.1737
-2.9420
-3.2343
-2.9937
-3.2381
-2.8134
-3.1018
-2.9822
-3.1307
-2.9757
-3.0043
-2.6541
-2.5785
-2.8250
-2.6734
-2.3955
-2.6560
-2.5077
-2.5236
-2.3054
-2.5937
-2.7069
-2.9199
-2.8205
-2.9332
-2.8243
-2.7787
-2.9764
-2.7251
-2.7853
-2.6835
-2.8195
-3.0974
-3.0613
-3.2571
-3.3661
-3.6696
-3.7171
-3.7301
-3.6093
-3.8191
-3.4485
-3.6414
-3.7179
-3.5585
-4.0301
-3.8296
-3.8685
-3.7139
-3.8067
-3.2142
-3.4581
-3.4395
-3.5174
-3.6113
-3.2919
-3.4848
-3.0263
-2.8358
-2.9103
-2.5904
-2.0980
-1.8378
-2.5206
-2.3062
-2.3367
-1.7734
-2.5295
-2.3343
-1.3704
-1.5366
-1.4649
-1.7929
-1.0753
-1.2094
-1.1469
-1.3895
-1.4217
-1.1394
-1.1188
-1.3419
-0.8411
0.0069
0.4118
0.5216
1.1337
1.3971
2.4805
2.2246
2.6788
3.0584
3.0377
3.4296
3.3806
3.5437
3.6787
3.7294
3.5156
3.6238
3.3024
2.7433
2.3401
2.3525
1.8861
1.7081
1.4849
1.5935
1.2099
1.2157
0.7611
0.7238
0.6171
1.2667
1.1485
1.3056
1.2073
1.3981
1.4244
1.1243
1.7177
0.7486
1.2292
1.6519
1.3608
1.2405
0.9367
0.4890
0.0475
-0.0590
-0.4524
-0.3629
-0.3232
-0.6511
-0.5154
-1.0138
-1.0391
-1.2180
-1.2385
-1.1548
-0.8862
-0.7253
-0.8196
-0.9802
-0.9702
-1.6064
-1.5646
-1.4951
-1.6447
-1.5551
-1.3447
-1.4138
-1.4472
-1.2805
-1.3357
-1.2165
-1.1687
-1.0588
-0.9376
-1.0735
-1.3891
-1.5262
-1.4095
-1.4922
-1.4129
-1.3471
-1.1875
-1.5049
-1.1282
-1.4194
-1.3858
-1.4424
-1.6135
-1.7071
-1.6262
-1.7785
-1.7931
-1.4851
-1.7735
-1.1881
-1.2335
-1.1848
-0.6173
-1.2533
-1.1762
-1.4330
-0.9813
-1.3237
-1.0846
-0.9821
-0.9456
-1.1263
-1.2889
-1.2666
-1.2174
-0.8408
-1.1758
-1.1644
-0.9986
-0.5620
-0.3138
0.0208
0.3461
0.7321
1.2267
1.4280
1.7541
2.0890
1.8069
2.0420
2.7842
2.3602
2.5291
2.5397
2.3601
2.7186
2.7662
2.7001
2.7512
2.2266
2.0234
2.6733
1.9076
2.0293
2.1009
1.6820
1.4727
1.2881
1.2800
1.1378
1.1666
1.0818
1.2148
1.1069
1.3551
1.2224
1.4799
1.1919
0.9785
0.9822
0.7213
0.7562
0.5801
0.5619
0.5196
0.4827
0.4669
0.4704
0.4212
0.3827
0.2629
0.1470
0.1921
-0.2426
-0.5108
-0.8550
-1.1940
-1.5340
-1.8379
-2.1002
-2.3064
-2.4597
-2.5712
-2.6442
-2.5001
-2.7425
-2.7882
-2.8225
-2.8676
-2.8931
-2.8726
-2.8909
-2.9854
-3.1189
-3.2590
-3.3325
-3.3546
-3.4329
-3.4736
-3.5205
-3.5335
-3.5230
-3.5015
-3.4752
-3.4430
-3.4357
-3.2386
-3.4856
-3.5459
-3.6332
-3.7159
-3.7957
-3.8589
-3.8941
-3.9174
-3.9018
-3.8727
-3.8436
-3.7971
-3.7950
-3.7502
-3.7136
-3.6382
-3.4808
-3.4474
-3.3499
-3.3864
-3.3616
-3.3433
-3.3385
-3.3301
-3.3482
-3.3550
-3.3963
-3.2045
-3.3415
-3.3414
-3.2271
-3.1865
-3.0273
-2.8841
-2.7384
-2.6369
-2.5388
-2.4572
-2.3753
-2.3014
-2.2289
-1.9765
-1.9231
-1.8274
-2.0212
-1.8922
-1.8317
-1.5881
-1.3645
-0.8006
-1.5224
-1.1965
-1.3655
-1.3175
-1.1183
-0.7563
-1.0752
-0.5048
-0.3921
-0.3407
0.2277
0.1993
0.2371
0.3399
0.4043
0.3558
0.4008
0.1386
-0.1180
-0.2127
0.3169
0.0377
0.3411
0.7751
1.1123
1.5026
1.8267
1.8411
1.9372
2.3276
2.9386
3.1458
3.5037
3.8840
4.2226
4.7807
4.4654
4.8790
4.5816
4.4403
4.4663
4.3547
4.3764
4.8375
4.9135
4.5239
4.7578
4.4575
4.6283
4.6338
4.7541
4.0209
4.2116
4.1850
3.9497
4.3991
3.7319
3.6098
3.4376
3.6442
2.8756
2.8665
2.6301
2.6624
2.4956
2.2363
2.2854
2.5800
1.6888
1.8901
2.0715
1.9890
1.9951
1.5971
1.6117
1.8041
1.3362
1.1176
0.9610
1.2491
0.3963
1.0063
0.3977
0.1157
0.2454
0.0476
0.2638
-0.0738
0.2404
0.2846
0.3010
0.4091
0.3070
0.8902
1.0099
0.7800
1.7482
1.0157
0.9213
1.6596
1.0708
1.0387
1.8105
1.1904
2.0726
2.0596
1.8179
1.7394
1.7871
2.4155
1.8166
2.3397
2.4048
1.9642
1.5941
2.0340
1.8256
1.6123
1.2394
1.2352
1.0383
1.1245
0.7149
0.7350
0.3468
0.0896
0.0261
-0.0900
-0.2136
-0.2758
-0.3104
-0.3585
-0.1242
-0.4687
-0.0853
-0.5902
-0.5930
-1.1142
-1.0289
-1.0334
-1.1445
-1.1162
-0.8446
-0.6287
-0.5403
-0.3980
-0.5036
-0.3214
-0.1653
-0.3703
-0.2725
-0.3253
0.2663
0.2361
0.4431
0.1761
-0.0275
-0.3069
-0.2152
-0.2105
-0.5820
-0.1060
-0.3743
0.0234
-0.8513
-0.8648
-0.6122
-0.5208
0.0644
0.2344
0.1239
0.5271
0.2816
0.2948
0.2962
0.5800
0.2730
0.1747
-0.0771
-0.2522
-0.0381
-0.3509
-0.3341
-0.4631
-0.4971
-0.4992
-0.5357
-0.5513
-0.3838
-0.4888
-0.7151
-0.8673
-0.8554
-1.0321
-0.6595
-1.1124
-1.0674
-1.4232
-1.5134
-1.4893
-1.6703
-1.5354
-1.6824
-1.6623
-1.6078
-1.3810
-1.5376
-1.5467
-1.3756
-1.1336
-1.2197
-1.1885
-1.1463
-1.0203
