x	zg centrado sin panza
0.002362017	0.85916433
0.003936694	0.551168308
0.005511372	0.852741661
0.007086049	0.359126521
0.008660727	0.380821993
0.010235404	0.429892586
0.011810082	0.277068949
0.01338476	0.399949203
0.014959437	0.395538328
0.016534115	0.28001274
0.018108792	0.26083916
0.01968347	0.621269201
0.021258147	0.768632325
0.022832825	0.707362049
0.024407503	1.135289997
0.02598218	1.486432177
0.027556858	1.700121929
0.029131535	1.885482994
0.030706213	1.610685683
0.03228089	1.410396498
0.033855568	1.343000058
0.035430246	1.319428263
0.037004923	1.002203374
0.038579601	0.89393045
0.040154278	1.021898841
0.041728956	1.140250197
0.043303634	1.068944693
0.044878311	0.506886901
0.046452989	0.348842719
0.048027666	0.505199527
0.049602344	0.34856397
0.051177021	0.147853046
0.052751699	-0.076779523
0.054326377	-0.185562177
0.055901054	-0.010868267
0.057475732	-0.455866811
0.059050409	-0.60387761
0.060625087	-0.619528943
0.062199764	-0.568950171
0.063774442	-0.52879074
0.06534912	-0.584524436
0.066923797	-0.403109427
0.068498475	-0.399935855
0.070073152	-0.707702016
0.07164783	-0.771504911
0.073222507	-0.814654473
0.074797185	-0.542204363
0.076371863	-0.381574055
0.07794654	-0.428661505
0.079521218	-0.23581087
0.081095895	-0.175772455
0.082670573	-0.111729732
0.08424525	-0.194611592
0.085819928	-0.224562417
0.087394606	-0.443543945
0.088969283	-0.336488903
0.090543961	-0.334581915
0.092118638	-0.341415214
0.093693316	-0.358588412
0.095267993	-0.075065405
0.096842671	0.069936655
0.098417349	0.045207467
0.099992026	0.198833192
0.101566704	0.150571352
0.103141381	0.550045397
0.104716059	0.644606883
0.106290736	0.897166599
0.107865414	0.915278989
0.109440092	0.939476332
0.111014769	0.961476962
0.112589447	1.071296644
0.114164124	0.942991046
0.115738802	1.553680337
0.117313479	1.582475033
0.118888157	1.52044804
0.120462835	0.90201649
0.122037512	1.030517217
0.12361219	0.761253801
0.125186867	0.476969495
0.126761545	0.227662981
0.128336223	0.298294452
0.1299109	0.14337663
0.131485578	0.096488831
0.133060255	-0.178834828
0.134634933	-0.104116029
0.13620961	-0.120924876
0.137784288	0.260910977
0.139358966	0.307316068
0.140933643	0.512035161
0.142508321	0.874299452
0.144082998	0.737616181
0.145657676	0.658065455
0.147232353	0.769072558
0.148807031	0.913542193
0.150381709	1.147186081
0.151956386	0.807948548
0.153531064	1.125583437
0.155105741	1.287285722
0.156680419	0.821197604
0.158255096	0.361317856
0.159829774	0.109867883
0.161404452	-0.207489855
0.162979129	-0.453022716
0.164553807	-0.693180986
0.166128484	-0.850143263
0.167703162	-0.893663084
0.169277839	-0.937156814
0.170852517	-1.347399037
0.172427195	-1.616919941
0.174001872	-1.65728562
0.17557655	-2.41770006
0.177151227	-2.437735856
0.178725905	-2.806218626
0.180300582	-2.865203146
0.18187526	-3.085101938
0.183449938	-3.136626982
0.185024615	-2.975400249
0.186599293	-3.132779712
0.18817397	-3.044104186
0.189748648	-3.088077376
0.191323325	-3.019155366
0.192898003	-3.226685598
0.194472681	-3.055535482
0.196047358	-3.169318467
0.197622036	-3.310746806
0.199196713	-3.308791923
0.200771391	-3.157523467
0.202346069	-3.239671348
0.203920746	-3.228296851
0.205495424	-3.314908813
0.207070101	-3.39786472
0.208644779	-3.122292827
0.210219456	-3.05063639
0.211794134	-2.998228757
0.213368812	-3.034292902
0.214943489	-2.860276015
0.216518167	-2.667002537
0.218092844	-2.487020625
0.219667522	-2.635271507
0.221242199	-2.615062955
0.222816877	-2.622644749
0.224391555	-2.438031576
0.225966232	-2.20824692
0.22754091	-2.372080564
0.229115587	-2.103629653
0.230690265	-2.064483868
0.232264942	-2.167884576
0.23383962	-2.098223782
0.235414298	-2.081310168
0.236988975	-2.055229639
0.238563653	-2.046895504
0.24013833	-1.973486082
0.241713008	-1.901335376
0.243287685	-1.838133341
0.244862363	-1.845122922
0.246437041	-1.824458141
0.248011718	-1.676388313
0.249586396	-1.591339529
0.251161073	-1.594116021
0.252735751	-1.523115015
0.254310428	-1.450326423
0.255885106	-1.150983732
0.257459784	-1.245107068
0.259034461	-0.984133944
0.260609139	-0.832834675
0.262183816	-0.720605097
0.263758494	-0.566867358
0.265333171	-0.580595004
0.266907849	-0.913714077
0.268482527	-0.696201997
0.270057204	-0.513866766
0.271631882	-0.610981507
0.273206559	-0.406649331
0.274781237	-0.432109267
0.276355915	-0.424372142
0.277930592	-0.446779529
0.27950527	-0.265339954
0.281079947	-0.036894783
0.282654625	-0.051499352
0.284229302	-0.256425039
0.28580398	0.029204152
0.287378658	-0.356663937
0.288953335	-0.361061767
0.290528013	-0.185242948
0.29210269	-0.178520808
0.293677368	-0.045607091
0.295252045	-0.100212811
0.296826723	-0.320418572
0.298401401	-0.33480114
0.299976078	-0.876188848
0.301550756	-0.921695386
0.303125433	-0.938802254
0.304700111	-0.966190514
0.306274788	-0.931298901
0.307849466	-0.918325703
0.309424144	-0.801318469
0.310998821	-0.78245813
0.312573499	-0.579602227
0.314148176	-0.609995182
0.315722854	-0.40892234
0.317297531	-0.7910458
0.318872209	-0.586881757
0.320446887	-0.701896849
0.322021564	-0.773244527
0.323596242	-0.676507619
0.325170919	-0.799954884
0.326745597	-0.72126657
0.328320274	-0.634380067
0.329894952	-0.77765434
0.33146963	-0.682848372
0.333044307	-0.776796958
0.334618985	-1.047156136
0.336193662	-0.82647871
0.33776834	-0.535155576
0.339343017	-0.426560294
0.340917695	-0.590848809
0.342492373	-1.075858062
0.34406705	-0.913335971
0.345641728	-1.806666062
0.347216405	-2.121384459
0.348791083	-2.05761158
0.350365761	-2.296224304
0.351940438	-2.242177966
0.353515116	-2.224530773
0.355089793	-2.390707742
0.356664471	-2.144154804
0.358239148	-1.914732096
0.359813826	-1.844268111
0.361388504	-1.937049878
0.362963181	-1.101392407
0.364537859	-1.275646323
0.366112536	-0.905972179
0.367687214	-0.884703671
0.369261891	-0.793209286
0.370836569	-0.473594583
0.372411247	-0.337568942
0.373985924	-0.229347608
0.375560602	-0.292939255
0.377135279	-0.212689815
0.378709957	-0.05883702
0.380284634	0.115594476
0.381859312	0.230020255
0.38343399	0.492282546
0.385008667	0.577396167
0.386583345	0.670576926
0.388158022	0.829472738
0.3897327	0.5751225
0.391307377	0.713156135
0.392882055	0.728433384
0.394456733	0.529829208
0.39603141	0.59992244
0.397606088	0.81555368
0.399180765	0.710278972
0.400755443	1.001077618
0.40233012	1.072804362
0.403904798	1.052895592
0.405479476	0.99192372
0.407054153	0.938427449
0.408628831	0.97389266
0.410203508	0.947337246
0.411778186	0.998053748
0.413352863	1.104233936
0.414927541	1.163978431
0.416502219	1.131416555
0.418076896	1.122576834
0.419651574	1.251081364
0.421226251	1.336471391
0.422800929	1.443027333
0.424375606	1.380559873
0.425950284	1.249940115
0.427524962	1.376370334
0.429099639	1.406510411
0.430674317	1.689935492
0.432248994	1.718758673
0.433823672	1.999175344
0.43539835	2.0842496
0.436973027	2.180875082
0.438547705	2.56502581
0.440122382	2.559280633
0.44169706	2.953431287
0.443271737	3.437703743
0.444846415	3.304315971
0.446421093	3.273504085
0.44799577	3.407127246
0.449570448	3.303471922
0.451145125	3.640352876
0.452719803	3.763003478
0.45429448	3.822881133
0.455869158	3.865496653
0.457443836	3.901750852
0.459018513	4.029990887
0.460593191	3.699411265
0.462167868	3.869857581
0.463742546	3.801812983
0.465317223	3.955239674
0.466891901	4.304704686
0.468466579	4.833849441
0.470041256	4.595569168
0.471615934	4.477480182
0.473190611	4.303026799
0.474765289	4.299682003
0.476339966	4.457147214
0.477914644	4.696498473
0.479489322	4.310480225
0.481063999	4.140448677
0.482638677	4.356222928
0.484213354	4.355414011
0.485788032	4.398729128
0.487362709	4.310539274
0.488937387	4.248160227
0.490512065	4.495361857
0.492086742	4.296406934
0.49366142	4.189924949
0.495236097	4.307706761
0.496810775	4.066369979
0.498385452	4.04892705
0.49996013	3.919064831
0.501534808	3.737218607
0.503109485	3.757462058
0.504684163	3.85099044
0.50625884	3.958197082
0.507833518	3.934008696
0.509408196	3.723184249
0.510982873	3.687123916
0.512557551	3.637615591
0.514132228	3.763927581
0.515706906	3.452839113
0.517281583	3.411663419
0.518856261	3.425120163
0.520430939	3.547653347
0.522005616	3.356471962
0.523580294	3.140098505
0.525154971	3.188543386
0.526729649	2.982319658
0.528304326	3.004528327
0.529879004	3.099883553
0.531453682	2.942587171
0.533028359	2.698976703
0.534603037	2.862055984
0.536177714	2.663511776
0.537752392	2.517280016
0.539327069	2.824108616
0.540901747	2.980689718
0.542476425	2.748994608
0.544051102	2.581271882
0.54562578	2.590578926
0.547200457	2.677435724
0.548775135	2.614649023
0.550349812	2.663089339
0.55192449	2.422794209
0.553499168	2.361850524
0.555073845	2.639850492
0.556648523	2.615509784
0.5582232	2.639468236
0.559797878	2.488623652
0.561372555	2.395727384
0.562947233	2.444198346
0.564521911	2.511447854
0.566096588	2.356463968
0.567671266	2.07758034
0.569245943	2.283699973
0.570820621	2.433756036
0.572395298	2.291892787
0.573969976	2.526651247
0.575544654	2.423738025
0.577119331	2.365332892
0.578694009	2.205550213
0.580268686	1.975672715
0.581843364	1.664040922
0.583418042	1.738937334
0.584992719	1.420877946
0.586567397	1.368931316
0.588142074	1.485536783
0.589716752	1.363937926
0.591291429	1.53212457
0.592866107	1.155278224
0.594440785	0.597012491
0.596015462	1.015029417
0.59759014	0.978494349
0.599164817	1.132599839
0.600739495	0.861268465
0.602314172	0.852637406
0.60388885	0.949567892
0.605463528	0.698452427
0.607038205	0.426051161
0.608612883	0.469119971
0.61018756	0.24729097
0.611762238	0.216676236
0.613336915	-0.019293656
0.614911593	0.099844264
0.616486271	-0.027730995
0.618060948	-0.197709426
0.619635626	-0.274949291
0.621210303	-0.281505692
0.622784981	-0.799392302
0.624359658	-0.947242086
0.625934336	-1.107082092
0.627509014	-1.840427799
0.629083691	-1.830901611
0.630658369	-2.377042382
0.632233046	-2.666596413
0.633807724	-2.667096411
0.635382401	-2.886657494
0.636957079	-3.052858648
0.638531757	-3.433462462
0.640106434	-3.653009142
0.641681112	-3.706637161
0.643255789	-4.146616649
0.644830467	-4.299554107
0.646405144	-4.627978472
0.647979822	-4.945683467
0.6495545	-5.069173847
0.651129177	-5.205607814
0.652703855	-5.272095319
0.654278532	-5.19533658
0.65585321	-5.658491008
0.657427887	-5.848807345
0.659002565	-6.256158117
0.660577243	-6.418753452
0.66215192	-6.886468199
0.663726598	-7.279428994
0.665301275	-7.348749518
0.666875953	-7.250116878
0.668450631	-7.463778843
0.670025308	-7.55525323
0.671599986	-7.950347921
0.673174663	-7.892750661
0.674749341	-7.954461011
0.676324018	-7.923918481
0.677898696	-8.170420099
0.679473374	-8.130894151
0.681048051	-8.249274014
0.682622729	-8.368771254
0.684197406	-8.822305874
0.685772084	-8.737094783
0.687346761	-8.790068925
0.688921439	-9.265225659
0.690496117	-9.530331246
0.692070794	-9.581248744
0.693645472	-9.159727412
0.695220149	-9.11232985
0.696794827	-9.302252997
0.698369504	-9.325147237
0.699944182	-9.499319618
0.70151886	-9.14820816
0.703093537	-9.022012773
0.704668215	-9.083903282
0.706242892	-8.401700984
0.70781757	-8.612038558
0.709392247	-8.481617729
0.710966925	-8.395942162
0.712541603	-8.253121685
0.71411628	-8.010267416
0.715690958	-7.993917836
0.717265635	-7.718009127
0.718840313	-6.938191268
0.72041499	-6.960973417
0.721989668	-7.107927614
0.723564346	-6.990591838
0.725139023	-6.852066849
0.726713701	-6.514584522
0.728288378	-6.252481897
0.729863056	-6.137975184
0.731437733	-6.270491553
0.733012411	-6.329047883
0.734587089	-6.179970518
0.736161766	-6.000788884
0.737736444	-5.995981307
0.739311121	-5.749595569
0.740885799	-5.726625612
0.742460477	-5.700598498
0.744035154	-5.699945299
0.745609832	-5.524573769
0.747184509	-5.410477037
0.748759187	-5.343005952
0.750333864	-5.24392732
0.751908542	-4.865745257
0.75348322	-4.981805865
0.755057897	-4.810217304
0.756632575	-4.369539302
0.758207252	-4.531271856
0.75978193	-4.641531767
0.761356607	-4.627055976
0.762931285	-4.524592149
0.764505963	-4.081465281
0.76608064	-3.957437117
0.767655318	-3.835514376
0.769229995	-3.71309797
0.770804673	-3.642644106
0.77237935	-3.542965851
0.773954028	-3.576541282
0.775528706	-3.375980437
0.777103383	-3.142350144
0.778678061	-2.929716116
0.780252738	-3.006388378
0.781827416	-2.586857966
0.783402093	-2.60079158
0.784976771	-2.54584226
0.786551449	-2.155542356
0.788126126	-2.240858214
0.789700804	-1.829034708
0.791275481	-1.686237828
0.792850159	-1.414379184
0.794424836	-1.247348482
0.795999514	-1.333158796
0.797574192	-1.080260437
0.799148869	-1.115479588
0.800723547	-1.195309607
0.802298224	-0.955498419
0.803872902	-0.800761683
0.805447579	-0.642503457
0.807022257	-0.448950986
0.808596935	-0.50967163
0.810171612	-0.226060387
0.81174629	-0.180719945
0.813320967	-0.205897387
0.814895645	0.037528511
0.816470323	0.28721746
0.818045	0.352256056
0.819619678	0.353794752
0.821194355	0.790561764
0.822769033	0.818966236
0.82434371	1.063819958
0.825918388	1.234739405
0.827493066	1.47048286
0.829067743	1.517942005
0.830642421	1.708990323
0.832217098	1.895502772
0.833791776	1.897855421
0.835366453	1.959178216
0.836941131	2.60591912
0.838515809	2.639930504
0.840090486	2.825887245
0.841665164	2.521715467
0.843239841	3.15066124
0.844814519	3.739488756
0.846389196	3.538991518
0.847963874	3.913968885
0.849538552	4.161599441
0.851113229	4.170107196
0.852687907	4.292858553
0.854262584	4.275426025
0.855837262	4.842507507
0.857411939	5.216497305
0.858986617	5.140690528
0.860561295	5.336610434
0.862135972	5.65582744
0.86371065	5.63767802
0.865285327	6.317183006
0.866860005	6.262075003
0.868434682	6.45846952
0.87000936	6.810845089
0.871584038	6.762476924
0.873158715	6.497331946
0.874733393	6.511634256
0.87630807	6.437568957
0.877882748	5.956943763
0.879457425	6.017686836
0.881032103	5.384690373
0.882606781	5.14154684
0.884181458	5.233446848
0.885756136	5.036222538
0.887330813	4.956385124
0.888905491	5.137034252
0.890480169	5.264243293
0.892054846	5.393542419
0.893629524	5.231126571
0.895204201	5.084698441
0.896778879	5.183921251
0.898353556	5.281531263
0.899928234	5.357138179
0.901502912	5.564544676
0.903077589	5.39292113
0.904652267	5.625497424
0.906226944	5.734230747
0.907801622	5.912681361
0.909376299	5.95711996
0.910950977	5.92482824
0.912525655	5.925427633
0.914100332	6.089064218
0.91567501	6.044312509
0.917249687	6.008395874
0.918824365	6.085817084
0.920399042	6.4110518
0.92197372	6.387691216
0.923548398	6.551340449
0.925123075	6.661419818
0.926697753	6.984651395
0.92827243	6.917125344
0.929847108	7.0213732
0.931421785	7.206416639
0.932996463	7.377903467
0.934571141	7.455261421
0.936145818	7.204919913
0.937720496	7.332353297
0.939295173	7.566870928
0.940869851	7.580298533
0.942444528	7.779364505
0.944019206	7.84576339
0.945593884	7.919499668
0.947168561	8.030326574
0.948743239	7.784759536
0.950317916	7.821236739
0.951892594	7.746480403
0.953467271	7.467836635
0.955041949	7.728557559
0.956616627	7.512719999
0.958191304	7.498072566
0.959765982	7.439091694
0.961340659	7.58923558
0.962915337	7.727773198
0.964490014	7.74266907
0.966064692	7.8737002
0.96763937	8.020812859
0.969214047	7.926503443
0.970788725	7.961941194
0.972363402	8.067301335
0.97393808	8.065652482
0.975512758	7.995331098
0.977087435	8.075558245
0.978662113	7.813447595
0.98023679	8.165646747
0.981811468	8.492156627
0.983386145	8.612616894
0.984960823	8.775210835
0.986535501	8.400746538
0.988110178	8.431453847
0.989684856	8.483762078
0.991259533	8.785015072
0.992834211	8.789949716
0.994408888	8.151383651
0.995983566	7.92623902
0.997558244	7.911286698
0.999132921	7.183180443
1.000707599	7.360244524
1.002282276	7.166729353
1.003856954	7.037818095
1.005431631	7.085721678
1.007006309	6.978892035
1.008580987	6.612902003
1.010155664	6.784950761
1.011730342	6.866563811
1.013305019	6.95134784
1.014879697	6.812596532
1.016454374	6.517326523
1.018029052	6.817154914
1.01960373	6.541704123
1.021178407	6.342343127
1.022753085	6.57630611
1.024327762	6.217216926
1.02590244	6.546196777
1.027477117	6.556823309
1.029051795	6.334297713
1.030626473	6.139739493
1.03220115	6.068299736
1.033775828	5.949855568
1.035350505	5.827120181
1.036925183	5.879179796
1.03849986	5.809980505
1.040074538	5.573312466
1.041649216	5.554772397
1.043223893	5.6170662
1.044798571	5.34225023
1.046373248	5.338230473
1.047947926	5.391262525
1.049522604	5.407042071
1.051097281	5.988481321
1.052671959	5.227931506
1.054246636	4.837689263
1.055821314	4.929483218
1.057395991	4.916454475
1.058970669	5.139520631
1.060545347	4.476879004
1.062120024	4.742739931
1.063694702	4.965625742
1.065269379	4.787671553
1.066844057	4.365391007
1.068418734	4.359309814
1.069993412	4.502072134
1.07156809	3.998707224
1.073142767	4.269590608
1.074717445	4.197780881
1.076292122	4.254019847
1.0778668	4.0886465
1.079441477	3.956347044
1.081016155	3.856446541
1.082590833	3.838926012
1.08416551	3.715447348
1.085740188	3.695212703
1.087314865	3.37973234
1.088889543	3.591929864
1.09046422	3.8227444
1.092038898	4.057347353
1.093613576	4.03769289
1.095188253	3.186531942
1.096762931	3.48073938
1.098337608	3.226447168
1.099912286	3.018273801
1.101486963	3.134871307
1.103061641	2.790175366
1.104636319	2.899896167
1.106210996	2.848603075
1.107785674	2.595980232
1.109360351	2.682318039
1.110935029	2.697627886
1.112509706	2.533331939
1.114084384	2.416316348
1.115659062	2.594549184
1.117233739	2.66130537
1.118808417	2.671306621
1.120383094	2.657127436
1.121957772	2.870396761
1.12353245	2.827482961
1.125107127	2.599863332
1.126681805	2.765418891
1.128256482	2.746242947
1.12983116	2.919282729
1.131405837	2.951474666
1.132980515	2.429116896
1.134555193	2.64183405
1.13612987	2.612080053
1.137704548	2.577689726
1.139279225	2.758417292
1.140853903	2.174856688
1.14242858	2.04637443
1.144003258	2.060286239
1.145577936	1.857935448
1.147152613	2.026753149
1.148727291	1.743894146
1.150301968	1.600387456
1.151876646	1.665520932
1.153451323	1.816558375
1.155026001	2.041859051
1.156600679	2.100783697
1.158175356	2.166996046
1.159750034	1.769074246
1.161324711	1.916958157
1.162899389	2.07421503
1.164474066	2.121668118
1.166048744	1.860000331
1.167623422	2.098236185
1.169198099	2.201525551
1.170772777	1.585044159
1.172347454	1.55636414
1.173922132	1.417981429
1.175496809	1.402893694
1.177071487	1.461372599
1.178646165	1.310803393
1.180220842	1.253444862
1.18179552	1.256345204
1.183370197	0.74509133
1.184944875	0.683166071
1.186519552	0.713994707
1.18809423	0.717811079
1.189668908	0.80558097
1.191243585	0.296689367
1.192818263	-0.002814675
1.19439294	-0.282444701
1.195967618	-0.183909181
1.197542295	-0.074026472
1.199116973	-0.318434105
1.200691651	-0.633129653
1.202266328	-0.660568042
1.203841006	-1.084670924
1.205415683	-0.758171278
1.206990361	-1.034925811
1.208565039	-1.205769837
1.210139716	-1.364057258
1.211714394	-1.22943179
1.213289071	-1.400257118
1.214863749	-1.368672265
1.216438426	-1.23629261
1.218013104	-0.978092523
1.219587782	-1.265975221
1.221162459	-1.286917114
1.222737137	-1.450153509
1.224311814	-1.527786907
1.225886492	-1.661999081
1.227461169	-1.29021716
1.229035847	-1.644189965
1.230610525	-1.257534926
1.232185202	-1.230025602
1.23375988	-1.089777554
1.235334557	-1.124260241
1.236909235	-1.26410609
1.238483912	-1.14059768
1.24005859	-1.656615227
1.241633268	-0.871775375
1.243207945	-1.100001989
1.244782623	-1.431195473
1.2463573	-1.928622562
1.247931978	-1.966357538
1.249506655	-2.187900569
1.251081333	-1.722799051
1.252656011	-1.668710257
1.254230688	-2.461715503
1.255805366	-2.110519296
1.257380043	-2.42645694
1.258954721	-3.126642977
1.260529398	-2.821759019
1.262104076	-2.889604225
1.263678754	-2.585767809
1.265253431	-2.905876775
1.266828109	-3.532151403
1.268402786	-3.622991152
1.269977464	-3.461164623
1.271552141	-3.535385215
1.273126819	-3.287837005
1.274701497	-3.531269505
1.276276174	-3.333714949
1.277850852	-3.449512921
1.279425529	-3.445685293
1.281000207	-3.492377452
1.282574885	-3.14701241
1.284149562	-2.707186719
1.28572424	-2.453691139
1.287298917	-2.785320466
1.288873595	-3.161585974
1.290448272	-2.80166973
1.29202295	-2.751298817
1.293597628	-2.794383128
1.295172305	-2.897950896
1.296746983	-2.426364978
1.29832166	-2.479923738
1.299896338	-2.623981741
1.301471015	-2.705926265
1.303045693	-2.767294829
1.304620371	-3.601912722
1.306195048	-3.633392361
1.307769726	-3.274326766
1.309344403	-2.892294992
1.310919081	-3.12959527
1.312493758	-3.190266386
1.314068436	-3.532681751
1.315643114	-3.42935382
1.317217791	-3.765865588
1.318792469	-3.917198978
1.320367146	-3.959937904
1.321941824	-4.048651132
1.323516501	-4.49766509
1.325091179	-4.205174271
1.326665857	-4.240992804
1.328240534	-4.172919048
1.329815212	-4.618193787
1.331389889	-4.814784273
1.332964567	-4.559056456
1.334539244	-4.437062879
1.336113922	-4.446237901
1.3376886	-4.066994127
1.339263277	-3.777178865
1.340837955	-3.677542672
1.342412632	-3.819135547
1.34398731	-3.782123612
1.345561987	-4.209022983
1.347136665	-3.600566367
1.348711343	-3.479029354
1.35028602	-4.402378808
1.351860698	-4.819943176
1.353435375	-4.48355778
1.355010053	-4.72874054
1.356584731	-4.952653853
1.358159408	-4.661882133
1.359734086	-4.462039477
1.361308763	-4.44006564
1.362883441	-4.369664039
1.364458118	-3.854499148
1.366032796	-3.998381771
1.367607474	-4.207237849
1.369182151	-4.014341646
1.370756829	-3.932774609
1.372331506	-3.599058477
1.373906184	-3.642405814
1.375480861	-3.547474816
1.377055539	-3.113353776
1.378630217	-3.216906459
1.380204894	-2.649836482
1.381779572	-2.586563429
1.383354249	-2.586866421
1.384928927	-2.261270613
1.386503604	-2.109664116
1.388078282	-1.939326569
1.38965296	-1.915223741
1.391227637	-1.743994488
1.392802315	-1.794385256
1.394376992	-1.898366536
1.39595167	-1.86203469
1.397526347	-2.015407464
1.399101025	-2.063646531
1.400675703	-1.883223819
1.40225038	-1.744284842
1.403825058	-1.665838622
1.405399735	-1.476046358
1.406974413	-1.480476979
1.40854909	-1.426992268
1.410123768	-1.630878166
1.411698446	-1.899139382
1.413273123	-1.052092261
1.414847801	-1.015699807
1.416422478	-1.564919917
1.417997156	-1.507165582
1.419571833	-1.532272281
1.421146511	-1.357881704
1.422721189	-1.257320134
1.424295866	-1.349633695
1.425870544	-1.801899893
1.427445221	-1.541003055
1.429019899	-1.517630256
1.430594577	-1.600909071
1.432169254	-1.96046824
1.433743932	-1.916326832
1.435318609	-1.54988215
1.436893287	-1.695148704
1.438467964	-2.101734272
1.440042642	-2.172660173
1.44161732	-2.158630851
1.443191997	-2.296349409
1.444766675	-1.722871041
1.446341352	-2.500677233
1.44791603	-2.351779259
1.449490707	-2.244604236
1.451065385	-2.347239259
1.452640063	-2.089748339
1.45421474	-2.200828587
1.455789418	-2.617817858
1.457364095	-2.250125259
1.458938773	-2.50648985
1.46051345	-2.644187757
1.462088128	-2.44941504
1.463662806	-3.066082788
1.465237483	-2.841814323
1.466812161	-3.029697166
1.468386838	-2.611435571
1.469961516	-2.843554065
1.471536193	-2.973417849
1.473110871	-3.031675058
1.474685549	-3.360985302
1.476260226	-3.466853799
1.477834904	-3.31876099
1.479409581	-3.406701343
1.480984259	-3.506927379
1.482558936	-3.584102449
1.484133614	-3.82836997
1.485708292	-3.871019685
1.487282969	-4.08007326
1.488857647	-4.46120551
1.490432324	-4.143147718
1.492007002	-4.457648937
1.493581679	-4.519224475
1.495156357	-4.61962439
1.496731035	-5.154593496
1.498305712	-5.302573619
1.49988039	-5.281528261
1.501455067	-5.390826777
1.503029745	-5.389020073
1.504604422	-6.027456351
1.5061791	-6.382436896
1.507753778	-5.981425188
1.509328455	-6.26432621
1.510903133	-6.314287705
1.51247781	-6.113533594
1.514052488	-6.462691492
1.515627166	-6.743576649
1.517201843	-7.506897323
1.518776521	-7.173474696
1.520351198	-7.297961723
1.521925876	-7.397346674
1.523500553	-7.278750268
1.525075231	-7.09029109
1.526649909	-7.057409198
1.528224586	-7.216156296
1.529799264	-7.680688326
1.531373941	-7.947882288
1.532948619	-8.308876974
1.534523296	-8.711516663
1.536097974	-8.674648389
1.537672652	-8.868837384
1.539247329	-9.248151307
1.540822007	-8.730687252
1.542396684	-8.715315089
1.543971362	-8.584522465
1.545546039	-9.318719963
1.547120717	-8.672115045
1.548695395	-8.738296038
1.550270072	-8.438996743
1.55184475	-8.693218186
1.553419427	-8.673576372
1.554994105	-8.899020122
1.556568782	-9.564711435
1.55814346	-9.258902951
1.559718138	-9.151295994
1.561292815	-9.123882438
1.562867493	-9.476377854
1.56444217	-9.481186261
1.566016848	-9.575017321
1.567591525	-9.253130395
1.569166203	-9.157714083
1.570740881	-9.146568246
1.572315558	-9.198408879
1.573890236	-9.180999059
1.575464913	-9.452130905
1.577039591	-9.528687528
1.578614268	-9.541672233
1.580188946	-9.886877238
1.581763624	-9.684095362
1.583338301	-9.545731587
1.584912979	-10.09354113
1.586487656	-9.90407411
1.588062334	-9.882727248
1.589637012	-10.07640392
1.591211689	-10.20912718
1.592786367	-10.42224391
1.594361044	-10.55754836
1.595935722	-10.8484122
1.597510399	-9.96363879
1.599085077	-9.798954763
1.600659755	-9.406610455
1.602234432	-9.362067825
1.60380911	-9.65025309
1.605383787	-9.248391413
1.606958465	-9.437175302
1.608533142	-9.822568383
1.61010782	-9.25317908
1.611682498	-9.42274924
1.613257175	-9.097473491
1.614831853	-9.15227501
1.61640653	-8.578154798
1.617981208	-8.077069577
1.619555885	-8.041776965
1.621130563	-8.181055076
1.622705241	-7.596529652
1.624279918	-7.37267062
1.625854596	-7.032233736
1.627429273	-6.576492991
1.629003951	-6.450857434
1.630578628	-5.856981372
1.632153306	-5.621334692
1.633727984	-5.257093701
1.635302661	-4.509989925
1.636877339	-4.490248719
1.638452016	-3.747086695
1.640026694	-3.333731977
1.641601371	-3.435196295
1.643176049	-2.837033796
1.644750727	-2.496829321
1.646325404	-2.307570702
1.647900082	-1.705701067
1.649474759	-1.885960324
1.651049437	-1.892036166
1.652624114	-1.312380883
1.654198792	-1.567397289
1.65577347	-0.538005986
1.657348147	-0.317201974
1.658922825	-0.069436743
1.660497502	0.107141465
1.66207218	0.29238738
1.663646858	0.831348771
1.665221535	1.326406934
1.666796213	1.223898375
1.66837089	2.234122115
1.669945568	2.422541174
1.671520245	2.743736197
1.673094923	3.030170432
1.674669601	2.9826731
1.676244278	3.321903003
1.677818956	3.658752946
1.679393633	3.610710064
1.680968311	4.451620715
1.682542988	4.548311514
1.684117666	4.625548261
1.685692344	5.090014634
1.687267021	5.529964743
1.688841699	5.846879785
1.690416376	6.439397388
1.691991054	6.356731122
1.693565731	7.455728781
1.695140409	7.147335272
1.696715087	7.599112099
1.698289764	7.821101702
1.699864442	8.066356831
1.701439119	8.548575334
1.703013797	8.280248642
1.704588474	7.925977879
1.706163152	9.100170644
1.70773783	9.249258955
1.709312507	9.36890861
1.710887185	9.589424743
1.712461862	9.499390225
1.71403654	9.862314851
1.715611217	10.06142484
1.717185895	10.25721657
1.718760573	10.4431599
1.72033525	11.08980907
1.721909928	11.31331913
1.723484605	11.74818806
1.725059283	11.65110981
1.72663396	11.68980359
1.728208638	11.63044584
1.729783316	12.06224145
1.731357993	12.34322996
1.732932671	12.27996765
1.734507348	12.59117866
1.736082026	12.89221551
1.737656703	12.92457135
1.739231381	13.26594367
1.740806059	13.35490903
1.742380736	13.65976307
1.743955414	14.00245144
1.745530091	13.53199223
1.747104769	13.848038
1.748679447	13.80496792
1.750254124	14.09812259
1.751828802	14.79657549
1.753403479	14.95025916
1.754978157	15.24365876
1.756552834	15.49193475
1.758127512	15.55356127
1.75970219	15.28869522
1.761276867	15.08986227
1.762851545	15.15866189
1.764426222	15.11031048
1.7660009	15.57616274
1.767575577	15.29364638
1.769150255	14.74176666
1.770724933	14.89271566
1.77229961	14.71343783
1.773874288	14.55209382
1.775448965	14.20941583
1.777023643	13.84266466
1.77859832	13.90320097
1.780172998	13.44531318
1.781747676	11.97325191
1.783322353	11.92415685
1.784897031	11.30985623
1.786471708	10.35316862
1.788046386	10.82044656
1.789621063	8.90707993
1.791195741	8.711573057
1.792770419	8.590061558
1.794345096	6.999781838
1.795919774	6.821358255
1.797494451	6.06003206
1.799069129	5.748322455
1.800643806	5.775438728
1.802218484	4.251038316
1.803793162	4.407856249
1.805367839	4.386144734
1.806942517	3.520280617
1.808517194	3.44834547
1.810091872	2.931296579
1.811666549	2.591140659
1.813241227	2.528839712
1.814815905	2.045920096
1.816390582	1.805244367
1.81796526	1.398313962
1.819539937	1.106947107
1.821114615	1.101013122
1.822689293	1.043986699
1.82426397	1.153730574
1.825838648	1.363603556
1.827413325	0.950898043
1.828988003	0.856761427
1.83056268	0.936196225
1.832137358	0.637311167
1.833712036	0.305554399
1.835286713	1.307766755
1.836861391	0.976994924
1.838436068	1.21451738
1.840010746	0.309350925
1.841585423	0.488971288
1.843160101	0.168672603
1.844734779	-0.347825131
1.846309456	-0.243902544
1.847884134	-0.148361957
1.849458811	0.171456868
1.851033489	-0.09484226
1.852608166	-0.317275961
1.854182844	-0.607223415
1.855757522	-0.464796801
1.857332199	-0.953279275
1.858906877	-1.126153246
1.860481554	-0.943128864
1.862056232	-0.84312046
1.863630909	-1.037000256
1.865205587	-1.482623852
1.866780265	-0.684360386
1.868354942	-1.009602963
1.86992962	-1.105974087
1.871504297	-1.153263763
1.873078975	-1.416970818
1.874653652	-1.312078219
1.87622833	-1.458964965
1.877803008	-1.933519148
1.879377685	-1.78762443
1.880952363	-1.789883213
1.88252704	-1.109879091
1.884101718	-1.381352954
1.885676395	-1.591817051
1.887251073	-1.533771852
1.888825751	-1.929922161
1.890400428	-1.53753853
1.891975106	-2.020592337
1.893549783	-2.142627626
1.895124461	-2.116305306
1.896699139	-2.126864836
1.898273816	-2.395617866
1.899848494	-2.444792489
1.901423171	-2.473984607
1.902997849	-2.985812325
1.904572526	-2.697592086
1.906147204	-2.699215188
1.907721882	-2.475039059
1.909296559	-2.385863848
1.910871237	-2.403488461
1.912445914	-2.283255216
1.914020592	-2.318812444
1.915595269	-3.207517291
1.917169947	-3.037566505
1.918744625	-3.171468311
1.920319302	-2.87856143
1.92189398	-2.585440202
1.923468657	-2.459322111
1.925043335	-2.771877839
1.926618012	-2.93825994
1.92819269	-2.799639817
1.929767368	-2.497098622
1.931342045	-2.265833982
1.932916723	-2.384357608
1.9344914	-2.354347492
1.936066078	-2.292041121
1.937640755	-2.008195914
1.939215433	-2.123286975
1.940790111	-2.395629335
1.942364788	-2.412272167
1.943939466	-2.627988594
1.945514143	-2.758125649
1.947088821	-2.889954475
1.948663498	-2.6059853
1.950238176	-2.359394397
1.951812854	-2.420698381
1.953387531	-2.452149781
1.954962209	-2.611473793
1.956536886	-2.375683167
1.958111564	-2.221539211
1.959686241	-2.220782371
1.961260919	-2.582658815
1.962835597	-2.346379375
1.964410274	-2.306151256
1.965984952	-2.05499936
1.967559629	-2.139176311
1.969134307	-2.794441352
1.970708985	-2.416824234
1.972283662	-2.374107327
1.97385834	-2.797128333
1.975433017	-2.488200989
1.977007695	-2.804517653
1.978582372	-3.089702719
1.98015705	-3.580162866
1.981731728	-3.287024891
1.983306405	-3.176583215
1.984881083	-3.433555325
1.98645576	-3.833840605
1.988030438	-3.882080861
1.989605115	-4.040157695
1.991179793	-4.221821687
1.992754471	-3.95445254
1.994329148	-4.209733283
1.995903826	-4.229849311
1.997478503	-4.231089701
1.999053181	-3.689171578
2.000627858	-3.692406744
2.002202536	-3.620968379
2.003777214	-3.161763203
2.005351891	-3.20965585
2.006926569	-3.490327355
2.008501246	-3.861065962
2.010075924	-3.837168306
2.011650601	-4.160405783
2.013225279	-4.117520428
2.014799957	-3.427634231
2.016374634	-3.343095299
2.017949312	-3.460722329
2.019523989	-3.743986882
2.021098667	-3.913049318
2.022673344	-3.946191726
2.024248022	-3.693120463
2.0258227	-4.154668053
2.027397377	-3.581806702
2.028972055	-3.340418211
2.030546732	-3.19317874
2.03212141	-2.92400387
2.033696087	-3.267989853
2.035270765	-3.082721346
2.036845443	-2.310337789
2.03842012	-2.369536791
2.039994798	-2.391510724
2.041569475	-2.195950211
2.043144153	-2.51885645
2.04471883	-1.894018243
2.046293508	-1.618229492
2.047868186	-1.398886974
2.049442863	-1.130575877
2.051017541	-1.152876223
2.052592218	-1.016326501
2.054166896	-1.439803299
2.055741574	-2.043658544
2.057316251	-1.18308416
2.058890929	-0.868663772
2.060465606	-1.133771957
2.062040284	-0.885058914
2.063614961	-0.803330903
2.065189639	-0.913938412
2.066764317	-0.426558277
2.068338994	-0.661260943
2.069913672	-0.680567528
2.071488349	-0.403716146
2.073063027	-0.290112156
2.074637704	-0.666410166
2.076212382	-0.545853521
2.07778706	-0.265141285
2.079361737	-0.251489682
2.080936415	-0.320651332
2.082511092	-0.180431726
2.08408577	-0.288962594
2.085660447	-0.530996856
2.087235125	0.305996034
2.088809803	0.261406601
2.09038448	0.445864182
2.091959158	0.710665644
2.093533835	0.449426685
2.095108513	0.288801456
2.09668319	0.215531079
2.098257868	-0.225459766
2.099832546	0.809989926
2.101407223	0.951264357
2.102981901	0.903978686
2.104556578	0.891904968
2.106131256	0.780264617
2.107705933	0.65923635
2.109280611	0.917303446
2.110855289	0.944906456
2.112429966	1.222254511
2.114004644	1.290124005
2.115579321	1.309098136
2.117153999	1.550960853
2.118728676	1.436839706
2.120303354	1.784768038
2.121878032	1.876557104
2.123452709	1.965697658
2.125027387	1.815277545
2.126602064	1.58199108
2.128176742	1.500419444
2.12975142	1.815158726
2.131326097	2.04192195
2.132900775	1.412158867
2.134475452	1.497214768
2.13605013	1.523052764
2.137624807	1.433365849
2.139199485	1.712432213
2.140774163	1.748464554
2.14234884	1.974287912
2.143923518	2.195884393
2.145498195	1.834585692
2.147072873	1.684159364
2.14864755	1.625665798
2.150222228	1.254586558
2.151796906	1.447700988
2.153371583	1.03770756
2.154946261	1.03918712
2.156520938	1.273005529
2.158095616	0.290569667
2.159670293	0.240105802
2.161244971	-0.055641289
2.162819649	-0.034912828
2.164394326	-0.140719234
2.165969004	-0.220023771
2.167543681	-0.218002525
2.169118359	-0.348456695
2.170693036	-0.696938646
2.172267714	-0.47590196
2.173842392	-0.685896724
2.175417069	-0.885584905
2.176991747	-0.755274942
2.178566424	-1.241385865
2.180141102	-1.532043189
2.181715779	-1.366556622
2.183290457	-1.498330839
2.184865135	-2.143271187
2.186439812	-1.989629655
2.18801449	-2.072740367
2.189589167	-2.117972913
2.191163845	-2.118426096
2.192738522	-2.169494466
2.1943132	-1.722817347
2.195887878	-1.499251302
2.197462555	-1.33364784
2.199037233	-1.306651869
2.20061191	-1.237512953
2.202186588	-1.192363676
2.203761266	-0.82121886
2.205335943	-0.582163579
2.206910621	-0.140169771
2.208485298	-0.074040328
2.210059976	0.042953564
2.211634653	-0.050377069
2.213209331	0.058260587
2.214784009	0.342136385
2.216358686	0.42366527
2.217933364	0.354784345
2.219508041	0.62011443
2.221082719	0.010402585
2.222657396	0.117501704
2.224232074	-0.309917301
2.225806752	-0.375865775
2.227381429	-0.300115745
2.228956107	-0.572959556
2.230530784	-0.31645018
2.232105462	-0.416519393
2.233680139	-0.262973296
2.235254817	-0.141059202
2.236829495	0.185822029
2.238404172	0.274310456
2.23997885	0.516281647
2.241553527	0.50667177
2.243128205	0.365745951
2.244702882	0.830157307
2.24627756	1.178527241
2.247852238	0.976846363
2.249426915	1.191058169
2.251001593	1.331864443
2.25257627	1.46768099
2.254150948	1.498630594
2.255725625	1.535359592
2.257300303	1.640066373
2.258874981	1.719196875
2.260449658	1.927409225
2.262024336	2.286674934
2.263599013	1.988712528
2.265173691	2.233160235
2.266748368	2.124202194
2.268323046	1.993636648
2.269897724	2.741861567
2.271472401	3.836158062
2.273047079	3.851796741
2.274621756	3.146562172
2.276196434	2.60989696
2.277771111	2.695701492
2.279345789	3.170071339
2.280920467	3.366032664
2.282495144	3.257685448
2.284069822	3.490442733
2.285644499	3.477484258
2.287219177	3.324214291
2.288793855	3.532439644
2.290368532	3.761818869
2.29194321	3.839992011
2.293517887	4.17630489
2.295092565	4.26845938
2.296667242	3.873570762
2.29824192	4.503880044
2.299816598	4.373043106
2.301391275	4.313011204
2.302965953	4.335190676
2.30454063	4.118476917
2.306115308	4.047898173
2.307689985	3.648500998
2.309264663	3.300326648
2.310839341	3.26408503
2.312414018	2.75206415
2.313988696	2.919501535
2.315563373	3.089816724
2.317138051	2.804389601
2.318712728	2.77208998
2.320287406	2.514784411
2.321862084	2.462539717
2.323436761	2.302454188
2.325011439	2.121493413
2.326586116	1.998958084
2.328160794	1.952042451
2.329735471	1.573607909
2.331310149	1.654885422
2.332884827	1.558271069
2.334459504	1.369271801
2.336034182	1.485841647
2.337608859	1.42679808
2.339183537	1.52038913
2.340758214	1.265610359
2.342332892	1.035326726
2.34390757	0.969615582
2.345482247	1.064489898
2.347056925	0.706400305
2.348631602	0.622022677
2.35020628	0.807938198
2.351780957	0.523386803
2.353355635	0.477773479
2.354930313	0.517457941
2.35650499	0.558312317
2.358079668	0.177620116
2.359654345	0.080053384
2.361229023	0.115831452
2.362803701	-0.649282211
2.364378378	-0.874498737
2.365953056	-0.774604027
2.367527733	-1.185946855
2.369102411	-1.240387507
2.370677088	-1.644520529
2.372251766	-2.019391576
2.373826444	-2.036139847
2.375401121	-2.327147356
2.376975799	-2.424769553
2.378550476	-2.594213054
2.380125154	-3.09882577
2.381699831	-2.960144773
2.383274509	-3.120079862
2.384849187	-3.261055171
2.386423864	-3.371151274
2.387998542	-3.267018305
2.389573219	-3.347585984
2.391147897	-3.312926621
2.392722574	-3.421309412
2.394297252	-3.382611242
2.39587193	-3.353724664
2.397446607	-3.542372593
2.399021285	-3.63688507
2.400595962	-3.11231494
2.40217064	-3.163817879
2.403745317	-3.169918823
2.405319995	-3.113367299
2.406894673	-3.061915006
2.40846935	-3.22848861
2.410044028	-3.305647964
2.411618705	-3.369146213
2.413193383	-2.933485657
2.41476806	-2.72358199
2.416342738	-2.694735267
2.417917416	-3.088401888
2.419492093	-3.116645222
2.421066771	-3.583826346
2.422641448	-3.485513369
2.424216126	-3.869006619
2.425790803	-4.38478256
2.427365481	-4.355956404
2.428940159	-4.621446572
2.430514836	-4.733548101
2.432089514	-4.945090353
2.433664191	-4.935309576
2.435238869	-4.906936684
2.436813547	-5.015261051
2.438388224	-5.354724977
2.439962902	-5.340277846
2.441537579	-5.436373061
2.443112257	-5.52487042
2.444686934	-5.574587458
2.446261612	-5.640730956
2.44783629	-5.565830094
2.449410967	-5.713609457
2.450985645	-6.155324976
2.452560322	-6.0796925
2.454135	-6.34809381
2.455709677	-6.832921775
2.457284355	-6.700698013
2.458859033	-6.581709197
2.46043371	-6.551215541
2.462008388	-6.500456325
2.463583065	-7.090633691
2.465157743	-6.916848947
2.46673242	-6.996775632
2.468307098	-7.262915989
2.469881776	-7.2296028
2.471456453	-7.75962833
2.473031131	-7.743087485
2.474605808	-7.696518218
2.476180486	-7.973910581
2.477755163	-7.914023701
2.479329841	-7.652717515
2.480904519	-8.194499659
2.482479196	-7.914463905
2.484053874	-8.212236839
2.485628551	-8.126719248
2.487203229	-8.088434427
2.488777906	-7.912376203
2.490352584	-8.108728211
2.491927262	-8.09836415
2.493501939	-7.724878626
2.495076617	-7.8938035
2.496651294	-8.152757014
2.498225972	-8.197441724
2.499800649	-8.151364384
2.501375327	-8.085769471
2.502950005	-8.037249668
2.504524682	-7.842849839
2.50609936	-7.922807807
2.507674037	-7.802430585
2.509248715	-7.419942802
2.510823393	-7.703269768
2.51239807	-7.430847305
2.513972748	-7.181992034
2.515547425	-7.037127329
2.517122103	-6.995283179
2.51869678	-7.067760604
2.520271458	-6.824909003
2.521846136	-7.060568522
2.523420813	-6.749913781
2.524995491	-6.473014507
2.526570168	-6.512734515
2.528144846	-6.586487047
2.529719523	-6.07747338
2.531294201	-5.98010898
2.532868879	-6.025771671
2.534443556	-6.040856071
2.536018234	-6.012533113
2.537592911	-5.536955756
2.539167589	-5.194027265
2.540742266	-4.954578176
2.542316944	-4.925565081
2.543891622	-4.502017575
2.545466299	-4.09900117
2.547040977	-4.426892503
2.548615654	-3.817507899
2.550190332	-3.448153321
2.551765009	-3.287829778
2.553339687	-3.297811671
2.554914365	-3.058745187
2.556489042	-2.814287008
2.55806372	-2.507694634
2.559638397	-2.046093848
2.561213075	-2.086024805
2.562787752	-1.64825014
2.56436243	-1.695499923
2.565937108	-1.57608958
2.567511785	-1.313854699
2.569086463	-0.994338865
2.57066114	-0.702414219
2.572235818	0.113540553
2.573810495	-0.017383934
2.575385173	0.046417243
2.576959851	0.197420932
2.578534528	0.079053065
2.580109206	0.287879829
2.581683883	0.373014681
2.583258561	0.443935124
2.584833238	1.232467726
2.586407916	1.391242873
2.587982594	1.533566394
2.589557271	2.07794107
2.591131949	1.834644531
2.592706626	1.881641442
2.594281304	2.079600354
2.595855982	2.295793002
2.597430659	2.945643114
2.599005337	2.608128031
2.600580014	2.934434519
2.602154692	3.297042186
2.603729369	3.318737198
2.605304047	3.402601259
2.606878725	3.702566548
2.608453402	3.390033086
2.61002808	3.614980016
2.611602757	3.617485898
2.613177435	4.179401456
2.614752112	5.03825807
2.61632679	4.988957906
2.617901468	4.879805964
2.619476145	4.877094215
2.621050823	4.948356683
2.6226255	5.502077946
2.624200178	5.314798051
2.625774855	5.634678363
2.627349533	5.707772329
2.628924211	5.668725344
2.630498888	5.987671072
2.632073566	6.144036513
2.633648243	6.120500476
2.635222921	6.558828671
2.636797598	6.543562885
2.638372276	6.554569766
2.639946954	6.370309955
2.641521631	6.832680622
2.643096309	6.983713294
2.644670986	6.830858051
2.646245664	6.951440629
2.647820341	6.983075161
2.649395019	6.621107765
2.650969697	7.103085516
2.652544374	7.25247479
2.654119052	7.35352192
2.655693729	6.976591719
2.657268407	6.97100033
2.658843084	6.957300553
2.660417762	7.424065658
2.66199244	7.498553578
2.663567117	6.886909281
2.665141795	7.283070232
2.666716472	7.427896823
2.66829115	7.159380147
2.669865828	6.996996125
2.671440505	7.018154485
2.673015183	6.522539427
2.67458986	6.774405943
2.676164538	6.044594991
2.677739215	5.759126542
2.679313893	5.834350508
2.680888571	4.757060295
2.682463248	4.819885212
2.684037926	3.994182141
2.685612603	3.364510354
2.687187281	3.689250946
2.688761958	3.523515448
2.690336636	3.145592445
2.691911314	3.297251186
2.693485991	2.523944218
2.695060669	2.308225922
2.696635346	2.258780533
2.698210024	1.949555181
2.699784701	1.960215497
2.701359379	1.972961626
2.702934057	1.973277939
2.704508734	1.951319621
2.706083412	1.988842925
2.707658089	2.15165284
2.709232767	2.364333916
2.710807444	2.699719943
2.712382122	2.773817779
2.7139568	2.609904087
2.715531477	2.559512215
2.717106155	2.726824366
2.718680832	2.933125678
2.72025551	3.332520938
2.721830187	3.097795916
2.723404865	3.583507788
2.724979543	3.764754386
2.72655422	3.711998051
2.728128898	3.624665609
2.729703575	3.705229724
2.731278253	3.553722584
2.73285293	3.367928782
2.734427608	3.580921442
2.736002286	3.376865327
2.737576963	3.826449267
2.739151641	4.023785565
2.740726318	4.223610786
2.742300996	4.045162722
2.743875674	4.301410686
2.745450351	4.184868354
2.747025029	4.285390892
2.748599706	4.195861557
2.750174384	4.400305793
2.751749061	4.655723483
2.753323739	4.713157253
2.754898417	4.81424465
2.756473094	5.086077171
2.758047772	5.093493976
2.759622449	5.038809812
2.761197127	5.105178997
2.762771804	5.183523762
2.764346482	5.470935586
2.76592116	5.627671383
2.767495837	5.627287031
2.769070515	5.622154864
2.770645192	5.689934168
2.77221987	5.899370608
2.773794547	5.925080944
2.775369225	6.196845205
2.776943903	5.97337616
2.77851858	6.312572418
2.780093258	6.088912189
2.781667935	6.358840348
2.783242613	6.304164076
2.78481729	6.301503408
2.786391968	6.122420111
2.787966646	6.311442592
2.789541323	6.341739175
2.791116001	6.130761022
2.792690678	6.336426037
2.794265356	6.800269393
2.795840033	6.821940276
2.797414711	6.332149556
2.798989389	6.285803097
2.800564066	6.425290405
2.802138744	6.119328776
2.803713421	6.163259085
2.805288099	6.401913369
2.806862776	6.562512083
2.808437454	6.671662383
2.810012132	6.805237968
2.811586809	6.630264298
2.813161487	6.678413876
2.814736164	6.8990397
2.816310842	6.901072466
2.817885519	6.934745123
2.819460197	6.571880369
2.821034875	6.655147624
2.822609552	6.235464275
2.82418423	6.057055232
2.825758907	6.123223152
2.827333585	6.057152461
2.828908263	5.87068707
2.83048294	6.094111252
2.832057618	6.163343753
2.833632295	6.233799871
2.835206973	6.204084126
2.83678165	6.199339614
2.838356328	6.440705765
2.839931006	6.071873439
2.841505683	6.098596864
2.843080361	6.215223042
2.844655038	5.948147643
2.846229716	5.964788387
2.847804393	5.983506547
2.849379071	5.964156744
2.850953749	5.987061724
2.852528426	5.344772707
2.854103104	5.359976725
2.855677781	5.28763044
2.857252459	5.10685828
2.858827136	5.553369366
2.860401814	5.310085586
2.861976492	5.017785154
2.863551169	5.304515709
2.865125847	4.936382014
2.866700524	4.879538435
2.868275202	4.622404334
2.869849879	4.731576278
2.871424557	4.531571757
2.872999235	4.372518514
2.874573912	4.22107847
2.87614859	4.150050437
2.877723267	4.281428545
2.879297945	4.089987182
2.880872622	3.830623193
2.8824473	3.690160439
2.884021978	3.554194381
2.885596655	3.470500227
2.887171333	3.386945887
2.88874601	3.136228641
2.890320688	3.136724939
2.891895365	2.848724679
2.893470043	2.773825994
2.895044721	2.648842629
2.896619398	2.565427853
2.898194076	2.164555214
2.899768753	2.276165096
2.901343431	1.96621974
2.902918109	1.777162119
2.904492786	1.786817366
2.906067464	1.553248345
2.907642141	1.250673264
2.909216819	1.369573058
2.910791496	1.261639644
2.912366174	1.535871687
2.913940852	1.186543157
2.915515529	1.117290726
2.917090207	1.175558694
2.918664884	0.729650172
2.920239562	0.28909298
2.921814239	0.299389389
2.923388917	-0.16454025
2.924963595	-0.581521716
2.926538272	-0.446787108
2.92811295	-0.330513021
2.929687627	-0.41439625
2.931262305	-0.507718442
2.932836982	-0.586830507
2.93441166	-0.486886396
2.935986338	-0.71729911
2.937561015	-0.65413805
2.939135693	-0.834673315
2.94071037	-0.789599844
2.942285048	-0.962462262
2.943859725	-1.144445526
2.945434403	-1.963093479
2.947009081	-1.635739138
2.948583758	-1.672884803
2.950158436	-1.779907815
2.951733113	-2.082260145
2.953307791	-1.799400357
2.954882468	-1.760294069
2.956457146	-1.981816655
2.958031824	-2.288396657
2.959606501	-2.392099567
2.961181179	-3.25231193
2.962755856	-3.296700773
2.964330534	-3.555976985
2.965905211	-3.795787313
2.967479889	-3.895551848
2.969054567	-3.489967674
2.970629244	-3.443561209
2.972203922	-3.836603851
2.973778599	-4.009190681
2.975353277	-4.026132603
2.976927955	-4.174150149
2.978502632	-4.416353562
2.98007731	-4.135045481
2.981651987	-3.81381408
2.983226665	-3.900167678
2.984801342	-4.193342435
2.98637602	-3.947626195
2.987950698	-4.165730626
2.989525375	-4.110673619
2.991100053	-3.911832199
2.99267473	-3.919886623
2.994249408	-3.982640584
2.995824085	-4.181142427
2.997398763	-4.169914877
2.998973441	-3.83641682
3.000548118	-3.765100455
3.002122796	-3.666610152
3.003697473	-3.575306621
3.005272151	-3.21211266
3.006846828	-3.378713906
3.008421506	-3.500971656
3.009996184	-3.731628003
3.011570861	-3.274026061
3.013145539	-3.242726302
3.014720216	-3.275805755
3.016294894	-2.867753347
3.017869571	-3.462828212
3.019444249	-3.461071468
3.021018927	-3.277219206
3.022593604	-3.443424056
3.024168282	-3.402094717
3.025742959	-3.779248527
3.027317637	-3.385303315
3.028892314	-2.945163982
3.030466992	-2.931759509
3.03204167	-2.96468591
3.033616347	-3.071580654
3.035191025	-3.201016946
3.036765702	-3.076064762
3.03834038	-3.233239708
3.039915057	-3.521507194
3.041489735	-3.246171099
3.043064413	-3.43384871
3.04463909	-3.362206561
3.046213768	-3.670090067
3.047788445	-3.167897492
3.049363123	-3.16290806
3.050937801	-3.241085611
3.052512478	-3.17432665
3.054087156	-2.84710588
3.055661833	-3.182619995
3.057236511	-3.330300359
3.058811188	-3.100958445
3.060385866	-3.242923925
3.061960544	-3.473654284
3.063535221	-3.580420863
3.065109899	-3.869227288
3.066684576	-4.52831126
3.068259254	-4.409430552
3.069833931	-4.653678778
3.071408609	-4.533214176
3.072983287	-4.610322225
3.074557964	-4.557827382
3.076132642	-4.572769668
3.077707319	-4.48488942
3.079281997	-4.593041041
3.080856674	-4.44122031
3.082431352	-4.178553816
3.08400603	-4.37733727
3.085580707	-4.350373317
3.087155385	-3.995131214
3.088730062	-4.031283742
3.09030474	-4.041635708
3.091879417	-3.714797164
3.093454095	-3.611852837
3.095028773	-3.66555049
3.09660345	-3.332558463
3.098178128	-3.289994792
3.099752805	-3.441569692
3.101327483	-3.390260247
3.10290216	-3.34309519
3.104476838	-3.118939378
3.106051516	-3.175381369
3.107626193	-3.754806089
3.109200871	-3.900220547
3.110775548	-3.770454059
3.112350226	-3.648978634
3.113924903	-3.548300789
3.115499581	-3.979974449
3.117074259	-3.792893073
3.118648936	-3.587197679
3.120223614	-3.658511026
3.121798291	-3.484591328
3.123372969	-3.157782643
3.124947646	-2.648080283
3.126522324	-2.605809644
3.128097002	-2.112451512
3.129671679	-2.151537446
3.131246357	-2.211370839
3.132821034	-2.183920605
3.134395712	-2.027060537
3.13597039	-1.769297369
3.137545067	-1.044578727
3.139119745	-0.986546201
3.140694422	-1.295316787
3.1422691	-0.924531719
3.143843777	-1.054403784
3.145418455	-0.250934783
3.146993133	-0.215785319
3.14856781	-0.101605841
3.150142488	0.694154802
3.151717165	0.780228509
3.153291843	0.627814124
3.15486652	0.31196592
3.156441198	0.572748564
3.158015876	-0.56083063
3.159590553	-0.271413494
3.161165231	-0.776638137
3.162739908	-0.745986547
3.164314586	-0.479952055
3.165889263	-0.021962418
3.167463941	-0.135540436
3.169038619	-0.213629641
3.170613296	0.23678711
3.172187974	0.315832681
3.173762651	0.694730113
3.175337329	1.073756192
3.176912006	1.511603201
3.178486684	0.714459315
3.180061362	0.488009367
3.181636039	0.5104143
3.183210717	0.098661721
3.184785394	0.599616717
3.186360072	0.15174953
3.187934749	-0.101480041
3.189509427	0.002848349
3.191084105	-0.073568954
3.192658782	-0.118964955
3.19423346	-0.009664256
3.195808137	-0.754464964
3.197382815	-0.463414849
3.198957492	-0.757410174
3.20053217	-0.5972462
3.202106848	-0.662563182
3.203681525	-0.252615059
3.205256203	-0.300197511
3.20683088	-0.21141475
3.208405558	-0.710506037
3.209980236	-0.940093122
3.211554913	-1.00124078
3.213129591	-0.687386743
3.214704268	-0.97480746
3.216278946	-0.568161887
3.217853623	-0.9081046
3.219428301	-0.835499607
3.221002979	-0.766285091
3.222577656	-0.935213081
3.224152334	-0.870711128
3.225727011	-0.779443198
3.227301689	-0.748973925
3.228876366	-0.834727446
3.230451044	-0.77301811
3.232025722	-0.927932653
3.233600399	-0.896907035
3.235175077	-0.755206219
3.236749754	-0.843734038
3.238324432	-0.82666975
3.239899109	-0.972844518
3.241473787	-0.873605031
3.243048465	-0.720923382
3.244623142	-1.011935906
3.24619782	-1.146666034
3.247772497	-1.63950318
3.249347175	-1.297460497
3.250921852	-1.150612472
3.25249653	-1.366741851
3.254071208	-1.069597118
3.255645885	-1.401269494
3.257220563	-1.465803073
3.25879524	-1.210316063
3.260369918	-1.418881151
3.261944595	-1.304848692
3.263519273	-1.15963714
3.265093951	-1.007296691
3.266668628	-1.137811462
3.268243306	-1.101348429
3.269817983	-1.235956302
3.271392661	-0.942451753
3.272967338	-1.11770224
3.274542016	-0.713238359
3.276116694	-1.307954845
3.277691371	-0.808836815
3.279266049	-0.895102445
3.280840726	-1.057206719
3.282415404	-1.064503839
3.283990082	-1.040566995
3.285564759	-0.776827664
3.287139437	-0.438635141
3.288714114	-0.74337466
3.290288792	-0.567981109
3.291863469	-0.608678427
3.293438147	-0.65972438
3.295012825	-0.779591195
3.296587502	-0.651152073
3.29816218	-0.505591584
3.299736857	-0.285286029
3.301311535	0.049347026
3.302886212	-0.093175222
3.30446089	0.300760225
3.306035568	0.115154294
3.307610245	0.51369942
3.309184923	0.788935598
3.3107596	1.002063451
3.312334278	0.308579645
3.313908955	0.188800837
3.315483633	0.44933867
3.317058311	0.467979062
3.318632988	0.566851084
3.320207666	0.746453542
3.321782343	0.786528537
3.323357021	0.224592498
3.324931698	0.51906892
3.326506376	0.377554934
3.328081054	0.192872531
3.329655731	0.513356684
3.331230409	0.389065965
3.332805086	0.351447606
3.334379764	0.750466589
3.335954441	0.308703399
3.337529119	0.625261647
3.339103797	0.583775519
3.340678474	0.345047611
3.342253152	0.143667256
3.343827829	0.26968399
3.345402507	0.237212618
3.346977184	0.583638074
3.348551862	0.616679426
3.35012654	0.362734902
3.351701217	0.52260771
3.353275895	0.071066224
3.354850572	0.17803909
3.35642525	0.15673875
3.357999927	0.427954331
3.359574605	0.189394626
3.361149283	0.327296038
3.36272396	0.185383449
3.364298638	0.473897536
3.365873315	0.545386543
3.367447993	0.182709826
3.369022671	0.477088171
3.370597348	0.520899616
3.372172026	0.746813379
3.373746703	0.426852192
3.375321381	0.583404349
3.376896058	0.755827104
3.378470736	0.584186237
3.380045414	0.803318205
3.381620091	0.940252479
3.383194769	0.793934034
3.384769446	0.742641487
3.386344124	0.842933261
3.387918801	0.817752674
3.389493479	1.018674705
3.391068157	1.035843971
3.392642834	1.406570945
3.394217512	1.127338269
3.395792189	1.455565143
3.397366867	1.363321814
3.398941544	0.923554517
3.400516222	1.573772643
3.4020909	1.339802239
3.403665577	1.877633619
3.405240255	2.215393669
3.406814932	2.106739397
3.40838961	2.424893916
3.409964287	2.308981673
3.411538965	2.265006086
3.413113643	2.864015541
3.41468832	2.987010166
3.416262998	2.858012886
3.417837675	2.880131529
3.419412353	3.149788756
3.42098703	3.335389041
3.422561708	3.607958515
3.424136386	3.563405401
3.425711063	3.522179827
3.427285741	3.628761994
3.428860418	3.536290844
3.430435096	3.88585739
3.432009773	4.059322222
3.433584451	3.813291144
3.435159129	3.799265657
3.436733806	3.74777303
3.438308484	4.584373436
3.439883161	4.633827804
3.441457839	4.385267451
3.443032517	4.473300912
3.444607194	4.595566206
3.446181872	4.722327415
3.447756549	4.688522549
3.449331227	4.670950991
3.450905904	4.715635263
3.452480582	4.515021537
3.45405526	4.767443549
3.455629937	4.811541274
3.457204615	4.913827692
3.458779292	4.915965705
3.46035397	4.88936119
3.461928647	5.040853328
3.463503325	4.997009949
3.465078003	5.117735659
3.46665268	4.864857714
3.468227358	4.883566352
3.469802035	4.904086488
3.471376713	5.069742775
3.47295139	5.018730999
3.474526068	5.165944384
3.476100746	5.186223448
3.477675423	5.362233814
3.479250101	5.426560354
3.480824778	5.087919828
3.482399456	5.320188498
3.483974133	5.578492459
3.485548811	4.991307204
3.487123489	4.776603547
3.488698166	5.048210541
3.490272844	5.124129197
3.491847521	4.950064577
3.493422199	4.740813526
3.494996876	4.569019511
3.496571554	4.897175802
3.498146232	4.660619123
3.499720909	4.387581499
3.501295587	4.290664453
3.502870264	4.324844098
3.504444942	4.117234536
3.506019619	3.979214086
3.507594297	4.00734695
3.509168975	3.982919661
3.510743652	4.282767591
3.51231833	4.163249896
3.513893007	3.900472279
3.515467685	4.162944659
3.517042363	3.901935372
3.51861704	3.821764227
3.520191718	4.014589832
3.521766395	3.974853324
3.523341073	3.831814128
3.52491575	3.766530785
3.526490428	3.524432051
3.528065106	3.57538286
3.529639783	3.862509138
3.531214461	3.654994815
3.532789138	3.507902056
3.534363816	3.726633675
3.535938493	3.893695246
3.537513171	3.520364438
3.539087849	3.451225879
3.540662526	3.598103948
3.542237204	3.756428841
3.543811881	3.760791105
3.545386559	3.794761587
3.546961236	2.838314795
3.548535914	3.477793123
3.550110592	3.496315987
3.551685269	3.485210345
3.553259947	3.389106936
3.554834624	3.185473088
3.556409302	3.072873252
3.557983979	3.042442273
3.559558657	2.4735804
3.561133335	2.889811191
3.562708012	2.543358631
3.56428269	1.874554988
3.565857367	1.699774106
3.567432045	1.368444676
3.569006722	1.340751884
3.5705814	1.387657384
3.572156078	1.282525054
3.573730755	1.195442059
3.575305433	1.20137339
3.57688011	1.365299737
3.578454788	1.310378639
3.580029465	0.964480778
3.581604143	0.687218945
3.583178821	0.876657672
3.584753498	0.905086109
3.586328176	0.968030535
3.587902853	0.738176172
3.589477531	0.931413356
3.591052209	1.022320221
3.592626886	0.32277436
3.594201564	0.275752385
3.595776241	0.411562453
3.597350919	0.364574344
3.598925596	0.526790316
3.600500274	0.565637151
3.602074952	0.778858697
3.603649629	0.838262214
3.605224307	0.362007798
3.606798984	0.370197232
3.608373662	0.531057768
3.609948339	0.344386638
3.611523017	0.316502467
3.613097695	0.169196785
3.614672372	-0.29700134
3.61624705	-0.175604259
3.617821727	-0.159106751
3.619396405	-0.310677693
3.620971082	-0.361449642
3.62254576	-0.532515188
3.624120438	-0.469531163
3.625695115	-0.668339358
3.627269793	-0.452041247
3.62884447	-0.564696462
3.630419148	-0.822596666
3.631993825	-0.86513125
3.633568503	-0.613236219
3.635143181	-0.31925682
3.636717858	-0.428732051
3.638292536	-0.700993456
3.639867213	-0.763037799
3.641441891	-0.57931216
3.643016568	-0.214307917
3.644591246	-0.359149957
3.646165924	-0.705836317
3.647740601	-0.60620727
3.649315279	-0.769743612
3.650889956	-0.596805797
3.652464634	-0.447796639
3.654039311	-0.398497002
3.655613989	-1.051835892
3.657188667	-1.228912797
3.658763344	-1.445671219
3.660338022	-1.081051675
3.661912699	-0.894313272
3.663487377	-1.112668677
3.665062054	-1.60175925
3.666636732	-1.177345508
3.66821141	-1.682776449
3.669786087	-1.688129002
3.671360765	-1.711608621
3.672935442	-2.078075775
3.67451012	-2.274361784
3.676084798	-2.641469942
3.677659475	-2.531514626
3.679234153	-2.607088684
3.68080883	-2.544397848
3.682383508	-2.450082285
3.683958185	-2.974968618
3.685532863	-2.749561781
3.687107541	-2.919461083
3.688682218	-2.989267532
3.690256896	-3.123486098
3.691831573	-3.334390101
3.693406251	-3.155766151
3.694980928	-3.29641267
3.696555606	-3.30859854
3.698130284	-3.223047863
3.699704961	-3.450324151
3.701279639	-3.458789325
3.702854316	-3.57044547
3.704428994	-3.535967292
3.706003671	-3.559926248
3.707578349	-3.647938763
3.709153027	-3.575116618
3.710727704	-3.817865829
3.712302382	-3.893106434
3.713877059	-4.024722362
3.715451737	-4.320628278
3.717026414	-4.222352574
3.718601092	-3.469191812
3.72017577	-3.63545358
3.721750447	-3.586508473
3.723325125	-3.95065657
3.724899802	-3.997332967
3.72647448	-3.80716202
3.728049157	-3.447756345
3.729623835	-3.565068805
3.731198513	-3.553143443
3.73277319	-3.315227164
3.734347868	-3.424560584
3.735922545	-3.78452632
3.737497223	-3.839081483
3.7390719	-3.722240502
3.740646578	-3.274927862
3.742221256	-3.554929241
3.743795933	-3.958024441
3.745370611	-4.11265134
3.746945288	-4.066180587
3.748519966	-4.207715396
3.750094644	-4.476730784
3.751669321	-3.90465531
3.753243999	-3.539702158
3.754818676	-3.634563174
3.756393354	-3.50097215
3.757968031	-3.598165883
3.759542709	-4.122018474
3.761117387	-4.496076655
3.762692064	-4.388496354
3.764266742	-3.484618021
3.765841419	-3.20521612
3.767416097	-3.450369463
3.768990774	-3.539144164
3.770565452	-3.677052542
3.77214013	-3.396975155
3.773714807	-3.410794359
3.775289485	-3.44509847
3.776864162	-3.24735974
3.77843884	-3.470332823
3.780013517	-3.480928397
3.781588195	-3.345071653
3.783162873	-3.541300733
3.78473755	-3.684676588
3.786312228	-3.622482174
3.787886905	-3.615434747
3.789461583	-3.542537643
3.79103626	-3.593707329
3.792610938	-3.58117412
3.794185616	-3.338545086
3.795760293	-3.092280245
3.797334971	-3.215239834
3.798909648	-3.362883897
3.800484326	-3.520361934
3.802059003	-3.414141511
3.803633681	-3.628608062
3.805208359	-3.557665982
3.806783036	-2.911020556
3.808357714	-3.36153608
3.809932391	-3.293999948
3.811507069	-3.029422605
3.813081746	-3.045449123
3.814656424	-2.978433335
3.816231102	-3.154832345
3.817805779	-2.905084312
3.819380457	-2.549884762
3.820955134	-2.853838946
3.822529812	-2.305797584
3.82410449	-2.329860748
3.825679167	-2.371987245
3.827253845	-2.674113167
3.828828522	-2.729998027
3.8304032	-2.79755469
3.831977877	-2.508147844
3.833552555	-2.297374518
3.835127233	-2.475929693
3.83670191	-2.249166306
3.838276588	-2.559934022
3.839851265	-2.466575985
3.841425943	-2.034396464
3.84300062	-1.92826682
3.844575298	-2.674835247
3.846149976	-2.283899045
3.847724653	-2.042949826
3.849299331	-2.082947269
3.850874008	-2.182706483
3.852448686	-1.939236973
3.854023363	-2.103986517
3.855598041	-2.018561235
3.857172719	-1.901101437
3.858747396	-2.053764323
3.860322074	-1.974645215
3.861896751	-2.126107153
3.863471429	-1.992748277
3.865046106	-2.072732064
3.866620784	-2.359337897
3.868195462	-2.525514797
3.869770139	-2.466372093
3.871344817	-2.741039753
3.872919494	-2.382898718
3.874494172	-2.60659039
3.876068849	-2.597516565
3.877643527	-3.038174157
3.879218205	-3.265388886
3.880792882	-3.083711526
3.88236756	-2.872158721
3.883942237	-2.951341264
3.885516915	-3.014557713
3.887091592	-3.226168755
3.88866627	-3.233499865
3.890240948	-3.263277682
3.891815625	-2.971763396
3.893390303	-3.105274853
3.89496498	-2.823198234
3.896539658	-2.777395455
3.898114335	-3.439657908
3.899689013	-3.278913126
3.901263691	-3.388679002
3.902838368	-3.238208569
3.904413046	-3.350235206
3.905987723	-3.332643468
3.907562401	-3.297964327
3.909137079	-3.257686148
3.910711756	-2.583466489
3.912286434	-2.558925807
3.913861111	-3.103663027
3.915435789	-3.091504912
3.917010466	-3.334634481
3.918585144	-3.708935402
3.920159822	-3.850825798
3.921734499	-3.947822153
3.923309177	-4.402353474
3.924883854	-4.148346849
3.926458532	-4.515984535
3.928033209	-4.97724001
3.929607887	-4.56840964
3.931182565	-4.735414851
3.932757242	-4.806622806
3.93433192	-4.787801466
3.935906597	-4.64882679
3.937481275	-5.0166385
3.939055952	-4.912825302
3.94063063	-4.537817651
3.942205308	-4.750458241
3.943779985	-4.639557661
3.945354663	-4.840406147
3.94692934	-4.639629338
3.948504018	-5.0795544
3.950078695	-5.157389752
3.951653373	-5.011361272
3.953228051	-4.88337409
3.954802728	-4.987066408
3.956377406	-4.945272779
3.957952083	-4.732953146
3.959526761	-5.063072369
3.961101438	-4.39400939
3.962676116	-4.340470931
3.964250794	-4.452545118
3.965825471	-4.605956991
3.967400149	-4.753645252
3.968974826	-4.812753441
3.970549504	-4.894661478
3.972124181	-4.722680302
3.973698859	-4.381650317
3.975273537	-4.517822358
3.976848214	-4.336091902
3.978422892	-4.042714443
3.979997569	-3.917709878
3.981572247	-4.035767587
3.983146925	-4.24278846
3.984721602	-4.222443542
3.98629628	-4.436596356
3.987870957	-4.369109483
3.989445635	-4.46309051
3.991020312	-4.375763941
3.99259499	-4.44249902
3.994169668	-4.68158891
3.995744345	-4.689141557
3.997319023	-4.629009718
3.9988937	-4.644442006
4.000468378	-4.944376636
4.002043055	-4.702115652
4.003617733	-4.005067522
4.005192411	-3.974288666
4.006767088	-3.550275164
4.008341766	-3.333312023
4.009916443	-3.236197156
4.011491121	-3.083341018
4.013065798	-3.118615494
4.014640476	-2.816183538
4.016215154	-2.246745877
4.017789831	-2.20122823
4.019364509	-2.084360631
4.020939186	-1.855610642
4.022513864	-1.803733422
4.024088541	-1.769664195
4.025663219	-1.945160768
4.027237897	-1.467989868
4.028812574	-0.664292685
4.030387252	-0.762015751
4.031961929	-0.889277708
4.033536607	-0.993554828
4.035111284	-0.840741051
4.036685962	-1.175466054
4.03826064	-1.026487241
4.039835317	-1.387611679
4.041409995	-1.330921615
4.042984672	-1.403244292
4.04455935	-1.122576339
4.046134027	-1.234802384
4.047708705	-1.465289635
4.049283383	-1.476315914
4.05085806	-1.298248594
4.052432738	-1.725015556
4.054007415	-1.768128367
4.055582093	-1.700509623
4.057156771	-1.55582295
4.058731448	-1.587858371
4.060306126	-1.507362042
4.061880803	-1.085970634
4.063455481	-1.292956418
4.065030158	-0.948567624
4.066604836	-0.63492106
4.068179514	-0.885297152
4.069754191	-0.374102978
4.071328869	-0.274848757
4.072903546	-0.189036764
4.074478224	0.269013786
4.076052901	0.293473657
4.077627579	0.380617818
4.079202257	0.482126231
4.080776934	0.440929489
4.082351612	0.747380673
4.083926289	0.631066821
4.085500967	0.892173918
4.087075644	1.189120993
4.088650322	1.049354976
4.090225	1.17701446
4.091799677	1.376787975
4.093374355	1.282027605
4.094949032	2.070795835
4.09652371	1.910943343
4.098098387	2.100252855
4.099673065	2.415387023
4.101247743	2.332219823
4.10282242	2.850151984
4.104397098	3.150168258
4.105971775	2.904265337
4.107546453	3.419323055
4.10912113	3.350217349
4.110695808	3.359454416
4.112270486	3.982237058
4.113845163	3.977860574
4.115419841	4.194729526
4.116994518	4.22146386
4.118569196	4.275388177
4.120143873	4.617361032
4.121718551	4.501816063
4.123293229	4.971573746
4.124867906	5.365302942
4.126442584	5.427434872
4.128017261	5.166262166
4.129591939	5.498288366
4.131166617	5.907623185
4.132741294	6.075879581
4.134315972	5.790625226
4.135890649	5.788467086
4.137465327	6.181075716
4.139040004	6.170687569
4.140614682	6.282102335
4.14218936	6.184956824
4.143764037	6.444304317
4.145338715	6.594616571
4.146913392	6.444226766
4.14848807	6.329028567
4.150062747	6.534671108
4.151637425	6.306708601
4.153212103	6.349342456
4.15478678	6.162122502
4.156361458	6.122416538
4.157936135	6.161832941
4.159510813	5.930000259
4.16108549	5.804641916
4.162660168	5.915670664
4.164234846	5.941361065
4.165809523	6.02937348
4.167384201	6.270824541
4.168958878	6.030586296
4.170533556	6.192185276
4.172108233	6.37241023
4.173682911	6.042574968
4.175257589	6.406340779
4.176832266	6.32094064
4.178406944	6.269043757
4.179981621	6.270066637
4.181556299	6.145510144
4.183130976	6.400919925
4.184705654	6.229232715
4.186280332	6.267361612
4.187855009	6.183590276
4.189429687	5.931480403
4.191004364	5.635497206
4.192579042	5.382827311
4.194153719	5.222598162
4.195728397	4.964902458
4.197303075	4.960377024
4.198877752	4.556870382
4.20045243	4.575637973
4.202027107	4.313331876
4.203601785	4.147894242
4.205176462	3.942827987
4.20675114	3.745478286
4.208325818	2.230551564
4.209900495	2.20875829
4.211475173	1.573990229
4.21304985	1.127579262
4.214624528	0.914179655
4.216199206	0.433145932
4.217773883	0.031642374
4.219348561	-0.272960571
4.220923238	-0.973402085
4.222497916	-1.048405201
4.224072593	-1.344534541
4.225647271	-1.708637177
4.227221949	-1.828765752
4.228796626	-2.314024849
4.230371304	-2.65707098
4.231945981	-2.436579537
4.233520659	-2.630804983
4.235095336	-2.593931904
4.236670014	-2.315664774
4.238244692	-2.283222458
4.239819369	-2.253551617
4.241394047	-2.020366589
4.242968724	-2.077454653
4.244543402	-2.119551734
4.246118079	-2.284279427
4.247692757	-2.324819699
4.249267435	-2.644156454
4.250842112	-2.968948942
4.25241679	-2.917254728
4.253991467	-3.145667059
4.255566145	-3.140297038
4.257140822	-3.374836059
4.2587155	-3.343870486
4.260290178	-3.328814866
4.261864855	-3.371773579
4.263439533	-3.32060944
4.26501421	-3.412876889
4.266588888	-3.213219737
4.268163565	-3.388584826
4.269738243	-3.369195685
4.271312921	-3.126144908
4.272887598	-3.137020499
4.274462276	-2.894466137
4.276036953	-2.798490954
4.277611631	-2.952687308
4.279186308	-2.500454552
4.280760986	-2.601163052
4.282335664	-2.702786759
4.283910341	-2.77611091
4.285485019	-2.742258689
4.287059696	-3.037598877
4.288634374	-3.33903869
4.290209052	-3.099561938
4.291783729	-2.45748941
4.293358407	-2.558737113
4.294933084	-2.657187258
4.296507762	-2.572065526
4.298082439	-2.73813246
4.299657117	-2.209560589
4.301231795	-2.019752453
4.302806472	-1.82545494
4.30438115	-1.640176205
4.305955827	-1.459948084
4.307530505	-1.450009481
4.309105182	-1.301083855
4.31067986	-1.222532319
4.312254538	-0.943220311
4.313829215	-0.880959963
4.315403893	-0.777718133
4.31697857	-0.367868081
4.318553248	-0.391198955
4.320127925	-0.255886806
4.321702603	-0.368899388
4.323277281	-0.256004351
4.324851958	0.0332481
4.326426636	0.179689368
4.328001313	0.089444031
4.329575991	-0.130725409
4.331150668	-0.049282356
4.332725346	-0.061263071
4.334300024	-0.51513341
4.335874701	-0.534505794
4.337449379	-0.578833811
4.339024056	-0.673759624
4.340598734	-0.72830581
4.342173411	-0.730547403
4.343748089	-0.800317148
4.345322767	-0.937934837
4.346897444	-0.794677356
4.348472122	-0.911585524
4.350046799	-0.679885312
4.351621477	-0.688426504
4.353196154	-0.758646107
4.354770832	-0.418650699
4.35634551	-0.311476835
4.357920187	-0.491642064
4.359494865	-0.458088616
4.361069542	-0.546003991
4.36264422	-0.300247791
4.364218898	-0.107172228
4.365793575	0.008994377
4.367368253	0.057956871
4.36894293	0.312515505
4.370517608	0.364694561
4.372092285	0.160478229
4.373666963	0.203816614
4.375241641	0.161439984
4.376816318	0.169123817
4.378390996	0.055633959
4.379965673	0.069145139
4.381540351	0.106277027
4.383115028	0.148220107
4.384689706	0.089555294
4.386264384	0.117917372
4.387839061	0.382291654
4.389413739	0.482434121
4.390988416	0.474305208
4.392563094	0.169075607
4.394137771	0.210920993
4.395712449	0.366841999
4.397287127	0.423418794
4.398861804	0.311618527
4.400436482	1.125836037
4.402011159	1.125179923
4.403585837	1.17438325
4.405160514	1.091755592
4.406735192	1.003293074
4.40830987	1.235986343
4.409884547	1.335078784
4.411459225	1.311024547
4.413033902	1.621939255
4.41460858	1.719843119
4.416183257	1.856670883
4.417757935	2.107351127
4.419332613	2.07038412
4.42090729	2.026752101
4.422481968	1.6584217
4.424056645	1.66433098
4.425631323	1.845329041
4.427206	1.83262948
4.428780678	1.837682786
4.430355356	2.008654686
4.431930033	2.076298796
4.433504711	2.011298052
4.435079388	1.976706537
4.436654066	1.99866912
4.438228743	2.152505036
4.439803421	1.953852093
4.441378099	1.860052565
4.442952776	1.759444411
4.444527454	1.717646973
4.446102131	1.650103874
4.447676809	1.568296619
4.449251487	1.734124659
4.450826164	1.32723963
4.452400842	1.451736038
4.453975519	1.327408656
4.455550197	1.278880933
4.457124874	1.253683903
4.458699552	1.057256114
4.46027423	1.028449323
