x	zg centrado sin panza
0.00236285	0.995573085
0.003938084	0.786808159
0.005513318	0.871411456
0.007088551	0.776371271
0.008663785	1.026359311
0.010239018	1.335497987
0.011814252	1.29221503
0.013389486	0.96357727
0.014964719	0.853982454
0.016539953	0.732474671
0.018115186	0.599629071
0.01969042	0.815237839
0.021265654	0.884295398
0.022840887	0.878931408
0.024416121	0.949423423
0.025991354	1.14869861
0.027566588	1.224867467
0.029141822	1.183523057
0.030717055	0.681624053
0.032292289	0.719818213
0.033867522	0.522007177
0.035442756	0.678034868
0.03701799	0.820810044
0.038593223	0.538435864
0.040168457	0.576110799
0.041743691	0.713630001
0.043318924	0.551372125
0.044894158	0.549669201
0.046469391	0.383235567
0.048044625	0.51690543
0.049619859	0.656923428
0.051195092	0.324536466
0.052770326	0.433476308
0.054345559	0.565712617
0.055920793	0.668229856
0.057496027	0.621426857
0.05907126	0.258493867
0.060646494	0.11732374
0.062221727	0.154367892
0.063796961	-0.054088169
0.065372195	-0.166080513
0.066947428	-0.018769818
0.068522662	0.059352997
0.070097895	0.171064026
0.071673129	0.034298638
0.073248363	-0.077851588
0.074823596	-0.024799492
0.07639883	0.138650049
0.077974063	0.032705391
0.079549297	0.262480046
0.081124531	0.419305801
0.082699764	0.488292467
0.084274998	0.299368317
0.085850231	0.337866273
0.087425465	0.327776656
0.089000699	0.451429288
0.090575932	0.49815142
0.092151166	0.395593751
0.093726399	0.300991521
0.095301633	0.276338982
0.096876867	-0.132148626
0.0984521	-0.267362922
0.100027334	-0.092977945
0.101602567	-0.095049253
0.103177801	-0.138987074
0.104753035	-0.039427444
0.106328268	0.544522271
0.107903502	0.417114993
0.109478736	0.21849016
0.111053969	0.285198783
0.112629203	0.201888292
0.114204436	-0.103973847
0.11577967	0.004318829
0.117354904	-0.158310666
0.118930137	-0.094863257
0.120505371	-0.171979785
0.122080604	0.059131121
0.123655838	0.048184745
0.125231072	0.241587571
0.126806305	0.029654993
0.128381539	0.166259834
0.129956772	0.17111292
0.131532006	0.28827924
0.13310724	0.228334636
0.134682473	0.04890384
0.136257707	-0.135957013
0.13783294	0.04822099
0.139408174	0.191696134
0.140983408	-0.027754024
0.142558641	0.25219294
0.144133875	0.203397144
0.145709108	0.014084353
0.147284342	-0.228822835
0.148859576	-0.205966989
0.150434809	-0.001284092
0.152010043	-0.367650268
0.153585276	-0.130450179
0.15516051	-0.156981748
0.156735744	-0.537020889
0.158310977	-0.438340277
0.159886211	-0.94395969
0.161461444	-1.054943343
0.163036678	-0.868804816
0.164611912	-0.733023637
0.166187145	-0.876178761
0.167762379	-0.916043017
0.169337612	-0.944683713
0.170912846	-0.95747406
0.17248808	-0.735362628
0.174063313	-0.556371993
0.175638547	-0.854814641
0.177213781	-0.66223315
0.178789014	-0.60021705
0.180364248	-0.698518426
0.181939481	-0.985207317
0.183514715	-0.951696267
0.185089949	-0.446039881
0.186665182	-0.758429617
0.188240416	-0.780055829
0.189815649	-0.709561987
0.191390883	-0.75577937
0.192966117	-1.169939691
0.19454135	-1.095695745
0.196116584	-1.125181231
0.197691817	-1.077618621
0.199267051	-1.093980489
0.200842285	-1.042563793
0.202417518	-1.109444435
0.203992752	-1.234105972
0.205567985	-1.007135671
0.207143219	-1.014179938
0.208718453	-0.95865102
0.210293686	-0.801212762
0.21186892	-0.759087249
0.213444153	-0.735209643
0.215019387	-0.436544296
0.216594621	-0.555405512
0.218169854	-0.405366234
0.219745088	-0.529397264
0.221320321	-0.384535506
0.222895555	-0.128106781
0.224470789	-0.171178463
0.226046022	-0.023687334
0.227621256	-0.173985476
0.229196489	-0.04559857
0.230771723	0.002233813
0.232346957	0.009202441
0.23392219	0.046767819
0.235497424	0.249338354
0.237072657	0.318896019
0.238647891	0.161168924
0.240223125	-0.009570854
0.241798358	0.069503199
0.243373592	0.358161884
0.244948826	0.425020763
0.246524059	0.421495905
0.248099293	0.87366769
0.249674526	0.998260471
0.25124976	1.023377432
0.252824994	1.021595951
0.254400227	1.096344242
0.255975461	1.130506058
0.257550694	1.014148899
0.259125928	1.066169144
0.260701162	0.802979507
0.262276395	0.890365676
0.263851629	1.004291023
0.265426862	0.785932424
0.267002096	0.746697853
0.26857733	0.748531027
0.270152563	0.871967851
0.271727797	0.910702396
0.27330303	0.91277027
0.274878264	0.861343552
0.276453498	0.853475799
0.278028731	0.776300529
0.279603965	0.998562755
0.281179198	0.798847478
0.282754432	0.848302986
0.284329666	0.851577317
0.285904899	0.877150489
0.287480133	0.682785389
0.289055366	0.515021265
0.2906306	0.643441078
0.292205834	0.815970271
0.293781067	0.826652323
0.295356301	0.873937463
0.296931534	0.883743764
0.298506768	0.647773753
0.300082002	0.669796604
0.301657235	0.87637122
0.303232469	0.994966894
0.304807702	1.106120809
0.306382936	1.07759202
0.30795817	1.092304027
0.309533403	1.23485796
0.311108637	1.205991077
0.312683871	1.420477483
0.314259104	1.100879357
0.315834338	0.955332141
0.317409571	0.755442393
0.318984805	0.938168838
0.320560039	0.820621217
0.322135272	0.864824065
0.323710506	1.104495762
0.325285739	1.094686684
0.326860973	0.842591868
0.328436207	0.830637695
0.33001144	0.879928321
0.331586674	0.874910526
0.333161907	0.873149929
0.334737141	0.679605895
0.336312375	0.866997154
0.337887608	0.995631416
0.339462842	0.884791627
0.341038075	0.759584991
0.342613309	1.045282198
0.344188543	1.154455165
0.345763776	0.834761332
0.34733901	0.910573324
0.348914243	0.837817212
0.350489477	0.961121515
0.352064711	0.980134571
0.353639944	1.010193436
0.355215178	0.900365155
0.356790411	0.970626109
0.358365645	1.021071758
0.359940879	0.870844303
0.361516112	0.81091188
0.363091346	1.190361125
0.364666579	0.763802468
0.366241813	1.005972953
0.367817047	0.989867663
0.36939228	1.253326827
0.370967514	1.297222707
0.372542747	1.094956125
0.374117981	0.813821854
0.375693215	0.872084766
0.377268448	0.955408664
0.378843682	0.975097554
0.380418915	1.067041493
0.381994149	1.135078384
0.383569383	1.399991589
0.385144616	1.21626532
0.38671985	1.252209701
0.388295084	1.446259606
0.389870317	1.01411411
0.391445551	1.128284479
0.393020784	1.305001976
0.394596018	1.181104005
0.396171252	1.201495299
0.397746485	1.504561009
0.399321719	1.348721085
0.400896952	1.506238382
0.402472186	1.612487667
0.40404742	1.573046407
0.405622653	1.615922442
0.407197887	1.227365646
0.40877312	1.394162165
0.410348354	1.291988573
0.411923588	1.207919563
0.413498821	1.393351493
0.415074055	1.246182289
0.416649288	1.16813142
0.418224522	1.1333208
0.419799756	1.027023088
0.421374989	1.119853939
0.422950223	1.079416035
0.424525456	1.034163686
0.42610069	1.078658804
0.427675924	0.9221871
0.429251157	0.911813573
0.430826391	0.932165846
0.432401624	0.547039624
0.433976858	0.800734372
0.435552092	0.697767518
0.437127325	0.548420812
0.438702559	0.58514768
0.440277792	0.215958813
0.441853026	0.382130457
0.44342826	0.398373537
0.445003493	0.14005019
0.446578727	0.134733164
0.44815396	0.105818984
0.449729194	-0.12393736
0.451304428	-0.144111602
0.452879661	-0.531948885
0.454454895	-0.582352143
0.456030129	-0.601979863
0.457605362	-0.63765519
0.459180596	-0.573658324
0.460755829	-0.743999241
0.462331063	-0.472200275
0.463906297	-0.488172158
0.46548153	-0.794624319
0.467056764	-0.771591195
0.468631997	-0.710229159
0.470207231	-1.003215725
0.471782465	-0.85832515
0.473357698	-0.892686242
0.474932932	-0.889832677
0.476508165	-0.9302012
0.478083399	-0.376563661
0.479658633	-0.601892675
0.481233866	-0.792621429
0.4828091	-0.940235508
0.484384333	-1.018673295
0.485959567	-1.036947845
0.487534801	-1.041145151
0.489110034	-0.843584033
0.490685268	-0.637719944
0.492260501	-0.766557643
0.493835735	-0.650059799
0.495410969	-0.356359612
0.496986202	-0.276617526
0.498561436	-0.188399336
0.500136669	-0.126284151
0.501711903	-0.146542939
0.503287137	-0.561067522
0.50486237	-0.540940939
0.506437604	-0.310713757
0.508012837	-0.120725576
0.509588071	-0.215977914
0.511163305	-0.055481467
0.512738538	0.108407183
0.514313772	0.197215569
0.515889005	-0.510033005
0.517464239	-0.469515769
0.519039473	-0.437783012
0.520614706	-0.177057698
0.52218994	-0.317577265
0.523765174	-0.734792097
0.525340407	-0.594233374
0.526915641	-0.709284328
0.528490874	-0.790248668
0.530066108	-0.757162179
0.531641342	-0.51516637
0.533216575	-0.395966206
0.534791809	-0.042761948
0.536367042	-0.147385308
0.537942276	-0.308772907
0.53951751	-0.175591657
0.541092743	-0.43581718
0.542667977	-0.593116391
0.54424321	-0.715845345
0.545818444	-0.62221409
0.547393678	-0.726783113
0.548968911	-0.625309885
0.550544145	-0.46976015
0.552119378	-0.62813593
0.553694612	-0.548146069
0.555269846	-0.557389583
0.556845079	-0.555405195
0.558420313	-0.380767738
0.559995546	-0.354905927
0.56157078	-0.004143804
0.563146014	0.129431175
0.564721247	0.123512823
0.566296481	-0.166468932
0.567871714	-0.128349929
0.569446948	0.024773469
0.571022182	0.226979814
0.572597415	-0.01008046
0.574172649	0.372925182
0.575747882	0.286011702
0.577323116	0.179762521
0.57889835	-0.118225807
0.580473583	-0.072642372
0.582048817	-0.316211598
0.58362405	-0.07888424
0.585199284	-0.40281216
0.586774518	-0.157234705
0.588349751	-0.226741759
0.589924985	-0.437385297
0.591500219	0.087942078
0.593075452	0.027431594
0.594650686	-0.528434967
0.596225919	-0.340613893
0.597801153	-0.41227033
0.599376387	-0.254912005
0.60095162	-0.491873337
0.602526854	-0.529392328
0.604102087	-0.394750423
0.605677321	-0.521861127
0.607252555	-0.689963267
0.608827788	-0.613290175
0.610403022	-0.538406468
0.611978255	-0.692838507
0.613553489	-0.792807305
0.615128723	-0.712149924
0.616703956	-0.826356752
0.61827919	-1.013830389
0.619854423	-0.83223549
0.621429657	-0.851447419
0.623004891	-0.997185758
0.624580124	-1.247809731
0.626155358	-1.187769405
0.627730591	-1.619224117
0.629305825	-1.458176432
0.630881059	-1.4550087
0.632456292	-1.584240428
0.634031526	-1.683226536
0.635606759	-1.877134238
0.637181993	-1.618616534
0.638757227	-1.773471316
0.64033246	-1.627801663
0.641907694	-1.277357257
0.643482927	-1.377100034
0.645058161	-1.479019729
0.646633395	-1.818642568
0.648208628	-1.668885768
0.649783862	-1.266745734
0.651359095	-1.433093375
0.652934329	-1.477238549
0.654509563	-1.164626834
0.656084796	-1.338305347
0.65766003	-0.654498203
0.659235264	-0.573142698
0.660810497	-0.382718421
0.662385731	-1.441320865
0.663960964	-1.572405599
0.665536198	-1.192764165
0.667111432	-0.8483996
0.668686665	-0.804401843
0.670261899	-0.693503495
0.671837132	-0.926648806
0.673412366	-0.651030846
0.6749876	-0.132642925
0.676562833	-0.206938889
0.678138067	-0.217543768
0.6797133	0.007668584
0.681288534	-0.152077087
0.682863768	0.247770214
0.684439001	0.013110989
0.686014235	0.397991414
0.687589468	0.786941456
0.689164702	0.724845002
0.690739936	0.604158151
0.692315169	0.625139309
0.693890403	0.606099958
0.695465636	1.35051792
0.69704087	1.464048526
0.698616104	1.53786897
0.700191337	1.118499907
0.701766571	1.175026347
0.703341804	1.112293802
0.704917038	0.873326566
0.706492272	0.94681003
0.708067505	1.133710098
0.709642739	1.325340888
0.711217972	1.273510427
0.712793206	1.5396352
0.71436844	1.666785741
0.715943673	1.564810444
0.717518907	1.711007407
0.71909414	1.743403547
0.720669374	1.934689107
0.722244608	1.907982031
0.723819841	1.964792909
0.725395075	1.829778263
0.726970309	1.842852219
0.728545542	1.94496487
0.730120776	2.013918502
0.731696009	1.90436804
0.733271243	2.000754725
0.734846477	1.89877863
0.73642171	1.725357929
0.737996944	1.341010003
0.739572177	1.445712656
0.741147411	1.418629452
0.742722645	1.448960075
0.744297878	1.34818365
0.745873112	1.262998479
0.747448345	1.292456729
0.749023579	1.252928542
0.750598813	1.162910646
0.752174046	1.372955738
0.75374928	1.31230089
0.755324513	1.481024369
0.756899747	1.624648172
0.758474981	1.153371515
0.760050214	1.10786837
0.761625448	1.178761517
0.763200681	0.944984504
0.764775915	1.020729914
0.766351149	1.081443961
0.767926382	1.132150604
0.769501616	1.084365857
0.771076849	1.041953452
0.772652083	1.080042911
0.774227317	1.003503275
0.77580255	1.038928114
0.777377784	1.088095315
0.778953017	1.15721474
0.780528251	1.088739499
0.782103485	1.209010774
0.783678718	0.885224053
0.785253952	0.769916347
0.786829185	0.880797055
0.788404419	0.610636197
0.789979653	0.665134401
0.791554886	0.678692808
0.79313012	0.80174239
0.794705353	0.713681663
0.796280587	0.823461391
0.797855821	0.930404924
0.799431054	0.730550519
0.801006288	0.542541995
0.802581522	0.564324507
0.804156755	0.445497789
0.805731989	0.676234544
0.807307222	0.614865919
0.808882456	0.562608302
0.81045769	0.751486043
0.812032923	0.679785594
0.813608157	0.627144802
0.81518339	0.67274363
0.816758624	0.554836224
0.818333858	0.497084208
0.819909091	0.317576436
0.821484325	0.707863677
0.823059558	0.559383292
0.824634792	0.623865551
0.826210026	0.731043007
0.827785259	0.760188808
0.829360493	0.587569161
0.830935726	0.634722452
0.83251096	0.595227592
0.834086194	0.425113749
0.835661427	0.421799352
0.837236661	0.575023567
0.838811894	0.526660544
0.840387128	0.577932947
0.841962362	0.166238705
0.843537595	0.538959194
0.845112829	0.54538735
0.846688062	0.396126368
0.848263296	0.435962155
0.84983853	0.360927186
0.851413763	0.060030404
0.852988997	0.069188946
0.85456423	-0.189663356
0.856139464	0.070945778
0.857714698	0.055478423
0.859289931	-0.048382303
0.860865165	0.068674633
0.862440398	0.369013255
0.864015632	0.027646747
0.865590866	0.313774219
0.867166099	0.135371359
0.868741333	0.030691362
0.870316567	-0.003031463
0.8718918	-0.13501893
0.873467034	0.106242193
0.875042267	0.1709877
0.876617501	0.252162644
0.878192735	0.4894316
0.879767968	0.283442529
0.881343202	0.043775063
0.882918435	0.359297163
0.884493669	-0.048924911
0.886068903	0.2580122
0.887644136	-0.039386073
0.88921937	0.023211404
0.890794603	-0.023246809
0.892369837	0.141669264
0.893945071	0.145732625
0.895520304	0.108394036
0.897095538	0.124446548
0.898670771	-0.02658159
0.900246005	0.028150902
0.901821239	0.131644084
0.903396472	0.151467038
0.904971706	-0.165847689
0.906546939	-0.17424389
0.908122173	0.012330083
0.909697407	-0.080722201
0.91127264	-0.0697414
0.912847874	-0.486643641
0.914423107	-0.472421052
0.915998341	-0.406756321
0.917573575	-0.09300193
0.919148808	-0.126629214
0.920724042	0.009235878
0.922299275	-0.13276953
0.923874509	-0.229120571
0.925449743	-0.109706212
0.927024976	0.240131584
0.92860021	0.292784636
0.930175443	-0.068349644
0.931750677	0.057160883
0.933325911	0.09812139
0.934901144	0.174774033
0.936476378	0.076021429
0.938051612	0.089232209
0.939626845	0.160787022
0.941202079	0.261989765
0.942777312	0.414512406
0.944352546	0.352071371
0.94592778	0.252904078
0.947503013	0.300884312
0.949078247	0.215432279
0.95065348	0.088789494
0.952228714	0.223878956
0.953803948	0.031359957
0.955379181	0.574515234
0.956954415	0.292139155
0.958529648	0.579329212
0.960104882	0.568936472
0.961680116	0.73841438
0.963255349	0.533070118
0.964830583	0.416885223
0.966405816	0.691264982
0.96798105	0.683963045
0.969556284	0.648518952
0.971131517	0.650033816
0.972706751	0.811123164
0.974281984	0.893449929
0.975857218	0.441902672
0.977432452	0.634335417
0.979007685	0.43795553
0.980582919	0.350909307
0.982158152	0.535121665
0.983733386	0.613960805
0.98530862	0.809499368
0.986883853	0.86346361
0.988459087	0.539178983
0.99003432	0.56653805
0.991609554	0.548495817
0.993184788	0.356001586
0.994760021	0.517538326
0.996335255	0.499137512
0.997910488	0.641414844
0.999485722	0.707110623
1.001060956	0.84967586
1.002636189	0.740490339
1.004211423	0.775343603
1.005786657	1.010235107
1.00736189	1.298180828
1.008937124	1.154974326
1.010512357	1.375897202
1.012087591	1.421386567
1.013662825	1.694028147
1.015238058	1.673189208
1.016813292	1.674128241
1.018388525	1.950533206
1.019963759	1.994504132
1.021538993	1.556209722
1.023114226	1.610754882
1.02468946	1.49240241
1.026264693	1.579229691
1.027839927	1.684526756
1.029415161	1.437106507
1.030990394	1.538974997
1.032565628	1.79787435
1.034140861	1.782461252
1.035716095	1.644704187
1.037291329	1.72785894
1.038866562	1.140869696
1.040441796	1.251036261
1.042017029	1.416261904
1.043592263	1.45374768
1.045167497	1.435492977
1.04674273	1.136123755
1.048317964	1.23394068
1.049893197	1.259082005
1.051468431	1.425870702
1.053043665	1.045237267
1.054618898	0.9553977
1.056194132	0.77920586
1.057769365	0.808767522
1.059344599	0.892932477
1.060919833	0.450280022
1.062495066	0.91912959
1.0640703	0.766072474
1.065645533	0.759604845
1.067220767	0.777821737
1.068796001	0.691669104
1.070371234	0.80243849
1.071946468	0.700293549
1.073521702	1.051852557
1.075096935	1.197638413
1.076672169	1.052884457
1.078247402	0.909738778
1.079822636	1.167632833
1.08139787	0.939126856
1.082973103	1.021783852
1.084548337	0.747411727
1.08612357	0.737337234
1.087698804	0.804777711
1.089274038	0.882724386
1.090849271	0.508448034
1.092424505	0.570923304
1.093999738	0.412077422
1.095574972	0.259209647
1.097150206	0.300716092
1.098725439	0.41052905
1.100300673	0.217550178
1.101875906	0.259837227
1.10345114	0.207533517
1.105026374	0.143706035
1.106601607	-0.159922573
1.108176841	0.048140131
1.109752074	-0.121764642
1.111327308	-0.030750434
1.112902542	-0.208087276
1.114477775	-0.717918811
1.116053009	-0.520287592
1.117628242	-0.693825144
1.119203476	-0.726048285
1.12077871	-0.645445905
1.122353943	-0.778942706
1.123929177	-0.777410383
1.12550441	-0.705472681
1.127079644	-0.338921506
1.128654878	-0.433336278
1.130230111	-0.038580218
1.131805345	0.290398753
1.133380578	0.382952402
1.134955812	0.688711027
1.136531046	0.533506562
1.138106279	0.648902064
1.139681513	0.88963432
1.141256746	1.096598558
1.14283198	0.908133546
1.144407214	0.551052525
1.145982447	0.621669941
1.147557681	0.49343091
1.149132915	0.276532974
1.150708148	0.406059946
1.152283382	0.457119317
1.153858615	0.442932428
1.155433849	0.187357764
1.157009083	0.158749278
1.158584316	0.18963757
1.16015955	-0.313539803
1.161734783	-0.245028523
1.163310017	-0.106774453
1.164885251	-0.305253815
1.166460484	-0.319582339
1.168035718	-0.269334479
1.169610951	-0.4002672
1.171186185	-0.317887666
1.172761419	-0.699100285
1.174336652	-0.774367809
1.175911886	-0.467515877
1.177487119	-0.221610269
1.179062353	-0.501378224
1.180637587	-0.453347616
1.18221282	-0.81824162
1.183788054	-0.765167303
1.185363287	-1.107906844
1.186938521	-1.036859843
1.188513755	-0.943243151
1.190088988	-0.830280947
1.191664222	-0.44276627
1.193239455	-1.091126228
1.194814689	-1.335917881
1.196389923	-1.008192813
1.197965156	-0.862227789
1.19954039	-0.78391576
1.201115623	-0.830695202
1.202690857	-0.906688663
1.204266091	-0.994004896
1.205841324	-0.560629908
1.207416558	-0.687052217
1.208991791	-0.646759135
1.210567025	-0.523855799
1.212142259	-0.438610763
1.213717492	-0.583697038
1.215292726	-0.539484263
1.21686796	-0.404071767
1.218443193	-0.15902041
1.220018427	-0.27609308
1.22159366	-0.192649237
1.223168894	-0.578390232
1.224744128	-0.525027165
1.226319361	-0.453477005
1.227894595	0.438879968
1.229469828	0.157872855
1.231045062	-0.086564471
1.232620296	-0.436219839
1.234195529	-0.281626738
1.235770763	-0.068186336
1.237345996	-0.100083857
1.23892123	0.075756845
1.240496464	-0.587761998
1.242071697	0.20512573
1.243646931	-0.076223306
1.245222164	-0.235158907
1.246797398	-0.030881832
1.248372632	-0.20659343
1.249947865	-0.504265756
1.251523099	-0.013374836
1.253098332	0.151542321
1.254673566	-0.148406831
1.2562488	-0.052644909
1.257824033	-0.394844974
1.259399267	-0.186117631
1.2609745	0.542297155
1.262549734	0.359282909
1.264124968	0.434966287
1.265700201	-0.004952673
1.267275435	0.084433412
1.268850668	-0.066911819
1.270425902	0.119835833
1.272001136	0.121020719
1.273576369	0.616446455
1.275151603	0.499515252
1.276726836	0.591340212
1.27830207	0.384584331
1.279877304	0.26366195
1.281452537	0.511524504
1.283027771	0.517673379
1.284603005	0.346596527
1.286178238	0.555784164
1.287753472	0.538764553
1.289328705	0.384521
1.290903939	0.575531306
1.292479173	0.821567994
1.294054406	0.697856628
1.29562964	0.563221755
1.297204873	0.910575175
1.298780107	1.032563952
1.300355341	1.191737226
1.301930574	0.961266748
1.303505808	0.925851717
1.305081041	0.875977587
1.306656275	0.442984921
1.308231509	0.616742609
1.309806742	0.684366202
1.311381976	0.437132184
1.312957209	0.415104477
1.314532443	0.453541515
1.316107677	0.411892321
1.31768291	0.360143274
1.319258144	0.112647022
1.320833377	0.375387052
1.322408611	0.48860767
1.323983845	0.527300487
1.325559078	0.666668393
1.327134312	0.674448879
1.328709545	0.760278733
1.330284779	0.521799713
1.331860013	0.054850297
1.333435246	0.218608759
1.33501048	0.096767398
1.336585713	0.15111268
1.338160947	0.358589554
1.339736181	0.784951498
1.341311414	0.659568849
1.342886648	0.591951291
1.344461881	0.662200048
1.346037115	0.655218359
1.347612349	0.90175506
1.349187582	0.676203078
1.350762816	0.620667982
1.35233805	0.423899129
1.353913283	0.710493302
1.355488517	0.715650405
1.35706375	0.601371395
1.358638984	0.663115848
1.360214218	0.800629924
1.361789451	0.742246468
1.363364685	1.093390635
1.364939918	1.475584109
1.366515152	1.187259193
1.368090386	0.699559203
1.369665619	0.543681421
1.371240853	0.673544026
1.372816086	0.440640779
1.37439132	0.548052113
1.375966554	0.187139186
1.377541787	0.349672594
1.379117021	0.114875253
1.380692254	0.556873983
1.382267488	0.375947269
1.383842722	0.211837375
1.385417955	0.269097638
1.386993189	0.319736758
1.388568422	0.304060294
1.390143656	0.252679385
1.39171889	0.404039305
1.393294123	0.476833939
1.394869357	0.743087381
1.39644459	0.864931029
1.398019824	0.564428346
1.399595058	0.296807045
1.401170291	0.361868465
1.402745525	0.354330746
1.404320758	0.471177742
1.405895992	0.502249934
1.407471226	0.902775949
1.409046459	1.093809257
1.410621693	0.777491869
1.412196926	0.326205185
1.41377216	0.67438623
1.415347394	0.581620624
1.416922627	0.575862178
1.418497861	0.122025526
1.420073095	-0.162562402
1.421648328	-0.014526964
1.423223562	0.508004377
1.424798795	0.586256817
1.426374029	0.571982637
1.427949263	0.577274034
1.429524496	0.777221693
1.43109973	0.706710322
1.432674963	0.417161537
1.434250197	0.532978857
1.435825431	1.130477819
1.437400664	1.042746105
1.438975898	0.990184621
1.440551131	0.544141199
1.442126365	1.124364113
1.443701599	0.653212147
1.445276832	0.828661463
1.446852066	0.266222509
1.448427299	0.932987165
1.450002533	1.075500677
1.451577767	1.225425523
1.453153	0.719011686
1.454728234	0.540189936
1.456303467	0.124522392
1.457878701	0.320099533
1.459453935	0.035532037
1.461029168	0.148684348
1.462604402	0.009371928
1.464179635	0.077564549
1.465754869	0.458527661
1.467330103	0.219785442
1.468905336	0.734783264
1.47048057	0.520595787
1.472055803	0.689480012
1.473631037	0.330463307
1.475206271	0.42642955
1.476781504	0.340128084
1.478356738	0.385645095
1.479931971	0.437678629
1.481507205	0.517549432
1.483082439	0.450007798
1.484657672	0.392863333
1.486232906	0.690389476
1.48780814	0.250367881
1.489383373	0.626986564
1.490958607	0.299230836
1.49253384	-0.014405581
1.494109074	-0.021268431
1.495684308	0.287625722
1.497259541	-0.057145235
1.498834775	0.491751757
1.500410008	0.323397017
1.501985242	0.524423025
1.503560476	0.425303795
1.505135709	0.166202468
1.506710943	0.375188724
1.508286176	0.504051491
1.50986141	0.45828926
1.511436644	0.339149349
1.513011877	0.649677891
1.514587111	0.494593125
1.516162344	-0.095997223
1.517737578	-0.001220747
1.519312812	-0.0078741
1.520888045	0.269770299
1.522463279	-0.007559492
1.524038512	-0.214417313
1.525613746	-0.090971843
1.52718898	-0.206463139
1.528764213	-0.402368835
1.530339447	-0.050820523
1.53191468	-0.136856304
1.533489914	0.001701972
1.535065148	0.051568001
1.536640381	-0.178774679
1.538215615	-0.452340696
1.539790848	-0.259579445
1.541366082	-0.12378598
1.542941316	-0.363182849
1.544516549	0.022568738
1.546091783	-0.746475445
1.547667016	-0.024273219
1.54924225	-0.173727126
1.550817484	-0.164176738
1.552392717	-0.563563541
1.553967951	-0.056997692
1.555543184	-0.867096727
1.557118418	-1.059112963
1.558693652	-0.600954236
1.560268885	-0.392058204
1.561844119	-0.818407032
1.563419353	-1.17222668
1.564994586	-1.12172077
1.56656982	-0.863571814
1.568145053	-0.676961327
1.569720287	-0.731704814
1.571295521	-0.59947511
1.572870754	-0.475814362
1.574445988	-0.415539684
1.576021221	-0.320996916
1.577596455	-0.177051813
1.579171689	-0.024539654
1.580746922	-0.496293563
1.582322156	-0.443029802
1.583897389	-0.729963627
1.585472623	-1.055892747
1.587047857	-0.49363414
1.58862309	-0.485308688
1.590198324	-0.492782382
1.591773557	-0.047587246
1.593348791	-0.183418245
1.594924025	-0.594944401
1.596499258	-1.053087418
1.598074492	-1.170564716
1.599649725	-1.330873855
1.601224959	-1.142129783
1.602800193	-1.265298922
1.604375426	-1.318790089
1.60595066	-1.129789144
1.607525893	-1.48487706
1.609101127	-1.618901021
1.610676361	-1.993352238
1.612251594	-1.433660607
1.613826828	-1.516050259
1.615402061	-1.751946555
1.616977295	-1.518086618
1.618552529	-1.583866927
1.620127762	-1.592522064
1.621702996	-1.490180046
1.623278229	-1.510799885
1.624853463	-0.99784657
1.626428697	-1.095530254
1.62800393	-0.897878246
1.629579164	-0.642087178
1.631154398	-0.800599934
1.632729631	-0.123753002
1.634304865	0.41317077
1.635880098	0.322998646
1.637455332	0.184129479
1.639030566	0.486149904
1.640605799	0.353966595
1.642181033	0.0344209
1.643756266	0.190056531
1.6453315	0.397694025
1.646906734	0.675336733
1.648481967	0.884956051
1.650057201	0.287615881
1.651632434	0.341246024
1.653207668	0.309095595
1.654782902	0.072769524
1.656358135	0.222003121
1.657933369	0.285022367
1.659508602	0.371982003
1.661083836	0.47825032
1.66265907	0.735856289
1.664234303	0.864681244
1.665809537	0.964621044
1.66738477	1.007775206
1.668960004	0.989273812
1.670535238	0.730561198
1.672110471	0.864193954
1.673685705	1.074768696
1.675260938	0.904132962
1.676836172	1.054357649
1.678411406	1.024785032
1.679986639	0.994010522
1.681561873	1.204834019
1.683137106	0.340490487
1.68471234	0.115771935
1.686287574	0.415756618
1.687862807	0.545754753
1.689438041	0.701708846
1.691013274	0.494764652
1.692588508	0.521875984
1.694163742	0.237520967
1.695738975	-0.127771875
1.697314209	0.327265531
1.698889443	0.578945482
1.700464676	0.822985348
1.70203991	0.645752257
1.703615143	-0.002172863
1.705190377	-0.489872115
1.706765611	-0.186460574
1.708340844	0.237715703
1.709916078	0.16478237
1.711491311	-0.068069049
1.713066545	-0.187374681
1.714641779	-0.019059865
1.716217012	0.265816869
1.717792246	0.61225842
1.719367479	0.482402219
1.720942713	1.164074617
1.722517947	0.991325367
1.72409318	0.976873332
1.725668414	1.221880723
1.727243647	1.255268887
1.728818881	0.661573076
1.730394115	0.669173185
1.731969348	0.450284698
1.733544582	0.498624567
1.735119815	0.671679115
1.736695049	0.933428632
1.738270283	0.710411082
1.739845516	0.747969229
1.74142075	0.670612972
1.742995983	0.810006505
1.744571217	0.569122499
1.746146451	0.331330339
1.747721684	-0.022211119
1.749296918	-0.176203788
1.750872151	0.362352837
1.752447385	0.52007589
1.754022619	0.76404813
1.755597852	0.63205054
1.757173086	0.659010325
1.758748319	0.904048393
1.760323553	0.533276562
1.761898787	0.524977396
1.76347402	0.514457149
1.765049254	0.689615349
1.766624488	0.997965195
1.768199721	0.537581836
1.769774955	0.464949038
1.771350188	1.426675868
1.772925422	1.38358937
1.774500656	1.126764845
1.776075889	1.008128504
1.777651123	1.377769612
1.779226356	1.038744872
1.78080159	0.707093956
1.782376824	0.786187761
1.783952057	0.900627951
1.785527291	0.880017415
1.787102524	0.453661205
1.788677758	0.771318576
1.790252992	0.744809329
1.791828225	0.413504759
1.793403459	0.611061977
1.794978692	0.193376505
1.796553926	0.008366954
1.79812916	-0.099095021
1.799704393	0.038598896
1.801279627	-0.215662301
1.80285486	-0.252189601
1.804430094	0.169951465
1.806005328	0.265590895
1.807580561	0.050227029
1.809155795	-0.136450791
1.810731028	-0.045628487
1.812306262	-0.124278475
1.813881496	-0.180475048
1.815456729	-0.335479888
1.817031963	-0.01899928
1.818607196	-0.025766037
1.82018243	-0.120480577
1.821757664	-0.880293554
1.823332897	-1.056785821
1.824908131	-0.574993308
1.826483364	-0.161207342
1.828058598	-0.322052349
1.829633832	-0.527124909
1.831209065	-0.344827329
1.832784299	-0.632884458
1.834359533	-0.688153831
1.835934766	-1.090614753
1.83751	-0.654239221
1.839085233	-0.777920757
1.840660467	-0.733139776
1.842235701	-0.111625324
1.843810934	-0.352521561
1.845386168	-0.510060399
1.846961401	-0.323712708
1.848536635	0.037900162
1.850111869	0.164440327
1.851687102	0.199753521
1.853262336	0.248965906
1.854837569	-0.062896973
1.856412803	0.060685473
1.857988037	-0.060926782
1.85956327	-0.148795638
1.861138504	0.013747935
1.862713737	-0.392134182
1.864288971	-0.637572582
1.865864205	-1.148449165
1.867439438	-0.86589224
1.869014672	-0.90569092
1.870589905	-0.687149388
1.872165139	-1.189910061
1.873740373	-1.118650929
1.875315606	-1.125420367
1.87689084	-1.432911461
1.878466073	-1.392889806
1.880041307	-1.22883265
1.881616541	-1.00929631
1.883191774	-1.161839896
1.884767008	-0.952103497
1.886342241	-0.398928475
1.887917475	-0.662756607
1.889492709	-1.136545911
1.891067942	-0.775372094
1.892643176	-0.674439844
1.894218409	-0.431647443
1.895793643	-0.640411055
1.897368877	-0.684986891
1.89894411	-1.037790681
1.900519344	-0.817566071
1.902094577	-0.980104692
1.903669811	-0.935562824
1.905245045	-1.03078614
1.906820278	-0.623422255
1.908395512	-0.87560164
1.909970746	-1.019375066
1.911545979	-0.967828325
1.913121213	-1.015387036
1.914696446	-1.264339021
1.91627168	-1.189811926
1.917846914	-1.398695578
1.919422147	-1.300728911
1.920997381	-1.014947942
1.922572614	-0.771534399
1.924147848	-0.782706764
1.925723082	-0.693084667
1.927298315	-0.388998717
1.928873549	-0.454078885
1.930448782	-0.114870371
1.932024016	0.171381594
1.93359925	0.430471671
1.935174483	0.911756239
1.936749717	1.141118839
1.93832495	0.968248459
1.939900184	0.93217234
1.941475418	0.729251599
1.943050651	0.890317249
1.944625885	1.070029051
1.946201118	1.068154426
1.947776352	1.005592783
1.949351586	1.263393029
1.950926819	0.954489692
1.952502053	0.719080015
1.954077286	0.769468038
1.95565252	0.782573405
1.957227754	1.007467827
1.958802987	0.859612215
1.960378221	0.481655408
1.961953454	0.646450872
1.963528688	0.224178274
1.965103922	0.277100523
1.966679155	0.362130779
1.968254389	0.005720449
1.969829622	0.012531241
1.971404856	0.474774245
1.97298009	0.256931636
1.974555323	0.468541165
1.976130557	0.401682523
1.977705791	0.208435815
1.979281024	0.03014423
1.980856258	-0.06949437
1.982431491	0.479067067
1.984006725	0.276950592
1.985581959	0.182740847
1.987157192	-0.153965516
1.988732426	0.336710861
1.990307659	0.310652154
1.991882893	0.361312829
1.993458127	0.193916084
1.99503336	0.155771188
1.996608594	-0.044923093
1.998183827	0.371963161
1.999759061	0.804697366
2.001334295	0.69153924
2.002909528	0.656031508
2.004484762	0.729611613
2.006059995	0.702740287
2.007635229	0.477131272
2.009210463	0.452599382
2.010785696	0.803450851
2.01236093	0.774842232
2.013936163	0.515981853
2.015511397	0.895138726
2.017086631	0.688222131
2.018661864	0.769259293
2.020237098	0.609146321
2.021812331	0.602276082
2.023387565	0.353374864
2.024962799	0.440615555
2.026538032	0.142982929
2.028113266	0.442666768
2.029688499	0.307665616
2.031263733	0.598401311
2.032838967	0.512848326
2.0344142	0.194854697
2.035989434	0.3060682
2.037564667	0.316156781
2.039139901	-0.050464431
2.040715135	0.170263123
2.042290368	-0.341985629
2.043865602	0.338709306
2.045440836	0.378157211
2.047016069	0.234551539
2.048591303	-0.034287482
2.050166536	-0.069215673
2.05174177	0.316156488
2.053317004	0.025893901
2.054892237	-0.49913274
2.056467471	-1.092944547
2.058042704	-0.376000637
2.059617938	-0.334742267
2.061193172	-0.319662669
2.062768405	-0.089961816
2.064343639	-0.574627392
2.065918872	-0.516727359
2.067494106	0.157974645
2.06906934	-0.360098318
2.070644573	-0.361120908
2.072219807	-0.012441569
2.07379504	-0.268966332
2.075370274	-0.42531016
2.076945508	0.145964183
2.078520741	0.032606053
2.080095975	0.067424994
2.081671208	0.017301025
2.083246442	0.095840499
2.084821676	-0.335818046
2.086396909	-0.172828688
2.087972143	0.208402141
2.089547376	-0.151529465
2.09112261	0.092143045
2.092697844	0.122921789
2.094273077	-0.38139376
2.095848311	-0.417512469
2.097423544	-0.907891505
2.098998778	-0.346092883
2.100574012	-0.04186223
2.102149245	-0.115690022
2.103724479	-0.263758707
2.105299712	-0.258137592
2.106874946	-0.220413201
2.10845018	-0.264992328
2.110025413	-0.224854224
2.111600647	-0.242567467
2.113175881	-0.120201415
2.114751114	-0.219984281
2.116326348	-0.22333747
2.117901581	-0.176731303
2.119476815	-0.311247419
2.121052049	-0.103474794
2.122627282	-0.201099395
2.124202516	0.162645391
2.125777749	0.010735768
2.127352983	0.456999666
2.128928217	0.37098532
2.13050345	0.841937835
2.132078684	0.750386218
2.133653917	0.786191677
2.135229151	0.791656997
2.136804385	0.598508915
2.138379618	0.509685167
2.139954852	0.369035729
2.141530085	0.550937762
2.143105319	1.151204525
2.144680553	1.627037988
2.146255786	1.150756343
2.14783102	1.166158881
2.149406253	1.198863277
2.150981487	1.153834339
2.152556721	0.966844039
2.154131954	0.706670122
2.155707188	1.264084375
2.157282421	1.508253985
2.158857655	1.421225513
2.160432889	1.107180031
2.162008122	1.040783714
2.163583356	1.17619648
2.165158589	1.21748634
2.166733823	1.329147195
2.168309057	1.291126919
2.16988429	0.819798901
2.171459524	1.102225447
2.173034757	1.255452921
2.174609991	1.190318014
2.176185225	1.185165079
2.177760458	1.430611857
2.179335692	1.395921948
2.180910926	1.230466385
2.182486159	1.082692849
2.184061393	1.139150454
2.185636626	1.176108406
2.18721186	1.168131712
2.188787094	0.95534694
2.190362327	0.640984879
2.191937561	0.825227874
2.193512794	0.475340528
2.195088028	0.866502657
2.196663262	0.89925427
2.198238495	0.761255546
2.199813729	0.85946036
2.201388962	0.724112049
2.202964196	1.115714821
2.20453943	1.138347533
2.206114663	1.123613203
2.207689897	1.266705504
2.20926513	1.110868917
2.210840364	0.549204423
2.212415598	0.492979588
2.213990831	0.837539956
2.215566065	0.947933571
2.217141298	1.070434874
2.218716532	0.943507134
2.220291766	0.960396289
2.221866999	1.066287395
2.223442233	0.352110852
2.225017466	0.767225093
2.2265927	0.689225814
2.228167934	0.679660746
2.229743167	0.777691335
2.231318401	1.178846213
2.232893634	1.454243047
2.234468868	1.470750806
2.236044102	1.411155838
2.237619335	1.189468352
2.239194569	1.250465303
2.240769802	1.002089741
2.242345036	0.933135033
2.24392027	1.152848366
2.245495503	1.317910139
2.247070737	0.785241087
2.24864597	1.339405325
2.250221204	1.138714002
2.251796438	1.192695782
2.253371671	0.889921512
2.254946905	0.915643572
2.256522139	1.003574182
2.258097372	1.214805789
2.259672606	1.034930591
2.261247839	1.115354182
2.262823073	1.056733837
2.264398307	0.684215755
2.26597354	0.752935314
2.267548774	0.380596577
2.269124007	0.361121329
2.270699241	0.779410017
2.272274475	0.929450141
2.273849708	0.637465044
2.275424942	0.727280445
2.277000175	0.577391367
2.278575409	0.532170589
2.280150643	0.762734149
2.281725876	0.651140848
2.28330111	0.283857329
2.284876343	0.510880779
2.286451577	0.415228329
2.288026811	0.363221935
2.289602044	0.56776641
2.291177278	0.473949342
2.292752511	0.764494193
2.294327745	0.623121254
2.295902979	0.450863678
2.297478212	0.474961204
2.299053446	0.518399688
2.300628679	0.295660866
2.302203913	0.254442308
2.303779147	0.382269354
2.30535438	0.155158535
2.306929614	0.708449649
2.308504847	0.676393898
2.310080081	0.745241564
2.311655315	0.660608067
2.313230548	0.839645815
2.314805782	0.613964539
2.316381015	0.389033264
2.317956249	0.329183425
2.319531483	0.070599868
2.321106716	-0.228297267
2.32268195	-0.381512193
2.324257184	-0.690539549
2.325832417	-0.681711365
2.327407651	-0.647532265
2.328982884	-0.275251052
2.330558118	0.00146853
2.332133352	-0.189859856
2.333708585	-0.402932627
2.335283819	-0.357202337
2.336859052	-0.65209055
2.338434286	-0.711746467
2.34000952	0.199404574
2.341584753	0.37500776
2.343159987	0.447868248
2.34473522	0.037221299
2.346310454	0.193512523
2.347885688	-0.063403643
2.349460921	-0.154484053
2.351036155	-0.032094981
2.352611388	-0.474008533
2.354186622	-0.469615368
2.355761856	-0.284497888
2.357337089	-0.668513945
2.358912323	-0.561881905
2.360487556	-0.564540022
2.36206279	-0.4091736
2.363638024	-0.378411644
2.365213257	-0.254884913
2.366788491	-0.033949862
2.368363724	-0.091393811
2.369938958	-0.016694271
2.371514192	-0.194270353
2.373089425	-0.31522352
2.374664659	-0.090840382
2.376239892	0.019600924
2.377815126	-0.304406598
2.37939036	-0.349991844
2.380965593	-0.245845112
2.382540827	0.062364578
2.38411606	-0.076758328
2.385691294	-0.13318354
2.387266528	-0.197678146
2.388841761	-0.152643703
2.390416995	0.159922575
2.391992229	0.1956274
2.393567462	0.071281516
2.395142696	-0.226405025
2.396717929	-0.232773814
2.398293163	-0.446039992
2.399868397	-0.477097193
2.40144363	-0.423632114
2.403018864	-0.41656278
2.404594097	-0.342622559
2.406169331	-0.416593995
2.407744565	-0.167064136
2.409319798	-0.47469688
2.410895032	-0.534128967
2.412470265	-0.32754141
2.414045499	-0.097114184
2.415620733	-0.345446397
2.417195966	-0.70518507
2.4187712	-0.847012425
2.420346433	-0.524422304
2.421921667	-0.501999073
2.423496901	-0.496048184
2.425072134	-0.486207039
2.426647368	-0.570150228
2.428222601	-0.630823901
2.429797835	-0.457386621
2.431373069	-0.576877852
2.432948302	-0.790661808
2.434523536	-0.720127291
2.436098769	-0.771351489
2.437674003	-0.827580659
2.439249237	-0.659126091
2.44082447	-0.618172
2.442399704	-0.713684177
2.443974937	-0.59907227
2.445550171	-0.512416596
2.447125405	-0.402374325
2.448700638	-0.478940817
2.450275872	-0.287402269
2.451851105	-0.290991344
2.453426339	-0.350573687
2.455001573	-0.372345077
2.456576806	-0.301431649
2.45815204	-0.052454856
2.459727274	-0.073525962
2.461302507	0.068563533
2.462877741	-0.077913336
2.464452974	-0.568844552
2.466028208	-0.1557301
2.467603442	-0.207214864
2.469178675	-0.290126177
2.470753909	-0.171652789
2.472329142	-0.054041308
2.473904376	0.00599625
2.47547961	0.301147457
2.477054843	0.338107355
2.478630077	0.609418989
2.48020531	0.661527253
2.481780544	0.618172128
2.483355778	0.509430487
2.484931011	0.610674103
2.486506245	0.827377501
2.488081478	0.656528687
2.489656712	0.721817837
2.491231946	0.559009072
2.492807179	0.502106527
2.494382413	0.176405717
2.495957646	-0.376197746
2.49753288	-0.358113257
2.499108114	-0.290856845
2.500683347	-0.250571633
2.502258581	-0.014307366
2.503833814	-0.155819337
2.505409048	-0.376857078
2.506984282	-0.453162143
2.508559515	-0.327141187
2.510134749	-0.450334871
2.511709982	-0.422102221
2.513285216	-0.205870807
2.51486045	-0.32013845
2.516435683	0.34179428
2.518010917	0.085702574
2.51958615	0.272580097
2.521161384	0.33235936
2.522736618	-0.354886136
2.524311851	0.021676803
2.525887085	-0.24678908
2.527462319	-0.436958567
2.529037552	-0.287147495
2.530612786	-0.452140479
2.532188019	-0.200993136
2.533763253	-0.516379701
2.535338487	-0.718321446
2.53691372	-0.370885601
2.538488954	-0.38966558
2.540064187	-0.342671326
2.541639421	-0.457717327
2.543214655	-0.126096463
2.544789888	0.019750746
2.546365122	0.694663909
2.547940355	0.496360667
2.549515589	0.385568547
2.551090823	0.1838327
2.552666056	0.226387221
2.55424129	-0.088483829
2.555816523	0.129986091
2.557391757	0.181592666
2.558966991	0.31969428
2.560542224	-0.088006204
2.562117458	0.414391893
2.563692691	0.057731177
2.565267925	-0.016081902
2.566843159	0.203759999
2.568418392	-0.325111789
2.569993626	-0.097009895
2.571568859	-0.0018901
2.573144093	-0.156420315
2.574719327	-0.014129574
2.57629456	-0.113960401
2.577869794	0.147107207
2.579445027	0.029357755
2.581020261	-0.07349046
2.582595495	-0.05935551
2.584170728	0.036431091
2.585745962	0.17140379
2.587321195	-0.408780245
2.588896429	-0.276626971
2.590471663	-0.481937939
2.592046896	-0.571346314
2.59362213	-0.577748343
2.595197364	-0.444789309
2.596772597	-0.423018804
2.598347831	-0.775217582
2.599923064	-0.418582132
2.601498298	-0.543349391
2.603073532	-0.679304938
2.604648765	-0.59714145
2.606223999	-0.453251182
2.607799232	-0.802673123
2.609374466	-1.026844788
2.6109497	-1.431634872
2.612524933	-0.944052976
2.614100167	-1.191478621
2.6156754	-0.91867931
2.617250634	-1.042526797
2.618825868	-1.106079673
2.620401101	-0.9309473
2.621976335	-0.776307758
2.623551568	-1.072830075
2.625126802	-1.3100619
2.626702036	-1.086427321
2.628277269	-1.212886097
2.629852503	-1.208650561
2.631427736	-1.116114978
2.63300297	-1.414666836
2.634578204	-1.465395279
2.636153437	-1.395424657
2.637728671	-1.269645345
2.639303904	-1.514556562
2.640879138	-1.250698641
2.642454372	-0.952950802
2.644029605	-1.097362479
2.645604839	-1.230565135
2.647180072	-1.113563397
2.648755306	-1.108069306
2.65033054	-1.279994065
2.651905773	-1.202030445
2.653481007	-0.927472166
2.65505624	-0.846155414
2.656631474	-0.893542209
2.658206708	-0.609124534
2.659781941	-0.535782238
2.661357175	-0.417089915
2.662932408	-0.981076235
2.664507642	-0.73468163
2.666082876	-0.286605282
2.667658109	-0.168079749
2.669233343	-0.175812323
2.670808577	-0.478584125
2.67238381	-0.348560916
2.673959044	-0.085020633
2.675534277	-0.343450095
2.677109511	-0.270690378
2.678684745	-0.34082536
2.680259978	-0.295508772
2.681835212	-0.430986038
2.683410445	-0.006800552
2.684985679	-0.040826802
2.686560913	0.357820799
2.688136146	0.361303234
2.68971138	0.171708234
2.691286613	0.507310603
2.692861847	0.451904753
2.694437081	0.466947349
2.696012314	0.806010327
2.697587548	0.976556627
2.699162781	1.027294815
2.700738015	0.828085387
2.702313249	1.027180733
2.703888482	0.778876688
2.705463716	0.779989195
2.707038949	0.808853317
2.708614183	0.893116866
2.710189417	0.984831231
2.71176465	1.117084563
2.713339884	1.23704573
2.714915117	1.044225032
2.716490351	0.994631125
2.718065585	0.826180054
2.719640818	0.922432002
2.721216052	0.487042876
2.722791285	0.565217289
2.724366519	0.746247368
2.725941753	0.49134296
2.727516986	0.398062994
2.72909222	0.246233921
2.730667453	0.079768978
2.732242687	-0.073256283
2.733817921	-0.085039237
2.735393154	-0.75538232
2.736968388	-0.286165991
2.738543622	0.327696327
2.740118855	0.336766542
2.741694089	-0.15476293
2.743269322	-0.266064531
2.744844556	-0.354014553
2.74641979	-0.14946027
2.747995023	-0.288451272
2.749570257	0.151798528
2.75114549	0.581272649
2.752720724	0.418658841
2.754295958	0.427293459
2.755871191	0.472785079
2.757446425	0.682886823
2.759021658	0.299447934
2.760596892	0.373496187
2.762172126	0.445367625
2.763747359	0.669610126
2.765322593	0.738153768
2.766897826	0.711916564
2.76847306	0.554480853
2.770048294	0.501887879
2.771623527	0.6214739
2.773198761	0.545112135
2.774773994	0.512103309
2.776349228	0.251608812
2.777924462	0.423529891
2.779499695	0.123256228
2.781074929	0.564890554
2.782650162	0.570925132
2.784225396	0.568024523
2.78580063	0.717592102
2.787375863	0.646769737
2.788951097	0.500427762
2.79052633	0.369971891
2.792101564	0.364592112
2.793676798	0.29439255
2.795252031	0.331831465
2.796827265	0.560624729
2.798402498	0.259994263
2.799977732	0.260636319
2.801552966	-0.003331636
2.803128199	0.106917062
2.804703433	0.232286374
2.806278667	0.609456176
2.8078539	0.586503381
2.809429134	0.55759163
2.811004367	0.538415479
2.812579601	0.367371692
2.814154835	0.475552161
2.815730068	0.584952391
2.817305302	0.47864752
2.818880535	0.376575047
2.820455769	0.267275205
2.822031003	0.292182275
2.823606236	0.254571334
2.82518147	0.222794753
2.826756703	0.251076835
2.828331937	0.332842901
2.829907171	0.083813496
2.831482404	0.073337334
2.833057638	0.110512567
2.834632871	0.109979239
2.836208105	0.071387522
2.837783339	0.180621833
2.839358572	0.174300126
2.840933806	0.154544568
2.842509039	0.08480499
2.844084273	0.072269585
2.845659507	-0.017044413
2.84723474	-0.475215013
2.848809974	-0.444330898
2.850385207	-0.397324177
2.851960441	-0.476822737
2.853535675	-0.673841318
2.855110908	-0.797307212
2.856686142	-0.811097668
2.858261375	-0.560125966
2.859836609	-0.779551167
2.861411843	-1.140283454
2.862987076	-0.7841151
2.86456231	-0.815295938
2.866137543	-1.156180995
2.867712777	-1.426433842
2.869288011	-1.05898658
2.870863244	-1.216815568
2.872438478	-1.1610613
2.874013712	-1.345645926
2.875588945	-1.012947993
2.877164179	-0.954900899
2.878739412	-1.139245897
2.880314646	-1.240636962
2.88188988	-1.013761047
2.883465113	-1.282176883
2.885040347	-1.336537836
2.88661558	-1.384028351
2.888190814	-1.299904419
2.889766048	-1.218568311
2.891341281	-1.386427034
2.892916515	-1.129158978
2.894491748	-1.169605536
2.896066982	-0.944560431
2.897642216	-0.895947647
2.899217449	-0.781479068
2.900792683	-1.004352451
2.902367916	-1.3551456
2.90394315	-1.386256986
2.905518384	-2.521352293
2.907093617	-3.117055804
2.908668851	-3.308963929
2.910244084	-3.92747902
2.911819318	-3.774101561
2.913394552	-4.17355469
2.914969785	-4.660169969
2.916545019	-4.553353801
2.918120252	-4.326860951
2.919695486	-4.417334718
2.92127072	-4.332553875
2.922845953	-4.298716753
2.924421187	-4.59657127
2.92599642	-4.099304069
2.927571654	-4.144521794
2.929146888	-4.367323496
2.930722121	-3.662953507
2.932297355	-3.638306648
2.933872588	-3.476467164
2.935447822	-3.084006447
2.937023056	-3.061736217
2.938598289	-2.968154156
2.940173523	-2.566331618
2.941748757	-2.763798421
2.94332399	-2.486105927
2.944899224	-2.798588235
2.946474457	-2.762893134
2.948049691	-2.51518873
2.949624925	-2.598341291
2.951200158	-2.395152367
2.952775392	-2.159653319
2.954350625	-2.486468741
2.955925859	-1.68132894
2.957501093	-1.632854468
2.959076326	-1.595637572
2.96065156	-1.806545631
2.962226793	-1.636605293
2.963802027	-1.402357245
2.965377261	-1.382051011
2.966952494	-1.496559988
2.968527728	-1.081784784
2.970102961	-1.127618516
2.971678195	-1.442383805
2.973253429	-1.262760994
2.974828662	-1.287046882
2.976403896	-0.918492793
2.977979129	-1.053189026
2.979554363	-1.154556637
2.981129597	-0.657471065
2.98270483	-0.882517245
2.984280064	-0.698066265
2.985855297	-0.325924558
2.987430531	-0.179525659
2.989005765	-0.024868794
2.990580998	-0.060871695
2.992156232	-0.049146234
2.993731465	0.438287264
2.995306699	0.186211773
2.996881933	0.270653248
2.998457166	0.307190595
3.0000324	-0.063333116
3.001607633	0.369874894
3.003182867	0.405708017
3.004758101	0.529490125
3.006333334	-0.188975468
3.007908568	-0.369531158
3.009483801	-0.036120143
3.011059035	-0.200232109
3.012634269	-0.077425404
3.014209502	-0.042441739
3.015784736	0.224914835
3.01735997	-0.463673451
3.018935203	-1.007567764
3.020510437	-1.049921182
3.02208567	-0.72162014
3.023660904	-1.033441521
3.025236138	-1.184099534
3.026811371	-0.89134887
3.028386605	-1.057871447
3.029961838	-0.886176689
3.031537072	-0.367799607
3.033112306	-0.45274315
3.034687539	-0.65818762
3.036262773	-0.647165883
3.037838006	-0.821997981
3.03941324	-0.585984747
3.040988474	-0.411353176
3.042563707	-0.587233651
3.044138941	-0.982721296
3.045714174	-1.076621074
3.047289408	-0.974860315
3.048864642	-0.794267715
3.050439875	-0.735343051
3.052015109	-0.237504852
3.053590342	-0.261040321
3.055165576	-0.272166038
3.05674081	-0.371831808
3.058316043	-0.156448531
3.059891277	0.20827575
3.06146651	0.320418556
3.063041744	0.084920125
3.064616978	-0.023509462
3.066192211	-0.225589591
3.067767445	-0.070771671
3.069342678	0.245667228
3.070917912	0.047291639
3.072493146	0.122309768
3.074068379	0.128169852
3.075643613	0.149670195
3.077218846	-0.11311134
3.07879408	-0.140334943
3.080369314	-0.051413891
3.081944547	0.273914852
3.083519781	0.131179576
3.085095015	0.441847442
3.086670248	0.750146653
3.088245482	0.750461341
3.089820715	0.704962405
3.091395949	0.668081466
3.092971183	0.873758532
3.094546416	0.726380426
3.09612165	0.846186946
3.097696883	0.799019836
3.099272117	0.894295233
3.100847351	1.036083155
3.102422584	1.199440801
3.103997818	1.178878858
3.105573051	1.234929256
3.107148285	1.315442297
3.108723519	1.079095248
3.110298752	0.927224979
3.111873986	0.793159957
3.113449219	0.788330933
3.115024453	1.151707645
3.116599687	1.259609986
3.11817492	1.378374996
3.119750154	0.747304518
3.121325387	0.94281723
3.122900621	1.099076693
3.124475855	0.866863335
3.126051088	0.882917058
3.127626322	1.251583346
3.129201555	1.187208732
3.130776789	0.99076731
3.132352023	0.717120766
3.133927256	0.894418808
3.13550249	0.733711313
3.137077723	0.802438395
3.138652957	0.906402074
3.140228191	0.50866526
3.141803424	0.617252483
3.143378658	0.429258167
3.144953891	0.88207722
3.146529125	1.004122391
3.148104359	0.712949082
3.149679592	0.434632392
3.151254826	0.583249111
3.15283006	0.968957143
3.154405293	0.749588446
3.155980527	1.165512577
3.15755576	0.793742709
3.159130994	0.898068119
3.160706228	0.67762025
3.162281461	0.318416164
3.163856695	0.512243717
3.165431928	0.808111702
3.167007162	0.691888939
3.168582396	0.57367864
3.170157629	0.557235778
3.171732863	0.510256434
3.173308096	0.781258941
3.17488333	0.662265427
3.176458564	0.9613546
3.178033797	0.632058204
3.179609031	0.786242714
3.181184264	0.735799754
3.182759498	0.69486487
3.184334732	0.777858496
3.185909965	0.474052445
3.187485199	0.235955699
3.189060432	0.373205721
3.190635666	0.459195513
3.1922109	0.281915371
3.193786133	0.435192695
3.195361367	0.026128269
3.1969366	-0.016346589
3.198511834	-0.050399132
3.200087068	0.306336423
3.201662301	0.151658064
3.203237535	-0.453169951
3.204812768	0.106655928
3.206388002	0.064137745
3.207963236	-0.130041271
3.209538469	-0.39511493
3.211113703	-0.141762406
3.212688936	0.3127327
3.21426417	0.131854506
3.215839404	-0.019189532
3.217414637	0.422100119
3.218989871	0.430538039
3.220565105	0.298668579
3.222140338	0.117033764
3.223715572	0.818293632
3.225290805	0.935156576
3.226866039	0.722062946
3.228441273	0.497540673
3.230016506	0.740818443
3.23159174	0.22541233
3.233166973	-0.047712371
3.234742207	0.09781042
3.236317441	0.365207154
3.237892674	0.408605888
3.239467908	-0.097743046
3.241043141	-0.551798544
3.242618375	-0.378497843
3.244193609	-0.268291133
3.245768842	-0.171121991
3.247344076	-0.715324989
3.248919309	-1.365881229
3.250494543	-1.178756183
3.252069777	-1.457878371
3.25364501	-1.502797032
3.255220244	-1.777504206
3.256795477	-1.758775976
3.258370711	-1.275197529
3.259945945	-1.345323066
3.261521178	-1.623044632
3.263096412	-1.520802354
3.264671645	-1.243701132
3.266246879	-1.237870204
3.267822113	-1.168628889
3.269397346	-1.106276933
3.27097258	-0.715146168
3.272547813	-0.825116906
3.274123047	-0.602685692
3.275698281	-1.039564494
3.277273514	-0.814963319
3.278848748	-0.85350929
3.280423981	-0.91592437
3.281999215	-0.936366994
3.283574449	-1.063155345
3.285149682	-1.369637946
3.286724916	-1.389020596
3.28830015	-1.667489361
3.289875383	-1.241493158
3.291450617	-1.169500313
3.29302585	-1.203684072
3.294601084	-0.845491113
3.296176318	-1.14276597
3.297751551	-1.274502442
3.299326785	-1.680910382
3.300902018	-1.526910483
3.302477252	-1.415945261
3.304052486	-1.086776371
3.305627719	-1.278641266
3.307202953	-0.95870341
3.308778186	-0.813870849
3.31035342	-0.759168456
3.311928654	-1.629712794
3.313503887	-1.791148377
3.315079121	-1.239429888
3.316654354	-1.153761689
3.318229588	-1.297120631
3.319804822	-1.22442304
3.321380055	-1.17357898
3.322955289	-1.462338521
3.324530522	-0.504691987
3.326105756	-0.627027047
3.32768099	-0.704953907
3.329256223	-0.62962666
3.330831457	-0.603861219
3.33240669	-0.112578533
3.333981924	0.282236166
3.335557158	-0.105986388
3.337132391	0.065089158
3.338707625	-0.226176725
3.340282858	0.166716203
3.341858092	0.129514549
3.343433326	0.114808934
3.345008559	0.230923539
3.346583793	0.547025979
3.348159026	0.578282678
3.34973426	0.078471086
3.351309494	0.090200455
3.352884727	-0.201403363
3.354459961	-0.626672491
3.356035195	-0.571747644
3.357610428	-0.253216343
3.359185662	-0.71368458
3.360760895	-0.580439968
3.362336129	-0.713871397
3.363911363	-0.932542036
3.365486596	-0.373708261
3.36706183	-0.461802599
3.368637063	-0.204993657
3.370212297	-0.442174183
3.371787531	-0.351289712
3.373362764	-0.345654098
3.374937998	-0.521410612
3.376513231	-0.319215364
3.378088465	-0.043274583
3.379663699	0.13377831
3.381238932	0.320084677
3.382814166	-0.03035162
3.384389399	-0.205429183
3.385964633	-0.152298513
3.387539867	-0.325076635
3.3891151	-0.366459094
3.390690334	0.050459498
3.392265567	0.440946853
3.393840801	0.065975904
3.395416035	0.400279424
3.396991268	0.87919782
3.398566502	0.23135333
3.400141735	0.386122308
3.401716969	0.22443703
3.403292203	0.567634347
3.404867436	0.666153479
3.40644267	0.301958421
3.408017903	0.579715521
3.409593137	0.267997489
3.411168371	-0.208594557
3.412743604	-0.457231863
3.414318838	-0.229119978
3.415894071	-0.385891777
3.417469305	-0.404009529
3.419044539	-0.33383687
3.420619772	0.067962485
3.422195006	-0.24086361
3.423770239	-0.420741086
3.425345473	-0.146834529
3.426920707	-0.043387251
3.42849594	-0.107058457
3.430071174	-0.335220573
3.431646408	-0.115768493
3.433221641	0.248246637
3.434796875	0.109469181
3.436372108	0.315666192
3.437947342	0.593724965
3.439522576	0.650289675
3.441097809	0.429073967
3.442673043	0.25797086
3.444248276	0.430182194
3.44582351	0.313676986
3.447398744	0.292164809
3.448973977	0.204723435
3.450549211	0.338671495
3.452124444	-0.138562812
3.453699678	0.578441027
3.455274912	0.383263815
3.456850145	0.420388825
3.458425379	0.46338475
3.460000612	0.50148087
3.461575846	0.979730362
3.46315108	0.969644938
3.464726313	1.466047027
3.466301547	0.858064887
3.46787678	0.684174313
3.469452014	0.599172677
3.471027248	0.684205195
3.472602481	0.668864856
3.474177715	0.879026886
3.475752948	0.819379765
3.477328182	0.886246025
3.478903416	1.091422471
3.480478649	0.752405664
3.482053883	0.906385629
3.483629116	1.745829695
3.48520435	1.316776378
3.486779584	1.043421203
3.488354817	0.781860742
3.489930051	0.87606029
3.491505284	1.071845503
3.493080518	1.234233299
3.494655752	0.898284806
3.496230985	1.120953393
3.497806219	0.731619305
3.499381453	0.673451359
3.500956686	0.200244877
3.50253192	0.358645291
3.504107153	0.687191282
3.505682387	0.6496517
3.507257621	0.651751389
3.508832854	0.124900347
3.510408088	0.296685685
3.511983321	0.500249607
3.513558555	0.305156996
3.515133789	0.467241857
3.516709022	0.2449958
3.518284256	0.134520155
3.519859489	0.528870281
3.521434723	0.294332605
3.523009957	0.505389632
3.52458519	0.181858982
3.526160424	0.173619658
3.527735657	0.221633749
3.529310891	0.469594201
3.530886125	0.373620063
3.532461358	0.275973763
3.534036592	0.198087095
3.535611825	0.309428713
3.537187059	0.285927537
3.538762293	0.274327667
3.540337526	0.473266381
3.54191276	0.561710798
3.543487993	0.57684827
3.545063227	0.223704256
3.546638461	-0.422587564
3.548213694	-0.085287408
3.549788928	-0.185997599
3.551364161	-0.394452576
3.552939395	-0.442580528
3.554514629	-0.691032733
3.556089862	-0.645296978
3.557665096	-0.665034666
3.559240329	-0.818634548
3.560815563	-0.512052872
3.562390797	-0.09267264
3.56396603	0.186249315
3.565541264	-0.107734622
3.567116498	-0.759374875
3.568691731	-0.821805366
3.570266965	-0.641673288
3.571842198	-0.379194916
3.573417432	-0.513456722
3.574992666	-0.901819669
3.576567899	-0.907628234
3.578143133	-1.01024724
3.579718366	-0.786180569
3.5812936	-0.849405222
3.582868834	-0.488826736
3.584444067	-0.431560563
3.586019301	-0.470011453
3.587594534	-0.927534895
3.589169768	-0.598285977
3.590745002	-0.614914898
3.592320235	-0.590184711
3.593895469	-0.542162109
3.595470702	-0.364059042
3.597045936	-0.561031997
3.59862117	-0.38465602
3.600196403	-0.113374934
3.601771637	-0.33006222
3.60334687	-0.241696328
3.604922104	-0.434641938
3.606497338	-0.294417972
3.608072571	0.004503266
3.609647805	0.052648494
3.611223038	-0.017245216
3.612798272	0.361260668
3.614373506	0.384799563
3.615948739	0.511664477
3.617523973	0.736260253
3.619099206	0.64457033
3.62067444	0.666621927
3.622249674	0.759157304
3.623824907	0.719391863
3.625400141	0.42885164
3.626975374	0.553482334
3.628550608	0.560776005
3.630125842	0.526088676
3.631701075	0.478543848
3.633276309	0.8649967
3.634851543	0.720330619
3.636426776	0.841501503
3.63800201	0.598257115
3.639577243	0.49523973
3.641152477	0.634298024
3.642727711	0.918759372
3.644302944	0.89489455
3.645878178	0.321857853
3.647453411	0.341612327
3.649028645	0.269202355
3.650603879	0.592121157
3.652179112	0.624820642
3.653754346	0.53415395
3.655329579	0.250241127
3.656904813	0.153623809
3.658480047	-0.031468658
3.66005528	-0.015602577
3.661630514	0.088723379
3.663205747	0.05880126
3.664780981	-0.285869109
3.666356215	0.085703642
3.667931448	-0.373216674
3.669506682	-0.538788686
3.671081915	-0.235315855
3.672657149	-0.14305416
3.674232383	-0.355222141
3.675807616	-0.640994504
3.67738285	-0.464698358
3.678958083	-0.364901703
3.680533317	-0.547429949
3.682108551	-0.505619574
3.683683784	-0.716394043
3.685259018	-0.395755128
3.686834251	-0.479282614
3.688409485	-0.411152674
3.689984719	-0.428790784
3.691559952	-0.848714747
3.693135186	-1.116224086
3.694710419	-1.253727679
3.696285653	-1.049079793
3.697860887	-0.802609043
3.69943612	-1.065587331
3.701011354	-1.112346799
3.702586588	-1.334245499
3.704161821	-1.234117442
3.705737055	-1.397875841
3.707312288	-1.522853133
3.708887522	-1.237260232
3.710462756	-1.333379067
3.712037989	-1.320776723
3.713613223	-1.39711494
3.715188456	-1.603382714
3.71676369	-1.591100638
3.718338924	-1.181539774
3.719914157	-1.412660575
3.721489391	-1.547363224
3.723064624	-1.826477921
3.724639858	-1.66207045
3.726215092	-1.395967422
3.727790325	-1.47962842
3.729365559	-1.132354442
3.730940792	-0.986850043
3.732516026	-0.860739646
3.73409126	-1.134432466
3.735666493	-1.326930368
3.737241727	-1.439605832
3.73881696	-1.237208197
3.740392194	-1.166026081
3.741967428	-1.048082351
3.743542661	-0.81734251
3.745117895	-0.826865496
3.746693128	-0.991283986
3.748268362	-1.029535686
3.749843596	-1.071717457
3.751418829	-0.799088978
3.752994063	-0.726743356
3.754569296	-0.90485915
3.75614453	-0.911868691
3.757719764	-0.927084339
3.759294997	-0.788994155
3.760870231	-0.915342963
3.762445464	-0.574019636
3.764020698	-0.093108893
3.765595932	-0.039904428
3.767171165	-0.22320888
3.768746399	-0.259786322
3.770321632	-0.450506739
3.771896866	-0.334271873
3.7734721	-0.577585722
3.775047333	-0.533879586
3.776622567	-0.397166596
3.778197801	-0.604455189
3.779773034	-0.460280892
3.781348268	-0.201907607
3.782923501	-0.544375493
3.784498735	-0.787343511
3.786073969	-0.886423309
3.787649202	-0.819884663
3.789224436	-0.772933329
3.790799669	-0.916273761
3.792374903	-1.066400969
3.793950137	-1.168756331
3.79552537	-1.195961521
3.797100604	-0.891294834
3.798675837	-1.119129787
3.800251071	-1.019958681
3.801826305	-0.676787711
3.803401538	-0.760477359
3.804976772	-0.817177731
3.806552005	-0.593659727
3.808127239	-0.817121155
3.809702473	-1.379710587
3.811277706	-1.205699405
3.81285294	-1.277531791
3.814428173	-1.333395298
3.816003407	-1.492985525
3.817578641	-1.56648523
3.819153874	-1.545942096
3.820729108	-1.745003587
3.822304341	-1.327021305
3.823879575	-1.484845064
3.825454809	-1.37637742
3.827030042	-1.271656684
3.828605276	-1.227083119
3.830180509	-1.066657952
3.831755743	-1.051052759
3.833330977	-0.809721693
3.83490621	-0.938819372
3.836481444	-0.781560346
3.838056677	-0.856859701
3.839631911	-1.093004745
3.841207145	-0.658356949
3.842782378	-0.452789006
3.844357612	-1.200049308
3.845932846	-0.767964547
3.847508079	-0.491705322
3.849083313	-0.586297656
3.850658546	-0.725536243
3.85223378	-0.583621194
3.853809014	-0.706887052
3.855384247	-0.605422968
3.856959481	-0.531250476
3.858534714	-0.692309354
3.860109948	-0.466155943
3.861685182	-0.647648974
3.863260415	-0.472749133
3.864835649	-0.232745487
3.866410882	-0.439565979
3.867986116	-0.204746982
3.86956135	-0.066622238
3.871136583	-0.455021636
3.872711817	0.26113932
3.87428705	0.140020123
3.875862284	0.102397252
3.877437518	0.146166774
3.879012751	-0.085969426
3.880587985	0.211809262
3.882163218	0.402606621
3.883738452	0.396809154
3.885313686	0.450670041
3.886888919	0.375950852
3.888464153	0.396003497
3.890039386	0.4312827
3.89161462	0.631124748
3.893189854	0.162247146
3.894765087	0.283815459
3.896340321	0.522209049
3.897915554	0.36053523
3.899490788	0.617840251
3.901066022	0.491424405
3.902641255	0.5824468
3.904216489	0.529517804
3.905791722	0.204711767
3.907366956	0.153447765
3.90894219	0.115827204
3.910517423	0.387039485
3.912092657	0.27287902
3.913667891	-0.229508272
3.915243124	0.306566186
3.916818358	0.091584222
3.918393591	-0.064525554
3.919968825	-0.050303086
3.921544059	0.051672757
3.923119292	0.132160841
3.924694526	0.355912001
3.926269759	-0.416865571
3.927844993	-0.915338295
3.929420227	-0.456257012
3.93099546	0.06611136
3.932570694	0.000604384
3.934145927	0.030386973
3.935721161	0.311719207
3.937296395	-0.039894666
3.938871628	-0.575928259
3.940446862	-0.420407824
3.942022095	-0.752311941
3.943597329	-0.260347274
3.945172563	-0.353681529
3.946747796	-0.357340523
3.94832303	-0.597290892
3.949898263	-0.685197953
3.951473497	-0.666001377
3.953048731	-0.705616831
3.954623964	-0.671428942
3.956199198	-0.67748722
3.957774431	-0.757151042
3.959349665	-1.274549698
3.960924899	-1.086747341
3.962500132	-0.973516439
3.964075366	-1.23067414
3.965650599	-1.197222946
3.967225833	-1.382059696
3.968801067	-1.46078602
3.9703763	-1.532658494
3.971951534	-1.406459817
3.973526767	-1.436968145
3.975102001	-1.604912799
3.976677235	-1.555446097
3.978252468	-1.811662218
3.979827702	-1.663542606
3.981402936	-1.201756843
3.982978169	-1.270287836
3.984553403	-1.322696366
3.986128636	-1.478399901
3.98770387	-1.276216876
3.989279104	-0.951005475
3.990854337	-0.776519185
3.992429571	-0.849999928
3.994004804	-1.468010206
3.995580038	-1.52500375
3.997155272	-1.450669998
3.998730505	-1.188655771
4.000305739	-1.410719495
4.001880972	-1.071370258
4.003456206	-1.042638752
4.00503144	-1.012858267
4.006606673	-0.685249639
4.008181907	-0.679706268
4.00975714	-0.670231899
4.011332374	-0.884539959
4.012907608	-0.913759231
4.014482841	-0.49858075
4.016058075	-0.410625087
4.017633308	-0.277568171
4.019208542	-0.628328246
4.020783776	-0.65906129
4.022359009	-0.776101298
4.023934243	-1.03670064
4.025509476	-1.090797
4.02708471	-1.029208911
4.028659944	-0.974510623
4.030235177	-1.128353051
4.031810411	-1.537231927
4.033385644	-1.643521791
4.034960878	-1.600709102
4.036536112	-1.580931442
4.038111345	-1.371016673
4.039686579	-1.396543824
4.041261812	-1.298126878
4.042837046	-1.253260868
4.04441228	-0.828808815
4.045987513	-0.832436443
4.047562747	-0.713839337
4.049137981	-0.510809664
4.050713214	-0.345689924
4.052288448	-0.190362643
4.053863681	-0.216392075
4.055438915	-0.473310527
4.057014149	-1.27445926
4.058589382	-1.278121393
4.060164616	-1.100740862
4.061739849	-1.162765213
4.063315083	-1.216804999
4.064890317	-0.99165464
4.06646555	-1.039323311
4.068040784	-1.233871652
4.069616017	-1.015733546
4.071191251	-1.061200549
4.072766485	-1.002650019
4.074341718	-1.325563498
4.075916952	-1.294283059
4.077492185	-1.319516556
4.079067419	-1.387350673
4.080642653	-1.434153411
4.082217886	-1.268280492
4.08379312	-1.443316035
4.085368353	-1.102812003
4.086943587	-1.158545616
4.088518821	-1.279338908
4.090094054	-1.239491731
4.091669288	-1.18181336
4.093244521	-1.290598058
4.094819755	-1.125847999
4.096394989	-1.387259199
4.097970222	-1.211261414
4.099545456	-1.295186568
4.101120689	-1.334233846
4.102695923	-0.895668865
4.104271157	-0.80839583
4.10584639	-0.811289999
4.107421624	-0.431949458
4.108996857	-0.534975718
4.110572091	-0.451850305
4.112147325	-0.283093785
4.113722558	-0.195054889
4.115297792	-0.149358598
4.116873026	-0.324206841
4.118448259	-0.169085585
4.120023493	-0.13365183
4.121598726	-0.327987835
4.12317396	0.311800589
4.124749194	0.331173533
4.126324427	0.375497116
4.127899661	-0.045677189
4.129474894	0.078913691
4.131050128	0.589177383
4.132625362	0.520193082
4.134200595	0.202954878
4.135775829	0.157475679
4.137351062	0.102322856
4.138926296	0.141637472
4.14050153	0.618050918
4.142076763	0.440667405
4.143651997	0.240649717
4.14522723	-0.084557127
4.146802464	-0.199099281
4.148377698	-0.060172945
4.149952931	0.101508434
4.151528165	-0.100879705
4.153103398	0.229821031
4.154678632	0.027155089
4.156253866	-0.005854314
4.157829099	0.291185734
4.159404333	0.024645883
4.160979566	0.064366678
4.1625548	0.084377502
4.164130034	0.158796787
4.165705267	0.462982621
4.167280501	0.582961777
4.168855734	0.265654811
4.170430968	0.016723034
4.172006202	0.242475788
4.173581435	0.550722871
4.175156669	0.764859206
4.176731902	0.583780043
4.178307136	-0.072614543
4.17988237	-0.061407927
4.181457603	-0.041529719
4.183032837	-0.000837167
4.18460807	-0.186972395
4.186183304	-0.096996684
4.187758538	-0.10976474
4.189333771	-0.425118066
4.190909005	-0.630778093
4.192484239	-0.721955087
4.194059472	-0.451774809
4.195634706	-0.290079926
4.197209939	-0.33641389
4.198785173	-0.634865358
4.200360407	-0.57455025
4.20193564	-1.026501726
4.203510874	-1.167240844
4.205086107	-1.263221247
4.206661341	-1.297817584
4.208236575	-1.557815086
4.209811808	-1.609634384
4.211387042	-1.70766295
4.212962275	-1.7163127
4.214537509	-1.744890303
4.216112743	-1.428677824
4.217687976	-1.554884386
4.21926321	-1.546248598
4.220838443	-1.821423328
4.222413677	-1.8291941
4.223988911	-1.546225848
4.225564144	-1.405565287
4.227139378	-1.569917386
4.228714611	-1.59875618
4.230289845	-1.889144447
4.231865079	-1.248814879
4.233440312	-1.026869436
4.235015546	-0.978922188
4.236590779	0.187515146
4.238166013	0.35588797
4.239741247	0.164208041
4.24131648	-0.116999867
4.242891714	-0.225268282
4.244466947	-0.197465509
4.246042181	-0.181916306
4.247617415	-0.188242071
4.249192648	-0.073303444
4.250767882	-0.259670445
4.252343115	-0.298665982
4.253918349	-0.582061677
4.255493583	-0.498629944
4.257068816	-0.442961505
4.25864405	-0.283104163
4.260219284	-0.334593933
4.261794517	-0.244959648
4.263369751	-0.19516879
4.264944984	-0.286860872
4.266520218	-0.090592251
4.268095452	-0.210455007
4.269670685	-0.118636897
4.271245919	-0.19026874
4.272821152	-0.209765354
4.274396386	0.149195529
4.27597162	0.116011325
4.277546853	0.106765184
4.279122087	0.415690979
4.28069732	0.275844572
4.282272554	0.368613769
4.283847788	0.419164286
4.285423021	0.502623633
4.286998255	0.670294226
4.288573488	0.545220506
4.290148722	0.761177542
4.291723956	0.630605436
4.293299189	0.476283358
4.294874423	0.532887454
4.296449656	0.668060425
4.29802489	0.530726388
4.299600124	0.731919352
4.301175357	0.804655434
4.302750591	1.040190916
4.304325824	0.735725247
4.305901058	0.803906493
4.307476292	0.789438638
4.309051525	0.818151927
4.310626759	0.883613561
4.312201992	0.793950315
4.313777226	0.730342336
4.31535246	0.910703227
4.316927693	0.800545022
4.318502927	0.676546686
4.32007816	0.835328281
4.321653394	0.760986959
4.323228628	0.73288698
4.324803861	0.503728284
4.326379095	0.54532898
4.327954329	0.506594142
4.329529562	0.410225192
4.331104796	0.460135384
4.332680029	0.469578902
4.334255263	0.377374984
4.335830497	0.331578992
4.33740573	0.216415926
4.338980964	0.047538781
4.340556197	0.110188593
4.342131431	0.309746423
4.343706665	0.214517119
4.345281898	0.043865763
4.346857132	0.177321367
4.348432365	0.111738183
4.350007599	0.305550952
4.351582833	0.21734769
4.353158066	0.305894925
4.3547333	0.493029185
4.356308533	0.615631653
4.357883767	0.759153958
4.359459001	0.847155564
4.361034234	0.781013287
4.362609468	0.634349988
4.364184701	0.669484542
4.365759935	0.738525148
4.367335169	0.54616018
4.368910402	0.767525804
4.370485636	0.809373926
4.372060869	0.679890872
4.373636103	0.692399273
4.375211337	0.413825696
4.37678657	0.377681326
4.378361804	0.442927279
4.379937037	0.497002574
4.381512271	0.496493047
4.383087505	0.034851853
4.384662738	-0.024627126
4.386237972	0.183848299
4.387813205	0.306964272
4.389388439	0.331800496
4.390963673	0.250964311
4.392538906	0.109494937
4.39411414	0.273289985
4.395689374	0.220709746
4.397264607	0.168783824
4.398839841	0.17080933
4.400415074	0.425190123
4.401990308	0.31522724
4.403565542	0.370050298
4.405140775	0.390719101
4.406716009	0.337227072
4.408291242	0.274502033
4.409866476	0.272929725
4.41144171	0.383545675
4.413016943	0.44555506
4.414592177	0.509188946
4.41616741	0.65089952
4.417742644	0.771292298
4.419317878	0.688200282
4.420893111	0.755188851
4.422468345	0.575046633
4.424043578	0.716163175
4.425618812	0.762980239
4.427194046	0.801928607
4.428769279	0.524538824
4.430344513	0.730173292
4.431919746	0.787994381
4.43349498	0.582936029
4.435070214	0.582769841
4.436645447	0.698477334
4.438220681	0.672352315
4.439795914	0.503939149
4.441371148	0.696618458
4.442946382	0.977454526
4.444521615	0.953342301
4.446096849	1.068005174
4.447672082	1.064999478
4.449247316	1.337338662
4.45082255	1.238200612
4.452397783	1.275609951
4.453973017	0.898579592
4.45554825	0.88855972
4.457123484	0.970843571
4.458698718	0.958202159
4.460273951	0.958127327
