0.0653
0.1216
0.1743
0.2204
0.2582
0.2869
0.3067
0.3176
0.3202
0.3154
0.3049
0.2909
0.2764
0.2640
0.2561
0.2536
0.2570
0.2652
0.2769
0.2904
0.3043
0.3176
0.3299
0.3407
0.3498
0.3560
0.3586
0.3567
0.3504
0.3414
0.3324
0.3267
0.3271
0.3347
0.3486
0.3662
0.3837
0.3979
0.4071
0.4121
0.4160
0.4232
0.4379
0.4624
0.4963
0.5363
0.5768
0.6123
0.6382
0.6528
0.6570
0.6542
0.6485
0.6436
0.6415
0.6420
0.6432
0.6425
0.6382
0.6298
0.6192
0.6091
0.6032
0.6037
0.6118
0.6265
0.6458
0.6669
0.6872
0.7047
0.7180
0.7260
0.7279
0.7222
0.7075
0.6823
0.6463
0.6006
0.5482
0.4939
0.4434
0.4021
0.3739
0.3606
0.3614
0.3732
0.3917
0.4123
0.4311
0.4459
0.4558
0.4620
0.4665
0.4722
0.4818
0.4972
0.5193
0.5471
0.5784
0.6096
0.6371
0.6576
0.6691
0.6712
0.6641
0.6488
0.6257
0.5948
0.5563
0.5107
0.4604
0.4092
0.3619
0.3229
0.2954
0.2801
0.2759
0.2800
0.2897
0.3026
0.3168
0.3315
0.3456
0.3584
0.3691
0.3775
0.3834
0.3874
0.3898
0.3913
0.3922
0.3933
0.3958
0.4013
0.4118
0.4289
0.4534
0.4844
0.5199
0.5567
0.5913
0.6210
0.6444
0.6616
0.6740
0.6840
0.6944
0.7073
0.7241
0.7451
0.7693
0.7955
0.8216
0.8463
0.8683
0.8870
0.9022
0.9137
0.9214
0.9256
0.9262
0.9240
0.9198
0.9153
0.9114
0.9096
0.9095
0.9113
0.9132
0.9158
0.9175
0.9198
0.9215
0.9242
0.9252
0.9314
0.9318
0.9413
0.9364
0.9404
0.9292
0.9286
0.9215
0.9232
0.9207
0.9231
0.9205
0.9221
0.9172
0.9162
0.9150
0.9241
0.9271
0.9409
0.9120
0.8823
0.8682
0.9354
0.9187
0.9662
0.8287
0.8609
0.7155
0.6931
0.5610
0.5268
0.5026
0.4862
0.4733
0.4645
0.4594
0.4594
0.4640
0.4727
0.4830
0.4923
0.4980
0.4982
0.4932
0.4847
0.4755
0.4688
0.4661
0.4675
0.4709
0.4731
0.4706
0.4608
0.4424
0.4155
0.3812
0.3414
0.2984
0.2547
0.2133
0.1773
0.1498
0.1325
0.1253
0.1258
0.1299
0.1326
0.1296
0.1183
0.0978
0.0691
0.0336
-0.0069
-0.0508
-0.0968
-0.1434
-0.1890
-0.2322
-0.2719
-0.3073
-0.3385
-0.3653
-0.3882
-0.4071
-0.4225
-0.4347
-0.4446
-0.4530
-0.4610
-0.4697
-0.4803
-0.4940
-0.5120
-0.5355
-0.5648
-0.5993
-0.6375
-0.6768
-0.7149
-0.7499
-0.7817
-0.8114
-0.8409
-0.8720
-0.9046
-0.9370
-0.9654
-0.9855
-0.9938
-0.9885
-0.9704
-0.9417
-0.9057
-0.8653
-0.8227
-0.7788
-0.7342
-0.6884
-0.6411
-0.5915
-0.5389
-0.4830
-0.4240
-0.3631
-0.3027
-0.2452
-0.1928
-0.1465
-0.1065
-0.0718
-0.0411
-0.0135
0.0118
0.0349
0.0553
0.0723
0.0847
0.0917
0.0925
0.0874
0.0780
0.0669
0.0574
0.0523
0.0536
0.0612
0.0738
0.0890
0.1047
0.1196
0.1334
0.1465
0.1593
0.1719
0.1844
0.1969
0.2100
0.2252
0.2440
0.2679
0.2974
0.3317
0.3690
0.4066
0.4420
0.4733
0.5000
0.5229
0.5439
0.5654
0.5894
0.6162
0.6446
0.6721
0.6957
0.7128
0.7224
0.7248
0.7215
0.7144
0.7052
0.6951
0.6844
0.6731
0.6609
0.6475
0.6328
0.6177
0.6039
0.5936
0.5897
0.5941
0.6071
0.6272
0.6510
0.6742
0.6933
0.7063
0.7136
0.7176
0.7214
0.7277
0.7370
0.7481
0.7580
0.7640
0.7643
0.7595
0.7520
0.7453
0.7430
0.7473
0.7586
0.7751
0.7937
0.8110
0.8238
0.8302
0.8299
0.8240
0.8142
0.8026
0.7907
0.7795
0.7695
0.7606
0.7528
0.7458
0.7395
0.7334
0.7265
0.7179
0.7065
0.6915
0.6723
0.6490
0.6218
0.5923
0.5622
0.5346
0.5123
0.4975
0.4908
0.4909
0.4948
0.4986
0.4993
0.4957
0.4884
0.4798
0.4723
0.4678
0.4661
0.4657
0.4641
0.4593
0.4503
0.4373
0.4220
0.4066
0.3932
0.3835
0.3779
0.3759
0.3760
0.3765
0.3758
0.3730
0.3678
0.3607
0.3520
0.3419
0.3305
0.3175
0.3027
0.2864
0.2696
0.2536
0.2399
0.2300
0.2249
0.2248
0.2291
0.2362
0.2434
0.2479
0.2468
0.2381
0.2217
0.1996
0.1754
0.1541
0.1407
0.1383
0.1475
0.1658
0.1885
0.2098
0.2251
0.2313
0.2282
0.2177
0.2028
0.1864
0.1709
0.1570
0.1451
0.1344
0.1243
0.1145
0.1053
0.0978
0.0934
0.0938
0.1002
0.1134
0.1334
0.1597
0.1912
0.2270
0.2658
0.3061
0.3461
0.3838
0.4165
0.4421
0.4593
0.4682
0.4702
0.4681
0.4649
0.4630
0.4634
0.4657
0.4690
0.4719
0.4738
0.4747
0.4754
0.4767
0.4791
0.4825
0.4869
0.4921
0.4987
0.5077
0.5201
0.5365
0.5567
0.5793
0.6021
0.6230
0.6403
0.6528
0.6605
0.6641
0.6644
0.6626
0.6600
0.6577
0.6575
0.6612
0.6704
0.6859
0.7074
0.7329
0.7596
0.7840
0.8039
0.8180
0.8273
0.8335
0.8388
0.8446
0.8506
0.8552
0.8561
0.8511
0.8391
0.8201
0.7957
0.7682
0.7401
0.7137
0.6908
0.6721
0.6576
0.6463
0.6369
0.6281
0.6187
0.6085
0.5980
0.5881
0.5804
0.5758
0.5750
0.5775
0.5824
0.5885
0.5947
0.6002
0.6047
0.6083
0.6110
0.6130
0.6145
0.6156
0.6167
0.6186
0.6221
0.6282
0.6376
0.6507
0.6672
0.6860
0.7055
0.7238
0.7392
0.7504
0.7571
0.7603
0.7622
0.7656
0.7732
0.7865
0.8053
0.8275
0.8500
0.8695
0.8837
0.8913
0.8930
0.8903
0.8854
0.8806
0.8775
0.8770
0.8790
0.8831
0.8883
0.8935
0.8982
0.9023
0.9060
0.9100
0.9149
0.9199
0.9242
0.9249
0.9207
0.9096
0.8928
0.8707
0.8457
0.8186
0.7908
0.7624
0.7345
0.7082
0.6852
0.6675
0.6566
0.6532
0.6566
0.6649
0.6753
0.6841
0.6875
0.6822
0.6652
0.6344
0.5886
0.5280
0.4544
0.3715
0.2845
0.1996
0.1230
0.0602
0.0144
-0.0124
-0.0209
-0.0125
0.0095
0.0412
0.0782
0.1157
0.1500
0.1788
0.2015
0.2196
0.2356
0.2520
0.2701
0.2899
0.3100
0.3285
0.3440
0.3557
0.3645
0.3717
0.3791
0.3879
0.3989
0.4123
0.4277
0.4451
0.4641
0.4845
0.5052
0.5253
0.5434
0.5591
0.5728
0.5862
0.6014
0.6203
0.6432
0.6690
0.6952
0.7189
0.7373
0.7487
0.7527
0.7496
0.7408
0.7277
0.7119
0.6949
0.6781
0.6618
0.6460
0.6296
0.6113
0.5896
0.5639
0.5340
0.5009
0.4657
0.4299
0.3948
0.3614
0.3304
0.3025
0.2776
0.2562
0.2388
0.2262
0.2194
0.2187
0.2231
0.2302
0.2365
0.2377
0.2302
0.2117
0.1820
0.1425
0.0967
0.0493
0.0057
-0.0289
-0.0502
-0.0566
-0.0485
-0.0299
-0.0058
0.0173
0.0344
0.0418
0.0386
0.0257
0.0060
-0.0167
-0.0386
-0.0564
-0.0680
-0.0724
-0.0701
-0.0619
-0.0492
-0.0330
-0.0141
0.0067
0.0280
0.0478
0.0639
0.0735
0.0752
0.0683
0.0540
0.0341
0.0107
-0.0144
-0.0398
-0.0643
-0.0869
-0.1063
-0.1214
-0.1315
-0.1364
-0.1368
-0.1338
-0.1290
-0.1237
-0.1195
-0.1172
-0.1175
-0.1206
-0.1256
-0.1316
-0.1366
-0.1386
-0.1360
-0.1277
-0.1141
-0.0967
-0.0783
-0.0623
-0.0515
-0.0479
-0.0511
-0.0591
-0.0679
-0.0733
-0.0718
-0.0621
-0.0451
-0.0243
-0.0043
0.0099
0.0145
0.0073
-0.0111
-0.0385
-0.0710
-0.1040
-0.1337
-0.1578
-0.1762
-0.1908
-0.2051
-0.2225
-0.2457
-0.2760
-0.3128
-0.3540
-0.3968
-0.4381
-0.4753
-0.5065
-0.5308
-0.5481
-0.5590
-0.5645
-0.5659
-0.5643
-0.5607
-0.5552
-0.5473
-0.5363
-0.5212
-0.5024
-0.4807
-0.4579
-0.4356
-0.4150
-0.3954
-0.3751
-0.3519
-0.3239
-0.2901
-0.2516
-0.2101
-0.1680
-0.1269
-0.0867
-0.0462
-0.0029
0.0457
0.1011
0.1637
0.2322
0.3046
0.3783
0.4506
0.5188
0.5802
0.6327
0.6746
0.7055
0.7264
0.7395
0.7476
0.7535
0.7594
0.7660
0.7735
0.7814
0.7895
0.7979
0.8071
0.8178
0.8301
0.8438
0.8577
0.8708
0.8815
0.8884
0.8902
0.8857
0.8738
0.8537
0.8255
0.7899
0.7490
0.7056
0.6629
0.6234
0.5890
0.5604
0.5371
0.5178
0.5009
0.4847
0.4682
0.4509
0.4337
0.4176
0.4041
0.3943
0.3883
0.3848
0.3815
0.3756
0.3645
0.3467
0.3226
0.2942
0.2654
0.2409
0.2255
0.2234
0.2368
0.2661
0.3093
0.3626
0.4209
0.4792
0.5330
0.5789
0.6154
0.6421
0.6603
0.6722
0.6810
0.6892
0.6988
0.7099
0.7208
0.7283
0.7288
0.7195
0.7001
0.6723
0.6405
0.6095
0.5839
0.5662
0.5565
0.5533
0.5538
0.5556
0.5577
0.5602
0.5644
0.5721
0.5842
0.6005
0.6191
0.6371
0.6505
0.6563
0.6525
0.6392
0.6186
0.5942
0.5700
0.5496
0.5351
0.5276
0.5269
0.5319
0.5414
0.5538
0.5675
0.5805
0.5905
0.5953
0.5936
0.5851
0.5713
0.5546
0.5381
0.5242
0.5146
0.5101
0.5112
0.5185
0.5332
0.5561
0.5873
0.6253
0.6672
0.7084
0.7441
0.7700
0.7832
0.7827
0.7694
0.7454
0.7137
0.6770
0.6379
0.5985
0.5608
0.5269
0.4994
0.4810
0.4737
0.4786
0.4946
0.5188
0.5465
0.5727
0.5929
0.6040
0.6058
0.5996
0.5887
0.5763
0.5655
0.5581
0.5550
0.5560
0.5608
0.5688
0.5796
0.5923
0.6065
0.6214
0.6365
0.6510
0.6639
0.6740
0.6795
0.6787
0.6701
0.6532
0.6289
0.5996
0.5688
0.5409
0.5200
0.5092
0.5091
0.5181
0.5322
0.5469
0.5583
0.5651
0.5684
0.5711
0.5761
0.5849
0.5967
0.6091
0.6184
0.6216
0.6167
0.6033
0.5818
0.5538
0.5213
0.4872
0.4544
0.4260
0.4045
0.3912
0.3859
0.3871
0.3925
0.3991
0.4044
0.4055
0.4006
0.3878
0.3668
0.3385
0.3056
0.2716
0.2399
0.2125
0.1899
0.1701
0.1505
0.1291
0.1052
0.0801
0.0564
0.0364
0.0214
0.0107
0.0017
-0.0084
-0.0220
-0.0394
-0.0586
-0.0762
-0.0880
-0.0909
-0.0834
-0.0664
-0.0427
-0.0159
0.0105
0.0341
0.0540
0.0708
0.0861
0.1019
0.1203
0.1423
0.1683
0.1970
0.2261
0.2524
0.2722
0.2821
0.2801
0.2658
0.2409
0.2093
0.1760
0.1465
0.1257
0.1170
0.1217
0.1391
0.1660
0.1977
0.2293
0.2557
0.2739
0.2828
0.2838
0.2802
0.2765
0.2770
0.2848
0.3012
0.3252
0.3541
0.3841
0.4116
0.4338
0.4502
0.4619
0.4721
0.4841
0.5017
0.5267
0.5595
0.5984
0.6404
0.6811
0.7157
0.7401
0.7513
0.7484
0.7328
0.7081
0.6790
0.6506
0.6264
0.6084
0.5963
0.5878
0.5797
0.5687
0.5526
0.5308
0.5049
0.4777
0.4527
0.4332
0.4213
0.4178
0.4217
0.4307
0.4417
0.4508
0.4541
0.4489
0.4336
0.4083
0.3747
0.3355
0.2933
0.2506
0.2093
0.1705
0.1348
0.1026
0.0741
0.0492
0.0271
0.0072
-0.0121
-0.0323
-0.0549
-0.0808
-0.1102
-0.1422
-0.1749
-0.2058
-0.2320
-0.2508
-0.2603
-0.2589
-0.2459
-0.2210
-0.1852
-0.1405
-0.0908
-0.0408
0.0037
0.0373
0.0558
0.0573
0.0420
0.0131
-0.0248
-0.0660
-0.1045
-0.1352
-0.1543
-0.1591
-0.1490
-0.1245
-0.0875
-0.0406
0.0129
0.0693
0.1248
0.1763
0.2215
0.2597
0.2923
0.3217
0.3517
0.3854
0.4247
0.4689
0.5156
0.5606
0.6001
0.6316
0.6552
0.6730
0.6885
0.7046
0.7229
0.7430
0.7630
0.7800
0.7917
0.7964
0.7935
0.7832
0.7667
0.7457
0.7227
0.7005
0.6821
0.6696
0.6647
0.6670
0.6753
0.6872
0.7004
0.7127
0.7230
0.7309
0.7369
0.7417
0.7459
0.7499
0.7539
0.7577
0.7615
0.7651
0.7684
0.7710
0.7722
0.7715
0.7678
0.7602
0.7478
0.7292
0.7034
0.6697
0.6285
0.5812
0.5305
0.4797
0.4317
0.3891
0.3533
0.3248
0.3030
0.2871
0.2751
0.2651
0.2547
0.2421
0.2256
0.2044
0.1782
0.1471
0.1117
0.0726
0.0308
-0.0123
-0.0548
-0.0944
-0.1284
-0.1549
-0.1727
-0.1822
-0.1854
-0.1850
-0.1842
-0.1851
-0.1890
-0.1959
-0.2052
-0.2160
-0.2282
-0.2419
-0.2581
-0.2771
-0.2996
-0.3251
-0.3529
-0.3815
-0.4092
-0.4344
-0.4557
-0.4721
-0.4830
-0.4878
-0.4859
-0.4767
-0.4598
-0.4352
-0.4038
-0.3674
-0.3282
-0.2888
-0.2515
-0.2176
-0.1876
-0.1613
-0.1376
-0.1160
-0.0955
-0.0759
-0.0567
-0.0376
-0.0175
0.0044
0.0293
0.0577
0.0891
0.1214
0.1516
0.1760
0.1915
0.1968
0.1930
0.1838
0.1745
0.1707
0.1767
0.1938
0.2203
0.2515
0.2810
0.3020
0.3091
0.2997
0.2745
0.2375
0.1949
0.1532
0.1179
0.0915
0.0738
0.0622
0.0536
0.0455
0.0377
0.0315
0.0298
0.0351
0.0490
0.0707
0.0973
0.1249
0.1492
0.1664
0.1741
0.1717
0.1598
0.1405
0.1172
0.0940
0.0754
0.0657
0.0675
0.0816
0.1062
0.1375
0.1704
0.2002
0.2230
0.2373
0.2434
0.2438
0.2421
0.2423
0.2482
0.2626
0.2866
0.3202
0.3620
0.4095
0.4599
0.5101
0.5568
0.5973
0.6294
0.6520
0.6652
0.6700
0.6682
0.6614
0.6505
0.6361
0.6184
0.5980
0.5755
0.5528
0.5309
0.5113
0.4939
0.4786
0.4645
0.4516
0.4404
0.4318
0.4269
0.4259
0.4281
0.4318
0.4351
0.4370
0.4373
0.4371
0.4378
0.4406
0.4452
0.4505
0.4549
0.4573
0.4576
0.4569
0.4562
0.4562
0.4554
0.4514
0.4415
0.4244
0.4015
0.3770
0.3565
0.3449
0.3446
0.3541
0.3690
0.3834
0.3922
0.3922
0.3829
0.3657
0.3433
0.3178
0.2913
0.2655
0.2421
0.2233
0.2115
0.2083
0.2141
0.2271
0.2438
0.2594
0.2692
0.2699
0.2603
0.2415
0.2165
0.1893
0.1643
0.1450
0.1336
0.1303
0.1335
0.1400
0.1465
0.1494
0.1470
0.1388
0.1257
0.1101
0.0940
0.0798
0.0692
0.0638
0.0649
0.0740
0.0915
0.1169
0.1476
0.1794
0.2071
0.2254
0.2311
0.2233
0.2041
0.1777
0.1499
0.1257
0.1090
0.1011
0.1013
0.1065
0.1124
0.1147
0.1102
0.0974
0.0766
0.0504
0.0222
-0.0044
-0.0269
-0.0444
-0.0577
-0.0689
-0.0806
-0.0949
-0.1122
-0.1315
-0.1505
-0.1661
-0.1763
-0.1800
-0.1779
-0.1722
-0.1656
-0.1611
-0.1609
-0.1667
-0.1790
-0.1976
-0.2217
-0.2491
-0.2773
-0.3029
-0.3228
-0.3350
-0.3393
-0.3375
-0.3334
-0.3312
-0.3340
-0.3431
-0.3567
-0.3718
-0.3844
-0.3921
-0.3944
-0.3933
-0.3924
-0.3955
-0.4052
-0.4224
-0.4459
-0.4730
-0.5003
-0.5254
-0.5469
-0.5652
-0.5816
-0.5980
-0.6159
-0.6357
-0.6570
-0.6786
-0.6984
-0.7146
-0.7250
-0.7282
-0.7230
-0.7096
-0.6888
-0.6629
-0.6345
-0.6068
-0.5822
-0.5627
-0.5495
-0.5428
-0.5428
-0.5489
-0.5609
-0.5781
-0.6001
-0.6264
-0.6566
-0.6897
-0.7245
-0.7591
-0.7912
-0.8181
-0.8378
-0.8490
-0.8519
-0.8481
-0.8402
-0.8313
-0.8240
-0.8193
-0.8168
-0.8142
-0.8085
-0.7970
-0.7778
-0.7508
-0.7172
-0.6794
-0.6397
-0.6003
-0.5627
-0.5277
-0.4953
-0.4650
-0.4356
-0.4053
-0.3724
-0.3356
-0.2947
-0.2504
-0.2041
-0.1570
-0.1094
-0.0606
-0.0091
0.0460
0.1049
0.1662
0.2272
0.2853
0.3381
0.3847
0.4248
0.4590
0.4877
0.5111
0.5293
0.5428
0.5530
0.5617
0.5712
0.5834
0.5992
0.6183
0.6396
0.6615
0.6823
0.7012
0.7177
0.7321
0.7450
0.7570
0.7686
0.7797
0.7901
0.7989
0.8050
0.8068
0.8033
0.7939
0.7798
0.7630
0.7467
0.7337
0.7256
0.7225
0.7225
0.7228
0.7204
0.7136
0.7020
0.6866
0.6693
0.6520
0.6366
0.6244
0.6164
0.6132
0.6142
0.6181
0.6228
0.6257
0.6254
0.6217
0.6170
0.6145
0.6180
0.6299
0.6503
0.6770
0.7062
0.7336
0.7562
0.7726
0.7837
0.7917
0.7993
0.8087
0.8210
0.8359
0.8524
0.8687
0.8832
0.8948
0.9028
0.9070
0.9073
0.9035
0.8956
0.8838
0.8692
0.8535
0.8395
0.8298
0.8268
0.8313
0.8426
0.8583
0.8753
0.8901
0.8996
0.9017
0.8953
0.8802
0.8566
0.8253
0.7867
0.7421
0.6931
0.6424
0.5929
0.5484
0.5114
0.4833
0.4632
0.4490
0.4373
0.4253
0.4110
0.3938
0.3740
0.3527
0.3305
0.3086
0.2879
0.2704
0.2582
0.2543
0.2615
0.2815
0.3142
0.3575
0.4071
0.4579
0.5048
0.5440
0.5741
0.5954
0.6099
0.6198
0.6271
0.6321
0.6343
0.6322
0.6247
0.6111
0.5923
0.5702
0.5478
0.5284
0.5150
0.5092
0.5112
0.5191
0.5300
0.5403
0.5473
0.5498
0.5487
0.5464
0.5459
0.5492
0.5565
0.5656
0.5729
0.5752
0.5705
0.5592
0.5443
0.5293
0.5175
0.5105
0.5078
0.5075
0.5074
0.5060
0.5034
0.5007
0.4992
0.4997
0.5013
0.5019
0.4989
0.4899
0.4747
0.4547
0.4332
0.4134
0.3977
0.3863
0.3777
0.3700
0.3615
0.3523
0.3434
0.3363
0.3310
0.3261
0.3183
0.3043
0.2817
0.2498
0.2107
0.1677
0.1250
0.0857
0.0518
0.0232
-0.0018
-0.0258
-0.0514
-0.0801
-0.1118
-0.1451
-0.1772
-0.2055
-0.2278
-0.2433
-0.2521
-0.2549
-0.2524
-0.2454
-0.2345
-0.2205
-0.2046
-0.1882
-0.1724
-0.1578
-0.1441
-0.1304
-0.1154
-0.0980
-0.0776
-0.0542
-0.0292
-0.0047
0.0162
0.0305
0.0355
0.0303
0.0154
-0.0068
-0.0329
-0.0585
-0.0799
-0.0937
-0.0979
-0.0916
-0.0761
-0.0543
-0.0309
-0.0116
-0.0024
-0.0080
-0.0311
-0.0717
-0.1275
-0.1944
-0.2677
-0.3428
-0.4160
-0.4840
-0.5446
-0.5964
-0.6391
-0.6734
-0.7015
-0.7266
-0.7521
-0.7807
-0.8141
-0.8518
-0.8921
-0.9322
-0.9692
-1.0009
-1.0259
-1.0441
-1.0561
-1.0631
-1.0664
-1.0672
-1.0666
-1.0654
-1.0638
-1.0615
-1.0581
-1.0528
-1.0443
-1.0314
-1.0131
-0.9888
-0.9587
-0.9242
-0.8868
-0.8489
-0.8123
-0.7782
-0.7473
-0.7199
-0.6958
-0.6750
-0.6573
-0.6424
-0.6294
-0.6162
-0.6002
-0.5779
-0.5470
-0.5062
-0.4570
-0.4028
-0.3482
-0.2972
-0.2521
-0.2130
-0.1782
-0.1448
-0.1106
-0.0743
-0.0362
0.0024
0.0399
0.0748
0.1065
0.1352
0.1619
0.1881
0.2154
0.2448
0.2763
0.3094
0.3429
0.3759
0.4074
0.4364
0.4623
0.4841
0.5007
0.5116
0.5168
0.5174
0.5154
0.5132
0.5125
0.5144
0.5191
0.5258
0.5333
0.5404
0.5458
0.5491
0.5502
0.5498
0.5489
0.5484
0.5489
0.5503
0.5517
0.5517
0.5490
0.5425
0.5319
0.5174
0.4996
0.4798
0.4597
0.4410
0.4255
0.4144
0.4083
0.4067
0.4083
0.4117
0.4157
0.4194
0.4230
0.4268
0.4315
0.4367
0.4420
0.4456
0.4459
0.4413
0.4312
0.4160
0.3971
0.3765
0.3561
0.3373
0.3204
0.3053
0.2911
0.2771
0.2627
0.2478
0.2325
0.2167
0.2007
0.1843
0.1676
0.1508
0.1338
0.1163
0.0977
0.0770
0.0533
0.0256
-0.0066
-0.0435
-0.0844
-0.1284
-0.1732
-0.2161
-0.2539
-0.2836
-0.3036
-0.3140
-0.3172
-0.3170
-0.3175
-0.3223
-0.3331
-0.3501
-0.3721
-0.3971
-0.4227
-0.4465
-0.4660
-0.4795
-0.4859
-0.4854
-0.4796
-0.4708
-0.4614
-0.4533
-0.4477
-0.4443
-0.4425
-0.4408
-0.4382
-0.4340
-0.4280
-0.4205
-0.4119
-0.4025
-0.3921
-0.3802
-0.3661
-0.3495
-0.3304
-0.3094
-0.2871
-0.2642
-0.2404
-0.2151
-0.1875
-0.1573
-0.1253
-0.0936
-0.0654
-0.0441
-0.0320
-0.0297
-0.0360
-0.0479
-0.0618
-0.0745
-0.0838
-0.0890
-0.0908
-0.0906
-0.0901
-0.0903
-0.0913
-0.0924
-0.0927
-0.0916
-0.0898
-0.0897
-0.0953
-0.1112
-0.1414
-0.1880
-0.2503
-0.3244
-0.4044
-0.4836
-0.5560
-0.6173
-0.6654
-0.6996
-0.7205
-0.7288
-0.7252
-0.7108
-0.6874
-0.6576
-0.6247
-0.5921
-0.5622
-0.5366
-0.5150
-0.4967
-0.4803
-0.4645
-0.4490
-0.4336
-0.4191
-0.4062
-0.3960
-0.3893
-0.3866
-0.3882
-0.3938
-0.4027
-0.4137
-0.4251
-0.4351
-0.4419
-0.4442
-0.4411
-0.4322
-0.4174
-0.3968
-0.3710
-0.3412
-0.3090
-0.2772
-0.2492
-0.2285
-0.2178
-0.2186
-0.2300
-0.2488
-0.2699
-0.2877
-0.2974
-0.2965
-0.2853
-0.2675
-0.2481
-0.2333
-0.2281
-0.2358
-0.2568
-0.2890
-0.3278
-0.3668
-0.3995
-0.4207
-0.4276
-0.4207
-0.4035
-0.3807
-0.3571
-0.3360
-0.3185
-0.3043
-0.2919
-0.2801
-0.2684
-0.2566
-0.2455
-0.2357
-0.2276
-0.2209
-0.2153
-0.2095
-0.2026
-0.1931
-0.1804
-0.1642
-0.1449
-0.1229
-0.0991
-0.0739
-0.0475
-0.0195
0.0102
0.0415
0.0738
0.1061
0.1366
0.1640
0.1870
0.2051
0.2183
0.2274
0.2335
0.2384
0.2435
0.2500
0.2581
0.2673
0.2759
0.2818
0.2832
0.2790
0.2690
0.2540
0.2353
0.2151
0.1959
0.1806
0.1723
0.1728
0.1826
0.2000
0.2214
0.2425
0.2595
0.2694
0.2714
0.2651
0.2512
0.2305
0.2037
0.1728
0.1402
0.1090
0.0816
0.0589
0.0392
0.0191
-0.0057
-0.0382
-0.0789
-0.1254
-0.1732
-0.2173
-0.2536
-0.2804
-0.2981
-0.3092
-0.3167
-0.3237
-0.3322
-0.3433
-0.3571
-0.3728
-0.3889
-0.4037
-0.4154
-0.4226
-0.4249
-0.4223
-0.4159
-0.4065
-0.3951
-0.3821
-0.3676
-0.3514
-0.3338
-0.3151
-0.2959
-0.2771
-0.2598
-0.2447
-0.2326
-0.2239
-0.2186
-0.2160
-0.2155
-0.2166
-0.2188
-0.2227
-0.2289
-0.2385
-0.2522
-0.2704
-0.2928
-0.3181
-0.3443
-0.3687
-0.3886
-0.4020
-0.4081
-0.4072
-0.4007
-0.3901
-0.3763
-0.3596
-0.3395
-0.3160
-0.2902
-0.2647
-0.2435
-0.2307
-0.2292
-0.2394
-0.2589
-0.2833
-0.3076
-0.3278
-0.3417
-0.3493
-0.3519
-0.3507
-0.3464
-0.3386
-0.3262
-0.3078
-0.2830
-0.2527
-0.2190
-0.1852
-0.1551
-0.1317
-0.1169
-0.1108
-0.1121
-0.1181
-0.1268
-0.1364
-0.1470
-0.1593
-0.1749
-0.1947
-0.2190
-0.2460
-0.2735
-0.2983
-0.3180
-0.3306
-0.3361
-0.3352
-0.3299
-0.3227
-0.3160
-0.3115
-0.3100
-0.3109
-0.3131
-0.3146
-0.3145
-0.3127
-0.3106
-0.3102
-0.3140
-0.3227
-0.3364
-0.3526
-0.3688
-0.3818
-0.3895
-0.3905
-0.3850
-0.3736
-0.3576
-0.3388
-0.3197
-0.3032
-0.2927
-0.2912
-0.3007
-0.3212
-0.3508
-0.3863
-0.4234
-0.4583
-0.4879
-0.5104
-0.5251
-0.5322
-0.5323
-0.5266
-0.5161
-0.5021
-0.4856
-0.4674
-0.4482
-0.4287
-0.4099
-0.3928
-0.3789
-0.3697
-0.3662
-0.3690
-0.3781
-0.3931
-0.4138
-0.4394
-0.4693
-0.5021
-0.5364
-0.5702
-0.6020
-0.6305
-0.6552
-0.6765
-0.6954
-0.7135
-0.7324
-0.7537
-0.7779
-0.8048
-0.8326
-0.8589
-0.8811
-0.8974
-0.9070
-0.9104
-0.9092
-0.9057
-0.9021
-0.9002
-0.9009
-0.9041
-0.9084
-0.9119
-0.9122
-0.9070
-0.8948
-0.8750
-0.8485
-0.8172
-0.7842
-0.7533
-0.7280
-0.7107
-0.7020
-0.7007
-0.7038
-0.7083
-0.7111
-0.7106
-0.7057
-0.6959
-0.6800
-0.6566
-0.6242
-0.5821
-0.5309
-0.4731
-0.4120
-0.3511
-0.2935
-0.2408
-0.1941
-0.1537
-0.1197
-0.0921
-0.0705
-0.0540
-0.0410
-0.0300
-0.0202
-0.0114
-0.0045
-0.0009
-0.0017
-0.0078
-0.0194
-0.0361
-0.0571
-0.0815
-0.1082
-0.1356
-0.1620
-0.1856
-0.2055
-0.2208
-0.2320
-0.2393
-0.2435
-0.2454
-0.2460
-0.2461
-0.2476
-0.2520
-0.2607
-0.2743
-0.2924
-0.3132
-0.3346
-0.3544
-0.3712
-0.3850
-0.3966
-0.4074
-0.4185
-0.4305
-0.4427
-0.4539
-0.4624
-0.4671
-0.4676
-0.4646
-0.4600
-0.4563
-0.4559
-0.4613
-0.4737
-0.4936
-0.5195
-0.5491
-0.5786
-0.6041
-0.6222
-0.6312
-0.6312
-0.6245
-0.6145
-0.6046
-0.5971
-0.5925
-0.5894
-0.5856
-0.5788
-0.5675
-0.5521
-0.5342
-0.5166
-0.5024
-0.4942
-0.4932
-0.4992
-0.5107
-0.5254
-0.5409
-0.5549
-0.5661
-0.5737
-0.5778
-0.5789
-0.5780
-0.5764
-0.5750
-0.5739
-0.5726
-0.5697
-0.5631
-0.5513
-0.5331
-0.5088
-0.4797
-0.4483
-0.4173
-0.3894
-0.3665
-0.3496
-0.3381
-0.3305
-0.3242
-0.3169
-0.3062
-0.2914
-0.2725
-0.2506
-0.2272
-0.2041
-0.1823
-0.1624
-0.1439
-0.1261
-0.1072
-0.0855
-0.0596
-0.0293
0.0041
0.0376
0.0673
0.0892
0.1012
0.1036
0.0990
0.0914
0.0847
0.0813
0.0817
0.0848
0.0886
0.0917
0.0932
0.0930
0.0912
0.0875
0.0813
0.0716
0.0576
0.0392
0.0175
-0.0055
-0.0277
-0.0470
-0.0626
-0.0753
-0.0872
-0.1018
-0.1220
-0.1500
-0.1852
-0.2243
-0.2620
-0.2917
-0.3080
-0.3072
-0.2895
-0.2576
-0.2167
-0.1731
-0.1332
-0.1021
-0.0835
-0.0787
-0.0869
-0.1055
-0.1308
-0.1587
-0.1858
-0.2094
-0.2278
-0.2402
-0.2457
-0.2444
-0.2363
-0.2228
-0.2061
-0.1901
-0.1789
-0.1769
-0.1862
-0.2071
-0.2366
-0.2694
-0.2992
-0.3194
-0.3255
-0.3158
-0.2922
-0.2590
-0.2225
-0.1888
-0.1629
-0.1472
-0.1427
-0.1481
-0.1620
-0.1814
-0.2032
-0.2228
-0.2354
-0.2360
-0.2214
-0.1909
-0.1474
-0.0964
-0.0448
0.0009
0.0363
0.0601
0.0739
0.0813
0.0863
0.0924
0.1009
0.1117
0.1233
0.1344
0.1440
0.1528
0.1622
0.1741
0.1901
0.2110
0.2365
0.2658
0.2974
0.3299
0.3614
0.3902
0.4145
0.4325
0.4427
0.4436
0.4347
0.4160
0.3884
0.3535
0.3129
0.2686
0.2222
0.1754
0.1300
0.0874
0.0490
0.0160
-0.0106
-0.0296
-0.0402
-0.0411
-0.0318
-0.0129
0.0129
0.0414
0.0666
0.0828
0.0850
0.0712
0.0422
0.0019
-0.0448
-0.0924
-0.1374
-0.1781
-0.2152
-0.2509
-0.2881
-0.3290
-0.3747
-0.4239
-0.4737
-0.5198
-0.5575
-0.5830
-0.5950
-0.5948
-0.5866
-0.5758
-0.5672
-0.5639
-0.5664
-0.5727
-0.5800
-0.5859
-0.5889
-0.5886
-0.5856
-0.5804
-0.5734
-0.5649
-0.5554
-0.5457
-0.5369
-0.5307
-0.5286
-0.5318
-0.5415
-0.5582
-0.5821
-0.6130
-0.6503
-0.6928
-0.7390
-0.7862
-0.8307
-0.8679
-0.8928
-0.9014
-0.8916
-0.8644
-0.8239
-0.7769
-0.7306
-0.6915
-0.6638
-0.6486
-0.6444
-0.6475
-0.6536
-0.6581
-0.6571
-0.6480
-0.6297
-0.6025
-0.5682
-0.5296
-0.4897
-0.4510
-0.4151
-0.3822
-0.3515
-0.3207
-0.2874
-0.2492
-0.2050
-0.1552
-0.1025
-0.0513
-0.0062
0.0288
0.0518
0.0631
0.0648
0.0594
0.0489
0.0341
0.0156
-0.0055
-0.0266
-0.0436
-0.0521
-0.0492
-0.0344
-0.0105
0.0169
0.0411
0.0564
0.0591
0.0485
0.0268
-0.0022
-0.0339
-0.0637
-0.0882
-0.1049
-0.1122
-0.1095
-0.0972
-0.0761
-0.0481
-0.0152
0.0201
0.0552
0.0878
0.1163
0.1401
0.1603
0.1788
0.1980
0.2193
0.2425
0.2655
0.2848
0.2974
0.3015
0.2982
0.2904
0.2824
0.2776
0.2780
0.2835
0.2920
0.3008
0.3069
0.3084
0.3042
0.2948
0.2818
0.2680
0.2562
0.2490
0.2476
0.2517
0.2594
0.2680
0.2749
0.2786
0.2794
0.2787
0.2792
0.2832
0.2919
0.3046
0.3189
0.3314
0.3385
0.3381
0.3294
0.3137
0.2934
0.2711
0.2491
0.2285
0.2092
0.1902
0.1699
0.1467
0.1193
0.0873
0.0508
0.0106
-0.0320
-0.0755
-0.1191
-0.1617
-0.2035
-0.2445
-0.2850
-0.3252
-0.3649
-0.4040
-0.4423
-0.4795
-0.5158
-0.5511
-0.5849
-0.6163
-0.6436
-0.6651
-0.6786
-0.6834
-0.6792
-0.6677
-0.6515
-0.6340
-0.6184
-0.6073
-0.6013
-0.5999
-0.6011
-0.6025
-0.6020
-0.5987
-0.5927
-0.5853
-0.5782
-0.5729
-0.5705
-0.5715
-0.5766
-0.5859
-0.6001
-0.6197
-0.6450
-0.6755
-0.7101
-0.7470
-0.7843
-0.8199
-0.8523
-0.8806
-0.9043
-0.9230
-0.9371
-0.9469
-0.9532
-0.9574
-0.9605
-0.9639
-0.9685
-0.9750
-0.9840
-0.9961
-1.0116
-1.0307
-1.0528
-1.0772
-1.1026
-1.1277
-1.1515
-1.1732
-1.1926
-1.2094
-1.2240
-1.2363
-1.2464
-1.2544
-1.2605
-1.2648
-1.2676
-1.2696
-1.2714
-1.2735
-1.2767
-1.2817
-1.2896
-1.3016
-1.3191
-1.3427
-1.3726
-1.4076
-1.4458
-1.4847
-1.5221
-1.5563
-1.5864
-1.6124
-1.6350
-1.6548
-1.6723
-1.6876
-1.7004
-1.7099
-1.7155
-1.7165
-1.7125
-1.7033
-1.6891
-1.6708
-1.6494
-1.6271
-1.6064
-1.5906
-1.5824
-1.5841
-1.5966
-1.6194
-1.6508
-1.6883
-1.7293
-1.7711
-1.8118
-1.8497
-1.8840
-1.9146
-1.9419
-1.9668
-1.9902
-2.0128
-2.0342
-2.0533
-2.0687
-2.0786
-2.0822
-2.0797
-2.0726
-2.0636
-2.0557
-2.0516
-2.0528
-2.0595
-2.0705
-2.0836
-2.0962
-2.1059
-2.1110
-2.1106
-2.1048
-2.0940
-2.0792
-2.0615
-2.0415
-2.0195
-1.9956
-1.9691
-1.9396
-1.9068
-1.8705
-1.8307
-1.7872
-1.7403
-1.6899
-1.6368
-1.5822
-1.5283
-1.4771
-1.4304
-1.3884
-1.3498
-1.3122
-1.2724
-1.2277
-1.1771
-1.1211
-1.0619
-1.0026
-0.9459
-0.8937
-0.8470
-0.8052
-0.7673
-0.7316
-0.6968
-0.6614
-0.6243
-0.5849
-0.5431
-0.5000
-0.4579
-0.4199
-0.3896
-0.3702
-0.3641
-0.3720
-0.3929
-0.4240
-0.4615
-0.5015
-0.5404
-0.5763
-0.6091
-0.6400
-0.6713
-0.7050
-0.7418
-0.7803
-0.8175
-0.8492
-0.8715
-0.8812
-0.8770
-0.8596
-0.8310
-0.7943
-0.7533
-0.7120
-0.6744
-0.6437
-0.6220
-0.6094
-0.6043
-0.6043
-0.6063
-0.6085
-0.6100
-0.6115
-0.6138
-0.6179
-0.6240
-0.6315
-0.6392
-0.6461
-0.6513
-0.6542
-0.6543
-0.6515
-0.6457
-0.6373
-0.6273
-0.6171
-0.6083
-0.6019
-0.5985
-0.5980
-0.6001
-0.6044
-0.6114
-0.6216
-0.6357
-0.6535
-0.6735
-0.6930
-0.7084
-0.7165
-0.7153
-0.7050
-0.6876
-0.6671
-0.6478
-0.6335
-0.6270
-0.6292
-0.6402
-0.6589
-0.6841
-0.7148
-0.7498
-0.7881
-0.8281
-0.8680
-0.9050
-0.9361
-0.9578
-0.9669
-0.9609
-0.9384
-0.8995
-0.8463
-0.7823
-0.7130
-0.6448
-0.5846
-0.5383
-0.5101
-0.5014
-0.5102
-0.5324
-0.5617
-0.5919
-0.6172
-0.6343
-0.6420
-0.6422
-0.6392
-0.6387
-0.6466
-0.6672
-0.7020
-0.7495
-0.8050
-0.8627
-0.9162
-0.9607
-0.9935
-1.0142
-1.0239
-1.0244
-1.0177
-1.0049
-0.9869
-0.9642
-0.9374
-0.9075
-0.8761
-0.8447
-0.8155
-0.7899
-0.7697
-0.7558
-0.7482
-0.7458
-0.7467
-0.7478
-0.7461
-0.7385
-0.7231
-0.6989
-0.6670
-0.6295
-0.5903
-0.5540
-0.5256
-0.5093
-0.5078
-0.5217
-0.5491
-0.5861
-0.6279
-0.6692
-0.7060
-0.7355
-0.7564
-0.7689
-0.7737
-0.7718
-0.7639
-0.7499
-0.7296
-0.7023
-0.6678
-0.6269
-0.5818
-0.5357
-0.4927
-0.4569
-0.4307
-0.4146
-0.4064
-0.4021
-0.3968
-0.3864
-0.3690
-0.3449
-0.3172
-0.2898
-0.2671
-0.2520
-0.2463
-0.2502
-0.2630
-0.2830
-0.3076
-0.3332
-0.3552
-0.3687
-0.3695
-0.3556
-0.3283
-0.2918
-0.2519
-0.2149
-0.1847
-0.1627
-0.1474
-0.1366
-0.1284
-0.1230
-0.1223
-0.1285
-0.1419
-0.1603
-0.1786
-0.1910
-0.1925
-0.1813
-0.1588
-0.1291
-0.0972
-0.0678
-0.0443
-0.0283
-0.0208
-0.0211
-0.0282
-0.0397
-0.0525
-0.0628
-0.0670
-0.0625
-0.0482
-0.0247
0.0055
0.0388
0.0718
0.1015
0.1268
0.1478
0.1657
0.1818
0.1972
0.2114
0.2237
0.2327
0.2377
0.2388
0.2367
0.2322
0.2256
0.2159
0.2008
0.1782
0.1461
0.1050
0.0568
0.0057
-0.0440
-0.0887
-0.1265
-0.1584
-0.1869
-0.2159
-0.2492
-0.2892
-0.3364
-0.3898
-0.4464
-0.5030
-0.5560
-0.6028
-0.6414
-0.6709
-0.6913
-0.7031
-0.7074
-0.7057
-0.6998
-0.6917
-0.6828
-0.6741
-0.6660
-0.6585
-0.6516
-0.6457
-0.6413
-0.6396
-0.6416
-0.6482
-0.6596
-0.6758
-0.6959
-0.7188
-0.7430
-0.7668
-0.7884
-0.8061
-0.8183
-0.8235
-0.8210
-0.8109
-0.7946
-0.7749
-0.7558
-0.7417
-0.7370
-0.7446
-0.7658
-0.7996
-0.8427
-0.8901
-0.9352
-0.9710
-0.9913
-0.9919
-0.9719
-0.9339
-0.8841
-0.8309
-0.7825
-0.7456
-0.7236
-0.7164
-0.7206
-0.7308
-0.7413
-0.7467
-0.7432
-0.7289
-0.7040
-0.6709
-0.6332
-0.5952
-0.5609
-0.5330
-0.5126
-0.4990
-0.4907
-0.4859
-0.4829
-0.4810
-0.4799
-0.4789
-0.4773
-0.4735
-0.4654
-0.4513
-0.4300
-0.4017
-0.3679
-0.3316
-0.2962
-0.2661
-0.2448
-0.2353
-0.2386
-0.2536
-0.2763
-0.3009
-0.3202
-0.3277
-0.3194
-0.2947
-0.2568
-0.2120
-0.1676
-0.1300
-0.1028
-0.0861
-0.0769
-0.0698
-0.0595
-0.0414
-0.0134
0.0243
0.0694
0.1187
0.1688
0.2171
0.2617
0.3015
0.3355
0.3629
0.3823
0.3922
0.3912
0.3789
0.3557
0.3242
0.2878
0.2518
0.2212
0.2008
0.1937
0.2011
0.2214
0.2513
0.2857
0.3194
0.3473
0.3659
0.3733
0.3694
0.3556
0.3344
0.3084
0.2808
0.2546
0.2330
0.2188
0.2145
0.2212
0.2386
0.2642
0.2938
0.3224
0.3452
0.3590
0.3624
0.3564
0.3439
0.3287
0.3155
0.3083
0.3105
0.3233
0.3463
0.3760
0.4077
0.4355
0.4546
0.4620
0.4571
0.4413
0.4172
0.3875
0.3545
0.3204
0.2877
0.2593
0.2385
0.2280
0.2286
0.2391
0.2550
0.2709
0.2808
0.2808
0.2697
0.2496
0.2251
0.2018
0.1848
0.1769
0.1783
0.1866
0.1977
0.2069
0.2104
0.2056
0.1917
0.1686
0.1371
0.0974
0.0503
-0.0036
-0.0626
-0.1245
-0.1863
-0.2452
-0.2993
-0.3478
-0.3911
-0.4306
-0.4683
-0.5065
-0.5475
-0.5931
-0.6442
-0.7004
-0.7597
-0.8187
-0.8731
-0.9186
-0.9523
-0.9729
-0.9807
-0.9780
-0.9677
-0.9529
-0.9371
-0.9234
-0.9149
-0.9148
-0.9258
-0.9501
-0.9885
-1.0404
-1.1028
-1.1710
-1.2385
-1.2987
-1.3464
-1.3794
-1.3991
-1.4099
-1.4178
-1.4283
-1.4441
-1.4649
-1.4879
-1.5095
-1.5265
-1.5374
-1.5418
-1.5403
-1.5331
-1.5201
-1.5005
-1.4739
-1.4401
-1.4003
-1.3556
-1.3079
-1.2580
-1.2068
-1.1545
-1.1020
-1.0502
-1.0007
-0.9550
-0.9143
-0.8791
-0.8499
-0.8265
-0.8090
-0.7975
-0.7914
-0.7896
-0.7905
-0.7917
-0.7909
-0.7858
-0.7755
-0.7599
-0.7408
-0.7211
-0.7050
-0.6956
-0.6950
-0.7025
-0.7152
-0.7283
-0.7373
-0.7379
-0.7278
-0.7058
-0.6717
-0.6261
-0.5709
-0.5096
-0.4475
-0.3911
-0.3469
-0.3196
-0.3110
-0.3187
-0.3376
-0.3603
-0.3804
-0.3930
-0.3969
-0.3933
-0.3852
-0.3754
-0.3653
-0.3542
-0.3401
-0.3206
-0.2946
-0.2627
-0.2276
-0.1929
-0.1625
-0.1391
-0.1241
-0.1173
-0.1171
-0.1210
-0.1261
-0.1292
-0.1281
-0.1212
-0.1085
-0.0914
-0.0728
-0.0558
-0.0437
-0.0382
-0.0395
-0.0455
-0.0527
-0.0568
-0.0542
-0.0435
-0.0258
-0.0048
0.0142
0.0259
0.0267
0.0161
-0.0031
-0.0260
-0.0464
-0.0598
-0.0635
-0.0585
-0.0481
-0.0376
-0.0322
-0.0363
-0.0517
-0.0784
-0.1142
-0.1560
-0.2002
-0.2433
-0.2819
-0.3133
-0.3351
-0.3457
-0.3447
-0.3334
-0.3153
-0.2950
-0.2780
-0.2690
-0.2706
-0.2827
-0.3028
-0.3262
-0.3482
-0.3650
-0.3750
-0.3784
-0.3766
-0.3708
-0.3617
-0.3488
-0.3319
-0.3113
-0.2887
-0.2668
-0.2487
-0.2362
-0.2305
-0.2307
-0.2357
-0.2440
-0.2548
-0.2674
-0.2815
-0.2965
-0.3119
-0.3270
-0.3413
-0.3548
-0.3674
-0.3787
-0.3876
-0.3920
-0.3894
-0.3775
-0.3557
-0.3252
-0.2899
-0.2554
-0.2268
-0.2079
-0.1991
-0.1979
-0.1997
-0.1996
-0.1940
-0.1821
-0.1651
-0.1460
-0.1277
-0.1126
-0.1016
-0.0950
-0.0921
-0.0925
-0.0953
-0.1003
-0.1061
-0.1118
-0.1160
-0.1178
-0.1168
-0.1133
-0.1074
-0.0991
-0.0878
-0.0722
-0.0509
-0.0236
0.0085
0.0422
0.0735
0.0982
0.1140
0.1209
0.1212
0.1188
0.1177
0.1212
0.1309
0.1475
0.1707
0.1995
0.2325
0.2675
0.3016
0.3316
0.3549
0.3696
0.3752
0.3725
0.3631
0.3492
0.3333
0.3176
0.3044
0.2949
0.2899
0.2895
0.2935
0.3022
0.3165
0.3376
0.3663
0.4024
0.4441
0.4879
0.5294
0.5646
0.5905
0.6062
0.6127
0.6122
0.6078
0.6022
0.5982
0.5977
0.6026
0.6142
0.6334
0.6604
0.6941
0.7322
0.7717
0.8093
0.8422
0.8687
0.8883
0.9013
0.9091
0.9126
0.9129
0.9102
0.9044
0.8946
0.8802
0.8616
0.8402
0.8190
0.8011
0.7899
0.7867
0.7915
0.8021
0.8159
0.8301
0.8425
0.8513
0.8550
0.8517
0.8400
0.8187
0.7886
0.7517
0.7121
0.6739
0.6406
0.6135
0.5914
0.5713
0.5498
0.5241
0.4936
0.4603
0.4280
0.4014
0.3835
0.3755
0.3751
0.3781
0.3795
0.3757
0.3654
0.3502
0.3339
0.3209
0.3146
0.3167
0.3264
0.3414
0.3580
0.3730
0.3844
0.3917
0.3954
0.3971
0.3976
0.3970
0.3937
0.3853
0.3695
0.3439
0.3080
0.2620
0.2075
0.1464
0.0812
0.0149
-0.0491
-0.1071
-0.1551
-0.1899
-0.2102
-0.2163
-0.2107
-0.1970
-0.1788
-0.1585
-0.1377
-0.1164
-0.0944
-0.0711
-0.0465
-0.0209
0.0051
0.0306
0.0549
0.0775
0.0979
0.1163
0.1329
0.1486
0.1643
0.1810
0.1997
0.2206
0.2432
0.2656
0.2852
0.2989
0.3041
0.2995
0.2858
0.2655
0.2418
0.2182
0.1970
0.1790
0.1638
0.1506
0.1386
0.1279
0.1191
0.1130
0.1095
0.1080
0.1072
0.1058
0.1030
0.0989
0.0942
0.0901
0.0874
0.0864
0.0865
0.0867
0.0856
0.0825
0.0773
0.0711
0.0654
0.0618
0.0614
0.0644
0.0700
0.0767
0.0830
0.0877
0.0906
0.0919
0.0924
0.0927
0.0932
0.0940
0.0944
0.0942
0.0926
0.0891
0.0833
0.0750
0.0647
0.0529
0.0409
0.0298
0.0210
0.0157
0.0148
0.0188
0.0275
0.0402
0.0560
0.0738
0.0926
0.1123
0.1330
0.1552
0.1793
0.2058
0.2346
0.2652
0.2964
0.3272
0.3562
0.3825
0.4061
0.4279
0.4495
0.4733
0.5015
0.5354
0.5754
0.6199
0.6658
0.7090
0.7449
0.7700
0.7823
0.7826
0.7732
0.7581
0.7410
0.7251
0.7118
0.7012
0.6924
0.6838
0.6744
0.6637
0.6518
0.6397
0.6283
0.6186
0.6113
0.6062
0.6033
0.6020
0.6022
0.6037
0.6065
0.6108
0.6169
0.6244
0.6325
0.6397
0.6440
0.6432
0.6357
0.6207
0.5991
0.5731
0.5462
0.5220
0.5034
0.4923
0.4892
0.4935
0.5038
0.5184
0.5355
0.5533
0.5700
0.5833
0.5914
0.5928
0.5872
0.5754
0.5592
0.5409
0.5227
0.5060
0.4913
0.4785
0.4669
0.4561
0.4457
0.4358
0.4263
0.4172
0.4079
0.3977
0.3853
0.3695
0.3489
0.3229
0.2914
0.2558
0.2183
0.1822
0.1508
0.1272
0.1131
0.1088
0.1125
0.1215
0.1323
0.1424
0.1505
0.1569
0.1633
0.1716
0.1832
0.1981
0.2153
0.2328
0.2482
0.2589
0.2629
0.2578
0.2422
0.2157
0.1796
0.1364
0.0896
0.0428
-0.0016
-0.0420
-0.0776
-0.1078
-0.1315
-0.1470
-0.1532
-0.1499
-0.1390
-0.1245
-0.1116
-0.1056
-0.1107
-0.1285
-0.1580
-0.1958
-0.2369
-0.2760
-0.3087
-0.3322
-0.3458
-0.3509
-0.3499
-0.3460
-0.3416
-0.3386
-0.3371
-0.3373
-0.3391
-0.3431
-0.3500
-0.3605
-0.3743
-0.3904
-0.4064
-0.4202
-0.4295
-0.4333
-0.4313
-0.4242
-0.4134
-0.4009
-0.3887
-0.3789
-0.3725
-0.3697
-0.3688
-0.3670
-0.3604
-0.3459
-0.3219
-0.2894
-0.2519
-0.2146
-0.1827
-0.1599
-0.1476
-0.1446
-0.1479
-0.1542
-0.1602
-0.1645
-0.1665
-0.1675
-0.1689
-0.1725
-0.1796
-0.1903
-0.2039
-0.2187
-0.2328
-0.2450
-0.2551
-0.2649
-0.2771
-0.2946
-0.3196
-0.3523
-0.3911
-0.4330
-0.4749
-0.5135
-0.5462
-0.5710
-0.5854
-0.5877
-0.5763
-0.5512
-0.5141
-0.4689
-0.4205
-0.3740
-0.3338
-0.3027
-0.2816
-0.2695
-0.2640
-0.2623
-0.2612
-0.2581
-0.2512
-0.2396
-0.2235
-0.2040
-0.1830
-0.1625
-0.1446
-0.1306
-0.1204
-0.1128
-0.1060
-0.0982
-0.0891
-0.0800
-0.0735
-0.0727
-0.0791
-0.0924
-0.1101
-0.1290
-0.1461
-0.1605
-0.1730
-0.1849
-0.1975
-0.2101
-0.2202
-0.2245
-0.2203
-0.2066
-0.1849
-0.1588
-0.1324
-0.1095
-0.0918
-0.0793
-0.0705
-0.0635
-0.0564
-0.0482
-0.0391
-0.0299
-0.0216
-0.0152
-0.0105
-0.0068
-0.0023
0.0046
0.0154
0.0305
0.0490
0.0693
0.0891
0.1063
0.1197
0.1288
0.1340
0.1363
0.1371
0.1371
0.1370
0.1365
0.1350
0.1313
0.1245
0.1147
0.1030
0.0918
0.0843
0.0835
0.0915
0.1085
0.1332
0.1627
0.1939
0.2238
0.2505
0.2736
0.2934
0.3111
0.3277
0.3440
0.3595
0.3733
0.3840
0.3900
0.3906
0.3859
0.3776
0.3682
0.3606
0.3579
0.3617
0.3724
0.3888
0.4087
0.4288
0.4465
0.4597
0.4674
0.4702
0.4695
0.4675
0.4660
0.4659
0.4672
0.4685
0.4678
0.4636
0.4549
0.4424
0.4278
0.4137
0.4027
0.3974
0.3988
0.4075
0.4222
0.4409
0.4603
0.4776
0.4898
0.4957
0.4954
0.4901
0.4821
0.4736
0.4661
0.4604
0.4564
0.4536
0.4518
0.4510
0.4519
0.4558
0.4646
0.4797
0.5017
0.5295
0.5603
0.5901
0.6150
0.6328
0.6431
0.6481
0.6507
0.6544
0.6609
0.6708
0.6827
0.6948
0.7044
0.7091
0.7070
0.6968
0.6780
0.6513
0.6178
0.5792
0.5374
0.4940
0.4505
0.4081
0.3674
0.3285
0.2912
0.2551
0.2200
0.1863
0.1553
0.1292
0.1110
0.1030
0.1065
0.1207
0.1422
0.1656
0.1847
0.1934
0.1875
0.1657
0.1296
0.0833
0.0326
-0.0168
-0.0602
-0.0948
-0.1200
-0.1368
-0.1473
-0.1530
-0.1545
-0.1505
-0.1390
-0.1177
-0.0854
-0.0423
0.0092
