0.0796
0.1563
0.2272
0.2666
0.2947
0.3120
0.3327
0.3515
0.3684
0.3559
0.3348
0.2857
0.2573
0.2269
0.2250
0.2205
0.2314
0.2454
0.2712
0.2998
0.3212
0.3318
0.3319
0.3330
0.3434
0.3638
0.3890
0.4013
0.3951
0.3589
0.3146
0.2713
0.2573
0.2770
0.3173
0.3769
0.4183
0.4576
0.4605
0.4485
0.4075
0.3665
0.3465
0.3670
0.4375
0.5315
0.6284
0.6960
0.7273
0.7260
0.6956
0.6589
0.6144
0.5927
0.5933
0.6227
0.6683
0.6937
0.7007
0.6599
0.6184
0.5667
0.5499
0.5454
0.5710
0.6023
0.6468
0.6842
0.7160
0.7293
0.7359
0.7372
0.7434
0.7536
0.7552
0.7498
0.7117
0.6602
0.5702
0.4826
0.3820
0.3173
0.2738
0.2763
0.3027
0.3489
0.3986
0.4404
0.4699
0.4830
0.4831
0.4739
0.4615
0.4491
0.4461
0.4514
0.4761
0.5137
0.5685
0.6295
0.6871
0.7248
0.7341
0.7114
0.6803
0.6485
0.6391
0.6311
0.6183
0.5715
0.4957
0.3931
0.2972
0.2259
0.2035
0.2196
0.2570
0.2891
0.2990
0.3000
0.2980
0.3206
0.3473
0.3827
0.3946
0.3965
0.3875
0.3806
0.3875
0.3916
0.4033
0.4011
0.3966
0.3838
0.3743
0.3744
0.3993
0.4454
0.5145
0.5797
0.6354
0.6682
0.6843
0.6895
0.6850
0.6783
0.6718
0.6745
0.6920
0.7223
0.7607
0.8023
0.8372
0.8688
0.8807
0.9052
0.9062
0.9321
0.9334
0.9466
0.9435
0.9325
0.9264
0.9357
0.8911
0.8747
0.8224
0.9134
1.0996
0.9433
0.9371
0.8277
0.8062
1.2109
1.3779
0.9513
0.9192
0.9622
0.8446
0.8898
0.8540
1.0460
0.8337
1.0278
1.3384
1.1852
0.9948
0.9398
0.8984
0.8892
0.8990
0.8724
0.9369
0.9477
1.5282
1.0316
0.9841
0.7052
0.6500
0.6172
0.5952
0.5731
0.5263
0.4843
0.4356
0.4214
0.4166
0.4416
0.4542
0.4612
0.4483
0.4304
0.4236
0.4373
0.4769
0.5226
0.5567
0.5583
0.5310
0.4848
0.4414
0.4168
0.4155
0.4413
0.4759
0.5117
0.5275
0.5207
0.4886
0.4418
0.3915
0.3463
0.3074
0.2659
0.2092
0.1451
0.0755
0.0459
0.0467
0.0991
0.1541
0.2004
0.2044
0.1771
0.1237
0.0778
0.0337
0.0089
-0.0295
-0.0776
-0.1422
-0.2136
-0.2626
-0.3045
-0.3198
-0.3476
-0.3694
-0.4065
-0.4283
-0.4489
-0.4466
-0.4493
-0.4435
-0.4575
-0.4632
-0.4807
-0.4794
-0.4887
-0.4960
-0.5243
-0.5656
-0.6236
-0.6890
-0.7531
-0.7982
-0.8183
-0.8138
-0.8062
-0.8174
-0.8642
-0.9338
-1.0203
-1.0710
-1.1013
-1.0659
-1.0188
-0.9464
-0.8944
-0.8560
-0.8270
-0.7945
-0.7465
-0.6869
-0.6358
-0.5901
-0.5633
-0.5185
-0.4622
-0.3725
-0.2807
-0.1974
-0.1390
-0.1110
-0.0869
-0.0722
-0.0391
-0.0104
0.0241
0.0458
0.0667
0.0824
0.1010
0.1224
0.1322
0.1349
0.1056
0.0652
0.0167
-0.0127
-0.0070
0.0258
0.0777
0.1161
0.1385
0.1331
0.1271
0.1239
0.1434
0.1732
0.2038
0.2189
0.2176
0.2036
0.2036
0.2168
0.2629
0.3132
0.3748
0.4224
0.4709
0.5078
0.5371
0.5490
0.5418
0.5349
0.5358
0.5750
0.6353
0.7088
0.7596
0.7770
0.7622
0.7398
0.7172
0.7135
0.7043
0.7007
0.6844
0.6728
0.6608
0.6571
0.6492
0.6349
0.6058
0.5650
0.5363
0.5181
0.5464
0.5887
0.6608
0.7199
0.7642
0.7730
0.7474
0.7047
0.6667
0.6637
0.6967
0.7573
0.8067
0.8336
0.8185
0.7855
0.7400
0.7040
0.6864
0.6896
0.7196
0.7606
0.8096
0.8487
0.8743
0.8781
0.8637
0.8361
0.8083
0.7871
0.7775
0.7745
0.7724
0.7640
0.7515
0.7343
0.7278
0.7268
0.7371
0.7394
0.7313
0.7094
0.6837
0.6626
0.6426
0.6163
0.5712
0.5148
0.4571
0.4251
0.4231
0.4577
0.5047
0.5505
0.5650
0.5472
0.4964
0.4458
0.4142
0.4218
0.4528
0.4889
0.5058
0.5008
0.4759
0.4503
0.4164
0.3957
0.3639
0.3545
0.3433
0.3602
0.3777
0.3981
0.4059
0.3916
0.3759
0.3505
0.3456
0.3410
0.3427
0.3374
0.3181
0.2972
0.2646
0.2417
0.2174
0.2072
0.1969
0.1994
0.2026
0.2230
0.2491
0.2794
0.2990
0.2978
0.2732
0.2308
0.1707
0.1099
0.0563
0.0360
0.0633
0.1293
0.2188
0.2805
0.3138
0.2922
0.2647
0.2173
0.1941
0.1643
0.1543
0.1413
0.1407
0.1384
0.1352
0.1231
0.1070
0.0851
0.0703
0.0596
0.0619
0.0779
0.1029
0.1420
0.1778
0.2217
0.2544
0.3000
0.3386
0.3992
0.4483
0.5020
0.5212
0.5221
0.4926
0.4589
0.4309
0.4228
0.4385
0.4649
0.4928
0.5009
0.4938
0.4704
0.4558
0.4514
0.4679
0.4864
0.5035
0.5020
0.4964
0.4825
0.4861
0.4999
0.5337
0.5781
0.6187
0.6578
0.6732
0.6820
0.6753
0.6694
0.6679
0.6652
0.6681
0.6582
0.6504
0.6346
0.6291
0.6349
0.6640
0.7144
0.7783
0.8342
0.8666
0.8653
0.8414
0.8135
0.8010
0.8133
0.8458
0.8799
0.9052
0.9021
0.8844
0.8456
0.8082
0.7640
0.7266
0.6892
0.6638
0.6454
0.6394
0.6367
0.6381
0.6380
0.6352
0.6238
0.6049
0.5752
0.5546
0.5390
0.5506
0.5651
0.5903
0.5988
0.6056
0.6012
0.6062
0.6090
0.6163
0.6159
0.6158
0.6154
0.6196
0.6197
0.6156
0.6074
0.6073
0.6242
0.6524
0.6873
0.7120
0.7358
0.7566
0.7811
0.7976
0.7898
0.7661
0.7257
0.7148
0.7236
0.7763
0.8299
0.8865
0.9163
0.9304
0.9255
0.9121
0.8964
0.8777
0.8653
0.8539
0.8571
0.8649
0.8848
0.8902
0.9091
0.9020
0.9105
0.8994
0.9061
0.9388
0.8878
0.8329
0.9294
1.1986
0.8863
0.8479
0.8620
0.8418
0.8395
0.8025
0.7697
0.7351
0.6959
0.6657
0.6290
0.6104
0.6056
0.6209
0.6516
0.6837
0.7152
0.7303
0.7369
0.7222
0.7003
0.6583
0.6045
0.5214
0.4134
0.2788
0.1472
0.0309
-0.0373
-0.0803
-0.0852
-0.0910
-0.0723
-0.0474
0.0078
0.0734
0.1487
0.2061
0.2416
0.2426
0.2251
0.2080
0.2065
0.2382
0.2806
0.3334
0.3643
0.3842
0.3782
0.3724
0.3553
0.3583
0.3624
0.3902
0.4118
0.4349
0.4442
0.4475
0.4640
0.4872
0.5393
0.5763
0.6071
0.5953
0.5739
0.5516
0.5642
0.6044
0.6680
0.7235
0.7651
0.7838
0.7846
0.7810
0.7662
0.7607
0.7402
0.7247
0.6896
0.6639
0.6373
0.6350
0.6376
0.6431
0.6280
0.5930
0.5453
0.4992
0.4626
0.4310
0.3918
0.3506
0.3047
0.2812
0.2638
0.2589
0.2382
0.2077
0.1754
0.1602
0.1793
0.2225
0.2742
0.3048
0.3046
0.2729
0.2269
0.1739
0.1179
0.0482
-0.0287
-0.1091
-0.1550
-0.1658
-0.1189
-0.0562
0.0223
0.0707
0.1067
0.1065
0.0950
0.0600
0.0171
-0.0271
-0.0719
-0.0949
-0.1168
-0.1072
-0.0999
-0.0682
-0.0500
-0.0308
-0.0245
-0.0175
0.0094
0.0470
0.1051
0.1371
0.1487
0.1121
0.0674
0.0212
-0.0017
-0.0110
-0.0289
-0.0548
-0.1004
-0.1336
-0.1591
-0.1626
-0.1588
-0.1488
-0.1391
-0.1270
-0.1193
-0.1075
-0.1060
-0.0984
-0.1057
-0.1100
-0.1303
-0.1468
-0.1678
-0.1732
-0.1699
-0.1457
-0.1123
-0.0692
-0.0280
0.0022
0.0133
-0.0016
-0.0409
-0.0907
-0.1355
-0.1504
-0.1308
-0.0753
-0.0156
0.0456
0.0686
0.0884
0.0694
0.0499
-0.0042
-0.0694
-0.1396
-0.1978
-0.2164
-0.2153
-0.1871
-0.1727
-0.1702
-0.1929
-0.2367
-0.2874
-0.3489
-0.4100
-0.4638
-0.5176
-0.5402
-0.5681
-0.5672
-0.5842
-0.5819
-0.5851
-0.5676
-0.5513
-0.5442
-0.5494
-0.5703
-0.5651
-0.5453
-0.4867
-0.4366
-0.3940
-0.3822
-0.3860
-0.3960
-0.3964
-0.3784
-0.3336
-0.2718
-0.1969
-0.1353
-0.0884
-0.0685
-0.0577
-0.0458
-0.0137
0.0479
0.1309
0.2259
0.3126
0.3887
0.4587
0.5338
0.6136
0.6911
0.7453
0.7727
0.7713
0.7543
0.7382
0.7279
0.7380
0.7575
0.7824
0.8011
0.7990
0.7983
0.7847
0.7994
0.8099
0.8444
0.8641
0.8876
0.9007
0.9060
0.9120
0.9102
0.9061
0.9046
0.8737
0.8340
0.7635
0.6890
0.6337
0.5818
0.5605
0.5307
0.5196
0.5039
0.5025
0.4961
0.4881
0.4650
0.4353
0.3994
0.3765
0.3581
0.3625
0.3686
0.3937
0.4088
0.4212
0.3998
0.3629
0.3022
0.2463
0.1968
0.1564
0.1410
0.1389
0.1836
0.2495
0.3459
0.4393
0.5197
0.5830
0.6245
0.6626
0.6840
0.7025
0.6942
0.6831
0.6558
0.6582
0.6708
0.7248
0.7676
0.8089
0.8047
0.7714
0.7065
0.6239
0.5540
0.5024
0.4973
0.5205
0.5563
0.5829
0.5815
0.5691
0.5496
0.5400
0.5415
0.5461
0.5713
0.5989
0.6580
0.6992
0.7368
0.7249
0.6878
0.6333
0.5745
0.5381
0.5026
0.4962
0.4912
0.5083
0.5212
0.5375
0.5444
0.5565
0.5746
0.6089
0.6419
0.6598
0.6416
0.5913
0.5308
0.4908
0.4797
0.4990
0.5090
0.5136
0.4958
0.4867
0.4933
0.5284
0.5880
0.6652
0.7397
0.8083
0.8452
0.8662
0.8483
0.8208
0.7671
0.7196
0.6720
0.6353
0.6003
0.5617
0.5123
0.4669
0.4189
0.4013
0.3989
0.4360
0.4899
0.5608
0.6248
0.6674
0.6781
0.6569
0.6169
0.5761
0.5449
0.5350
0.5325
0.5469
0.5458
0.5573
0.5478
0.5654
0.5776
0.6121
0.6323
0.6448
0.6476
0.6530
0.6814
0.7062
0.7364
0.7228
0.7005
0.6525
0.6129
0.5681
0.5175
0.4610
0.4191
0.4149
0.4636
0.5453
0.6198
0.6489
0.6217
0.5589
0.5130
0.4992
0.5411
0.5932
0.6501
0.6733
0.6770
0.6541
0.6298
0.6005
0.5790
0.5450
0.4999
0.4363
0.3751
0.3372
0.3303
0.3575
0.3809
0.4076
0.4025
0.4165
0.4131
0.4416
0.4380
0.4357
0.3832
0.3209
0.2381
0.1794
0.1465
0.1551
0.1784
0.2004
0.1891
0.1429
0.0724
0.0042
-0.0313
-0.0323
-0.0039
0.0264
0.0405
0.0330
-0.0032
-0.0532
-0.1139
-0.1594
-0.1760
-0.1525
-0.1005
-0.0399
0.0105
0.0419
0.0644
0.0737
0.0848
0.0812
0.0844
0.0886
0.1113
0.1460
0.1851
0.2312
0.2720
0.3213
0.3513
0.3657
0.3376
0.2860
0.2144
0.1488
0.0933
0.0581
0.0389
0.0473
0.0754
0.1348
0.1998
0.2739
0.3188
0.3488
0.3371
0.3184
0.2746
0.2468
0.2173
0.2222
0.2441
0.2909
0.3529
0.4034
0.4645
0.4827
0.5066
0.4760
0.4598
0.4299
0.4420
0.4745
0.5276
0.5834
0.6370
0.6960
0.7603
0.8195
0.8501
0.8407
0.7849
0.7195
0.6486
0.6102
0.5772
0.5651
0.5628
0.5744
0.6062
0.6207
0.6169
0.5726
0.5105
0.4517
0.4087
0.3862
0.3781
0.3777
0.3905
0.4108
0.4435
0.4779
0.5081
0.5196
0.5004
0.4562
0.3891
0.3323
0.2766
0.2414
0.1987
0.1629
0.1206
0.0859
0.0534
0.0303
0.0124
0.0038
-0.0094
-0.0183
-0.0388
-0.0514
-0.0839
-0.1188
-0.1821
-0.2335
-0.2828
-0.2964
-0.3038
-0.2979
-0.2947
-0.2805
-0.2446
-0.1865
-0.1066
-0.0172
0.0611
0.1306
0.1547
0.1592
0.1139
0.0573
-0.0171
-0.0869
-0.1485
-0.1980
-0.2303
-0.2351
-0.2202
-0.1750
-0.1295
-0.0663
-0.0091
0.0689
0.1463
0.2214
0.2807
0.3061
0.3234
0.3155
0.3240
0.3268
0.3660
0.4197
0.5175
0.6085
0.6907
0.7153
0.7018
0.6642
0.6407
0.6516
0.6916
0.7484
0.7940
0.8243
0.8305
0.8281
0.8201
0.8106
0.7963
0.7676
0.7281
0.6809
0.6416
0.6168
0.6157
0.6287
0.6605
0.6894
0.7227
0.7377
0.7450
0.7385
0.7313
0.7328
0.7398
0.7557
0.7609
0.7647
0.7572
0.7596
0.7618
0.7748
0.7851
0.7888
0.7880
0.7705
0.7622
0.7494
0.7460
0.7289
0.6808
0.6111
0.5165
0.4463
0.3860
0.3595
0.3257
0.3009
0.2692
0.2575
0.2582
0.2721
0.2763
0.2728
0.2484
0.2276
0.1947
0.1663
0.1262
0.0855
0.0404
-0.0042
-0.0559
-0.1115
-0.1699
-0.2140
-0.2366
-0.2284
-0.2038
-0.1683
-0.1494
-0.1446
-0.1696
-0.1943
-0.2231
-0.2228
-0.2264
-0.2201
-0.2410
-0.2578
-0.2873
-0.3059
-0.3402
-0.3798
-0.4293
-0.4647
-0.4866
-0.4901
-0.4982
-0.5041
-0.5171
-0.5149
-0.5042
-0.4731
-0.4358
-0.3827
-0.3278
-0.2672
-0.2186
-0.1860
-0.1656
-0.1604
-0.1367
-0.1261
-0.0865
-0.0744
-0.0435
-0.0359
-0.0197
-0.0102
0.0026
0.0269
0.0610
0.1133
0.1734
0.2297
0.2735
0.2773
0.2544
0.1894
0.1285
0.0824
0.0807
0.1225
0.1837
0.2592
0.3257
0.3849
0.4200
0.4168
0.3620
0.2742
0.1634
0.0797
0.0247
0.0170
0.0430
0.0717
0.1001
0.0844
0.0567
0.0047
-0.0278
-0.0384
-0.0152
0.0339
0.0975
0.1561
0.2024
0.2222
0.2247
0.2164
0.1945
0.1732
0.1275
0.0847
0.0273
-0.0062
-0.0248
0.0040
0.0557
0.1413
0.2084
0.2666
0.2802
0.2859
0.2715
0.2602
0.2368
0.2105
0.1913
0.1945
0.2309
0.2862
0.3477
0.4018
0.4544
0.5134
0.5821
0.6455
0.6936
0.7106
0.7075
0.6909
0.6699
0.6617
0.6500
0.6591
0.6442
0.6326
0.5818
0.5401
0.4927
0.4802
0.4792
0.4894
0.4858
0.4644
0.4334
0.3989
0.3855
0.3864
0.4146
0.4452
0.4716
0.4767
0.4529
0.4252
0.3930
0.4005
0.4216
0.4691
0.4974
0.5050
0.4803
0.4409
0.4106
0.4066
0.4426
0.4939
0.5352
0.5226
0.4536
0.3482
0.2572
0.2181
0.2453
0.3176
0.4002
0.4615
0.4794
0.4559
0.4136
0.3587
0.3357
0.3050
0.3045
0.2736
0.2482
0.1977
0.1565
0.1319
0.1418
0.1907
0.2543
0.3144
0.3433
0.3396
0.3126
0.2718
0.2284
0.1777
0.1287
0.0852
0.0723
0.0782
0.1169
0.1465
0.1821
0.1936
0.1953
0.1744
0.1352
0.0982
0.0624
0.0614
0.0527
0.0622
0.0382
0.0315
0.0222
0.0564
0.1160
0.1961
0.2739
0.3179
0.3328
0.2973
0.2472
0.1716
0.1139
0.0623
0.0435
0.0437
0.0664
0.1025
0.1383
0.1672
0.1740
0.1566
0.1169
0.0576
0.0016
-0.0512
-0.0746
-0.0835
-0.0715
-0.0569
-0.0489
-0.0521
-0.0783
-0.1212
-0.1728
-0.2194
-0.2346
-0.2273
-0.1932
-0.1637
-0.1422
-0.1338
-0.1349
-0.1356
-0.1491
-0.1657
-0.2007
-0.2326
-0.2808
-0.3225
-0.3764
-0.4050
-0.4092
-0.3718
-0.3110
-0.2653
-0.2443
-0.2896
-0.3415
-0.4242
-0.4455
-0.4619
-0.4208
-0.3931
-0.3552
-0.3394
-0.3421
-0.3701
-0.4233
-0.4865
-0.5389
-0.5731
-0.5764
-0.5749
-0.5630
-0.5745
-0.5882
-0.6271
-0.6557
-0.6917
-0.7118
-0.7345
-0.7532
-0.7709
-0.7733
-0.7616
-0.7190
-0.6758
-0.6178
-0.5813
-0.5488
-0.5327
-0.5241
-0.5150
-0.5195
-0.5194
-0.5433
-0.5571
-0.5908
-0.6079
-0.6429
-0.6703
-0.7166
-0.7602
-0.8133
-0.8564
-0.8922
-0.9051
-0.8987
-0.8724
-0.8376
-0.8057
-0.7850
-0.7830
-0.7988
-0.8271
-0.8537
-0.8619
-0.8393
-0.7875
-0.7243
-0.6657
-0.6258
-0.5919
-0.5594
-0.5167
-0.4757
-0.4437
-0.4260
-0.4202
-0.4075
-0.3820
-0.3289
-0.2581
-0.1851
-0.1223
-0.0915
-0.0699
-0.0535
-0.0091
0.0665
0.1622
0.2646
0.3404
0.3901
0.4131
0.4287
0.4578
0.4978
0.5435
0.5751
0.5776
0.5663
0.5440
0.5407
0.5483
0.5753
0.6041
0.6434
0.6739
0.7061
0.7193
0.7292
0.7316
0.7426
0.7543
0.7725
0.7799
0.7930
0.7966
0.8173
0.8297
0.8486
0.8414
0.8153
0.7673
0.7124
0.6772
0.6667
0.6888
0.7276
0.7598
0.7748
0.7577
0.7203
0.6818
0.6482
0.6392
0.6298
0.6197
0.5999
0.5738
0.5750
0.5895
0.6378
0.6702
0.6883
0.6614
0.6167
0.5627
0.5392
0.5460
0.6001
0.6649
0.7422
0.7889
0.8172
0.8125
0.7944
0.7789
0.7672
0.7813
0.7961
0.8299
0.8547
0.8867
0.9055
0.9176
0.9201
0.9137
0.9157
0.9136
0.9212
0.9129
0.8973
0.8570
0.8178
0.7747
0.7689
0.7761
0.8193
0.8555
0.8984
0.9226
0.9415
0.9450
0.9364
0.9192
0.8780
0.8525
0.7997
0.7831
0.7184
0.6650
0.5678
0.4902
0.4321
0.4153
0.4287
0.4569
0.4658
0.4662
0.4284
0.4054
0.3630
0.3510
0.3251
0.3152
0.2901
0.2651
0.2335
0.2017
0.1890
0.1914
0.2394
0.3073
0.4076
0.4990
0.5738
0.6169
0.6272
0.6243
0.6114
0.6063
0.6124
0.6283
0.6568
0.6700
0.6752
0.6459
0.6167
0.5707
0.5380
0.4951
0.4652
0.4467
0.4598
0.4956
0.5436
0.5797
0.6020
0.5944
0.5736
0.5285
0.4939
0.4793
0.5076
0.5693
0.6298
0.6640
0.6456
0.5916
0.5235
0.4721
0.4527
0.4683
0.4987
0.5359
0.5447
0.5425
0.5060
0.4818
0.4565
0.4630
0.4875
0.5196
0.5554
0.5565
0.5391
0.4727
0.4057
0.3392
0.3260
0.3536
0.4007
0.4359
0.4091
0.3614
0.2941
0.2724
0.2889
0.3321
0.3765
0.3820
0.3615
0.2946
0.2293
0.1451
0.0920
0.0372
0.0129
-0.0084
-0.0092
-0.0099
-0.0083
-0.0345
-0.0795
-0.1525
-0.2164
-0.2618
-0.2758
-0.2704
-0.2609
-0.2603
-0.2635
-0.2728
-0.2626
-0.2442
-0.2027
-0.1698
-0.1451
-0.1421
-0.1465
-0.1436
-0.1341
-0.1119
-0.0966
-0.0712
-0.0474
-0.0003
0.0420
0.0914
0.1054
0.1023
0.0572
0.0092
-0.0502
-0.0858
-0.1203
-0.1348
-0.1531
-0.1480
-0.1310
-0.0835
-0.0249
0.0396
0.0897
0.1046
0.0811
0.0078
-0.0865
-0.1887
-0.2806
-0.3557
-0.4347
-0.5093
-0.5865
-0.6523
-0.6915
-0.7194
-0.7194
-0.7229
-0.7181
-0.7318
-0.7670
-0.8243
-0.9007
-0.9631
-1.0145
-1.0382
-1.0555
-1.0681
-1.0763
-1.0825
-1.0747
-1.0683
-1.0599
-1.0605
-1.0648
-1.0676
-1.0664
-1.0598
-1.0549
-1.0523
-1.0493
-1.0327
-0.9957
-0.9392
-0.8769
-0.8266
-0.7890
-0.7652
-0.7359
-0.7108
-0.6819
-0.6643
-0.6473
-0.6275
-0.6120
-0.5991
-0.6157
-0.6278
-0.6409
-0.5899
-0.5140
-0.3837
-0.2924
-0.2128
-0.2007
-0.1925
-0.1979
-0.1747
-0.1416
-0.0890
-0.0399
0.0147
0.0597
0.0998
0.1316
0.1508
0.1676
0.1747
0.1922
0.2156
0.2607
0.3115
0.3623
0.3973
0.4154
0.4349
0.4581
0.5032
0.5392
0.5647
0.5565
0.5307
0.5023
0.4848
0.4855
0.4978
0.5112
0.5278
0.5360
0.5485
0.5576
0.5666
0.5700
0.5594
0.5422
0.5259
0.5236
0.5412
0.5631
0.5789
0.5777
0.5617
0.5453
0.5279
0.5138
0.4932
0.4606
0.4260
0.3904
0.3756
0.3755
0.3905
0.4102
0.4210
0.4321
0.4259
0.4269
0.4121
0.4162
0.4180
0.4408
0.4635
0.4795
0.4844
0.4667
0.4400
0.4030
0.3639
0.3335
0.3116
0.3059
0.3069
0.3036
0.2927
0.2657
0.2428
0.2215
0.2160
0.2088
0.1966
0.1725
0.1439
0.1228
0.1102
0.1054
0.0966
0.0793
0.0510
0.0123
-0.0278
-0.0711
-0.1108
-0.1614
-0.2222
-0.2930
-0.3584
-0.3879
-0.3820
-0.3333
-0.2869
-0.2569
-0.2675
-0.3014
-0.3414
-0.3700
-0.3941
-0.4150
-0.4572
-0.4928
-0.5346
-0.5406
-0.5277
-0.4911
-0.4537
-0.4335
-0.4281
-0.4349
-0.4400
-0.4439
-0.4451
-0.4552
-0.4489
-0.4479
-0.4166
-0.4057
-0.3873
-0.3939
-0.3973
-0.3897
-0.3757
-0.3396
-0.3118
-0.2771
-0.2522
-0.2350
-0.2215
-0.2167
-0.1944
-0.1563
-0.0893
-0.0218
0.0325
0.0457
0.0276
-0.0129
-0.0543
-0.0852
-0.1076
-0.1153
-0.1165
-0.1007
-0.0854
-0.0660
-0.0680
-0.0776
-0.1004
-0.1184
-0.1202
-0.1137
-0.0826
-0.0581
-0.0287
-0.0325
-0.0730
-0.1616
-0.2914
-0.4284
-0.5539
-0.6408
-0.6921
-0.7192
-0.7367
-0.7551
-0.7750
-0.7805
-0.7742
-0.7314
-0.6796
-0.6046
-0.5550
-0.5140
-0.5108
-0.5049
-0.5047
-0.4879
-0.4683
-0.4522
-0.4303
-0.4174
-0.3904
-0.3795
-0.3669
-0.3687
-0.3716
-0.3736
-0.3857
-0.4019
-0.4314
-0.4593
-0.4724
-0.4767
-0.4595
-0.4517
-0.4342
-0.4264
-0.3984
-0.3667
-0.3145
-0.2689
-0.2173
-0.1795
-0.1472
-0.1396
-0.1614
-0.2182
-0.2912
-0.3609
-0.3919
-0.3871
-0.3333
-0.2729
-0.2051
-0.1697
-0.1495
-0.1605
-0.1840
-0.2362
-0.3070
-0.3976
-0.4829
-0.5347
-0.5421
-0.4894
-0.4165
-0.3368
-0.2960
-0.2908
-0.3089
-0.3232
-0.3139
-0.2863
-0.2631
-0.2434
-0.2435
-0.2276
-0.2209
-0.2030
-0.2080
-0.2117
-0.2241
-0.2166
-0.2053
-0.1783
-0.1553
-0.1259
-0.0986
-0.0707
-0.0483
-0.0281
-0.0095
0.0238
0.0632
0.1170
0.1584
0.1959
0.2122
0.2275
0.2351
0.2430
0.2454
0.2426
0.2292
0.2285
0.2221
0.2606
0.2838
0.3334
0.3272
0.3196
0.2753
0.2566
0.2410
0.2314
0.2077
0.1553
0.1127
0.0836
0.1098
0.1659
0.2425
0.2992
0.3262
0.3168
0.2936
0.2704
0.2629
0.2637
0.2527
0.2181
0.1430
0.0701
-0.0009
-0.0053
0.0126
0.0667
0.0831
0.0605
-0.0189
-0.1211
-0.2222
-0.2928
-0.3299
-0.3383
-0.3233
-0.3116
-0.2955
-0.3045
-0.3153
-0.3336
-0.3491
-0.3580
-0.3872
-0.4118
-0.4527
-0.4621
-0.4630
-0.4350
-0.4155
-0.3962
-0.3951
-0.3908
-0.3857
-0.3658
-0.3394
-0.3134
-0.2892
-0.2756
-0.2537
-0.2357
-0.2099
-0.1977
-0.1966
-0.2080
-0.2231
-0.2265
-0.2227
-0.2099
-0.2082
-0.2135
-0.2331
-0.2491
-0.2731
-0.2968
-0.3394
-0.3884
-0.4363
-0.4656
-0.4598
-0.4339
-0.3951
-0.3731
-0.3660
-0.3747
-0.3730
-0.3637
-0.3190
-0.2685
-0.1922
-0.1445
-0.1211
-0.1576
-0.2293
-0.3141
-0.3767
-0.3978
-0.3838
-0.3549
-0.3352
-0.3366
-0.3497
-0.3663
-0.3631
-0.3522
-0.3193
-0.2822
-0.2328
-0.1678
-0.1161
-0.0578
-0.0562
-0.0577
-0.1036
-0.1264
-0.1530
-0.1506
-0.1519
-0.1358
-0.1427
-0.1452
-0.1880
-0.2339
-0.2969
-0.3421
-0.3672
-0.3719
-0.3654
-0.3536
-0.3440
-0.3185
-0.3010
-0.2726
-0.2803
-0.2885
-0.3287
-0.3416
-0.3573
-0.3312
-0.3092
-0.2704
-0.2644
-0.2671
-0.3149
-0.3521
-0.4096
-0.4237
-0.4381
-0.4153
-0.4027
-0.3814
-0.3747
-0.3573
-0.3310
-0.2884
-0.2414
-0.2152
-0.2164
-0.2607
-0.3213
-0.3967
-0.4507
-0.5022
-0.5218
-0.5497
-0.5506
-0.5644
-0.5560
-0.5510
-0.5309
-0.5081
-0.4842
-0.4650
-0.4505
-0.4373
-0.4162
-0.3855
-0.3531
-0.3276
-0.3270
-0.3400
-0.3660
-0.3810
-0.3957
-0.4090
-0.4415
-0.4875
-0.5430
-0.5921
-0.6285
-0.6530
-0.6700
-0.6895
-0.7032
-0.7190
-0.7188
-0.7266
-0.7380
-0.7794
-0.8344
-0.8932
-0.9336
-0.9444
-0.9411
-0.9249
-0.9177
-0.9036
-0.8914
-0.8771
-0.8705
-0.8847
-0.9058
-0.9340
-0.9488
-0.9446
-0.9355
-0.9064
-0.8846
-0.8399
-0.7881
-0.7244
-0.6627
-0.6365
-0.6361
-0.6796
-0.7184
-0.7541
-0.7480
-0.7339
-0.6982
-0.6939
-0.6886
-0.7074
-0.6970
-0.6603
-0.5833
-0.4788
-0.3846
-0.3026
-0.2590
-0.2219
-0.1884
-0.1407
-0.0872
-0.0480
-0.0270
-0.0327
-0.0450
-0.0506
-0.0431
-0.0118
0.0159
0.0420
0.0363
0.0178
-0.0107
-0.0302
-0.0400
-0.0590
-0.0880
-0.1368
-0.1856
-0.2192
-0.2408
-0.2377
-0.2420
-0.2385
-0.2515
-0.2557
-0.2632
-0.2503
-0.2410
-0.2200
-0.2226
-0.2299
-0.2691
-0.3105
-0.3611
-0.3907
-0.4058
-0.3994
-0.3922
-0.3882
-0.3972
-0.4177
-0.4410
-0.4715
-0.4891
-0.5066
-0.4954
-0.4832
-0.4487
-0.4370
-0.4196
-0.4309
-0.4319
-0.4539
-0.4817
-0.5330
-0.5963
-0.6559
-0.6951
-0.7058
-0.6795
-0.6387
-0.5869
-0.5589
-0.5514
-0.5736
-0.5975
-0.6199
-0.6200
-0.6071
-0.5771
-0.5374
-0.4951
-0.4573
-0.4405
-0.4434
-0.4702
-0.5018
-0.5348
-0.5578
-0.5728
-0.5846
-0.5893
-0.5961
-0.5923
-0.5857
-0.5709
-0.5563
-0.5558
-0.5632
-0.5882
-0.5988
-0.6013
-0.5736
-0.5387
-0.4881
-0.4458
-0.3967
-0.3610
-0.3258
-0.3109
-0.3058
-0.3207
-0.3349
-0.3518
-0.3436
-0.3266
-0.2848
-0.2500
-0.2123
-0.1911
-0.1709
-0.1550
-0.1365
-0.1205
-0.1092
-0.1064
-0.0986
-0.0804
-0.0297
0.0411
0.1246
0.1811
0.1977
0.1612
0.1008
0.0444
0.0183
0.0382
0.0694
0.1124
0.1168
0.1158
0.0926
0.0840
0.0821
0.0875
0.0992
0.1013
0.0967
0.0711
0.0313
-0.0164
-0.0553
-0.0836
-0.0926
-0.0984
-0.0866
-0.0751
-0.0595
-0.0692
-0.1185
-0.2045
-0.3150
-0.3909
-0.4368
-0.4068
-0.3693
-0.2879
-0.2290
-0.1462
-0.0837
-0.0261
0.0008
-0.0027
-0.0311
-0.0777
-0.1308
-0.1809
-0.2194
-0.2424
-0.2474
-0.2567
-0.2615
-0.2820
-0.2794
-0.2691
-0.2199
-0.1746
-0.1169
-0.0988
-0.0954
-0.1400
-0.2039
-0.2812
-0.3624
-0.4080
-0.4419
-0.4137
-0.3641
-0.2676
-0.1795
-0.1066
-0.0855
-0.0901
-0.1211
-0.1295
-0.1444
-0.1428
-0.1795
-0.2236
-0.3010
-0.3392
-0.3574
-0.2869
-0.2031
-0.0742
0.0138
0.0920
0.1206
0.1291
0.1049
0.0761
0.0453
0.0444
0.0641
0.1143
0.1505
0.1812
0.1623
0.1544
0.1245
0.1453
0.1541
0.1964
0.2171
0.2576
0.2906
0.3369
0.3724
0.4082
0.4350
0.4615
0.4870
0.4939
0.4933
0.4578
0.4215
0.3644
0.3222
0.2734
0.2318
0.1782
0.1183
0.0615
0.0126
-0.0118
-0.0327
-0.0468
-0.0727
-0.0919
-0.0989
-0.0770
-0.0263
0.0421
0.1180
0.1759
0.2006
0.1816
0.1097
0.0232
-0.0784
-0.1405
-0.1925
-0.2035
-0.2258
-0.2268
-0.2618
-0.2827
-0.3447
-0.3945
-0.4766
-0.5506
-0.6320
-0.6873
-0.7013
-0.6650
-0.5898
-0.5170
-0.4789
-0.4954
-0.5473
-0.6005
-0.6282
-0.6203
-0.5997
-0.5798
-0.5784
-0.5843
-0.5912
-0.5831
-0.5663
-0.5387
-0.5227
-0.5077
-0.5085
-0.5046
-0.5100
-0.5203
-0.5475
-0.5862
-0.6329
-0.6768
-0.7234
-0.7733
-0.8375
-0.9107
-0.9807
-1.0236
-1.0203
-0.9613
-0.8623
-0.7508
-0.6542
-0.5976
-0.5795
-0.5904
-0.6209
-0.6404
-0.6709
-0.6801
-0.7055
-0.7014
-0.6937
-0.6440
-0.5903
-0.5205
-0.4690
-0.4229
-0.3909
-0.3650
-0.3429
-0.3278
-0.3109
-0.2918
-0.2591
-0.2050
-0.1226
-0.0235
0.0800
0.1346
0.1498
0.0970
0.0557
0.0225
0.0435
0.0683
0.0788
0.0430
-0.0239
-0.1007
-0.1501
-0.1573
-0.1165
-0.0402
0.0484
0.1198
0.1609
0.1490
0.1111
0.0481
-0.0075
-0.0566
-0.0934
-0.1262
-0.1449
-0.1622
-0.1540
-0.1443
-0.1069
-0.0710
-0.0207
0.0198
0.0661
0.1064
0.1538
0.1827
0.1952
0.1768
0.1540
0.1575
0.1956
0.2809
0.3498
0.3985
0.3790
0.3295
0.2662
0.2232
0.2193
0.2352
0.2767
0.2994
0.3298
0.3292
0.3432
0.3334
0.3289
0.2994
0.2610
0.2214
0.1924
0.1969
0.2168
0.2628
0.2938
0.3217
0.3160
0.3004
0.2703
0.2465
0.2361
0.2432
0.2771
0.3213
0.3755
0.4043
0.4069
0.3751
0.3266
0.2825
0.2487
0.2293
0.2174
0.2039
0.1959
0.1838
0.1719
0.1499
0.1160
0.0698
0.0220
-0.0356
-0.0780
-0.1366
-0.1678
-0.2148
-0.2366
-0.2787
-0.3172
-0.3698
-0.4166
-0.4554
-0.4855
-0.5133
-0.5463
-0.5822
-0.6261
-0.6630
-0.7065
-0.7272
-0.7434
-0.7240
-0.7010
-0.6535
-0.6199
-0.5758
-0.5637
-0.5545
-0.5836
-0.6069
-0.6367
-0.6391
-0.6251
-0.5999
-0.5710
-0.5584
-0.5491
-0.5571
-0.5602
-0.5706
-0.5707
-0.5791
-0.5839
-0.6100
-0.6428
-0.6980
-0.7519
-0.8047
-0.8442
-0.8711
-0.8966
-0.9179
-0.9452
-0.9623
-0.9733
-0.9659
-0.9582
-0.9450
-0.9532
-0.9578
-0.9770
-0.9770
-0.9829
-0.9833
-1.0048
-1.0348
-1.0781
-1.1129
-1.1411
-1.1633
-1.1798
-1.2057
-1.2182
-1.2359
-1.2401
-1.2508
-1.2634
-1.2729
-1.2794
-1.2724
-1.2657
-1.2627
-1.2664
-1.2773
-1.2799
-1.2824
-1.2761
-1.2824
-1.2972
-1.3348
-1.3861
-1.4466
-1.5053
-1.5522
-1.5849
-1.6084
-1.6232
-1.6407
-1.6562
-1.6747
-1.6948
-1.7120
-1.7299
-1.7372
-1.7420
-1.7344
-1.7242
-1.7074
-1.6890
-1.6660
-1.6348
-1.5937
-1.5515
-1.5189
-1.5140
-1.5372
-1.5807
-1.6357
-1.6822
-1.7326
-1.7739
-1.8240
-1.8699
-1.9120
-1.9407
-1.9571
-1.9646
-1.9790
-1.9981
-2.0339
-2.0660
-2.1024
-2.1190
-2.1288
-2.1138
-2.0906
-2.0550
-2.0236
-2.0056
-2.0069
-2.0299
-2.0624
-2.0962
-2.1201
-2.1342
-2.1392
-2.1374
-2.1299
-2.1117
-2.0901
-2.0622
-2.0393
-2.0201
-2.0036
-1.9883
-1.9623
-1.9294
-1.8809
-1.8366
-1.7890
-1.7578
-1.7143
-1.6678
-1.5928
-1.5154
-1.4335
-1.3804
-1.3442
-1.3379
-1.3304
-1.3191
-1.2837
-1.2242
-1.1453
-1.0560
-0.9705
-0.9031
-0.8530
-0.8245
-0.7965
-0.7680
-0.7301
-0.6934
-0.6619
-0.6384
-0.6085
-0.5710
-0.5118
-0.4494
-0.3837
-0.3328
-0.2984
-0.2863
-0.2994
-0.3356
-0.3916
-0.4586
-0.5239
-0.5814
-0.6164
-0.6368
-0.6365
-0.6420
-0.6551
-0.6998
-0.7631
-0.8441
-0.9122
-0.9582
-0.9638
-0.9427
-0.8990
-0.8590
-0.8127
-0.7686
-0.7056
-0.6376
-0.5782
-0.5442
-0.5525
-0.5829
-0.6206
-0.6430
-0.6362
-0.6181
-0.5902
-0.5838
-0.5895
-0.6171
-0.6387
-0.6592
-0.6595
-0.6586
-0.6555
-0.6599
-0.6680
-0.6703
-0.6588
-0.6377
-0.6035
-0.5830
-0.5679
-0.5775
-0.5937
-0.6101
-0.6149
-0.6059
-0.5924
-0.5955
-0.6132
-0.6604
-0.7088
-0.7585
-0.7865
-0.7871
-0.7610
-0.7063
-0.6497
-0.5966
-0.5761
-0.5734
-0.5974
-0.6148
-0.6431
-0.6606
-0.6962
-0.7312
-0.7780
-0.8231
-0.8702
-0.9192
-0.9710
-1.0145
-1.0466
-1.0461
-1.0215
-0.9685
-0.9014
-0.8211
-0.7279
-0.6176
-0.5092
-0.4186
-0.3807
-0.3945
-0.4459
-0.5136
-0.5698
-0.6290
-0.6692
-0.7090
-0.7073
-0.6893
-0.6318
-0.5881
-0.5500
-0.5618
-0.6075
-0.6950
-0.8014
-0.9040
-0.9919
-1.0422
-1.0667
-1.0595
-1.0453
-1.0316
-1.0274
-1.0296
-1.0190
-0.9928
-0.9537
-0.9061
-0.8765
-0.8356
-0.8096
-0.7639
-0.7358
-0.7113
-0.7130
-0.7208
-0.7441
-0.7588
-0.7830
-0.7827
-0.7809
-0.7430
-0.7037
-0.6443
-0.5873
-0.5268
-0.4627
-0.4219
-0.4025
-0.4358
-0.4960
-0.5787
-0.6489
-0.7102
-0.7504
-0.7828
-0.8011
-0.7995
-0.7964
-0.7769
-0.7796
-0.7684
-0.7667
-0.7397
-0.7087
-0.6623
-0.6051
-0.5361
-0.4507
-0.3859
-0.3388
-0.3493
-0.3750
-0.4236
-0.4498
-0.4586
-0.4353
-0.3807
-0.3106
-0.2385
-0.1991
-0.1918
-0.2121
-0.2299
-0.2422
-0.2458
-0.2738
-0.3171
-0.3883
-0.4464
-0.4824
-0.4686
-0.4066
-0.3100
-0.2027
-0.1228
-0.0868
-0.1073
-0.1501
-0.1935
-0.1840
-0.1345
-0.0578
-0.0135
-0.0419
-0.1272
-0.2446
-0.3137
-0.3218
-0.2594
-0.1759
-0.0961
-0.0560
-0.0268
-0.0250
0.0024
0.0100
0.0292
0.0097
-0.0190
-0.0640
-0.1025
-0.1213
-0.1276
-0.1053
-0.0721
-0.0105
0.0493
0.1158
0.1477
0.1683
0.1577
0.1552
0.1570
0.1819
0.2133
0.2528
0.2693
0.2785
0.2581
0.2350
0.2138
0.2037
0.2216
0.2371
0.2532
0.2262
0.1695
0.0761
-0.0181
-0.1011
-0.1554
-0.1808
-0.1856
-0.1769
-0.1776
-0.1917
-0.2348
-0.2931
-0.3721
-0.4502
-0.5331
-0.5960
-0.6489
-0.6803
-0.7065
-0.7271
-0.7393
-0.7428
-0.7275
-0.7061
-0.6815
-0.6661
-0.6625
-0.6659
-0.6671
-0.6623
-0.6440
-0.6294
-0.6151
-0.6166
-0.6243
-0.6379
-0.6560
-0.6780
-0.7103
-0.7462
-0.7814
-0.8069
-0.8259
-0.8400
-0.8589
-0.8664
-0.8641
-0.8301
-0.7832
-0.7279
-0.6844
-0.6663
-0.6656
-0.6969
-0.7409
-0.8099
-0.8874
-0.9719
-1.0467
-1.1066
-1.1234
-1.1043
-1.0185
-0.9082
-0.7749
-0.6781
-0.6259
-0.6261
-0.6621
-0.7029
-0.7464
-0.7752
-0.7986
-0.8062
-0.7955
-0.7605
-0.7046
-0.6308
-0.5607
-0.5024
-0.4727
-0.4717
-0.4803
-0.4973
-0.4964
-0.4893
-0.4774
-0.4617
-0.4676
-0.4691
-0.4931
-0.5006
-0.5035
-0.4784
-0.4378
-0.3810
-0.3295
-0.2718
-0.2332
-0.1835
-0.1654
-0.1500
-0.1870
-0.2379
-0.3249
-0.3952
-0.4475
-0.4470
-0.3964
-0.3050
-0.1902
-0.0925
-0.0268
-0.0120
-0.0329
-0.0725
-0.1057
-0.1278
-0.1139
-0.0859
-0.0115
0.0559
0.1427
0.1932
0.2445
0.2748
0.3154
0.3525
0.3913
0.4201
0.4415
0.4480
0.4426
0.4116
0.3645
0.2920
0.2268
0.1559
0.1250
0.1004
0.1276
0.1613
0.2311
0.2946
0.3622
0.4084
0.4361
0.4356
0.4172
0.3814
0.3479
0.3084
0.2802
0.2413
0.2120
0.1727
0.1518
0.1441
0.1724
0.2280
0.3024
0.3722
0.4199
0.4327
0.4200
0.3826
0.3514
0.3139
0.2949
0.2641
0.2497
0.2414
0.2758
0.3422
0.4358
0.5148
0.5576
0.5468
0.5055
0.4496
0.4116
0.3858
0.3703
0.3441
0.2946
0.2375
0.1703
0.1418
0.1352
0.1859
0.2494
0.3264
0.3716
0.3796
0.3439
0.2767
0.2058
0.1392
0.1089
0.0998
0.1309
0.1695
0.2230
0.2576
0.2771
0.2589
0.2273
0.1782
0.1531
0.1217
0.1041
0.0436
-0.0293
-0.1342
-0.2192
-0.2928
-0.3352
-0.3721
-0.4029
-0.4374
-0.4695
-0.4997
-0.5261
-0.5598
-0.5979
-0.6623
-0.7371
-0.8382
-0.9254
-1.0033
-1.0354
-1.0434
-1.0211
-0.9994
-0.9752
-0.9576
-0.9367
-0.9079
-0.8822
-0.8610
-0.8611
-0.8816
-0.9164
-0.9754
-1.0477
-1.1507
-1.2678
-1.3868
-1.4749
-1.5056
-1.4727
-1.4027
-1.3416
-1.3307
-1.3770
-1.4587
-1.5311
-1.5774
-1.5782
-1.5646
-1.5409
-1.5372
-1.5410
-1.5548
-1.5467
-1.5291
-1.4737
-1.4229
-1.3460
-1.3007
-1.2442
-1.2242
-1.1746
-1.1269
-1.0412
-0.9665
-0.9062
-0.8798
-0.8663
-0.8501
-0.8116
-0.7776
-0.7477
-0.7578
-0.7744
-0.8031
-0.8068
-0.8112
-0.8023
-0.8132
-0.7991
-0.7824
-0.7149
-0.6605
-0.6000
-0.6112
-0.6449
-0.7289
-0.7831
-0.8145
-0.7986
-0.7625
-0.7351
-0.7095
-0.6920
-0.6379
-0.5548
-0.4357
-0.3179
-0.2292
-0.1807
-0.1985
-0.2421
-0.3338
-0.4049
-0.4719
-0.4788
-0.4587
-0.3991
-0.3547
-0.3230
-0.3349
-0.3623
-0.3924
-0.3956
-0.3571
-0.2889
-0.2113
-0.1470
-0.1127
-0.0905
-0.0873
-0.0825
-0.0948
-0.1101
-0.1392
-0.1547
-0.1725
-0.1597
-0.1482
-0.1066
-0.0706
-0.0216
0.0071
0.0237
0.0066
-0.0255
-0.0730
-0.1095
-0.1281
-0.1153
-0.0705
-0.0045
0.0701
0.1182
0.1340
0.0904
0.0265
-0.0637
-0.1163
-0.1525
-0.1330
-0.1013
-0.0433
0.0017
0.0410
0.0410
0.0237
-0.0392
-0.0916
-0.1678
-0.2082
-0.2632
-0.3005
-0.3487
-0.3913
-0.4133
-0.4189
-0.3850
-0.3417
-0.2749
-0.2239
-0.1820
-0.1832
-0.2147
-0.2832
-0.3562
-0.4165
-0.4382
-0.4239
-0.3859
-0.3540
-0.3457
-0.3647
-0.3897
-0.3941
-0.3562
-0.2936
-0.2160
-0.1860
-0.1731
-0.2133
-0.2280
-0.2488
-0.2386
-0.2407
-0.2473
-0.2705
-0.2954
-0.3221
-0.3393
-0.3530
-0.3583
-0.3629
-0.3686
-0.3867
-0.4067
-0.4408
-0.4498
-0.4428
-0.3853
-0.2976
-0.2039
-0.1236
-0.1076
-0.1241
-0.1909
-0.2430
-0.2800
-0.2647
-0.2220
-0.1558
-0.1130
-0.0827
-0.0898
-0.0862
-0.0981
-0.0802
-0.0874
-0.0703
-0.0916
-0.0933
-0.1261
-0.1366
-0.1490
-0.1380
-0.1171
-0.0987
-0.0858
-0.0927
-0.1009
-0.1057
-0.0843
-0.0330
0.0451
0.1281
0.1883
0.2036
0.1736
0.1183
0.0746
0.0591
0.0839
0.1127
0.1458
0.1479
0.1663
0.1879
0.2553
0.3266
0.3909
0.4219
0.4146
0.4058
0.3872
0.3874
0.3677
0.3419
0.2998
0.2672
0.2553
0.2633
0.2847
0.2981
0.3008
0.2930
0.2881
0.3040
0.3457
0.4165
0.4997
0.5810
0.6378
0.6649
0.6579
0.6385
0.6126
0.5999
0.5897
0.5882
0.5807
0.5800
0.5750
0.5882
0.6090
0.6590
0.7202
0.7916
0.8494
0.8906
0.9058
0.9213
0.9114
0.9287
0.9117
0.9271
0.9096
0.9107
0.9130
0.9089
0.9211
0.8631
0.8167
0.7306
0.7080
0.7189
0.7652
0.8135
0.8430
0.8516
0.8545
0.8472
0.8662
0.8733
0.9108
0.8899
0.8643
0.7713
0.6889
0.6103
0.5713
0.5624
0.5752
0.5920
0.6001
0.5874
0.5410
0.4793
0.3883
0.3268
0.2793
0.2976
0.3456
0.4128
0.4588
0.4577
0.4177
0.3537
0.2933
0.2603
0.2462
0.2664
0.2911
0.3419
0.3781
0.4226
0.4244
0.4237
0.3904
0.3779
0.3707
0.3884
0.4139
0.4296
0.4357
0.4035
0.3648
0.2901
0.2294
0.1522
0.0927
0.0231
-0.0535
-0.1394
-0.2316
-0.2900
-0.3159
-0.2797
-0.2347
-0.1759
-0.1583
-0.1450
-0.1481
-0.1316
-0.1075
-0.0765
-0.0490
-0.0235
0.0025
0.0353
0.0665
0.0946
0.1112
0.1240
0.1347
0.1506
0.1641
0.1760
0.1828
0.1947
0.2206
0.2609
0.3122
0.3538
0.3761
0.3690
0.3317
0.2812
0.2152
0.1767
0.1466
0.1632
0.1709
0.1837
0.1537
0.1211
0.0787
0.0774
0.0834
0.1172
0.1245
0.1331
0.1162
0.1054
0.0856
0.0748
0.0650
0.0704
0.0804
0.1005
0.1069
0.1111
0.0919
0.0745
0.0475
0.0314
0.0269
0.0383
0.0649
0.0937
0.1086
0.1125
0.0954
0.0883
0.0794
0.0878
0.0916
0.0989
0.0959
0.1002
0.0952
0.1037
0.0956
0.0944
0.0745
0.0571
0.0338
0.0174
0.0041
-0.0020
-0.0090
-0.0072
-0.0013
0.0223
0.0519
0.0850
0.1036
0.1149
0.1184
0.1384
0.1630
0.1995
0.2271
0.2552
0.2895
0.3309
0.3802
0.4131
0.4327
0.4335
0.4363
0.4453
0.4669
0.4968
0.5365
0.5914
0.6595
0.7457
0.8132
0.8699
0.8630
0.8444
0.7819
0.7466
0.7062
0.6967
0.6890
0.6934
0.6991
0.6988
0.6951
0.6736
0.6575
0.6277
0.6184
0.5969
0.6016
0.5917
0.6036
0.5985
0.6037
0.5990
0.6004
0.6011
0.6066
0.6116
0.6260
0.6417
0.6657
0.6825
0.6873
0.6735
0.6355
0.5842
0.5235
0.4746
0.4468
0.4433
0.4604
0.4766
0.4980
0.5058
0.5285
0.5452
0.5795
0.6063
0.6322
0.6427
0.6325
0.6046
0.5623
0.5217
0.4948
0.4834
0.4847
0.4850
0.4752
0.4610
0.4375
0.4294
0.4159
0.4195
0.4074
0.4067
0.3925
0.3905
0.3765
0.3622
0.3254
0.2804
0.2159
0.1606
0.1010
0.0715
0.0467
0.0586
0.0762
0.1201
0.1582
0.1875
0.1920
0.1618
0.1384
0.1130
0.1454
0.1810
0.2367
0.2576
0.2679
0.2673
0.2847
0.3028
0.3217
0.2929
0.2390
0.1410
0.0596
-0.0093
-0.0354
-0.0519
-0.0676
-0.1064
-0.1578
-0.2067
-0.2306
-0.2180
-0.1781
-0.1176
-0.0668
-0.0232
-0.0205
-0.0431
-0.1093
-0.1857
-0.2640
-0.3238
-0.3662
-0.3933
-0.4038
-0.3906
-0.3544
-0.3201
-0.2963
-0.3195
-0.3400
-0.3691
-0.3528
-0.3299
-0.3062
-0.3147
-0.3466
-0.3975
-0.4284
-0.4609
-0.4571
-0.4669
-0.4484
-0.4465
-0.4210
-0.4075
-0.3758
-0.3568
-0.3346
-0.3363
-0.3476
-0.3831
-0.4091
-0.4323
-0.4031
-0.3522
-0.2483
-0.1643
-0.0871
-0.0753
-0.0872
-0.1312
-0.1557
-0.1796
-0.1775
-0.1871
-0.1764
-0.1723
-0.1527
-0.1453
-0.1466
-0.1653
-0.1889
-0.2246
-0.2535
-0.2871
-0.2895
-0.2743
-0.2392
-0.2188
-0.2432
-0.3013
-0.3919
-0.4624
-0.5146
-0.5403
-0.5572
-0.5918
-0.6242
-0.6658
-0.6675
-0.6395
-0.5673
-0.4774
-0.3926
-0.3188
-0.2778
-0.2427
-0.2378
-0.2316
-0.2512
-0.2638
-0.2843
-0.2858
-0.2804
-0.2630
-0.2415
-0.2175
-0.1867
-0.1510
-0.1144
-0.0890
-0.0800
-0.1027
-0.1226
-0.1562
-0.1306
-0.0979
-0.0189
0.0133
0.0116
-0.0529
-0.1318
-0.1896
-0.2102
-0.1876
-0.1593
-0.1342
-0.1488
-0.1869
-0.2556
-0.3025
-0.3203
-0.2786
-0.2071
-0.1301
-0.0767
-0.0574
-0.0566
-0.0685
-0.0721
-0.0800
-0.0717
-0.0673
-0.0427
-0.0240
0.0003
0.0088
0.0078
-0.0032
-0.0188
-0.0260
-0.0245
-0.0016
0.0342
0.0774
0.1178
0.1371
0.1511
0.1424
0.1462
0.1366
0.1401
0.1310
0.1294
0.1275
0.1372
0.1516
0.1594
0.1518
0.1190
0.0777
0.0366
0.0195
0.0261
0.0599
0.1084
0.1654
0.2188
0.2588
0.2834
0.2908
0.2960
0.3040
0.3172
0.3401
0.3559
0.3852
0.4022
0.4297
0.4310
0.4240
0.3910
0.3551
0.3250
0.3087
0.3136
0.3352
0.3666
0.4124
0.4469
0.4841
0.4979
0.5031
0.4930
0.4744
0.4545
0.4387
0.4367
0.4517
0.4792
0.5008
0.5120
0.4875
0.4632
0.4143
0.3963
0.3641
0.3658
0.3556
0.3731
0.3917
0.4265
0.4720
0.5108
0.5472
0.5493
0.5305
0.4920
0.4601
0.4459
0.4535
0.4576
0.4637
0.4497
0.4491
0.4451
0.4543
0.4506
0.4419
0.4282
0.4357
0.4766
0.5533
0.6393
0.7018
0.7153
0.6838
0.6370
0.6049
0.6111
0.6326
0.6720
0.6837
0.7101
0.7136
0.7434
0.7484
0.7513
0.7225
0.6811
0.6330
0.5844
0.5412
0.4948
0.4463
0.3974
0.3499
0.3150
0.2821
0.2595
0.2275
0.1965
0.1488
0.1045
0.0545
0.0301
0.0246
0.0573
0.1146
0.1845
0.2562
0.2923
0.2979
0.2551
0.1813
0.1025
0.0062
-0.0594
-0.1328
-0.1584
-0.1740
-0.1542
-0.1398
-0.1340
-0.1505
-0.1774
-0.1980
-0.1944
-0.1628
-0.0956
-0.0173
