0.0699
0.1065
0.1422
0.1754
0.2050
0.2300
0.2501
0.2650
0.2751
0.2809
0.2834
0.2835
0.2823
0.2808
0.2799
0.2803
0.2822
0.2858
0.2911
0.2976
0.3050
0.3126
0.3200
0.3267
0.3323
0.3368
0.3400
0.3422
0.3437
0.3452
0.3469
0.3495
0.3533
0.3585
0.3652
0.3734
0.3830
0.3940
0.4064
0.4202
0.4357
0.4529
0.4718
0.4921
0.5134
0.5350
0.5561
0.5757
0.5931
0.6078
0.6194
0.6279
0.6336
0.6368
0.6380
0.6376
0.6362
0.6342
0.6320
0.6301
0.6291
0.6293
0.6311
0.6348
0.6403
0.6474
0.6555
0.6639
0.6716
0.6775
0.6805
0.6796
0.6742
0.6636
0.6478
0.6271
0.6023
0.5745
0.5453
0.5162
0.4889
0.4649
0.4454
0.4310
0.4219
0.4180
0.4186
0.4228
0.4300
0.4392
0.4500
0.4620
0.4751
0.4892
0.5045
0.5208
0.5378
0.5550
0.5716
0.5867
0.5992
0.6080
0.6123
0.6112
0.6043
0.5916
0.5733
0.5502
0.5231
0.4934
0.4626
0.4321
0.4036
0.3782
0.3570
0.3407
0.3294
0.3230
0.3210
0.3228
0.3274
0.3340
0.3418
0.3500
0.3581
0.3658
0.3730
0.3796
0.3861
0.3927
0.3999
0.4083
0.4184
0.4307
0.4455
0.4627
0.4823
0.5039
0.5269
0.5507
0.5745
0.5978
0.6202
0.6416
0.6618
0.6813
0.7002
0.7190
0.7379
0.7570
0.7763
0.7956
0.8146
0.8327
0.8497
0.8650
0.8783
0.8893
0.8982
0.9048
0.9095
0.9125
0.9142
0.9150
0.9153
0.9154
0.9156
0.9160
0.9167
0.9178
0.9192
0.9209
0.9227
0.9245
0.9262
0.9277
0.9288
0.9295
0.9297
0.9294
0.9288
0.9278
0.9266
0.9254
0.9241
0.9230
0.9220
0.9211
0.9202
0.9192
0.9180
0.9162
0.9138
0.9101
0.9047
0.8969
0.8858
0.8705
0.8503
0.8249
0.7943
0.7593
0.7211
0.6816
0.6425
0.6059
0.5732
0.5455
0.5233
0.5065
0.4948
0.4873
0.4831
0.4813
0.4809
0.4812
0.4815
0.4814
0.4806
0.4791
0.4767
0.4734
0.4691
0.4633
0.4558
0.4460
0.4335
0.4179
0.3990
0.3769
0.3521
0.3253
0.2974
0.2695
0.2426
0.2175
0.1949
0.1748
0.1571
0.1412
0.1260
0.1107
0.0940
0.0750
0.0531
0.0278
-0.0009
-0.0326
-0.0669
-0.1029
-0.1399
-0.1768
-0.2129
-0.2475
-0.2800
-0.3099
-0.3371
-0.3615
-0.3833
-0.4027
-0.4202
-0.4363
-0.4518
-0.4672
-0.4833
-0.5006
-0.5197
-0.5409
-0.5644
-0.5902
-0.6181
-0.6476
-0.6783
-0.7098
-0.7414
-0.7725
-0.8026
-0.8309
-0.8568
-0.8795
-0.8981
-0.9117
-0.9197
-0.9213
-0.9164
-0.9047
-0.8865
-0.8622
-0.8324
-0.7979
-0.7592
-0.7171
-0.6721
-0.6248
-0.5756
-0.5249
-0.4734
-0.4216
-0.3702
-0.3198
-0.2710
-0.2246
-0.1809
-0.1405
-0.1036
-0.0703
-0.0407
-0.0149
0.0071
0.0255
0.0403
0.0516
0.0599
0.0655
0.0690
0.0711
0.0726
0.0741
0.0764
0.0800
0.0852
0.0920
0.1006
0.1105
0.1218
0.1340
0.1471
0.1609
0.1756
0.1913
0.2082
0.2266
0.2467
0.2686
0.2924
0.3179
0.3448
0.3728
0.4013
0.4300
0.4583
0.4861
0.5131
0.5392
0.5641
0.5877
0.6097
0.6299
0.6478
0.6631
0.6754
0.6844
0.6902
0.6926
0.6920
0.6887
0.6831
0.6758
0.6673
0.6583
0.6494
0.6413
0.6347
0.6300
0.6278
0.6283
0.6316
0.6376
0.6458
0.6556
0.6665
0.6779
0.6891
0.6998
0.7097
0.7186
0.7264
0.7332
0.7389
0.7437
0.7477
0.7511
0.7542
0.7573
0.7609
0.7651
0.7701
0.7758
0.7819
0.7880
0.7936
0.7980
0.8009
0.8018
0.8008
0.7978
0.7931
0.7870
0.7798
0.7720
0.7636
0.7548
0.7456
0.7359
0.7253
0.7137
0.7007
0.6863
0.6703
0.6529
0.6344
0.6153
0.5962
0.5776
0.5603
0.5448
0.5314
0.5201
0.5109
0.5036
0.4976
0.4926
0.4881
0.4839
0.4796
0.4752
0.4703
0.4651
0.4592
0.4528
0.4457
0.4381
0.4300
0.4218
0.4136
0.4057
0.3983
0.3915
0.3854
0.3797
0.3743
0.3688
0.3630
0.3565
0.3491
0.3408
0.3315
0.3214
0.3106
0.2994
0.2884
0.2778
0.2680
0.2594
0.2521
0.2462
0.2414
0.2373
0.2336
0.2296
0.2249
0.2194
0.2129
0.2059
0.1987
0.1920
0.1866
0.1830
0.1815
0.1820
0.1842
0.1874
0.1906
0.1932
0.1943
0.1935
0.1904
0.1853
0.1783
0.1699
0.1608
0.1516
0.1429
0.1352
0.1291
0.1253
0.1242
0.1263
0.1319
0.1415
0.1550
0.1725
0.1936
0.2177
0.2443
0.2722
0.3007
0.3285
0.3548
0.3788
0.3998
0.4175
0.4319
0.4431
0.4515
0.4576
0.4620
0.4652
0.4677
0.4697
0.4717
0.4738
0.4762
0.4790
0.4824
0.4866
0.4918
0.4981
0.5058
0.5150
0.5256
0.5376
0.5507
0.5647
0.5789
0.5930
0.6063
0.6186
0.6294
0.6387
0.6465
0.6532
0.6592
0.6650
0.6714
0.6788
0.6876
0.6981
0.7103
0.7239
0.7386
0.7538
0.7688
0.7831
0.7961
0.8074
0.8167
0.8236
0.8279
0.8295
0.8281
0.8237
0.8163
0.8059
0.7929
0.7778
0.7610
0.7432
0.7251
0.7074
0.6903
0.6744
0.6598
0.6466
0.6348
0.6243
0.6153
0.6076
0.6014
0.5966
0.5933
0.5914
0.5909
0.5916
0.5932
0.5956
0.5984
0.6016
0.6049
0.6082
0.6117
0.6155
0.6196
0.6245
0.6302
0.6371
0.6452
0.6545
0.6650
0.6764
0.6883
0.7005
0.7127
0.7245
0.7359
0.7469
0.7577
0.7685
0.7794
0.7907
0.8024
0.8144
0.8263
0.8377
0.8483
0.8575
0.8653
0.8714
0.8760
0.8794
0.8818
0.8837
0.8855
0.8874
0.8895
0.8921
0.8949
0.8979
0.9007
0.9033
0.9050
0.9056
0.9046
0.9016
0.8962
0.8882
0.8774
0.8639
0.8479
0.8298
0.8102
0.7899
0.7695
0.7500
0.7320
0.7160
0.7025
0.6913
0.6821
0.6742
0.6666
0.6579
0.6466
0.6313
0.6106
0.5836
0.5496
0.5088
0.4620
0.4103
0.3559
0.3008
0.2476
0.1986
0.1561
0.1217
0.0964
0.0806
0.0741
0.0760
0.0851
0.0997
0.1183
0.1394
0.1617
0.1842
0.2062
0.2273
0.2474
0.2663
0.2840
0.3007
0.3162
0.3309
0.3447
0.3579
0.3707
0.3834
0.3963
0.4096
0.4236
0.4383
0.4538
0.4699
0.4866
0.5037
0.5211
0.5387
0.5565
0.5744
0.5925
0.6106
0.6285
0.6460
0.6626
0.6778
0.6909
0.7015
0.7089
0.7130
0.7135
0.7105
0.7043
0.6951
0.6833
0.6692
0.6530
0.6349
0.6149
0.5931
0.5696
0.5444
0.5178
0.4899
0.4613
0.4325
0.4040
0.3764
0.3504
0.3264
0.3048
0.2861
0.2701
0.2568
0.2458
0.2363
0.2275
0.2184
0.2081
0.1956
0.1804
0.1623
0.1415
0.1187
0.0951
0.0719
0.0506
0.0323
0.0178
0.0077
0.0016
-0.0010
-0.0013
-0.0005
0.0003
0.0000
-0.0019
-0.0057
-0.0111
-0.0174
-0.0239
-0.0297
-0.0338
-0.0356
-0.0347
-0.0309
-0.0245
-0.0161
-0.0062
0.0041
0.0139
0.0222
0.0283
0.0312
0.0308
0.0266
0.0189
0.0081
-0.0053
-0.0204
-0.0365
-0.0526
-0.0680
-0.0819
-0.0940
-0.1038
-0.1115
-0.1170
-0.1207
-0.1229
-0.1242
-0.1248
-0.1250
-0.1251
-0.1249
-0.1243
-0.1231
-0.1211
-0.1179
-0.1136
-0.1081
-0.1017
-0.0949
-0.0879
-0.0812
-0.0751
-0.0697
-0.0650
-0.0608
-0.0566
-0.0524
-0.0478
-0.0432
-0.0387
-0.0352
-0.0332
-0.0337
-0.0372
-0.0442
-0.0547
-0.0686
-0.0853
-0.1043
-0.1251
-0.1471
-0.1700
-0.1939
-0.2187
-0.2447
-0.2719
-0.3003
-0.3296
-0.3594
-0.3891
-0.4178
-0.4447
-0.4691
-0.4903
-0.5079
-0.5215
-0.5311
-0.5369
-0.5388
-0.5373
-0.5325
-0.5247
-0.5142
-0.5013
-0.4862
-0.4691
-0.4502
-0.4295
-0.4071
-0.3830
-0.3570
-0.3290
-0.2989
-0.2666
-0.2321
-0.1952
-0.1559
-0.1142
-0.0700
-0.0232
0.0264
0.0786
0.1334
0.1903
0.2486
0.3076
0.3661
0.4229
0.4770
0.5271
0.5726
0.6128
0.6475
0.6768
0.7011
0.7212
0.7376
0.7514
0.7632
0.7737
0.7836
0.7931
0.8026
0.8121
0.8215
0.8305
0.8387
0.8457
0.8507
0.8531
0.8522
0.8476
0.8387
0.8254
0.8077
0.7860
0.7609
0.7331
0.7036
0.6734
0.6432
0.6140
0.5862
0.5603
0.5363
0.5144
0.4944
0.4761
0.4595
0.4443
0.4304
0.4174
0.4051
0.3932
0.3813
0.3692
0.3566
0.3437
0.3308
0.3185
0.3078
0.3000
0.2962
0.2975
0.3050
0.3189
0.3392
0.3653
0.3961
0.4301
0.4659
0.5016
0.5360
0.5679
0.5965
0.6213
0.6422
0.6593
0.6726
0.6823
0.6883
0.6908
0.6898
0.6852
0.6774
0.6668
0.6541
0.6400
0.6257
0.6119
0.5995
0.5892
0.5814
0.5764
0.5741
0.5745
0.5771
0.5817
0.5876
0.5943
0.6011
0.6072
0.6118
0.6143
0.6144
0.6118
0.6067
0.5995
0.5911
0.5822
0.5739
0.5667
0.5614
0.5583
0.5573
0.5580
0.5601
0.5626
0.5650
0.5665
0.5667
0.5654
0.5626
0.5587
0.5543
0.5502
0.5474
0.5467
0.5490
0.5549
0.5646
0.5781
0.5950
0.6145
0.6354
0.6562
0.6754
0.6916
0.7034
0.7097
0.7100
0.7042
0.6927
0.6762
0.6561
0.6338
0.6108
0.5889
0.5693
0.5533
0.5417
0.5348
0.5324
0.5341
0.5390
0.5458
0.5534
0.5608
0.5670
0.5716
0.5744
0.5757
0.5758
0.5754
0.5753
0.5760
0.5780
0.5816
0.5869
0.5937
0.6017
0.6104
0.6193
0.6275
0.6345
0.6395
0.6419
0.6414
0.6376
0.6307
0.6210
0.6094
0.5966
0.5838
0.5719
0.5617
0.5541
0.5493
0.5473
0.5479
0.5506
0.5550
0.5605
0.5665
0.5726
0.5782
0.5828
0.5859
0.5870
0.5854
0.5809
0.5730
0.5619
0.5478
0.5311
0.5128
0.4938
0.4751
0.4576
0.4419
0.4284
0.4171
0.4078
0.3997
0.3921
0.3841
0.3747
0.3634
0.3496
0.3332
0.3144
0.2936
0.2711
0.2476
0.2237
0.1997
0.1762
0.1532
0.1311
0.1099
0.0896
0.0705
0.0524
0.0354
0.0195
0.0048
-0.0086
-0.0205
-0.0306
-0.0384
-0.0435
-0.0454
-0.0439
-0.0389
-0.0304
-0.0187
-0.0044
0.0119
0.0299
0.0489
0.0685
0.0886
0.1089
0.1291
0.1489
0.1677
0.1849
0.1998
0.2115
0.2195
0.2233
0.2230
0.2189
0.2118
0.2031
0.1940
0.1861
0.1806
0.1783
0.1799
0.1851
0.1937
0.2047
0.2173
0.2304
0.2434
0.2558
0.2676
0.2790
0.2905
0.3026
0.3158
0.3303
0.3462
0.3634
0.3818
0.4009
0.4206
0.4408
0.4615
0.4829
0.5052
0.5284
0.5524
0.5769
0.6010
0.6240
0.6446
0.6617
0.6745
0.6824
0.6851
0.6828
0.6761
0.6658
0.6528
0.6381
0.6223
0.6059
0.5893
0.5725
0.5558
0.5390
0.5225
0.5066
0.4916
0.4781
0.4662
0.4564
0.4483
0.4416
0.4356
0.4294
0.4219
0.4122
0.3994
0.3829
0.3626
0.3386
0.3113
0.2815
0.2499
0.2175
0.1851
0.1532
0.1223
0.0928
0.0645
0.0374
0.0112
-0.0143
-0.0394
-0.0641
-0.0884
-0.1119
-0.1340
-0.1540
-0.1708
-0.1834
-0.1911
-0.1930
-0.1889
-0.1788
-0.1633
-0.1435
-0.1209
-0.0973
-0.0746
-0.0548
-0.0393
-0.0294
-0.0255
-0.0273
-0.0340
-0.0441
-0.0555
-0.0662
-0.0742
-0.0775
-0.0748
-0.0652
-0.0485
-0.0251
0.0043
0.0386
0.0763
0.1163
0.1574
0.1986
0.2394
0.2796
0.3189
0.3575
0.3953
0.4325
0.4688
0.5040
0.5378
0.5697
0.5996
0.6272
0.6523
0.6749
0.6950
0.7125
0.7274
0.7393
0.7482
0.7537
0.7559
0.7548
0.7507
0.7441
0.7358
0.7267
0.7177
0.7097
0.7034
0.6993
0.6976
0.6983
0.7010
0.7054
0.7109
0.7172
0.7236
0.7300
0.7359
0.7414
0.7463
0.7505
0.7540
0.7566
0.7581
0.7582
0.7565
0.7527
0.7463
0.7366
0.7234
0.7063
0.6850
0.6598
0.6308
0.5986
0.5641
0.5282
0.4919
0.4563
0.4222
0.3903
0.3610
0.3343
0.3100
0.2876
0.2662
0.2452
0.2238
0.2011
0.1768
0.1505
0.1221
0.0920
0.0606
0.0285
-0.0033
-0.0340
-0.0627
-0.0889
-0.1119
-0.1317
-0.1482
-0.1619
-0.1732
-0.1829
-0.1918
-0.2004
-0.2095
-0.2197
-0.2311
-0.2443
-0.2591
-0.2756
-0.2937
-0.3131
-0.3332
-0.3536
-0.3735
-0.3921
-0.4087
-0.4225
-0.4326
-0.4386
-0.4398
-0.4360
-0.4272
-0.4135
-0.3954
-0.3733
-0.3482
-0.3208
-0.2920
-0.2627
-0.2336
-0.2051
-0.1777
-0.1513
-0.1262
-0.1019
-0.0783
-0.0551
-0.0320
-0.0089
0.0143
0.0374
0.0602
0.0820
0.1025
0.1212
0.1376
0.1518
0.1638
0.1741
0.1832
0.1918
0.2004
0.2092
0.2182
0.2267
0.2339
0.2387
0.2403
0.2377
0.2306
0.2191
0.2037
0.1853
0.1652
0.1447
0.1249
0.1070
0.0916
0.0794
0.0707
0.0656
0.0641
0.0661
0.0712
0.0788
0.0881
0.0982
0.1081
0.1167
0.1233
0.1272
0.1285
0.1274
0.1245
0.1209
0.1178
0.1162
0.1171
0.1211
0.1283
0.1385
0.1511
0.1652
0.1802
0.1953
0.2100
0.2244
0.2387
0.2537
0.2700
0.2884
0.3097
0.3342
0.3618
0.3923
0.4247
0.4582
0.4913
0.5228
0.5514
0.5762
0.5963
0.6112
0.6209
0.6253
0.6249
0.6200
0.6115
0.6000
0.5861
0.5707
0.5545
0.5379
0.5217
0.5062
0.4919
0.4791
0.4679
0.4586
0.4510
0.4453
0.4412
0.4386
0.4373
0.4370
0.4375
0.4386
0.4401
0.4419
0.4438
0.4457
0.4475
0.4488
0.4494
0.4493
0.4480
0.4454
0.4414
0.4358
0.4289
0.4209
0.4121
0.4033
0.3948
0.3873
0.3811
0.3761
0.3722
0.3687
0.3651
0.3605
0.3542
0.3460
0.3356
0.3234
0.3100
0.2960
0.2823
0.2700
0.2595
0.2514
0.2456
0.2420
0.2398
0.2383
0.2365
0.2337
0.2293
0.2229
0.2146
0.2049
0.1943
0.1835
0.1733
0.1640
0.1560
0.1493
0.1434
0.1381
0.1330
0.1277
0.1220
0.1162
0.1106
0.1058
0.1024
0.1010
0.1023
0.1064
0.1133
0.1226
0.1334
0.1448
0.1555
0.1645
0.1707
0.1736
0.1731
0.1693
0.1629
0.1547
0.1455
0.1360
0.1266
0.1177
0.1088
0.0998
0.0901
0.0791
0.0668
0.0528
0.0374
0.0209
0.0036
-0.0140
-0.0315
-0.0486
-0.0651
-0.0808
-0.0957
-0.1095
-0.1221
-0.1333
-0.1430
-0.1513
-0.1582
-0.1641
-0.1695
-0.1749
-0.1811
-0.1886
-0.1977
-0.2087
-0.2214
-0.2355
-0.2504
-0.2654
-0.2800
-0.2934
-0.3055
-0.3161
-0.3253
-0.3333
-0.3406
-0.3475
-0.3543
-0.3611
-0.3680
-0.3752
-0.3827
-0.3908
-0.3996
-0.4095
-0.4207
-0.4335
-0.4480
-0.4640
-0.4815
-0.5001
-0.5194
-0.5390
-0.5587
-0.5780
-0.5969
-0.6149
-0.6318
-0.6470
-0.6602
-0.6709
-0.6783
-0.6823
-0.6824
-0.6787
-0.6714
-0.6611
-0.6486
-0.6349
-0.6210
-0.6083
-0.5976
-0.5900
-0.5860
-0.5863
-0.5909
-0.6000
-0.6131
-0.6299
-0.6496
-0.6715
-0.6946
-0.7180
-0.7405
-0.7614
-0.7798
-0.7951
-0.8070
-0.8155
-0.8205
-0.8223
-0.8213
-0.8176
-0.8114
-0.8027
-0.7914
-0.7773
-0.7603
-0.7401
-0.7170
-0.6911
-0.6627
-0.6323
-0.6004
-0.5674
-0.5337
-0.4994
-0.4646
-0.4291
-0.3928
-0.3553
-0.3163
-0.2758
-0.2334
-0.1891
-0.1430
-0.0951
-0.0456
0.0051
0.0565
0.1082
0.1595
0.2096
0.2578
0.3035
0.3459
0.3847
0.4196
0.4506
0.4780
0.5021
0.5234
0.5426
0.5603
0.5771
0.5935
0.6098
0.6262
0.6428
0.6594
0.6759
0.6919
0.7073
0.7218
0.7352
0.7472
0.7576
0.7663
0.7730
0.7775
0.7798
0.7798
0.7777
0.7737
0.7681
0.7615
0.7541
0.7464
0.7386
0.7308
0.7230
0.7150
0.7067
0.6980
0.6888
0.6793
0.6697
0.6603
0.6515
0.6438
0.6372
0.6320
0.6282
0.6259
0.6248
0.6251
0.6268
0.6301
0.6351
0.6420
0.6511
0.6623
0.6753
0.6900
0.7058
0.7221
0.7386
0.7546
0.7701
0.7849
0.7989
0.8122
0.8249
0.8368
0.8480
0.8580
0.8667
0.8737
0.8788
0.8816
0.8823
0.8810
0.8780
0.8738
0.8691
0.8646
0.8608
0.8583
0.8572
0.8576
0.8590
0.8609
0.8622
0.8619
0.8590
0.8525
0.8417
0.8262
0.8058
0.7807
0.7517
0.7195
0.6853
0.6502
0.6152
0.5815
0.5497
0.5203
0.4935
0.4691
0.4468
0.4261
0.4068
0.3886
0.3713
0.3552
0.3407
0.3284
0.3193
0.3141
0.3137
0.3185
0.3290
0.3449
0.3658
0.3908
0.4186
0.4479
0.4772
0.5051
0.5307
0.5529
0.5712
0.5853
0.5952
0.6009
0.6027
0.6010
0.5963
0.5893
0.5807
0.5713
0.5620
0.5535
0.5464
0.5411
0.5378
0.5363
0.5363
0.5377
0.5399
0.5426
0.5454
0.5482
0.5507
0.5527
0.5540
0.5545
0.5538
0.5520
0.5490
0.5450
0.5401
0.5347
0.5291
0.5238
0.5189
0.5145
0.5107
0.5075
0.5045
0.5015
0.4983
0.4944
0.4896
0.4836
0.4762
0.4674
0.4573
0.4461
0.4342
0.4219
0.4096
0.3976
0.3861
0.3750
0.3643
0.3537
0.3428
0.3311
0.3180
0.3031
0.2858
0.2659
0.2432
0.2179
0.1902
0.1608
0.1301
0.0988
0.0674
0.0363
0.0058
-0.0240
-0.0528
-0.0805
-0.1068
-0.1314
-0.1538
-0.1735
-0.1901
-0.2031
-0.2124
-0.2178
-0.2194
-0.2174
-0.2124
-0.2046
-0.1945
-0.1827
-0.1693
-0.1549
-0.1394
-0.1233
-0.1067
-0.0900
-0.0735
-0.0578
-0.0436
-0.0315
-0.0222
-0.0162
-0.0137
-0.0146
-0.0185
-0.0247
-0.0321
-0.0396
-0.0464
-0.0517
-0.0551
-0.0569
-0.0579
-0.0591
-0.0622
-0.0687
-0.0804
-0.0983
-0.1233
-0.1557
-0.1949
-0.2401
-0.2898
-0.3425
-0.3963
-0.4498
-0.5016
-0.5508
-0.5970
-0.6401
-0.6803
-0.7181
-0.7540
-0.7885
-0.8218
-0.8540
-0.8850
-0.9145
-0.9419
-0.9668
-0.9887
-1.0074
-1.0227
-1.0347
-1.0434
-1.0491
-1.0520
-1.0523
-1.0501
-1.0454
-1.0381
-1.0281
-1.0152
-0.9993
-0.9804
-0.9586
-0.9343
-0.9079
-0.8800
-0.8512
-0.8222
-0.7937
-0.7660
-0.7395
-0.7143
-0.6901
-0.6667
-0.6434
-0.6196
-0.5945
-0.5674
-0.5378
-0.5055
-0.4705
-0.4331
-0.3937
-0.3531
-0.3119
-0.2706
-0.2298
-0.1899
-0.1508
-0.1129
-0.0759
-0.0399
-0.0048
0.0294
0.0627
0.0952
0.1270
0.1582
0.1890
0.2193
0.2494
0.2791
0.3083
0.3367
0.3639
0.3896
0.4133
0.4346
0.4532
0.4691
0.4822
0.4927
0.5011
0.5077
0.5130
0.5174
0.5213
0.5250
0.5286
0.5321
0.5354
0.5385
0.5411
0.5433
0.5449
0.5458
0.5459
0.5451
0.5432
0.5401
0.5356
0.5296
0.5220
0.5129
0.5025
0.4912
0.4794
0.4676
0.4566
0.4466
0.4381
0.4314
0.4266
0.4236
0.4222
0.4222
0.4231
0.4247
0.4263
0.4276
0.4282
0.4275
0.4252
0.4210
0.4148
0.4065
0.3962
0.3841
0.3706
0.3560
0.3407
0.3251
0.3092
0.2934
0.2776
0.2618
0.2461
0.2302
0.2141
0.1976
0.1806
0.1630
0.1444
0.1248
0.1037
0.0810
0.0564
0.0299
0.0014
-0.0288
-0.0604
-0.0928
-0.1252
-0.1568
-0.1869
-0.2146
-0.2396
-0.2616
-0.2809
-0.2978
-0.3130
-0.3271
-0.3408
-0.3546
-0.3688
-0.3833
-0.3979
-0.4120
-0.4251
-0.4365
-0.4458
-0.4528
-0.4573
-0.4594
-0.4595
-0.4580
-0.4552
-0.4516
-0.4473
-0.4426
-0.4375
-0.4319
-0.4257
-0.4187
-0.4107
-0.4016
-0.3912
-0.3794
-0.3662
-0.3513
-0.3349
-0.3168
-0.2973
-0.2764
-0.2543
-0.2312
-0.2076
-0.1840
-0.1610
-0.1393
-0.1196
-0.1025
-0.0886
-0.0781
-0.0711
-0.0674
-0.0664
-0.0675
-0.0702
-0.0736
-0.0773
-0.0809
-0.0841
-0.0871
-0.0899
-0.0930
-0.0969
-0.1025
-0.1106
-0.1223
-0.1384
-0.1599
-0.1874
-0.2211
-0.2607
-0.3053
-0.3536
-0.4039
-0.4539
-0.5016
-0.5450
-0.5824
-0.6124
-0.6343
-0.6479
-0.6535
-0.6517
-0.6435
-0.6303
-0.6133
-0.5937
-0.5729
-0.5516
-0.5308
-0.5109
-0.4923
-0.4752
-0.4598
-0.4463
-0.4348
-0.4254
-0.4181
-0.4131
-0.4102
-0.4092
-0.4098
-0.4115
-0.4136
-0.4154
-0.4162
-0.4152
-0.4119
-0.4057
-0.3965
-0.3845
-0.3699
-0.3534
-0.3360
-0.3186
-0.3023
-0.2881
-0.2767
-0.2684
-0.2632
-0.2608
-0.2606
-0.2616
-0.2632
-0.2648
-0.2659
-0.2669
-0.2681
-0.2702
-0.2740
-0.2801
-0.2888
-0.2999
-0.3129
-0.3267
-0.3402
-0.3520
-0.3610
-0.3663
-0.3677
-0.3650
-0.3587
-0.3496
-0.3383
-0.3257
-0.3126
-0.2994
-0.2867
-0.2745
-0.2630
-0.2521
-0.2418
-0.2318
-0.2219
-0.2116
-0.2008
-0.1890
-0.1760
-0.1614
-0.1450
-0.1269
-0.1068
-0.0850
-0.0616
-0.0369
-0.0111
0.0154
0.0420
0.0683
0.0937
0.1179
0.1404
0.1608
0.1791
0.1952
0.2091
0.2210
0.2311
0.2396
0.2466
0.2520
0.2558
0.2578
0.2579
0.2559
0.2520
0.2465
0.2396
0.2322
0.2250
0.2187
0.2141
0.2116
0.2114
0.2133
0.2168
0.2211
0.2251
0.2278
0.2282
0.2256
0.2193
0.2092
0.1954
0.1783
0.1582
0.1358
0.1114
0.0856
0.0584
0.0301
0.0006
-0.0300
-0.0615
-0.0935
-0.1255
-0.1569
-0.1869
-0.2151
-0.2408
-0.2639
-0.2844
-0.3025
-0.3186
-0.3330
-0.3460
-0.3579
-0.3687
-0.3781
-0.3860
-0.3921
-0.3960
-0.3976
-0.3966
-0.3930
-0.3870
-0.3787
-0.3684
-0.3564
-0.3432
-0.3291
-0.3147
-0.3003
-0.2865
-0.2736
-0.2620
-0.2521
-0.2440
-0.2381
-0.2343
-0.2329
-0.2339
-0.2373
-0.2430
-0.2512
-0.2615
-0.2737
-0.2875
-0.3022
-0.3171
-0.3315
-0.3446
-0.3554
-0.3635
-0.3683
-0.3694
-0.3670
-0.3612
-0.3525
-0.3415
-0.3291
-0.3163
-0.3042
-0.2937
-0.2857
-0.2807
-0.2791
-0.2808
-0.2852
-0.2917
-0.2992
-0.3068
-0.3133
-0.3178
-0.3196
-0.3181
-0.3131
-0.3046
-0.2926
-0.2777
-0.2605
-0.2418
-0.2226
-0.2040
-0.1869
-0.1721
-0.1605
-0.1524
-0.1481
-0.1476
-0.1509
-0.1575
-0.1671
-0.1793
-0.1936
-0.2093
-0.2259
-0.2425
-0.2585
-0.2732
-0.2861
-0.2967
-0.3049
-0.3107
-0.3144
-0.3163
-0.3170
-0.3169
-0.3165
-0.3160
-0.3158
-0.3162
-0.3174
-0.3194
-0.3224
-0.3263
-0.3312
-0.3368
-0.3426
-0.3483
-0.3532
-0.3568
-0.3586
-0.3585
-0.3565
-0.3529
-0.3483
-0.3438
-0.3402
-0.3386
-0.3399
-0.3447
-0.3533
-0.3657
-0.3811
-0.3988
-0.4176
-0.4363
-0.4536
-0.4685
-0.4802
-0.4880
-0.4918
-0.4916
-0.4877
-0.4807
-0.4713
-0.4602
-0.4482
-0.4364
-0.4254
-0.4163
-0.4096
-0.4061
-0.4062
-0.4103
-0.4185
-0.4307
-0.4467
-0.4660
-0.4880
-0.5121
-0.5376
-0.5637
-0.5900
-0.6160
-0.6414
-0.6661
-0.6901
-0.7135
-0.7362
-0.7584
-0.7798
-0.8003
-0.8195
-0.8371
-0.8527
-0.8661
-0.8771
-0.8857
-0.8922
-0.8967
-0.8995
-0.9007
-0.9005
-0.8989
-0.8955
-0.8902
-0.8827
-0.8727
-0.8603
-0.8456
-0.8292
-0.8118
-0.7940
-0.7767
-0.7607
-0.7463
-0.7338
-0.7230
-0.7134
-0.7042
-0.6945
-0.6831
-0.6690
-0.6514
-0.6294
-0.6027
-0.5713
-0.5353
-0.4954
-0.4525
-0.4076
-0.3620
-0.3169
-0.2734
-0.2324
-0.1948
-0.1610
-0.1312
-0.1056
-0.0839
-0.0662
-0.0522
-0.0417
-0.0347
-0.0311
-0.0308
-0.0340
-0.0405
-0.0501
-0.0626
-0.0775
-0.0943
-0.1123
-0.1308
-0.1491
-0.1665
-0.1827
-0.1971
-0.2098
-0.2207
-0.2301
-0.2385
-0.2462
-0.2539
-0.2621
-0.2712
-0.2813
-0.2927
-0.3053
-0.3188
-0.3329
-0.3473
-0.3616
-0.3755
-0.3888
-0.4012
-0.4126
-0.4228
-0.4319
-0.4398
-0.4465
-0.4524
-0.4577
-0.4629
-0.4685
-0.4751
-0.4831
-0.4928
-0.5043
-0.5173
-0.5314
-0.5459
-0.5599
-0.5727
-0.5835
-0.5918
-0.5974
-0.6002
-0.6005
-0.5985
-0.5946
-0.5892
-0.5825
-0.5748
-0.5665
-0.5579
-0.5494
-0.5415
-0.5347
-0.5295
-0.5263
-0.5253
-0.5264
-0.5296
-0.5343
-0.5400
-0.5462
-0.5522
-0.5577
-0.5621
-0.5651
-0.5667
-0.5665
-0.5645
-0.5604
-0.5542
-0.5456
-0.5346
-0.5212
-0.5055
-0.4878
-0.4687
-0.4487
-0.4285
-0.4086
-0.3895
-0.3714
-0.3544
-0.3383
-0.3227
-0.3074
-0.2918
-0.2758
-0.2589
-0.2412
-0.2227
-0.2033
-0.1831
-0.1623
-0.1408
-0.1187
-0.0961
-0.0732
-0.0502
-0.0276
-0.0059
0.0142
0.0322
0.0476
0.0602
0.0699
0.0770
0.0818
0.0847
0.0864
0.0871
0.0871
0.0865
0.0851
0.0829
0.0796
0.0748
0.0683
0.0600
0.0499
0.0379
0.0242
0.0092
-0.0070
-0.0242
-0.0422
-0.0609
-0.0804
-0.1006
-0.1214
-0.1424
-0.1632
-0.1829
-0.2005
-0.2147
-0.2246
-0.2295
-0.2288
-0.2230
-0.2128
-0.1995
-0.1848
-0.1704
-0.1579
-0.1488
-0.1438
-0.1433
-0.1471
-0.1543
-0.1640
-0.1749
-0.1858
-0.1956
-0.2036
-0.2092
-0.2127
-0.2142
-0.2146
-0.2148
-0.2156
-0.2177
-0.2217
-0.2276
-0.2350
-0.2430
-0.2506
-0.2566
-0.2599
-0.2598
-0.2560
-0.2488
-0.2390
-0.2277
-0.2162
-0.2057
-0.1972
-0.1912
-0.1877
-0.1862
-0.1856
-0.1846
-0.1818
-0.1761
-0.1663
-0.1520
-0.1334
-0.1110
-0.0859
-0.0592
-0.0325
-0.0067
0.0171
0.0385
0.0574
0.0738
0.0883
0.1012
0.1133
0.1251
0.1370
0.1496
0.1633
0.1782
0.1948
0.2130
0.2328
0.2539
0.2760
0.2982
0.3198
0.3398
0.3571
0.3707
0.3798
0.3835
0.3813
0.3730
0.3587
0.3387
0.3136
0.2844
0.2521
0.2179
0.1831
0.1490
0.1169
0.0879
0.0628
0.0425
0.0274
0.0175
0.0124
0.0113
0.0131
0.0163
0.0192
0.0201
0.0176
0.0104
-0.0021
-0.0201
-0.0435
-0.0717
-0.1038
-0.1390
-0.1765
-0.2154
-0.2551
-0.2950
-0.3345
-0.3728
-0.4092
-0.4430
-0.4734
-0.4998
-0.5217
-0.5390
-0.5522
-0.5615
-0.5678
-0.5718
-0.5743
-0.5758
-0.5767
-0.5771
-0.5770
-0.5763
-0.5749
-0.5728
-0.5699
-0.5665
-0.5630
-0.5598
-0.5577
-0.5573
-0.5594
-0.5645
-0.5733
-0.5861
-0.6031
-0.6239
-0.6481
-0.6748
-0.7027
-0.7303
-0.7561
-0.7782
-0.7954
-0.8065
-0.8107
-0.8083
-0.7996
-0.7859
-0.7686
-0.7493
-0.7296
-0.7107
-0.6933
-0.6777
-0.6636
-0.6504
-0.6370
-0.6225
-0.6061
-0.5870
-0.5651
-0.5401
-0.5124
-0.4823
-0.4502
-0.4165
-0.3814
-0.3453
-0.3082
-0.2704
-0.2321
-0.1939
-0.1563
-0.1204
-0.0870
-0.0573
-0.0319
-0.0117
0.0030
0.0124
0.0168
0.0170
0.0140
0.0092
0.0036
-0.0014
-0.0051
-0.0067
-0.0062
-0.0039
-0.0005
0.0029
0.0054
0.0060
0.0039
-0.0012
-0.0089
-0.0186
-0.0293
-0.0396
-0.0482
-0.0538
-0.0555
-0.0525
-0.0447
-0.0323
-0.0157
0.0044
0.0269
0.0511
0.0760
0.1010
0.1254
0.1489
0.1711
0.1917
0.2106
0.2275
0.2422
0.2546
0.2646
0.2725
0.2783
0.2825
0.2854
0.2875
0.2890
0.2900
0.2905
0.2905
0.2897
0.2882
0.2857
0.2826
0.2791
0.2754
0.2722
0.2696
0.2680
0.2675
0.2682
0.2699
0.2724
0.2758
0.2797
0.2841
0.2887
0.2935
0.2980
0.3019
0.3047
0.3057
0.3046
0.3009
0.2944
0.2850
0.2729
0.2581
0.2409
0.2216
0.2003
0.1771
0.1518
0.1245
0.0951
0.0636
0.0300
-0.0055
-0.0426
-0.0810
-0.1204
-0.1603
-0.2006
-0.2408
-0.2807
-0.3201
-0.3587
-0.3964
-0.4328
-0.4676
-0.5005
-0.5309
-0.5584
-0.5824
-0.6025
-0.6184
-0.6300
-0.6374
-0.6408
-0.6409
-0.6384
-0.6339
-0.6284
-0.6224
-0.6165
-0.6110
-0.6061
-0.6017
-0.5978
-0.5946
-0.5920
-0.5902
-0.5897
-0.5907
-0.5938
-0.5994
-0.6079
-0.6195
-0.6345
-0.6527
-0.6739
-0.6976
-0.7233
-0.7501
-0.7774
-0.8042
-0.8298
-0.8537
-0.8754
-0.8946
-0.9113
-0.9258
-0.9383
-0.9493
-0.9594
-0.9692
-0.9793
-0.9901
-1.0021
-1.0156
-1.0305
-1.0470
-1.0648
-1.0836
-1.1030
-1.1224
-1.1416
-1.1601
-1.1774
-1.1933
-1.2077
-1.2205
-1.2316
-1.2412
-1.2495
-1.2568
-1.2634
-1.2699
-1.2767
-1.2843
-1.2934
-1.3043
-1.3177
-1.3337
-1.3526
-1.3743
-1.3985
-1.4249
-1.4527
-1.4813
-1.5100
-1.5380
-1.5646
-1.5894
-1.6119
-1.6318
-1.6487
-1.6625
-1.6730
-1.6802
-1.6839
-1.6844
-1.6817
-1.6765
-1.6692
-1.6606
-1.6519
-1.6441
-1.6383
-1.6357
-1.6371
-1.6432
-1.6543
-1.6704
-1.6911
-1.7157
-1.7434
-1.7733
-1.8043
-1.8355
-1.8662
-1.8956
-1.9234
-1.9490
-1.9723
-1.9930
-2.0109
-2.0260
-2.0382
-2.0477
-2.0547
-2.0596
-2.0629
-2.0653
-2.0673
-2.0693
-2.0716
-2.0744
-2.0774
-2.0804
-2.0827
-2.0837
-2.0829
-2.0798
-2.0739
-2.0650
-2.0530
-2.0377
-2.0193
-1.9978
-1.9732
-1.9457
-1.9151
-1.8817
-1.8455
-1.8067
-1.7655
-1.7222
-1.6774
-1.6313
-1.5846
-1.5376
-1.4906
-1.4437
-1.3971
-1.3504
-1.3035
-1.2562
-1.2082
-1.1596
-1.1106
-1.0612
-1.0121
-0.9636
-0.9161
-0.8700
-0.8253
-0.7822
-0.7405
-0.7002
-0.6612
-0.6235
-0.5875
-0.5537
-0.5226
-0.4954
-0.4729
-0.4560
-0.4454
-0.4416
-0.4448
-0.4545
-0.4703
-0.4913
-0.5164
-0.5447
-0.5751
-0.6067
-0.6387
-0.6702
-0.7006
-0.7288
-0.7539
-0.7751
-0.7914
-0.8020
-0.8064
-0.8046
-0.7967
-0.7835
-0.7662
-0.7460
-0.7244
-0.7028
-0.6826
-0.6646
-0.6495
-0.6376
-0.6289
-0.6231
-0.6199
-0.6189
-0.6196
-0.6215
-0.6243
-0.6275
-0.6309
-0.6340
-0.6366
-0.6383
-0.6389
-0.6384
-0.6367
-0.6340
-0.6306
-0.6268
-0.6230
-0.6197
-0.6174
-0.6165
-0.6172
-0.6198
-0.6242
-0.6303
-0.6378
-0.6461
-0.6547
-0.6627
-0.6696
-0.6747
-0.6777
-0.6785
-0.6774
-0.6751
-0.6724
-0.6703
-0.6701
-0.6726
-0.6787
-0.6889
-0.7032
-0.7215
-0.7430
-0.7669
-0.7918
-0.8162
-0.8385
-0.8570
-0.8702
-0.8766
-0.8753
-0.8659
-0.8485
-0.8238
-0.7932
-0.7587
-0.7224
-0.6870
-0.6544
-0.6267
-0.6052
-0.5905
-0.5826
-0.5808
-0.5842
-0.5915
-0.6015
-0.6135
-0.6270
-0.6419
-0.6586
-0.6776
-0.6995
-0.7244
-0.7523
-0.7827
-0.8146
-0.8467
-0.8775
-0.9054
-0.9292
-0.9477
-0.9602
-0.9666
-0.9668
-0.9614
-0.9510
-0.9364
-0.9186
-0.8987
-0.8777
-0.8566
-0.8362
-0.8171
-0.7997
-0.7841
-0.7702
-0.7574
-0.7451
-0.7325
-0.7190
-0.7040
-0.6874
-0.6694
-0.6505
-0.6318
-0.6146
-0.6001
-0.5897
-0.5844
-0.5847
-0.5907
-0.6019
-0.6175
-0.6359
-0.6556
-0.6750
-0.6925
-0.7066
-0.7165
-0.7212
-0.7203
-0.7138
-0.7017
-0.6845
-0.6629
-0.6377
-0.6099
-0.5808
-0.5514
-0.5226
-0.4954
-0.4701
-0.4470
-0.4259
-0.4065
-0.3885
-0.3715
-0.3554
-0.3402
-0.3263
-0.3142
-0.3046
-0.2979
-0.2943
-0.2939
-0.2961
-0.3002
-0.3049
-0.3090
-0.3111
-0.3102
-0.3056
-0.2968
-0.2843
-0.2686
-0.2507
-0.2319
-0.2134
-0.1962
-0.1814
-0.1694
-0.1607
-0.1550
-0.1520
-0.1510
-0.1511
-0.1513
-0.1506
-0.1482
-0.1434
-0.1360
-0.1261
-0.1145
-0.1017
-0.0889
-0.0770
-0.0666
-0.0582
-0.0517
-0.0469
-0.0429
-0.0390
-0.0341
-0.0273
-0.0180
-0.0058
0.0092
0.0268
0.0464
0.0672
0.0885
0.1096
0.1297
0.1483
0.1651
0.1797
0.1918
0.2013
0.2080
0.2117
0.2120
0.2089
0.2018
0.1908
0.1754
0.1558
0.1319
0.1041
0.0729
0.0389
0.0028
-0.0347
-0.0731
-0.1119
-0.1512
-0.1909
-0.2311
-0.2721
-0.3140
-0.3565
-0.3992
-0.4416
-0.4826
-0.5215
-0.5571
-0.5886
-0.6155
-0.6373
-0.6540
-0.6658
-0.6731
-0.6768
-0.6774
-0.6757
-0.6727
-0.6691
-0.6656
-0.6628
-0.6613
-0.6615
-0.6639
-0.6686
-0.6758
-0.6853
-0.6968
-0.7099
-0.7239
-0.7380
-0.7514
-0.7633
-0.7731
-0.7804
-0.7849
-0.7870
-0.7872
-0.7864
-0.7857
-0.7864
-0.7895
-0.7959
-0.8058
-0.8192
-0.8351
-0.8522
-0.8689
-0.8832
-0.8936
-0.8985
-0.8972
-0.8898
-0.8769
-0.8597
-0.8399
-0.8191
-0.7990
-0.7805
-0.7643
-0.7502
-0.7377
-0.7258
-0.7137
-0.7002
-0.6849
-0.6674
-0.6480
-0.6271
-0.6057
-0.5844
-0.5643
-0.5460
-0.5299
-0.5160
-0.5044
-0.4944
-0.4856
-0.4773
-0.4685
-0.4588
-0.4474
-0.4341
-0.4186
-0.4012
-0.3824
-0.3631
-0.3442
-0.3267
-0.3115
-0.2994
-0.2904
-0.2845
-0.2808
-0.2782
-0.2754
-0.2710
-0.2639
-0.2534
-0.2393
-0.2217
-0.2013
-0.1790
-0.1554
-0.1314
-0.1071
-0.0825
-0.0573
-0.0311
-0.0032
0.0266
0.0586
0.0924
0.1275
0.1629
0.1975
0.2301
0.2595
0.2845
0.3042
0.3180
0.3256
0.3273
0.3237
0.3157
0.3047
0.2925
0.2805
0.2705
0.2637
0.2609
0.2623
0.2676
0.2760
0.2862
0.2967
0.3062
0.3132
0.3170
0.3171
0.3136
0.3070
0.2985
0.2891
0.2802
0.2731
0.2686
0.2675
0.2697
0.2751
0.2829
0.2922
0.3019
0.3110
0.3189
0.3253
0.3301
0.3338
0.3371
0.3409
0.3457
0.3522
0.3602
0.3695
0.3794
0.3887
0.3962
0.4010
0.4019
0.3987
0.3911
0.3795
0.3649
0.3482
0.3307
0.3136
0.2982
0.2850
0.2745
0.2666
0.2610
0.2568
0.2532
0.2495
0.2451
0.2398
0.2335
0.2265
0.2194
0.2125
0.2061
0.2001
0.1942
0.1876
0.1795
0.1687
0.1543
0.1355
0.1116
0.0825
0.0481
0.0090
-0.0341
-0.0803
-0.1287
-0.1784
-0.2284
-0.2780
-0.3270
-0.3752
-0.4226
-0.4695
-0.5162
-0.5628
-0.6093
-0.6555
-0.7008
-0.7444
-0.7854
-0.8227
-0.8553
-0.8827
-0.9045
-0.9208
-0.9323
-0.9402
-0.9459
-0.9510
-0.9575
-0.9669
-0.9806
-0.9996
-1.0243
-1.0546
-1.0897
-1.1283
-1.1691
-1.2103
-1.2504
-1.2882
-1.3229
-1.3539
-1.3813
-1.4054
-1.4265
-1.4450
-1.4611
-1.4748
-1.4859
-1.4940
-1.4987
-1.4992
-1.4953
-1.4864
-1.4723
-1.4530
-1.4287
-1.3995
-1.3659
-1.3286
-1.2881
-1.2453
-1.2010
-1.1560
-1.1112
-1.0676
-1.0259
-0.9868
-0.9509
-0.9187
-0.8905
-0.8663
-0.8460
-0.8293
-0.8155
-0.8041
-0.7944
-0.7857
-0.7774
-0.7692
-0.7609
-0.7526
-0.7446
-0.7371
-0.7305
-0.7248
-0.7199
-0.7152
-0.7100
-0.7032
-0.6937
-0.6806
-0.6629
-0.6405
-0.6136
-0.5828
-0.5495
-0.5152
-0.4818
-0.4511
-0.4244
-0.4029
-0.3869
-0.3762
-0.3700
-0.3673
-0.3666
-0.3667
-0.3661
-0.3640
-0.3595
-0.3522
-0.3420
-0.3289
-0.3130
-0.2949
-0.2750
-0.2541
-0.2330
-0.2125
-0.1935
-0.1763
-0.1615
-0.1491
-0.1389
-0.1303
-0.1229
-0.1161
-0.1093
-0.1023
-0.0949
-0.0873
-0.0796
-0.0722
-0.0653
-0.0590
-0.0533
-0.0480
-0.0429
-0.0378
-0.0325
-0.0272
-0.0221
-0.0177
-0.0145
-0.0128
-0.0130
-0.0150
-0.0186
-0.0234
-0.0288
-0.0346
-0.0405
-0.0468
-0.0539
-0.0624
-0.0730
-0.0865
-0.1031
-0.1228
-0.1452
-0.1695
-0.1945
-0.2190
-0.2416
-0.2612
-0.2772
-0.2890
-0.2970
-0.3017
-0.3039
-0.3048
-0.3055
-0.3069
-0.3097
-0.3140
-0.3198
-0.3263
-0.3330
-0.3390
-0.3434
-0.3456
-0.3451
-0.3419
-0.3359
-0.3277
-0.3176
-0.3066
-0.2953
-0.2847
-0.2754
-0.2681
-0.2634
-0.2614
-0.2622
-0.2658
-0.2718
-0.2798
-0.2894
-0.3000
-0.3111
-0.3220
-0.3322
-0.3409
-0.3476
-0.3516
-0.3525
-0.3499
-0.3438
-0.3342
-0.3216
-0.3067
-0.2905
-0.2736
-0.2570
-0.2413
-0.2268
-0.2135
-0.2014
-0.1900
-0.1792
-0.1686
-0.1582
-0.1481
-0.1385
-0.1298
-0.1223
-0.1162
-0.1116
-0.1085
-0.1067
-0.1058
-0.1054
-0.1050
-0.1039
-0.1018
-0.0980
-0.0923
-0.0842
-0.0736
-0.0605
-0.0452
-0.0279
-0.0093
0.0100
0.0293
0.0479
0.0652
0.0810
0.0954
0.1086
0.1213
0.1340
0.1477
0.1626
0.1794
0.1978
0.2177
0.2383
0.2589
0.2784
0.2960
0.3108
0.3221
0.3299
0.3340
0.3349
0.3333
0.3300
0.3262
0.3228
0.3209
0.3214
0.3250
0.3322
0.3434
0.3585
0.3774
0.3994
0.4237
0.4494
0.4753
0.5003
0.5234
0.5439
0.5613
0.5758
0.5878
0.5978
0.6070
0.6163
0.6268
0.6392
0.6543
0.6721
0.6926
0.7154
0.7396
0.7644
0.7888
0.8117
0.8323
0.8499
0.8640
0.8743
0.8808
0.8835
0.8827
0.8789
0.8726
0.8645
0.8554
0.8461
0.8374
0.8300
0.8244
0.8208
0.8191
0.8190
0.8197
0.8205
0.8202
0.8179
0.8127
0.8041
0.7916
0.7753
0.7556
0.7329
0.7080
0.6816
0.6543
0.6267
0.5993
0.5724
0.5463
0.5211
0.4971
0.4747
0.4540
0.4355
0.4192
0.4051
0.3929
0.3825
0.3736
0.3659
0.3593
0.3538
0.3496
0.3470
0.3461
0.3470
0.3496
0.3537
0.3588
0.3641
0.3692
0.3731
0.3752
0.3748
0.3711
0.3636
0.3516
0.3345
0.3121
0.2843
0.2511
0.2131
0.1711
0.1264
0.0804
0.0349
-0.0084
-0.0478
-0.0820
-0.1098
-0.1307
-0.1444
-0.1511
-0.1514
-0.1460
-0.1357
-0.1216
-0.1046
-0.0853
-0.0644
-0.0426
-0.0203
0.0022
0.0245
0.0465
0.0678
0.0886
0.1087
0.1282
0.1472
0.1655
0.1832
0.2000
0.2156
0.2294
0.2410
0.2498
0.2552
0.2571
0.2552
0.2499
0.2414
0.2305
0.2178
0.2041
0.1902
0.1766
0.1638
0.1522
0.1420
0.1331
0.1256
0.1192
0.1139
0.1093
0.1054
0.1020
0.0989
0.0961
0.0934
0.0909
0.0884
0.0860
0.0836
0.0813
0.0791
0.0771
0.0754
0.0743
0.0737
0.0739
0.0747
0.0762
0.0781
0.0803
0.0826
0.0848
0.0867
0.0881
0.0890
0.0892
0.0886
0.0872
0.0849
0.0816
0.0773
0.0723
0.0666
0.0606
0.0546
0.0492
0.0448
0.0420
0.0412
0.0427
0.0467
0.0535
0.0630
0.0750
0.0895
0.1063
0.1251
0.1457
0.1679
0.1915
0.2163
0.2420
0.2683
0.2951
0.3222
0.3494
0.3769
0.4047
0.4329
0.4619
0.4916
0.5221
0.5531
0.5840
0.6142
0.6427
0.6684
0.6906
0.7084
0.7214
0.7296
0.7332
0.7326
0.7287
0.7222
0.7139
0.7044
0.6944
0.6841
0.6738
0.6639
0.6544
0.6455
0.6374
0.6303
0.6243
0.6196
0.6162
0.6142
0.6134
0.6137
0.6149
0.6166
0.6183
0.6196
0.6200
0.6188
0.6157
0.6104
0.6029
0.5934
0.5823
0.5705
0.5587
0.5479
0.5390
0.5325
0.5289
0.5283
0.5303
0.5344
0.5400
0.5460
0.5515
0.5558
0.5580
0.5579
0.5551
0.5498
0.5421
0.5325
0.5215
0.5096
0.4973
0.4848
0.4724
0.4603
0.4482
0.4361
0.4236
0.4105
0.3963
0.3807
0.3635
0.3444
0.3235
0.3011
0.2778
0.2541
0.2309
0.2092
0.1899
0.1735
0.1608
0.1517
0.1465
0.1446
0.1459
0.1496
0.1555
0.1629
0.1714
0.1806
0.1899
0.1987
0.2064
0.2121
0.2149
0.2141
0.2089
0.1988
0.1837
0.1636
0.1392
0.1113
0.0810
0.0496
0.0183
-0.0114
-0.0386
-0.0624
-0.0823
-0.0982
-0.1106
-0.1200
-0.1276
-0.1346
-0.1422
-0.1513
-0.1629
-0.1772
-0.1941
-0.2130
-0.2330
-0.2532
-0.2723
-0.2895
-0.3042
-0.3162
-0.3255
-0.3324
-0.3375
-0.3416
-0.3453
-0.3491
-0.3535
-0.3588
-0.3651
-0.3720
-0.3794
-0.3868
-0.3936
-0.3992
-0.4034
-0.4057
-0.4061
-0.4046
-0.4014
-0.3966
-0.3906
-0.3834
-0.3752
-0.3657
-0.3547
-0.3421
-0.3276
-0.3113
-0.2933
-0.2743
-0.2549
-0.2359
-0.2183
-0.2029
-0.1901
-0.1803
-0.1735
-0.1695
-0.1679
-0.1685
-0.1708
-0.1746
-0.1798
-0.1863
-0.1939
-0.2027
-0.2127
-0.2240
-0.2366
-0.2508
-0.2666
-0.2844
-0.3043
-0.3262
-0.3502
-0.3756
-0.4018
-0.4278
-0.4524
-0.4741
-0.4917
-0.5040
-0.5101
-0.5094
-0.5021
-0.4886
-0.4698
-0.4471
-0.4219
-0.3957
-0.3700
-0.3459
-0.3240
-0.3047
-0.2879
-0.2732
-0.2600
-0.2476
-0.2354
-0.2231
-0.2104
-0.1972
-0.1838
-0.1704
-0.1574
-0.1450
-0.1336
-0.1236
-0.1151
-0.1084
-0.1036
-0.1011
-0.1009
-0.1031
-0.1077
-0.1143
-0.1228
-0.1326
-0.1431
-0.1537
-0.1638
-0.1726
-0.1795
-0.1840
-0.1857
-0.1843
-0.1797
-0.1722
-0.1621
-0.1501
-0.1368
-0.1229
-0.1090
-0.0956
-0.0831
-0.0715
-0.0609
-0.0511
-0.0421
-0.0337
-0.0254
-0.0173
-0.0089
-0.0001
0.0094
0.0197
0.0307
0.0424
0.0546
0.0669
0.0788
0.0901
0.1002
0.1089
0.1160
0.1213
0.1249
0.1268
0.1272
0.1263
0.1244
0.1218
0.1191
0.1169
0.1157
0.1163
0.1192
0.1250
0.1340
0.1461
0.1611
0.1786
0.1978
0.2182
0.2389
0.2594
0.2790
0.2973
0.3138
0.3285
0.3410
0.3512
0.3593
0.3654
0.3697
0.3728
0.3752
0.3775
0.3803
0.3842
0.3894
0.3960
0.4038
0.4126
0.4217
0.4307
0.4390
0.4462
0.4521
0.4565
0.4594
0.4608
0.4608
0.4595
0.4570
0.4535
0.4492
0.4443
0.4393
0.4348
0.4312
0.4291
0.4288
0.4305
0.4341
0.4394
0.4457
0.4524
0.4589
0.4645
0.4689
0.4716
0.4728
0.4725
0.4713
0.4695
0.4676
0.4664
0.4662
0.4676
0.4710
0.4767
0.4849
0.4956
0.5086
0.5236
0.5399
0.5569
0.5740
0.5906
0.6061
0.6202
0.6328
0.6438
0.6533
0.6613
0.6676
0.6719
0.6738
0.6729
0.6685
0.6601
0.6474
0.6302
0.6085
0.5827
0.5532
0.5207
0.4860
0.4499
0.4131
0.3763
0.3404
0.3060
0.2737
0.2442
0.2182
0.1961
0.1783
0.1649
0.1555
0.1496
0.1461
0.1437
0.1409
0.1362
0.1283
0.1164
0.0999
0.0793
0.0552
0.0288
0.0015
-0.0251
-0.0495
-0.0703
-0.0866
-0.0974
-0.1022
-0.1006
-0.0925
-0.0779
-0.0572
-0.0311
-0.0004
0.0337
