0.0790
0.1005
0.1222
0.1434
0.1637
0.1827
0.2002
0.2159
0.2298
0.2418
0.2522
0.2610
0.2686
0.2750
0.2807
0.2858
0.2904
0.2949
0.2993
0.3037
0.3081
0.3125
0.3170
0.3215
0.3261
0.3306
0.3353
0.3400
0.3449
0.3501
0.3557
0.3618
0.3685
0.3759
0.3841
0.3932
0.4033
0.4144
0.4263
0.4392
0.4527
0.4670
0.4816
0.4965
0.5114
0.5260
0.5402
0.5537
0.5663
0.5778
0.5882
0.5974
0.6053
0.6121
0.6178
0.6225
0.6264
0.6297
0.6326
0.6351
0.6374
0.6396
0.6417
0.6437
0.6453
0.6466
0.6472
0.6469
0.6455
0.6427
0.6383
0.6323
0.6244
0.6148
0.6036
0.5909
0.5770
0.5624
0.5475
0.5327
0.5185
0.5054
0.4938
0.4839
0.4762
0.4707
0.4675
0.4667
0.4680
0.4715
0.4767
0.4835
0.4916
0.5005
0.5098
0.5192
0.5283
0.5365
0.5436
0.5490
0.5525
0.5538
0.5527
0.5490
0.5428
0.5341
0.5232
0.5103
0.4958
0.4802
0.4639
0.4476
0.4317
0.4166
0.4029
0.3907
0.3804
0.3721
0.3660
0.3618
0.3597
0.3594
0.3608
0.3637
0.3681
0.3736
0.3802
0.3879
0.3966
0.4063
0.4169
0.4286
0.4413
0.4550
0.4698
0.4855
0.5022
0.5197
0.5380
0.5569
0.5762
0.5959
0.6158
0.6357
0.6556
0.6753
0.6947
0.7137
0.7323
0.7503
0.7677
0.7844
0.8002
0.8151
0.8290
0.8418
0.8535
0.8640
0.8734
0.8816
0.8887
0.8948
0.8999
0.9041
0.9077
0.9106
0.9131
0.9151
0.9169
0.9184
0.9197
0.9209
0.9219
0.9229
0.9237
0.9243
0.9248
0.9252
0.9253
0.9253
0.9251
0.9246
0.9239
0.9229
0.9217
0.9200
0.9179
0.9152
0.9119
0.9076
0.9023
0.8958
0.8879
0.8783
0.8669
0.8536
0.8383
0.8210
0.8019
0.7810
0.7586
0.7352
0.7110
0.6866
0.6623
0.6388
0.6163
0.5952
0.5759
0.5584
0.5429
0.5294
0.5178
0.5079
0.4994
0.4920
0.4855
0.4795
0.4737
0.4676
0.4611
0.4539
0.4457
0.4363
0.4256
0.4135
0.4000
0.3850
0.3687
0.3512
0.3326
0.3131
0.2928
0.2721
0.2509
0.2296
0.2080
0.1864
0.1646
0.1425
0.1201
0.0973
0.0739
0.0497
0.0247
-0.0012
-0.0279
-0.0555
-0.0837
-0.1125
-0.1415
-0.1707
-0.1996
-0.2282
-0.2561
-0.2833
-0.3096
-0.3349
-0.3594
-0.3830
-0.4059
-0.4282
-0.4501
-0.4719
-0.4938
-0.5158
-0.5383
-0.5611
-0.5845
-0.6084
-0.6326
-0.6571
-0.6814
-0.7055
-0.7288
-0.7510
-0.7716
-0.7903
-0.8065
-0.8198
-0.8298
-0.8361
-0.8385
-0.8366
-0.8305
-0.8199
-0.8049
-0.7857
-0.7623
-0.7351
-0.7044
-0.6705
-0.6339
-0.5951
-0.5544
-0.5125
-0.4697
-0.4266
-0.3837
-0.3414
-0.3001
-0.2602
-0.2222
-0.1861
-0.1524
-0.1211
-0.0924
-0.0664
-0.0431
-0.0223
-0.0039
0.0122
0.0262
0.0385
0.0493
0.0589
0.0677
0.0759
0.0839
0.0919
0.1001
0.1089
0.1182
0.1284
0.1395
0.1516
0.1648
0.1791
0.1945
0.2111
0.2289
0.2477
0.2676
0.2886
0.3104
0.3330
0.3563
0.3800
0.4041
0.4282
0.4521
0.4757
0.4987
0.5208
0.5418
0.5616
0.5798
0.5964
0.6112
0.6241
0.6350
0.6439
0.6509
0.6560
0.6594
0.6613
0.6618
0.6614
0.6603
0.6587
0.6570
0.6555
0.6544
0.6539
0.6542
0.6555
0.6578
0.6610
0.6652
0.6702
0.6759
0.6822
0.6889
0.6959
0.7029
0.7099
0.7168
0.7234
0.7297
0.7358
0.7415
0.7469
0.7520
0.7568
0.7614
0.7656
0.7694
0.7729
0.7760
0.7785
0.7803
0.7815
0.7819
0.7814
0.7799
0.7775
0.7740
0.7696
0.7641
0.7575
0.7500
0.7415
0.7321
0.7218
0.7107
0.6988
0.6862
0.6731
0.6595
0.6455
0.6314
0.6173
0.6033
0.5896
0.5763
0.5637
0.5517
0.5404
0.5299
0.5202
0.5112
0.5029
0.4951
0.4878
0.4809
0.4742
0.4676
0.4612
0.4547
0.4482
0.4417
0.4351
0.4283
0.4216
0.4147
0.4078
0.4009
0.3939
0.3868
0.3797
0.3724
0.3650
0.3575
0.3498
0.3420
0.3339
0.3258
0.3175
0.3092
0.3009
0.2928
0.2847
0.2769
0.2693
0.2620
0.2550
0.2483
0.2419
0.2359
0.2302
0.2248
0.2197
0.2149
0.2106
0.2065
0.2029
0.1996
0.1967
0.1942
0.1918
0.1897
0.1876
0.1855
0.1833
0.1809
0.1783
0.1754
0.1723
0.1691
0.1660
0.1631
0.1607
0.1589
0.1582
0.1587
0.1606
0.1643
0.1699
0.1774
0.1869
0.1984
0.2117
0.2266
0.2430
0.2604
0.2786
0.2971
0.3157
0.3339
0.3515
0.3682
0.3838
0.3981
0.4110
0.4226
0.4329
0.4420
0.4501
0.4572
0.4637
0.4697
0.4754
0.4810
0.4866
0.4926
0.4989
0.5057
0.5130
0.5209
0.5293
0.5383
0.5478
0.5576
0.5677
0.5780
0.5884
0.5988
0.6091
0.6193
0.6294
0.6393
0.6491
0.6589
0.6687
0.6785
0.6885
0.6986
0.7087
0.7190
0.7292
0.7393
0.7491
0.7584
0.7669
0.7745
0.7810
0.7861
0.7897
0.7917
0.7919
0.7903
0.7869
0.7817
0.7750
0.7667
0.7572
0.7466
0.7352
0.7232
0.7110
0.6987
0.6866
0.6749
0.6639
0.6535
0.6441
0.6356
0.6282
0.6219
0.6166
0.6124
0.6093
0.6072
0.6060
0.6057
0.6063
0.6076
0.6097
0.6124
0.6159
0.6200
0.6247
0.6300
0.6360
0.6426
0.6498
0.6575
0.6659
0.6747
0.6840
0.6937
0.7038
0.7142
0.7247
0.7355
0.7462
0.7570
0.7678
0.7784
0.7888
0.7989
0.8087
0.8181
0.8270
0.8353
0.8431
0.8503
0.8568
0.8628
0.8681
0.8728
0.8769
0.8805
0.8835
0.8860
0.8879
0.8892
0.8897
0.8896
0.8885
0.8864
0.8833
0.8790
0.8734
0.8666
0.8584
0.8491
0.8385
0.8268
0.8143
0.8010
0.7871
0.7727
0.7580
0.7430
0.7277
0.7121
0.6960
0.6792
0.6615
0.6425
0.6221
0.6000
0.5759
0.5497
0.5215
0.4914
0.4597
0.4267
0.3931
0.3595
0.3265
0.2950
0.2656
0.2390
0.2158
0.1965
0.1813
0.1703
0.1637
0.1611
0.1623
0.1671
0.1748
0.1850
0.1973
0.2111
0.2261
0.2418
0.2579
0.2742
0.2904
0.3065
0.3224
0.3381
0.3535
0.3688
0.3839
0.3990
0.4142
0.4294
0.4447
0.4602
0.4759
0.4917
0.5077
0.5237
0.5397
0.5556
0.5711
0.5863
0.6007
0.6144
0.6270
0.6383
0.6482
0.6564
0.6628
0.6671
0.6692
0.6691
0.6667
0.6619
0.6549
0.6455
0.6340
0.6205
0.6050
0.5878
0.5691
0.5491
0.5280
0.5060
0.4836
0.4608
0.4380
0.4154
0.3932
0.3717
0.3509
0.3309
0.3117
0.2935
0.2760
0.2591
0.2428
0.2269
0.2112
0.1957
0.1801
0.1646
0.1491
0.1337
0.1186
0.1038
0.0895
0.0760
0.0634
0.0517
0.0412
0.0318
0.0234
0.0162
0.0099
0.0045
-0.0001
-0.0040
-0.0073
-0.0100
-0.0120
-0.0135
-0.0144
-0.0146
-0.0142
-0.0132
-0.0116
-0.0097
-0.0075
-0.0053
-0.0034
-0.0018
-0.0009
-0.0009
-0.0020
-0.0043
-0.0077
-0.0124
-0.0183
-0.0252
-0.0329
-0.0412
-0.0498
-0.0586
-0.0672
-0.0755
-0.0832
-0.0902
-0.0963
-0.1016
-0.1060
-0.1094
-0.1119
-0.1135
-0.1143
-0.1142
-0.1134
-0.1119
-0.1098
-0.1071
-0.1039
-0.1002
-0.0963
-0.0920
-0.0876
-0.0831
-0.0786
-0.0743
-0.0702
-0.0665
-0.0633
-0.0607
-0.0590
-0.0582
-0.0586
-0.0603
-0.0634
-0.0681
-0.0745
-0.0828
-0.0928
-0.1047
-0.1184
-0.1339
-0.1511
-0.1698
-0.1899
-0.2111
-0.2333
-0.2562
-0.2796
-0.3031
-0.3265
-0.3494
-0.3716
-0.3926
-0.4122
-0.4301
-0.4459
-0.4596
-0.4708
-0.4794
-0.4853
-0.4884
-0.4887
-0.4863
-0.4812
-0.4733
-0.4629
-0.4500
-0.4347
-0.4170
-0.3971
-0.3749
-0.3505
-0.3239
-0.2952
-0.2643
-0.2313
-0.1962
-0.1590
-0.1198
-0.0786
-0.0357
0.0090
0.0550
0.1021
0.1501
0.1985
0.2469
0.2950
0.3421
0.3880
0.4322
0.4743
0.5141
0.5512
0.5856
0.6171
0.6457
0.6715
0.6947
0.7153
0.7336
0.7497
0.7638
0.7761
0.7866
0.7954
0.8025
0.8079
0.8115
0.8131
0.8127
0.8101
0.8052
0.7981
0.7886
0.7768
0.7628
0.7468
0.7289
0.7096
0.6889
0.6674
0.6453
0.6229
0.6005
0.5784
0.5568
0.5360
0.5159
0.4968
0.4787
0.4615
0.4454
0.4302
0.4161
0.4030
0.3911
0.3804
0.3711
0.3634
0.3575
0.3535
0.3519
0.3527
0.3561
0.3623
0.3713
0.3830
0.3973
0.4139
0.4325
0.4526
0.4738
0.4956
0.5173
0.5385
0.5586
0.5773
0.5942
0.6089
0.6213
0.6312
0.6387
0.6436
0.6463
0.6468
0.6455
0.6426
0.6385
0.6334
0.6279
0.6222
0.6166
0.6114
0.6068
0.6029
0.5999
0.5977
0.5962
0.5954
0.5952
0.5952
0.5954
0.5955
0.5954
0.5950
0.5941
0.5928
0.5909
0.5887
0.5861
0.5833
0.5804
0.5775
0.5748
0.5722
0.5699
0.5679
0.5662
0.5648
0.5637
0.5630
0.5626
0.5625
0.5629
0.5639
0.5656
0.5681
0.5714
0.5758
0.5811
0.5875
0.5947
0.6026
0.6110
0.6195
0.6277
0.6353
0.6419
0.6472
0.6507
0.6523
0.6520
0.6496
0.6453
0.6394
0.6320
0.6237
0.6148
0.6057
0.5968
0.5886
0.5813
0.5751
0.5701
0.5665
0.5641
0.5629
0.5627
0.5633
0.5647
0.5666
0.5689
0.5716
0.5745
0.5776
0.5809
0.5844
0.5880
0.5918
0.5956
0.5993
0.6030
0.6063
0.6092
0.6115
0.6131
0.6138
0.6136
0.6125
0.6103
0.6073
0.6036
0.5993
0.5947
0.5899
0.5853
0.5809
0.5770
0.5737
0.5711
0.5692
0.5679
0.5671
0.5666
0.5662
0.5658
0.5650
0.5635
0.5613
0.5580
0.5536
0.5480
0.5411
0.5330
0.5237
0.5135
0.5024
0.4906
0.4783
0.4657
0.4529
0.4399
0.4269
0.4137
0.4003
0.3867
0.3728
0.3583
0.3433
0.3277
0.3113
0.2942
0.2764
0.2579
0.2390
0.2196
0.2000
0.1803
0.1607
0.1415
0.1227
0.1046
0.0874
0.0712
0.0563
0.0426
0.0305
0.0201
0.0114
0.0047
-0.0000
-0.0027
-0.0031
-0.0015
0.0023
0.0081
0.0158
0.0252
0.0361
0.0483
0.0615
0.0753
0.0895
0.1037
0.1176
0.1309
0.1433
0.1546
0.1646
0.1732
0.1804
0.1862
0.1907
0.1942
0.1967
0.1987
0.2004
0.2022
0.2043
0.2069
0.2104
0.2148
0.2202
0.2267
0.2343
0.2430
0.2527
0.2633
0.2748
0.2872
0.3003
0.3142
0.3288
0.3441
0.3602
0.3769
0.3942
0.4121
0.4305
0.4493
0.4684
0.4876
0.5066
0.5252
0.5432
0.5603
0.5761
0.5904
0.6029
0.6133
0.6215
0.6273
0.6307
0.6316
0.6301
0.6264
0.6206
0.6129
0.6036
0.5930
0.5814
0.5691
0.5563
0.5432
0.5300
0.5168
0.5038
0.4910
0.4783
0.4657
0.4530
0.4400
0.4267
0.4127
0.3978
0.3819
0.3648
0.3464
0.3266
0.3055
0.2830
0.2593
0.2345
0.2089
0.1827
0.1561
0.1294
0.1027
0.0764
0.0507
0.0258
0.0019
-0.0207
-0.0418
-0.0611
-0.0785
-0.0937
-0.1064
-0.1166
-0.1241
-0.1289
-0.1311
-0.1308
-0.1282
-0.1237
-0.1176
-0.1104
-0.1026
-0.0945
-0.0866
-0.0791
-0.0722
-0.0660
-0.0604
-0.0551
-0.0499
-0.0443
-0.0380
-0.0303
-0.0209
-0.0094
0.0046
0.0213
0.0408
0.0631
0.0880
0.1154
0.1450
0.1763
0.2092
0.2431
0.2777
0.3126
0.3474
0.3819
0.4158
0.4487
0.4805
0.5108
0.5396
0.5666
0.5917
0.6148
0.6357
0.6543
0.6706
0.6846
0.6963
0.7058
0.7131
0.7185
0.7221
0.7241
0.7249
0.7246
0.7237
0.7224
0.7209
0.7196
0.7185
0.7180
0.7180
0.7186
0.7197
0.7215
0.7236
0.7261
0.7286
0.7311
0.7332
0.7349
0.7358
0.7358
0.7346
0.7319
0.7277
0.7216
0.7135
0.7033
0.6909
0.6762
0.6593
0.6403
0.6192
0.5963
0.5719
0.5461
0.5193
0.4918
0.4638
0.4356
0.4075
0.3796
0.3519
0.3246
0.2975
0.2708
0.2443
0.2179
0.1916
0.1653
0.1391
0.1129
0.0868
0.0609
0.0355
0.0106
-0.0136
-0.0370
-0.0593
-0.0805
-0.1005
-0.1194
-0.1372
-0.1540
-0.1699
-0.1851
-0.1999
-0.2143
-0.2286
-0.2428
-0.2571
-0.2714
-0.2857
-0.2999
-0.3138
-0.3273
-0.3399
-0.3514
-0.3615
-0.3698
-0.3761
-0.3800
-0.3814
-0.3800
-0.3758
-0.3688
-0.3590
-0.3466
-0.3317
-0.3147
-0.2956
-0.2750
-0.2531
-0.2302
-0.2065
-0.1825
-0.1582
-0.1339
-0.1097
-0.0859
-0.0625
-0.0396
-0.0173
0.0042
0.0250
0.0449
0.0639
0.0819
0.0989
0.1147
0.1294
0.1429
0.1551
0.1660
0.1756
0.1838
0.1905
0.1957
0.1991
0.2009
0.2010
0.1992
0.1958
0.1908
0.1843
0.1765
0.1678
0.1585
0.1489
0.1394
0.1302
0.1219
0.1145
0.1084
0.1036
0.1002
0.0982
0.0974
0.0978
0.0991
0.1011
0.1036
0.1065
0.1096
0.1128
0.1161
0.1195
0.1230
0.1268
0.1311
0.1359
0.1414
0.1478
0.1552
0.1636
0.1733
0.1841
0.1961
0.2094
0.2239
0.2396
0.2566
0.2747
0.2940
0.3143
0.3356
0.3576
0.3802
0.4030
0.4257
0.4480
0.4694
0.4896
0.5082
0.5247
0.5390
0.5508
0.5598
0.5662
0.5697
0.5707
0.5692
0.5655
0.5599
0.5528
0.5444
0.5352
0.5255
0.5156
0.5058
0.4964
0.4876
0.4795
0.4722
0.4659
0.4605
0.4560
0.4524
0.4496
0.4475
0.4459
0.4447
0.4438
0.4430
0.4422
0.4413
0.4402
0.4386
0.4367
0.4342
0.4312
0.4277
0.4236
0.4191
0.4141
0.4088
0.4031
0.3972
0.3910
0.3846
0.3780
0.3712
0.3642
0.3568
0.3493
0.3414
0.3333
0.3250
0.3165
0.3079
0.2993
0.2909
0.2826
0.2746
0.2669
0.2595
0.2523
0.2455
0.2387
0.2321
0.2256
0.2190
0.2123
0.2055
0.1985
0.1915
0.1845
0.1774
0.1705
0.1637
0.1571
0.1510
0.1452
0.1400
0.1354
0.1315
0.1284
0.1261
0.1246
0.1240
0.1243
0.1254
0.1272
0.1295
0.1322
0.1351
0.1380
0.1405
0.1426
0.1439
0.1443
0.1436
0.1419
0.1390
0.1349
0.1297
0.1233
0.1159
0.1076
0.0983
0.0881
0.0772
0.0656
0.0533
0.0405
0.0272
0.0135
-0.0005
-0.0146
-0.0287
-0.0427
-0.0564
-0.0699
-0.0829
-0.0954
-0.1074
-0.1189
-0.1299
-0.1405
-0.1506
-0.1606
-0.1704
-0.1801
-0.1899
-0.1998
-0.2099
-0.2202
-0.2307
-0.2414
-0.2522
-0.2630
-0.2738
-0.2845
-0.2950
-0.3053
-0.3153
-0.3251
-0.3347
-0.3441
-0.3534
-0.3627
-0.3721
-0.3818
-0.3918
-0.4023
-0.4133
-0.4250
-0.4373
-0.4502
-0.4638
-0.4780
-0.4927
-0.5077
-0.5230
-0.5382
-0.5532
-0.5677
-0.5815
-0.5944
-0.6061
-0.6164
-0.6252
-0.6323
-0.6377
-0.6413
-0.6432
-0.6436
-0.6428
-0.6409
-0.6383
-0.6354
-0.6326
-0.6303
-0.6289
-0.6287
-0.6300
-0.6330
-0.6378
-0.6444
-0.6527
-0.6626
-0.6737
-0.6859
-0.6987
-0.7117
-0.7245
-0.7367
-0.7479
-0.7578
-0.7660
-0.7722
-0.7762
-0.7779
-0.7772
-0.7739
-0.7680
-0.7595
-0.7485
-0.7349
-0.7188
-0.7004
-0.6798
-0.6569
-0.6321
-0.6053
-0.5767
-0.5465
-0.5147
-0.4814
-0.4467
-0.4106
-0.3733
-0.3347
-0.2949
-0.2539
-0.2119
-0.1690
-0.1253
-0.0809
-0.0362
0.0088
0.0536
0.0980
0.1418
0.1846
0.2261
0.2660
0.3043
0.3406
0.3750
0.4072
0.4375
0.4657
0.4920
0.5165
0.5394
0.5608
0.5809
0.5998
0.6176
0.6344
0.6502
0.6652
0.6791
0.6921
0.7040
0.7149
0.7245
0.7328
0.7398
0.7454
0.7496
0.7524
0.7538
0.7539
0.7528
0.7505
0.7471
0.7428
0.7377
0.7319
0.7255
0.7187
0.7116
0.7043
0.6970
0.6897
0.6826
0.6758
0.6694
0.6636
0.6585
0.6541
0.6508
0.6484
0.6472
0.6473
0.6485
0.6511
0.6550
0.6603
0.6668
0.6745
0.6833
0.6932
0.7039
0.7153
0.7272
0.7396
0.7520
0.7645
0.7768
0.7887
0.8001
0.8108
0.8207
0.8297
0.8378
0.8448
0.8507
0.8555
0.8593
0.8621
0.8640
0.8651
0.8654
0.8650
0.8640
0.8625
0.8603
0.8575
0.8539
0.8494
0.8438
0.8369
0.8285
0.8184
0.8065
0.7925
0.7766
0.7587
0.7388
0.7173
0.6942
0.6700
0.6449
0.6192
0.5935
0.5679
0.5429
0.5186
0.4955
0.4738
0.4537
0.4353
0.4190
0.4048
0.3930
0.3838
0.3772
0.3734
0.3724
0.3743
0.3790
0.3863
0.3961
0.4079
0.4216
0.4365
0.4523
0.4684
0.4844
0.4998
0.5141
0.5271
0.5384
0.5478
0.5554
0.5610
0.5647
0.5668
0.5674
0.5669
0.5654
0.5632
0.5607
0.5581
0.5555
0.5531
0.5511
0.5495
0.5483
0.5474
0.5468
0.5465
0.5462
0.5459
0.5455
0.5449
0.5440
0.5427
0.5411
0.5391
0.5366
0.5338
0.5307
0.5272
0.5235
0.5196
0.5154
0.5109
0.5062
0.5013
0.4959
0.4903
0.4842
0.4776
0.4705
0.4629
0.4547
0.4460
0.4368
0.4270
0.4167
0.4058
0.3944
0.3825
0.3699
0.3567
0.3426
0.3278
0.3119
0.2951
0.2771
0.2579
0.2375
0.2159
0.1932
0.1695
0.1449
0.1196
0.0938
0.0678
0.0419
0.0162
-0.0088
-0.0329
-0.0558
-0.0773
-0.0971
-0.1149
-0.1306
-0.1440
-0.1550
-0.1636
-0.1696
-0.1732
-0.1743
-0.1732
-0.1700
-0.1649
-0.1580
-0.1498
-0.1405
-0.1303
-0.1196
-0.1088
-0.0980
-0.0877
-0.0780
-0.0693
-0.0616
-0.0551
-0.0500
-0.0462
-0.0439
-0.0428
-0.0431
-0.0447
-0.0475
-0.0516
-0.0571
-0.0639
-0.0724
-0.0827
-0.0951
-0.1098
-0.1271
-0.1472
-0.1702
-0.1962
-0.2251
-0.2569
-0.2913
-0.3279
-0.3664
-0.4064
-0.4473
-0.4887
-0.5301
-0.5712
-0.6116
-0.6508
-0.6888
-0.7252
-0.7600
-0.7929
-0.8238
-0.8526
-0.8792
-0.9036
-0.9256
-0.9452
-0.9622
-0.9766
-0.9884
-0.9976
-1.0040
-1.0077
-1.0087
-1.0070
-1.0028
-0.9959
-0.9866
-0.9750
-0.9612
-0.9453
-0.9276
-0.9082
-0.8873
-0.8652
-0.8420
-0.8180
-0.7932
-0.7678
-0.7419
-0.7155
-0.6885
-0.6610
-0.6329
-0.6041
-0.5746
-0.5441
-0.5128
-0.4805
-0.4473
-0.4131
-0.3782
-0.3427
-0.3065
-0.2700
-0.2333
-0.1966
-0.1600
-0.1236
-0.0876
-0.0521
-0.0171
0.0172
0.0509
0.0838
0.1160
0.1474
0.1780
0.2076
0.2363
0.2639
0.2904
0.3157
0.3397
0.3622
0.3832
0.4027
0.4205
0.4368
0.4514
0.4645
0.4761
0.4863
0.4953
0.5030
0.5097
0.5154
0.5202
0.5242
0.5274
0.5299
0.5317
0.5328
0.5332
0.5327
0.5315
0.5295
0.5267
0.5231
0.5187
0.5135
0.5078
0.5015
0.4948
0.4878
0.4807
0.4737
0.4669
0.4604
0.4543
0.4488
0.4437
0.4393
0.4353
0.4317
0.4284
0.4252
0.4220
0.4185
0.4146
0.4102
0.4050
0.3990
0.3921
0.3842
0.3753
0.3654
0.3545
0.3427
0.3301
0.3168
0.3027
0.2880
0.2727
0.2568
0.2403
0.2233
0.2056
0.1873
0.1683
0.1485
0.1279
0.1064
0.0841
0.0610
0.0370
0.0124
-0.0128
-0.0385
-0.0643
-0.0902
-0.1159
-0.1413
-0.1660
-0.1900
-0.2130
-0.2351
-0.2560
-0.2759
-0.2946
-0.3121
-0.3286
-0.3439
-0.3582
-0.3714
-0.3835
-0.3944
-0.4042
-0.4128
-0.4201
-0.4262
-0.4309
-0.4344
-0.4365
-0.4374
-0.4370
-0.4354
-0.4327
-0.4288
-0.4238
-0.4178
-0.4107
-0.4026
-0.3934
-0.3831
-0.3717
-0.3593
-0.3459
-0.3314
-0.3161
-0.2999
-0.2831
-0.2657
-0.2481
-0.2304
-0.2129
-0.1958
-0.1794
-0.1639
-0.1495
-0.1365
-0.1250
-0.1151
-0.1068
-0.1002
-0.0952
-0.0918
-0.0900
-0.0897
-0.0908
-0.0933
-0.0974
-0.1030
-0.1103
-0.1194
-0.1305
-0.1438
-0.1594
-0.1775
-0.1981
-0.2211
-0.2465
-0.2740
-0.3031
-0.3335
-0.3645
-0.3954
-0.4257
-0.4546
-0.4814
-0.5055
-0.5265
-0.5438
-0.5574
-0.5671
-0.5729
-0.5750
-0.5736
-0.5693
-0.5623
-0.5532
-0.5426
-0.5309
-0.5185
-0.5060
-0.4936
-0.4818
-0.4707
-0.4605
-0.4512
-0.4430
-0.4358
-0.4294
-0.4238
-0.4187
-0.4139
-0.4092
-0.4044
-0.3992
-0.3936
-0.3873
-0.3803
-0.3726
-0.3643
-0.3555
-0.3464
-0.3370
-0.3278
-0.3188
-0.3104
-0.3026
-0.2958
-0.2900
-0.2852
-0.2816
-0.2792
-0.2779
-0.2778
-0.2787
-0.2807
-0.2835
-0.2872
-0.2916
-0.2966
-0.3019
-0.3074
-0.3128
-0.3178
-0.3223
-0.3260
-0.3286
-0.3301
-0.3302
-0.3289
-0.3261
-0.3219
-0.3164
-0.3097
-0.3019
-0.2932
-0.2837
-0.2736
-0.2628
-0.2516
-0.2399
-0.2277
-0.2150
-0.2017
-0.1878
-0.1732
-0.1578
-0.1415
-0.1243
-0.1063
-0.0874
-0.0678
-0.0475
-0.0266
-0.0054
0.0159
0.0372
0.0582
0.0787
0.0985
0.1174
0.1352
0.1518
0.1670
0.1807
0.1929
0.2035
0.2125
0.2200
0.2259
0.2304
0.2336
0.2355
0.2364
0.2364
0.2356
0.2342
0.2325
0.2305
0.2283
0.2261
0.2238
0.2214
0.2188
0.2158
0.2124
0.2081
0.2029
0.1965
0.1886
0.1792
0.1679
0.1548
0.1398
0.1229
0.1042
0.0838
0.0618
0.0385
0.0141
-0.0112
-0.0371
-0.0634
-0.0897
-0.1158
-0.1414
-0.1663
-0.1903
-0.2131
-0.2347
-0.2549
-0.2736
-0.2906
-0.3060
-0.3196
-0.3315
-0.3416
-0.3499
-0.3564
-0.3612
-0.3641
-0.3652
-0.3647
-0.3626
-0.3589
-0.3539
-0.3476
-0.3404
-0.3324
-0.3239
-0.3151
-0.3063
-0.2978
-0.2898
-0.2826
-0.2763
-0.2713
-0.2675
-0.2652
-0.2644
-0.2651
-0.2672
-0.2707
-0.2753
-0.2810
-0.2874
-0.2943
-0.3015
-0.3085
-0.3150
-0.3210
-0.3259
-0.3298
-0.3325
-0.3338
-0.3339
-0.3328
-0.3307
-0.3277
-0.3242
-0.3204
-0.3165
-0.3127
-0.3093
-0.3064
-0.3040
-0.3020
-0.3005
-0.2992
-0.2980
-0.2966
-0.2947
-0.2922
-0.2889
-0.2845
-0.2790
-0.2725
-0.2650
-0.2566
-0.2476
-0.2383
-0.2290
-0.2200
-0.2117
-0.2045
-0.1986
-0.1942
-0.1916
-0.1908
-0.1918
-0.1947
-0.1992
-0.2052
-0.2124
-0.2207
-0.2296
-0.2389
-0.2483
-0.2575
-0.2663
-0.2746
-0.2822
-0.2890
-0.2951
-0.3003
-0.3049
-0.3089
-0.3123
-0.3154
-0.3182
-0.3209
-0.3235
-0.3260
-0.3286
-0.3312
-0.3337
-0.3363
-0.3387
-0.3409
-0.3430
-0.3450
-0.3468
-0.3485
-0.3503
-0.3523
-0.3545
-0.3573
-0.3607
-0.3649
-0.3699
-0.3758
-0.3826
-0.3901
-0.3982
-0.4066
-0.4152
-0.4235
-0.4312
-0.4382
-0.4442
-0.4489
-0.4523
-0.4543
-0.4550
-0.4546
-0.4533
-0.4514
-0.4492
-0.4472
-0.4456
-0.4450
-0.4455
-0.4477
-0.4516
-0.4574
-0.4654
-0.4755
-0.4876
-0.5017
-0.5177
-0.5352
-0.5541
-0.5741
-0.5949
-0.6163
-0.6380
-0.6597
-0.6812
-0.7024
-0.7229
-0.7427
-0.7614
-0.7791
-0.7955
-0.8106
-0.8242
-0.8362
-0.8466
-0.8553
-0.8622
-0.8674
-0.8708
-0.8724
-0.8723
-0.8704
-0.8669
-0.8618
-0.8553
-0.8474
-0.8383
-0.8281
-0.8169
-0.8050
-0.7925
-0.7794
-0.7657
-0.7516
-0.7369
-0.7216
-0.7055
-0.6885
-0.6702
-0.6505
-0.6293
-0.6064
-0.5816
-0.5549
-0.5265
-0.4964
-0.4649
-0.4323
-0.3990
-0.3654
-0.3320
-0.2992
-0.2675
-0.2374
-0.2092
-0.1833
-0.1600
-0.1395
-0.1219
-0.1073
-0.0958
-0.0874
-0.0819
-0.0793
-0.0793
-0.0818
-0.0866
-0.0933
-0.1018
-0.1116
-0.1225
-0.1342
-0.1464
-0.1590
-0.1716
-0.1842
-0.1966
-0.2088
-0.2207
-0.2324
-0.2439
-0.2553
-0.2665
-0.2778
-0.2891
-0.3005
-0.3119
-0.3234
-0.3350
-0.3465
-0.3580
-0.3692
-0.3803
-0.3911
-0.4015
-0.4116
-0.4214
-0.4308
-0.4400
-0.4490
-0.4579
-0.4668
-0.4757
-0.4846
-0.4936
-0.5027
-0.5118
-0.5208
-0.5296
-0.5380
-0.5458
-0.5529
-0.5592
-0.5645
-0.5686
-0.5716
-0.5733
-0.5739
-0.5734
-0.5720
-0.5697
-0.5669
-0.5636
-0.5601
-0.5566
-0.5533
-0.5504
-0.5479
-0.5461
-0.5448
-0.5442
-0.5441
-0.5445
-0.5451
-0.5459
-0.5465
-0.5469
-0.5467
-0.5458
-0.5440
-0.5411
-0.5369
-0.5314
-0.5246
-0.5163
-0.5066
-0.4956
-0.4834
-0.4701
-0.4558
-0.4408
-0.4250
-0.4088
-0.3921
-0.3752
-0.3580
-0.3407
-0.3232
-0.3055
-0.2877
-0.2697
-0.2514
-0.2329
-0.2141
-0.1950
-0.1758
-0.1563
-0.1368
-0.1174
-0.0981
-0.0792
-0.0609
-0.0432
-0.0264
-0.0107
0.0038
0.0169
0.0287
0.0389
0.0476
0.0547
0.0602
0.0643
0.0668
0.0679
0.0675
0.0657
0.0626
0.0581
0.0523
0.0452
0.0368
0.0272
0.0164
0.0045
-0.0085
-0.0223
-0.0368
-0.0518
-0.0672
-0.0826
-0.0978
-0.1126
-0.1265
-0.1394
-0.1510
-0.1610
-0.1694
-0.1759
-0.1807
-0.1837
-0.1852
-0.1854
-0.1845
-0.1829
-0.1811
-0.1792
-0.1776
-0.1765
-0.1762
-0.1766
-0.1779
-0.1800
-0.1829
-0.1863
-0.1901
-0.1942
-0.1985
-0.2028
-0.2070
-0.2112
-0.2152
-0.2190
-0.2225
-0.2257
-0.2285
-0.2309
-0.2327
-0.2339
-0.2343
-0.2340
-0.2328
-0.2308
-0.2280
-0.2245
-0.2202
-0.2153
-0.2098
-0.2038
-0.1973
-0.1902
-0.1824
-0.1739
-0.1646
-0.1542
-0.1428
-0.1303
-0.1165
-0.1017
-0.0858
-0.0690
-0.0516
-0.0336
-0.0153
0.0030
0.0212
0.0392
0.0569
0.0742
0.0912
0.1079
0.1243
0.1405
0.1567
0.1729
0.1890
0.2050
0.2210
0.2366
0.2516
0.2659
0.2790
0.2907
0.3005
0.3081
0.3132
0.3154
0.3147
0.3108
0.3039
0.2938
0.2810
0.2657
0.2482
0.2291
0.2088
0.1879
0.1670
0.1464
0.1267
0.1080
0.0908
0.0749
0.0605
0.0473
0.0351
0.0236
0.0122
0.0007
-0.0116
-0.0251
-0.0400
-0.0568
-0.0755
-0.0964
-0.1194
-0.1444
-0.1711
-0.1993
-0.2286
-0.2586
-0.2887
-0.3187
-0.3479
-0.3761
-0.4028
-0.4277
-0.4507
-0.4714
-0.4899
-0.5060
-0.5199
-0.5316
-0.5413
-0.5491
-0.5553
-0.5600
-0.5635
-0.5661
-0.5679
-0.5693
-0.5706
-0.5719
-0.5735
-0.5758
-0.5789
-0.5830
-0.5885
-0.5953
-0.6036
-0.6133
-0.6245
-0.6368
-0.6501
-0.6641
-0.6782
-0.6920
-0.7051
-0.7170
-0.7273
-0.7356
-0.7416
-0.7451
-0.7460
-0.7443
-0.7401
-0.7336
-0.7250
-0.7144
-0.7022
-0.6885
-0.6734
-0.6571
-0.6396
-0.6210
-0.6013
-0.5803
-0.5580
-0.5344
-0.5095
-0.4832
-0.4557
-0.4270
-0.3973
-0.3668
-0.3358
-0.3046
-0.2734
-0.2428
-0.2129
-0.1843
-0.1572
-0.1320
-0.1090
-0.0883
-0.0700
-0.0543
-0.0410
-0.0302
-0.0215
-0.0148
-0.0099
-0.0064
-0.0041
-0.0028
-0.0023
-0.0025
-0.0031
-0.0042
-0.0056
-0.0073
-0.0093
-0.0114
-0.0135
-0.0155
-0.0171
-0.0181
-0.0182
-0.0171
-0.0147
-0.0106
-0.0048
0.0029
0.0125
0.0239
0.0369
0.0515
0.0673
0.0841
0.1014
0.1190
0.1366
0.1538
0.1704
0.1861
0.2008
0.2143
0.2265
0.2373
0.2468
0.2550
0.2618
0.2674
0.2719
0.2754
0.2779
0.2797
0.2807
0.2811
0.2811
0.2807
0.2802
0.2795
0.2788
0.2782
0.2779
0.2777
0.2779
0.2784
0.2791
0.2802
0.2813
0.2826
0.2837
0.2846
0.2850
0.2847
0.2836
0.2815
0.2780
0.2731
0.2666
0.2583
0.2481
0.2360
0.2218
0.2055
0.1872
0.1669
0.1445
0.1202
0.0940
0.0661
0.0366
0.0056
-0.0267
-0.0602
-0.0945
-0.1296
-0.1651
-0.2009
-0.2366
-0.2720
-0.3068
-0.3408
-0.3736
-0.4050
-0.4347
-0.4624
-0.4881
-0.5114
-0.5323
-0.5506
-0.5664
-0.5796
-0.5903
-0.5987
-0.6050
-0.6093
-0.6120
-0.6134
-0.6136
-0.6131
-0.6121
-0.6110
-0.6100
-0.6094
-0.6095
-0.6105
-0.6126
-0.6160
-0.6208
-0.6273
-0.6354
-0.6453
-0.6570
-0.6703
-0.6851
-0.7014
-0.7189
-0.7374
-0.7565
-0.7761
-0.7959
-0.8156
-0.8349
-0.8538
-0.8721
-0.8897
-0.9066
-0.9228
-0.9385
-0.9537
-0.9685
-0.9832
-0.9978
-1.0124
-1.0272
-1.0421
-1.0573
-1.0726
-1.0881
-1.1036
-1.1190
-1.1342
-1.1492
-1.1638
-1.1779
-1.1915
-1.2046
-1.2171
-1.2293
-1.2412
-1.2529
-1.2646
-1.2765
-1.2889
-1.3018
-1.3155
-1.3302
-1.3459
-1.3627
-1.3805
-1.3993
-1.4190
-1.4395
-1.4603
-1.4814
-1.5023
-1.5228
-1.5426
-1.5612
-1.5786
-1.5944
-1.6085
-1.6208
-1.6311
-1.6396
-1.6464
-1.6516
-1.6556
-1.6585
-1.6609
-1.6631
-1.6656
-1.6687
-1.6729
-1.6785
-1.6859
-1.6952
-1.7066
-1.7200
-1.7355
-1.7528
-1.7718
-1.7921
-1.8134
-1.8353
-1.8575
-1.8795
-1.9010
-1.9217
-1.9412
-1.9595
-1.9763
-1.9916
-2.0052
-2.0173
-2.0278
-2.0368
-2.0444
-2.0506
-2.0557
-2.0595
-2.0622
-2.0638
-2.0641
-2.0631
-2.0608
-2.0569
-2.0513
-2.0439
-2.0344
-2.0228
-2.0089
-1.9926
-1.9738
-1.9524
-1.9286
-1.9023
-1.8736
-1.8425
-1.8092
-1.7739
-1.7367
-1.6978
-1.6574
-1.6156
-1.5727
-1.5288
-1.4841
-1.4387
-1.3928
-1.3465
-1.2999
-1.2532
-1.2064
-1.1597
-1.1132
-1.0670
-1.0213
-0.9763
-0.9320
-0.8888
-0.8468
-0.8062
-0.7672
-0.7302
-0.6953
-0.6629
-0.6333
-0.6067
-0.5834
-0.5637
-0.5478
-0.5359
-0.5281
-0.5244
-0.5247
-0.5288
-0.5365
-0.5475
-0.5613
-0.5773
-0.5951
-0.6139
-0.6333
-0.6524
-0.6708
-0.6878
-0.7030
-0.7159
-0.7263
-0.7339
-0.7386
-0.7404
-0.7395
-0.7362
-0.7307
-0.7234
-0.7148
-0.7054
-0.6956
-0.6857
-0.6762
-0.6674
-0.6595
-0.6526
-0.6468
-0.6421
-0.6384
-0.6357
-0.6338
-0.6326
-0.6318
-0.6314
-0.6311
-0.6309
-0.6307
-0.6304
-0.6301
-0.6298
-0.6296
-0.6294
-0.6294
-0.6298
-0.6305
-0.6316
-0.6332
-0.6354
-0.6379
-0.6409
-0.6442
-0.6477
-0.6514
-0.6552
-0.6590
-0.6629
-0.6668
-0.6708
-0.6750
-0.6796
-0.6848
-0.6906
-0.6973
-0.7049
-0.7135
-0.7230
-0.7332
-0.7439
-0.7549
-0.7655
-0.7755
-0.7843
-0.7914
-0.7963
-0.7987
-0.7983
-0.7950
-0.7887
-0.7797
-0.7683
-0.7549
-0.7400
-0.7244
-0.7086
-0.6934
-0.6793
-0.6670
-0.6569
-0.6494
-0.6447
-0.6430
-0.6443
-0.6487
-0.6559
-0.6658
-0.6782
-0.6929
-0.7093
-0.7274
-0.7465
-0.7663
-0.7863
-0.8060
-0.8250
-0.8427
-0.8587
-0.8725
-0.8839
-0.8926
-0.8984
-0.9012
-0.9011
-0.8982
-0.8927
-0.8848
-0.8750
-0.8635
-0.8507
-0.8369
-0.8224
-0.8074
-0.7922
-0.7769
-0.7616
-0.7466
-0.7318
-0.7175
-0.7038
-0.6908
-0.6787
-0.6678
-0.6582
-0.6502
-0.6439
-0.6394
-0.6368
-0.6361
-0.6371
-0.6396
-0.6433
-0.6477
-0.6523
-0.6567
-0.6604
-0.6628
-0.6635
-0.6621
-0.6585
-0.6524
-0.6437
-0.6325
-0.6191
-0.6036
-0.5863
-0.5676
-0.5479
-0.5275
-0.5069
-0.4863
-0.4662
-0.4467
-0.4282
-0.4107
-0.3945
-0.3797
-0.3663
-0.3543
-0.3437
-0.3345
-0.3266
-0.3197
-0.3136
-0.3082
-0.3032
-0.2982
-0.2931
-0.2876
-0.2816
-0.2749
-0.2674
-0.2592
-0.2503
-0.2409
-0.2312
-0.2214
-0.2116
-0.2020
-0.1929
-0.1842
-0.1760
-0.1684
-0.1612
-0.1543
-0.1477
-0.1411
-0.1345
-0.1278
-0.1208
-0.1137
-0.1062
-0.0985
-0.0905
-0.0824
-0.0740
-0.0654
-0.0566
-0.0475
-0.0381
-0.0282
-0.0178
-0.0067
0.0050
0.0173
0.0303
0.0438
0.0577
0.0719
0.0860
0.0997
0.1129
0.1251
0.1361
0.1455
0.1530
0.1583
0.1613
0.1616
0.1591
0.1537
0.1452
0.1337
0.1192
0.1016
0.0812
0.0580
0.0323
0.0042
-0.0259
-0.0580
-0.0916
-0.1265
-0.1624
-0.1991
-0.2361
-0.2733
-0.3102
-0.3465
-0.3820
-0.4162
-0.4488
-0.4795
-0.5080
-0.5342
-0.5578
-0.5787
-0.5970
-0.6127
-0.6259
-0.6368
-0.6458
-0.6530
-0.6590
-0.6639
-0.6683
-0.6723
-0.6764
-0.6807
-0.6854
-0.6907
-0.6965
-0.7030
-0.7099
-0.7173
-0.7250
-0.7327
-0.7405
-0.7481
-0.7555
-0.7627
-0.7695
-0.7761
-0.7826
-0.7890
-0.7953
-0.8017
-0.8082
-0.8147
-0.8212
-0.8274
-0.8331
-0.8382
-0.8423
-0.8452
-0.8465
-0.8462
-0.8440
-0.8400
-0.8341
-0.8264
-0.8171
-0.8063
-0.7943
-0.7813
-0.7674
-0.7529
-0.7379
-0.7224
-0.7066
-0.6906
-0.6744
-0.6580
-0.6416
-0.6252
-0.6089
-0.5929
-0.5771
-0.5616
-0.5465
-0.5318
-0.5175
-0.5035
-0.4897
-0.4762
-0.4628
-0.4494
-0.4360
-0.4226
-0.4091
-0.3957
-0.3824
-0.3692
-0.3563
-0.3438
-0.3316
-0.3197
-0.3081
-0.2968
-0.2855
-0.2741
-0.2623
-0.2500
-0.2370
-0.2230
-0.2079
-0.1915
-0.1739
-0.1548
-0.1345
-0.1128
-0.0898
-0.0658
-0.0407
-0.0149
0.0116
0.0384
0.0653
0.0920
0.1180
0.1431
0.1668
0.1889
0.2090
0.2268
0.2422
0.2551
0.2655
0.2735
0.2793
0.2833
0.2858
0.2870
0.2875
0.2876
0.2875
0.2875
0.2877
0.2882
0.2890
0.2900
0.2910
0.2921
0.2929
0.2935
0.2938
0.2937
0.2933
0.2928
0.2922
0.2917
0.2915
0.2917
0.2925
0.2940
0.2961
0.2990
0.3024
0.3065
0.3111
0.3161
0.3214
0.3269
0.3325
0.3380
0.3435
0.3486
0.3535
0.3578
0.3614
0.3643
0.3661
0.3668
0.3662
0.3643
0.3610
0.3565
0.3507
0.3438
0.3361
0.3277
0.3188
0.3097
0.3006
0.2916
0.2828
0.2744
0.2663
0.2586
0.2511
0.2437
0.2364
0.2290
0.2213
0.2131
0.2042
0.1944
0.1834
0.1710
0.1569
0.1409
0.1227
0.1021
0.0790
0.0532
0.0248
-0.0062
-0.0398
-0.0758
-0.1139
-0.1539
-0.1955
-0.2384
-0.2823
-0.3268
-0.3715
-0.4163
-0.4607
-0.5045
-0.5473
-0.5890
-0.6291
-0.6676
-0.7040
-0.7384
-0.7706
-0.8005
-0.8281
-0.8538
-0.8775
-0.8997
-0.9208
-0.9412
-0.9612
-0.9814
-1.0022
-1.0239
-1.0467
-1.0707
-1.0960
-1.1225
-1.1500
-1.1782
-1.2067
-1.2352
-1.2632
-1.2902
-1.3160
-1.3400
-1.3620
-1.3816
-1.3986
-1.4128
-1.4239
-1.4318
-1.4362
-1.4371
-1.4345
-1.4281
-1.4182
-1.4045
-1.3874
-1.3669
-1.3434
-1.3170
-1.2881
-1.2572
-1.2247
-1.1911
-1.1568
-1.1224
-1.0884
-1.0551
-1.0230
-0.9924
-0.9635
-0.9365
-0.9116
-0.8888
-0.8680
-0.8492
-0.8323
-0.8170
-0.8032
-0.7907
-0.7793
-0.7687
-0.7587
-0.7490
-0.7395
-0.7299
-0.7199
-0.7093
-0.6980
-0.6856
-0.6720
-0.6572
-0.6411
-0.6237
-0.6052
-0.5857
-0.5655
-0.5449
-0.5243
-0.5040
-0.4844
-0.4657
-0.4483
-0.4321
-0.4173
-0.4038
-0.3914
-0.3800
-0.3693
-0.3590
-0.3487
-0.3383
-0.3276
-0.3163
-0.3043
-0.2917
-0.2785
-0.2648
-0.2507
-0.2364
-0.2222
-0.2081
-0.1944
-0.1812
-0.1685
-0.1566
-0.1453
-0.1348
-0.1249
-0.1157
-0.1070
-0.0988
-0.0911
-0.0839
-0.0770
-0.0705
-0.0643
-0.0586
-0.0532
-0.0483
-0.0439
-0.0400
-0.0367
-0.0341
-0.0322
-0.0311
-0.0309
-0.0316
-0.0333
-0.0361
-0.0399
-0.0449
-0.0510
-0.0584
-0.0669
-0.0767
-0.0876
-0.0997
-0.1128
-0.1268
-0.1415
-0.1567
-0.1722
-0.1876
-0.2027
-0.2173
-0.2311
-0.2440
-0.2559
-0.2667
-0.2763
-0.2848
-0.2923
-0.2988
-0.3044
-0.3093
-0.3134
-0.3168
-0.3194
-0.3213
-0.3225
-0.3228
-0.3223
-0.3210
-0.3189
-0.3162
-0.3128
-0.3091
-0.3052
-0.3013
-0.2977
-0.2946
-0.2921
-0.2905
-0.2898
-0.2901
-0.2913
-0.2935
-0.2964
-0.2999
-0.3037
-0.3075
-0.3110
-0.3141
-0.3163
-0.3175
-0.3174
-0.3159
-0.3130
-0.3086
-0.3027
-0.2955
-0.2870
-0.2775
-0.2672
-0.2562
-0.2448
-0.2333
-0.2217
-0.2103
-0.1991
-0.1884
-0.1782
-0.1686
-0.1597
-0.1513
-0.1436
-0.1365
-0.1300
-0.1240
-0.1184
-0.1130
-0.1077
-0.1023
-0.0967
-0.0906
-0.0839
-0.0765
-0.0683
-0.0591
-0.0489
-0.0378
-0.0258
-0.0130
0.0006
0.0148
0.0295
0.0445
0.0598
0.0754
0.0910
0.1068
0.1226
0.1384
0.1542
0.1699
0.1854
0.2007
0.2156
0.2300
0.2438
0.2567
0.2686
0.2796
0.2894
0.2982
0.3060
0.3130
0.3194
0.3254
0.3314
0.3376
0.3443
0.3519
0.3606
0.3705
0.3816
0.3942
0.4079
0.4228
0.4387
0.4553
0.4723
0.4897
0.5071
0.5243
0.5414
0.5582
0.5748
0.5911
0.6073
0.6234
0.6397
0.6560
0.6726
0.6894
0.7062
0.7231
0.7398
0.7561
0.7717
0.7864
0.8000
0.8121
0.8227
0.8315
0.8385
0.8437
0.8472
0.8491
0.8496
0.8488
0.8469
0.8443
0.8410
0.8372
0.8330
0.8284
0.8234
0.8179
0.8118
0.8050
0.7972
0.7883
0.7780
0.7664
0.7532
0.7385
0.7223
0.7046
0.6857
0.6657
0.6449
0.6235
0.6017
0.5799
0.5584
0.5373
0.5170
0.4975
0.4792
0.4620
0.4462
0.4318
0.4188
0.4073
0.3972
0.3886
0.3813
0.3753
0.3704
0.3666
0.3637
0.3614
0.3594
0.3576
0.3557
0.3531
0.3497
0.3450
0.3386
0.3304
0.3198
0.3068
0.2912
0.2730
0.2521
0.2289
0.2035
0.1764
0.1481
0.1191
0.0900
0.0617
0.0345
0.0093
-0.0134
-0.0332
-0.0496
-0.0625
-0.0716
-0.0769
-0.0786
-0.0767
-0.0716
-0.0636
-0.0529
-0.0401
-0.0254
-0.0094
0.0078
0.0257
0.0440
0.0624
0.0807
0.0986
0.1159
0.1324
0.1479
0.1622
0.1751
0.1865
0.1962
0.2040
0.2100
0.2140
0.2161
0.2164
0.2148
0.2117
0.2070
0.2012
0.1944
0.1869
0.1788
0.1706
0.1623
0.1541
0.1462
0.1388
0.1318
0.1254
0.1195
0.1142
0.1093
0.1050
0.1011
0.0976
0.0945
0.0917
0.0892
0.0871
0.0852
0.0836
0.0824
0.0814
0.0807
0.0802
0.0800
0.0800
0.0802
0.0805
0.0809
0.0812
0.0814
0.0815
0.0813
0.0809
0.0801
0.0790
0.0776
0.0759
0.0740
0.0719
0.0698
0.0679
0.0663
0.0652
0.0649
0.0654
0.0671
0.0700
0.0744
0.0804
0.0880
0.0974
0.1086
0.1215
0.1362
0.1526
0.1705
0.1899
0.2106
0.2326
0.2557
0.2797
0.3045
0.3301
0.3562
0.3827
0.4094
0.4362
0.4628
0.4891
0.5148
0.5396
0.5633
0.5856
0.6063
0.6250
0.6415
0.6558
0.6676
0.6770
0.6840
0.6886
0.6910
0.6914
0.6901
0.6873
0.6832
0.6783
0.6727
0.6667
0.6606
0.6546
0.6488
0.6433
0.6383
0.6338
0.6298
0.6263
0.6231
0.6203
0.6176
0.6149
0.6122
0.6092
0.6060
0.6023
0.5983
0.5938
0.5889
0.5838
0.5785
0.5733
0.5682
0.5634
0.5591
0.5553
0.5521
0.5494
0.5473
0.5456
0.5442
0.5428
0.5414
0.5395
0.5372
0.5342
0.5303
0.5256
0.5198
0.5130
0.5053
0.4965
0.4869
0.4764
0.4650
0.4529
0.4401
0.4265
0.4122
0.3973
0.3818
0.3658
0.3493
0.3324
0.3155
0.2985
0.2819
0.2657
0.2503
0.2360
0.2229
0.2113
0.2013
0.1930
0.1865
0.1817
0.1785
0.1767
0.1761
0.1763
0.1771
0.1780
0.1786
0.1786
0.1775
0.1750
0.1708
0.1647
0.1565
0.1461
0.1337
0.1193
0.1031
0.0855
0.0667
0.0471
0.0271
0.0070
-0.0128
-0.0322
-0.0508
-0.0687
-0.0858
-0.1021
-0.1178
-0.1329
-0.1475
-0.1619
-0.1761
-0.1902
-0.2041
-0.2180
-0.2317
-0.2451
-0.2581
-0.2706
-0.2825
-0.2938
-0.3043
-0.3141
-0.3231
-0.3314
-0.3391
-0.3461
-0.3526
-0.3586
-0.3641
-0.3690
-0.3734
-0.3771
-0.3802
-0.3825
-0.3838
-0.3842
-0.3836
-0.3817
-0.3787
-0.3744
-0.3689
-0.3621
-0.3542
-0.3451
-0.3350
-0.3240
-0.3124
-0.3002
-0.2877
-0.2752
-0.2628
-0.2510
-0.2398
-0.2296
-0.2206
-0.2129
-0.2067
-0.2021
-0.1991
-0.1979
-0.1983
-0.2005
-0.2043
-0.2097
-0.2168
-0.2254
-0.2354
-0.2468
-0.2596
-0.2735
-0.2885
-0.3043
-0.3207
-0.3375
-0.3542
-0.3705
-0.3860
-0.4003
-0.4129
-0.4235
-0.4317
-0.4373
-0.4400
-0.4399
-0.4368
-0.4309
-0.4225
-0.4119
-0.3993
-0.3852
-0.3699
-0.3539
-0.3374
-0.3209
-0.3044
-0.2883
-0.2726
-0.2575
-0.2429
-0.2290
-0.2157
-0.2032
-0.1913
-0.1802
-0.1700
-0.1608
-0.1525
-0.1454
-0.1394
-0.1347
-0.1313
-0.1292
-0.1283
-0.1287
-0.1301
-0.1324
-0.1354
-0.1388
-0.1424
-0.1460
-0.1491
-0.1517
-0.1534
-0.1541
-0.1536
-0.1518
-0.1487
-0.1443
-0.1386
-0.1319
-0.1242
-0.1157
-0.1066
-0.0970
-0.0871
-0.0770
-0.0668
-0.0566
-0.0465
-0.0364
-0.0263
-0.0163
-0.0064
0.0036
0.0134
0.0232
0.0329
0.0424
0.0517
0.0607
0.0692
0.0772
0.0846
0.0914
0.0974
0.1028
0.1074
0.1115
0.1151
0.1183
0.1214
0.1245
0.1279
0.1319
0.1365
0.1420
0.1486
0.1563
0.1652
0.1753
0.1864
0.1986
0.2116
0.2251
0.2391
0.2531
0.2671
0.2807
0.2938
0.3062
0.3178
0.3286
0.3385
0.3476
0.3559
0.3636
0.3708
0.3775
0.3839
0.3901
0.3961
0.4020
0.4078
0.4135
0.4189
0.4241
0.4288
0.4332
0.4369
0.4401
0.4426
0.4445
0.4457
0.4464
0.4465
0.4463
0.4458
0.4452
0.4445
0.4440
0.4438
0.4439
0.4444
0.4453
0.4467
0.4484
0.4503
0.4526
0.4549
0.4573
0.4598
0.4622
0.4647
0.4671
0.4698
0.4726
0.4758
0.4795
0.4838
0.4889
0.4948
0.5017
0.5095
0.5182
0.5277
0.5379
0.5486
0.5597
0.5708
0.5817
0.5923
0.6021
0.6109
0.6185
0.6245
0.6288
0.6310
0.6311
0.6287
0.6238
0.6162
0.6060
0.5930
0.5774
0.5592
0.5388
0.5163
0.4920
0.4664
0.4398
0.4127
0.3855
0.3585
0.3323
0.3070
0.2831
0.2606
0.2397
0.2204
0.2026
0.1861
0.1707
0.1562
0.1422
0.1285
0.1148
0.1009
0.0867
0.0723
0.0577
0.0430
0.0287
0.0151
0.0027
-0.0081
-0.0169
-0.0231
-0.0265
-0.0267
-0.0236
-0.0172
-0.0075
0.0053
0.0208
0.0386
0.0582
