2.05542145
2.14190113
2.46153716
2.59104764
2.78585464
3.00213578
3.34475774
3.60799677
3.73493778
3.97472784
4.32431282
4.51606861
4.74746931
4.88739427
5.15929690
5.11911892
5.14104120
5.15067443
5.21289780
5.29404748
6.28594100
5.80441138
5.93730690
6.49202646
6.64601880
6.31494840
7.00880810
6.62094417
6.87990794
7.11283813
7.16498445
6.67456552
6.55763456
6.96540579
7.35105748
7.34700728
7.56107361
7.63394539
7.72955007
7.76258234
7.60183419
8.11622585
8.45498693
7.93366978
8.07274767
8.27878091
8.24048190
8.33377609
7.98674128
7.90932470
8.49558894
8.45884819
8.67731650
8.53441456
8.28705712
8.80711876
8.54611864
8.91735059
8.63688142
9.06601174
9.15099686
9.17045711
8.61455634
8.72032603
8.97560531
8.85935537
9.17770409
8.64227716
8.39499040
8.75200973
8.77689291
9.18418137
9.49125807
10.21150322
10.13133205
9.50806514
10.36593666
10.39587007
10.34711867
11.02424774
10.61892262
9.78432086
10.66786677
10.35773599
10.14480857
10.23114897
10.15539855
10.43463002
10.44305474
10.42773136
10.68687065
11.13705361
11.22641020
11.25697200
10.89255388
11.52201905
11.56715084
10.73788666
10.69476687
11.24763374
10.31905937
10.59864189
10.17444894
9.70119152
10.00913637
12.15745153
10.20695911
11.17251431
10.54943929
12.42202910
10.54816639
10.84613627
11.24959287
12.51497517
12.17987593
10.79650982
9.79070109
12.48482041
9.48399997
9.63918121
9.61830114
10.34109696
9.29535334
10.88067260
9.55011352
10.18551602
10.99099910
7.82921586
7.54728595
8.92263042
10.32914586
11.33088838
10.08469434
10.21794895
10.39612263
9.93724241
10.52128647
11.38643763
10.48999550
10.51984517
10.96230152
11.09981560
11.53101689
11.26405155
10.51552563
11.48336644
10.88259033
10.64693030
10.83298575
10.91654211
