-1.4072
-1.5773
-2.1041
-1.0465
-1.3360
-1.4587
-1.7501
-1.5164
-0.8078
-0.7121
-0.5812
-0.0486
-0.4511
-0.8858
-0.8767
-0.9752
-0.9830
-0.8437
-0.6245
-0.1490
-0.3725
-0.0457
-0.0997
0.2324
0.5060
0.1239
0.2138
-0.0308
-0.0537
0.3584
0.9828
0.4206
0.2608
0.6204
0.4068
0.1073
0.7580
0.5679
0.6771
0.3003
0.5473
0.9378
0.9195
0.6516
0.9215
0.3146
0.4917
0.4021
0.4538
0.3247
0.3107
0.4664
0.7050
0.3428
0.4626
0.5761
0.5050
0.0067
-0.0297
0.0064
-0.2750
-0.5121
-0.5290
-0.8501
-0.8813
-0.8833
-1.0955
-1.1756
-0.9476
-1.4176
-1.4696
-1.5380
-1.6302
-1.4988
-1.8214
-1.8456
-1.9792
-1.4300
-1.3483
-1.7212
-1.8263
-1.6529
-0.9987
-1.8837
-2.0314
-2.5962
-2.5782
-2.5022
-1.7184
-1.4532
-2.1463
-1.6656
-1.3220
-0.9311
-1.1804
-1.6044
-1.5170
-1.6757
-1.3314
-1.1160
-0.9817
-0.6197
-0.6315
-0.6438
-0.6880
-0.3176
-0.2022
0.3493
0.2276
0.0931
0.1268
0.7993
0.4926
0.3181
0.0680
0.3250
0.1804
0.1094
-0.4277
-0.3050
-0.3684
-0.6626
-0.4865
-0.6676
-0.5648
-0.4463
-0.3304
-0.2485
-0.0949
-0.1276
-0.0814
-0.0171
0.0768
0.2426
0.1218
-0.0258
0.0615
0.0916
0.2213
0.2527
0.5324
0.2540
0.2823
0.1216
0.1477
0.6082
0.1667
0.4423
0.3174
0.1219
-0.0418
0.2125
0.0719
0.5476
0.2182
0.6952
0.4240
0.0221
-0.0480
0.1470
0.0985
-0.0354
0.2578
0.6130
0.3424
0.4446
0.5834
0.4635
0.4715
0.5035
0.2386
0.0577
0.0626
-0.0324
-0.1373
-0.1914
-0.3566
-0.2353
-0.5341
-0.6175
-0.6919
-0.7568
-0.6505
-0.7882
-1.1083
-0.5624
-0.9014
-1.0725
-1.2705
-1.2154
-1.0308
-0.4708
-0.9267
-0.9624
-0.9078
-1.0827
-0.8539
-0.7579
-0.3754
-0.9015
0.1538
0.1121
0.1168
-0.2406
0.4621
-0.1944
-0.7966
-0.3317
-0.5792
-0.7349
-0.2505
-0.2594
0.8273
0.1380
0.6897
-0.0899
0.8257
-0.1512
0.2308
0.0223
0.4497
0.2358
0.4284
0.6568
0.6931
0.6632
1.1747
0.2332
0.4176
0.2767
0.7945
0.2817
0.1922
0.5240
-0.1907
0.2904
-0.0505
0.6888
-0.0663
0.0750
0.3009
0.3792
0.5187
0.6019
0.5203
0.8312
0.3904
0.2910
0.9434
0.7918
0.8057
0.8979
0.9208
0.8743
1.0919
1.3060
1.2481
1.1374
0.9849
1.9229
2.3814
1.8091
2.5894
1.7517
1.8862
1.8995
1.5521
1.7599
2.0715
1.8766
2.2271
2.0262
2.7161
2.5016
2.7359
2.5458
2.5773
2.8101
3.4746
3.0668
3.3003
2.9893
3.1301
2.7584
2.8364
2.9900
2.8566
3.1642
3.0100
3.2951
3.0452
3.2691
3.3628
3.2683
3.3265
3.9677
3.3552
3.9230
3.9157
4.0894
4.3892
3.8651
4.1224
3.8917
3.8582
4.3198
3.7945
3.5891
3.3661
3.6001
3.7517
3.7455
3.4680
3.6654
3.6867
3.8618
2.9610
3.0791
2.7097
2.6053
2.3933
2.5100
1.9810
2.2375
2.7211
1.8782
2.1099
1.6311
1.7027
1.8867
3.1259
2.6035
2.7893
2.1562
1.8814
2.2347
1.4229
1.3574
0.9707
1.3214
1.7557
1.4524
1.2317
1.6916
1.4369
1.6022
1.4688
1.3767
1.3670
1.1775
1.8213
1.5592
1.2368
0.7779
0.6036
0.6983
0.7291
0.9007
0.8750
1.0308
0.9516
1.1672
1.1447
1.4482
1.7770
1.5838
1.1344
1.2908
1.3681
1.3546
1.4162
1.2765
1.6368
1.5174
1.1653
1.2710
1.9826
1.1083
1.1695
1.1607
1.5038
1.3929
1.1127
1.4107
1.2483
1.4812
1.4135
1.1973
1.2878
0.7336
0.4432
0.6371
0.1763
0.8627
0.1675
0.2819
0.1745
0.0781
0.1288
0.0293
-0.0336
-0.0609
-0.2642
-0.4730
-0.3289
-0.5393
-0.3544
-0.3553
-0.4669
-0.6105
-1.0272
-1.1652
-0.9299
-0.9418
-0.9693
-0.9692
-0.5798
-0.8201
-0.9497
-0.6302
-0.4979
-1.0317
-0.7381
-0.8901
-0.8087
-0.5746
-0.4868
-0.9081
-0.7286
-0.8205
-1.3119
-1.0747
-0.8238
-1.2513
-1.1640
-1.4183
-1.0455
-1.4827
-1.0332
-1.6607
-1.4544
-1.5245
-1.3426
-1.3727
-1.4981
-1.6692
-1.6173
-1.7087
-1.6850
-1.4350
-1.6794
-1.6596
-1.5629
-1.7866
-1.4962
-1.5091
-1.5349
-1.1754
-1.4680
-1.1918
-0.9902
-0.9964
-0.9873
-0.8807
-0.8783
-0.9180
-0.9077
-0.6545
-0.4438
-0.5029
-0.6132
-0.5487
-0.5597
-0.4503
-0.6941
-0.4696
-0.4739
-0.9519
-1.0311
-1.0218
-1.0047
-1.2447
-1.2918
-0.7987
-1.0689
-0.9057
-1.2413
-1.1798
-0.8412
-1.2263
-0.9730
-1.3881
-1.2081
-1.0366
-1.0563
-0.9200
-0.9281
-0.6246
-0.4772
-0.4617
-1.0677
-0.6685
-1.0401
-1.2348
-0.4655
-1.2082
-0.8734
-0.9665
-0.6307
-0.3205
-0.2311
-0.3549
-0.6283
-0.3603
-0.3392
-0.2322
0.0506
0.5134
0.6641
0.5130
0.3280
0.5349
0.8053
0.5083
0.6998
0.9271
0.8912
1.6313
1.2185
1.4463
1.2362
1.6300
1.0477
1.4808
1.4055
1.8876
1.8559
1.8500
1.5970
1.9594
1.7677
2.4569
2.1307
2.5659
2.2556
2.1430
2.3161
1.8702
1.9035
1.8887
2.2089
2.6028
2.4516
2.5000
2.6882
2.8230
3.0134
3.0890
3.2434
3.1448
3.2805
2.8016
2.6631
2.7772
2.0950
1.7150
1.3291
1.0378
0.7349
0.4831
0.2052
0.0199
-0.1413
0.0409
-0.1589
-0.2037
-0.2640
-0.4562
-0.5893
-0.7524
-0.8827
-0.8650
-0.5969
-0.9752
-1.1416
-0.5557
-1.0241
-0.5584
-0.9282
-0.7154
-0.9784
-0.9801
-0.6101
-0.7380
-0.6909
-0.5071
-0.6303
-0.7899
-1.0532
-1.2000
-1.0408
-1.2217
-1.1642
-1.0154
-0.9977
-1.0559
-1.4333
-1.4299
-1.9043
-1.6768
-1.5269
-2.1407
-1.9814
-2.1439
-2.1281
-2.0048
-1.8550
-1.3483
-1.5557
-1.8117
-1.9036
-1.3742
-1.5291
-1.4505
-1.4726
-1.7601
-1.8510
-1.6869
-1.7315
-1.5089
-1.3794
-1.6018
-1.4687
-1.8220
-1.8709
-2.0509
-1.8726
-1.8474
-1.9413
-2.0972
-2.0511
-2.0144
-1.9792
-1.9217
-2.0145
-2.0417
-2.1759
-1.9779
-2.3186
-2.1434
-2.5054
-2.5369
-2.5070
-2.4375
-2.4075
-2.2511
-2.4060
-2.2572
-2.3019
-2.2094
-1.9497
-2.0950
-2.1883
-2.0719
-2.0570
-1.9509
-1.9332
-1.7901
-1.6532
-2.0631
-1.9798
-1.9828
-1.8985
-1.7189
-1.8931
-1.8943
-1.8896
-1.9003
-1.7345
-1.7540
-1.5715
-1.5879
-1.5599
-1.6098
-1.6160
-1.6220
-1.5540
-1.2799
-1.5170
-1.2249
-1.1932
-1.3178
-1.2052
-1.1357
-1.1790
-1.5776
-1.6320
-1.4866
-1.7393
-1.6624
-1.5142
-1.5469
-1.6295
-1.3165
-1.5554
-1.4817
-1.4411
-1.3145
-1.3367
-0.8820
-1.3495
-1.1155
-1.2479
-1.0574
-0.9211
-0.6849
-0.4226
-0.2549
0.2591
0.2475
0.4202
1.0165
0.9765
0.8539
1.1464
1.0780
1.0980
1.5707
1.9267
2.0079
2.9407
2.8825
2.7802
3.3208
3.4614
3.4604
3.6716
3.2658
3.1608
3.4915
3.1544
3.9717
3.5738
3.9022
3.5322
3.6162
3.6222
3.0896
3.0374
3.4944
3.3656
4.0228
3.5101
3.5410
3.3889
3.7818
3.2763
3.5064
3.6397
3.4599
3.4949
3.8251
4.0193
5.2628
5.1390
5.2482
6.0515
5.6021
5.1944
4.8710
5.2359
4.6681
4.5054
3.6627
3.8402
3.6619
3.3033
3.5074
2.5752
2.8758
3.0615
3.1478
3.4836
3.5609
4.4951
4.3897
4.4737
4.7884
5.1768
5.0168
5.1292
4.7857
4.8039
4.4778
3.9665
3.8369
4.2611
5.0000
4.9178
4.4850
4.3835
3.9354
2.8743
2.9078
2.6184
2.9559
2.5547
2.4808
2.3739
2.0606
1.8764
1.3798
1.7783
1.5748
1.5466
1.3111
1.2586
1.3566
0.9783
0.9950
1.0040
0.7341
0.4821
0.2654
-0.0379
0.0184
0.1709
-0.0540
-0.0364
-0.0748
0.7620
0.6868
0.7818
0.3465
0.3492
0.5497
0.2770
0.9097
0.0164
0.3233
-0.0731
0.1889
0.1288
-0.2932
-0.4535
-0.4780
-0.3240
-0.4338
-0.6099
-0.6854
-0.6883
-0.7429
-0.6432
-0.6793
-0.6230
-0.6849
-0.6350
-0.5958
-0.5078
-0.4438
-0.5008
-0.5373
-0.5151
-0.7564
-0.8372
-0.7966
-0.8075
-0.7176
-0.7534
-0.7371
-0.7293
-0.7642
-0.5725
-0.4165
-0.6949
-0.3540
-0.5472
-0.8326
-0.6261
-0.8978
-0.2933
-0.6496
-0.3508
-0.5574
-0.8734
-0.8538
-0.9292
-0.7030
-0.7130
-0.7620
-0.5133
-0.5507
-0.6312
-0.4271
-0.9824
-0.4814
-1.0117
-0.6928
-1.1291
-0.7739
0.8226
-1.1300
0.3725
-0.5744
0.1816
0.2058
0.4588
0.8282
0.9674
0.8244
1.6507
0.9090
1.2232
0.5042
0.8329
1.2362
1.6114
1.5040
0.9856
0.9932
1.3521
0.8659
0.7244
1.2983
1.2957
1.0630
1.3230
1.5986
2.1917
2.1584
1.4607
1.9319
1.5298
1.7354
1.4998
1.7532
1.6174
1.6952
1.8039
2.0297
1.5512
1.5481
1.4602
1.1632
1.3503
0.7995
0.8222
0.7431
0.6115
0.8983
0.6272
1.1266
1.0173
0.9921
1.1562
1.0603
1.3273
1.2751
1.8135
1.3522
1.4060
1.7855
1.8894
2.1875
2.2111
2.6975
2.4370
2.7776
3.2599
2.7600
3.1293
2.3291
2.3039
2.2442
2.4936
2.0893
2.2125
1.4620
1.9463
1.8626
1.2136
1.6393
1.5174
1.1749
1.3409
1.1267
1.5652
1.2491
1.1407
0.8162
1.1038
1.3893
1.3919
1.6247
1.1274
1.2925
0.6316
0.7658
0.0086
-0.1239
0.0292
0.4550
0.0176
-0.0396
0.0545
-0.0287
-0.4351
0.1599
-0.0625
0.3612
-0.1180
-0.1850
-0.4891
-0.5498
-0.3068
0.0131
-0.1425
-0.0417
-0.2201
-0.4924
-0.5769
-0.5673
-0.5724
-0.3931
-0.3653
-0.1408
-0.2273
-0.4357
-0.5278
-0.4398
-0.5541
-0.3225
-0.4848
-0.4146
-0.3528
-0.6815
-0.6712
-0.5917
-0.4840
-0.7744
-1.0130
-1.1543
-1.2595
-1.1433
-0.9457
-0.8507
-1.1497
-1.2217
-1.2937
-1.3339
-1.2342
-0.7879
-1.0111
-0.7478
-0.7424
-0.5849
-0.5473
-0.8147
-0.6316
-1.0190
-1.0959
-0.9027
-1.2450
-1.1943
-1.3913
-1.3763
-1.1217
-1.1465
-1.2821
-1.0789
-1.3047
-1.0961
-1.3711
-1.3663
-1.1309
-1.2466
-1.2923
-1.1992
-1.3511
-1.3474
-1.2622
-1.3465
-1.1895
-1.1677
-1.3592
-1.3726
-1.4768
-1.4301
-1.6120
-1.5737
-1.6939
-1.6564
-1.7176
-1.4927
-1.7381
-1.7336
-1.7938
-1.8857
-1.9556
-2.0782
-2.0273
-2.1447
-1.9161
-2.1662
-2.1891
-2.1254
-2.1775
-2.1267
-2.1227
-1.9585
-1.9231
-1.7760
-1.7697
-1.4402
-1.5583
-1.4160
-1.3664
-1.1977
-1.2363
-1.1870
-1.2664
-1.0588
-1.2037
-1.1573
-1.1112
-0.9844
-0.7081
-0.8878
-0.9117
-1.0449
-1.0880
-0.9565
-1.2359
-1.2706
-1.3569
-1.3704
-1.3392
-1.3491
-1.1992
-1.0889
-1.0395
-1.3640
-1.3614
-1.3976
-1.3524
-1.3595
-1.1555
-1.1808
-1.0257
-1.1949
-1.1989
-1.2746
-1.1400
-1.0999
-0.7053
-0.7911
-0.6261
-0.3995
-0.2950
-0.0142
0.0994
0.2479
0.2219
0.4214
0.1750
0.2429
0.2060
0.3243
0.5904
0.6298
0.6691
0.7957
0.7179
0.9645
0.7862
1.0307
0.8753
0.8407
1.0129
1.0962
0.8523
0.7441
0.5496
0.5095
-0.0025
0.6317
-0.2499
0.7757
1.0528
0.8732
0.6693
0.4627
0.3091
0.5899
0.8706
1.6984
1.9012
2.1147
2.2873
1.6948
2.0427
2.1899
2.0170
2.9310
2.2447
2.5608
2.6030
2.9421
1.9261
3.0485
2.6533
2.6407
2.8056
2.5401
2.4567
2.5818
2.4895
2.1410
2.3801
2.0494
2.6237
2.5872
2.6465
2.7214
2.3511
2.7330
2.3664
2.5565
2.5707
2.8786
2.1931
1.8166
1.6185
1.5598
1.4430
1.5084
1.2343
1.3773
0.9781
1.2970
1.5172
1.8476
1.4985
1.9586
1.9220
1.6822
1.5166
0.9719
1.0046
1.1398
0.7756
0.7201
1.4940
0.8525
1.0971
1.6717
1.2324
1.2699
1.3040
1.2107
1.4766
0.9401
1.2889
1.1321
0.8046
1.1701
0.3106
0.3773
0.1783
0.3478
0.2848
0.5572
0.4530
0.2325
0.3045
0.3461
-0.0242
0.1290
0.5316
0.1857
0.2441
0.1603
0.2935
0.0163
-0.0033
-0.0788
0.4437
-0.0596
0.3782
0.1691
0.4184
0.2187
-0.3140
-0.4642
-0.6207
-0.5507
-0.4187
-0.4396
-0.6390
-0.5330
-0.0534
0.1168
-0.0046
0.4758
-0.0104
-0.0647
0.0995
-0.3886
-0.4257
-0.4577
-0.6582
-0.3480
-0.5309
-0.5305
-0.8109
-1.0225
-0.9072
-1.0974
-1.0677
-0.8386
-1.3155
-1.2715
-1.3576
-1.3582
-1.2948
-1.4476
-1.3092
-1.2739
-1.3568
-1.1964
-1.1051
-1.3037
-1.0490
-1.4840
-1.2681
-0.9961
-0.6695
-0.7672
-0.6223
-0.9445
-0.8392
-0.9634
-0.2534
-0.8477
-0.4562
-0.2998
-0.3820
-0.5347
0.4711
-0.0032
-0.2591
0.9005
0.6769
0.7137
1.3507
1.1287
1.6224
2.1917
1.8810
1.2893
1.9081
1.8810
3.5063
2.1134
2.2764
3.0395
3.5395
1.8991
3.0591
2.6352
2.8602
3.1644
2.8887
3.0569
2.2403
2.3229
2.5514
2.8991
3.2758
3.1237
3.0382
3.3238
2.4548
2.2017
1.8808
2.1839
2.1167
2.0972
2.1142
2.6226
2.8580
2.4612
2.3364
2.5122
2.4015
2.6492
2.2749
2.7179
2.4306
2.7942
2.7619
3.7571
3.3170
3.2223
3.6826
3.5302
3.2012
3.1600
2.9666
2.9464
2.9435
2.5689
2.3350
2.5530
2.5141
1.9403
1.5586
1.2373
0.9977
1.0478
0.8220
0.8862
1.4716
1.1271
1.0655
1.1846
0.9285
1.4839
1.0203
1.4494
1.5660
1.7948
2.0082
1.5249
1.7383
1.9396
1.3117
1.1697
1.2206
1.4345
1.4466
1.2987
1.3187
1.3310
1.1590
1.2378
0.9946
1.1849
1.1263
0.6494
0.6693
0.2663
0.7016
1.4356
0.5189
0.9197
0.2694
0.6525
0.3612
0.5381
0.6434
0.3887
0.6565
0.3724
0.1433
-0.0005
-0.0412
-0.0376
-0.1111
-0.2570
-0.1675
-0.3126
-0.1052
0.0370
0.0390
0.1542
0.2395
0.3953
0.3805
0.4879
0.6711
0.4790
0.4923
0.4205
0.3784
0.3261
0.2754
0.4098
0.3014
0.5507
0.0404
-0.1465
-0.4093
-0.5695
-0.6842
-0.7624
-0.8033
-0.8550
-0.8511
-0.8874
-0.6104
-0.8895
-0.8503
-0.9423
-0.9244
-0.9306
-0.6365
-0.8698
-0.8162
-0.9155
-0.9573
-1.0454
-1.1533
-1.2749
-1.3866
-1.5014
-1.5823
-1.6934
-1.7650
-1.7672
-1.8736
-1.7030
-1.9491
-2.0615
-2.0393
-2.1849
-2.1860
-1.8566
-2.0547
-1.6236
-1.7642
-1.4507
-1.5381
-1.4585
-1.3113
-0.6299
-0.7583
-0.9952
-1.2349
-1.2023
-1.7537
-1.5584
-1.5981
-1.1982
-1.3518
-0.8247
-1.1823
-0.9368
-0.7946
-0.5699
-0.7058
-0.4812
-0.6020
-0.5425
-0.7220
-0.5787
-0.7694
-1.0460
-1.2564
-1.2009
-1.2311
-0.8045
-1.2142
-1.3025
-0.9962
-0.9236
-0.9394
-0.8455
-0.6831
-0.5549
-1.0349
-0.7214
-0.7634
-0.5563
-0.1633
-0.5672
-0.5499
-0.2195
-0.3029
0.3743
0.1496
0.1129
-0.0277
0.0973
0.0749
0.1753
0.3647
0.3823
0.4876
0.2673
0.2675
0.3149
0.3530
0.5789
0.5481
0.7305
0.6753
0.8762
1.0850
0.9826
0.8169
0.6540
0.4281
0.2846
0.1995
0.1421
-0.0180
-0.1911
-0.3984
-0.5000
-0.5355
-0.5754
-0.5607
-0.6623
-0.7500
-0.5152
-0.9294
-0.9855
-0.8083
-0.1086
-0.0287
-0.0123
-0.0610
-0.0006
-0.5028
0.1552
0.4186
0.2440
0.3490
0.9300
0.8474
0.8410
0.0963
0.2205
0.3614
0.0453
1.2777
1.4305
1.7728
1.9176
1.6208
2.7320
1.6551
1.7932
2.7122
2.3576
3.4640
3.6056
3.1544
3.8628
2.8514
3.4817
2.9064
3.3676
4.1127
3.5910
3.1267
2.8661
2.6635
3.2239
2.3988
2.2012
2.4616
2.4273
2.0918
2.1450
1.7655
2.6858
2.4141
3.0151
2.5325
2.4513
2.7631
2.9724
2.7076
3.1160
2.5870
2.4941
2.2323
2.1858
2.1087
1.8615
1.9408
1.8752
2.5896
1.7699
1.2282
1.2288
1.0585
1.0686
0.6538
0.1224
0.1657
-0.3534
-0.5141
-0.7835
-0.6132
-0.9649
-1.0546
-1.6346
-1.5288
-1.6415
-1.7404
-1.8130
-1.6436
-1.5524
-1.2743
-1.5470
-1.4619
-1.3357
-1.5071
-1.4951
-1.7028
-1.9116
-2.1117
-2.1286
-2.2746
-2.3954
-2.2703
-2.6194
-2.6953
-2.8073
-2.8941
-2.9577
-3.0352
-3.0154
-3.0124
-2.6436
-2.8356
-2.7453
-2.6020
-2.7812
-2.6847
-2.7107
-2.6971
-2.7916
-2.7373
-2.7686
-2.6062
-2.6332
-2.4934
-2.3800
-1.8919
-2.0665
-2.0016
-1.8046
-1.6883
-1.5783
-1.4069
-1.3381
-1.2016
-1.0128
-0.9795
-0.8205
-0.8141
-0.7322
-0.6077
-0.1533
-0.4530
-0.3964
-0.3256
-0.1203
-0.0408
0.1755
0.2510
-0.0185
-0.2601
-0.4039
-0.4287
-0.4249
-0.4707
-0.5119
-0.4976
-0.6470
-0.7697
-0.6069
-0.8919
-0.7752
-0.6645
-0.5733
-0.6699
-0.7515
-0.6648
-0.9110
-0.4455
-1.1108
-1.2435
-1.0572
-1.3953
-1.1239
-1.3020
-1.3650
-0.8000
-0.6247
-1.4445
-1.2854
-1.2086
-1.0467
-1.6265
-1.3485
-1.7105
-1.9186
-1.7106
-1.3959
-1.4726
-1.2300
-1.4139
-1.6011
-1.5286
-1.0642
-0.6963
-0.5891
-0.7384
-0.5176
-0.3216
0.2125
-0.3358
-0.2630
-0.1678
0.2889
0.2753
0.8918
0.4952
1.0016
1.7950
1.2938
1.5550
1.7667
3.0467
2.7063
2.2291
2.2731
2.6243
2.5940
2.4173
2.3705
2.2151
2.3759
2.9978
3.2692
3.6883
4.1070
4.1043
4.4513
3.7186
4.4839
4.6520
4.5239
3.8766
4.1685
3.9711
3.9855
4.1026
3.2680
3.6976
2.9966
2.5502
2.5511
2.6556
2.1823
2.6389
3.1547
2.4354
2.8456
3.1971
3.3498
2.8339
2.5644
2.6449
3.1037
2.6752
2.5184
2.5057
1.9566
2.1149
2.0386
1.6513
1.6901
1.5049
1.7707
1.7055
1.5205
1.0349
1.1227
1.0889
1.3680
1.6509
1.5904
1.6960
1.5258
1.1263
0.7334
0.7125
1.0120
1.0668
1.1503
0.8951
0.9284
0.8886
1.0931
1.0640
0.7331
1.1441
0.7712
0.5656
0.2198
0.0892
0.0567
-0.0892
0.0589
0.0857
-0.0155
0.0441
-0.1467
-0.2850
-0.3110
-0.3386
-0.5827
-0.4681
-0.5763
-0.8404
-1.2111
-1.0626
-1.2119
-1.2418
-1.1756
-1.0965
-1.3844
-1.4874
-1.6452
-1.7589
-1.9362
-1.8489
-2.1445
-1.8500
-2.0958
-2.3624
-2.2169
-2.1918
-1.9150
-1.5962
-1.4949
-1.3647
-1.5740
-1.5256
-1.6896
-1.7813
-1.6182
-1.3461
-1.5923
-1.2873
-1.5690
-1.5515
-1.6252
-1.2815
-1.7312
-1.1384
-1.2606
-1.3016
-1.2644
-1.3272
-1.2757
-1.5281
-1.5889
-1.3011
-1.3418
-1.0901
-0.6843
-0.8284
-1.2633
-1.3629
-1.0663
-1.0712
-0.5761
-0.2616
-0.7038
0.5110
-0.7706
-0.8134
-0.5635
-0.3688
-0.5530
0.4944
0.1345
1.2712
0.2873
0.1638
-0.3740
0.1010
0.0150
0.5822
0.5673
0.3375
0.2516
0.2364
0.3903
0.3137
0.3378
0.3923
0.5598
-0.0419
0.4124
0.0227
-0.4185
-0.0041
-0.5229
-0.5837
-0.1665
-0.4554
-0.4777
-0.2206
-0.1531
-0.3812
-0.4801
-0.1256
-0.2003
0.1717
0.1832
0.4528
0.2785
0.6501
0.5838
0.6977
0.4304
0.5556
0.5418
0.4942
0.3274
0.3074
-0.1554
-0.3326
-0.5296
-0.4115
-0.5982
-0.4207
-0.5446
-0.7171
-0.7055
-1.1599
-0.9689
-1.6474
-1.8258
-1.8245
-1.6779
-1.9434
-1.8683
-2.0083
-2.0346
-2.0374
-2.4817
-2.6599
-2.8179
-2.9126
-2.7259
-2.9594
-2.7380
-2.7143
-2.9208
-2.8878
-2.7013
-2.9219
-2.9410
-2.9507
-2.9351
-2.8966
-2.8290
-3.0386
-3.0268
-2.7323
-2.7595
-2.5251
-2.6377
-2.3973
-2.2207
-2.2582
-2.3851
-1.9587
-2.2514
-1.6152
-2.0110
-1.5398
-1.1940
-1.0773
-0.3048
-1.2479
-1.2924
-1.6045
-1.4249
-0.8736
-1.0338
-0.9855
-0.8315
-1.0681
-0.7618
-1.4576
-1.5484
-1.1372
-1.4399
-0.9025
-0.6778
-0.5370
-0.5510
-0.0524
-0.4828
-0.8072
-0.6321
-0.7251
-0.0138
-0.2703
-0.1088
0.4818
-0.0054
-0.1928
-0.2290
-0.2445
-0.1477
0.0281
-0.1411
0.0308
0.1349
0.3011
-0.1778
0.7498
0.0624
0.3003
0.3274
1.0617
1.2508
0.9913
1.4839
0.6842
1.4623
0.9010
0.5996
0.7932
0.8187
1.6248
1.4090
1.0107
0.6709
0.3923
0.3079
0.0982
0.2729
0.0882
0.0894
0.2849
0.4249
0.2539
0.1475
0.1672
0.0354
-0.0121
-0.6320
-0.7371
-0.6502
-0.6009
-0.1781
-0.5133
-0.7804
-0.8468
-0.6845
-0.6300
-0.6812
-1.0021
-0.9956
-1.2417
-1.1685
-1.5916
-1.9482
-2.1175
-2.2399
-2.3985
-2.5031
-2.6330
-2.7266
-2.7811
-2.9275
-2.7859
-3.1523
-3.1990
-3.2546
-3.2616
-3.2975
-3.2891
-3.3110
-3.1118
-3.3288
-3.1899
-2.9639
-3.5278
-3.5580
-3.6383
-3.4086
-3.2907
-3.4728
-3.0369
-3.1084
-3.2287
-3.1971
-3.2869
-3.0130
-3.2741
-3.2241
-3.0402
-2.8445
-2.8132
-2.7284
-2.3655
-2.5285
-2.4176
-2.8675
-2.8743
-2.6225
-2.4204
-2.5313
-2.3629
-2.1795
-1.8089
-2.1758
-1.6904
-2.2791
-2.2372
-1.7515
-1.1774
-1.7118
-1.3292
-1.1463
-1.5512
-1.1458
-1.6880
-1.1731
-1.6134
-1.2130
-1.2827
-0.7579
-0.7114
-0.9034
-0.6630
-0.8622
-0.5445
-0.8718
-0.4598
-0.5108
-0.3175
0.2567
-0.0807
0.0555
0.3461
0.3764
0.4252
-0.3387
0.0242
-0.5980
-0.8909
-0.9965
-1.0235
-0.9001
-0.4720
-0.6615
-0.7426
-0.5973
-0.1540
0.2511
0.1286
0.3916
0.9533
1.4999
1.6687
1.9383
2.0374
2.6049
2.9830
3.5710
3.5252
3.3585
4.3482
3.2444
3.6419
3.5452
3.1514
3.1872
3.0317
3.8191
3.9639
3.4383
3.8248
3.4957
3.4268
3.6169
2.9104
2.9285
2.3922
3.0818
1.8861
2.0129
2.6896
2.4330
2.6941
1.6925
2.3407
1.9072
1.7028
2.1525
1.5160
1.1007
1.3067
0.7392
0.3484
-0.2497
-0.3889
-0.2394
-0.2034
-0.0877
0.2732
-0.0176
-0.1210
-0.3532
-0.2220
-0.5585
-0.5202
-0.3099
-0.9462
-0.5734
0.0435
-0.3022
0.1847
-0.1626
0.3894
0.3062
0.4139
0.5070
0.6912
-0.2702
-0.2983
-0.4039
-0.3301
-0.4667
-0.6291
0.0880
-0.3494
-0.4214
0.2774
-0.6022
-0.6129
-0.2565
-0.3073
-0.5729
-0.6740
-0.6744
-0.4464
-0.6343
-0.2263
-0.5862
-0.4535
-1.2372
-0.4842
-0.6122
-0.4025
-0.3040
0.0416
0.2420
-0.6351
-1.0349
-0.7196
-1.0761
-0.6968
-0.7857
-0.6304
-0.6322
-1.3866
-0.7029
-0.8150
-0.7286
-0.4759
-0.5317
-0.4872
-0.0736
-0.8638
-0.4980
-0.8306
-0.0076
-0.2756
-0.5234
-0.0710
-0.6492
-0.5586
-0.8377
-0.6221
-0.0589
-0.2865
-0.2450
-0.5806
-1.0794
-0.8133
-0.2512
-0.5686
-0.4057
0.0622
-0.1291
0.1548
-0.0992
0.0832
-0.4584
-0.2718
0.2789
0.3120
-0.0522
0.1012
0.1121
-0.0760
0.3376
0.3454
0.1590
-0.1976
-0.3117
-0.2034
-0.5708
-0.6837
-0.6682
-0.4167
-0.4358
0.0134
0.2207
-0.0682
-0.3046
-0.6109
-0.1477
0.2370
-0.0533
-0.0110
-0.3498
-0.2496
-0.3238
-0.4808
-0.5997
-0.7718
-0.6546
-0.7596
-0.6364
-0.7744
-0.9308
-0.5865
-1.1176
-0.8104
-0.6533
-0.6722
-0.4188
0.3588
-0.5039
-0.6410
-0.5804
-0.4092
0.0513
0.4415
0.8623
0.5757
0.2979
0.1437
0.1063
0.0655
0.2456
-0.1938
-0.1187
0.0577
-0.1266
0.2937
-0.1824
-0.2380
-0.2369
-0.0549
0.1637
0.0886
0.4978
0.2010
0.5819
0.2432
0.4686
0.6207
0.4529
0.0335
0.1987
0.4973
0.4833
0.6319
1.1512
1.2077
1.1045
0.9587
0.6279
0.5471
0.9348
0.9985
1.3392
1.3564
1.6297
1.1426
1.1252
1.1159
1.3570
1.3381
1.3738
1.2731
1.2087
0.8654
0.9265
1.1126
0.7959
0.7900
0.9682
1.1861
1.0782
1.2189
0.4515
0.4879
0.7426
0.5299
0.1354
0.5620
-0.2793
-0.2034
-0.3528
0.4712
-0.0174
0.5354
0.2005
0.1357
0.6129
0.7004
0.1254
-0.0656
-0.6273
-0.6316
-0.9548
-0.8753
-1.0193
-1.0946
-0.9460
-1.2398
-1.2466
-1.6945
-1.7916
-1.6900
-1.8062
-1.9797
-2.2182
-2.1234
-1.9369
-2.1171
-2.2139
-2.2945
-2.2848
-2.3527
-2.2504
-2.2903
-1.9686
-2.0231
-2.0822
-2.0941
-2.0086
-1.8387
-1.9983
-1.7489
-1.9263
-1.9058
-1.9175
-1.9529
-1.8151
-1.9454
-1.7958
-1.6271
-2.1309
-2.2271
-1.9553
-1.9285
-1.9907
-1.9804
-1.5458
-1.9549
-1.8044
-1.6176
-1.6877
-1.6509
-1.9495
-1.9350
-1.8298
-1.6675
-1.4445
-1.6297
-1.7418
-1.7628
-1.5538
-1.6793
-1.5799
-1.6785
-1.3732
-1.7586
-1.7820
-1.8518
-1.7910
-1.7207
-1.8575
-1.8289
-1.9412
-1.7995
-1.8024
-1.6482
-1.4012
-1.4888
-1.5633
-1.6115
-1.6691
-1.5139
-1.6412
-1.4796
-1.5764
-1.5513
-1.2396
-1.3095
-1.5563
-1.4090
-1.7247
-1.7279
-1.8305
-1.8820
-1.9264
-2.0441
-2.1067
-2.2248
-2.1283
-2.2177
-2.0234
-1.8525
-2.0161
-2.0701
-2.1283
-2.0961
-2.1863
-2.2362
-1.9908
-2.4069
-2.1714
-2.3576
-2.3064
-1.8013
-1.9484
-1.8504
-1.9468
-1.6307
-1.5592
-1.1744
-1.1714
-0.5376
-0.8250
-0.0911
0.2070
0.4465
0.5642
0.9587
1.1522
0.8576
1.0411
0.8196
0.8102
0.9466
0.9336
1.2523
2.2055
1.4567
1.0732
1.9121
1.6495
1.7831
2.3843
1.5662
1.3454
2.2402
1.7151
2.4029
1.3828
1.2075
1.2033
2.2131
1.8277
1.4659
1.3386
0.6834
0.4395
0.0599
-0.1481
0.2750
-0.3710
-0.2417
-0.0032
0.1028
0.5841
0.1646
-0.0170
-0.2027
-0.6618
-0.1262
-0.5438
-0.4510
-0.1331
-0.1283
-0.2311
-0.4454
-0.6935
-0.2888
-0.8114
-0.5126
-0.7945
-0.9214
-1.6770
-1.4778
-1.7899
-1.7322
-1.2460
-1.5795
-1.6130
-1.3265
-1.5511
-1.3596
-1.5447
-1.5863
-1.4725
-1.2411
-1.1108
-1.1470
-0.4163
-0.6679
-0.0818
-0.2749
0.1014
-0.1087
0.1008
0.1765
0.1304
0.2602
0.0486
0.6489
-0.4326
-0.1166
-0.3347
0.7861
0.2972
0.4104
0.6135
0.9106
0.4854
0.4712
0.3163
0.7886
0.5968
0.2275
0.5087
0.0639
0.1022
-0.0530
0.4279
-0.4628
-0.1315
0.4578
0.4201
0.1173
-0.7466
-0.7403
-0.0696
-0.4383
-0.1871
-0.4591
-0.8185
-0.5503
-0.4804
-0.8319
-0.3034
-0.4391
-0.7730
-1.4554
-1.0834
-1.2007
-1.5894
-1.1718
-1.5170
-1.9885
-1.7024
-1.5964
-1.7548
-2.4708
-2.2464
-2.6077
-2.2491
-2.7093
-2.4621
-2.0991
-2.2878
-2.6651
-2.4182
-2.5829
-2.5931
-2.6396
-2.2683
-2.5338
-2.0070
-2.7807
-2.5292
-2.6650
-2.4313
-2.1612
-2.7508
-2.4859
-2.8855
-2.8759
-2.7834
-2.9338
-2.3174
-2.3192
-2.4865
-2.0008
-2.0697
-1.0676
-1.5566
-1.9527
-2.0978
-2.2356
-1.5742
-1.6554
-1.6853
-1.4744
-1.1705
-1.7118
-1.5752
-1.4547
-1.4729
-1.0458
-1.4781
-0.1224
-0.9253
-1.0337
-0.4208
-0.8495
-0.3607
-0.6110
-0.3535
-0.2354
-0.4649
-0.0925
-0.0558
-0.4382
-0.0216
-0.2957
-0.2179
0.1059
0.3415
0.6606
0.7105
0.7269
0.0250
0.0124
-0.1085
-0.1170
-0.4598
-0.4992
-0.1721
0.3236
0.4888
0.1462
0.5227
0.0553
0.9708
0.5522
0.5476
0.7805
1.3071
0.4704
0.8902
0.6711
1.2109
1.3601
1.2221
1.6874
1.6403
1.1777
0.7369
0.8797
0.8495
0.8001
1.1759
1.5693
1.1078
1.3641
1.2736
1.2898
1.4313
1.6208
1.4857
2.3455
2.7435
1.9801
1.3500
1.2448
1.0258
2.1057
1.2187
1.1681
1.6241
1.7683
1.7245
1.2416
1.2747
0.6951
0.7329
0.5217
1.4544
0.7099
0.8898
0.9425
1.1781
1.3465
1.8516
1.8485
2.3121
2.1338
2.5749
2.3203
2.8095
2.7810
2.5762
2.2208
2.4683
2.1204
2.1761
2.1686
2.2667
2.1349
2.0918
1.8867
2.0409
1.7553
1.6780
1.6224
1.3669
1.1252
0.6642
0.3102
-0.0794
-0.4161
-0.5425
-1.0200
-1.2070
-1.3509
-1.4079
-1.5095
-1.5704
-1.6982
-1.7916
-1.9183
-2.0192
-1.9087
-2.1021
-2.1872
-2.1978
-2.3094
-2.2684
-2.3335
-2.3085
-2.3912
-2.3103
-2.2919
-2.1791
-2.0339
-2.2106
-2.2558
-2.2479
-2.2345
-2.2510
-2.0845
-2.3639
-2.4472
-2.5353
-2.5755
-2.5941
-2.4828
-2.4923
-2.3266
-2.4210
-2.3497
-2.2051
-2.3299
-2.2764
-2.1651
-2.0411
-1.7850
-1.8873
-1.8717
-1.7360
-1.3267
-1.6323
-1.6057
-1.5491
-1.5416
-1.3750
-1.0463
-1.5040
-1.4046
-1.2156
-1.5753
-1.4612
-1.3702
-1.1553
-0.5466
-0.7822
-0.7660
-0.7710
-0.8308
-0.5817
-0.6939
-0.0480
-0.2597
-0.3901
0.0330
-0.3641
-0.1760
0.0207
0.2112
0.3456
0.5940
0.6246
1.2842
0.9494
0.8101
1.2091
1.7896
2.2816
2.1310
2.1001
2.0650
1.5154
1.7615
0.9487
1.6391
1.8392
1.2819
1.4182
1.1202
0.4464
0.5839
0.5279
0.0469
-0.1030
-0.3692
-0.5902
-0.1999
-0.1839
-0.0042
0.0744
0.3187
0.4245
0.0224
0.1645
0.4250
0.8532
0.6530
0.6621
0.2868
0.1533
1.0444
0.5972
1.2659
1.3479
1.7595
2.1374
1.9930
2.1393
2.0557
2.3247
2.7049
2.6769
2.7554
2.3169
2.8208
3.3692
3.3116
3.1473
3.3496
3.0248
2.8723
2.6392
2.6444
3.4891
3.0595
3.3434
3.2518
3.4651
3.0189
2.8417
2.7117
3.1367
2.8189
2.2637
3.7037
2.8253
2.7840
2.2411
1.8836
1.8439
1.9117
1.7083
1.1958
0.9127
0.5139
0.4508
0.3320
0.5479
-0.4300
-0.7045
-0.2528
-0.7514
-0.4752
-0.9627
-1.1583
-1.2053
-1.1779
-1.3727
-1.5141
-1.3117
-1.8410
-1.8394
-1.9929
-2.3718
-2.4770
-2.5721
-2.4809
-2.4733
-2.2980
-2.1870
-2.5805
-2.5565
-2.5219
-2.7890
-2.9769
-3.0549
-2.8586
-2.9298
-2.8195
-2.7443
-2.5267
-2.8212
-2.8164
-2.9227
-2.8827
-2.9060
-2.6227
-2.5834
-2.5870
-2.6075
-2.5463
-2.6462
-2.6576
-2.6506
-2.6280
-2.5583
-2.5953
-2.5358
-2.5334
-2.5244
-2.5348
-2.4346
-2.6931
-2.7290
-2.6670
-2.7336
-2.6252
-2.7584
-2.7446
-2.5943
-2.4111
-2.7361
-2.7509
-2.4908
-2.6872
-2.5630
-2.5864
-2.5219
-2.5858
-2.3533
-2.4305
-2.4195
-2.0198
-1.8739
-2.1200
-1.8511
-1.9468
-1.8233
-1.6861
-1.5951
-1.3856
-1.3669
-1.2680
-1.1994
-1.0456
-0.4356
-0.7471
-0.5510
-0.8152
-0.7722
-0.7850
-0.3675
-0.5913
-0.8054
-0.5505
-0.8577
-0.8724
-1.0322
-0.9428
-0.5148
-1.0932
-1.1408
-0.4761
-0.8648
-0.0175
-0.2135
-0.5727
-0.3183
-0.4281
-0.7319
-0.4786
-0.1463
-0.5743
-0.5230
-0.1214
-0.7547
0.2047
-0.5654
-0.3462
-0.0467
0.0848
-0.0143
-0.2880
-0.1070
-0.1423
-0.2197
-0.2319
-0.1955
-0.6416
-0.5962
-0.3890
-0.2545
-0.0533
0.4331
0.2541
0.3533
0.3939
0.6412
0.7729
0.3829
0.5121
0.1996
0.4209
0.7732
0.7002
0.6551
0.6334
0.1867
0.1037
0.3513
0.3611
0.5713
0.2743
0.4705
0.2687
0.4245
0.0840
0.2327
0.1874
0.3080
0.4652
0.4685
0.7344
0.3332
0.2424
0.0336
0.5134
0.2199
0.7162
0.1320
0.5558
0.2453
0.5909
0.5763
0.0194
0.4508
-0.0174
0.7174
0.5143
0.9157
0.7115
0.9323
0.7822
1.1201
0.9295
0.5441
0.6982
0.6818
0.4687
0.7148
0.3223
0.6318
0.0187
0.3398
0.5922
0.2828
0.2465
0.5672
0.4895
-0.1441
0.0949
-0.6068
-0.5880
-0.7376
-0.9116
-0.4984
-0.6304
-0.5917
-0.8596
-1.0111
-0.8719
-0.7767
-0.8774
-0.7713
-1.0835
-0.9606
-0.7204
-0.6991
-1.0039
-1.0234
-1.0722
-0.5852
-0.9296
-0.6705
-0.8459
-1.0155
-1.1376
-1.2664
-1.1847
-1.1324
-1.4814
-1.3969
-1.5366
-1.5616
-1.4798
-1.6850
-1.7321
-1.6847
-1.8040
-1.7973
-1.8214
-1.6148
-0.9035
-1.4255
-1.5462
-1.5972
-1.4547
-1.5365
-1.4680
-1.4929
-1.2771
-1.6745
-1.2029
-1.3495
-1.0248
-0.8108
-0.6865
-1.1419
-0.8084
-0.1590
-0.4452
-0.6566
-0.8909
-0.3682
-0.6703
-0.3111
-0.5196
-0.3169
0.0233
0.1537
1.2518
0.7769
0.9853
0.6318
0.6887
0.8419
0.8712
1.3962
1.1951
1.3067
1.2188
2.1120
1.2602
0.9419
1.0324
1.4223
1.4752
1.1812
1.2076
1.2186
1.4010
1.3074
0.4832
0.9042
0.6366
0.8992
0.3997
0.6410
-0.3109
-0.1358
-0.2615
0.2274
-0.1820
-0.3003
0.4028
0.7257
0.4801
0.4110
0.5343
0.2196
1.2920
0.6672
0.9474
0.9236
1.1764
0.4900
0.7527
0.7641
0.7400
0.4372
0.3089
0.2983
0.6710
0.6421
0.6779
0.7637
0.6738
0.7070
0.7588
0.6718
0.7687
0.6472
0.7906
0.8089
0.7418
1.2231
1.1951
0.6976
0.6053
0.6290
1.1215
0.7971
1.2840
0.8133
0.8842
0.6653
1.1531
0.9040
0.4790
0.4477
0.3079
0.1863
0.2699
0.7942
0.1731
0.1877
0.1074
0.0824
0.1043
0.2617
0.4436
0.1619
0.2584
0.1438
0.1505
0.4442
0.0519
-0.4726
-0.7531
-0.7866
-1.0790
-1.1402
-1.0084
-1.1069
-1.0903
-1.1113
-1.0532
-1.2788
-1.3309
-1.4659
-1.6541
-1.5399
-1.7714
-1.8328
-1.6973
-1.8761
-1.8834
-1.9585
-1.8090
-1.8830
-2.0293
-2.0845
-2.0323
-2.0854
-2.1290
-2.2258
-2.3337
-2.2534
-2.3587
-2.2779
-1.6817
-1.9590
-1.3817
-1.4681
-1.5242
-1.2375
-1.2316
-0.9761
-0.8204
-0.9425
-0.8194
-1.0237
-0.8152
-0.4402
-0.5287
0.0729
-0.2666
0.4071
0.1611
0.1602
0.0012
0.1205
-0.3834
-0.5818
-0.5038
-0.7696
-0.7013
-0.5975
0.1276
-0.2368
-0.1380
-0.1659
-0.2924
-0.7892
-0.9998
-0.6813
-0.9885
-0.5578
-0.5762
-0.3880
0.1011
0.7353
0.5320
1.0768
0.8402
0.5814
0.8388
0.6357
0.5452
1.2205
1.1017
1.7887
1.1508
1.1436
1.4215
1.0371
0.9734
0.6944
0.7616
1.0534
1.0356
0.9521
0.5107
0.7715
-0.1366
-0.4018
-0.3898
0.1389
-0.6579
-0.4115
-0.5537
-0.4604
-0.7897
-0.6763
-0.6212
-0.8085
-0.9726
-0.8184
-1.2317
-1.3771
-1.2012
-1.2554
-1.1045
-1.6141
-1.7068
-1.7418
-1.7721
-1.7350
-1.6056
-1.6395
-1.5406
-1.6915
-1.7337
-1.8029
-1.8459
-1.8466
-1.8220
-1.5826
-1.6439
-1.4439
-1.5307
-1.5323
-1.4297
-1.3312
-1.1819
-1.1366
-1.0521
-1.1461
-1.1976
-1.2044
-1.2916
-1.2334
-1.2293
-0.8784
-0.7697
-0.5131
-0.1526
0.1907
-0.3143
0.4140
0.0154
0.5472
0.5692
1.4866
0.5405
0.8409
0.5349
2.0374
1.6780
3.2580
2.5154
2.8383
2.6413
2.4883
3.4246
2.7043
2.7519
3.5059
3.4321
3.5531
3.6622
3.1459
2.6273
2.6779
2.3270
1.7274
2.1419
1.1747
1.6026
1.5549
1.4827
1.6290
1.5780
1.8053
2.3950
2.6656
2.7225
2.8718
3.3078
3.1456
4.0829
4.2342
5.0502
5.3293
4.9992
5.1602
5.0407
5.1886
4.9535
4.8028
4.6113
4.6542
4.8949
4.6482
3.9256
3.4011
3.3934
2.8546
2.6238
2.4603
2.1721
1.5906
1.3195
0.9629
0.6908
0.6247
0.2313
0.0310
-0.0931
-0.1768
-0.2817
-0.2208
-0.3212
-0.2537
-0.3523
-0.4090
-0.5615
-0.7324
-0.9105
-1.0701
-1.1848
-1.2012
-1.2992
-1.0194
-1.1398
-0.9674
-1.2196
-1.0512
-1.0882
-1.0323
-1.0617
-1.1426
-1.0356
-1.3958
-1.4849
-1.5324
-1.5281
-1.4556
-1.4301
-1.3546
-1.2688
-1.1474
-1.0798
-1.1718
-1.2475
-1.3993
-1.2641
-1.3496
-1.1799
-1.1856
-1.3334
-1.4366
-1.3835
-1.1797
-1.2189
-1.0868
-1.0044
-1.2201
-1.3096
-1.5160
-1.7025
-1.6900
-1.6970
-1.2896
-1.5012
-1.3523
-1.6560
-1.6197
-1.6897
-2.0210
-1.7723
-1.6256
-1.3230
-1.4341
-1.3790
-1.1942
-0.7849
-1.8956
-1.3462
-1.9522
-1.8046
-1.0514
-1.0122
-0.8844
-1.0559
-0.7834
-0.5417
-0.4711
0.3086
-0.4145
-0.5997
-0.5468
-1.0270
-0.5552
-0.6424
-0.6471
-0.6152
0.0338
-0.7246
0.1284
-0.9348
-0.1287
-0.8473
-0.7372
-1.1549
-0.7455
-0.5663
-0.7493
-1.5263
-1.2543
-1.1972
-1.0305
-1.2606
-0.9091
-0.6890
-0.3764
-0.4525
-0.6633
-0.7689
-0.8342
-0.6734
-0.7025
-0.8364
-0.9050
-0.6679
-0.7452
-0.4794
-0.0501
-0.3998
-0.2041
-0.2345
-0.5068
-0.1609
-0.2591
0.4519
-0.2839
0.0962
0.5037
0.2513
0.6531
0.8242
0.8954
0.9928
1.6746
1.4759
1.7055
1.5780
1.3653
0.9646
1.3381
0.8523
1.7695
2.0615
2.0121
1.4016
1.4472
2.1270
2.1862
2.2092
2.8316
2.6039
2.9458
2.4964
2.5935
2.8760
2.5772
3.0946
2.4608
2.6136
2.0434
1.8258
2.1607
1.5481
1.4209
1.0485
0.7236
0.7161
0.4809
1.1151
0.4687
0.5303
0.5805
0.1912
-0.1235
-0.0212
-0.0718
-0.0410
-0.2798
-0.4941
0.2196
-0.1305
-0.1857
-0.2244
0.0614
-0.4791
-0.8207
-0.3838
-0.7200
-0.9836
-0.4609
-0.8073
-0.8616
-0.5035
-0.7907
-0.9751
-0.8308
-0.8665
-0.8965
-1.0440
-0.7472
-0.6107
-0.5868
-0.3011
-0.5416
-0.5624
-0.7941
-0.6590
-0.0670
-0.1996
-0.0667
0.1894
0.3769
1.0237
0.9407
1.0350
0.9139
0.8902
0.9213
1.0395
0.8315
1.3103
1.0021
0.7098
1.1262
0.8237
1.0597
0.8538
0.8051
1.0302
0.8789
1.0117
0.5772
0.5789
0.3966
0.6942
0.4756
0.3174
0.4929
0.3359
0.2845
0.1183
-0.1508
-0.2126
-0.3023
0.1217
-0.1322
-0.0012
-0.2430
-0.3259
-0.0012
-0.2167
-0.7071
-0.9463
-0.7944
-1.4774
-1.4034
-1.5100
-1.3172
-1.3872
-1.3438
-1.3033
-1.4276
-1.1817
-1.4127
-1.5767
-1.2903
-1.1013
-1.4323
-1.3477
-1.2540
-1.1186
-1.5528
-1.5096
-1.3605
-1.2078
-1.2098
-1.2352
-1.2901
-1.3212
-1.1461
-1.4079
-1.6817
-1.9332
-2.0254
-2.0539
-2.0885
-2.0619
-2.0090
-1.9446
-1.5958
-1.7025
-1.5289
-1.8064
-1.7805
-2.0260
-2.2093
-2.2890
-2.4448
-2.4934
-2.4886
-2.6026
-2.6541
-2.6760
-2.7475
-2.6894
-2.6822
-2.6138
-2.4234
-2.3527
-1.9716
-2.1562
-2.0730
-1.8942
-1.7123
-1.9808
-2.0415
-1.4472
-1.9712
-1.8042
-1.6934
-1.3633
-1.7830
-1.5688
-1.8403
-1.9586
-1.7158
-1.6060
-1.1334
-1.4310
-0.0862
-1.1847
-0.3563
-0.4625
-0.2814
-0.7317
-0.2581
-1.1442
-0.5296
-0.4572
0.6166
0.2464
-0.0680
0.9873
0.3521
0.7701
0.6277
0.1939
0.3932
1.3154
1.0848
0.7137
1.0586
0.8549
1.9678
1.2058
1.5280
1.3887
1.2591
1.2652
1.4766
1.5469
1.8117
1.5755
1.4870
1.0884
1.0375
0.9420
1.4267
1.4414
1.9724
2.2130
2.3424
2.5336
2.4261
2.5122
2.7812
2.8003
3.3019
3.1845
3.2815
3.4721
3.5606
3.7558
3.4690
4.0437
3.1410
3.5478
3.1475
3.4387
3.3999
3.3409
3.2615
2.8336
2.8130
2.4255
3.0384
2.7213
2.0922
2.0129
2.1059
1.7195
2.1361
1.4540
1.1198
1.0288
0.9599
0.4946
0.4737
-0.1133
-0.2923
-0.5318
-0.5399
-0.6351
-0.5825
-0.7157
-0.6917
-0.2868
0.4005
-0.5467
-0.4779
-0.7396
-0.4293
-0.5669
-0.7723
-0.3261
-0.7988
-0.9077
-0.9218
-0.2874
-0.6444
-0.0484
-0.6504
-0.5541
-0.8829
-0.8399
-0.5048
-0.8982
-0.7589
-0.6293
-0.4230
-0.1487
-0.2167
0.0577
-0.6064
-0.4433
-0.2988
-0.3731
-0.7468
-0.5173
-1.1936
-1.3533
-1.4750
-1.4904
-1.2697
-1.4519
-1.3838
-1.1035
-1.5934
-1.5037
-1.2374
-1.5869
-1.1529
-1.0610
-1.5161
-1.0248
-1.3567
-0.9990
-0.9810
-0.7421
-1.0771
-1.0033
-1.2557
-1.3989
-1.2054
-0.8174
-0.5840
-0.6334
-0.4896
-0.3991
-0.3156
-0.3423
-0.2507
-0.4637
-0.3574
-0.5373
-0.4261
-0.6522
-0.4814
-0.5213
-0.3143
-0.4892
-0.3150
-0.4070
-0.3810
-0.3012
-0.6248
-0.6310
-0.8049
-0.7302
-0.6435
-0.6576
-0.8492
-0.0757
-0.4818
-0.3314
-0.6564
-0.4678
-0.9419
-0.7877
-0.8888
-0.3445
-0.6709
-0.7964
-0.2393
-0.5420
0.0402
-0.2845
0.8987
-0.3878
-0.6570
-0.7031
-0.5728
-0.5906
-0.4386
-0.7294
-0.3621
0.0628
0.0874
0.2896
0.3836
0.7319
0.2511
0.1283
0.4155
0.4714
0.6986
0.9115
1.3357
2.0232
2.0036
2.2809
1.7772
2.5100
2.9509
2.6376
3.3837
3.4630
3.5419
3.7287
4.2158
4.0979
3.8605
4.4014
2.7764
3.6640
2.4703
2.2695
3.0660
2.4878
3.0246
3.1035
2.7928
1.9290
2.0121
1.5186
1.0264
1.2651
1.2598
1.1235
1.0277
1.1071
1.1643
1.2470
1.0180
0.7114
1.5218
1.2600
1.2428
1.8233
1.4025
1.8899
1.2596
1.4216
1.8576
2.0925
2.3896
2.4499
2.4999
2.6856
2.6271
2.6181
3.1870
2.8083
2.5737
2.3254
2.0219
2.3152
1.9749
2.5794
2.0251
1.8233
1.6379
1.7215
1.9540
1.5384
1.5746
1.6531
1.8909
1.6554
1.9231
1.5358
1.5760
1.6449
1.9657
1.8191
2.0374
2.2203
1.8033
1.8343
2.4481
3.2513
3.3802
3.1744
3.0266
2.8208
2.8700
2.5999
2.4927
2.3887
2.4835
2.3589
2.6175
2.0021
2.2210
1.8721
1.8113
2.3958
1.4944
1.4211
1.4311
1.8164
1.3518
1.1180
0.8002
1.1718
0.4963
0.8104
0.7706
0.6297
0.5086
0.2809
0.1869
0.1885
0.0712
-0.2866
-0.3835
-0.4964
-0.5492
-0.5704
-0.5649
-0.3281
-0.4906
-0.4221
-0.4116
-0.3851
-0.4346
-0.4602
-0.3952
-0.4523
-0.4107
-0.4684
-0.5743
-0.6366
-0.8196
-0.6884
-0.9975
-1.0426
-1.2190
-1.3241
-1.5327
-1.6732
-1.8363
-1.9732
-2.0551
-2.0833
-2.1436
-2.2016
-2.2055
-2.3270
-2.3096
-2.4490
-2.4984
-2.5313
-2.5349
-2.5856
-2.3761
-2.6228
-2.7037
-2.7361
-2.8507
-2.6526
-2.8089
-2.8508
-2.8192
-2.8670
-2.8418
-2.6889
-2.6549
-2.5827
-2.6544
-2.7067
-2.8496
-2.9388
-2.6793
-2.9111
-3.1279
-3.1090
-3.0882
-2.5429
-2.9733
-2.8721
-2.9931
-2.8895
-3.0075
-2.9454
-3.0665
-3.0161
-2.9627
-2.7776
-2.9596
-3.0286
-3.0601
-3.0755
-2.8386
-2.6371
-2.2831
-2.8225
-2.6747
-2.2603
-2.5720
-2.6474
-2.5783
-2.2329
-2.2810
