1.4423
1.6958
1.2328
1.4097
1.0531
1.0409
1.1885
1.4153
1.1897
1.2936
1.0519
0.7296
1.0834
1.2462
0.5166
0.6721
0.6141
0.7857
0.6223
1.1294
0.4457
0.7916
0.3940
0.4029
0.7195
0.7709
0.5913
0.4561
1.0074
0.4125
0.7364
0.6656
0.6508
0.0705
0.8185
0.0701
0.4232
0.5807
0.8171
0.5571
0.2350
0.8439
0.9010
1.4570
1.1235
1.4817
1.1557
1.6033
0.8570
1.3607
0.9773
1.4830
0.7238
1.1296
0.9450
0.6887
0.8922
0.2935
0.2133
-0.4087
-0.7880
-0.7477
-0.8713
-1.2221
-1.9571
-1.7692
-2.3582
-2.3515
-2.6796
-2.4517
-2.2034
-2.4339
-1.9419
-3.1292
-3.3757
-3.5932
-2.3455
-3.6646
-3.7317
-3.7459
-4.0413
-4.1273
-3.9476
-4.1096
-3.9619
-3.9682
-4.2423
-4.2978
-4.5618
-4.6641
-4.6534
-4.4425
-4.5497
-4.3486
-4.5099
-4.2692
-3.9008
-3.6238
-3.3438
-3.3730
-3.1686
-3.2392
-3.2000
-2.8779
-3.1585
-2.2623
-3.1347
-3.0174
-2.9663
-2.8692
-2.2239
-2.9005
-3.1800
-3.3385
-3.1331
-3.4512
-2.7973
-3.1972
-3.3968
-3.5239
-3.7796
-3.3460
-3.4430
-3.6368
-3.6166
-3.5509
-3.1691
-3.5228
-2.9847
-3.8038
-2.9539
-2.9311
-3.1647
-2.2842
-2.4112
-2.4988
-2.2451
-1.7809
-1.7864
-1.7789
-1.6411
-1.7104
-1.1275
-1.1924
-0.9103
-0.6474
-1.0617
0.3407
-0.6193
-0.5143
-0.3386
0.2710
0.1861
0.1722
0.4371
0.4194
0.2063
0.3171
-0.0820
-0.1214
-0.2973
1.0155
-0.2347
-0.2991
-0.2883
-0.5513
-0.3367
-0.3831
-0.3004
-0.0828
0.2322
0.0942
0.7133
0.2593
0.3228
0.3520
0.6005
0.3927
0.7068
0.4203
0.4506
0.3088
0.7138
0.2430
0.9556
0.0190
0.7876
-0.4631
0.2974
0.5588
0.4905
0.0287
-0.1373
-0.3015
-0.1901
-0.5093
-0.3573
-0.2233
-0.0836
-0.1811
-0.1990
-0.1024
-0.0137
0.6470
0.6641
0.5030
0.2282
0.3939
0.2455
0.0514
0.1110
0.7358
0.9325
1.6853
1.6907
2.1412
1.9876
1.9919
2.5066
2.6679
3.7510
3.8465
4.5685
4.4750
5.0299
4.5457
4.8664
4.9947
4.9465
5.3472
5.9893
6.2586
5.9748
5.8678
5.8573
6.4030
6.3500
6.3779
6.2329
6.5393
6.4286
5.7694
5.9475
5.1547
5.6191
5.6737
5.1535
5.4225
4.6007
5.1590
4.6604
4.0254
3.5428
3.2111
3.1405
3.0652
2.6012
2.6912
2.3571
2.4373
2.3754
2.3104
2.3988
2.9199
2.8183
2.5926
2.5547
2.5769
2.3342
2.5308
2.3899
2.2685
1.9958
1.8340
1.6272
1.8437
2.0985
1.7702
1.7773
1.7446
1.6845
1.8442
1.9608
1.9240
1.9807
2.0564
2.0179
2.3310
2.2958
2.2905
2.1661
2.3691
2.6387
3.1661
3.2986
3.7791
4.3032
4.2175
4.1253
4.5005
5.1699
5.6818
5.7632
6.7789
6.1281
6.3684
6.3103
6.8112
7.0128
7.0225
7.2713
7.4207
7.6320
7.6406
7.6370
8.0434
7.5771
7.7340
8.1769
7.9084
7.7156
7.7280
7.5829
7.9653
8.3009
8.0904
8.9404
7.8722
7.4440
7.5477
7.0354
6.8889
7.0201
6.8776
7.0538
6.7721
6.7964
6.5169
6.9291
6.8406
7.0516
7.1302
7.3229
7.8432
8.0252
7.9177
8.0151
7.9039
7.8523
7.8089
7.6397
7.7072
8.2127
8.0688
8.0886
7.9386
7.5191
7.3368
6.7998
6.4390
6.1844
6.3059
5.9185
6.0044
5.6592
5.6876
5.4183
5.2833
5.1645
5.5580
4.8711
4.8042
4.7749
4.6116
4.6095
4.5555
4.3228
4.1111
4.4502
4.7824
4.2072
4.3129
4.4293
4.1993
4.2823
3.8434
3.8455
3.6940
3.4777
3.3809
3.0329
2.6668
2.2593
2.3834
1.9258
1.8167
1.7200
1.4441
1.1193
1.0663
0.8163
0.8600
0.7399
0.5165
0.6445
0.7818
0.7958
0.9424
0.6970
0.0407
0.1632
0.2742
-0.5650
-0.4122
-0.4475
-0.2881
-0.3125
-0.6284
-1.1394
-1.6910
-2.0483
-1.8182
-2.5587
-2.7731
-3.4809
-3.8960
-3.8404
-4.1688
-4.0074
-4.6245
-4.6121
-4.8447
-5.3062
-5.6193
-5.8781
-5.7761
-6.3608
-6.2582
-6.8292
-6.4793
-6.6052
-6.7122
-7.0073
-7.3841
-7.4816
-7.4470
-7.5484
-7.2462
-6.8168
-6.5063
-6.3878
-6.6053
-6.7613
-6.7981
-6.7657
-6.2748
-6.5947
-6.0421
-5.5608
-5.1786
-5.2089
-5.2452
-4.7716
-4.8630
-4.6658
-4.2228
-3.9604
-3.7425
-3.5452
-3.4128
-3.0943
-3.0926
-2.9977
-2.8922
-2.4240
-1.9262
-1.8939
-2.1556
-1.9000
-2.0060
-1.7201
-1.6772
-1.8631
-1.5942
-1.5662
-1.5970
-1.6818
-1.4645
-1.5042
-1.3988
-1.1774
-1.1585
-0.6471
-0.4818
-0.0757
-0.1205
0.5855
0.7077
1.1610
1.1617
1.4415
1.4846
1.7358
1.8369
1.2876
1.9145
1.4690
1.9192
2.2002
2.5788
1.9075
2.2887
2.1764
2.4139
2.3521
2.6241
3.1076
2.8776
3.2515
3.5302
3.7874
4.0462
4.2206
4.5103
4.5069
4.3201
4.3837
4.6734
4.5149
4.1574
4.3823
4.1318
4.2939
4.1905
4.2443
4.0244
4.1868
4.4344
4.4272
3.8921
3.3718
3.4205
2.8733
3.3863
2.7654
2.9959
2.2860
2.4550
2.5077
2.1476
1.3762
1.3083
1.2469
1.0677
1.5256
0.8111
0.3069
0.6102
0.2680
-0.2912
-0.4612
-0.7374
-1.3439
-1.3637
-1.0670
-1.8241
-2.3856
-2.6092
-2.7967
-3.1330
-3.0536
-3.7188
-3.7905
-4.3834
-4.3855
-4.4269
-4.5133
-4.3971
-4.9917
-5.3463
-5.6445
-5.6143
-5.5371
-5.9773
-5.9742
-5.9097
-6.0192
-6.0870
-5.8490
-6.0767
-6.3641
-6.4221
-6.4092
-6.4813
-6.1601
-6.5246
-6.3443
-6.5815
-6.7325
-6.8361
-6.8218
-7.1510
-7.0167
-7.3735
-7.5386
-7.2536
-7.4492
-7.5000
-7.2246
-7.5478
-7.4964
-7.4074
-7.3195
-7.1754
-7.5509
-7.1716
-7.3119
-7.0612
-7.2954
-7.4201
-7.4556
-7.4441
-6.9708
-7.2597
-7.0256
-6.4042
-7.1402
-6.6792
-7.0029
-7.0692
-7.1229
-6.9060
-7.1902
-7.0973
-7.2527
-7.4659
-7.5981
-7.1618
-7.5093
-7.5093
-7.3160
-7.2170
-6.9759
-7.1716
-6.6181
-6.0963
-6.5093
-5.7824
-6.0017
-6.1318
-5.7315
-5.7326
-5.7279
-5.3586
-5.6653
-5.9145
-5.9141
-5.9920
-5.7208
-5.9483
-5.5574
-5.4689
-5.1345
-5.0698
-5.2833
-5.5022
-5.7468
-5.2265
-5.2946
-5.0255
-4.9530
-4.7422
-4.9416
-5.0347
-4.8673
-5.0052
-4.6380
-4.7767
-4.6289
-4.6363
-4.3422
-4.3877
-4.1214
-3.7957
-3.3619
-3.1786
-2.9288
-3.0544
-2.9951
-2.6513
-2.5536
-2.6418
-2.2240
-2.4717
-2.4019
-2.1413
-2.0156
-1.5053
-1.0899
-1.2119
-1.0963
-0.9819
-0.7258
-0.6988
-0.7799
-0.8479
-0.5547
-0.8617
-0.8157
-0.8214
-0.6437
-0.3607
-0.3976
0.0003
0.1775
0.3706
0.4147
0.4858
0.8553
1.4198
1.2963
1.8374
1.7625
1.7089
2.2098
2.2360
2.4812
3.6998
3.2203
3.6704
3.7226
4.0698
5.0055
4.7344
4.8090
5.7341
6.1621
6.5065
6.0911
7.3903
7.4750
8.7627
8.6939
8.7965
9.0077
9.0743
9.1859
9.1191
9.2318
9.1248
8.8545
9.3020
8.7762
9.1449
9.4133
9.3190
9.5837
9.2288
9.0932
8.7533
9.1689
9.0807
9.6105
9.0711
9.7800
9.7915
10.7310
9.9433
10.3916
10.2085
10.4016
10.0965
10.3129
10.5136
10.4419
10.7024
10.5934
10.9167
11.3282
11.3019
11.7939
11.2614
11.3867
12.0654
11.5320
12.1601
11.7206
11.8354
11.8702
11.7241
11.8895
12.0666
12.2065
11.9915
11.7841
11.6902
12.3791
12.1113
11.7878
11.6227
11.6265
11.2330
10.7968
10.7951
10.2993
10.7012
9.7744
9.3880
9.3256
8.9707
8.6746
8.1511
8.0455
7.9068
7.5991
7.9001
7.5496
7.5751
7.3571
6.8905
6.9142
6.5056
6.3062
6.2230
5.9584
5.6765
5.3684
5.6210
5.0409
4.7529
4.1092
4.0371
3.5223
3.2927
3.4938
3.1155
2.9558
2.7063
2.9374
2.9162
2.8631
2.7758
2.4002
2.1645
2.3967
2.2496
1.9792
2.0240
2.3465
2.1618
2.1271
2.0085
1.9938
1.5473
1.9477
1.6752
2.2172
1.5120
1.6181
1.8656
1.4788
1.7995
2.1094
1.8305
1.7606
2.0579
1.4944
1.5978
1.5210
1.3265
1.2334
1.3510
0.9939
0.8429
0.9724
1.1981
1.1007
1.1589
1.1238
1.5407
1.1824
0.8464
1.1033
0.8761
1.0813
1.0545
1.3835
1.8766
1.4139
1.3241
1.2382
1.2320
1.1364
1.3913
0.6650
0.7153
0.4951
0.1772
0.1234
-0.3491
-0.2709
-0.6690
-0.8640
-1.0276
-1.1272
-1.1927
-1.1707
-1.4994
-1.5934
-1.7562
-1.9267
-1.8925
-1.8192
-1.9249
-1.6031
-1.9715
-1.6593
-1.9654
-2.1681
-2.2147
-2.2717
-2.5031
-2.3529
-2.7211
-2.6075
-2.3500
-2.3081
-2.3386
-1.8002
-2.1826
-1.6687
-2.1185
-1.9552
-1.9114
-1.7980
-1.4377
-1.9518
-1.5393
-0.9802
-0.7348
-0.4961
-0.7361
0.0847
-0.0480
0.0276
0.5284
0.5741
0.4090
0.5192
0.4758
0.4827
0.6151
1.0272
0.6862
1.1053
1.0009
1.6063
1.0280
1.0337
0.9737
1.1317
1.1032
1.0125
1.0283
0.9945
0.9637
1.0675
1.2990
1.3999
1.3799
1.3066
1.3109
1.2190
1.2330
1.0708
0.8937
0.9747
0.4025
0.8690
0.5001
0.3791
0.3231
-0.0636
-0.0265
-0.1080
-0.1984
-0.0244
-0.6027
-0.4460
-0.5789
-0.6452
-0.5845
-1.1863
-1.2807
-1.2475
-1.2259
-1.8562
-1.8834
-2.2743
-2.4029
-2.4478
-2.3651
-2.5453
-2.7396
-2.8576
-3.0401
-3.6445
-3.3244
-3.8775
-3.8072
-4.1334
-4.1990
-4.2769
-4.4895
-4.8626
-5.0212
-4.5918
-4.5387
-4.3704
-4.3492
-4.0611
-4.2177
-4.2109
-4.3991
-4.6919
-4.7259
-4.4504
-4.0858
-4.5026
-4.4084
-4.5902
-5.1471
-4.7961
-5.6248
-5.8307
-5.6346
-6.0568
-5.6994
-5.7409
-6.1405
-5.6597
-5.3421
-5.8895
-5.8035
-6.0027
-6.5337
-6.6512
-6.7050
-7.2204
-7.2935
-7.4372
-7.4216
-7.2317
-7.4420
-7.2497
-6.7902
-7.2017
-6.9133
-6.8515
-6.4514
-6.8526
-6.5506
-6.0490
-6.2771
-6.7552
-6.5842
-6.3467
-6.3660
-6.9018
-6.7826
-7.0441
-6.9826
-6.7713
-6.8439
-6.8435
-6.3663
-6.6150
-7.3743
-7.3376
-7.3084
-7.2266
-7.0819
-6.6659
-6.2960
-6.3691
-5.0550
-5.5627
-5.2486
-4.9027
-3.6434
-3.7896
-3.0024
-2.4574
-2.1719
-2.0033
-2.2468
-2.5754
-1.8616
-2.3305
-2.0208
-2.0120
-1.7582
-1.2140
-1.5002
-1.7919
-1.1024
-1.7588
-2.1223
-2.0159
-2.7438
-2.7569
-3.7065
-4.1083
-4.6215
-4.7490
-4.4824
-4.9822
-5.0110
-4.6699
-4.8160
-5.0042
-5.1132
-5.5939
-5.7266
-6.1271
-6.2761
-6.6521
-6.8067
-6.8652
-7.0256
-6.6814
-7.1187
-7.3072
-7.3109
-7.1693
-7.1163
-7.0097
-6.8624
-6.8232
-6.6943
-6.9544
-6.7159
-6.6159
-6.7642
-6.2044
-6.1613
-6.1755
-6.0871
-6.0836
-6.0197
-6.3186
-6.3402
-6.4019
-5.8606
-5.7030
-5.5218
-5.4135
-5.9318
-6.1613
-5.9422
-5.7613
-5.4671
-5.1837
-4.7375
-4.8105
-4.4347
-4.2409
-3.0934
-4.1090
-4.0447
-3.4614
-3.6049
-2.7729
-3.5131
-2.9415
-2.9089
-3.0454
-2.9420
-2.6452
-2.9057
-2.6264
-1.7993
-2.5237
-2.3648
-1.7742
-2.0835
-1.7195
-1.6625
-0.7561
-0.5740
-0.5087
-0.1047
0.1457
0.6608
0.8951
1.6010
1.4895
1.6129
2.0170
2.1258
2.5858
3.2316
2.5997
3.0640
3.0117
3.3377
4.4100
3.7459
4.3715
3.9683
4.3116
4.4672
4.5569
4.5995
3.8789
4.0231
4.2380
4.6252
4.8023
4.9054
5.0107
5.2032
4.9748
4.9368
4.6449
4.5093
4.6589
4.5824
4.8162
4.4226
4.7605
5.0176
4.7959
4.9053
4.6382
4.7310
4.4688
4.1623
4.1680
4.2375
4.2733
4.1851
4.5174
4.7135
4.5778
5.0829
4.4022
4.5081
3.9463
4.2579
3.8922
4.0754
3.7532
3.5397
3.4114
3.4947
3.9379
3.9322
3.9483
3.9745
4.3361
3.7853
3.6941
3.7730
4.0227
3.9951
4.0715
4.2277
4.6532
4.8619
4.6300
4.1364
4.5172
4.2979
4.2785
4.6265
4.6364
4.8707
4.8151
4.6964
4.9225
4.4184
5.2558
4.9147
5.0046
4.9925
4.5342
5.1328
5.2584
5.0484
4.5923
5.6009
4.7889
5.7521
6.1825
5.8023
6.4781
6.8929
7.2845
7.3102
6.2291
6.5774
6.0787
5.9804
6.1524
7.1332
6.8074
6.2479
6.6978
6.4255
6.3901
6.3002
6.6678
6.6400
6.5567
6.1666
6.3904
6.2809
6.3271
6.0771
6.0545
6.2103
5.7670
5.7852
6.2875
6.3934
6.6693
6.3272
6.5017
6.2328
5.9541
5.7070
5.8065
6.2361
5.8169
6.3938
6.1949
6.2108
6.2839
6.3913
5.9669
6.7178
6.2969
6.1826
6.1567
6.1027
6.4195
6.2504
6.5452
6.4908
6.5078
6.5751
6.6738
6.7800
6.6104
7.0350
7.2275
7.2054
7.6114
7.4195
7.3511
7.6461
8.1792
8.0250
8.0775
7.6947
7.7817
7.1994
7.4496
7.0904
7.4451
6.6321
6.7755
6.8111
6.8644
6.7007
6.3822
6.0320
6.0847
5.6436
5.9013
5.9210
5.7317
5.4638
5.8089
5.4559
5.3853
5.4662
5.3016
5.0892
5.1022
5.4830
5.6301
5.5531
5.8865
5.6502
5.9627
5.8710
5.6184
5.6749
5.6576
5.7622
5.6643
5.7066
5.3690
5.1678
4.7536
4.5481
4.5044
3.9992
3.8608
3.2903
2.9361
2.5537
2.2677
1.8825
1.5528
1.2274
1.1246
0.6139
0.5934
-0.0415
-0.3278
-0.7244
-0.4020
-1.1971
-1.4802
-1.5882
-1.9077
-2.0424
-2.4106
-2.7429
-3.0715
-3.4226
-3.4582
-3.9903
-4.2229
-4.2503
-4.5433
-4.7211
-5.2568
-5.3445
-5.5822
-5.4666
-5.8090
-6.0120
-6.1666
-6.4020
-6.5675
-6.5690
-6.7569
-6.7924
-6.9965
-7.0441
-7.1383
-7.0988
-7.1836
-6.7693
-7.2183
-7.2601
-7.2353
-7.2973
-7.2948
-7.3632
-7.3780
-7.4728
-7.5207
-7.4215
-7.4915
-7.4094
-7.1222
-7.0336
-7.2231
-7.3884
-7.5624
-7.5861
-7.1842
-6.1162
-6.9687
-7.0311
-7.0747
-7.2781
-6.4345
-6.4916
-6.2187
-6.5411
-6.9152
-6.5563
-6.3097
-6.6602
-6.6147
-6.8155
-7.1063
-7.2273
-7.2399
-6.9872
-7.2086
-6.8385
-6.6199
-6.3678
-6.5779
-6.2831
-6.5303
-6.5568
-6.5890
-6.4615
-6.7595
-6.8822
-6.6983
-6.3822
-6.2840
-6.0511
-5.8248
-5.8626
-5.9249
-5.5783
-5.7570
-6.0314
-6.2674
-6.2225
-5.6882
-5.9214
-5.5904
-5.3590
-5.4473
-5.5549
-5.7424
-5.9928
-5.3339
-5.4834
-5.2072
-5.1959
-5.0967
-5.2787
-5.0445
-4.7062
-4.0888
-4.6485
-4.8050
-4.5197
-4.6206
-4.7035
-5.2918
-5.7411
-5.6540
-5.8838
-5.5684
-5.0744
-4.7613
-4.5688
-4.9040
-4.6920
-4.4896
-4.7785
-5.1386
-5.1475
-5.4601
-5.5943
-5.4975
-5.2389
-5.3942
-5.2454
-5.2332
-5.1139
-4.6698
-4.9440
-4.9713
-5.0883
-4.7320
-5.0519
-4.9296
-4.7413
-4.5127
-4.3823
-4.1568
-3.8882
-3.8549
-3.9150
-3.8411
-3.3619
-3.0507
-2.7743
-2.6369
-2.2438
-2.4587
-2.5983
-2.1938
-2.3740
-1.9728
-2.3297
-2.4079
-2.5007
-2.3206
-2.2479
-2.6927
-2.3698
-2.6529
-2.2971
-2.0638
-2.0567
-1.7259
-2.0994
-1.5571
-2.1746
-2.0070
-1.9252
-2.1566
-2.2239
-2.1506
-1.9477
-2.1196
-1.7276
-1.2401
-0.9670
-1.2126
-0.8522
-0.7570
0.0817
0.3602
0.5348
1.0488
1.1474
1.3849
2.0664
2.3952
2.7476
2.8967
3.1736
3.8723
3.7472
4.1444
4.4604
5.2814
6.0223
5.5899
5.6436
6.4751
6.6706
7.0218
7.4623
7.8619
8.0685
8.6152
8.8774
9.1497
9.3949
9.1976
9.9939
9.4680
9.8024
9.1617
9.1292
8.8103
8.9217
9.0365
8.6853
8.5469
7.8965
7.7985
7.7534
7.1162
6.8210
6.3526
6.3688
5.5075
5.5945
5.3605
4.6690
4.6814
4.7472
4.2890
3.8561
3.9127
3.9194
3.5779
3.5012
3.3708
2.8196
2.8315
2.0947
1.9150
2.1687
2.0209
1.7893
1.5476
1.4354
1.2028
1.3176
1.5877
0.8731
0.9775
0.7929
0.4637
0.4291
0.2851
0.0770
0.1765
-0.4374
-0.3256
-0.6472
-0.6236
-0.9142
-1.0321
-1.4439
-1.2614
-1.8886
-1.9802
-2.2205
-1.9442
-2.0957
-2.3835
-2.0995
-2.4369
-2.2919
-2.2545
-2.4143
-2.1084
-2.5375
-2.3874
-3.0434
-2.9332
-3.3072
-3.2834
-3.6114
-3.7193
-3.8006
-3.8092
-3.6180
-4.1092
-4.0553
-4.0745
-4.2515
-4.4552
-4.5896
-4.6892
-4.8670
-4.9490
-5.0567
-5.0834
-4.6088
-4.9384
-4.9093
-4.9520
-4.9074
-5.2555
-5.3195
-4.9959
-4.9455
-4.9230
-4.7491
-4.6903
-4.4159
-4.3563
-4.1439
-4.1532
-4.1472
-3.9260
-3.8207
-3.3812
-3.3251
-2.9759
-2.6372
-2.6160
-2.5362
-2.5326
-2.2110
-2.4381
-1.9430
-1.8595
-1.6040
-2.0456
-2.0398
-1.7299
-1.6369
-1.2609
-1.0267
-0.7481
-0.4199
-0.2398
-0.0927
0.0155
0.3250
0.3544
1.1560
0.6437
0.6899
0.9903
0.8557
1.1138
1.2716
0.8279
0.8956
0.4874
1.1645
0.7965
1.2374
1.1253
1.7842
1.2248
0.7254
1.3367
1.1658
0.7172
0.3389
0.0615
-0.2771
-0.9612
-0.7072
-0.7743
-0.7807
-0.6708
-1.0999
-1.5740
-0.9962
-0.9683
-0.9997
-0.2230
-0.2372
-0.1914
-0.3334
-0.0283
-0.6212
-0.6281
-0.8826
-0.1086
-0.4100
-0.2078
-0.5602
-0.2050
-0.0347
1.0659
0.2793
0.6277
0.2895
0.4282
0.5362
0.4452
0.9333
1.6012
1.3533
1.8524
2.4065
2.2165
2.3195
2.2928
2.1715
2.1935
2.0163
2.4537
2.2771
2.3768
2.2908
2.4790
2.6098
2.6195
2.3314
2.3835
2.3840
2.1450
2.7105
2.4176
2.7865
3.9032
4.1392
3.9730
4.1830
4.0341
4.5661
4.3432
5.0273
4.8624
5.0651
5.0122
4.5544
5.0579
5.2709
5.0683
5.1301
4.6985
4.6866
4.6512
5.0408
5.2628
5.3094
5.5805
5.4669
5.7882
6.0450
6.4598
6.8684
7.0452
7.2705
6.9579
7.2912
7.5800
7.7954
7.6652
7.8439
7.5300
7.7132
7.4238
7.3526
7.2457
7.3802
7.1831
6.7829
6.6761
6.4858
5.9174
6.0084
5.6105
5.2049
4.6567
4.5896
4.8613
4.4735
4.4426
4.2708
3.9583
4.2958
4.0084
3.9106
3.9389
4.1790
3.7991
3.6362
3.7370
3.7433
4.0441
3.8469
4.4023
4.1208
4.6815
4.2732
4.7295
3.9372
3.9903
3.7600
3.7819
3.0619
3.0975
2.5507
2.6176
2.3745
2.2722
2.5413
2.6964
3.2640
3.1316
3.9554
3.0781
2.8906
2.9881
3.0752
3.0859
3.2492
3.1024
3.8867
3.1715
4.7414
3.8443
3.3240
3.1770
3.3476
2.8644
1.8530
2.1743
1.3069
1.4221
0.8188
0.8860
0.2759
0.4369
0.4489
-0.4229
-0.4631
-0.9217
-0.9926
-0.5306
-1.2531
-0.7339
-1.4285
-1.5040
-1.6703
-1.9446
-2.1666
-2.0004
-2.5421
-2.2482
-2.1066
-2.1257
-2.1832
-2.2684
-2.0656
-2.0369
-2.0061
-2.7202
-1.9474
-2.9339
-2.9399
-2.8683
-3.1861
-3.2345
-3.1125
-2.5515
-2.7029
-2.9248
-3.4246
-3.8625
-3.5660
-3.2842
-3.4602
-3.0668
-2.6259
-3.5098
-3.3215
-3.4913
-3.1978
-3.2701
-2.9435
-3.0854
-2.0666
-2.6768
-1.8315
-3.2089
-3.2442
-2.6511
-3.2428
-3.3325
-3.7590
-3.9152
-3.8257
-4.4340
-4.5987
-5.0872
-5.2567
-4.8135
-5.6227
-5.4367
-5.9235
-6.3300
-6.4244
-6.5319
-6.3953
-6.8948
-6.8624
-6.7693
-6.9371
-6.5058
-6.6677
-6.3585
-6.4837
-6.3582
-6.4807
-6.5628
-6.5886
-6.2108
-6.5123
-6.5806
-6.5719
-6.8653
-6.8914
-6.7260
-6.7227
-6.6572
-6.7971
-6.6375
-6.3000
-6.2718
-6.1142
-6.0267
-5.8763
-5.5842
-5.6409
-5.2910
-5.1992
-4.8280
-4.6825
-4.8855
-4.3126
-4.2104
-3.7988
-3.3632
-3.0497
-3.3329
-2.4476
-2.9113
-2.5437
-3.1337
-2.7008
-3.2663
-2.8287
-2.8458
-2.2625
-2.0679
-2.2424
-1.4244
-1.6344
-1.6880
-2.1471
-2.1253
-1.3381
-2.0640
-1.9932
-1.8104
-1.7730
-1.9518
-2.0525
-1.8238
-1.7413
-1.8121
-1.8778
-1.5675
-1.5530
-1.6698
-1.5246
-1.5022
-1.1979
-1.1069
-0.5828
-0.5746
-0.1674
-0.2507
0.5170
0.2430
0.2778
0.6928
0.5322
0.7926
1.1301
1.7199
1.8175
1.8595
2.0398
2.0675
2.2298
1.8866
2.4786
2.4438
2.5487
2.5137
3.1324
2.6490
3.0493
2.8563
2.7163
2.6937
2.3022
1.8574
1.9478
1.7855
1.5704
1.4572
1.4559
1.6821
1.9117
1.3555
1.2071
1.1545
0.7304
0.2888
-0.1214
-0.2628
-0.7733
-1.1417
-1.6156
-1.8679
-2.0106
-2.0353
-2.3733
-3.1739
-3.3643
-4.1128
-4.6642
-5.0909
-5.3274
-5.2818
-5.3225
-5.2490
-5.1157
-5.1436
-5.3597
-5.4545
-5.1047
-5.3349
-5.4133
-5.0708
-5.3881
-5.4275
-5.5724
-4.6791
-5.5497
-4.7746
-5.0082
-4.1541
-4.3478
-3.9872
-3.7067
-4.1423
-4.3801
-3.8899
-4.0101
-3.6210
-2.9950
-3.4518
-3.2221
-3.2907
-2.7551
-2.5437
-2.9112
-2.3004
-2.7682
-2.5886
-3.2675
-3.2419
-3.2751
-2.8802
-2.5506
-3.0181
-2.9011
-2.5475
-2.4020
-2.3854
-1.9051
-1.9342
-1.4128
-1.1962
-0.8371
-0.6337
0.1880
-0.0622
0.4909
0.9118
1.0737
2.1604
1.2471
1.7223
1.1612
1.5287
1.2893
1.7653
1.5245
1.7251
1.9142
1.5833
1.4975
1.4242
1.8511
1.9920
1.7603
1.5718
2.1525
1.7849
2.3651
2.5788
2.9724
3.3690
4.0210
3.9551
4.2826
4.5249
4.8065
5.1431
5.5797
5.7500
6.3632
6.7690
6.8534
7.1785
7.6978
8.0479
8.3650
8.2534
8.2819
8.1984
8.3717
8.0418
8.6100
8.4096
8.7820
8.4974
9.3358
9.1319
9.3947
8.8600
8.6355
8.5339
8.9006
9.1719
9.0518
8.9359
8.5052
8.4263
8.4990
8.0650
8.5164
8.1541
8.4083
8.3066
8.7912
8.0045
7.8815
7.9317
7.4656
8.0951
7.6646
8.0112
7.5876
7.1296
6.7512
6.5943
5.9316
5.9164
5.4087
5.1311
5.1437
5.1656
5.8439
5.4095
6.0146
6.0095
5.9615
6.4613
6.1794
5.6886
6.2697
6.2470
6.5973
6.8528
6.5806
6.3374
6.5176
6.5954
6.5985
6.8893
6.4814
6.6637
6.3372
6.8124
6.4539
6.2713
6.4134
5.8438
5.4900
5.3850
5.5579
5.8765
5.4628
5.1496
5.2031
5.2386
5.0478
5.4894
5.0184
4.5181
4.7309
4.2941
3.9581
3.7172
4.2832
3.7363
3.9532
4.0950
3.9241
3.7475
3.4910
3.5683
3.3019
3.3336
3.3095
3.5606
3.5441
3.7488
3.6139
3.7098
3.4464
3.4823
3.1874
2.8274
3.1708
2.6748
2.8186
2.7117
2.6275
2.6499
2.5227
2.2753
2.5461
2.1243
2.0636
1.9693
1.7332
1.5311
1.6164
1.1451
1.2864
0.7034
0.6691
0.2673
0.3196
0.3713
0.0675
0.0838
0.2576
0.4161
0.2652
0.3999
0.5900
0.6149
0.7062
1.4735
1.1909
1.4870
1.7211
1.9088
2.0575
1.5892
2.0122
2.3030
2.3986
2.8709
2.6485
3.1672
3.1937
3.3253
2.9153
2.2984
3.0745
2.2524
1.8891
1.9632
1.6975
1.4783
1.1795
1.1440
1.1166
0.7553
1.0223
0.8340
0.7996
1.1673
0.8062
1.4069
0.8999
1.3137
0.4183
0.4410
0.5595
0.0729
0.3100
-0.0619
0.4924
0.4427
0.3346
0.4567
0.6985
1.4439
0.3810
1.0588
0.8445
0.9088
0.7798
1.2871
1.4244
1.2605
0.4377
0.7786
0.6718
0.3135
-0.1765
-0.3461
-0.6695
-0.7207
-0.9335
-0.9881
-1.3092
-1.4477
-1.6993
-1.7259
-1.6912
-1.7044
-1.6542
-1.8076
-1.9794
-2.0867
-1.9106
-2.4809
-2.6224
-2.1719
-2.4927
-2.8443
-2.9252
-2.8754
-2.3852
-2.6248
-2.8976
-2.8952
-3.3204
-2.8985
-3.4400
-3.5042
-3.2896
-3.1896
-3.5397
-3.8536
-4.0771
-4.1664
-3.9301
-4.1480
-4.3044
-4.4120
-4.4277
-4.5292
-4.7239
-4.9074
-4.6555
-5.1451
-5.0961
-5.3471
-5.4548
-5.4069
-5.8561
-6.0523
-6.1066
-6.5436
-6.5692
-6.8470
-6.6941
-6.9223
-7.2148
-7.3683
-7.4593
-7.5387
-7.5054
-7.4410
-7.5308
-7.0253
-7.4026
-7.2462
-6.8878
-7.0043
-7.2921
-7.2709
-7.4521
-7.5049
-7.4010
-7.2095
-6.7553
-7.2669
-6.8451
-7.3603
-6.6874
-7.2119
-7.0694
-7.3261
-6.7246
-6.4690
-6.4138
-6.6506
-6.8755
-6.7030
-6.8288
-6.2533
-6.4724
-6.6338
-6.6999
-6.7435
-6.4433
-6.0158
-6.5818
-6.2471
-6.7847
-6.7205
-6.5425
-6.9941
-6.7169
-6.8921
-7.0347
-7.0740
-7.0746
-6.8543
-6.7235
-6.7580
-6.2334
-6.6069
-6.0802
-6.5306
-6.1647
-5.7134
-5.9559
-6.1763
-6.4635
-6.6680
-6.4410
-6.0026
-5.6731
-5.1035
-6.1075
-5.3806
-5.4442
-5.7992
-5.6324
-5.7433
-5.8232
-5.4276
-4.8368
-4.2360
-3.5114
-3.9826
-3.1741
-4.5936
-3.8330
-4.4027
-3.5132
-3.6119
-3.8015
-3.6102
-4.0372
-4.0432
-4.0946
-4.7631
-4.6719
-5.2080
-5.5570
-5.6228
-5.8391
-5.3771
-4.7730
-5.2578
-5.0109
-4.7545
-4.9129
-5.0615
-5.2533
-5.1197
-5.5740
-5.7117
-5.5460
-5.4323
-5.8029
-5.6874
-5.7242
-5.2350
-5.5430
-5.8018
-5.8231
-5.5571
-5.2300
-5.4140
-4.5138
-4.4361
-4.2501
-3.9768
-3.8565
-3.3541
-2.9691
-2.5045
-2.4195
-1.9044
-1.1930
-1.0606
-0.2931
-0.4583
0.7175
0.3120
0.1377
0.1145
0.3631
0.0041
0.1713
0.1184
0.0806
0.7073
0.4690
0.9706
0.3902
0.8037
0.8678
0.5960
0.2462
0.0728
0.1755
0.4216
0.6270
0.4831
0.3450
0.3807
0.5097
0.2934
0.4445
0.2856
0.3582
0.2990
0.4128
0.7867
0.9668
0.8632
1.1832
1.1615
1.5012
1.0368
1.0180
0.9663
0.7503
0.7092
0.2937
0.2832
0.2426
0.8978
0.2501
0.5801
0.2222
0.3451
0.0015
0.4859
0.2136
0.4747
0.6762
1.4785
1.2082
1.4324
1.2101
1.6210
2.2975
1.9263
2.2031
2.6747
2.5352
2.9414
2.8536
3.3111
4.1935
4.1656
4.5187
4.8916
4.9457
5.1670
5.6907
6.2583
6.5266
6.1844
6.4374
6.4857
6.6697
6.7702
6.4696
6.5281
6.4558
6.8110
6.9013
7.3590
7.1386
7.9133
7.3601
7.4879
7.6637
7.5426
7.4257
7.5187
7.6307
6.9020
6.6643
6.4975
6.3411
6.5888
6.2877
6.4191
6.4305
6.9307
6.2391
6.9752
6.2639
6.6591
6.1043
5.7084
5.5594
5.2651
5.4357
5.1293
4.9883
5.0145
4.8760
4.9959
4.8666
4.7513
4.5204
4.4133
3.9924
3.7419
3.3549
3.5242
3.5721
3.5766
3.4880
3.3540
3.2538
3.2827
3.7788
3.3859
3.5754
3.9050
3.9411
3.8495
3.8580
4.5693
4.4360
4.5419
4.5417
5.3067
4.7195
5.0356
4.5038
4.4931
4.5969
4.3905
4.5207
4.9004
5.0157
5.0141
4.7336
4.8225
4.8422
5.0932
5.2679
5.1979
5.6139
5.8155
5.6848
5.7393
5.8965
6.3100
6.5414
6.8630
6.6238
6.6954
6.4286
6.5706
6.5814
6.5000
6.4567
6.1533
5.7453
6.1948
5.1732
4.8536
4.7916
4.7405
4.4567
4.9118
4.0993
3.9219
4.0566
4.4199
3.7251
3.7447
3.9010
3.5661
3.3567
2.9841
2.5010
2.1140
2.5222
2.4087
2.7407
2.7390
2.1046
1.6596
2.0344
1.5428
1.3872
1.3532
1.1774
0.9710
0.9387
0.8239
0.8450
0.4939
0.1757
0.2642
-0.0502
0.1266
0.4805
-0.0607
-0.4102
-0.4716
-0.7379
-0.4419
-1.0791
-1.0225
-0.9203
-1.3090
-1.4044
-1.1864
-1.0145
-1.1566
-0.9475
-1.1599
-0.8238
-1.0774
-1.2993
-0.5120
-0.9389
-0.8690
-0.7569
-0.8515
-0.8505
-0.5639
-0.4130
-0.4089
-0.6384
-0.8902
-0.9143
-1.3570
-1.4796
-1.6172
-1.9170
-1.2838
-1.9787
-1.8793
-2.2153
-2.1777
-2.4471
-2.6394
-2.4040
-3.0144
-3.2070
-3.3008
-3.5157
-3.3260
-3.7989
-3.4904
-3.5963
-4.0105
-4.3678
-4.5440
-4.6539
-4.8495
-5.1364
-5.5203
-5.7425
-5.9658
-6.0281
-6.2924
-6.5244
-6.6773
-6.9634
-7.0279
-7.0644
-7.3268
-7.1893
-7.4667
-7.1282
-7.2259
-6.8473
-7.4567
-6.9248
-7.4665
-7.1303
-7.2549
-6.4717
-6.4469
-6.2191
-5.3372
-6.2366
-5.7241
-6.0533
-6.1408
-6.3110
-6.8751
-6.8437
-6.9686
-6.4915
-6.5415
-6.9614
-7.0933
-7.0929
-6.3941
-6.5868
-6.6405
-6.9444
-6.7830
-7.0931
-7.0550
-6.9509
-7.0400
-6.4942
-6.8921
-6.5928
-6.2906
-5.8159
-5.6159
-5.2870
-5.0981
-4.0541
-4.7697
-3.5779
-4.4392
-3.3803
-4.3346
-4.0193
-3.2280
-3.7305
-3.6624
-3.4507
-3.1810
-2.9900
-3.2665
-3.4022
-3.1585
-2.7577
-3.0541
-1.9043
-2.1487
-2.2138
-1.6711
-1.1764
-1.4893
-1.0731
-1.4443
-0.6844
0.0490
0.6260
0.6106
0.9061
0.9743
2.1020
2.2513
2.5934
2.9481
3.4788
3.5448
3.3253
3.8004
3.6638
4.3693
4.3959
4.7037
5.1133
5.4878
5.6105
5.9059
5.5626
5.8609
6.5065
6.2826
6.7505
7.0915
6.5194
6.4660
6.5316
6.2684
6.2742
6.3607
6.1831
5.4134
5.1334
4.1511
3.2729
3.6220
2.4450
1.9263
1.2864
0.9352
0.7028
0.0989
-0.3230
-0.0838
-0.5762
-1.0344
-1.2434
-1.2737
-1.3282
-1.4260
-0.9591
-1.2472
-0.9932
-1.0354
-1.0460
-0.7222
-0.7343
-0.3521
0.1405
-0.3002
-0.3568
0.1276
-0.2864
-0.1772
-0.4881
-0.3044
-0.7154
-0.3345
-0.5684
-0.6387
-0.6122
-0.2313
-0.3635
-0.3649
0.2351
-0.2523
-0.1752
-0.4708
-0.0947
-0.4918
-1.3221
-1.1742
-2.0845
-2.1093
-2.3441
-2.4134
-2.8071
-3.0832
-2.8661
-2.7947
-3.2917
-3.1270
-3.6903
-3.9944
-4.0771
-4.6962
-5.0059
-5.3861
-5.6183
-5.5649
-5.6040
-5.6834
-5.7417
-5.8041
-6.0902
-6.3307
-6.2245
-6.3752
-6.5364
-6.3167
-6.8092
-6.7106
-6.6638
-6.9788
-7.0253
-7.1989
-7.2050
-7.1672
-6.6888
-6.8201
-6.3738
-6.2288
-6.1822
-6.0724
-5.7682
-6.0207
-5.9477
-6.2657
-6.4096
-6.2633
-6.7873
-6.6154
-6.8733
-6.8375
-6.7756
-6.4628
-5.9275
-6.4388
-6.0174
-6.1826
-6.5945
-6.5942
-6.9220
-6.5154
-6.4261
-6.7192
-6.5679
-6.4370
-5.9499
-5.8913
-6.0993
-5.9029
-5.6102
-5.4899
-5.4247
-4.8964
-4.9584
-4.3559
-4.8271
-4.8859
-4.4499
-4.9318
-4.1761
-3.8142
-3.5927
-3.3210
-2.8277
-2.2235
-2.9831
-2.7956
-2.5631
-2.5710
-2.4929
-1.3681
-2.1076
-1.3511
-2.0617
-0.9852
-1.4134
-1.2183
-0.8312
-0.2295
-0.7006
-0.3530
-0.7582
-0.4096
0.2278
0.5970
1.1045
1.1877
0.9821
1.0601
1.0623
1.2834
1.2099
1.1569
1.4790
1.8097
1.5896
1.1411
1.1413
1.5453
1.1538
1.7856
2.2950
1.3809
1.5417
1.6194
1.5027
2.0570
1.3929
1.4244
1.1534
1.1527
0.9924
1.0914
1.1285
1.0777
1.2353
0.6779
0.7510
0.9580
1.2082
1.3051
1.0840
1.5275
1.1328
1.4441
1.4072
1.3507
1.1926
1.0883
1.1529
0.8968
0.8256
0.6085
0.6678
0.8715
0.9632
0.9877
0.7052
0.5634
0.5400
0.6220
0.4130
0.6358
-0.0751
0.2175
-0.3355
-0.1211
-0.4806
-0.5340
-0.4719
-0.4486
-0.6095
-0.4652
-0.6480
-0.2727
-0.3897
-0.3039
0.1602
-0.0421
0.0329
0.0879
0.4902
0.6852
1.2116
1.0616
1.4504
1.4983
1.7794
1.8101
1.9624
2.0950
2.3803
2.4381
2.1846
2.5124
2.3873
2.9089
2.8410
2.7880
2.8995
2.9038
2.9285
2.8284
2.6916
2.8616
2.7381
3.1807
2.9577
3.1915
3.2834
3.1204
2.5863
3.2744
3.1537
2.5174
2.6065
2.2500
2.6316
2.3994
2.2554
2.3824
1.9923
1.8937
2.3321
2.0594
2.5381
2.1138
2.1668
2.3447
2.2027
2.2761
2.5792
2.7090
2.9732
2.0947
2.2299
1.9065
2.0736
1.9213
1.5066
1.5375
1.2162
1.7502
1.4709
1.3039
1.3691
1.3119
1.4685
1.3665
1.2216
1.4864
0.7119
0.6340
0.3643
0.4777
0.1935
0.8900
0.7607
0.7325
0.9622
0.3125
0.9068
0.7271
1.0760
0.2100
0.5363
0.5914
0.2940
0.3672
0.3398
0.2757
0.1436
0.0611
0.3714
-0.0807
0.0155
0.1233
0.7475
1.0392
1.4399
0.9629
1.5645
2.1295
2.0653
2.5910
2.6272
3.8003
3.2401
3.5827
3.4408
4.4465
3.6808
3.9973
4.7121
4.8380
4.7515
4.9630
4.9322
4.4847
4.5484
5.0586
4.4313
4.4521
4.7650
3.9983
4.3783
4.6464
4.6946
4.4731
4.9912
5.5837
5.9452
5.0203
5.0307
4.6657
4.9878
5.2311
4.6937
5.2685
4.7556
4.8053
4.1159
4.2555
3.9361
4.3138
3.7342
3.3414
3.9273
2.9676
2.9406
2.4716
2.3954
2.2698
2.4694
2.9059
2.0951
1.6284
1.7454
1.4998
1.5894
1.7361
1.3546
1.9111
1.6722
2.1147
1.6797
2.0538
1.9589
1.8305
1.6709
1.4898
1.3106
1.7260
1.5176
1.0809
1.2658
1.4075
1.0513
0.9145
1.1971
0.9597
0.8641
1.1198
0.2413
0.1283
-0.1131
-0.1536
-0.6981
-0.7864
-1.2401
-1.1071
-1.7014
-2.0093
-2.5065
-2.4592
-2.8215
-2.8637
-2.9427
-3.2246
-3.8651
-4.1037
-4.2197
-4.2188
-4.1725
-3.7200
-4.0330
-3.9781
-4.0784
-4.2939
-4.3614
-4.6483
-4.5636
-4.7778
-4.5933
-4.6105
-4.0810
-4.4291
-4.0708
-4.0677
-4.1096
-4.0648
-3.8242
-3.8191
-3.6212
-3.2329
-3.2160
-3.3248
-3.5436
-3.5731
-3.7636
-3.8287
-3.8565
-3.7009
-3.6801
-3.8773
-3.7723
-3.6807
-3.6199
-3.5681
-3.5621
-3.5315
-3.5143
-3.6188
-3.6642
-3.8949
-4.0263
-4.0484
-4.2333
-4.2223
-4.6648
-4.4091
-4.9976
-5.1218
-5.4572
-5.5957
-5.4051
-5.3763
-5.8829
-6.1539
-6.3305
-6.3467
-6.4133
-6.3041
-6.3570
-6.2848
-6.3556
-6.3033
-6.2967
-5.9748
-6.0100
-5.6618
-5.7511
-5.6558
-5.6033
-5.2346
-5.3719
-5.1539
-4.9643
-5.0229
-4.7916
-4.9375
-4.7843
-4.8005
-4.6073
-4.7210
-4.7004
-4.6920
-4.9655
-5.0539
-5.2019
-5.3486
-5.5036
-5.6430
-5.7645
-5.8202
-6.0252
-6.0593
-6.3115
-6.3436
-6.3340
-6.6037
-6.7206
-6.7205
-6.6988
-6.7757
-6.9193
-7.1229
-7.2146
-7.2804
-7.0436
-7.1387
-6.4444
-6.9635
-6.8301
-6.7576
-6.7153
-6.3740
-6.3734
-6.5072
-6.1057
-6.2893
-6.0710
-6.1644
-6.0003
-6.1869
-5.3258
-6.4089
-6.2971
-6.5120
-6.5411
-6.6590
-6.4714
-6.8178
-6.2799
-6.6988
-6.8512
-6.7180
-5.9426
-6.2392
-5.8835
-5.9835
-5.8805
-5.4563
-5.4378
-4.0442
-4.3211
-3.8700
-3.3296
-3.6238
-2.9560
-2.6416
-0.8750
-0.8619
-0.4000
0.5441
1.0163
2.3685
2.6914
2.6275
2.5442
3.1075
2.5947
2.9046
4.5162
3.4626
3.8971
4.4962
5.3778
4.2634
4.6904
5.0466
6.3632
6.0967
5.6859
6.2545
5.9156
7.1889
6.5245
8.6918
7.2538
7.8362
7.6583
9.2824
8.8340
9.4417
10.0735
10.4577
10.6457
10.9128
11.4911
11.8880
11.7354
12.2524
12.3822
12.7606
11.9870
12.2542
11.7254
12.0737
11.3424
11.2777
10.7444
10.6031
10.0792
9.8922
8.8028
8.1513
7.9364
7.4012
7.5752
7.4568
6.8305
6.4024
6.3388
4.8869
4.8898
4.9238
4.0915
3.8002
3.5330
3.1763
3.6621
3.1268
3.2245
2.7871
2.5741
2.1014
2.5669
2.2114
2.3512
2.8861
3.1276
2.8146
2.6159
2.4701
2.7112
3.0696
2.3443
2.3611
2.3490
3.1375
2.6684
2.9437
2.6565
2.6399
2.5418
2.2354
3.4699
2.3069
2.7128
2.3793
2.3003
2.4093
2.8159
2.6944
2.5550
2.4433
2.7469
2.5673
2.1737
2.5565
2.3492
2.6016
2.7844
2.6983
3.1261
3.2237
3.8136
3.9721
3.5746
3.8445
3.6090
3.6709
3.3776
3.5313
3.5010
3.8521
3.5994
3.3221
3.5831
3.3763
4.3268
3.3408
3.8367
3.5781
3.5688
4.1809
3.8757
4.7428
4.6377
4.8777
5.3789
5.8644
5.6202
5.9141
6.1348
6.7843
6.8870
7.2492
7.4517
7.3722
7.8366
8.3028
8.4912
8.5731
8.8942
8.9576
9.0532
9.5413
9.5645
9.1456
9.4237
9.8831
10.3591
9.8628
9.4165
10.2763
9.2896
9.0255
8.9453
8.8787
8.4040
8.5955
8.6071
8.7775
8.3657
8.3195
7.8254
8.0002
7.5379
7.3102
6.7711
7.0673
6.2879
6.0414
5.5657
5.2560
5.0234
4.8162
4.6790
4.6136
4.4691
4.4175
4.2902
4.2258
4.2735
4.2104
4.2884
3.8707
3.6270
3.4010
3.2443
3.4720
3.0017
3.2198
3.0755
3.2102
3.5481
3.5449
3.7033
3.9010
4.0498
4.2520
4.4205
4.6370
4.7582
4.9301
4.9947
5.1838
5.2049
5.1470
5.0257
4.6802
4.4864
4.1781
4.2636
3.8728
3.6532
3.5439
3.6020
3.5470
3.0211
2.7186
2.5394
2.1830
1.5060
1.3654
1.2100
1.7250
0.3676
0.1969
-0.2689
0.0648
-0.4482
-0.8110
-0.8979
-1.2933
-1.8648
-1.9960
-2.2687
-2.4102
-2.2796
-3.0066
-2.9457
-3.6743
-3.9743
-3.9621
-3.9046
-4.1001
-4.5320
-4.8056
-4.8360
-4.9501
-5.0829
-4.8803
-5.3492
-5.4329
-5.6477
-5.5806
-5.9766
-6.0239
-6.3702
-6.3081
-6.3755
-6.4383
-6.7646
-6.6653
-6.9299
-6.7979
-6.8061
-6.6941
-6.5657
-6.7534
-6.6817
-6.7391
-6.4911
-6.7818
-6.7715
-6.7737
-6.5332
-6.7272
-6.8353
-6.4702
-7.0277
-7.0102
-7.1873
-7.0631
-7.3776
-7.4349
-7.3182
-7.3365
-7.2257
-7.2736
-7.2592
-7.3043
-7.2254
-7.5434
-7.2660
-7.0997
-7.2514
-7.0386
-7.5893
-7.3222
-6.9018
-6.8598
-6.9786
-6.7478
-6.5481
-6.5131
-6.5471
-6.5829
-5.7203
-5.9290
-5.6752
-6.4868
-6.2476
-6.0842
-6.4622
-5.8516
-5.8394
-5.9675
-6.1740
-6.0847
-6.4332
-6.0580
-5.6346
-4.9113
-4.9590
-5.5800
-5.8195
-5.8646
-6.0938
-5.7433
-5.2213
-5.5216
-5.6214
-5.6769
-4.8519
-4.9828
-4.2588
-5.0189
-4.7650
-5.3590
-5.2141
-5.7010
-5.8410
-5.8059
-6.1629
-6.2241
-5.9564
-6.1265
-6.0669
-6.4678
-6.4888
-6.6684
-6.9482
-6.7507
-6.8450
-6.0485
-6.7889
-6.4164
-6.3214
-5.8856
-5.6911
-5.3427
-5.0106
-4.9571
-4.7049
-3.9591
-3.4569
-2.9508
-2.3617
-2.0119
-1.2745
-1.1498
-0.8072
-1.1560
-0.4657
-0.5769
-0.1570
-0.0004
-0.0596
0.2497
0.2299
0.8504
0.5978
0.9748
1.0619
0.8319
0.9559
1.0796
0.9490
1.0475
0.8358
0.8737
0.4803
0.7688
0.4584
0.5567
0.5415
0.1176
-0.0645
-0.3005
-0.7445
-0.6801
-0.9325
-0.8329
-1.1639
-1.1735
-1.0301
-1.3877
-1.4515
-1.4349
-1.7646
-1.2246
-1.6097
-1.6793
-1.6427
-2.1255
-1.8761
-2.1008
-1.8968
-2.1493
-1.8353
-1.9850
-1.9362
-1.6811
-1.5758
-1.7183
-1.3851
-1.1883
-1.4063
-1.0302
-1.1206
-1.0393
-1.0125
-0.6565
-0.6656
-0.5475
-0.2627
-0.1142
0.1577
0.2622
0.3811
0.4554
0.5251
1.0173
0.6860
1.1128
0.8723
1.2748
0.8718
1.0276
0.9832
1.0985
1.0602
1.0044
1.0455
0.8538
1.0303
0.8322
0.6989
0.7410
0.8625
0.8667
0.4611
0.4180
0.3720
0.4740
0.0884
0.1100
-0.4135
-0.2504
-0.7312
-0.7801
-0.9468
-0.8313
-1.0517
-1.1594
-1.1275
-0.8151
-0.9660
-0.9404
-0.9241
-1.0617
-0.9791
-1.2086
-1.0245
-1.0843
-1.2500
-1.2235
-1.2781
-1.3714
-1.0541
-1.3467
-1.6600
-1.6635
-1.9496
-2.1090
-2.2224
-2.3452
-2.2247
-2.5035
-2.6001
-2.5667
-2.8853
-2.7433
-3.0388
-3.0739
-2.9568
-2.8297
-2.5591
-2.3334
-2.2726
-1.9688
-2.0536
-1.7952
-1.7506
-1.2882
-1.1674
-1.0605
-0.6973
-0.5653
-0.2013
-0.0162
-0.1015
-0.1791
-0.3309
-0.5625
-0.9246
-0.7991
-1.1459
-1.3495
-1.2861
-1.2126
-1.1655
-1.0799
-1.1435
-1.2256
-0.9684
-1.3160
-1.3169
-1.3153
-0.9423
-1.0843
-0.5682
-0.8622
-0.6984
-1.0527
-0.8290
-0.1486
-0.5127
-0.3068
-0.3343
0.0093
-0.2351
0.1652
0.3341
0.4240
0.3946
0.3980
0.1822
0.4161
0.8634
0.3177
1.2241
0.2395
0.5323
0.5234
0.7754
0.7423
0.5698
0.9000
0.6592
0.8747
1.0977
1.0019
0.8956
1.4465
1.1333
1.2117
1.1015
0.9212
1.2338
1.1913
1.3907
1.2829
1.6172
1.4287
1.5361
1.2509
1.5780
1.2730
1.3025
1.3244
1.3863
1.4741
1.8752
1.7977
2.2155
2.4513
2.8926
3.3438
3.6719
3.8583
3.8397
4.0598
4.2016
4.3396
4.7542
4.4302
4.4077
4.9330
4.4079
4.6607
4.2430
4.1805
3.9104
3.5880
3.2565
2.9897
2.6408
2.6194
1.9924
1.7104
1.7165
1.6645
1.2116
1.1694
1.0214
0.5783
0.4980
0.3761
0.3244
0.1369
0.2478
0.0726
-0.2020
-0.0648
-0.0412
0.2057
0.1758
0.1788
0.2502
0.5722
0.0793
0.0470
-0.0154
0.3575
0.2301
0.2636
0.5365
0.2893
0.1329
0.2006
-0.0332
-0.1712
-0.7129
-0.9689
-1.3458
-1.7825
-1.8208
-1.9929
-1.5253
-2.1945
-2.2563
-2.5035
-2.5314
-2.3618
-2.4795
-2.4377
-2.3962
-2.2325
-2.1587
-2.2178
-2.2971
-2.1853
-2.1887
-2.0716
-2.0955
-1.6872
-2.1810
-2.3258
-1.7880
-2.2491
-2.4236
-2.4471
-2.3407
-1.9911
-2.0587
-2.0484
-1.9607
-1.4100
-2.2952
-2.0805
-1.9413
-2.0643
-1.6982
-1.3828
-1.5614
-1.7302
-2.0656
-2.0740
-1.7867
-2.2745
-1.5633
-1.4823
-1.4193
-1.1958
-1.0416
-0.8480
-0.5487
-0.4496
-0.2518
-0.1925
-0.9668
-0.7250
-0.7240
-0.7242
-1.0292
-1.2342
-1.2880
-1.3785
-1.1622
-0.5069
-0.9402
-1.5193
-0.9396
-0.8749
-0.4209
-0.3052
-0.7968
-0.7636
-0.7670
-0.7687
-0.8988
-0.7438
-1.0401
-1.3406
-1.6203
-1.8223
-1.7582
-1.4224
-1.9890
-1.6831
-1.5984
-1.5713
-0.8415
-0.8833
-1.1525
-1.2735
-1.6692
-1.6256
-1.6640
-2.1122
-2.1609
-1.2618
-2.0616
-1.5870
-1.5385
-0.7599
-1.1235
-0.6859
-0.6953
-0.6747
-0.5688
-0.8087
-0.1082
0.7077
-0.0517
0.0937
-0.1876
0.0019
0.3445
0.4215
0.8740
0.7657
0.5556
0.8827
1.0640
1.5567
1.2470
1.5983
1.9642
1.6557
1.9013
1.9618
2.1235
2.3721
2.4686
1.8927
2.0119
2.1129
2.6372
2.8501
2.5750
2.8029
2.5588
1.9903
1.9470
1.9177
2.2690
1.8697
1.6646
