-0.6881
-0.7495
-0.7666
-0.8147
-0.8076
-0.8101
-0.8843
-0.9104
-0.7775
-0.8588
-0.5815
-0.6269
-0.5936
-0.4659
-0.5302
-0.4989
-0.6604
-0.6267
-0.6394
-0.5918
-0.5279
-0.4367
-0.3573
-0.2391
-0.2574
-0.2536
-0.3377
-0.4028
-0.5193
-0.5030
-0.5262
-0.3362
-0.1252
-0.1937
-0.2075
-0.2129
-0.1183
-0.1924
-0.1030
-0.2999
-0.0839
-0.2862
-0.0084
-0.2538
-0.3403
-0.5276
-0.6306
-0.8688
-0.8495
-0.6991
0.0918
-0.3476
0.0547
-0.1784
0.1044
0.1326
0.0699
0.6428
-0.0623
-0.0046
0.4944
-0.6589
0.8017
-0.4949
-0.4447
-0.2741
-0.6518
-0.5077
-1.0602
-1.2411
-0.5840
-1.3176
-0.6877
-1.5494
-1.3783
-1.5792
-1.2948
-1.0604
-1.1588
-0.6825
-1.2607
-1.2050
-1.6505
-1.8844
-2.2084
-2.1399
-2.1684
-2.4363
-2.0072
-2.2431
-2.0504
-1.8535
-2.0151
-1.9452
-1.6521
-1.9062
-1.7403
-1.8714
-2.2175
-2.2715
-1.9608
-2.2404
-1.9976
-2.2961
-2.1762
-2.1255
-1.8324
-1.6138
-1.7937
-1.5105
-1.4360
-1.9058
-1.7093
-1.4672
-1.3147
-1.0588
-0.6361
-1.0477
-0.6107
-0.5881
-0.7544
-1.1714
-1.1763
-0.4099
-0.0663
-0.2766
0.2117
-0.0861
-0.4495
0.0740
-0.0471
0.8415
0.4038
1.2758
0.7218
0.5398
1.0071
0.6094
0.8744
1.1625
1.2324
0.9937
1.4645
1.0536
1.1392
0.6916
0.7388
0.8151
0.9494
1.2698
1.0721
1.1697
1.2143
1.2329
1.4934
1.4180
1.5764
1.0210
1.2045
0.9095
0.8693
0.8527
0.7616
0.9223
0.9282
1.3294
0.5360
0.4553
0.4839
1.2430
0.6415
1.4408
1.1019
1.2962
0.8701
0.7916
1.3545
0.8099
0.3201
0.7873
0.2716
0.4549
0.2832
0.4021
0.3561
0.0911
-0.3170
-0.3687
-0.2818
0.0006
-0.0333
-0.1353
-0.1702
-0.3828
-0.2851
0.0474
-0.0458
-0.5452
-0.2383
-0.1302
-0.1534
-0.1542
-0.4547
-0.3367
-0.4828
-0.2433
-0.6191
-0.4732
-0.3556
-0.5449
-0.3343
-0.6901
-0.5614
-0.6267
-0.6278
-0.6184
-0.6419
-0.3299
-0.1878
-0.4504
-0.0575
0.3929
-0.1855
-0.2844
-0.2725
-0.3160
-0.2566
-0.2077
-0.2567
-0.0979
-0.3114
0.0615
-0.0587
-0.4130
-0.3729
0.2048
-0.3075
-0.2868
-0.4495
-0.4845
0.0096
-0.0143
-0.0419
-0.0605
-0.2405
0.2155
-0.2443
0.1333
-0.0856
-0.0162
-0.1108
-0.2855
-0.0376
0.0990
0.2460
0.0717
-0.1039
0.5866
0.0738
0.3814
0.3000
0.7424
0.6194
0.3826
-0.0527
0.5649
0.4381
0.1428
0.5529
0.3083
0.5488
1.1654
1.2691
1.2257
2.4646
1.7966
2.5300
1.3089
1.7477
1.7126
2.1209
2.3104
2.3214
1.9112
1.9655
1.8813
1.4573
1.5844
1.4910
1.5566
1.7274
1.9634
1.6704
1.8833
1.6403
1.4413
1.7823
2.3258
2.1139
2.6996
1.8796
1.6882
1.7151
2.0404
2.2693
2.0227
2.1124
3.1974
2.1304
2.0705
2.3240
1.8923
2.4490
2.0487
1.9952
1.8872
1.3559
1.5550
1.8873
1.1999
1.3807
1.5942
1.1324
1.1221
1.5476
0.8852
1.2349
1.0128
1.3373
0.8951
1.5026
1.2563
1.2985
0.8594
1.1493
0.8018
1.2919
0.6740
0.8054
0.6963
0.5016
0.8949
0.6077
0.9076
1.0838
1.2498
1.5921
1.2342
0.6727
0.5366
1.2671
0.8311
0.7531
1.0414
0.6297
0.7393
1.3557
0.8263
0.8477
1.1415
0.6872
1.9055
1.2609
1.8866
0.6635
0.9016
1.8719
2.1800
1.4220
1.3001
1.3597
0.9107
1.1924
1.8237
1.8352
1.1985
1.5434
1.4610
1.6847
1.3711
2.3415
1.1550
1.6856
1.0811
1.2091
1.4013
1.7202
1.3287
1.2509
1.1140
1.2965
1.1266
1.1888
1.1856
1.1403
1.4100
1.3533
1.0361
0.9971
0.8117
0.7129
0.7162
0.8303
0.4916
0.3402
0.4549
0.6422
0.8658
0.5992
0.3278
0.1703
-0.0113
0.0996
-0.1200
-0.1339
0.1127
-0.2014
0.1754
0.0969
-0.0800
-0.2774
-0.3035
-0.3395
-0.1815
-0.3669
-0.4027
-0.3817
-0.4369
-0.4614
-0.4801
-0.5145
-0.5234
-0.5519
-0.5349
-0.5452
-0.4712
-0.5028
-0.3352
-0.3909
-0.2819
-0.2513
-0.2205
-0.2133
-0.3260
-0.4102
-0.4277
-0.4220
-0.2106
-0.4174
-0.4193
-0.4135
-0.4271
-0.4016
-0.4115
-0.3346
-0.1427
-0.2762
-0.1305
-0.1287
-0.0569
-0.0080
-0.2413
-0.2761
-0.2708
-0.2960
-0.2669
0.1884
-0.0943
0.0353
0.1130
0.4187
0.1668
0.2063
0.1001
0.3339
0.0732
0.1485
0.1919
0.2113
0.2430
0.1648
0.3746
0.1058
0.1649
0.0745
0.1456
0.0741
0.1422
0.1082
0.1122
0.0380
-0.0006
0.0297
-0.0004
0.0209
0.1751
-0.0898
-0.1095
-0.0743
-0.1088
-0.0226
-0.0103
-0.0249
-0.0196
0.0860
-0.1399
-0.0803
-0.1695
-0.0104
-0.3962
-0.4109
-0.5175
-0.3117
-0.5970
-0.6001
-0.5889
-0.5955
-0.5967
-0.6207
-0.4539
-0.5273
-0.3625
-0.4340
-0.1303
-0.2350
-0.2545
-0.2004
-0.1003
-0.0339
-0.3330
-0.2838
-0.1835
-0.1608
0.1935
-0.3531
-0.1412
-0.0775
0.9662
0.2396
0.7328
0.9185
0.9910
1.3262
1.5935
1.1734
1.2146
2.5109
2.3289
2.1302
1.1435
1.2923
2.1061
1.7861
1.8102
2.4503
2.3942
2.0384
1.4203
2.3552
1.9090
2.4876
2.7330
2.2293
2.1157
2.0055
2.0311
1.2486
1.4467
1.5141
1.4569
0.5002
0.4199
0.8532
0.4031
0.8593
0.3860
0.5464
0.6662
1.2069
0.9664
0.0339
0.0976
0.2170
-0.1038
0.2378
0.0205
0.2200
0.0818
0.0666
-0.0667
0.0122
0.2682
0.5611
1.0198
0.4834
0.5116
0.2797
0.8139
0.2613
0.2159
0.1784
-0.1692
-0.1710
-0.2114
-0.2718
-0.1402
-0.2908
-0.1420
-0.3519
-0.4268
-0.6318
-0.7049
-0.6956
-0.1662
-0.5211
-0.4346
-0.4582
-0.5063
-0.4613
-0.1867
-0.3073
-0.3926
-0.6151
-0.4949
-0.2509
-0.5889
-0.7472
-0.7529
-0.6007
-0.6818
-0.1989
-0.6066
-0.6678
-0.5227
-0.4299
-0.2526
-0.4274
-0.4272
-0.5198
-0.7816
-0.4506
-0.3664
-0.3551
-0.2597
-0.4772
-0.6174
-0.6817
-0.6187
-0.7064
-0.7078
-0.8069
-0.9288
-0.8706
-0.9886
-0.8912
-0.9114
-0.8248
-0.7080
-0.5207
-0.6285
-0.4234
-0.4887
-0.3709
-0.3539
-0.3298
-0.3948
-0.3942
-0.3937
-0.4290
-0.3863
-0.4806
-0.4934
-0.5535
-0.4693
-0.3455
-0.0971
0.0166
-0.2704
-0.2299
-0.2934
-0.3667
-0.3741
-0.4673
-0.4408
-0.4193
-0.1809
-0.3320
-0.0831
-0.1742
-0.1204
-0.0120
0.0032
0.1348
0.0539
-0.0861
0.3196
-0.0519
0.0847
-0.1575
-0.0187
-0.1277
-0.0278
0.3322
-0.0135
0.4887
0.3926
0.6424
0.4283
0.4571
0.3231
0.2642
0.3101
0.2282
0.3772
0.4506
1.3524
1.1839
0.7209
1.6678
1.2409
1.7662
1.6140
1.9700
1.3872
1.4781
1.9839
2.1409
2.0950
1.1780
1.6230
1.1517
1.6890
1.4029
1.4028
1.1786
1.1307
1.4583
1.2336
1.3896
0.8435
1.1197
1.0302
1.3474
1.2168
1.0439
0.3901
0.5081
0.3698
0.5570
0.8055
0.4573
0.7154
0.2795
0.0714
0.6721
0.3881
0.3276
0.4915
0.3403
0.2295
0.3152
0.0178
0.5990
0.6983
0.9549
0.8303
1.0799
0.8856
2.5178
2.2005
2.5238
0.5853
0.9650
0.9905
0.9985
0.8408
1.0960
2.0205
2.1862
2.2661
2.2872
1.5551
1.4621
1.5356
0.9612
2.2417
1.1423
1.9528
2.1341
1.5283
2.0506
1.5849
1.2404
1.9685
1.4295
1.5197
1.3415
1.1890
0.9445
1.1981
1.3076
1.5698
0.9479
0.4119
0.5112
0.8223
0.2787
-0.0077
0.1374
-0.0160
-0.2137
0.2919
0.6646
0.3364
0.1511
0.2033
0.2420
-0.1405
0.0711
-0.1084
-0.0790
0.1094
0.0582
0.0954
-0.2050
-0.0317
-0.2366
-0.1277
-0.1446
0.0356
0.0342
0.1974
0.4458
0.3294
0.2580
0.1819
0.0903
0.2125
0.0088
-0.0267
0.2262
0.3991
-0.0033
0.3534
0.0724
0.0755
-0.2260
0.0136
0.2835
0.4987
0.9215
0.1580
0.2520
0.7068
0.6971
0.5163
0.9932
1.5702
0.4050
0.7143
0.8498
1.4200
0.4304
0.9575
0.8001
1.0244
0.8620
0.7308
0.5311
0.8443
1.2765
1.0551
0.8519
0.4692
0.3248
1.0886
0.7147
0.6784
0.6915
1.4423
0.9531
0.5493
0.4721
0.3467
0.4172
0.3412
0.4681
0.4500
0.6191
0.5315
0.7186
1.0146
0.8065
0.6154
0.3599
0.3124
0.0440
-0.0042
-0.0277
0.0331
-0.1300
-0.1337
-0.2844
-0.2459
-0.1946
-0.1070
-0.0711
-0.1149
-0.1580
-0.2374
-0.1855
-0.1392
0.1788
-0.0250
0.1097
0.0012
0.0693
0.4799
0.1078
0.2348
0.1695
0.2016
0.1408
0.1599
0.1399
0.3422
0.3546
0.8705
0.5243
0.7002
0.4869
0.6511
0.5794
0.5564
0.5189
0.1623
0.3609
0.2805
0.2237
0.7418
0.6003
0.8649
0.4061
0.0033
0.2137
0.2761
0.2439
-0.2630
0.6030
-0.2890
-0.3988
-0.1643
-0.0832
1.0929
0.2356
0.8222
0.1958
0.0195
0.2936
0.9981
1.0330
1.7113
1.8697
2.2149
1.7252
1.7680
2.5954
1.6758
1.9213
2.4316
2.1447
2.3749
2.1492
1.6568
2.7681
2.0879
1.6343
1.5639
1.7859
1.5914
1.6476
1.2542
1.6769
1.2289
1.7748
1.2717
1.9193
1.5256
1.0802
0.8901
1.1708
1.1670
1.0815
1.3784
0.5580
0.5995
0.4347
0.3943
0.4510
0.1751
0.2384
-0.0963
-0.0008
-0.2629
-0.0872
-0.1586
-0.2277
-0.0112
-0.2449
0.0085
0.3900
0.0175
-0.2188
-0.0718
-0.4684
-0.3494
-0.2194
-0.1081
-0.0879
0.0723
-0.1152
-0.1622
0.1842
0.2149
0.2494
0.1010
0.3928
0.2467
-0.0176
0.4987
0.4678
0.3263
0.4920
0.4945
0.3505
0.2740
0.5366
0.3078
0.2062
0.0741
0.2075
0.0962
0.2384
-0.1339
-0.2002
-0.0746
0.0741
-0.1011
-0.1684
-0.0896
-0.0005
0.3180
0.6094
0.4906
0.4521
0.2692
0.4907
0.1716
0.2847
0.2566
0.3922
0.5311
0.4090
0.5391
0.1379
0.1612
0.0259
-0.0263
-0.1468
0.0782
-0.0734
0.1329
0.1099
0.1422
0.1046
0.0017
-0.0213
0.0137
0.0310
0.0106
0.1428
-0.1303
-0.0480
-0.0160
0.1492
0.6053
0.4359
0.4202
0.3686
0.0660
0.1851
-0.2050
0.0465
0.1251
-0.0048
0.2659
-0.0068
0.0408
-0.0590
-0.1903
-0.5137
-0.5388
-0.6388
-0.4662
-0.3155
-0.4376
-0.3902
-0.3968
-0.2496
-0.1981
-0.1207
0.1242
-0.0540
0.3802
0.1895
0.1807
0.6135
0.7206
0.9340
0.7668
0.2302
0.1151
-0.0758
0.2386
0.6021
0.3183
0.6627
0.6225
0.7854
0.4441
-0.0470
0.4385
-0.3659
0.1119
-0.0463
0.2531
-0.3501
-0.1911
0.0108
0.2932
0.1583
0.0236
0.5733
0.5455
0.0692
-0.0908
0.1022
-0.0652
-0.6329
-0.5438
-0.6389
-0.2988
-0.2885
0.0554
-0.3594
-0.0372
-0.3039
0.1023
-0.1969
0.2312
0.3656
0.4489
0.2787
0.0290
-0.1022
0.2684
0.1069
0.8790
1.0708
1.4678
0.8025
1.2932
0.9781
0.9721
1.1931
0.6311
1.1122
1.2183
1.2570
1.0204
0.8590
0.7221
0.6850
0.7447
0.4215
0.2937
0.3622
0.3160
0.1050
0.0978
0.4151
0.3018
0.5024
0.2665
0.0515
-0.0363
0.1715
0.3805
0.0844
0.4073
1.0238
1.0131
-0.0601
1.1388
0.9947
0.7381
0.6304
0.7184
0.7940
1.1352
0.5246
0.6918
0.0630
0.4277
0.4664
0.3122
0.2513
0.1624
0.3936
0.5342
0.3968
0.5576
0.3198
0.8314
0.4585
0.4001
0.3797
0.4489
0.7563
0.3719
0.6562
0.1825
0.5523
0.0767
0.1277
0.0034
0.1158
0.0537
0.0954
-0.0830
0.1106
-0.1525
-0.0853
-0.0361
0.4866
0.3742
-0.0430
-0.2863
-0.3670
-0.4451
-0.3888
0.0852
0.2652
0.5662
0.5127
0.5154
0.8513
0.3885
0.2139
0.5476
0.7941
0.2160
0.7058
0.5639
0.6932
0.3029
0.1679
0.8234
0.3355
0.6419
0.6686
1.2232
0.7893
1.3794
0.9290
0.7900
0.3817
0.8521
0.4648
0.3422
0.5158
0.8351
1.1753
1.5065
0.7407
1.2917
1.0831
1.3246
1.4259
1.2205
1.1684
1.1917
0.8806
1.8358
0.7959
0.3986
0.7036
0.4798
0.4839
0.8805
0.7052
1.2902
0.6492
0.6523
0.4974
0.7439
0.4659
0.3477
0.3319
0.5465
0.9119
0.7976
0.6840
0.1377
0.0273
0.4516
0.1427
-0.0952
0.0493
-0.2517
-0.3047
0.0993
0.2423
-0.2036
0.0434
-0.0527
-0.2631
-0.2839
-0.2843
-0.1812
-0.2946
-0.3199
-0.4018
-0.4518
-0.3956
-0.4241
-0.4353
-0.3060
-0.3927
-0.3217
-0.2257
-0.4078
-0.4118
-0.4349
-0.4620
-0.5059
-0.5034
-0.5251
-0.2544
-0.2635
0.0985
-0.1344
-0.1430
0.8464
0.3489
0.4511
-0.0630
-0.0187
-0.0607
0.1796
0.1309
0.0097
0.2941
-0.0476
0.4195
0.2849
0.4149
0.6913
0.6466
0.6718
0.9292
0.7275
0.7745
0.3823
0.7860
0.2565
0.8014
0.3976
0.7283
0.6737
0.6710
0.5158
0.6564
0.8237
0.4681
1.0943
0.9910
0.6542
0.4770
0.6449
0.3976
0.0023
0.1436
-0.0588
-0.0643
-0.0638
0.2529
0.3014
0.3276
0.4745
0.2290
0.4192
1.1007
0.8008
1.0199
1.2506
1.0018
0.8998
1.2516
1.1285
1.0799
1.3475
1.7453
1.0621
1.2238
0.9861
0.6966
0.5894
1.1204
0.6423
0.4385
0.6138
0.6032
0.9993
0.9256
0.7089
0.9535
0.6838
1.5310
0.8458
1.1481
1.0990
1.6721
1.5882
2.0001
1.3716
1.0852
1.5314
1.3602
0.9798
1.8327
1.1330
2.1546
1.3196
1.2101
1.1014
1.0697
1.3326
1.0731
0.6452
0.8854
0.8406
0.9707
0.6196
0.6224
0.4441
0.9962
0.8826
1.3257
0.6198
0.8066
0.8637
0.6660
0.6757
0.6456
0.5035
0.4229
0.7198
0.2522
0.2839
0.3073
0.1741
0.5564
0.4766
0.6508
0.7461
1.1208
0.6941
1.1396
1.2308
1.4434
1.2314
1.2386
0.9359
0.8207
0.8056
0.7989
0.8433
0.4302
0.3479
0.9365
0.6438
0.0458
0.2370
0.0685
-0.0161
0.2796
-0.1661
-0.2980
0.1795
0.3038
-0.3780
-0.4969
0.1775
0.4318
0.2271
0.4619
-0.1088
0.2668
0.2163
0.6383
0.3864
0.4381
0.4021
-0.0514
-0.0889
-0.0022
0.0264
-0.3186
-0.0392
-0.1478
0.0751
0.1243
-0.3482
-0.4559
-0.6311
-0.7311
-0.7338
-0.7411
-0.6523
-0.4398
-0.1638
-0.1626
0.0315
-0.1254
-0.0705
-0.2102
-0.1881
-0.3070
-0.3359
-0.2883
-0.4184
-0.3932
-0.4426
-0.2988
-0.0770
0.1393
0.1271
0.1877
0.3886
0.3382
0.1057
0.6966
0.2088
-0.1170
0.2368
0.1274
0.0552
0.3091
0.1391
-0.4293
-0.4500
-0.1003
-0.6953
-0.1952
-0.0494
0.6162
0.3687
-0.0473
-0.0743
-0.1211
-0.2413
-0.0613
-0.3217
0.0682
-0.2733
-0.3448
0.1246
0.2927
0.1858
-0.0671
0.0542
-0.2148
-0.4091
-0.0551
0.0981
-0.0571
0.2872
-0.2051
-0.1432
-0.1240
-0.2967
-0.0984
-0.0653
-0.0759
-0.2207
0.5004
0.3858
0.7636
0.7331
0.8684
0.4969
0.7802
0.3317
0.5448
0.6047
1.4796
0.5888
0.8118
0.8377
0.7213
0.9953
0.3967
0.3560
0.4266
0.0912
0.1677
0.3669
0.4957
0.4877
0.3233
0.5685
0.0359
0.4857
0.5758
0.8891
1.0871
1.3580
1.3694
0.8777
0.8594
0.5213
0.9307
0.3234
0.5957
0.3462
0.5118
0.4368
0.6287
0.5577
0.9111
0.7494
0.7778
0.8823
0.7516
0.7289
0.7721
0.4463
0.3413
0.2933
0.2048
0.1288
0.1983
0.1227
-0.1124
-0.1495
0.1876
0.0641
0.3296
-0.1467
-0.0610
-0.0849
-0.2879
-0.0508
0.0497
0.0984
-0.0634
-0.1805
-0.0023
0.1731
0.1373
0.5631
0.7293
0.8976
0.9398
1.0008
1.4252
1.2253
1.8077
1.2360
1.3086
1.3086
1.8339
1.6625
2.1142
1.9537
1.7421
1.4739
1.1927
1.4278
0.9296
0.3130
0.0949
0.0089
0.2491
-0.0325
0.1208
-0.1564
-0.6516
-0.9517
-0.6789
-0.7058
-0.3693
-0.6145
-0.8213
-0.7470
-0.9141
-0.8782
-0.6708
-0.5211
-1.1114
-1.0534
-0.9140
-0.9218
-0.7032
-0.7668
-1.1233
-1.0417
-1.2108
-1.3938
-1.1908
-1.5836
-1.5940
-1.4069
-1.3700
-1.5948
-1.5527
-1.4803
-1.3555
-0.9111
-1.2556
-1.3515
-1.2817
-1.4126
-1.2961
-1.4571
-1.4061
-1.2352
-1.3930
-1.1391
-1.0847
-0.7180
-0.9546
-0.5173
-0.3277
-0.3918
-0.5711
-0.5661
-0.6897
-0.4737
-0.6400
-0.4296
-0.1225
-0.1711
-0.0573
-0.0706
-0.0939
0.3296
0.1278
0.1798
0.3272
0.5015
0.8949
0.7909
0.5902
0.6911
0.3636
0.4294
0.7750
0.5167
0.2013
0.2435
0.4608
0.5804
0.6674
0.0392
0.1758
0.1401
0.1236
0.4535
0.7387
0.4337
0.3005
0.5375
0.3223
0.1951
-0.0315
-0.0218
-0.2243
0.1492
-0.1534
0.0258
-0.1962
-0.1590
-0.1729
-0.2683
0.0504
-0.1797
-0.3073
-0.5061
-0.4000
-0.3610
-0.3699
-0.3299
-0.7484
-0.3056
-0.5662
-0.4122
-0.4481
-0.4406
-0.5397
-0.1697
-0.3206
0.1088
-0.2984
0.0798
-0.1051
-0.3241
-0.4210
-0.4293
-0.5015
-0.5886
-0.2228
-0.5093
-0.2002
-0.2882
-0.3712
-0.2282
0.0713
0.1882
0.1241
0.3300
0.2760
0.3448
0.4008
0.4748
0.6089
0.3954
0.5104
0.6173
0.7164
1.7243
2.2243
1.6949
2.3220
2.4467
2.2732
0.9853
1.7245
0.9979
1.3346
1.9642
0.9040
0.6794
0.7457
1.2615
0.3490
1.5870
0.9605
0.8997
0.3520
0.4989
0.1059
0.4170
0.3259
0.3295
-0.1363
0.1914
0.3142
0.6546
1.0113
0.9670
1.0872
1.0097
0.9714
0.7362
0.6257
0.3218
0.2299
0.2188
0.3804
0.3355
0.4644
0.1357
1.0410
0.4837
1.4200
0.5604
0.3667
0.3979
0.8355
0.3731
0.8777
0.4481
0.9839
0.3860
0.4927
0.6132
0.9216
1.1984
1.2426
1.3918
1.1994
0.5716
0.7414
0.7531
0.5647
0.5301
0.4916
0.3958
0.2833
0.0404
0.8188
-0.1111
-0.1236
0.0702
0.2119
0.0518
-0.0017
0.2141
-0.0262
-0.0854
-0.1395
-0.1795
0.1279
0.1968
0.1716
0.1734
0.6325
-0.1507
-0.4304
-0.8791
-0.9745
-1.0371
-0.8840
-0.6994
-0.9055
-0.8483
-0.9951
-0.9114
-0.9577
-0.9405
-1.2209
-0.5493
-0.8499
-1.0274
-0.9173
-0.8857
-0.9973
-0.9866
-0.9483
-0.9324
-0.9810
-0.9126
-0.7234
-1.0233
-1.0093
-1.1503
-1.2284
-0.9791
-1.2761
-1.2170
-1.2190
-1.2223
-1.0800
-1.2988
-1.2337
-1.3445
-0.7804
-1.0471
-0.9814
-0.8866
-0.9370
-0.4675
-0.9916
-0.7125
-0.9733
-0.6875
-1.0334
-1.1438
-1.0752
-0.8437
-0.4644
-1.0681
-0.9783
-1.1840
-0.4902
-0.3893
-0.6059
-0.9887
-0.7799
-1.1321
-1.1006
-1.3001
-1.2941
-1.1010
-1.3415
-1.1683
-1.4341
-1.4636
-1.8232
-1.8767
-1.4480
-1.9065
-1.5959
-2.0078
-2.1597
-1.9644
-2.0510
-1.6420
-1.5417
-1.4562
-1.3895
-1.3187
-1.1703
-0.7349
-1.3566
-1.1410
-1.2507
-0.0493
-0.4652
0.0388
-0.6859
0.1265
-0.2409
0.0190
0.0946
0.3989
0.8752
0.2904
0.3684
0.2856
0.1628
0.2399
-0.3668
-0.3742
0.2720
0.0165
-0.2093
0.0091
-0.2335
-0.1260
-0.0837
-1.0413
-0.7900
-1.0743
-0.8167
-0.7875
-1.4294
-1.3498
-1.5024
-1.5970
-1.7985
-2.1684
-2.3391
-2.2012
-1.8276
-2.1126
-2.1229
-1.2988
-1.8319
-2.0091
-2.0056
-2.0258
-2.0899
-2.1288
-2.1567
-2.0563
-1.6150
-1.7435
-1.8022
-1.4355
-1.3328
-1.3578
-1.5077
-1.3842
-1.4911
-1.3941
-1.1293
-0.7612
-1.1886
-0.3587
-0.8132
-0.5788
-0.7950
-1.0762
-0.9901
-0.8424
-0.8799
-0.8266
-0.9743
-0.6443
-1.2433
-1.1565
-1.3195
-0.6859
-0.9683
-1.1826
-0.8204
-0.9070
-0.8577
-1.0542
-1.0183
-0.7752
-0.9896
-0.9953
-0.9655
-0.9650
-0.9133
-0.8713
-0.8791
-0.8209
-0.7005
-0.8438
-0.7918
-0.9374
-0.9540
-1.1121
-1.1866
-1.0801
-1.0156
-0.8945
-0.7653
-0.7188
-0.6383
-0.6038
-0.3432
-0.4021
-0.5327
-0.6245
-0.5387
-0.5096
-0.5442
-0.8222
-0.4464
-0.4941
-0.5182
0.1853
-0.3768
-0.6677
-0.2339
-0.3769
-0.8453
-0.4859
-0.6713
0.6461
0.3837
0.4459
0.3030
-0.0667
-0.2767
0.0865
0.1154
0.1318
-0.4596
-0.3129
-0.3546
-0.1653
0.1630
0.7192
0.3701
0.4750
0.2766
-0.0857
0.8788
-0.1739
-0.3819
-0.0997
-0.3108
-0.2110
-0.2675
-0.2127
-0.5683
-0.7221
-0.8468
-0.9481
-1.0623
-1.2088
-1.2473
-1.2574
-1.4430
-1.5711
-1.5470
-1.6002
-1.3720
-1.5805
-1.5827
-1.5657
-1.6335
-1.6734
-1.7795
-1.8370
-1.9092
-1.9388
-1.9935
-1.9234
-1.9258
-1.7842
-1.5479
-1.7003
-1.5869
-1.9182
-1.9215
-1.9625
-1.7602
-1.7207
-1.4123
-1.2669
-1.3798
-1.2488
-1.6926
-1.9577
-1.6757
-1.8134
-1.7444
-1.5082
-1.6677
-1.5954
-1.5082
-1.2481
-1.2800
-1.3295
-1.2363
-1.0181
-1.2448
-1.5258
-1.5126
-1.5906
-1.4731
-1.0151
-1.2735
-1.4510
-1.6678
-1.9998
-1.8429
-1.9853
-1.4110
-1.4291
-1.2212
-1.4671
-1.4016
-1.7592
-1.6714
-1.7837
-1.6230
-0.6960
-0.8308
-0.8619
-1.4448
-1.0580
-1.1953
-1.0795
-1.2084
-1.0591
-0.8757
-1.0817
-1.0430
-0.8688
-1.1838
-1.0689
-1.3842
-0.7806
-0.1437
-0.3598
-0.6125
-0.0602
0.2469
0.0758
0.4715
0.2785
1.3958
1.0944
1.8385
1.1584
1.0937
1.4443
1.6483
1.4813
1.0382
0.2672
0.2025
-0.0346
0.9950
0.4092
1.2782
0.3934
1.3567
0.6922
0.4123
0.2326
0.1980
0.8464
0.2777
-0.2457
0.2075
-0.2233
-0.2137
-0.4781
-0.0857
-0.5417
-0.4439
-0.6134
-0.3900
-0.5918
0.0364
-0.6779
-0.6767
-1.2290
-1.3761
-1.3373
-1.0560
-1.0610
-0.6190
-0.8713
-1.3565
-1.3387
-1.5215
-1.4773
-1.3624
-1.0427
-1.2704
-1.2743
-0.7507
-0.8502
-0.5896
-0.3743
0.1282
-0.3491
-0.0095
-0.0151
-0.3212
0.0061
0.2721
-0.0432
-0.0273
0.0395
-0.0647
-0.2925
-0.2006
-0.3816
-0.5216
-0.5677
-0.0994
-0.6538
-0.6992
-0.7222
-0.5917
-0.0520
-0.5393
-0.4688
-0.6786
-0.4433
-0.8735
-0.5307
-0.8577
-0.9560
-0.2155
-0.6572
-0.7411
-0.4655
-0.6953
-0.7677
-0.6445
-0.8953
-0.9167
-0.8869
-1.0912
-1.1323
-1.0172
-0.8278
-0.8909
-0.7461
-0.4545
-0.7467
-0.6774
-1.0344
-1.0344
-0.6921
-0.5388
-1.1352
-0.9044
-0.6793
-0.7383
-0.3181
-0.7222
-0.8110
-0.5528
-0.9931
-1.1220
-1.1056
-0.9912
-0.9484
-1.0711
-1.1692
-0.8529
-0.6500
-0.1738
-0.3511
-0.6214
-0.1890
-0.3552
-0.7940
-0.9798
-0.0669
-0.4506
-0.4917
-0.8658
-0.6807
-0.7252
-0.5856
-0.8838
-0.8201
-0.4597
-0.5071
-0.6971
-0.6807
-0.5626
-0.8281
-0.7177
-0.3574
-0.4826
-0.7220
-0.4971
-0.7536
-0.1377
-0.7635
-0.6945
-0.1823
-0.4303
-0.2743
0.1248
-0.3702
-0.2708
-0.5017
-0.1451
-0.4007
-0.4171
-0.5528
-0.4202
-0.6057
-0.6078
-0.6461
-0.9566
-0.8944
-0.6030
-0.5003
-0.3397
-0.4969
-0.2913
-0.5761
-0.2922
-0.4418
-0.4642
-0.5956
-0.2651
-0.2227
0.3474
0.1393
-0.0988
0.0572
-0.1657
-0.3196
-0.0787
0.1247
0.1926
0.2396
0.7562
0.3609
0.4126
0.4214
0.1398
0.3303
1.1199
0.9885
0.2675
0.5888
0.3954
0.8736
-0.1106
-0.0573
-0.0056
0.4143
0.4983
0.4487
0.2204
0.4865
0.5535
0.6716
0.9468
1.4387
0.9715
0.6695
1.2154
1.3331
0.7817
1.3713
1.5205
1.0278
1.4294
1.3042
1.5352
1.0768
1.3003
0.9281
0.9808
0.4457
0.3281
0.7526
0.3245
0.3528
0.3043
0.1068
0.4836
0.1473
0.0064
0.3769
-0.2301
-0.6479
-0.0640
-0.1617
0.0410
0.4143
0.1681
-0.0657
0.1140
-0.0185
-0.0510
1.0779
0.5166
0.5774
0.3662
-0.3244
0.2682
0.0987
-0.0486
-0.0955
0.0080
-0.1955
-0.2718
-0.7192
-0.2949
-0.8881
-0.6801
-0.7758
-0.5830
-0.4624
-0.4270
-0.5041
-0.7724
-0.8426
-0.7033
-0.9014
-0.8755
-0.8204
-0.7355
-0.7099
-0.2412
-0.6385
-0.3903
-0.3806
-0.5754
-0.1921
-0.6052
-0.5376
-0.3767
-0.2824
-0.1689
-0.1837
-0.2206
-0.2470
-0.4057
-0.4661
-0.5224
-0.4942
-0.4607
-0.4330
-0.5102
-0.4386
-0.4267
-0.4777
-0.5344
-0.6138
-0.8092
-0.7269
-0.6443
-0.3290
-0.3157
-0.5317
-0.6426
-0.6320
-0.6817
-0.6808
-0.7068
-0.5380
-0.7180
-0.8463
-0.8033
-0.7561
-0.6874
-0.3905
-0.4950
-0.3618
-0.6605
-0.7335
-0.8742
-0.6029
-0.3701
-0.7975
-0.7432
-0.6048
-1.0222
-0.7097
-0.7386
-0.0747
-0.8375
-0.8007
-0.5428
-0.7977
-0.7497
-0.6728
-0.6085
-0.7023
-0.7293
-0.5947
-0.6574
-0.7951
-0.8939
-0.7594
-0.7609
-0.9408
-0.5451
-0.7993
-0.5981
-0.8643
-1.0374
-1.2805
-1.1357
-1.4412
-1.4449
-0.9718
-1.3296
-1.0846
-1.1193
-1.2144
-1.3060
-1.1891
-1.0160
-1.0348
-1.0226
-1.1069
-1.0654
-1.0119
-1.2146
-1.0005
-0.5392
-0.8985
-0.7553
-0.5834
-0.7463
-0.8699
-0.6347
-0.7376
-0.7485
-0.4830
-0.7543
-0.2366
-0.2610
-0.4961
-0.5406
-0.3452
-1.0145
-0.5587
-0.4633
0.0280
-0.2677
-0.6714
0.4878
-0.0548
0.2290
-0.3090
0.9290
1.2783
0.1775
1.1264
0.3682
0.8598
0.3935
0.9919
1.1156
0.2372
0.7526
-0.3490
0.0117
-0.1790
0.1628
0.1776
-0.1546
-0.3464
-0.4773
-0.2925
-0.3097
-0.6854
-0.3813
-0.0409
-0.6731
-0.5329
-0.7138
-0.9322
-1.1141
-0.7121
-0.9696
-0.5485
-0.8614
-0.7366
-0.8007
-0.8289
-0.6152
-0.6984
-0.4692
-0.7629
-0.6447
-0.7049
-0.6309
-0.7713
-0.8807
-0.6677
-0.0926
-0.3266
-0.2391
-0.5536
-0.2465
-0.3029
-0.5628
-0.1895
0.1964
-0.4132
-0.6661
-0.6553
-0.6040
-0.6144
-0.4337
-0.7311
-0.3802
-0.5291
-0.3861
-0.0408
-0.2647
-0.6034
-0.6663
-0.4971
-0.3633
-0.0913
-0.8336
-0.4412
-0.5074
-0.3145
-0.6326
-0.8711
-0.8116
-0.7414
-0.8865
-0.9026
-0.3255
-0.2966
-0.5881
-0.4314
-0.1619
-0.4108
-0.3828
-0.3201
-0.0696
-0.6069
-0.2615
-0.0283
-0.8154
-0.8868
-0.9849
-0.8480
-0.7658
-0.4027
-0.7728
-0.9684
-1.1108
-0.9130
-0.7349
-1.1046
-1.0156
-0.7309
-1.2173
-0.8835
-1.1828
-1.0363
-0.7304
-0.9435
-1.0579
-0.8545
-1.0290
-0.8066
-1.0627
-0.8535
-0.9285
-0.8685
-0.7685
-0.8761
-1.0978
-0.8619
-1.3196
-0.9732
-1.4531
-1.3632
-1.3401
-1.2309
-1.3875
-1.5583
-1.6231
-1.8188
-1.3856
-1.7818
-1.5979
-1.4977
-1.1203
-1.4015
-1.4920
-1.5711
-1.6049
-1.5713
-1.2158
-1.3652
-1.0685
-1.3594
-1.5497
-1.6145
-1.5857
-1.5826
-1.7179
-1.1345
-1.3558
-1.1447
-1.5451
-1.2641
-1.0883
-1.6627
-1.7030
-1.6419
-1.4438
-1.5966
-1.3020
-1.4205
-0.9300
-0.7631
-0.9986
-0.9961
-0.8298
-1.2561
-1.1123
-0.9540
-0.9536
-0.6740
-0.8663
-1.1345
-0.9823
-0.5078
-0.9968
-1.0301
-0.8844
-0.4667
-0.4022
-0.3314
-0.0529
0.5907
-0.2088
-0.0429
-0.4248
0.0241
-0.3627
-0.7790
-0.0906
-0.5480
-0.0688
0.6898
-0.3289
0.5843
0.0419
-0.4665
-0.0607
-0.6121
0.0317
-1.0114
-0.4383
-0.4277
-0.5905
-0.8887
-0.8285
-0.6697
-0.7758
-0.5198
-0.5746
-0.8979
-0.9192
-0.7556
-0.1789
-0.8610
-0.9809
-0.6011
-0.6498
-0.5843
-0.6577
-0.2771
-0.6127
-0.6922
-0.7046
-0.1140
-0.2089
-0.5341
-0.0658
-0.6985
-0.4774
-0.1986
-0.5571
0.1386
1.1706
0.7302
0.5099
0.3636
1.3608
0.8916
1.5395
1.5133
1.5450
1.3787
1.6085
1.8687
1.5542
1.4984
1.8648
1.6907
1.9036
1.7042
1.9434
2.1741
2.0021
1.6226
1.2521
0.7201
0.4579
0.6046
0.5491
0.6776
0.0316
-0.1772
0.1115
0.1832
-0.3369
-0.0696
-0.1356
-0.1208
-0.2275
-0.1351
-0.2842
-0.1717
-0.5875
-0.6485
-0.0335
-0.6954
-0.5871
-0.6296
-0.5103
-0.6686
-0.5674
-0.6853
-0.5246
-0.5720
-0.5077
-0.5222
-0.7303
-0.5191
-0.9586
-1.0133
-1.1031
-1.1358
-0.7348
-1.0075
-0.5877
-0.7742
-0.6361
-0.8889
-0.7385
-0.8042
-0.3457
-0.6880
-0.7705
-0.4280
-0.4568
0.2316
-0.2758
0.0087
-0.1994
0.1159
-0.4073
-0.1772
-0.4487
-0.3408
-0.2436
-0.1402
-0.1899
0.2331
0.0482
-0.2295
-0.3318
-0.3449
-0.4335
-0.3723
-0.3777
-0.2645
-0.1284
0.0445
0.0402
0.2625
0.3387
0.1267
0.3299
0.2487
0.4051
0.2700
0.5535
0.7452
0.6601
0.9108
0.7538
0.3697
-0.0154
0.1079
0.6143
0.6770
0.8356
0.1158
0.1906
0.8302
0.8017
0.0447
0.2020
-0.1699
0.3317
-0.1643
0.2401
0.7080
-0.1278
-0.4148
-0.4617
-0.3160
-0.2370
-0.5795
-0.3693
-0.3036
-0.3370
-0.2131
0.0292
-0.4266
-0.4381
-0.6015
-0.6027
-0.6313
-0.9816
-1.0608
-0.9137
-0.6939
-1.1809
-0.2353
-0.0002
-0.0485
-0.7560
-0.2154
-0.0326
-0.4475
-0.3465
-0.0620
0.1925
-0.0614
0.3683
0.0315
0.0340
-0.0196
-0.1050
-0.1899
-0.1439
-0.0456
0.2993
0.0144
0.2390
-0.2190
0.0825
-0.0125
1.0410
0.2799
0.4430
0.7888
0.4911
0.5772
0.5317
0.8621
0.6213
1.0872
0.2181
0.5235
0.9197
0.6409
1.0417
1.3331
0.8108
0.9533
1.6197
1.2180
0.7773
0.3748
-0.0855
-0.0179
-0.8248
0.0519
-0.1975
-0.0992
-0.4632
-0.6443
-0.2645
-0.5620
0.0561
-0.7375
-0.8523
-0.7910
-1.1509
-1.4445
-1.3556
-1.1408
-0.9098
-1.4453
-1.3739
-1.2459
-1.2382
-1.0893
-1.1960
-1.2621
-1.1795
-1.4439
-1.3697
-1.5536
-1.6450
-1.3576
-1.4762
-1.0805
-1.5009
-1.4840
-1.4567
-1.4073
-1.2803
-1.1774
-1.1542
-1.1472
-0.7928
-1.2604
-1.1729
-1.1242
-0.9408
-1.2402
-1.0114
-0.7099
-0.3618
-0.5191
-0.8428
-1.0153
-1.2598
-1.2510
-1.3276
-1.3870
-1.3529
-1.4167
-1.3906
-1.4180
-0.9493
-1.1303
-1.1668
-1.2059
-0.8107
-1.0531
-0.8631
-0.9437
-0.6587
-0.9993
-0.7569
-0.9718
-0.9275
-0.7805
-0.7117
-0.6742
-0.5655
-0.4535
-0.3028
-0.0597
0.0781
0.0135
0.0159
0.4579
0.4444
0.5338
0.5206
0.5851
0.8495
1.0300
0.6453
0.2209
0.3447
0.1859
0.2535
0.1346
0.5882
-0.1189
0.1371
-0.2012
-0.2550
-0.2039
-0.1858
-0.6913
-0.6407
-0.0595
0.2138
0.2406
-0.3648
0.1616
-0.2914
-0.1228
0.0960
-0.0745
-0.2410
-0.3207
-0.3096
-0.1560
-0.2027
0.1176
0.3795
-0.0667
-0.0049
-0.0685
0.0272
-0.3762
-0.3160
-0.0464
-0.0392
-0.1194
-0.0179
-0.1556
-0.2515
-0.2262
-0.2435
0.0523
-0.1030
-0.0439
0.1473
-0.0453
-0.0249
-0.0910
-0.1071
-0.0051
-0.2227
-0.2647
-0.2622
-0.2919
-0.2969
-0.3098
-0.1808
-0.2667
-0.2565
-0.4058
-0.4161
-0.1254
-0.2098
-0.0658
0.1224
0.0817
0.0487
-0.0554
-0.1446
-0.0966
0.0363
-0.1601
-0.2169
-0.2451
-0.3281
-0.3547
-0.4177
-0.2010
-0.1108
-0.1418
0.0361
-0.0126
-0.1705
0.2066
0.3188
0.2270
-0.0860
0.6190
1.0855
0.7337
0.6847
0.3438
0.8553
1.0099
0.4834
0.7195
0.7645
1.5823
0.8677
1.2155
1.0290
1.1000
0.9273
1.4769
0.7997
0.8228
0.4231
0.2256
0.1001
0.2950
0.3592
-0.1386
-0.1219
-0.1759
0.1472
-0.2014
-0.2085
-0.3244
-0.0751
-0.2759
-0.0119
-0.3348
-0.1561
0.1396
-0.0299
-0.1044
-0.1201
-0.0995
-0.1452
0.0420
0.1428
-0.0164
-0.5487
-0.3815
-0.6774
-0.3842
-0.3372
0.0740
-0.3886
-0.5742
-0.5747
-0.4469
-0.1352
-0.5005
-0.5815
-0.4771
-0.3024
-0.3325
-0.7627
-0.4310
-1.1349
-0.6975
-1.1579
-0.8231
-1.2371
-1.3365
-1.3390
-1.4360
-1.0445
-1.2269
-0.6322
-0.8105
-0.9852
-1.2951
-1.1204
-1.1005
-1.3396
-1.3151
-1.1377
-1.2395
-1.1963
-1.2741
-0.9134
-1.1277
-0.8634
-1.0844
-0.4292
-0.2725
-0.3529
-0.4572
0.4822
-0.3699
-0.1522
-0.0519
0.0408
0.0240
0.1284
-0.1930
0.6400
-0.0530
-0.3668
-0.3156
-0.9829
-0.7882
-0.4868
-1.6071
-1.7425
-1.5709
-1.8990
-1.5916
-1.4666
-1.6128
-1.6823
-1.8514
-1.3166
-1.8687
-1.6870
-1.3929
-1.2728
-0.8783
-0.7323
-0.5189
-0.3598
0.1113
-0.0049
0.0870
-0.3586
0.0984
-0.4501
-0.1271
0.1316
-0.0387
-0.1477
-0.4165
-0.3947
-0.1850
-0.1698
-0.1378
0.1523
0.3427
0.4443
0.7766
0.1213
0.7846
0.4930
0.5313
0.0980
0.7405
0.2403
0.7545
0.6569
0.4953
0.8732
1.0043
0.4286
-0.0537
0.3913
0.4938
1.3311
1.2887
0.9298
1.1116
1.1273
1.0944
0.5428
0.5225
0.4656
0.8049
1.1885
0.7254
1.4697
0.7749
1.0149
0.4859
0.8372
0.8327
1.1538
1.0240
1.1792
1.5005
0.9827
0.9157
0.9136
0.3130
0.2696
-0.3397
-0.3297
-0.4388
-0.3092
0.1337
0.0669
-0.1362
-0.0658
-0.0734
-0.2124
-0.2581
-0.6901
-0.7776
-0.7385
-0.6391
-0.7533
-0.7122
-1.0965
-0.5231
-1.1664
-1.1460
-0.7605
-1.1109
-1.0770
-1.1952
-1.1682
-1.3089
-1.2188
-1.2228
-0.9942
-1.0775
-1.1055
-0.8926
-0.8434
-0.3475
-0.5226
-0.2181
-0.4857
-0.5066
-0.4908
-0.5633
-0.5346
-0.2831
-0.5086
-0.4994
-0.5900
-0.5904
-0.5358
-0.3459
-0.0489
-0.1398
-0.1807
-0.2517
-0.2940
-0.3533
-0.4017
-0.4075
-0.2646
-0.4542
-0.5583
-0.6131
-0.7105
-0.7611
-0.7097
-0.5536
-0.6765
-0.5194
-0.3549
-0.0989
-0.3242
-0.0466
-0.0691
0.0855
0.6034
0.2923
0.7244
0.6120
0.5338
0.3193
0.7455
0.9017
1.1420
0.1661
0.4574
0.6728
0.9215
0.4300
0.2124
0.0785
0.4980
-0.1757
-0.2591
-0.1985
-0.3033
-0.0238
0.1991
-0.2476
-0.5552
-0.4671
-0.4891
-0.6346
-0.9773
-0.5869
-0.2718
-0.3043
-0.5093
-0.7646
-0.7360
-0.6694
-0.3381
-0.6294
-0.5623
-0.5993
-0.5234
-1.0764
-0.9617
-0.6801
-0.5677
-0.7736
-0.6780
-0.5391
-0.4458
-0.6549
-0.8359
-0.5866
-0.8883
-0.3598
0.1329
-0.2404
-0.6367
-0.2939
-0.7780
-0.4034
-0.3490
-0.6400
-0.2349
-0.1366
-0.1919
-0.2837
-0.2713
-0.5214
-0.4934
-0.4663
-0.3976
0.0222
0.1485
0.3674
0.2201
0.1709
0.3465
0.1480
0.3229
1.0648
0.1895
0.3986
0.2869
0.9347
0.6528
0.9600
0.6234
1.2820
1.0763
1.1903
0.8919
1.1391
0.7548
1.2085
0.8508
1.0479
1.2004
1.0155
1.2626
1.1181
0.9200
0.8912
0.3164
0.4583
-0.0396
0.0191
0.3993
0.1355
0.2099
0.3609
0.7577
0.2204
0.9202
0.6586
0.7572
1.5763
1.7614
2.2351
2.9274
3.0730
3.8616
3.1015
3.3110
2.7085
3.7164
2.9174
3.6518
3.3888
3.8631
3.1372
2.8939
2.3978
2.4707
2.0250
2.9542
2.5652
2.3981
2.2884
2.1692
1.9453
2.1767
1.4107
1.7500
1.1993
1.0954
0.8398
0.5021
0.8695
0.3571
0.4371
0.6267
0.5702
0.3446
0.2385
0.6840
0.3785
0.2758
-0.1506
0.3334
0.1282
0.2110
0.0609
0.5669
-0.0359
-0.1025
-0.0484
0.4076
0.0971
0.4636
0.0432
-0.0750
0.0282
-0.0691
-0.0836
-0.2400
-0.3062
-0.2185
-0.1413
-0.1660
-0.0324
0.0833
-0.1431
-0.0023
-0.5264
-0.6527
-0.6685
-0.6739
-0.6491
-0.6490
-0.6599
-0.6587
-0.4768
-0.3214
-0.7323
-0.7460
-0.3341
-0.5526
-0.2459
-0.5119
-0.5902
-0.6189
-0.6151
-0.9189
-0.8363
-0.6996
-0.7798
-0.9352
-0.8161
-0.3945
-0.3570
-0.2978
-0.7305
-0.7969
-0.9647
-0.6391
-1.0132
-1.1076
-1.1237
-0.8806
-0.8770
-1.0981
-0.7734
-1.1948
-1.0243
-0.9841
-0.9966
-1.2595
-1.3122
-1.3374
-1.2599
-1.0934
-0.8842
-0.9423
-1.0149
-0.9163
-1.0793
-1.1838
-1.2981
-1.2677
-1.2457
-1.2577
-1.2173
-1.2687
-1.2244
-1.3295
-1.3479
-1.1831
-1.2854
-1.3529
-1.2065
-1.2798
-1.0271
-0.8242
-0.3939
-0.1633
-0.5060
-0.9251
-0.7316
-0.5293
-0.2424
-0.9314
-0.6334
-0.4167
-0.4425
0.1627
0.1168
-0.2272
-0.0269
0.4082
0.5303
0.1556
0.3971
0.0145
0.0259
-0.0653
0.0046
0.1580
0.2887
0.4028
0.7776
-0.0452
0.1795
0.5390
0.5054
0.7164
0.8120
0.3951
0.5519
0.6664
0.5946
0.4169
0.3966
0.3877
0.8662
0.8697
1.0599
1.0500
1.2808
1.3074
1.5029
1.7173
1.3198
0.6352
1.4799
0.7356
1.3188
1.1665
0.8545
0.8208
1.0013
0.7206
0.5929
0.2456
0.3309
0.3007
0.8451
0.9825
0.7221
0.6130
0.6349
0.3101
0.4732
0.3176
0.2376
0.3612
0.5219
0.4404
0.3991
0.0846
0.1138
0.1911
0.0461
0.0516
0.3185
0.3577
0.1159
0.2950
-0.0616
0.3546
0.2939
0.3608
0.3359
0.0964
0.0881
0.2131
-0.3020
-0.2305
0.0214
0.2286
0.3396
0.0397
-0.0208
-0.2099
-0.3512
-0.2228
-0.2586
0.3947
0.0986
0.6397
0.4590
1.1946
0.9691
0.8654
1.0324
0.7149
1.0945
0.5396
0.5976
0.5018
0.5277
0.4782
0.8218
0.7166
0.6338
0.4475
0.2646
0.1481
0.4427
-0.1262
0.3191
0.3655
0.0982
0.3618
0.9258
0.1712
-0.2171
-0.1018
-0.2236
-0.2132
-0.1535
-0.3141
-0.5583
-0.3470
-0.2711
-0.2897
-0.2831
-0.1945
-0.1178
-0.3515
-0.2124
-0.6896
-0.8183
-0.9253
-0.9555
-0.3791
-0.5564
-0.2952
-0.3293
-0.4127
-0.2825
-0.5444
-0.5850
-0.5991
-0.3545
-0.3570
-0.5254
-0.5102
-0.2281
-0.4329
-0.1598
-0.4527
-0.4311
-0.4954
-0.4359
-0.3554
-0.1320
-0.2632
-0.3895
-0.4783
-0.6240
-0.7224
-0.7617
-0.5882
-0.7957
-0.5885
-0.7612
-0.3059
-0.0709
-0.6363
-0.5174
-0.5098
-0.4454
-0.4800
-0.6738
-0.6607
-0.8691
-0.8839
-1.0712
-1.1630
-1.2125
-1.1324
-0.9453
-1.1035
-1.1817
-0.8586
-1.0331
-0.7466
-0.8472
-0.4439
-0.4680
-0.6402
-0.5041
-0.6040
-0.9118
-0.7057
-0.8476
-0.7670
-0.8707
-0.6881
-0.9306
-1.0545
-0.9998
-1.1051
-1.0468
-0.4172
-0.8497
-0.6500
-0.8234
-0.3749
-0.7049
-0.6069
-0.7415
-0.7480
-0.8317
-1.0182
-1.1230
-1.1692
-0.9765
-1.1335
-0.9866
-0.9755
-0.8655
-0.9315
-0.9860
-0.7204
-0.6514
-0.4531
-0.4393
-0.9534
-1.0524
-1.2016
-0.9835
-1.2376
-1.1640
-0.9706
-1.0204
-0.5548
-0.7265
-0.7093
-1.0370
-0.9600
-0.8829
-0.4736
-0.7191
-0.7003
-0.6893
-0.4402
-0.5529
-0.5104
-0.5250
0.3284
0.9307
0.0003
0.7711
0.8942
1.1174
1.7596
2.8833
1.8342
2.3370
2.9185
2.5557
3.2641
3.3180
2.5362
2.5237
2.7948
2.4652
3.1520
2.8916
3.0512
2.3478
2.7846
2.6154
2.3449
2.2845
2.7711
2.7541
2.3163
1.9512
2.2930
1.9765
2.1043
2.0040
1.5486
0.9318
0.5489
0.5181
0.4929
0.2262
0.2294
0.2379
0.6838
0.5328
0.7218
1.1855
1.0543
0.7603
0.6945
0.3545
0.5581
0.6333
0.8499
0.4994
0.5387
0.5028
0.3813
0.3187
0.7229
0.4309
0.5055
0.2164
0.1429
0.0180
-0.0326
0.1331
0.4017
0.3779
0.4863
0.5621
0.3662
0.5218
0.0706
0.3222
0.0118
0.1082
0.0077
-0.0698
-0.2341
-0.2109
-0.3719
-0.4525
-0.3891
-0.2609
-0.3859
-0.2515
-0.0667
-0.2595
-0.3340
-0.2376
-0.3303
-0.3978
0.0175
-0.3797
-0.1741
-0.1022
-0.2941
-0.1769
0.1812
-0.2271
-0.3051
-0.1552
-0.2771
0.0549
0.1195
0.0099
0.0123
0.2776
0.0824
0.1503
0.3414
0.2030
0.2349
0.4566
0.2354
0.3910
0.4334
0.2931
0.8390
0.4906
1.2800
0.4393
0.5907
0.5281
0.3862
0.2294
0.6147
0.0977
0.1529
-0.0266
0.1893
0.0303
0.1788
0.4121
0.3628
0.1810
0.1002
0.0997
-0.0505
-0.0484
0.1797
0.2302
-0.1735
0.0602
-0.3282
-0.3899
-0.4395
-0.3746
-0.4864
-0.6127
-0.3352
-0.6021
-0.3054
-0.1736
-0.5755
-0.7077
-0.4688
-0.7087
-0.6347
-0.6387
-0.3557
-0.4316
-0.1962
-0.2309
-0.2489
0.2035
0.2478
0.5200
-0.0946
0.1179
0.5010
0.7528
0.4025
0.6639
0.9023
1.7812
2.0946
2.6832
1.7929
1.7041
1.7668
1.6348
1.0193
1.0080
0.8445
0.4681
0.9026
0.5728
1.2313
0.5035
0.5067
0.2788
0.2292
0.0500
-0.2415
0.3168
-0.3151
-0.3513
-0.1091
-0.0378
-0.1380
-0.5595
-0.5255
-0.4049
-0.1303
-0.2089
-0.1994
-0.3031
-0.0810
-0.1897
-0.2403
0.1303
0.2188
0.4306
0.3224
0.6590
0.2295
0.9220
0.3316
0.4333
0.3541
0.0778
-0.1524
-0.2704
0.7711
0.2651
1.1014
0.0524
0.6646
0.6027
0.9255
0.9098
0.8286
0.5498
1.2157
0.9340
0.7383
0.8097
1.3432
1.4094
0.5818
1.1358
0.6653
0.5498
0.5016
1.0357
1.1325
0.8981
0.7980
0.8754
0.7372
1.0736
1.0119
1.3940
1.0179
1.2596
1.5019
1.2508
1.4634
1.2602
0.9797
1.2792
2.3732
2.1715
1.5763
1.7714
1.9445
1.7427
1.7168
1.4461
2.1285
1.2443
1.3446
1.3422
1.3262
1.2423
1.1406
1.5865
1.4675
0.7970
0.9075
0.7530
0.6646
1.1284
1.2914
0.7041
0.8797
0.7544
0.8352
1.0926
1.5308
1.1526
1.0501
0.8819
1.0418
1.2760
1.4482
0.9728
0.9970
0.7502
0.4953
0.2376
0.5227
0.4961
0.3396
0.4202
0.1842
0.3009
-0.3353
-0.5259
-0.5571
-0.5083
-0.3867
-0.4285
-0.4237
-0.5704
-0.8025
-0.7187
-0.4303
-0.5942
-0.7326
-0.8388
-1.1202
-1.1090
-0.9984
-1.0626
-1.1130
-0.7605
-1.1332
-1.2346
-0.8390
-1.0426
-0.7755
-0.9842
-1.0798
-1.0797
-1.1125
-1.0468
-1.1236
-1.1131
-1.0901
-1.1173
-1.1086
-1.2165
-1.2521
-1.2855
-1.2179
-1.2108
-1.1177
-1.2037
-1.2452
-1.3716
-1.4124
-1.4119
-1.3615
-1.0013
-1.2041
-1.0537
-1.2034
-1.2030
-1.3068
-1.3633
-1.3080
-1.3176
-1.0046
-1.1779
-1.1168
-1.0546
-1.0826
-0.9754
-0.8833
-0.7915
