5.267035996770145223e-01
4.885293104657721930e-01
4.527612744572478420e-01
3.858316449005514404e-01
3.306379798439778028e-01
3.474575740668704449e-01
4.494641185752015211e-01
5.315420002363043794e-01
4.871177144963481087e-01
3.435326533299288276e-01
2.912214537501607303e-01
3.375837209781165082e-01
2.738260730422337197e-01
3.247034062081899930e-01
3.774269519742962653e-01
4.154103880503684509e-01
5.096457653763923901e-01
5.217232257792676631e-01
5.503069145777954585e-01
4.329843085068585395e-01
4.314108014495184884e-01
5.457683318298698349e-01
4.991646962473150761e-01
4.787641692309067554e-01
6.094813485881103166e-01
6.856939119602853960e-01
5.035069258493352073e-01
3.325496360330846279e-01
3.142793270512884152e-01
4.306244318517147285e-01
5.301856824760915465e-01
5.401283729434130931e-01
5.439123715590133967e-01
5.219207700831189900e-01
4.613671303354780484e-01
3.983661088259236593e-01
3.966324593262140485e-01
3.668669769447638895e-01
3.319824180828312432e-01
5.590046069706977594e-01
6.095434384434731401e-01
6.090229691768704878e-01
5.662551751106530418e-01
4.931676413256375069e-01
4.493843186455349081e-01
4.636698885198108355e-01
4.948241159722935323e-01
5.429282098782290955e-01
5.907710254545033290e-01
5.902326525956139713e-01
5.123603417079694022e-01
5.198023433769374257e-01
6.260617273785700210e-01
6.434960213362780346e-01
6.295625633008374855e-01
6.380888219032516684e-01
6.730183988741109680e-01
6.626387869791481311e-01
7.071869167852549154e-01
7.622998230736682812e-01
6.052769154729918943e-01
4.380204487671142677e-01
4.244697651034120556e-01
5.015688828115848485e-01
5.583488676854693189e-01
5.241032150777638066e-01
5.442918139376986542e-01
6.201737456152438543e-01
6.483209093343257345e-01
5.599527103566785957e-01
3.547774732139789555e-01
2.596786617657791396e-01
2.916549246745990809e-01
3.199479397700856209e-01
4.091947511128019022e-01
5.133157610135159477e-01
5.305646624878797013e-01
5.753853929158998515e-01
6.695605821333030505e-01
6.627719972984789099e-01
6.004241016954248167e-01
4.399828157647812654e-01
3.900215540427051097e-01
5.335049729134473395e-01
6.014372697767992326e-01
5.350666147261325944e-01
4.958379065485570836e-01
5.289646409171957497e-01
5.551049803496824753e-01
5.753548702236037649e-01
5.832255165570472411e-01
5.795043924737114382e-01
5.522516258823149116e-01
5.010728420413756989e-01
4.699856493996838469e-01
4.173472708996028846e-01
4.693630378934153802e-01
5.803537143702787171e-01
5.747682347987858043e-01
5.195109082629982833e-01
4.511587555138924510e-01
4.280109302743249633e-01
4.333095559512820660e-01
3.684196321285688747e-01
4.991026889436318004e-01
7.232330552798719170e-01
6.585958625458496751e-01
5.288393707754881490e-01
4.702704485524865641e-01
4.657762794141483420e-01
6.013414486928403413e-01
7.340761835899974885e-01
7.216819489382994002e-01
6.627706669318378374e-01
6.122163079038174249e-01
6.038339342494093431e-01
6.584936569718438104e-01
4.760541403536703298e-01
5.133400142884733119e-01
5.113474303106565477e-01
5.024222352389606794e-01
4.549105146368752073e-01
4.336025474293268567e-01
4.913099867085123917e-01
5.265415673950595288e-01
4.085008886057479027e-01
3.009834345110442011e-01
3.249405530833575639e-01
3.202027481086381355e-01
2.454106976048044675e-01
2.755555861127501061e-01
3.854041734084593385e-01
4.071233814662127415e-01
3.926008517755525395e-01
3.908959540237084140e-01
3.252868609516673115e-01
3.406625277780692129e-01
4.199309110925123489e-01
4.084845619515827808e-01
4.212741157328799835e-01
4.641547013661294629e-01
5.025993717080118328e-01
5.081477115084034324e-01
5.006032376125195693e-01
5.061906642003752843e-01
4.861923247900269418e-01
4.467416341852947226e-01
5.424301051523932049e-01
6.945819923434239929e-01
6.408529006188279364e-01
5.093696557038722705e-01
4.736608341922787790e-01
4.670809610809998347e-01
3.297103585549224780e-01
1.529533731262148755e-01
2.065648709637507019e-01
3.930599700809507269e-01
3.171150706291936405e-01
3.880822093435050135e-01
5.058115731609020838e-01
4.613358237411028795e-01
4.066736957951360143e-01
5.485541643185184446e-01
5.617197576596359987e-01
4.550628627808434024e-01
5.674019488392105792e-01
6.613385928102898381e-01
5.531674348751043357e-01
3.619227198501268616e-01
2.496418327326363207e-01
2.184088995022526736e-01
2.757445759472629265e-01
3.652745601274732801e-01
4.360788531231277743e-01
4.968769116588060419e-01
5.496914777394136253e-01
5.064692504100452020e-01
4.556874468247453236e-01
5.006561550648633840e-01
4.826793237062989017e-01
5.165952974991746549e-01
5.970114249661713224e-01
5.362957901951647122e-01
3.655146083786040556e-01
2.824312255618805501e-01
4.154820584374383508e-01
5.552402472045543380e-01
5.135332473335316728e-01
3.297254798492451622e-01
2.291256784959293247e-01
3.817698107775295835e-01
5.257067939633253140e-01
5.475033036607279691e-01
6.394652560310256639e-01
6.767879254120701127e-01
7.906534080549324495e-01
8.344150162104717605e-01
8.127738460374103191e-01
7.450025633373482670e-01
6.165456995440723453e-01
5.005688620178910808e-01
4.210296547132990619e-01
3.560024949726402488e-01
3.982512671445064267e-01
4.739004509652451347e-01
4.738974756698937085e-01
4.480240498611517963e-01
4.431680684979910079e-01
4.341535847053576980e-01
4.843271220813107347e-01
4.584597320384969921e-01
3.994869563753807862e-01
4.672729917965119939e-01
6.287595768039394573e-01
7.030616875024411350e-01
6.576803751269681975e-01
6.388782593819410938e-01
6.158257180846320455e-01
5.855779812150674335e-01
5.402124550360560828e-01
5.213277088421772731e-01
5.183397070758464231e-01
5.174086303139451282e-01
5.295545029387224156e-01
5.408852221712523445e-01
5.606053365942162969e-01
5.246753571859263943e-01
4.950769631492806244e-01
6.602377170067871281e-01
7.755775973846378291e-01
6.655093782261098934e-01
5.714489462149019428e-01
6.198920274627108817e-01
6.853637011026638692e-01
4.761765007432555707e-01
5.549780622590303469e-01
5.030330917770856614e-01
4.952194333857544706e-01
4.358593978080589904e-01
3.670505950018914110e-01
3.415187879613969524e-01
3.725439580132730022e-01
4.052209720135120929e-01
4.240284883179138431e-01
3.847042529421074164e-01
4.177780310437195221e-01
4.350604897708645336e-01
3.622980814684937378e-01
4.292329713490206089e-01
5.205947346186576841e-01
5.571654093706477351e-01
6.057008852442509195e-01
6.692159756120077407e-01
7.680335803709973375e-01
7.883584558039717916e-01
6.421821797650744124e-01
5.417930694317532048e-01
5.570340573844771992e-01
5.871377667646826559e-01
5.738784688013279789e-01
5.223251280631504567e-01
4.889841739212613114e-01
4.679071660117231635e-01
4.344974377144271704e-01
4.172214834168430087e-01
5.152727293105404671e-01
6.380058995698211222e-01
6.110270741633818670e-01
5.568677622102273794e-01
5.608819402208449212e-01
5.634232683323648905e-01
4.788636515001826188e-01
3.805390229007896141e-01
3.676010562986975483e-01
3.360604326727724134e-01
4.021658215127137392e-01
5.240835165712428578e-01
5.993242768803824783e-01
6.013416062513351479e-01
5.963697567936990795e-01
5.062378859085063798e-01
4.725104608686883645e-01
5.565650757577765839e-01
6.422252839943201064e-01
6.446653239082660303e-01
5.642072386665267780e-01
5.164355385585184255e-01
6.165793623729465267e-01
6.510294912135052847e-01
5.924668850876178006e-01
5.859654941565621833e-01
5.301984494274989412e-01
3.944121016348334230e-01
3.153042259667692138e-01
2.956531152540893270e-01
3.224746738921898670e-01
4.290296072873533983e-01
5.484126184829611894e-01
6.055594113940263590e-01
5.320431040970885483e-01
4.275861931748452527e-01
3.795812699578521299e-01
3.899607677431061736e-01
4.033685326459229281e-01
3.092107578006552671e-01
2.063855127087280972e-01
2.110306393823088433e-01
2.530609618281268181e-01
2.958680764450921652e-01
4.027449862449613005e-01
5.164231241979096998e-01
5.189828341730684524e-01
6.728744052242277007e-01
7.334237215472027005e-01
7.034604792386016658e-01
6.257278011799281003e-01
5.457405783309192682e-01
5.158954653555869463e-01
4.731800773082973643e-01
4.652816645330940526e-01
4.828305816302836950e-01
4.842774299559811091e-01
4.662154149934982228e-01
4.603771963288627034e-01
4.832979242753393523e-01
4.911337422614038273e-01
4.590227915151315896e-01
4.413429437439928549e-01
4.698138727942097193e-01
4.296681467319719006e-01
4.566269995102045787e-01
4.657553351103301820e-01
4.322746809997751738e-01
4.433475152120796015e-01
3.897659578634937727e-01
3.934052308027082834e-01
4.760363662099550419e-01
5.995092927833374219e-01
6.617029622112629017e-01
6.315632566808890846e-01
6.115607887319065572e-01
6.258058003634254796e-01
6.443320331739437190e-01
5.609115008054101903e-01
4.910600274399159471e-01
6.163935748913242918e-01
7.027289159860113932e-01
6.087553535010707950e-01
5.218144640067901019e-01
4.936120562898744790e-01
5.459071370484994690e-01
7.082858821114857983e-01
8.044159639517156624e-01
6.838614020111263292e-01
4.522600566603633965e-01
3.638909265856756226e-01
3.920110887291972657e-01
4.231141549659329648e-01
4.036811797462395157e-01
4.171622319889035646e-01
3.197340137574599117e-01
2.771801517137778559e-01
4.012905206368668765e-01
5.027026481734173657e-01
4.361514520084984192e-01
2.725214375824565050e-01
2.021744250177104907e-01
2.118036572990266986e-01
2.690397812072575778e-01
4.582531467914046641e-01
5.793230323055900133e-01
5.202225581415566014e-01
4.434843599397368941e-01
5.087107654633054032e-01
5.675216208164310938e-01
4.962257860869394577e-01
5.037390212652479438e-01
5.512644130828223688e-01
6.548705312653582133e-01
6.378154076043922593e-01
5.337604260924857513e-01
5.355459643933955238e-01
6.511902846271209189e-01
7.029502609035179761e-01
6.446505026353421819e-01
5.925677954410433212e-01
4.942669874338029845e-01
4.072337818633767759e-01
3.701753730438452905e-01
3.968129319001939548e-01
3.902066005652617964e-01
4.855321987194657352e-01
5.315249189576446431e-01
5.733381912121262580e-01
5.721710945299204321e-01
5.356325242918551499e-01
5.098942009613900428e-01
4.911458886123323819e-01
4.595131708760690215e-01
4.673052833240927129e-01
6.122562223802516801e-01
6.705007728738217043e-01
5.706660526787972199e-01
5.094244512781544998e-01
5.821118244844047940e-01
7.201573128564658921e-01
7.886444348958914219e-01
8.095669327826829909e-01
7.775132181962249867e-01
6.480396302353468307e-01
5.157720892598556262e-01
4.649556089693882566e-01
4.529319976849854323e-01
5.056527301534963215e-01
6.439238554467745512e-01
6.429673771546641214e-01
4.596360790262126739e-01
3.571825780317282595e-01
3.024086442367011629e-01
2.214250008573285244e-01
2.496295456531826273e-01
3.439103549444341712e-01
3.943512871877650205e-01
4.132443289535911446e-01
3.133597698897309658e-01
2.270777203278244727e-01
3.338885701707006159e-01
5.366423188668730804e-01
5.597276788992178176e-01
3.728942545048784529e-01
2.665559271579103773e-01
2.704070185809784865e-01
2.991902125805761536e-01
3.999632348977870677e-01
5.155386660707761415e-01
5.582892965648227346e-01
5.395600858575015923e-01
4.665405201394940415e-01
4.327947075913228803e-01
4.699847335308216523e-01
5.085450221134053539e-01
5.029086378926010958e-01
4.988128735670857572e-01
5.265251038941964890e-01
5.699769080833194668e-01
6.169585231318830409e-01
6.242339377888457275e-01
5.735640421251366750e-01
5.296705981830677201e-01
5.151099524339695090e-01
5.013527925695960841e-01
5.110928166383883475e-01
4.785758805802787785e-01
5.071365432769261439e-01
6.419519353705809284e-01
5.043498786476505735e-01
2.757689804315791027e-01
3.871270369789696075e-01
4.872906064487461664e-01
4.547387538347079650e-01
3.947921571922566875e-01
2.714359233574671348e-01
2.638866105077815050e-01
3.351031706613007977e-01
3.969157813935348389e-01
4.132063271345516320e-01
3.887578338628066010e-01
4.071451802974110912e-01
5.478584823652777880e-01
6.621515797504269329e-01
6.792063499868259413e-01
6.495772908695213177e-01
6.394771593271846299e-01
5.931258010776966350e-01
5.192045297117962033e-01
4.801238199750678115e-01
4.561430524872868153e-01
4.613635432469958553e-01
3.860594955456872479e-01
2.974030780708794008e-01
3.759335696652763570e-01
4.857153898188283359e-01
5.249567637563166134e-01
4.711612227629002891e-01
4.136974976543028037e-01
5.061290453781367438e-01
5.947529117103300678e-01
5.312427479075023662e-01
5.127495475283023740e-01
5.475437000400272813e-01
5.181639289348081157e-01
5.709992153947123228e-01
5.714900216281976197e-01
5.188471505394667282e-01
6.199146503153353249e-01
6.289402512275544810e-01
5.177076267318465597e-01
4.756010448194678553e-01
4.789608207251978000e-01
6.008201485958476473e-01
7.141524532389333935e-01
6.205384315912831905e-01
4.872089512235696640e-01
4.381560957868869122e-01
4.364067583187982713e-01
4.679099120456157168e-01
4.865130237395326462e-01
3.797842456345085771e-01
4.589566673562757160e-01
6.004567752965024319e-01
6.470782008200840485e-01
5.895788049484859128e-01
5.105591974371622710e-01
4.675326484561863616e-01
4.972479574582872042e-01
5.480945996235279116e-01
5.660265445147678598e-01
5.766701112034905430e-01
6.098829642250963579e-01
6.371024346260212301e-01
5.967712530963229511e-01
5.202305811562534243e-01
4.738410113629069054e-01
4.836168718397808597e-01
5.565744883508527696e-01
6.470430618977642823e-01
7.564527673602626789e-01
7.241825115530906576e-01
5.751916662619445120e-01
4.673298830829795136e-01
3.787452085117879452e-01
3.737966222846738629e-01
3.503337134630000183e-01
3.852832593841246100e-01
4.455286875019943693e-01
3.843760314873139183e-01
3.295406131678110251e-01
3.345838760981488247e-01
4.057836627359673320e-01
5.041186676982315484e-01
6.185368747749642182e-01
6.645070860515812639e-01
5.597892580389600692e-01
4.830851626789357534e-01
5.653218999649824994e-01
5.472979374739266323e-01
4.748215964377480169e-01
3.576043734968546994e-01
3.845974269632915776e-01
6.169187974140324382e-01
7.221619812543226269e-01
6.212985907825716581e-01
5.425676609670992967e-01
5.689988849395580806e-01
5.878273700292238058e-01
6.037342176335330768e-01
7.126137345988657890e-01
7.356802462313203339e-01
6.285550317899214479e-01
5.315580869530500685e-01
4.311496738335803824e-01
4.930419279825187795e-01
6.381826499178602230e-01
6.154388039550546807e-01
5.126995623199790408e-01
4.668912767618955684e-01
4.543852286073859492e-01
4.502313177883792150e-01
4.431741560004555103e-01
5.077754593580006137e-01
4.165552250599232065e-01
2.687009528567158578e-01
3.078127663158648497e-01
3.392220459960039181e-01
3.992174736251486444e-01
4.246203744590286155e-01
3.829509945069590748e-01
3.676752886007753074e-01
3.008235107862089475e-01
3.424130928072801616e-01
4.819321025464624597e-01
5.209122177176990220e-01
5.066263372426307310e-01
4.900271398244003818e-01
5.081264046979521165e-01
5.635175374632088729e-01
5.772795175104747933e-01
4.676388321643050183e-01
4.376334798716763341e-01
5.127189997225873874e-01
5.622087322084516892e-01
5.258333938831430965e-01
4.722767937922108250e-01
4.514892556483190988e-01
4.654661410777782837e-01
4.572602987984040190e-01
3.372240299495001814e-01
2.078349478190348598e-01
2.869917175988190294e-01
4.597818721164514955e-01
5.763019463391000352e-01
6.939549343863030684e-01
7.518033162908549505e-01
5.384052298963879490e-01
2.608616260475684068e-01
1.538604394541969178e-01
2.534786781222366780e-01
4.437507104118081358e-01
5.090381102690392234e-01
5.736723140745711991e-01
5.930139928259899884e-01
5.821935439543094448e-01
5.870478666684957325e-01
5.214692533020315324e-01
5.723442200525492574e-01
5.990807403399431852e-01
5.071018507215694360e-01
3.658882906675829383e-01
3.259103992864378352e-01
4.497620469274238308e-01
5.339772823453440287e-01
5.410362397479995256e-01
4.911686838464005000e-01
4.643182218076120638e-01
4.771826664152791220e-01
6.136014041678283792e-01
6.848552865535113554e-01
5.747381850084778421e-01
4.358968926465401905e-01
4.144330641641174040e-01
4.615965565928836778e-01
4.872810243242362005e-01
3.801846046844251092e-01
2.223686761031617998e-01
1.554796345633333576e-01
1.473551921595517011e-01
2.446020296751424128e-01
4.521659167750828878e-01
5.424460500557624076e-01
5.455704852970061358e-01
6.150011759839686398e-01
6.996805940303189031e-01
8.164324494178991642e-01
8.493901058786521574e-01
7.942340034800158266e-01
7.662874450080108257e-01
6.782665360763571183e-01
5.995886115009387840e-01
6.216382921536154349e-01
6.614474494181334929e-01
6.543212051765849857e-01
5.776647524752115404e-01
4.934525154188994511e-01
4.468924261774631645e-01
4.158128199467555630e-01
3.961881102094126916e-01
4.692785665307457332e-01
4.600821056758597205e-01
3.714751283682752869e-01
3.732144368264275203e-01
3.865065954764617673e-01
3.975217823065386735e-01
3.987016048100597287e-01
5.673119083725262080e-01
6.114245835878904245e-01
6.698456424319620961e-01
5.997060319790681326e-01
3.989376618338352221e-01
4.066311576966112895e-01
5.260663129394114179e-01
6.412594487087857065e-01
6.415364706238582126e-01
6.369809026303457911e-01
7.469026795187958534e-01
7.890991967903826509e-01
7.926899895413825892e-01
6.990770390957219416e-01
5.236959124846858327e-01
4.029443839874490285e-01
3.576655168661339590e-01
3.761113795005132654e-01
4.713945055700414222e-01
4.988768604041052268e-01
5.306424345444445967e-01
6.165107273172054647e-01
6.172959068873250521e-01
5.547418379635847829e-01
5.049631776153491458e-01
4.753614294852973599e-01
4.285286166711579359e-01
3.391471144642843050e-01
3.757108269931956901e-01
4.727768142770962800e-01
3.849172545625617614e-01
3.857189667213396511e-01
5.158096547156338918e-01
5.780842970211110821e-01
5.479844551105593764e-01
4.456279830155412958e-01
3.811056053856476389e-01
3.962166808979930566e-01
4.529380364628939337e-01
5.593608260947460220e-01
4.117135719366769031e-01
2.748100782513275275e-01
4.116736421219067132e-01
5.743766411157315011e-01
6.308789730631330084e-01
6.732764346255180055e-01
6.445877851824433069e-01
6.391351353755585496e-01
6.772490040483205576e-01
6.889108440388798105e-01
6.860677100122396510e-01
6.792540500477370902e-01
6.657535734572939123e-01
6.148647816974626146e-01
6.283778360926741691e-01
5.908817526169451995e-01
4.476649679810543736e-01
2.814734258079309992e-01
1.892818549314625454e-01
2.397674645670352378e-01
3.596816779372566386e-01
4.411870062171333595e-01
4.029479901535757413e-01
2.636940314133567886e-01
1.249561386257798529e-01
1.144694539596643607e-01
2.770443232898042174e-01
4.845698469836262623e-01
5.596808080534695362e-01
6.407831196446587274e-01
7.047376725687578558e-01
6.391133936503374802e-01
5.955078850781050370e-01
6.104376837688312296e-01
5.855885538651738331e-01
5.451309777168322768e-01
5.314951049896268209e-01
5.541646562603894655e-01
3.911897208510973223e-01
3.922248507896654024e-01
5.305656061715531280e-01
6.203176238560429434e-01
5.017868373670321125e-01
3.164935850324266386e-01
3.579857224357955725e-01
4.650812124637008771e-01
4.928599147274840275e-01
4.535349828595038879e-01
3.578100469276646600e-01
3.109872811812579019e-01
3.525420704365600510e-01
4.423404010666537878e-01
5.266109822830093989e-01
5.570810791032414500e-01
5.764618194151431840e-01
5.796311955420458961e-01
6.682581809572252229e-01
6.715794444084445258e-01
4.824105882943504620e-01
3.421824995220233978e-01
3.974225671824604955e-01
5.229051547243276366e-01
6.399078082440790016e-01
7.260317288089752630e-01
7.520340663986213592e-01
7.042705135040239206e-01
6.287716365944021613e-01
6.077905433945214320e-01
5.902341930037650064e-01
5.626703531254506618e-01
4.961313838139817523e-01
4.512843516034185098e-01
5.086242020833566801e-01
6.079676814948076213e-01
6.386535034235129027e-01
5.984631348586602062e-01
5.400875813526548885e-01
4.987668075569607895e-01
6.225975310921030292e-01
6.377326902796274233e-01
5.087206046796672876e-01
3.675354594592042945e-01
3.574791079658588555e-01
4.358187660052619261e-01
4.065760812472115626e-01
2.675254822712908598e-01
1.397438480657839099e-01
1.477002937486095457e-01
2.135168223296171064e-01
3.040961616221061203e-01
3.523544255898317656e-01
4.151776530988970371e-01
4.808531501838545497e-01
5.835653064787029720e-01
7.035432023314778238e-01
7.270450201111267052e-01
7.260013294074012524e-01
7.303736027485157045e-01
7.490440905692059559e-01
7.744760081625482462e-01
7.703638213667378665e-01
7.187645118890344520e-01
6.735505053094252848e-01
6.045581933961143850e-01
5.746278713308445862e-01
6.122329453709162150e-01
6.054617269638189470e-01
5.583216498515382042e-01
4.814635150844518985e-01
3.183858818505260757e-01
1.984848336134162061e-01
2.378656478004020913e-01
4.096671041736982821e-01
5.556558959054116453e-01
5.294088006616302078e-01
4.608397931900161670e-01
6.522134835630788441e-01
6.412703395066626788e-01
4.961744088846949396e-01
4.718692608116026310e-01
5.568440622265448114e-01
5.187638773066731712e-01
4.228055684086637345e-01
4.378316005881863759e-01
5.655465635543479586e-01
6.666407519655502822e-01
7.108704036041060270e-01
7.376384649391038995e-01
8.016500408177378301e-01
8.285773440842472137e-01
7.776061916258363294e-01
5.325695162662650306e-01
3.740331542876521587e-01
4.402572008247235269e-01
4.164682331634330659e-01
3.688662147281950299e-01
4.435641945602744607e-01
5.228578294888186484e-01
5.076374457342379687e-01
4.979187737386057133e-01
5.257380073438715495e-01
4.639274918486230304e-01
3.629160318722108314e-01
3.386953929133657004e-01
4.334959588420472798e-01
5.618535372351205481e-01
5.560901541699569961e-01
4.802574323948222146e-01
4.601085144873884314e-01
5.993086285883290065e-01
6.346678022234901739e-01
4.466206164358542674e-01
3.255333217720308703e-01
3.344286262251803254e-01
5.314606549314609962e-01
5.545363946610528671e-01
4.664356800479538823e-01
4.338099743158300159e-01
5.479531148464027446e-01
5.346765256387993048e-01
4.687378057377190044e-01
4.780800266628771888e-01
5.108601880126723005e-01
6.331737358785205494e-01
7.265789661793400356e-01
6.605986641692229711e-01
5.995149607092550292e-01
5.705533873109663867e-01
5.935395995541462577e-01
5.839450150457001776e-01
5.049655183583749984e-01
3.972430214921545688e-01
2.968500616865081820e-01
3.546553435301288970e-01
3.959892013711425740e-01
2.944382135636210429e-01
2.363830664972031981e-01
2.903981649185670699e-01
3.764107040537613136e-01
5.219986375642393650e-01
5.894652149774454175e-01
5.111236319527503458e-01
3.647344319792648060e-01
3.566609063148277192e-01
3.748207612812862743e-01
4.007337266864897107e-01
5.314719169430607293e-01
5.758620728524665999e-01
5.616261808799425381e-01
5.713120546564121049e-01
5.827636514826013414e-01
5.884626026473965821e-01
5.657523700917576059e-01
5.261361225010988685e-01
5.286964904091878692e-01
4.459480876622747836e-01
5.072287662240951844e-01
4.353044043350695613e-01
3.481339670185396029e-01
4.122595097035264278e-01
3.966808744055750346e-01
4.276545605356757429e-01
4.779425619255933677e-01
4.997723169086275563e-01
5.004611542469761254e-01
4.285809612280954140e-01
3.503951791511124014e-01
3.266112185123406508e-01
3.825779807952846001e-01
4.592098868512992094e-01
4.606005055656078317e-01
5.346738823656203010e-01
6.026300642522135487e-01
5.370155667547037437e-01
5.251573507537153906e-01
5.932347406222227004e-01
6.025750247469445764e-01
6.276360385947361564e-01
6.240973356193801891e-01
5.679803392259141770e-01
5.981929922287186896e-01
7.068600203446417929e-01
8.149404542053171330e-01
8.557064956283815249e-01
7.515027910499900710e-01
6.217155470763777725e-01
5.760716473232796453e-01
4.804910716208610766e-01
4.114522462236928080e-01
5.166855277262463186e-01
6.680377483403103778e-01
5.391568901387213675e-01
3.547969104690021358e-01
7.133309978093759218e-01
6.309783200105441026e-01
5.544171943484913490e-01
5.475701813088251768e-01
5.850279715586400586e-01
5.348461281601547546e-01
4.325962557871985137e-01
3.736504839800811051e-01
3.160177634028112914e-01
3.806681941170538264e-01
4.617308932208977201e-01
4.368421710860490581e-01
5.598071327032760891e-01
6.696161356342287263e-01
5.608423141303182646e-01
5.552329998521811083e-01
5.814855408955412752e-01
5.710565842188402019e-01
6.078807979940256123e-01
6.221873400507123009e-01
6.498357401779248921e-01
6.567801769825324376e-01
5.586365411219256227e-01
4.829126084454035683e-01
3.825036493433007223e-01
3.028472140759266296e-01
4.483528347379711620e-01
6.252304317609291839e-01
6.802527538474500979e-01
6.868425164005889094e-01
6.560070383805001182e-01
5.595820906286261831e-01
3.820010822473881573e-01
3.675202901312275006e-01
5.087202852592412894e-01
5.713510325840988058e-01
6.492337232920968315e-01
6.215010727957903658e-01
4.605093560134311259e-01
4.228519813755816648e-01
3.897433753353541919e-01
4.191285558288495028e-01
4.782194742220403083e-01
4.349148249417944534e-01
4.258166192405983264e-01
4.464991800564939162e-01
4.655160930151442944e-01
5.732376773983109963e-01
6.851008417955002372e-01
6.721191726933530841e-01
6.331823373948040068e-01
6.444538779176489651e-01
6.066697370930429489e-01
6.135650591246111230e-01
6.851172333618962274e-01
6.228230602273281402e-01
5.590797715613646801e-01
5.436954410323566744e-01
5.003033272013849286e-01
4.446120598698297677e-01
3.399765700582259020e-01
2.588838059580788054e-01
2.740597150056447440e-01
4.051188656966892010e-01
5.493765751954933219e-01
6.160196338520605996e-01
6.434447257714130952e-01
5.211734553162299388e-01
4.085183218861406229e-01
3.956918622972511734e-01
4.131550546605710084e-01
4.405230530476416106e-01
5.227108908679898303e-01
5.418463661928333286e-01
4.954908216053971470e-01
4.506346741432800118e-01
3.551011239269997732e-01
3.634054120997770587e-01
4.674162692095470417e-01
6.354776084086937171e-01
6.071245413452766027e-01
5.119243277497763644e-01
4.742550770030446450e-01
5.280203950523929546e-01
5.535524417172210665e-01
5.561132684638864232e-01
5.564209147314833626e-01
5.697943829037335206e-01
5.867002078223362282e-01
4.988921635371033614e-01
3.707967522589376008e-01
3.775445327648145888e-01
4.215943289551635775e-01
4.489261450778096463e-01
4.850317437420991196e-01
4.925354481315671329e-01
3.927827109554673513e-01
2.849567595243872598e-01
2.908623303429285212e-01
4.242488405315564814e-01
5.626420745434698167e-01
6.465988159299568272e-01
6.934073459243470516e-01
6.050597476655419360e-01
4.656154859688818037e-01
4.039133075609437906e-01
3.912088367925463106e-01
4.989849775335805093e-01
6.383912611408373294e-01
6.824847915612289873e-01
6.380698534958486601e-01
5.190604628264385845e-01
3.719872143144682397e-01
2.862953502473294942e-01
3.879508905415261499e-01
4.676382931147958777e-01
3.782891531103684812e-01
5.849676060751922702e-01
5.667849268640207105e-01
5.152050813115962580e-01
4.547061599685796041e-01
4.238844266068270139e-01
4.562489717733685946e-01
5.166390218421318403e-01
5.315386864675626377e-01
5.066886993368608927e-01
4.976018792057409490e-01
5.139460055886040379e-01
5.311850403979733182e-01
6.051083973714288522e-01
6.098533271011822299e-01
6.419062205869615623e-01
7.322731831946818204e-01
5.468541967201590026e-01
3.587853030224414930e-01
4.314783484498224131e-01
5.191703190564089798e-01
6.089651812566638789e-01
6.124023434301508750e-01
5.058907044728641056e-01
4.700670686209912907e-01
4.891144687769621857e-01
5.404809345805641208e-01
5.527133500107659358e-01
5.150631849878959390e-01
5.521518900932864682e-01
6.163157778003719445e-01
6.360917968842629833e-01
5.796622203176428068e-01
4.813813301056511507e-01
4.482773692049126235e-01
5.418077222278987470e-01
6.497858003736196597e-01
5.795522990893220427e-01
5.310694496583932001e-01
5.709320190117086469e-01
5.921434525086346490e-01
6.900233867206104765e-01
6.684589253052330982e-01
6.127413889588478879e-01
4.924262504458228329e-01
4.286511408039588300e-01
4.805136834136649049e-01
5.082850228655372282e-01
4.798554482178362113e-01
3.536376923371604142e-01
2.609914566097279454e-01
3.566394680528863770e-01
4.682778699179194204e-01
5.165675835275074235e-01
6.424544476009801386e-01
7.557464342369475396e-01
7.735458276503353048e-01
7.929028287822545984e-01
7.488331020602172483e-01
6.515964412903373359e-01
5.332064901293215309e-01
4.080054065105908068e-01
4.798055948531700921e-01
6.782532790724212779e-01
7.280033023918967006e-01
6.586873303382388967e-01
5.020672921413080747e-01
3.534813943675448322e-01
4.080177090665733641e-01
5.813596804137032281e-01
6.612298538256922154e-01
4.857426437988184853e-01
3.904375042428129827e-01
4.427250548164885502e-01
4.027402962746085002e-01
4.135357862443365118e-01
5.208404936811017460e-01
5.966893472748482363e-01
5.548787553007794582e-01
4.062741900730970634e-01
4.329069863606357371e-01
4.191227594525663847e-01
4.171024921797045204e-01
4.183114370693375994e-01
4.308378306227635957e-01
4.464655325950764309e-01
4.376029162091974456e-01
4.101309901150342330e-01
3.220158398825409551e-01
3.134725147346023588e-01
4.786034437496359817e-01
5.255976451213767442e-01
3.901643096491866913e-01
2.705719599748569459e-01
2.834611771180261530e-01
3.507616537179142346e-01
4.134163065711016771e-01
4.861677241741688693e-01
4.355651443755805818e-01
3.087064590507635486e-01
3.271466107585850880e-01
4.309484825223768301e-01
4.892446598336179786e-01
4.999559787379080911e-01
5.175500228282872150e-01
6.552941309657520641e-01
7.740676476017409602e-01
7.454440624916949254e-01
5.915059700241214191e-01
4.758481247373743672e-01
5.001557784749736113e-01
5.149358437775212183e-01
5.404772432320725795e-01
4.955619220861171570e-01
3.732179687849317418e-01
4.113484128654097960e-01
4.923154217666760868e-01
5.038673276190560602e-01
6.547964331423521411e-01
5.547537732194298687e-01
4.481406547233239834e-01
4.402236201921143066e-01
5.044248247185592060e-01
5.997684142819940112e-01
6.902027681078189980e-01
5.859532770595005102e-01
3.970695994171191678e-01
4.061777217078442748e-01
4.879680699312406444e-01
5.176030920585050765e-01
4.646531203919846975e-01
3.317091732773473356e-01
2.930243574745363677e-01
4.674039262509278037e-01
5.298617255686285388e-01
4.461110597602707672e-01
3.763199307934963489e-01
3.066621936573832308e-01
3.621430601548777384e-01
5.308692362265936548e-01
6.008126466623257000e-01
4.668835920404947881e-01
2.980897692870768667e-01
3.968968863691519910e-01
5.953042024812358335e-01
6.276643473566611009e-01
5.932761968883286663e-01
5.464289258019362494e-01
5.049864951992066864e-01
5.041333996216328384e-01
5.247460246324638922e-01
4.976336142156503328e-01
4.564027454007152929e-01
5.289168668881528701e-01
4.608788389902106486e-01
3.223712282131537821e-01
4.983969593338309356e-01
5.476068587236151419e-01
5.652076098804671433e-01
5.163890450988899428e-01
4.605271267953960912e-01
4.633003751164141426e-01
4.973574367130860763e-01
4.884569680916118761e-01
4.531348122390438937e-01
4.479302620033825399e-01
4.576433996860045372e-01
4.660814503833400346e-01
4.814574805376530264e-01
5.038952475105045181e-01
5.341093980118323259e-01
6.381395269506252577e-01
7.291843415015337726e-01
7.264710289698044221e-01
6.747013142490940751e-01
5.928005467863154410e-01
4.882495719735199247e-01
4.261720782900029203e-01
4.136830790931065316e-01
3.794402567503009638e-01
3.991133619293545931e-01
5.509503897804950423e-01
6.822022093878323812e-01
6.162807014421720631e-01
5.266407058510703676e-01
5.034884184864076850e-01
4.747120621373100979e-01
4.676323153629937668e-01
4.886955833742395727e-01
5.019074492020202394e-01
5.083733521876168115e-01
5.380928733141238096e-01
5.738448083027949398e-01
6.009095339934233948e-01
6.695120404463064112e-01
6.929799539220796722e-01
4.617144153197291767e-01
5.404368674431601072e-01
5.630313633461688783e-01
5.413840364929081161e-01
5.071869473380224980e-01
3.869525697920622176e-01
3.795308574798573198e-01
5.023897549506035620e-01
5.259085397545677498e-01
5.803280333033745686e-01
4.996356146673891496e-01
3.931902308634220855e-01
5.352350530345595381e-01
6.275667029595091151e-01
5.563329009693345206e-01
3.906288648292546295e-01
2.724065603231383692e-01
2.909919435973500335e-01
4.310490355857993228e-01
5.822007235007584658e-01
6.272927297851252915e-01
6.081000519787436165e-01
5.790002308138864073e-01
6.028378384387087507e-01
7.001691104250824527e-01
6.545639957777158457e-01
4.251179997493585994e-01
2.987477953646157092e-01
2.884540169107184804e-01
3.642911791269041188e-01
4.456877817461114555e-01
4.505815994606431341e-01
4.505804476041568307e-01
4.955634204025168854e-01
5.591576362797154864e-01
5.666494743253551736e-01
5.177304176615877829e-01
4.414596615529952084e-01
3.765556555688294726e-01
5.150173863935300078e-01
5.288226113264964390e-01
5.812765564410575791e-01
5.425658931984622679e-01
4.607401699126482120e-01
4.355627962238891593e-01
4.835776471459569126e-01
4.483355192146203372e-01
4.024064619862425252e-01
4.200703424565870314e-01
4.733594167930932350e-01
5.704468767828778653e-01
6.204155698423946541e-01
4.741608712711313234e-01
3.684575379548983287e-01
3.959902470217544490e-01
3.308880990682726009e-01
3.771558171827235073e-01
5.042386241240853773e-01
5.585691193889107398e-01
6.210861110120233786e-01
7.291251916615126838e-01
7.841275459022309935e-01
6.438496227629725288e-01
4.971629835386173757e-01
5.714415614168157909e-01
7.414458850389038513e-01
8.344025587660710563e-01
8.143345548000352485e-01
6.224351176071105662e-01
4.451088147637253245e-01
4.218133205657508267e-01
4.682810551294106505e-01
5.349452342571631158e-01
5.469256370976038895e-01
4.913878324270088971e-01
3.690912997412098551e-01
3.108021917044561100e-01
3.556993203974139206e-01
6.876096156854716313e-01
6.827048340442382068e-01
5.252021847527443832e-01
4.480002778786548179e-01
4.911227720861885970e-01
6.032273232801768081e-01
5.978841305551991780e-01
4.944261299775553065e-01
4.923726795420433344e-01
5.260665494128151654e-01
5.469251985345870981e-01
4.745036812245089219e-01
3.184168080544071966e-01
2.251991117742887238e-01
3.643611494561660447e-01
5.859379258696677528e-01
6.868581557320980746e-01
6.224942162988159611e-01
4.379640877307583446e-01
3.429414659482440952e-01
3.735174086965878382e-01
5.183740515544628114e-01
6.472856511922379097e-01
5.534237585933856618e-01
3.906055372578717266e-01
3.906887622182902420e-01
4.289644440383997281e-01
3.951719685112176084e-01
3.960012266979642259e-01
4.493384477331313076e-01
5.002973376559463059e-01
5.273096861001306257e-01
5.523744689956154863e-01
5.598923567731722839e-01
4.577564353910617556e-01
4.122005427337240291e-01
4.689498826834009870e-01
4.958823917957889682e-01
5.393328190505126685e-01
4.090949697603563640e-01
2.806457082166469164e-01
2.640226550197537492e-01
3.682738828055621694e-01
4.874008223143647678e-01
5.373326345672009285e-01
5.931883482985633727e-01
6.098617480117414225e-01
5.914207093496072210e-01
5.877243174408416371e-01
5.672123714284283968e-01
4.106614258794450967e-01
2.783760173962834816e-01
3.914990318112209766e-01
5.131122256531650550e-01
5.102793618428769218e-01
4.863784728982440408e-01
4.576927851411582981e-01
4.279829930876273281e-01
3.874878488344497551e-01
2.792456312621037773e-01
2.133996513733477929e-01
2.715097283402747586e-01
5.156080350912618515e-01
7.154333461693482832e-01
6.604204610873887216e-01
4.894859627796612767e-01
2.895553213086536348e-01
2.309276249854359531e-01
3.433279948360671296e-01
4.408683094681594694e-01
4.603332502108694602e-01
4.876250782253513383e-01
5.248987146397574577e-01
6.351307026949478685e-01
7.178175184627907379e-01
6.198160969831345568e-01
5.076896791482077287e-01
4.239991167426200858e-01
6.669414939651894247e-01
8.147379257300351174e-01
8.588237974116199602e-01
8.093716535590984584e-01
5.632713225832264303e-01
3.755596507273707418e-01
4.690853063433766956e-01
5.437441663394708691e-01
5.222565710607360856e-01
4.871096557658682880e-01
4.238173670297257778e-01
5.104408897628254227e-01
7.103697384910694357e-01
7.779333908629280092e-01
6.526521676508418857e-01
5.318764409452653164e-01
4.571064179735542243e-01
4.753290968052896193e-01
5.707357866086566478e-01
6.598881179610155412e-01
7.150329889653790350e-01
5.689730458184339978e-01
4.275772028078177467e-01
4.173507418517040657e-01
4.446012125678986404e-01
4.843073571352716211e-01
5.352367004793165961e-01
5.793074725099187638e-01
5.893637484788503134e-01
5.692506009194228112e-01
5.386551010498359382e-01
5.125457823431784909e-01
4.850722958707786026e-01
4.416443527449237516e-01
4.096579375151951363e-01
4.220032335549359637e-01
4.699886818621353823e-01
5.063786919107114981e-01
5.146297904185650474e-01
5.708809401352521462e-01
5.329790149110755770e-01
5.432998731304360396e-01
5.639672322074713584e-01
5.614063537041052987e-01
4.996908123129665258e-01
2.981248419340173927e-01
2.288689576668632708e-01
3.662782212482311728e-01
4.412385143581269986e-01
3.985261881481803048e-01
4.392886828690624190e-01
5.380992381306988204e-01
5.339227144735341213e-01
5.632489897868915296e-01
6.292390860369502237e-01
6.567461253718160918e-01
6.143308505090738780e-01
5.723501257560026367e-01
5.735539062877106353e-01
5.733331859805802511e-01
6.269932025264778330e-01
6.733835694636011171e-01
5.805454956152895640e-01
5.051348758321401178e-01
5.246584316364817369e-01
6.275034300879011040e-01
6.356699873953944868e-01
5.552256875019696558e-01
5.700335767874984416e-01
5.875671220389927507e-01
5.599487187340015382e-01
6.112622668944264204e-01
5.620576891706385858e-01
4.370980828893029080e-01
4.344792990816103151e-01
4.955654652592422771e-01
5.797988305472122628e-01
6.188306469000567356e-01
6.962809662190332372e-01
4.827288761821074692e-01
2.676422366075285608e-01
3.130312608389234086e-01
4.508262739437607913e-01
5.077683590993347096e-01
4.959852184267971031e-01
5.202829068737170326e-01
5.010776554321686449e-01
4.654687916464296249e-01
5.291214220657025624e-01
4.999814525325879666e-01
3.106698955761497682e-01
2.466219727584712251e-01
3.932574987352105422e-01
5.171466136821833981e-01
4.828237126985258643e-01
4.208261641536079622e-01
4.209293544987920965e-01
4.994359110627716869e-01
5.927974116237770819e-01
6.439750362456397870e-01
7.441492954850166264e-01
8.118669310394417415e-01
6.775365637755204062e-01
5.419357584497739300e-01
4.922075884259805023e-01
4.582591537577638818e-01
4.762632901685377451e-01
5.355162307681601286e-01
5.504321446771273108e-01
5.076971441831310550e-01
5.159439753456946942e-01
5.861849892991608524e-01
6.862359657163485949e-01
6.888001431417860587e-01
6.043750994833326784e-01
5.229540748766923208e-01
5.587195851571028493e-01
4.627903504608856800e-01
5.304448776500992890e-01
5.778379263162632951e-01
5.527429778036925256e-01
5.603641346056705830e-01
5.569939286587656246e-01
6.787106304739825013e-01
8.214468316566638784e-01
8.039455262840298211e-01
7.659534677060817476e-01
6.328749480862865262e-01
4.022165885787940542e-01
3.558157560680219600e-01
5.043761939725515120e-01
4.343140217518066670e-01
2.502721333468241327e-01
2.011667049192710222e-01
2.126155168104196802e-01
3.681612940744639628e-01
5.293131407116817844e-01
5.665820958244269789e-01
5.604637660923498244e-01
5.502183288007344020e-01
5.654051229213186147e-01
5.760756534344273483e-01
4.555185345685655030e-01
3.047750575319401745e-01
2.662491638218968393e-01
3.357959688876903659e-01
4.027177449790504404e-01
4.105228473290286617e-01
4.727790928941030257e-01
4.877533435495822189e-01
4.305497194444987130e-01
3.440972521402114737e-01
3.037225900323273775e-01
3.214614496430954205e-01
2.768047258393837029e-01
2.643978833018404972e-01
6.782690348947475467e-01
6.229882711633195624e-01
6.382045730514810389e-01
6.025953346519286047e-01
5.272567882659555671e-01
5.562431476912155226e-01
5.842528425640929335e-01
5.890275472417032532e-01
5.843110775833362247e-01
5.751061754721762398e-01
5.565865029839761613e-01
6.182164608549067797e-01
6.821949536344664722e-01
5.759481650243027939e-01
4.721276338215595336e-01
5.851229309837473469e-01
7.191818279758043220e-01
7.100481343100834009e-01
6.681062377475862624e-01
6.603480479925193380e-01
5.443189936993577671e-01
4.377283138173816979e-01
4.483884333960428958e-01
3.966073189078540007e-01
3.943723735677569509e-01
4.450264692833353908e-01
5.617835554935575182e-01
6.969569617930355676e-01
7.085896463534178125e-01
6.095648024419472177e-01
5.541085579694497998e-01
6.006110580831183210e-01
6.562411811407475870e-01
5.531255919703289559e-01
3.846651352990672068e-01
3.952364541921620789e-01
4.837805800113696986e-01
6.400547005853176596e-01
7.781344903892675191e-01
5.853868968244351212e-01
6.432006365882607657e-01
5.744037829453561006e-01
5.430918149879073731e-01
4.889680218335053508e-01
4.505862455491974616e-01
3.835154526043113021e-01
3.411055075968284500e-01
3.560653882121259106e-01
4.273853528249756950e-01
5.169357495689258508e-01
5.536276152738187628e-01
5.487366052093951563e-01
5.069534839767657619e-01
5.053553070415326420e-01
5.226323471706832979e-01
5.055146544807221920e-01
4.828614138856923699e-01
4.790726373681468142e-01
3.903287907839203541e-01
4.579587033851138522e-01
6.608122711201123156e-01
7.683781296409896155e-01
7.822980211695305108e-01
7.017171127238870376e-01
6.248462072457938721e-01
5.795686394359411686e-01
5.826160650744951486e-01
5.748838947050542991e-01
6.108812755578240106e-01
6.210300880900475606e-01
4.659214485834460295e-01
2.540168983279776360e-01
2.004061048848390647e-01
4.537931224369946559e-01
6.146138913843061102e-01
5.517547605618418061e-01
5.008604339179938414e-01
4.329174606641330580e-01
2.972332067161573277e-01
3.309551594923555440e-01
4.303924919042824149e-01
5.201563984250874295e-01
5.174477485123969434e-01
5.041335594223559369e-01
5.301097912587802163e-01
6.329391983363126251e-01
6.579191635695995632e-01
6.037730614356777714e-01
5.536962841837640426e-01
5.238097124992835418e-01
5.002653428521900425e-01
4.561999262969212987e-01
5.563640044186930478e-01
6.225227884613553364e-01
5.186031590961270865e-01
4.449393294808314248e-01
4.997429758952884327e-01
5.500397074180239931e-01
4.921969127707974678e-01
3.289648996487504751e-01
1.845354691847951867e-01
2.513495548997838891e-01
4.068955500545635706e-01
6.248870882087453893e-01
7.243531862800315357e-01
5.684028619978931385e-01
5.086018893337773683e-01
5.209765789535680813e-01
4.037502827124995752e-01
3.527643179275424257e-01
4.884047712437233346e-01
6.690218553375875121e-01
6.562068317314635468e-01
5.262403064055656277e-01
3.796312615951796254e-01
2.500110491299795679e-01
2.375556123788139518e-01
6.267584628698610327e-01
4.947089063709570467e-01
3.683546858911856958e-01
3.704033626824178027e-01
3.926523668199005668e-01
3.845271897730695443e-01
4.506288803673678123e-01
5.324183746920074789e-01
5.053943594260269512e-01
5.433333871233396728e-01
6.005778133491717075e-01
4.447036211532409133e-01
3.696538755980503521e-01
4.931221067837048277e-01
5.790021418660150632e-01
6.286799981775182955e-01
6.517478312063073043e-01
6.800231321112888416e-01
6.291924123244465594e-01
4.517136092179619977e-01
3.881582438986370676e-01
5.392695036168348999e-01
5.705338294567516844e-01
4.628393956769093487e-01
3.513345349964665520e-01
3.311082353833581515e-01
3.847401790320932324e-01
3.872088537959912924e-01
4.257461176565268124e-01
4.721501475108692558e-01
4.998933006360465892e-01
4.894494153491640853e-01
4.438790319829097331e-01
4.090611831278699873e-01
4.057578862052169111e-01
3.331231281079469753e-01
3.470785513243929143e-01
4.625012089995832465e-01
4.992417351879601672e-01
6.521199507062558354e-01
5.126890822492479183e-01
4.936726394003817520e-01
4.854319303901351579e-01
4.848690846127156062e-01
5.098242198142772796e-01
5.546946415704777644e-01
5.929930215341497890e-01
5.724050584382905926e-01
4.939830949858245446e-01
4.277391025459190699e-01
5.188499949711218306e-01
5.927028599479803317e-01
5.686808881026297335e-01
6.555378865312231351e-01
7.323166015810302909e-01
6.491598143589840664e-01
5.524908954644768277e-01
4.559585711302259758e-01
3.850798624674670600e-01
4.304772011785585328e-01
5.456287713858369859e-01
6.316502229742254615e-01
6.435757706381546317e-01
6.912870415056580065e-01
5.874095191070165534e-01
3.489338263471131740e-01
3.097930360100141223e-01
4.924170970990973117e-01
6.046720182726096349e-01
5.288490426903420527e-01
4.212356861554059639e-01
3.053922249175380355e-01
2.478847259146193249e-01
2.911984838253181551e-01
4.277454435779952657e-01
6.171280634215886574e-01
7.123311199057187348e-01
6.809262125990240833e-01
5.349088496920749725e-01
5.554944536250885356e-01
5.469071304923585064e-01
5.787110262046769593e-01
5.590648921057284060e-01
5.521010196976364748e-01
6.565943230615913784e-01
6.816935968162678439e-01
5.895946222590525698e-01
3.662001463816806357e-01
2.115537057499877194e-01
3.334709524310417450e-01
4.691429820562536546e-01
4.504654468919833121e-01
3.509314966596667751e-01
2.936856165394175489e-01
2.792095069793755768e-01
2.580971185866762774e-01
4.005303904196830800e-01
5.592127777329120031e-01
5.783261791742885238e-01
5.707505863148790715e-01
5.518475970585059454e-01
5.029459642487630333e-01
4.600415238531330719e-01
5.838355976840576833e-01
7.674772771596580778e-01
7.886772194765551136e-01
6.183410263069306634e-01
4.150492873815380124e-01
3.178598977288464855e-01
2.902928567207213595e-01
3.645702976589672573e-01
5.781788718279783357e-01
7.631612227293804729e-01
7.194852929544882647e-01
6.317157823999846045e-01
6.327146776837186959e-01
6.053544565532080757e-01
5.025298865403483584e-01
5.435804624289002351e-01
3.838696903139092176e-01
2.611729491756437094e-01
3.581114501151235752e-01
4.848279342253944968e-01
5.302689410820587979e-01
4.685056769812195876e-01
4.436554314268505439e-01
5.122822043266370695e-01
6.390360483523020996e-01
7.519540354215379363e-01
6.408390338905092243e-01
4.486630078740301286e-01
5.371436905237663151e-01
7.087358057378017051e-01
6.981191307153404857e-01
5.839488622631383574e-01
4.532106100112704428e-01
4.087487734022197117e-01
3.863115853213066053e-01
3.785913379416815383e-01
3.012170431889755196e-01
2.311184388527529887e-01
2.815053569547635859e-01
4.262218301499791639e-01
5.019557768304518941e-01
4.376565141375359236e-01
3.108308849508985006e-01
2.231931987801246686e-01
3.057574477229008103e-01
4.988097171360087456e-01
5.654211126706356616e-01
5.308852276982048979e-01
5.371717082901685814e-01
5.292751470419615467e-01
5.216372059091614055e-01
5.124586172844521892e-01
4.391960438540324918e-01
3.562982405447048251e-01
2.423927574931188378e-01
3.478939885128390919e-01
4.871363763022357185e-01
5.260712336251189836e-01
4.425251476453672672e-01
3.407385735110346481e-01
3.062327166453724381e-01
3.682374504858200726e-01
4.844293784501590983e-01
5.257050111543879467e-01
5.270861532406935224e-01
5.271973749762083328e-01
5.346617614998878665e-01
5.172450087166703403e-01
4.988813083412886318e-01
4.873325158475078633e-01
4.380384914233349525e-01
3.635877379107987917e-01
2.504314770753921504e-01
2.749519656904915177e-01
3.239188476166702801e-01
3.675923218983396246e-01
5.283488371487459201e-01
6.265976458869180199e-01
5.990177219344320347e-01
3.780765896304524309e-01
2.065985701114160245e-01
2.567086250472696562e-01
5.071512385625054353e-01
5.973010125292317340e-01
4.769607785610685546e-01
4.414026658988940977e-01
4.149793051662787335e-01
3.146613125676550604e-01
2.163901767691597255e-01
2.061256621345327611e-01
2.309537971642614540e-01
2.973982340884275821e-01
4.879620391336340623e-01
3.089691428101326021e-01
3.986617338896185081e-01
5.652663051570270270e-01
6.044877768499525850e-01
6.746543116383614258e-01
7.039154345960859649e-01
6.576677815572108399e-01
5.918116754463796925e-01
5.443534251840274063e-01
4.594018881753633154e-01
3.688220521140744279e-01
4.540332471491954625e-01
5.612322838446739404e-01
5.198946875096106535e-01
4.333881197260093243e-01
4.560203599076748660e-01
4.932737227648980038e-01
5.667605709141316783e-01
6.609213842974031028e-01
6.710027686340311881e-01
6.554138968838142398e-01
6.336794017168044801e-01
6.362862872217941446e-01
5.642936994896868841e-01
4.855236840824107003e-01
5.354188014138151486e-01
6.216115688135015471e-01
6.423230684597441842e-01
5.818670443309050810e-01
5.120555215468064469e-01
4.743555482425371173e-01
4.439689827559150093e-01
4.141874961328110838e-01
4.766351725312640286e-01
5.546334652679474342e-01
5.509098517789108307e-01
6.778696245276860655e-01
8.032069976223491503e-01
4.740977904376602048e-01
4.667984509561481921e-01
4.623959991252091228e-01
4.939979134536285899e-01
5.350289922530209186e-01
5.143552963150833657e-01
4.470435198851974157e-01
4.068524224750580398e-01
4.334393391258497541e-01
5.009437032636093745e-01
5.532224563712074827e-01
5.481451626046803804e-01
5.130684003343830568e-01
4.117268423386185039e-01
4.187546918877059210e-01
5.746000316883123071e-01
5.111737184791028676e-01
3.853959318879969231e-01
3.984979543642828692e-01
5.289819060626994585e-01
5.651380992193536512e-01
4.907286629920399879e-01
4.931998070654453614e-01
4.575859230110760900e-01
2.960336074158730901e-01
3.861576760207676706e-01
6.704451370868856896e-01
6.520356012743002694e-01
5.349850577896048121e-01
4.878497468210274413e-01
4.949301381603217753e-01
5.567128072985907394e-01
7.263905628237603551e-01
8.417185453218906099e-01
8.129588607526841981e-01
8.021112293868259968e-01
8.042233744948266150e-01
6.768110250083410051e-01
5.215240935733919114e-01
