2.980164795540868328e-01
3.070645527141061537e-01
3.412168228252608904e-01
3.482679105945228892e-01
2.787520774190753170e-01
1.668630452208717252e-01
8.423728464964974627e-03
3.420981271357989573e-02
2.033720727088440261e-01
4.518394158031741603e-01
6.147055844844300232e-01
4.824810560338957943e-01
3.651622460236226830e-01
3.937677061429879499e-01
5.450242991488110089e-01
6.867740438254597013e-01
7.006603361164296384e-01
5.690151337306066370e-01
3.774300985370711015e-01
1.769009816773364219e-01
-5.297736150423834611e-02
-1.453767266549584047e-01
-1.891535653658350524e-01
-8.884209929644257264e-02
2.788449850828401688e-01
4.878645541361330551e-01
4.815561284422971711e-01
2.719303350192729396e-01
8.847787849389530945e-02
2.961070750472448720e-01
5.359156048034531272e-01
6.725784018019269617e-01
7.119677126933070532e-01
5.368986514059166382e-01
2.675169249415292327e-01
1.162202098324103400e-01
8.862007331984589342e-02
8.885254935928564579e-02
1.332744746626522148e-01
7.292642263935600333e-01
7.021800448155730567e-01
6.268554346061216975e-01
5.517727637842779753e-01
5.324415858982726180e-01
5.165823792907143774e-01
5.213670722088292742e-01
6.211167263104231395e-01
7.107052911268134654e-01
6.301654031125025757e-01
6.427298645063198590e-01
6.944080913911724329e-01
7.540306139420880349e-01
8.579126465392759027e-01
8.500405447521989233e-01
8.228882561196022571e-01
7.230837961577785133e-01
6.450434018926001212e-01
5.673110668491543329e-01
4.778648679016922474e-01
4.898732301838085168e-01
6.162937130241044059e-01
7.510156936771594793e-01
7.750726833120646919e-01
6.954364193477868827e-01
4.412683126258439836e-01
1.880239615726300162e-01
3.671851985575654842e-01
7.556500181346953449e-01
8.156686729461453123e-01
5.410298335185077523e-01
1.559887902321779318e-01
-1.514589529548144298e-01
-3.367242552905330699e-01
-2.767748718409451247e-01
-1.219838950762403285e-01
-3.863393713250910799e-02
2.492872484091593344e-01
6.219249980806429434e-01
5.788899399629785503e-01
6.096859987481351162e-01
7.015865279533235466e-01
7.714676169127315797e-01
7.837715164780498789e-01
8.929392857062057320e-01
8.388185349190613316e-01
6.617123870313166289e-01
5.893786535870567667e-01
5.168376026194224648e-01
5.044770655524394298e-01
5.458433698687645830e-01
5.577178541903882181e-01
4.983114479084213011e-01
4.154207670068129077e-01
3.850594407392843310e-01
4.106122187721096273e-01
4.657937077225582367e-01
5.484789039053594717e-01
6.910574411341638967e-01
8.498176902431673341e-01
8.629759314928516778e-01
6.147323011785983393e-01
4.603415007864121722e-01
5.240896748226562263e-01
6.326722888359601615e-01
8.056688651055714523e-01
9.688857198218890909e-01
9.051420541908725692e-01
6.299045384022219363e-01
4.421325570793724902e-01
5.253714992265314798e-01
7.334160457659932852e-01
8.305853589114919888e-01
9.321823132113410404e-01
1.004108868375700681e+00
9.866015931790085292e-01
9.332017097654647930e-01
7.656106710749090993e-01
4.024964047601873318e-01
4.526918140139494229e-01
3.956040527901461545e-01
3.728757382172439572e-01
3.875207134104417528e-01
4.868936477872636281e-01
4.993292242408076120e-01
4.094941584562372672e-01
4.723998288307403870e-01
4.924546418991956886e-01
3.529115701960634510e-01
1.482345846503296261e-01
-1.370134150213279944e-02
-3.314597962760050531e-02
9.629852843491509828e-02
2.130974503973784295e-01
2.706799394079394960e-01
2.145075329203809666e-01
7.868846415145415440e-02
-3.402765837047275199e-02
-1.059737863603239794e-01
-7.720202605524216499e-02
-4.200101161981253245e-02
-2.111949771991888936e-03
1.470341547202514421e-01
3.979099663063848658e-01
5.109072290054600396e-01
4.454520416931304072e-01
2.717133961587388513e-01
1.911254434718827611e-01
4.024641286229957426e-01
7.780904568112610997e-01
9.752928536297074125e-01
9.332983145253652690e-01
8.459758507446222264e-01
6.021134795922814531e-01
3.716579156354206104e-01
3.311735134501215261e-01
3.584592102941579483e-01
3.056396325862074104e-01
2.868421014622073995e-01
3.280525329279401214e-01
3.002711349957182252e-01
2.315052035902649130e-01
2.150536258470843176e-01
2.000434968819629900e-01
2.095475041066470756e-01
3.417279504022568970e-01
4.865226283276359864e-01
5.683373438487437923e-01
5.930730170349551855e-01
5.576196112032391072e-01
5.738329231482550696e-01
6.199755829223481118e-01
6.719770876860813313e-01
7.270084261025313577e-01
7.701712104743594356e-01
7.182695361876181295e-01
5.692828513460480577e-01
4.809891543532445191e-01
5.507931081008148322e-01
7.330120487365656690e-01
8.651099965126289870e-01
8.468213557289263616e-01
5.419874564786195670e-01
1.212021457682092712e-01
5.021312019483147038e-02
3.067286715202854896e-01
6.057858038190797600e-01
6.241047205637431095e-01
3.432764460454598154e-01
2.460957574793593006e-02
-1.587309506605959486e-01
-1.693873981771996107e-01
-9.677125152170673594e-02
-1.170986528274062244e-03
1.365727204259324645e-01
2.233212575334791172e-01
7.357816632225030462e-01
7.831886056066095225e-01
9.311065164774325886e-01
9.488234279514130565e-01
8.828713102817866698e-01
8.222482848372074660e-01
7.779704815800452256e-01
7.701823743250542087e-01
7.533854025768634832e-01
6.050608508797825635e-01
4.682003184941217477e-01
5.703873763023920018e-01
7.067825542638399572e-01
6.978756245119934754e-01
6.361545761096411011e-01
6.244510349066170196e-01
6.779044944313397103e-01
7.642381339044828081e-01
8.643403035889734021e-01
9.248755181313786933e-01
9.791333689167041054e-01
9.877560467839934244e-01
7.698593082829162659e-01
5.557940234141225400e-01
5.200653830581412063e-01
6.166526580532174506e-01
7.783914677645316083e-01
8.789570700274129678e-01
8.928101182522363288e-01
6.966289591676161352e-01
4.517577218203298606e-01
3.227289211675709590e-01
3.577896134600782041e-01
5.248285731582307267e-01
7.038321106175244868e-01
8.878262001839294371e-01
9.865376360798659983e-01
1.009787361293268848e+00
9.906269489065999689e-01
8.283932449994766412e-01
7.964329629108424236e-01
6.266260453522883855e-01
4.784701855277385674e-01
4.250257573297048230e-01
3.693349740773655965e-01
3.473127896189894814e-01
3.624748344021765933e-01
4.726616397963732119e-01
5.974850745442814581e-01
6.379283194895017939e-01
5.898070057697948343e-01
5.321805683079834370e-01
6.171428663991869179e-01
6.267817214064447251e-01
5.510255918884338078e-01
5.319919779857111841e-01
5.201511328824562908e-01
5.341223180491714295e-01
5.353593840440395990e-01
4.346610693752328003e-01
3.526241812603096437e-01
3.528961709493170784e-01
2.368279833108476451e-01
2.009901052237427488e-01
3.844306375157627298e-01
5.939342410638936975e-01
5.984212452061912213e-01
4.691457251340714896e-01
3.721811890388392330e-01
5.467226353018845852e-01
8.570405858067339233e-01
1.063983472538257757e+00
1.148141408587079804e+00
9.052244018709164619e-01
5.909163069433853721e-01
4.327383095978241112e-01
3.954769252293310888e-01
4.594514562282006054e-01
1.785419584831920981e-02
-8.902937838266378190e-02
-1.264598336791665778e-01
-3.799256083265788175e-02
1.349028651707521731e-01
2.791596134106495986e-01
2.940184398171532543e-01
2.008662706000504672e-01
2.185370520664834948e-01
4.454941511274304600e-01
5.921521333641750484e-01
5.874872249993942086e-01
5.285807276184564252e-01
4.948747842387684615e-01
5.148610631815598859e-01
5.514735978567737451e-01
5.520201873046395313e-01
4.736368081512147277e-01
2.750211521819179716e-01
2.102922951362146409e-01
3.094260679566517291e-01
3.406931670167546167e-01
3.670827921681408812e-01
5.512575641727783804e-01
7.706624761004431390e-01
7.059013130229858657e-01
4.091345964475200936e-01
8.761701333549803961e-02
1.136499404887621190e-02
2.018087335145717920e-01
3.462333221791448201e-01
3.429840001219399692e-01
2.681174276169611126e-01
4.217004162147533486e-02
-1.290267673363046930e-01
-2.301284761469277185e-03
1.525535610842528866e-01
1.982327494725783512e-01
1.724515407931005717e-01
4.280280586557926314e-01
6.953021179860119361e-01
9.326050402714366472e-01
9.191786414994784771e-01
8.332275378066613669e-01
7.359850586143141804e-01
6.916923653011377571e-01
7.271295666313067896e-01
7.865884507293796624e-01
6.960659418794893361e-01
3.671479320421668913e-01
2.642116915080518491e-01
3.871639540355690801e-01
4.165991958270903739e-01
4.358326464573386572e-01
4.256154976198166517e-01
4.848673654058445193e-01
4.792250230543840250e-01
3.985731424404370671e-01
3.924550618927799550e-01
3.690676108136821121e-01
4.043559393832649729e-01
4.848850319152739896e-01
4.822027128196462731e-01
4.822566477151490894e-01
5.123196094004494050e-01
5.215161963286472080e-01
6.321902592172705670e-01
7.773650716800935001e-01
7.110907583502679152e-01
4.425928892166360873e-01
2.352042959594233262e-01
2.418115649439363524e-01
3.894106597742731934e-01
6.281461859680474991e-01
7.619789269268901766e-01
7.804390608233651161e-01
7.696230705767989067e-01
7.086658804055590011e-01
1.153386216275540610e+00
1.122125859553216198e+00
9.013095849473489185e-01
6.198721760343826048e-01
4.551023921752757051e-01
2.892515993297607446e-01
2.394326710183930784e-01
3.197248007621302790e-01
3.237042686329160146e-01
3.779166931195402923e-01
4.736378939810275135e-01
4.813632560393020787e-01
4.419547014739819701e-01
2.825939207067448833e-01
7.720381906298458274e-02
1.041844311179919019e-01
2.663017256681295963e-01
5.189640502865487948e-01
7.568836784007419993e-01
8.412272347783886772e-01
8.625044361734324205e-01
8.699420402293583932e-01
8.446158055563139921e-01
5.793756343397710173e-01
3.207177217434928895e-01
3.631232296538627891e-01
5.777829743121782879e-01
8.038586037260113670e-01
7.562713694572581469e-01
5.943959830491676311e-01
6.775307099701124436e-01
8.853537542662019977e-01
1.041848959948318054e+00
1.142605238786530641e+00
1.075984261185998880e+00
8.235990527342602618e-01
6.585127354926924026e-01
6.757574733512685672e-01
7.658580097526392905e-01
3.689129553627450431e-01
2.306921063661301341e-01
1.894913145012818712e-01
3.127096286882407594e-01
4.359766009311945578e-01
5.559789168053363984e-01
5.082351767998616321e-01
4.051001000974038813e-01
3.490959192548870327e-01
4.315582530632612324e-01
5.972356066131168095e-01
6.804092671802768333e-01
6.984587783510161074e-01
7.806328373379374241e-01
9.044469510007091539e-01
9.025241370060228530e-01
8.656402942980510051e-01
7.413262481646545332e-01
5.598047803773625875e-01
5.292885074372950527e-01
5.969294264466297184e-01
5.732386088908728583e-01
5.245917989104795787e-01
5.739297200147246425e-01
6.943042863527306707e-01
7.429927001914935492e-01
6.328872456900636045e-01
4.274022108785744956e-01
1.769060198336552814e-01
7.577050374244492792e-02
2.152303318782419483e-01
3.461416552519451240e-01
2.944054414406629405e-01
1.830781861308480862e-01
-4.960186646219177931e-02
-2.092839847726072899e-01
-7.360937790927399305e-02
1.668136375325926513e-01
3.251092754854788547e-01
-2.728823509757275639e-02
-9.050463085287270559e-02
1.507542295580822644e-01
4.016039585442067739e-01
4.852758929387384623e-01
5.364451492448594205e-01
5.326490890261369460e-01
6.113177119732106091e-01
7.537419686606612323e-01
8.179192098409853173e-01
7.105087035122495953e-01
3.695710739857179794e-01
2.942914050905220402e-01
5.751524087465028634e-01
7.823963552691109991e-01
8.647462716684692907e-01
7.616767254797345288e-01
6.759011558896148575e-01
6.049325213750698094e-01
4.624737538392834635e-01
3.026848713550709391e-01
7.939381902482103848e-02
-2.315032104649068778e-02
1.701733692130128761e-01
3.775895154300913381e-01
3.698911894729156047e-01
2.407767242232610183e-01
7.021500834507696243e-02
1.211105428250837529e-01
3.199361753386527618e-01
2.607716168562886905e-01
3.636620157908784789e-02
-6.000808838109773780e-02
-2.077655895094829286e-03
2.543951127000815271e-01
5.207311939506105158e-01
6.399690206670065606e-01
5.561374162386838460e-01
3.417660083238028834e-01
9.339329403273244345e-01
8.867023543949889008e-01
8.451677940974663406e-01
7.532418236585343152e-01
6.299872555235728200e-01
4.401684266698444592e-01
2.499779640574026629e-01
3.411322518804182913e-01
4.098240693170024374e-01
3.739522375578403501e-01
4.282238251525569694e-01
4.419502625867779977e-01
3.858545154207080330e-01
3.716085976924927148e-01
1.597258736777409927e-01
-7.832929307275190989e-02
-1.196953769869235767e-01
-3.443636944757001717e-03
1.544517813333324274e-01
3.492003450106691553e-01
5.672970969645900752e-01
6.572425864864250844e-01
6.523361417788298144e-01
5.865426172058176846e-01
5.418787897116952301e-01
5.873143479190200411e-01
7.705528518844977359e-01
9.191898810957657151e-01
9.242502855402183748e-01
8.204730437238731966e-01
7.378167550535628116e-01
7.705395103074388352e-01
9.651801186132340504e-01
1.126674247144173524e+00
1.084996809927942341e+00
9.885282074088874715e-01
8.611640187438638350e-01
7.271665263747943975e-01
7.156909294715279035e-01
5.727914418558844867e-01
5.907676023575495483e-01
5.813475683299693664e-01
5.565441666807933174e-01
5.415522039763353002e-01
5.438983583408465439e-01
5.441744822934698744e-01
4.506762656762663966e-01
3.268799180706284391e-01
2.906724797817012429e-01
4.039878703820473094e-01
5.668123941541366451e-01
6.190355749259535134e-01
5.967263315030358894e-01
5.160823622901969943e-01
4.676243532575803385e-01
5.511749476447007634e-01
7.136118785255809449e-01
8.781675787251901344e-01
9.294703837705068361e-01
7.596441293539876183e-01
5.592812277690935030e-01
5.498380368741206947e-01
5.329430858346797528e-01
4.857464126206555988e-01
5.192055941899140770e-01
5.112435260582552932e-01
4.517783660848064820e-01
3.783987976299825196e-01
3.542568101639614886e-01
5.136247528883560731e-01
8.118319338361122961e-01
9.169930226257823058e-01
8.266734292862555344e-01
6.996633420146510796e-01
3.500313545322850661e-01
8.328440303686643342e-02
1.092895012035758340e-01
3.091445928351040928e-01
-2.356354181455445895e-02
-2.540507533732457024e-02
6.965266211778763095e-02
2.505348674316637547e-01
3.949728439522882661e-01
4.949737590288693645e-01
5.658821360691144164e-01
6.735547753475948918e-01
8.492791890618808237e-01
9.671922778018076094e-01
1.020655175181551133e+00
9.825508649284220297e-01
8.024993401114741687e-01
7.002615656842112735e-01
8.378536111471375225e-01
9.727119084133490912e-01
9.814261041113082618e-01
8.189018282699420670e-01
5.549927374085517062e-01
3.983421856716108378e-01
2.848998365111160558e-01
1.906535076326936473e-01
1.841958883053051999e-01
1.999520767930480503e-01
1.900758341879291713e-01
1.262012759541104590e-01
-9.828947328068916856e-03
-1.020450324721271784e-01
-8.868755365863927043e-02
-2.315450896490309218e-03
3.601286361437661121e-02
-1.293020630229294587e-01
-2.439920162839439022e-01
-8.372009325033956395e-02
2.195503582478702254e-01
4.399002151532686034e-01
5.265657539157100331e-01
6.130852406387859999e-01
4.855966176919244703e-01
4.687404101192045314e-01
5.639133664412465663e-01
6.968615048369946052e-01
6.781811849144303572e-01
6.657099980791110205e-01
6.501103627748338054e-01
5.544266495461264155e-01
4.678553200932992207e-01
4.508287139886051342e-01
3.978706603424316812e-01
3.154232636733821926e-01
3.214544037802523624e-01
4.010219196315981116e-01
4.983398159174959874e-01
6.441288240418576727e-01
7.607988030078294273e-01
7.106200411033380959e-01
5.017090205787253510e-01
3.035884954539564973e-01
1.608097656579948465e-01
1.192627251239424258e-01
2.911324920553376439e-01
5.004674654292535774e-01
6.775790217175219343e-01
8.138047659406566492e-01
7.554619986368065199e-01
7.584094118703191834e-01
8.448756333576474820e-01
8.381840567540581599e-01
7.929324037181333384e-01
6.596601560182215884e-01
4.473980250889482146e-01
3.056204174494776549e-01
2.790846784846522377e-01
3.878920435345575846e-01
6.530412501904293565e-01
6.510819086624004548e-01
4.547505558549144733e-01
4.238263423485827408e-01
7.722311025399588580e-01
6.685086802943664974e-01
5.275505702705060029e-01
3.586942484786512786e-01
2.087109582109607508e-01
2.863498515174944803e-01
3.969593890064387898e-01
2.723096821890486074e-01
4.618345109250922287e-02
-1.692382555173704006e-01
-2.882955602292646136e-01
-2.145829653355973976e-01
1.832672340838548131e-02
3.190728370254229396e-01
4.522281159370205028e-01
4.462252020935071339e-01
4.785282671281544942e-01
5.872233159781045098e-01
7.221460545247514462e-01
8.953853983110008352e-01
9.949261424186853775e-01
8.534267537030248985e-01
6.575950396820517962e-01
6.583014165066548573e-01
7.614485672066655386e-01
8.337057279235249307e-01
8.592792365964049273e-01
7.947110489453705906e-01
7.043219275539764901e-01
6.690455319493044950e-01
7.494064498585564227e-01
8.589546442178437324e-01
9.098943449640259917e-01
8.512579144601492009e-01
7.377635555890980079e-01
6.600883625057110127e-01
5.966158048276567483e-01
5.227619495517619175e-01
5.880301683838797810e-01
5.797367215721498379e-01
6.474514421252550722e-01
7.711840616199260312e-01
7.750402458316263399e-01
6.554766440427040042e-01
5.969374981806692126e-01
5.648952683343357872e-01
6.776380020314082264e-01
8.738237408841191822e-01
1.029664687820960323e+00
1.154330022724724847e+00
1.204627345039826380e+00
1.140239730950883823e+00
9.846739788500707968e-01
7.540466541365883346e-01
5.630950685524842569e-01
4.919557962058399569e-01
5.737899390210078332e-01
7.306720658901354470e-01
8.198396411180401966e-01
7.599115907364979439e-01
6.255973221394233175e-01
5.641819927981751581e-01
5.090952250439182425e-01
4.194415245050971408e-01
2.331316389691713287e-01
8.080714691247439796e-02
6.765123359784516732e-02
1.039451051608615562e-01
1.599926368027807522e-01
2.967744068702841131e-01
3.606323899577331682e-01
3.426500520970934272e-01
3.544553562781925793e-01
3.862152921148560569e-01
4.242028343839401305e-01
4.248628414261694797e-01
4.454027499382662292e-01
4.776729743602862177e-01
3.807522021959453551e-01
4.105515679802562157e-01
4.182058129530566992e-01
4.789066803554088425e-01
5.570474552758704068e-01
6.130362230099957177e-01
6.455160660339592793e-01
6.993071414029254917e-01
8.764376647657250441e-01
1.041176226520581505e+00
1.042909071870115945e+00
8.716689673142783423e-01
6.791711213705300398e-01
6.190625542627659073e-01
6.751364368322447795e-01
7.333625409275885687e-01
6.916363497793057702e-01
5.889237859643783324e-01
3.550616929679203393e-01
1.248522941133364261e-01
-1.023998940499874361e-01
-1.513035142744477424e-01
7.676153131588893397e-02
1.658514361770350165e-01
9.479462868997888536e-02
-1.855008868849608583e-02
-3.545855854976520671e-03
1.885823969543583278e-01
4.295328489966451224e-01
5.641257227021369003e-01
5.737727642414938156e-01
4.986881047497807029e-01
3.923201663408401041e-01
3.793262099587743630e-01
5.017037218342463856e-01
6.256126017886685098e-01
6.845409921585052793e-01
5.646967172714454364e-01
3.977902869340871339e-01
4.279953686558574666e-01
3.207211960314720889e-01
3.637826819646070575e-01
2.488711203226261492e-01
9.256053915757068984e-02
1.608582802689367819e-01
3.188726607698443294e-01
3.646402577143619261e-01
1.129345574000020780e-01
-1.730107321617462557e-01
-2.621330372693718158e-01
-2.520941329711151591e-01
-1.648050544716951893e-01
4.026812994569103910e-02
2.513687222102217178e-01
3.615506793434554167e-01
5.000473485568162069e-01
5.793864049662358351e-01
4.616378013752989729e-01
3.196018900918431993e-01
3.421156284898405620e-01
4.110009549891272540e-01
3.746835880076985204e-01
3.795536487903861111e-01
6.123996645012759199e-01
9.476362956825867823e-01
1.098878752904357325e+00
1.034912850404828610e+00
9.253611718840994982e-01
8.569210961670401527e-01
8.159619203649214336e-01
7.505491457373805186e-01
6.063137443545276728e-01
5.111447457428364149e-01
5.268522438994800439e-01
5.496072931719104826e-01
5.617269544231511258e-01
5.449898635159170501e-01
5.065320645566031565e-01
7.562239216123719521e-01
9.435275950137117507e-01
9.158310363044047664e-01
7.695977702340082161e-01
6.023173412429387863e-01
3.862535530098945014e-01
2.029772017912382931e-01
5.091268608815122110e-02
-1.681125668807771922e-01
-2.880880242331064212e-01
-2.568591146578609319e-01
-9.722801972248393265e-02
1.310353571319343158e-01
3.412210725029681813e-01
4.860606929214246197e-01
5.150936724802289701e-01
5.738873526960751592e-01
7.329077681826424717e-01
1.134030256081893118e+00
1.480512901422216920e+00
1.412156591650100657e+00
1.280402083201775287e+00
1.166085860309383992e+00
1.094820783931966357e+00
1.108305960549179403e+00
1.052849894627634786e+00
8.392430970873813179e-01
6.296634473185376280e-01
5.353682140475296558e-01
4.412415433104416307e-01
3.379276016493302226e-01
2.497269507662799870e-01
2.013979312154474122e-01
1.474976236111709693e-01
1.650971618963301690e-01
2.720959692361278881e-01
4.035346523482720160e-01
4.811963454562119269e-01
4.803867988015209645e-01
6.737488055597737890e-01
6.245264679286219867e-01
5.086627809819550539e-01
4.447987739201654245e-01
4.778514867209786576e-01
5.465209717313110893e-01
6.978765553218087003e-01
8.576232604671041315e-01
1.101621600128541267e+00
1.374336399574034306e+00
1.484577822888441645e+00
1.524172985974080685e+00
1.412143761792816754e+00
1.146260595248384639e+00
8.306482542923963042e-01
5.990390933725820988e-01
4.865187850548372550e-01
4.124130175048723035e-01
3.635119686950132323e-01
3.013662862860811975e-01
2.998516992234828149e-01
3.516936617473160887e-01
4.268801884566780780e-01
3.720224665425143629e-01
1.541345661798579902e-01
-1.024381155275152916e-01
-2.569593204151799926e-01
-1.262615796176592420e-01
6.932047945652849985e-02
2.176914580275573219e-01
3.474065069673536454e-01
5.137377064734415244e-01
6.540762955508295784e-01
5.820958900618118381e-01
4.758419174189333356e-01
4.720290490374195458e-01
4.791020466308698045e-01
4.675082491240789007e-01
5.168340173977628016e-01
4.171389106152534332e-01
2.825714027572016618e-01
4.244064649520692956e-01
5.696486990959154229e-01
6.985645124091105496e-01
6.422583725861170656e-01
6.230069328118338357e-01
8.029240630120881850e-01
1.017663598563676386e+00
9.294953645497752159e-01
6.811923497004122030e-01
6.821996678958414106e-01
6.898505508419812138e-01
7.393514006981732889e-01
7.498902239293626648e-01
4.638864675210802591e-01
8.257376958097850661e-02
-2.043328663624615626e-01
-3.560016015533445932e-01
-3.738498559303706226e-01
-2.133231292891348274e-01
-4.198244680130792938e-02
-1.480851845402549744e-02
-5.076458912766308729e-02
-7.125361892923939844e-02
-3.300498872321852573e-03
2.014597484798495985e-01
3.801992653232445507e-01
4.867299921989520772e-01
6.169929411210208769e-01
6.896824838529418411e-01
8.301839210729329288e-01
8.730874961780632493e-01
8.051775333177954019e-01
6.959157054244786700e-01
5.939942050927786710e-01
5.973690880247671808e-01
5.903273414599028435e-01
6.328919077282031402e-01
1.285790946312174998e-01
3.258134752561528957e-01
5.052468051806153770e-01
4.839383837497315266e-01
3.926748145102316734e-01
3.416628470584721078e-01
1.743077494418292517e-01
-2.688957050094621659e-02
-1.058462123652283982e-01
-1.607774474463193326e-01
-1.963497658537078083e-01
-2.316610026312937443e-01
-2.284430203234567580e-01
-6.917601849014377857e-02
2.354336976437772511e-01
5.871598966517681539e-01
8.538258870868200567e-01
8.978721134404501480e-01
9.277263182222282856e-01
9.389496586747518858e-01
8.586751074330281064e-01
8.577009176065863993e-01
9.129199646335488527e-01
9.527424034935578767e-01
1.053888496361561344e+00
1.241398722845590497e+00
1.289885694866370169e+00
1.271873920288611126e+00
1.204367023737879627e+00
9.442790589662101164e-01
6.869392128698178501e-01
4.394756284955392278e-01
2.374659308688530368e-01
1.989287588702736698e-01
3.525763698721482986e-01
5.406176698866990149e-01
5.660077771383706935e-01
4.824021608730588162e-01
2.789076114397249784e-01
9.477118620759420464e-01
9.106287009290732204e-01
6.103665756274149201e-01
2.970097681504458853e-01
2.497558589059740430e-01
3.625572450412269943e-01
4.204918037154304900e-01
2.469247213142483077e-01
1.734037614817254824e-02
-6.854498064707267857e-02
3.248177737985147306e-02
1.732366029099415006e-01
3.499970015623481423e-01
4.331548815537313857e-01
4.689270544585821821e-01
5.772108259290169574e-01
6.921816823215700687e-01
7.976942813737611937e-01
9.157270634113823249e-01
1.040183142698725582e+00
1.085788506182843838e+00
1.161413236681360095e+00
1.076468412651722106e+00
8.817506256995450986e-01
6.676900513738788234e-01
4.491085591810198840e-01
4.257361346090559051e-01
5.699265531792908623e-01
6.688023034015753154e-01
6.348039680539765417e-01
5.674561320347079052e-01
4.739174049162417912e-01
3.343961253013094104e-01
3.622660151689265917e-01
5.066274055987709524e-01
5.343313727691862969e-01
4.481140458380655778e-01
3.801464261863343186e-01
6.058995729492193671e-01
5.205913345750415866e-01
4.642965915481598316e-01
5.503948613051967698e-01
7.053651290369358229e-01
7.586720871225640650e-01
7.281940842070423470e-01
6.410625181410308793e-01
7.449691490572422081e-01
9.514960043725448902e-01
1.106457073720320095e+00
1.310958169557205455e+00
1.432982510399692488e+00
1.434462981672795845e+00
1.288843497687692352e+00
1.012885983066002415e+00
7.015260917907834015e-01
2.990635306482441469e-01
-1.497169642411907975e-03
-5.514855797187746822e-02
-2.532505010294926195e-02
6.702794349261728679e-02
1.852318082530583498e-01
1.394280143217695167e-01
-1.538373145247831641e-02
-3.366011800620660049e-02
9.748627196524647931e-02
1.690322233333923507e-01
1.243458961096878396e-01
8.731381044677460901e-02
7.411062377278376800e-02
1.685037143345234356e-01
3.567743457736916590e-01
6.197526640342818638e-01
7.817531767766328077e-01
6.121201744807910350e-01
3.306854048597119844e-01
2.913217807602725973e-01
4.164773490370120568e-01
5.755337962281193986e-01
1.480453184909034381e-01
2.481935776610084410e-01
3.248243714510411495e-01
3.886845905427447345e-01
4.097031164157602934e-01
4.676906486686144282e-01
5.378679646600006414e-01
6.053817323724201005e-01
6.472478214157981746e-01
6.414219993780814200e-01
5.922302824004741506e-01
5.003565988792034736e-01
3.838726332319122303e-01
3.237590574316275283e-01
3.323721900436215626e-01
3.841805441806267485e-01
5.373753921165786984e-01
5.425216800368020120e-01
2.881556212017856167e-01
1.054915435797686152e-01
1.906392216623910285e-02
4.447570414664486771e-02
3.677043876379111342e-01
6.812645777634682709e-01
8.358822228284149558e-01
8.026212880778356151e-01
5.943180521495807778e-01
4.509714700248377284e-01
4.118702988956490785e-01
5.728580962388121200e-01
7.894665649679593056e-01
8.591436094143236613e-01
7.877181265699155777e-01
6.711162158623333873e-01
6.139104443629926910e-01
6.158134637853629467e-01
5.517876964023936681e-01
3.714557773087939774e-01
2.330931720448336519e-01
4.962082427521276595e-01
5.649071556359273050e-01
6.166348394838911950e-01
4.437703123057002985e-01
3.129358049026287891e-01
4.237200119863266945e-01
4.856870840880331830e-01
3.199686446717195931e-01
5.081570904463197230e-02
-9.036400534085325953e-02
-9.524962461472351316e-02
1.075669004656426564e-02
1.398520364878329258e-01
1.966468643777649628e-01
2.438537644910175328e-01
3.497023534503228559e-01
4.414868570215177979e-01
5.655971753294581905e-01
7.739701658281696872e-01
9.270755809383334212e-01
1.001122009590706963e+00
9.783928513650497205e-01
1.029063697537264233e+00
1.057131194624739035e+00
8.239336213407403298e-01
6.813509270268072182e-01
7.607126358785061271e-01
9.168861406478324705e-01
1.037980385674293515e+00
9.501118953778741050e-01
8.086172794193412505e-01
6.298685947027496956e-01
3.786045791000079430e-01
2.665136162432055755e-01
3.970786815517904911e-01
5.680511319298541251e-01
6.188069845668223712e-01
6.254901703616069231e-01
5.950076733846240140e-01
7.872070139342994821e-01
5.975364543264789496e-01
5.053040088200609903e-01
5.733131277819787375e-01
6.119942530286168747e-01
6.322234392763632638e-01
5.230294128434136436e-01
3.916739273835094237e-01
4.342350252211455430e-01
5.211973661233140209e-01
5.407868990648001528e-01
7.053431729942409856e-01
8.741090368873131178e-01
9.103728317176980056e-01
9.229664775812180810e-01
9.398717065545612037e-01
9.690639829422276197e-01
9.196592408798063278e-01
8.296652652988141252e-01
7.384693293707051964e-01
5.775667379024911341e-01
4.239111616151349238e-01
3.538818638507926773e-01
2.688439417124927067e-01
1.982794773291439439e-01
2.559903719314261528e-01
4.546786016862545132e-01
6.570696224553573828e-01
7.837496412065455553e-01
7.879876020923882729e-01
3.911203251117399415e-01
8.010385617152475379e-02
2.257837173863161961e-01
5.140093951262711958e-01
7.085598378221493743e-01
5.841642604832655294e-01
3.503367497812704956e-01
4.326855237300000212e-01
6.894996852880850291e-01
4.543250212534352128e-01
5.111971635043048856e-01
4.957183304673349333e-01
4.323012633826326390e-01
4.004714031490475001e-01
4.179040510283441590e-01
5.372222874238161694e-01
6.498541589350947945e-01
6.545915942131419474e-01
7.376036739580287271e-01
7.682060025277694937e-01
7.021785564575699912e-01
6.507306104606980224e-01
4.729593958325009062e-01
3.027150152763586899e-01
3.715522229445054059e-01
4.598724172133302757e-01
4.452652069132644885e-01
3.881996338918450307e-01
1.706451993982151250e-01
-1.013583072331686041e-01
-1.562541198544566134e-01
8.535954026930017702e-02
4.316437893793872993e-01
7.160190903872328816e-01
7.575109297117891272e-01
5.556779377539213804e-01
3.937866025767909894e-01
4.221178754112802078e-01
4.955919516581144268e-01
5.229168860355077886e-01
6.648613053746449397e-01
7.698459282113115920e-01
5.889308929487149236e-01
3.612790967765224792e-01
3.826408070501898240e-01
5.021972520410544760e-01
5.421673972544521769e-01
4.616101200826718820e-01
2.691849520016466601e-01
3.456016680066428121e-02
-2.494246470016425743e-02
1.931047231296047495e-01
4.077880498711525803e-01
5.673625537551377773e-01
5.584215858940759780e-01
4.939226086821058015e-01
3.697178691757474489e-01
3.794320448939965118e-01
4.866619772439763070e-01
4.785631318427017167e-01
3.414903070573173105e-01
2.169487062906547692e-01
2.141403455127393052e-01
2.787242517680879050e-01
2.170116323554551196e-01
-3.877288794458134263e-02
-1.517580908773886184e-01
7.098624405264469805e-02
4.590756739324858837e-01
7.414559984175956853e-01
7.463841742640542343e-01
5.785241973093697698e-01
4.271209187465803137e-01
4.059482882203917509e-01
5.829400764326704287e-01
6.228786026369642626e-01
5.051895849782842562e-01
4.797639186644087061e-01
5.318291077630804553e-01
6.650934135245776258e-01
6.466386912677091203e-01
5.203899284845968642e-01
4.328323029117496779e-01
4.345239590653465767e-01
4.721194467784189941e-01
3.600699581867798926e-01
2.913548571664211773e-01
8.395065306553812778e-01
7.719148580639743074e-01
6.975530897217097070e-01
7.377996604359109423e-01
7.339401967754271006e-01
5.780881781329346714e-01
4.594824550244928085e-01
4.502420346800387607e-01
4.555124795191577425e-01
4.568174732938054539e-01
3.732121664523939120e-01
3.847399198212121951e-01
5.341273279924236839e-01
7.302612832409414168e-01
9.094211310014722605e-01
9.620900423317744199e-01
9.600853323777569504e-01
9.414715327472142903e-01
9.275832725274413271e-01
1.031521840008976953e+00
1.013177649609468212e+00
6.905076069722964061e-01
5.021213028999849115e-01
5.234448081691117638e-01
4.510066264793829438e-01
3.170739818014163269e-01
2.518671768533740085e-01
3.188152209046433150e-01
5.285092077366415619e-01
6.968677890166949940e-01
7.334811719964666743e-01
5.237401937822596665e-01
3.309009180585294474e-01
4.647173589172190478e-01
7.057081697193204883e-01
8.423024328409869366e-01
8.826490985380991416e-01
8.996512164815283485e-01
8.801973554116135912e-01
4.324498338822980736e-01
5.699414626321184230e-01
5.906349468745212272e-01
4.828875381321326987e-01
3.953866107731706103e-01
2.919897981711130353e-01
2.849544273057940669e-01
4.649046885213412583e-01
6.239313047912846688e-01
6.287078845886371337e-01
6.274147611756454301e-01
6.801418158420031723e-01
7.556081703213800571e-01
7.687423089086278249e-01
6.322372704399292775e-01
5.766985310163161849e-01
6.537609826747985409e-01
7.002918815781855599e-01
7.429892881232501578e-01
6.423560062889263067e-01
3.096381540224259488e-01
5.303712923763492793e-02
8.259118616522641287e-02
4.778489322479061441e-01
7.782292384186353384e-01
7.878805518301422728e-01
6.871869145594374784e-01
4.926098087551219473e-01
4.103085963479613518e-01
3.831506828170464507e-01
3.901845799590050734e-01
4.068267721823283778e-01
4.480702488108621595e-01
5.048262204095381733e-01
5.169868380576783107e-01
4.928365684669024915e-01
4.743086434012825370e-01
4.476772456786584087e-01
4.008762361452934408e-01
3.877824348092265838e-01
3.297766171401408375e-01
1.603391918435644603e-01
2.109051546228475349e-01
3.789912340285005454e-01
5.324274942471964867e-01
6.596017164496712493e-01
6.242192347641265515e-01
4.946710690010971412e-01
4.983269373187420581e-01
5.467906655811347605e-01
5.610567882338011181e-01
4.804837018212445021e-01
2.596253175983613826e-01
6.935304655285937092e-02
4.233302386363772818e-02
8.743600829698403021e-02
8.555162873691424252e-02
9.499441117220430719e-02
2.773886832256011181e-01
5.644599313788878359e-01
8.338056499490758000e-01
8.541088650793429160e-01
6.786955555126956696e-01
5.574184979352956315e-01
5.388549342028008393e-01
6.287461060334684770e-01
7.132872509964074403e-01
6.914079323179602721e-01
5.930777682400951711e-01
5.417006290539979618e-01
6.570961952705635101e-01
6.875818109748426110e-01
4.928283156996944858e-01
3.347569186142569375e-01
2.351596972218808757e-01
1.204741394347962624e-01
5.464364598903285325e-02
1.128738861986212788e-01
6.659057388539399991e-01
6.418189511232632594e-01
6.525333851997767720e-01
6.436149380015984134e-01
6.744427318487149492e-01
6.914056160215632518e-01
5.980491113570476358e-01
5.004141902289629407e-01
5.052747546674332124e-01
5.308782975570874862e-01
4.440337721288737383e-01
2.752551593827477494e-01
1.757079630982796570e-01
2.607536805444746197e-01
4.502771954907016094e-01
5.621752885134366773e-01
5.885274873656818340e-01
5.171272554097458007e-01
3.433852311356826448e-01
3.965975548824494101e-01
6.044211734237061595e-01
5.475433412971374425e-01
4.050818490661802218e-01
3.354216568826355327e-01
3.313123477286796792e-01
3.188030093116391295e-01
3.248093078657389166e-01
4.345689544239627056e-01
4.997289543417690050e-01
5.732678452728647844e-01
6.691842699426989727e-01
6.839953954881653475e-01
6.709767674846566221e-01
6.303122155409628391e-01
5.902586058121419565e-01
5.874400182311670937e-01
6.554865274203387493e-01
7.951975079953226277e-01
9.104937918509373729e-01
3.985836075010038559e-01
3.420495546427474998e-01
3.505570351150370523e-01
4.273204380931220348e-01
5.024768403639847669e-01
4.582552879794034584e-01
3.903990308659460728e-01
5.549419702249122066e-01
6.423427498786600243e-01
5.290714408329975083e-01
4.242315530793927536e-01
4.152451403316905210e-01
5.273017017518475402e-01
6.591253607293694472e-01
9.210228497681696158e-01
1.031665924213578389e+00
9.472090051735198024e-01
8.395404624300102370e-01
6.900643139627222755e-01
4.717651173563522371e-01
1.648016147708377122e-01
-2.478392121087813482e-02
9.734086880807385489e-02
3.598710533495961261e-01
6.055752407711402219e-01
6.821602335162181285e-01
4.383461763097072916e-01
1.570731790608802803e-01
7.421647923338967057e-02
1.694143227690953490e-01
2.617280600284923042e-01
2.947348027519078872e-01
3.215098881935448683e-01
4.689126175311550959e-01
6.508092429374927601e-01
8.235761198790558790e-01
9.201337175646540079e-01
8.432732322456140128e-01
6.464545370619049214e-01
2.739830862286956603e-01
5.949950787256026441e-01
7.654755255181395768e-01
5.750777073766033531e-01
4.031759417135774570e-01
4.240649757024246291e-01
5.072287280766251127e-01
5.224574800033023880e-01
4.959189477737347973e-01
4.533712024644313554e-01
4.823895299870757380e-01
6.055096957006034231e-01
7.043546474818946912e-01
6.601755417680512661e-01
5.113186826105522442e-01
3.808363859640953586e-01
3.505899439571914522e-01
4.316091432673325734e-01
5.616894223518080764e-01
6.452137067536030113e-01
6.336842726923042068e-01
5.906190403870505978e-01
6.659515587378379564e-01
7.668501674974630422e-01
7.850039813402962530e-01
7.141121655487058240e-01
6.433660198462933799e-01
6.582457900138085627e-01
6.546937912591473951e-01
6.096620328727944127e-01
5.575672739589374594e-01
5.374016422241069124e-01
6.129410236160133252e-01
5.950717277060109112e-01
4.865399850530582326e-01
4.652708217329760698e-01
4.265301996370143289e-01
2.962510943426709953e-01
1.770359680436623395e-01
7.855606857383882202e-01
7.009101217044138021e-01
6.276585883051188919e-01
5.450447547404004833e-01
4.833570455039192248e-01
4.842043199877395510e-01
3.977417231792302332e-01
2.599645441962771808e-01
1.890430682641923710e-01
3.643608888369264109e-01
6.526327759473042889e-01
6.552670700181635333e-01
4.925865296659340253e-01
4.593744406505329558e-01
4.748347134431166738e-01
4.572790102616091090e-01
5.136712618918489737e-01
5.194410644935278931e-01
5.037892585513792376e-01
6.931007815359809809e-01
9.938275604498235660e-01
1.016668306797266830e+00
7.547181549746972973e-01
3.240511961122874984e-01
6.295225496895887063e-02
1.243536904190525871e-01
5.772147295990230909e-01
9.996146940005619097e-01
8.434992510451415626e-01
6.132331186956316849e-01
5.670118544092135338e-01
5.523187704393163200e-01
5.144864260041600579e-01
3.565292915612379154e-01
1.842176200569040634e-01
-1.518783880927450369e-02
-5.882863771891537474e-02
2.719963101715040521e-01
6.292238256124480511e-01
5.628580315931448474e-01
1.901469898575071094e-01
-7.488156193038392194e-02
-1.219797831176636094e-02
2.022650372998650858e-01
3.692248386466803201e-01
3.989884624247537759e-01
3.468040612856717053e-01
3.935049663468648817e-01
4.943493905777647801e-01
4.330288430888447060e-01
2.775549838331905494e-01
7.266776175257202985e-02
1.137885822714745088e-01
4.367219654349659419e-01
6.542496173773755253e-01
6.801715726672150630e-01
6.255684595735777620e-01
5.642833664297556284e-01
3.878880993829204593e-01
3.363543421035756764e-01
4.805143990977138735e-01
5.640228822427743038e-01
6.433028673123603047e-01
6.915807195831046306e-01
6.471797630363989029e-01
5.934263470060467949e-01
4.728909636796365668e-01
2.799720376784225473e-01
2.339541935313493026e-01
3.657176449373181204e-01
4.219607360234758908e-01
4.832618169741987324e-01
6.438062582508650156e-01
8.015966533974726582e-01
9.165563413216044619e-01
9.130813934086895456e-01
8.818716161605499870e-01
8.360185409629006248e-01
2.588912006779978681e-01
3.104202774207333038e-01
4.422992629072086124e-01
5.643911934324387092e-01
6.883630371521571867e-01
7.925509260253245092e-01
8.529381230392355517e-01
9.192286369055738815e-01
8.588698194296914279e-01
6.163997732980364130e-01
3.734979153663177120e-01
3.921568393794120366e-01
5.233598721108145835e-01
6.275495464481606334e-01
4.958165670608961073e-01
1.271279819003672817e-01
-6.473593314443984448e-02
-2.791447437642543411e-02
9.522021226610111189e-02
2.290064895066147854e-01
3.140768315205710870e-01
3.314850711948430506e-01
4.258838328896995540e-01
5.337683087386719816e-01
4.777401237384455435e-01
3.283032582741274852e-01
1.983692826573673629e-01
1.003988623070870834e-01
9.215348669739703569e-02
2.606582170736874149e-01
3.973865337840666312e-01
4.061003782631381065e-01
4.770436187789363069e-01
5.599432439610314560e-01
5.485116202946069830e-01
5.095335030854376557e-01
4.025379856777125953e-01
3.186143393077439656e-01
3.293774902791526960e-01
6.085448115575390338e-01
8.502417517177274231e-01
9.074203113979235624e-01
8.151352003125165169e-01
6.853245352910836141e-01
5.870727416448784375e-01
5.500065608445727783e-01
5.185751049640535681e-01
4.991087628927719511e-01
5.903930080287371762e-01
7.617287074411516201e-01
8.788692264118008746e-01
8.975682506786792914e-01
8.202221851664002195e-01
6.945517343336982119e-01
6.618478434152816892e-01
7.478411838661342959e-01
8.887221683077780598e-01
8.817916300643382499e-01
6.934999978864877512e-01
5.290438086112004834e-01
4.510351938209380962e-01
3.587247036601699524e-01
2.095682181108067810e-01
2.262824045931061401e-01
4.791254845237432614e-01
8.194680037719452859e-01
1.066126748507764566e+00
1.046441511735588525e+00
8.808028912785770270e-01
7.150838129116283692e-01
5.865921413176691246e-01
5.120033294372916544e-01
3.041056585507138643e-01
1.096791393076050891e-01
1.091131063828264247e-02
8.891771710647844440e-02
2.743715759179986557e-01
3.562305203843064705e-01
8.774166378285296330e-01
6.149872686990136561e-01
2.647591087179315128e-01
8.856333851887654429e-02
-1.428794268239145376e-02
-2.204398830092618722e-01
-3.967762333902966621e-01
-4.246065518587790466e-01
-2.155276616603500894e-01
1.655309046950019514e-01
4.114648702487322396e-01
4.924760691552247938e-01
4.055044563941124780e-01
2.646794874345750337e-01
5.201990284035099554e-01
9.529210229663156451e-01
1.057172025313579677e+00
8.951047763419387460e-01
6.456943484344084272e-01
6.377399142115522945e-01
8.104371553946181361e-01
9.144737340988968732e-01
8.716724434900128271e-01
6.925203711586007671e-01
6.419885388008170768e-01
7.630255905819101070e-01
9.118307521364442669e-01
8.977713006738328172e-01
7.856917716721005807e-01
6.592671915385192039e-01
5.125028525972106230e-01
4.253537898773784298e-01
3.763903467411845449e-01
4.400777674117336002e-01
5.879079922763904564e-01
7.784685427973687677e-01
8.963564996251063288e-01
8.956023212147250501e-01
8.951641276579545004e-01
1.258141429466776984e-01
2.285261774768337639e-01
3.871472963382596166e-01
5.086550487849899049e-01
5.587605772926614867e-01
5.866782727619994642e-01
6.240011075666187512e-01
6.595355244032190534e-01
6.942763827855369385e-01
6.570289048167508028e-01
4.182050016838833040e-01
1.816565603431128384e-01
1.607396825534647689e-01
3.097059117557642294e-01
4.740993119289970137e-01
3.107901346131508591e-01
-2.429282205999722111e-02
-1.378962309426448041e-01
-6.891914998868847730e-02
1.168350793746982252e-01
3.513452156173770269e-01
4.738340130962291341e-01
5.085193309801621098e-01
6.241222711733805939e-01
6.190383829882342148e-01
2.991817925984310289e-01
5.157054325755666691e-03
-9.721617252524869524e-02
-1.161720420453790231e-01
-7.130470964847725190e-02
1.450899281858814838e-01
3.074261681293295467e-01
4.446670306676085982e-01
7.173927997844919968e-01
7.236306059924387801e-01
5.302849061866874436e-01
3.786496060293151888e-01
2.578863224740326476e-01
1.702688347084315712e-01
5.586678422265750621e-01
4.349386768591331776e-01
3.899565185246823829e-01
4.433293407598262736e-01
5.457972049550748883e-01
7.159994969063785408e-01
9.074423653998737738e-01
1.041467360741038295e+00
1.001287211691208157e+00
8.464112973233977044e-01
7.437970843458818759e-01
7.726125149132101466e-01
7.718081773730322004e-01
6.356088208325453293e-01
5.358075483819846330e-01
5.096953817238359941e-01
5.068109447689402858e-01
6.226014413300655637e-01
6.991270351412040007e-01
6.640467274758944383e-01
5.835833746217672369e-01
3.265518368957041617e-01
1.249619127625929554e-01
8.880785263426352327e-02
6.748624036845735086e-02
1.620650728104372496e-01
3.643246366815118265e-01
5.005229397346471210e-01
5.001514691524158174e-01
4.797182799633961103e-01
4.770749958577664707e-01
5.233670721615002464e-01
5.453267054635551059e-01
4.666480829897998728e-01
2.788833807881072602e-01
1.319059891426666020e-01
1.320586307343526722e-01
2.185625991455033279e-01
3.379291359629211788e-01
1.075354706652700942e+00
9.492730843763876880e-01
8.122649334524769671e-01
6.564379669198071587e-01
3.395700612523833151e-01
9.065023118275336578e-02
3.155179688110736069e-02
3.822722278543955188e-02
5.430401652766620596e-02
1.667908118492079927e-01
4.029861532162447579e-01
6.150206819010759496e-01
7.371203499261234082e-01
8.080490946062730551e-01
8.519226810548974349e-01
9.877920113009253100e-01
1.082910236487066635e+00
9.281573654746235746e-01
6.277842799521254902e-01
4.520448620002699425e-01
5.758986324795265510e-01
6.786714917892771037e-01
7.071865913587880303e-01
7.474017749974327662e-01
6.935363648902810318e-01
5.733698073264102968e-01
6.368554718266155046e-01
7.393947260210936845e-01
7.415935647049396451e-01
7.204583290173783849e-01
6.234386136106766507e-01
3.963793435026571332e-01
3.652651523270350475e-02
-6.431627633179498593e-02
1.169842263046362574e-01
4.348233206001821949e-01
8.092534709054286512e-01
1.084923158471686522e+00
1.180779287790672871e+00
1.211307943381486341e-01
2.346233452624392202e-01
4.426472664503393051e-01
5.646829718575723245e-01
6.121132615828879242e-01
6.546207233272163251e-01
5.588062155665740605e-01
3.989174104032458534e-01
3.260429119523815533e-01
3.575938821887387764e-01
3.215516112841804164e-01
2.462561036839834849e-01
3.527333906919027373e-01
4.408676910381830183e-01
5.039887438487388183e-01
5.470864715628748209e-01
2.699939714891367304e-01
2.747307727655760867e-02
9.880340114094221526e-02
2.940743509796658328e-01
4.561669699565380487e-01
5.304904567351742539e-01
6.242547493611873000e-01
7.601829131189015154e-01
8.875354022825006073e-01
9.009007652080445183e-01
8.050732693149864616e-01
5.329574213204437694e-01
2.540588079008577749e-01
2.675064288897250342e-01
3.383232234291966289e-01
3.626391793240180683e-01
5.943279699311012632e-01
8.855534799006379298e-01
9.975490174751342476e-01
9.455211565297063636e-01
7.457178115426247311e-01
5.637402525328638614e-01
3.367334994961320715e-01
2.944697319967211069e-01
3.766226261757457672e-01
3.568740137794803591e-01
2.173382258291462199e-01
2.532845324000846943e-01
4.495992212370826246e-01
5.831838995270293147e-01
7.246146160979182183e-01
7.542886429646723512e-01
6.746890745677427415e-01
5.881877057579528723e-01
5.381950369624292074e-01
3.630254349357465715e-01
1.968884056839344809e-01
1.888280088769277720e-01
3.311793345157015844e-01
4.901828130954126728e-01
5.338292178046843972e-01
5.828748445597752292e-01
6.076810289835570256e-01
5.636080099432132506e-01
5.164084695656244728e-01
3.222153938471782886e-01
1.624045406026171090e-01
1.271098602521811283e-01
1.833578356636415552e-01
3.692181349882168728e-01
4.050872691733458653e-01
2.177714179020206475e-01
6.089065347756734969e-02
1.072157060690829833e-01
3.572628555762014102e-01
6.866610539702490135e-01
8.104792166104477502e-01
6.480922976484024822e-01
3.530908399139607301e-01
1.308921297968492214e-01
3.646790050828006835e-02
5.050766285459305088e-02
5.588457087055169747e-01
4.270146438196983363e-01
5.249799007473026080e-01
5.492931072249349622e-01
4.311144291311194143e-01
1.799325968522081931e-01
4.071411053000317803e-02
2.340317018051707998e-01
4.400552917921806140e-01
6.282513107873244351e-01
7.429700315359617502e-01
7.483429247426549580e-01
7.690142277547382665e-01
8.322641346645334171e-01
9.027987568478732516e-01
9.106958933097990538e-01
8.311185004115930752e-01
6.068306948529975653e-01
2.834133368249328599e-01
7.890008329200517978e-02
3.508603754649235185e-02
6.916155138382180934e-03
1.142065290580968479e-01
3.911618235498840468e-01
5.205830194051656035e-01
4.425436782884710207e-01
3.185050752218773207e-01
1.997825478947364564e-01
3.078099334252373809e-01
5.616687621051090762e-01
7.281572252852348548e-01
7.505311764104558581e-01
3.411183740983420032e-01
-1.161681047963504243e-01
-1.876979322251453031e-01
-1.176995177076554100e-01
8.353464375284791466e-02
3.767705058051226685e-01
5.620382357930725492e-01
8.378843811144126574e-01
7.492647327461154916e-01
6.770111710216391021e-01
6.371028619326990494e-01
6.985656299320524010e-01
7.436943157807029969e-01
7.443800697572360292e-01
6.116834729519601277e-01
4.138991926370924612e-01
3.479152593517498282e-01
3.338523802917090499e-01
3.451464001809237958e-01
4.287921976528186740e-01
4.763737966712104366e-01
4.467840167527973305e-01
4.766730853273078439e-01
5.225228747059371681e-01
4.491118777551345587e-01
3.769744150258865778e-01
5.306462462012402348e-01
8.392248152880952272e-01
1.016073723059189859e+00
1.038682511089677130e+00
1.033252846727442886e+00
8.694863690954106605e-01
6.055438374577403193e-01
6.516854263714613182e-01
8.577026674302727915e-01
9.087490674149849568e-01
8.183203365958737763e-01
6.001931047156686683e-01
4.054873060180865241e-01
3.420071802402899763e-01
3.899484744134135705e-01
5.908939292604538096e-01
8.104942261782616120e-01
1.012389348247502152e+00
1.046490533336631223e+00
9.088918304262842973e-01
4.393133471138364055e-01
5.043367558123388328e-01
6.669767305535466706e-01
5.824513215259162768e-01
3.760348407671744719e-01
4.703337288654543258e-01
6.786401336896683567e-01
6.544484821783568274e-01
4.641469006401468533e-01
3.134874148312802311e-01
2.713712088240988751e-01
4.440425459034367250e-01
5.260736145440411127e-01
4.442531154473218780e-01
2.822207995349934051e-01
1.466823343759194875e-01
1.473464270210927407e-01
3.443507111664987907e-01
6.112909323811748230e-01
7.217185492176825257e-01
8.150053536039273405e-01
8.576536086976592754e-01
7.984472268242023274e-01
7.529900008270126177e-01
7.790478328221257520e-01
8.913824249543584877e-01
7.769966643381045479e-01
6.235740030136920353e-01
5.794392174034630472e-01
4.647152156494276376e-01
4.425627953606600662e-01
4.541122274550931093e-01
6.648633742864079599e-01
1.039830873788455401e+00
1.324185922931128800e+00
1.426903235060526187e+00
1.133638007113416668e+00
6.529554744119548948e-01
3.606184151317306519e-01
