-1.152321201037055820e+00
-6.828555067609830553e-01
-8.295908943391729073e-02
4.019582374003135006e-01
7.474728293762580300e-01
1.150100382274394484e+00
1.533010856122926313e+00
1.847870095784025946e+00
1.980068597130650643e+00
1.632323151465218780e+00
8.572520019758629317e-01
1.533972535288574135e-01
-3.199635640141197945e-01
-4.643511314386320477e-01
-2.880776030401813181e-01
-8.108126882139896074e-02
-2.585194213212663183e-02
-1.591125899317383241e-01
-5.900322005843723350e-01
-1.124303672253391007e+00
-1.416341071670030427e+00
-1.496407796297870796e+00
-1.514094993617225438e+00
-1.421089903062453308e+00
-1.292025903235110018e+00
-1.297364418100991790e+00
-1.386605661251432142e+00
-1.419402730992875172e+00
-1.177087627169614681e+00
-6.907863734212092988e-01
1.063646170137055591e-01
7.943982825064921371e-01
5.232165481519605033e-01
-2.555637332901188885e-01
-7.471836334470514096e-01
-1.165642060189831630e+00
-1.610809495197768948e+00
-1.695781212728628695e+00
-1.617927762347315834e+00
1.745399159870950401e+00
1.846410258054107523e+00
1.505551643070309975e+00
9.205933627747256986e-01
6.231246454834346027e-01
6.652138766559403393e-01
7.034062769777763569e-01
7.654389511669986712e-01
1.063426050381295562e+00
1.492145581458329984e+00
2.037405384984072754e+00
2.496865014786703085e+00
2.697606290491931347e+00
2.676568851087774537e+00
2.457867899273416423e+00
2.183278588540549237e+00
1.827342106709419767e+00
1.352607878111162343e+00
7.797204451461281494e-01
5.462099092495197317e-01
6.885346979837283499e-01
8.451091277315466721e-01
7.725566073313890891e-01
3.708872128771936172e-01
-3.733216583230547503e-02
-2.494486621488765654e-01
1.199911918174849657e-01
8.388580223577850603e-01
1.413305696608764039e+00
1.675976417010219599e+00
1.006569238131208799e+00
-2.487296329278647078e-01
-1.193987696157491785e+00
-1.587651170092887032e+00
-1.468244814368903972e+00
-9.813238724086461584e-01
-2.726794533326503123e-01
5.098500934742530299e-01
1.126963593628512506e+00
1.782175673268970861e+00
1.474546467051783605e+00
1.204881284235623795e+00
9.869319691480333834e-01
7.775101551484515650e-01
5.478046201355251110e-01
2.255336675514632572e-01
-1.165030949564923590e-01
-4.617841252780647276e-01
-5.195101983728562800e-01
-1.621569312223383186e-01
1.243305218987198479e-01
6.956294978418553487e-02
-1.151469195871024365e-02
3.868257504036987093e-02
6.779743131416504642e-02
2.734956573469842223e-01
7.393041509941360445e-01
1.320680412712335272e+00
2.051920423917778180e+00
2.637376874507542546e+00
2.714414387785314631e+00
2.539575946131300110e+00
2.376431597653999361e+00
2.401841985336520047e+00
2.749372857626214639e+00
3.104824520518816300e+00
3.112475826275034940e+00
2.405762962313417574e+00
1.053184042096465989e+00
1.973801113426862930e-01
3.498007096660224469e-01
9.851329210349434318e-01
1.688774380406093734e+00
2.349503925808618110e+00
2.948528032637436347e+00
3.226761523076950411e+00
3.138829576410564925e+00
2.685292672864521890e+00
-8.616593734182097508e-01
-7.228097358808098782e-01
-7.848259387915190732e-02
3.831012075309165321e-01
5.410440821445496873e-01
5.660000249234300451e-01
4.197875228165957595e-01
5.550667482567418765e-02
-2.458185154538292672e-01
-4.117494385934950540e-01
-7.163826092353455799e-01
-1.067562290898593558e+00
-1.312610119798239383e+00
-1.362898824779823936e+00
-1.214586889884021303e+00
-9.089855020697040766e-01
-5.464889386457523202e-01
-2.220906283000473047e-01
-2.085955384262601076e-01
-3.152114774585376145e-01
-3.811769986324894943e-01
-5.115714758259486405e-01
-3.683869898539031684e-01
7.063589560539151879e-02
4.291068079535637070e-01
3.637527923636083571e-01
-1.525001432127592593e-01
-6.335015524097807882e-01
-7.814469445102445455e-01
-4.330581359617919346e-01
5.840394401569752869e-01
1.716547270519366952e+00
2.279462864398073219e+00
2.116801275624443868e+00
1.595970581320265591e+00
1.064908614161630851e+00
4.096275018915165322e-01
-2.945999692225536593e-01
-7.220152628380984705e-01
-7.140949326429435473e-01
-4.726220155025175895e-01
-6.874878878294979900e-01
-1.141032839560906620e+00
-1.207648356553759461e+00
-7.306887832441737451e-01
1.010112553344304359e-01
8.286360312796871019e-01
1.282262186625962919e+00
1.422560034018816477e+00
1.125362055836580000e+00
8.961063585890904903e-01
1.032602654075364113e+00
1.214108524327540684e+00
1.331355342571617584e+00
1.317374090846583634e+00
1.222389827493945091e+00
9.089142250869239881e-01
2.613655573323518944e-01
-4.078177001776276400e-01
-7.984139655349762332e-01
-8.895667624278977836e-01
-7.901571550590577031e-01
-7.512598621361580298e-01
-9.157885064704136546e-01
-1.193924926730705494e+00
-1.340562161412286679e+00
-1.226540836634550713e+00
-8.562523807088286976e-01
-3.191218225453603119e-01
1.683177350356570290e-01
-2.723312691648982486e-02
-5.862875869193596712e-01
-1.001780506892102407e+00
-1.440358347230988212e+00
-1.829830626995195386e+00
-1.908945981954297100e+00
-1.676425270030909243e+00
-1.401260231173197424e+00
2.299490183909699059e+00
2.107864153512725824e+00
1.728760518027362414e+00
1.607605319598723215e+00
1.707188101845265038e+00
1.457005684090544539e+00
1.122180712446136264e+00
8.412035479823053441e-01
7.631610881109038846e-01
1.023610402043110268e+00
1.556690327128819717e+00
2.212128911134601417e+00
2.529115911311314857e+00
2.363563603198864271e+00
1.985770915798947378e+00
1.570928896196067459e+00
1.265570387572518829e+00
9.854378952670791447e-01
9.371694970075348241e-01
1.211119144670773418e+00
1.597060415744190109e+00
1.898600103527397831e+00
1.893701924211689924e+00
1.484568648593801443e+00
9.537736721057212819e-01
8.493001141236948826e-01
1.161320632421701138e+00
1.634490470685909136e+00
1.919155787116280321e+00
1.550649139357576090e+00
4.668326973056925455e-01
-5.332450492298999034e-01
-8.766494565232384462e-01
-6.798628718563907158e-01
-2.602854586873589171e-01
3.414640966967791291e-01
1.054871353981944759e+00
1.694631282653899618e+00
2.197532721587576621e+00
9.661561094723717380e-01
1.218864152399481426e+00
1.607656715542267634e+00
1.724870269155340363e+00
1.482472002792416088e+00
1.322088185776278735e+00
1.145530943868632079e+00
6.768445826722341296e-01
1.902035191925974533e-01
-1.178347633813900952e-01
-3.522817303163540137e-01
-5.819018701282905326e-01
-6.615268745618103630e-01
-6.423670663228414623e-01
-7.783774844716051522e-01
-8.065626185491535649e-01
-4.640682745879182725e-01
2.141749460855728593e-01
7.528546175182757594e-01
1.070278847533923106e+00
1.213154816771163880e+00
1.042902830875578335e+00
9.915794775235193814e-01
1.265478793526732426e+00
1.863334736979794126e+00
2.356852413010694036e+00
2.262325433408657549e+00
1.717394026113369776e+00
1.100983190438629578e+00
7.560023338576095098e-01
9.021011829130410886e-01
1.384219483415051855e+00
1.922692116782336758e+00
2.387112383581258435e+00
2.587003000787755802e+00
2.491690543356904541e+00
2.301950907929469103e+00
2.105198049934501547e+00
1.705798288039930943e+00
-1.151371658032192435e+00
-1.129821848767501802e+00
-1.270717062019265153e+00
-1.372602224199028553e+00
-1.316973004335303621e+00
-1.120096639998234833e+00
-7.548563143908748607e-01
-2.745609022420007483e-01
1.369167324356730386e-01
2.130303026147227774e-01
-3.010825538462702511e-02
-3.176845964542307499e-01
-5.217482733606977341e-01
-7.174523145558810988e-01
-7.952559821240003934e-01
-6.919355782481961814e-01
-3.955894552038369261e-01
-1.187032332300531345e-01
-1.888995198434932909e-01
-5.902986567101832227e-01
-1.026523541386621385e+00
-1.073611227340717900e+00
-8.336018399462490347e-01
-6.894620295483206984e-01
-5.392863735080963838e-01
-4.272451045474331410e-01
-5.553721337218731069e-01
-7.994617381475758178e-01
-7.560030559745432033e-01
-2.719969891562914466e-01
5.674631471225027868e-01
1.137357668631495677e+00
1.005816928075575767e+00
7.634070964760433231e-01
3.520702127340591403e-01
-1.738533333098475353e-01
-6.060907585293074940e-01
-1.028947456564613283e+00
-1.250895431408654446e+00
1.258426296575612113e-01
-6.151779211571728467e-04
-4.210492684946304243e-02
4.016445863858758569e-02
1.782616951129923355e-01
3.456429293595911223e-01
5.713814316359009382e-01
6.779824659654156704e-01
6.475730069326728344e-01
7.918114833596080482e-01
1.130798474031490253e+00
1.276928431467998282e+00
1.420515631853083605e+00
1.655798919132699831e+00
1.866052530536004728e+00
1.994160091563552228e+00
1.813408319640546829e+00
1.113064523536184680e+00
4.299171719113145662e-01
2.162259653830480299e-01
2.868915164483143432e-01
5.753995308849265689e-01
7.694731370556003869e-01
4.751851492576102398e-01
8.106123368840867371e-03
-3.014882603568710406e-01
-5.103230805935262682e-01
-4.357402747696121903e-01
-1.658919141197222336e-01
2.263841493920533965e-01
1.656497475577680123e-01
-5.986789862615602420e-01
-1.042600245974596884e+00
-1.104518388854520916e+00
-1.118472911088979727e+00
-1.011709161553463687e+00
-8.736779159838390374e-01
-5.767758131761129281e-01
-1.586867930145794414e-01
3.062368607972170587e+00
3.116917729987356722e+00
2.754533718646251295e+00
2.411119488889865270e+00
2.371986375233903210e+00
2.233415046249213276e+00
1.801332660794604079e+00
1.358536483819543061e+00
1.049391371581860355e+00
8.414787371341876376e-01
8.089853411173688613e-01
8.919120848570121218e-01
9.446635228937481088e-01
9.428355975950400980e-01
8.037674279875696159e-01
6.148516430157918711e-01
7.972146743130186231e-01
1.326125127128568115e+00
1.861172589377538378e+00
2.224429391235219100e+00
2.283924950023680900e+00
2.228669003605432408e+00
1.897707330305289819e+00
1.575321715692027391e+00
1.654740816736465447e+00
1.865088183115856335e+00
2.102589632053434521e+00
2.297619365583310813e+00
2.195320619631216275e+00
1.494472173775424295e+00
5.917640771393399834e-01
3.219818588054292885e-01
6.298430487881356843e-01
1.056148866066941583e+00
1.452521992487893820e+00
1.827718679304903837e+00
2.121950517228974320e+00
2.322119565467946956e+00
2.572499217224725410e+00
-1.583573105266465886e-01
-3.278589416882355945e-01
-4.331632356152905761e-01
-3.459092474930576255e-01
-2.574701507235083175e-01
-3.615116467654125310e-01
-4.063526491872463953e-01
-3.490754966892963829e-01
-1.919405172777244317e-01
2.026954323928479851e-01
4.457208078402765117e-01
4.082660360637059838e-01
2.077417948608351050e-01
-2.606379520858524701e-02
-1.338550433877014334e-01
-1.432984980896275518e-01
-5.561180870549337074e-02
1.495236107339856790e-01
3.447780370626889468e-01
3.190014323990386647e-01
7.269712901592950693e-02
-1.315865288958367185e-01
-1.313920036901413124e-01
1.088343136478983619e-02
2.820691662112331799e-01
5.667239979761099500e-01
5.523106747955872642e-01
1.646867935392327675e-01
-1.602121356372768757e-01
2.980580435322849886e-01
1.271107870959820474e+00
1.828926736298657207e+00
1.944519300663545280e+00
1.818336523990129905e+00
1.455886667483357266e+00
9.970100342451349018e-01
5.979317930601578679e-01
3.731417671869391994e-01
1.795481985690895455e-01
-1.477264394654424828e+00
-1.408961628362754182e+00
-1.266931592744129143e+00
-1.067136469463001891e+00
-8.313959065900642376e-01
-4.812487312063150613e-01
-8.736271230014981681e-02
2.740998070760571337e-01
4.895453959114474118e-01
3.566896158481558388e-01
1.943597848810792450e-01
1.550518024190437050e-01
1.245048877181280239e-01
2.423419142439206531e-01
3.965682921105126435e-01
3.575941059158171953e-01
1.467019135526480833e-01
-3.789760719214741447e-01
-9.463431372274941911e-01
-1.176520869675943493e+00
-1.186037612519674544e+00
-9.461499578944039257e-01
-6.076343026867223607e-01
-3.953090430792408072e-01
-3.881069092160361889e-01
-5.911199770927174635e-01
-8.230318421110114357e-01
-9.861945643371752279e-01
-1.002431322466700081e+00
-8.279796132176382439e-01
-6.936836189392294738e-01
-7.877902638326399476e-01
-1.017374028568169164e+00
-1.170963556734874622e+00
-1.153326584913884068e+00
-1.021467619769586666e+00
-1.061077884345994926e+00
-1.179569540175082976e+00
-1.306986955962884611e+00
1.692556176612028729e+00
1.849222587558913000e+00
1.898783825826839022e+00
1.771499926166677730e+00
1.623175385342038979e+00
1.608355144475249077e+00
1.607071553428063515e+00
1.465288718539863755e+00
1.140958990507846327e+00
8.243404225293951004e-01
6.464691159925276542e-01
6.326972203956733320e-01
6.626814745171901722e-01
6.433174279291884456e-01
6.380860399082106671e-01
6.405585473351809167e-01
6.059839057153113551e-01
6.116816047478019769e-01
7.605794839175059607e-01
9.207476048022058546e-01
1.237877302265662394e+00
1.629246422209667866e+00
1.724753036261545081e+00
1.652549547381465977e+00
1.332420125401886146e+00
1.128065997611005011e+00
1.385167527368737606e+00
1.676936773507712086e+00
1.851109571977383350e+00
1.449826038494743452e+00
6.647401928613692057e-01
3.668280443959290316e-01
7.079963408648650702e-01
1.065578934203107231e+00
1.148801801650334076e+00
1.251555051580371281e+00
1.374543408888953877e+00
1.426311639107483709e+00
1.436475784934643229e+00
1.887490547022408816e+00
1.586747381571987248e+00
1.317276266893816494e+00
1.131256702993148622e+00
8.694379878113907001e-01
5.769467857073163897e-01
1.955087015881543100e-01
-1.975478270321653351e-01
-3.699340506716349286e-01
-2.745917052233303179e-01
2.878755603290783505e-02
3.836256885820707452e-01
4.795321002754403539e-01
3.334995157598883431e-01
-1.954380883120668266e-02
-1.676520390072195887e-01
3.619641470166668484e-01
1.420923590561216088e+00
2.372632794846120774e+00
2.727034705499125078e+00
2.715546317341187343e+00
2.136489316447021558e+00
1.441814809153600496e+00
1.259606560187909841e+00
1.416963962151302381e+00
1.740408690644720258e+00
1.708607872296084240e+00
1.377035088690061304e+00
1.463280752395237583e+00
1.685679953875582449e+00
1.839854872291603272e+00
2.038858085371689555e+00
2.068019189588726992e+00
1.882359342595946394e+00
1.687187159830590311e+00
1.749348075426303550e+00
1.927905858794671357e+00
2.137795036974573293e+00
2.251510160175740349e+00
-1.112303233803769498e+00
-1.042194928132721632e+00
-1.038172700717842734e+00
-1.039245305567636724e+00
-8.380896042657515199e-01
-5.154844474652303665e-01
-1.537853750711093981e-01
2.802864557288706759e-01
7.569328498630303326e-01
1.143161568625213231e+00
1.350587595542584562e+00
1.389613079771365722e+00
1.410726018052474995e+00
1.586109979784738222e+00
1.769406336901208521e+00
1.823812858319944885e+00
1.570973683405295196e+00
8.674419430689302990e-01
-1.257920609902468678e-02
-5.621937812032385962e-01
-8.706263237487754658e-01
-1.042660411449814362e+00
-1.001539009651472467e+00
-9.041925042760965425e-01
-8.215777393674441598e-01
-8.759804032604578961e-01
-1.054752005632188627e+00
-1.238905780922215039e+00
-1.288495275984915089e+00
-1.171980822334155681e+00
-8.611954886827346556e-01
-5.884427597470858196e-01
-7.004992206954376854e-01
-8.754603365547777294e-01
-1.049629425881295930e+00
-1.215832217882335531e+00
-1.122090858851148010e+00
-1.080392596933888338e+00
-1.116286920854282272e+00
-7.123124298355740791e-01
-6.004011581668171615e-01
-4.147849294025729439e-01
-5.717472080868507556e-02
3.649425497277899444e-01
8.390945805416372139e-01
1.286601257614672589e+00
1.491676344456903891e+00
1.431492231356227496e+00
1.138733239256970675e+00
7.548678615586741358e-01
5.772957227347703668e-01
5.585362637692591337e-01
4.619525439040146342e-01
4.197378597835886294e-01
2.719972756490474097e-01
-9.174829786246110896e-02
-5.991951397254912104e-01
-1.017870791113748563e+00
-1.167634737698868941e+00
-1.057651201645105843e+00
-6.338371392812609528e-01
5.270228440528179625e-02
5.491869587367024241e-01
5.252510554664342468e-01
4.622887519372606002e-01
3.915078429753703348e-01
2.365518952325199598e-01
-9.774193316550122690e-02
-4.552545103630070145e-01
-6.405129397228651600e-01
-8.375048240928907317e-01
-8.009684614221255217e-01
-4.160665992144735870e-01
4.213842500515130318e-02
1.485963060844034400e-01
-1.546292719203844479e-01
-5.231099594392959462e-01
-7.909306873433656904e-01
2.692022439923661636e+00
2.662894071913294081e+00
2.575745268325154491e+00
2.346577249807920929e+00
1.834030452659369148e+00
1.359063051545422063e+00
7.236452427204798088e-01
-1.747361831775656738e-01
-9.599935001460410122e-01
-1.341842737671548935e+00
-1.416416554878008105e+00
-1.421751150472162717e+00
-1.299042958702258055e+00
-1.179788659268547146e+00
-1.017285069072170423e+00
-9.042952158974576493e-01
-6.263958069541417650e-01
2.766897943109817293e-01
1.269785269798397565e+00
1.890417807819416929e+00
2.359258092541684615e+00
2.468767866668986066e+00
2.277952944120844592e+00
1.875490967413279364e+00
1.542656765625354476e+00
1.734446570604015747e+00
2.051679016136257250e+00
2.333545925614940231e+00
2.634680446396757247e+00
2.779811363798714741e+00
2.620274007650179371e+00
2.513450373008303096e+00
2.573593854685294779e+00
2.427657448208214497e+00
2.281075344417270223e+00
2.207583190822266062e+00
2.084070588674428404e+00
2.105742592613018438e+00
2.279457143957591025e+00
8.823986491551930600e-01
7.335355424740759300e-01
3.772128250027302898e-01
1.792312256731676268e-02
-1.674974104103077732e-01
-2.526825234216316662e-01
-2.848646702394652674e-01
-1.202644456716308596e-01
3.357296147883249704e-01
1.080509014780756338e+00
1.695738006160188993e+00
1.899433184466058355e+00
1.852544487796043970e+00
1.569941141117035643e+00
1.254302119622189071e+00
1.220840688226156434e+00
1.598058238609294524e+00
2.076450843323037532e+00
2.213372580804686685e+00
1.913768355106040708e+00
1.297678221911489960e+00
5.882901418805170923e-01
4.624364596289953777e-02
-2.851824846904119637e-01
-4.236847019680061721e-01
-3.450639130295843904e-01
-2.964961461218008076e-01
-2.733045040533577108e-01
-2.361603175067132909e-01
3.769037136810649002e-03
4.481226638585252831e-01
6.917910451014227524e-01
6.394083970694286467e-01
2.956010163037052219e-01
-2.948915360961140708e-02
-1.004277293915228908e-02
9.369246445553564007e-02
3.904897880441954294e-01
7.632169935646422321e-01
-1.241061332841014053e+00
-1.106448674430075663e+00
-8.179177857952906194e-01
-4.144136577374836206e-01
1.371345976628807750e-01
7.344448760345960725e-01
1.590411683450379199e+00
2.549109344532172194e+00
3.014599906098950122e+00
2.920673711798282834e+00
2.380137467502733806e+00
1.762732060047901950e+00
1.563532388464847100e+00
1.533122780262844875e+00
1.502131901394437197e+00
1.563907842523456271e+00
1.158964819082457520e+00
1.307589325271659164e-01
-8.793506303143883152e-01
-1.403258277544495947e+00
-1.414394565913013491e+00
-1.122953849133710102e+00
-7.132737580954395806e-01
-3.828655219471286397e-01
-3.214618490399954176e-01
-4.915693124293922245e-01
-7.841827697431198452e-01
-9.982418828520505105e-01
-1.143725999660392567e+00
-1.275908634737910941e+00
-1.337999712723294543e+00
-1.350274593359716668e+00
-1.335506783657040897e+00
-1.223505481631335989e+00
-1.018899711483165049e+00
-8.407973144719431691e-01
-7.735502389774054910e-01
-7.879862117425182610e-01
-9.823875605660681298e-01
3.917163586247631724e-01
4.069039431323835943e-01
5.260420740291775754e-01
6.609772006729894844e-01
7.589556577122718029e-01
7.879259038975641172e-01
4.694345696078313090e-01
-2.719182163628938165e-01
-1.056772755455690715e+00
-1.506247313504168961e+00
-1.759354332977870250e+00
-1.793789060152148451e+00
-1.564939685284675086e+00
-1.119923360911990073e+00
-5.247147067402231357e-01
-3.551267161279558215e-01
-5.631388734613720359e-01
-6.866205630649897529e-01
-7.630406322576106515e-01
-4.628365619920846719e-01
2.364785608112298099e-01
8.286048866943555025e-01
1.168021084758344097e+00
1.322199771258928624e+00
1.540024502514762972e+00
1.748932059007393347e+00
1.896935730353449756e+00
1.952553295471084249e+00
1.718368877833357899e+00
1.338631766851179572e+00
8.538015636643868644e-01
5.257588219692497233e-01
5.508724149592416630e-01
8.051241912304210047e-01
1.113537716464901406e+00
1.372415896372130018e+00
1.269793487328620518e+00
7.634880414065646770e-01
3.887469715513229285e-01
2.581288481304504501e+00
2.255020145856474922e+00
1.746151826182690048e+00
1.110847405160603207e+00
1.956830702417717838e-01
-5.643543592250820362e-01
-1.091139197598319122e+00
-1.446136887495635515e+00
-1.270043683268221590e+00
-8.705440130146165911e-01
-6.433468510747897273e-01
-3.965271054179505539e-01
-2.252701147313460606e-01
-1.754355903283131846e-01
-1.313604910082993849e-01
-8.354739658661089474e-02
4.163779975670431899e-01
1.459621532677760181e+00
2.595590092348628808e+00
3.102061938692007637e+00
2.986614085642508964e+00
2.530979202892797097e+00
1.937385900437255781e+00
1.460701752418916977e+00
1.103273930464903962e+00
1.094359759146248168e+00
1.125985572094023945e+00
1.107804588729092377e+00
1.293530942955547047e+00
1.653681608256171609e+00
2.132358111795945810e+00
2.493691289762811181e+00
2.533088940908363007e+00
2.292609623886938230e+00
1.702471362712049796e+00
1.241301374952722192e+00
1.381237721281204589e+00
1.816696881775768713e+00
2.196246370091358369e+00
2.655694636943292108e-01
2.887342837277522278e-01
3.095456080830182866e-01
5.364906481448878939e-01
8.524302723289427508e-01
1.186874781884891927e+00
1.703447451378861999e+00
2.324339325416377555e+00
2.758948276012318068e+00
2.834031385852111562e+00
2.901496139887690617e+00
3.056678609758284537e+00
3.030013414874763278e+00
2.726885788857645654e+00
2.207850915218239507e+00
1.844445753961998724e+00
1.686774283588489576e+00
1.411114528266104617e+00
9.197172517670852976e-01
3.943135126578073413e-01
4.242490142063648495e-02
-2.061844321205051900e-01
-4.078274000272999467e-01
-6.334913901128766955e-01
-9.305326779478354515e-01
-1.172392603973825942e+00
-1.394762749963807558e+00
-1.461439076290116157e+00
-1.256918047286313289e+00
-8.624022777317446042e-01
-3.890699477834860809e-01
-1.574346360086733010e-01
-2.862517262285072528e-01
-4.284314113690362302e-01
-5.147337704504504341e-01
-4.851357174547586415e-01
-3.904339296454414354e-01
-3.021505747948314280e-01
-8.011158538427498588e-02
-7.902425804804814602e-01
-7.652453232663098959e-01
-5.347104204802931582e-01
-5.740768341684157616e-02
8.849422866390368458e-01
1.880976180282794008e+00
2.015037326869217438e+00
1.657078742651534320e+00
1.344989217528246517e+00
1.130132551100727190e+00
1.056284133724432195e+00
7.987140077147040218e-01
4.804548494251198454e-01
4.368721994348088167e-01
4.339525762624483196e-01
1.704237750677201624e-01
-5.559416964100551972e-01
-1.327205435846920967e+00
-1.746434379692836769e+00
-1.902229577927855297e+00
-1.820291073022527684e+00
-1.611791108163396213e+00
-1.412558152405771317e+00
-1.347481448533366155e+00
-1.134643394286471541e+00
-7.830368241418581565e-01
-3.984251527860361297e-01
-2.073405379041637353e-02
9.570418072547137722e-02
-2.327310738884030838e-02
-1.962856315502322924e-01
-3.559801076306721157e-01
-4.186663609444777334e-01
-1.693101794120114301e-01
1.754370445190023553e-01
3.574544926504277798e-01
4.159072015314183579e-01
2.264012187891966676e-01
-2.210623897517346448e-01
4.777070765733490432e-01
5.025345107295529079e-01
6.391230140895265421e-01
5.862736530579111260e-01
1.268568306720685712e-01
-6.755453851999809745e-01
-1.365425721628412692e+00
-1.575721471063573187e+00
-1.614241658662125323e+00
-1.912874699480390239e+00
-2.157844830345160503e+00
-2.076556830012423305e+00
-1.732283199980050536e+00
-1.137504661881429513e+00
-5.215983134991218906e-01
2.706323545664957031e-02
5.691766292421063245e-01
1.000833473257021433e+00
1.216905044937917291e+00
1.333117839299875484e+00
1.456784644913156068e+00
1.784244903107351954e+00
2.283250986547830319e+00
2.727165074368081310e+00
3.154319616542120563e+00
3.543768883615541654e+00
3.774599361367931394e+00
3.610572296855485419e+00
3.097035519161707828e+00
2.454923341168020023e+00
1.767534140472792004e+00
1.301353270269917317e+00
1.248497974565894175e+00
1.461121782538774561e+00
1.458576797750283038e+00
1.222037678828595597e+00
1.126638064625501201e+00
1.046818683573293773e+00
7.899061794700648065e-01
2.182138206597441510e+00
1.966425849451849617e+00
1.335128827017085573e+00
3.429712377154576775e-01
-6.096211593401046347e-01
-1.180829235665297627e+00
-1.120583336590778467e+00
-9.096382148457109462e-01
-6.453046396019701536e-01
-2.287703446049419442e-01
-2.558194516557288356e-02
2.110552402748654410e-01
3.714874903396332417e-01
3.499223401191710048e-01
5.929935535436523519e-01
1.189757382701885469e+00
1.886494795388270251e+00
2.369141804594184997e+00
2.426728230554100918e+00
2.491362558560979323e+00
2.856536239811840794e+00
3.131346535508129580e+00
3.019777660412584996e+00
2.372893397293207141e+00
1.437973752083862244e+00
8.647765636214032048e-01
3.870598993216634032e-01
-1.617098806833259794e-01
-3.366692075042592158e-01
-1.499608626871360983e-01
1.324829588761355925e-01
5.080041322409869498e-01
7.031697538094344724e-01
5.002539036958355556e-01
1.138750049274966925e-01
-1.104726519811938673e-01
-2.921542351526368320e-02
3.836790661103631761e-01
1.114369009293198376e+00
3.021991689854618968e-01
2.368748180342840348e-01
5.108705415230300195e-01
1.040291908775962781e+00
2.093705897009479955e+00
2.933059638614054165e+00
3.174259744615859802e+00
3.268155151115999413e+00
3.264595037948731182e+00
3.234290932935834917e+00
3.205485012540984613e+00
3.126825585379911399e+00
3.098055015051062178e+00
2.927534375363892494e+00
2.055894340358932482e+00
7.001195546440879269e-01
-3.265963729372205471e-01
-7.035000148429697564e-01
-7.488026381126835496e-01
-7.093616622873697430e-01
-8.066022755253710042e-01
-1.275410730335380993e+00
-1.683443338132281752e+00
-1.854471670384596482e+00
-1.933307346783731617e+00
-1.962250734197670488e+00
-1.927635697230587475e+00
-1.786109027780232505e+00
-1.505028613461576459e+00
-1.104258886621679370e+00
-5.987520064250713148e-01
-2.057422306537768364e-01
-5.024921319860325974e-02
-7.817702734535525444e-02
-7.402862491837020054e-02
1.383404676740407624e-01
4.466163582836126800e-01
7.137250002759710776e-01
8.090352354794667633e-01
-1.271382814594019139e+00
-9.559544972292541853e-01
-1.873447850667956105e-01
6.152085780357836597e-01
9.808725076701312329e-01
9.392611238732102574e-01
9.287842869287474823e-01
1.021770200656154648e+00
1.018952241970237704e+00
9.688799638379479440e-01
7.398615469916798304e-01
3.900678210543203628e-01
8.305036385828235002e-02
-1.807341078583209470e-01
-1.642464353230297935e-01
-2.540105106359105136e-01
-6.751121156579854565e-01
-1.011795200288995167e+00
-1.317202548635526327e+00
-1.576357290549933454e+00
-1.552626129640939379e+00
-1.282551204036215697e+00
-9.034043805996202492e-01
-5.862453794581332644e-01
-2.583234607091198232e-01
1.450207046364007102e-01
5.483561279337347827e-01
9.708977025866400989e-01
1.351016211526095745e+00
1.609162448190942563e+00
1.742522572625972765e+00
1.695521219591053841e+00
1.439223634750175895e+00
1.328830214847319668e+00
1.435109985682687661e+00
1.428359765071709919e+00
1.136450397205787777e+00
3.539037477163118339e-01
-5.620856514255557768e-01
1.174365722659228339e+00
1.091402084764207192e+00
3.315976713730193204e-01
-5.900846672904513923e-01
-1.166339091517329507e+00
-1.420522323855546665e+00
-1.569486015100045595e+00
-1.805335564723659969e+00
-1.985753774295553775e+00
-2.069300168720195732e+00
-2.141252885508019066e+00
-2.079765908179977085e+00
-1.872598144738936377e+00
-1.478095095887620225e+00
-7.370413564494285863e-01
4.511967359255278365e-01
1.559576684629945476e+00
2.111052241833758281e+00
2.318448974489653480e+00
2.493803731543978053e+00
2.554434561148942073e+00
2.542548133739921390e+00
2.636433995199914726e+00
2.759329908484805749e+00
2.882715923028086102e+00
2.910952460045622914e+00
2.888622947285004017e+00
3.001698494081018964e+00
2.741879581819551159e+00
1.929351973292414701e+00
1.244870038011872460e+00
7.735975462629143262e-01
5.214631357035902637e-01
5.150875069137876849e-01
5.220574143598017969e-01
5.930204390820877913e-01
6.467918460892108090e-01
5.417967294539035583e-01
5.673553029842046680e-01
2.285337299701742708e+00
1.871187224485101330e+00
1.358025039085790864e+00
7.429982226621862917e-01
2.748826321350056889e-01
-6.228740679435229577e-02
-3.816593577523980096e-01
-4.340452171968805506e-01
-3.066570884828636046e-01
-5.866803996930824994e-02
3.739654657776739777e-01
7.994404058042482442e-01
1.129748002245344995e+00
1.419676160723841729e+00
1.709429880393421586e+00
1.786822452332317290e+00
1.589034411384708134e+00
1.582535972975878558e+00
1.611936777095057227e+00
1.512177090947707470e+00
1.326736189920946885e+00
9.919356794820117784e-01
7.903786209719593225e-01
6.985031688046328124e-01
5.516511379252491132e-01
3.946109830926627371e-01
1.643482623709411339e-01
-2.000691655168315153e-01
-5.886045120746747905e-01
-8.652847882900556176e-01
-8.583057340945772218e-01
-6.628340545253352811e-01
-6.087889725991374457e-01
-6.447616973031593535e-01
-6.651260285547182516e-01
-6.176505789599513463e-01
-1.304351280589884365e-01
6.987236525801651110e-01
1.497776613991310679e+00
-5.815171476671272544e-01
-5.536333662610071205e-01
1.831222712985769996e-01
1.296147898166524648e+00
2.103378924165169916e+00
2.545594801281690245e+00
2.814579735419964202e+00
2.994452014457464895e+00
3.117647585168546787e+00
3.116789095677575006e+00
3.060562064530116366e+00
2.862302460771127155e+00
2.762599082781588056e+00
2.747693733291887153e+00
1.779337441864387914e+00
3.803090799017597723e-01
-5.109645714347184065e-01
-1.071604501807394749e+00
-1.329296192144070909e+00
-1.406089516478165491e+00
-1.386149657376687161e+00
-1.286514718259524237e+00
-1.302114725930235917e+00
-1.325459742674533814e+00
-1.325277402291280993e+00
-1.446169591285547451e+00
-1.565027953910068437e+00
-1.625176206066354379e+00
-1.439556003724753452e+00
-9.162501174780410818e-01
-1.286702029337968289e-01
7.351903012229683565e-01
1.142280804890976276e+00
1.063233884129845430e+00
9.000267378959748710e-01
7.929975843646991374e-01
7.472367904771461955e-01
5.073556167078649981e-01
2.316666078510953852e-02
-7.278850675590596842e-01
-4.942837509211024383e-01
-4.337845797805837122e-01
-5.516163582268902577e-01
-1.418857010306845967e-01
3.613440970194298218e-01
5.567311520563841265e-01
8.061841926574884187e-01
8.881786461849323633e-01
5.444643650749896313e-01
1.137561467475474153e-01
-1.787884792624103159e-01
-5.383931244304920316e-01
-9.172903448523888059e-01
-1.087108312481303019e+00
-1.090546735160075276e+00
-1.172995433553017275e+00
-1.262056939471675854e+00
-1.088669809634106311e+00
-7.456109456714363759e-01
-3.024475021376592521e-01
1.216252338640262942e-01
3.507348659274011071e-01
5.057399033559116797e-01
5.538739084178584404e-01
4.454142737735724555e-01
6.114748028323462314e-01
1.141335843409374995e+00
1.778050276378839722e+00
2.295328347854407980e+00
2.386549034875370179e+00
1.940802193015578103e+00
1.433435357866775117e+00
1.184584254829980532e+00
1.062808026010843454e+00
9.846258640376933657e-01
6.274535667965324137e-01
1.475509499213327747e-01
-2.704209511642111652e-01
1.523204751609546825e+00
1.355587340538401131e+00
8.790440727269379639e-01
3.684092607176541190e-01
-2.300648926922089221e-01
-7.771683143125069915e-01
-1.064566771775979248e+00
-1.337941333256193133e+00
-1.575445881363980227e+00
-1.622355878864184975e+00
-1.582285249735896127e+00
-1.539230065054993268e+00
-1.376059417798570550e+00
-8.844437633563555501e-01
3.307310300234622691e-03
1.425145322622291877e+00
2.581067146628321929e+00
3.080382930160348920e+00
3.277288948217727427e+00
3.270632086189172227e+00
3.192716001328040676e+00
2.831387739514458879e+00
2.426456723502433910e+00
2.276621671252207157e+00
2.246277101325957926e+00
2.498953101111969666e+00
2.776829463578340373e+00
2.623452580147884294e+00
1.999106854982360071e+00
9.940242600907901460e-01
9.419565400761817364e-02
-4.090877219344588589e-01
-5.399664902792342680e-01
-4.326455111590543634e-01
-2.464741227769591259e-01
1.206458360324191847e-02
2.794749733110438727e-01
6.531762845601324363e-01
1.114586552385077090e+00
1.575298559788372854e+00
1.712085660055633785e+00
1.798149114761699030e+00
1.539116151828045398e+00
9.644494031278678658e-01
4.050282705975298825e-01
2.469906450016189914e-01
3.823007821234016834e-01
5.222910207071111977e-01
7.723124414539902505e-01
1.157895111473079552e+00
1.670575288219112053e+00
2.119104891112957745e+00
2.441921210688391852e+00
2.748153740242563092e+00
2.830094086493939010e+00
2.168505931289037569e+00
1.395842549991890724e+00
1.004120199470051045e+00
6.878714783257149357e-01
3.467548007253433151e-01
-1.145402117980148793e-02
-6.148175740170730430e-02
7.877188267652657228e-02
1.117200025133115726e-01
7.311938540659840280e-02
-5.155986278509361309e-02
-2.927501663413212274e-01
-6.425558665925363844e-01
-7.654220475410835611e-01
-5.512960566216646985e-01
-2.478930071556449677e-01
1.748268911389374292e-01
4.865022547553039534e-01
6.528137346043051403e-01
8.379888661058429999e-01
9.900469734582554304e-01
1.213622213586837528e+00
1.391716062206686422e+00
-9.477299924261071151e-01
-7.580971573736907665e-01
-5.224879780078155456e-01
-2.143142198184194713e-02
8.293831739507310230e-01
1.685879726433802794e+00
2.341400478038335287e+00
2.572752759823788260e+00
2.519502978307971208e+00
2.484911373161486914e+00
2.391604148196107005e+00
1.903158570612789369e+00
1.176369835126626739e+00
4.634348887084264179e-01
-4.132090599816742871e-01
-1.200942841145148599e+00
-1.555257979678694946e+00
-1.693351015863149511e+00
-1.790374541749832016e+00
-1.672860320467626671e+00
-1.351904545541715130e+00
-1.057259499146796733e+00
-8.037208950534562302e-01
-6.228927052607003967e-01
-5.514231289314587281e-01
-6.048466967522264648e-01
-7.000019470492732099e-01
-6.992846101119607471e-01
-4.245779157325687558e-01
1.960617680277863262e-01
8.987123493657522832e-01
1.462070480082766633e+00
1.515188347393295221e+00
9.731214352942483270e-01
2.793428334225172560e-01
-2.368705338047983888e-01
-4.322279310928216489e-01
-5.608070714265399603e-01
-7.149372531962335797e-01
-2.842182589529975711e-01
-2.409926788992329538e-01
-2.361971090748582469e-01
-1.793472117976741276e-01
6.866035543574314226e-02
1.074710245700278288e-01
3.257756226961913693e-02
4.439520490171777745e-02
-2.696224232034050150e-02
-2.054151739355823958e-01
-5.352958865454152670e-01
-9.405641588936762831e-01
-1.186733352358034788e+00
-1.331526150719557267e+00
-1.299132699798066337e+00
-1.066584789417763579e+00
-8.579912103138511714e-01
-5.117281905854117463e-01
-4.399251737283943475e-02
3.896465886364881559e-01
8.620915455900045599e-01
1.232759626880728154e+00
1.538097937648121860e+00
1.594852660490497787e+00
1.146392442170441672e+00
8.523994988703488263e-01
9.646754254053855338e-01
1.197653101006080689e+00
1.440985480769978011e+00
1.699177603707859197e+00
1.651602566781074977e+00
1.074546144849596097e+00
5.640666839048474879e-01
4.736373952682843003e-01
8.144921743542137271e-01
1.130730109307938491e+00
9.379350317278357663e-01
4.416444447183941469e-01
6.867727258780537136e-02
2.113342920675016501e+00
2.195656138905380139e+00
2.130548988298055058e+00
1.687391790355031507e+00
8.388637318462047743e-01
-7.250446113970689110e-02
-5.708993143079770238e-01
-7.931646803428233916e-01
-8.524721859255393053e-01
-8.719270964844201277e-01
-6.706211832150450469e-01
-6.541281464713724625e-02
7.214419297289886845e-01
1.540259465776954606e+00
2.274644959164568547e+00
2.823754964642085419e+00
3.097703642877581487e+00
3.142566893577133591e+00
2.820510950518682058e+00
2.287764455442414580e+00
2.059744718414497910e+00
1.727994521783650095e+00
1.350832320250729524e+00
1.179317008833187908e+00
1.142714132830767948e+00
1.388323806572764996e+00
1.531028937165491266e+00
1.261044273203761446e+00
8.425802700168953940e-01
3.411149199925374575e-01
-1.873537233998930351e-01
-3.489712412477919412e-01
1.012706573037051028e-01
9.235992484432068439e-01
1.524231915943904170e+00
1.884606969305375079e+00
2.107759525362036257e+00
2.172690809135026768e+00
2.333810918129880285e+00
-5.718298152197176520e-02
2.533016638800406062e-02
-9.289899315270844227e-02
1.533151041193475672e-02
3.774867305777357407e-01
6.095546544161988267e-01
7.762495513120729607e-01
1.005346106992000887e+00
1.383710076291295277e+00
1.664885436829779852e+00
1.980321353986198574e+00
2.300179249095156031e+00
2.331531963116995065e+00
1.842875892729262999e+00
1.238461865810780438e+00
8.949361083504486780e-01
6.534405569636653199e-01
5.840534247907750443e-01
4.332732051899525483e-01
2.415478906302063744e-01
-4.117706501815576736e-02
-3.085388866203084834e-01
-1.613831451777399673e-01
5.841193593739490292e-02
1.130334055650672742e-01
1.723506925765417863e-01
2.068347794309974286e-01
1.654720001534663032e-01
5.692329498320806980e-02
-3.420663528423209532e-02
1.522812249221694725e-01
3.667291612904103881e-01
2.640311737750620225e-01
7.777917236560716319e-02
-2.662214058490820490e-01
-6.379446845477931838e-01
-6.703799091127080612e-01
-5.920776976512629464e-01
-4.163074910922441307e-01
-5.786808388309824247e-01
-4.088003978869411137e-01
-2.605434828128140312e-01
-1.690065236573430885e-01
7.214258672592588351e-02
7.722367101183347238e-01
1.366187151217953533e+00
1.524315996572407350e+00
1.408278552505680459e+00
1.082386369589609432e+00
5.898989408749237828e-01
-5.780929039078053222e-02
-5.050847906779196705e-01
-9.312761840399748081e-01
-1.262436407749791822e+00
-1.396127413334790734e+00
-1.472343555737033238e+00
-1.304273071763224934e+00
-9.616443572551445218e-01
-5.819984195848175723e-01
-5.468147738009052072e-02
3.657978026490311674e-01
6.908705955691447631e-01
8.959386981684913653e-01
8.521138853707953542e-01
7.119886814393097119e-01
5.833392049633083776e-01
5.793668433841459020e-01
8.816400552920977685e-01
1.218936947243484337e+00
1.350792821730900428e+00
1.235345920238543282e+00
8.078130544760961929e-01
2.420224758219776950e-01
-3.769812756657259789e-01
-8.185918554477125131e-01
-9.459069021454584725e-01
-9.103614288081978145e-01
-8.340066145680209431e-01
1.237417629544137920e+00
1.002104368199324247e+00
8.633179282913112651e-01
8.800795466439392811e-01
8.514804713894552624e-01
5.805312408447813599e-01
2.302602873451118082e-01
-2.005049435454790974e-01
-4.083049780455466071e-01
-4.843236706697249261e-01
-7.196016738199108032e-01
-8.526921575891454053e-01
-7.318157703815372228e-01
-3.271205793987572163e-01
8.379375462873911440e-02
3.248752354255728947e-01
4.361369649686207550e-01
4.474953542399524586e-01
5.791561733524637212e-01
8.445690003184052053e-01
1.091604231191271701e+00
9.395104686304474040e-01
5.276558970124576309e-01
2.560438027310011355e-01
1.941382423470464635e-01
3.425721722541074099e-01
5.370709540796360093e-01
6.297357964884218173e-01
6.052718528290643718e-01
4.546381066538762727e-01
3.427619709635826295e-01
3.274839064045413917e-01
4.544685200647518575e-01
8.995879498809125074e-01
1.403059187328971280e+00
1.866728429669567202e+00
2.202600890561983160e+00
2.189754702156194721e+00
1.915793969815480668e+00
7.745744443033395488e-01
7.999057460616300075e-01
8.446734040879082528e-01
7.758434381081453779e-01
6.106326905181672648e-01
4.996253388648856375e-01
4.846503408087344811e-01
4.160863877222915619e-01
3.203396669899047922e-01
3.842951845391564536e-01
7.722350351761612108e-01
1.315310243782071176e+00
1.754990016677727693e+00
2.041765730198348727e+00
2.002510770457178957e+00
1.801623222598702334e+00
1.698620067448904258e+00
1.809560052460118085e+00
1.751434322314045389e+00
1.190143499199663779e+00
4.456151745595225977e-01
4.002847899813755106e-03
-4.205919133783264652e-03
9.980184750912196590e-02
9.608981335505270560e-02
-1.365121687478345336e-01
-4.027532364476317239e-01
-3.721623463810591614e-01
-1.937002825856560806e-01
-5.256487633983641938e-02
1.687486237600146766e-01
3.820297362962975507e-01
6.211571562407067759e-01
1.032262709993956751e+00
1.399657351840325692e+00
1.468041880233912577e+00
1.263746718018417203e+00
9.641876423454913692e-01
7.522030616366961464e-01
-1.629676055854975825e-01
3.143506370972007358e-01
6.333880928653456976e-01
7.496503227757174148e-01
7.017739276953280925e-01
7.343874770720748568e-01
9.266951686425826118e-01
1.079288967358667195e+00
1.263001828920278902e+00
1.476800399009485565e+00
1.579938259160678315e+00
1.473247248382724583e+00
1.219704162509096301e+00
8.287286948256364916e-01
4.542198977000947990e-01
3.248813189992761918e-01
4.667885661061643710e-01
6.005386309678821810e-01
4.844151569603162844e-01
3.600137323260287903e-01
4.953031369305168075e-01
8.781583477810892546e-01
1.263052504200604886e+00
1.398679230282090957e+00
1.488547767582362846e+00
1.664709967931196744e+00
1.860163600568152775e+00
1.790510081398734243e+00
1.434314573998675346e+00
1.026102539501191346e+00
7.741190960144048727e-01
6.506807333222242029e-01
3.678377061549558680e-01
-1.472800121134205664e-01
-7.902019988973849607e-01
-1.298088248976485559e+00
-1.509121819412475141e+00
-1.364409986826426113e+00
-1.018949791172687025e+00
8.550058025454980726e-01
2.793885624073278451e-01
-1.751114849252846661e-01
-2.869278954716923957e-01
-2.045764152012768400e-01
-2.101544154840602752e-01
-2.968980276568158883e-01
-3.628335573291635585e-01
-2.983422496148772085e-01
-1.248056958587171195e-01
1.954761293853524151e-03
-2.561366671769553793e-01
-5.443966553947976461e-01
-5.440239460964400031e-01
-4.653603909246947223e-01
-2.701508733146997243e-01
-8.090819076236746565e-02
1.651616107692311930e-01
5.690918160159433858e-01
1.235524310648848489e+00
1.617381685763384258e+00
1.443713403957582520e+00
1.080149821149630096e+00
7.465492509125085663e-01
7.503431365013346621e-01
1.093478929732139004e+00
1.419939621723674827e+00
1.518397773775081561e+00
1.264052952166582200e+00
9.366830045634563229e-01
7.128110069523402315e-01
3.715653995142475519e-01
-1.010942077485203483e-01
-3.933360065310781972e-01
-3.394588344768053045e-01
-3.010824128649547404e-02
3.962297842365115619e-01
8.863282757159554048e-01
1.285811555067151168e+00
6.752913357909227088e-01
3.440732500589219756e-01
2.341899843164368944e-01
3.715439489158396946e-01
4.993049326294852763e-01
4.653460290135052468e-01
5.256184651048479983e-01
5.769360540496044631e-01
2.421576592643120418e-01
-2.609781427542842702e-01
-6.890894796350361950e-01
-8.911350286928868547e-01
-5.964603499877267900e-01
-3.695910303531341201e-02
4.473739863250951743e-01
6.642549264661280484e-01
5.773852669412636862e-01
3.329963780704991438e-01
1.113616791537154760e-01
-1.095902050884547951e-01
-2.685465839680803435e-01
-2.256764677121561868e-01
-1.662073283422311754e-01
-1.294278270778927431e-01
-2.034782282765831285e-01
-6.361053457340635209e-01
-1.195738939124957767e+00
-1.373989091510456451e+00
-1.120049711392798075e+00
-5.672092124633092425e-01
5.225798662842674747e-02
6.048650395731938190e-01
1.213655515857007039e+00
1.990377744750249533e+00
2.429327351034200611e+00
2.331051125427068271e+00
2.232073260103859091e+00
2.101572377618186938e+00
1.790042639682471126e+00
-4.477211106503224958e-01
1.810842797792528158e-01
8.149928001034680847e-01
1.183726336623883046e+00
1.534705020425524813e+00
1.862442388626515122e+00
2.043033342450277345e+00
2.016981072973976552e+00
1.703791927119781890e+00
1.452603219334819062e+00
1.647203433399745176e+00
1.969186487968001220e+00
2.130662118333944921e+00
1.834851263540409061e+00
1.298521367117448255e+00
8.511797908701544957e-01
5.953361421817495724e-01
2.960500782868911718e-01
-4.742030243226806607e-02
-2.644689178184319589e-01
-4.149748694104300473e-01
-3.863190326290161236e-01
-1.984830788738528584e-01
-2.633660540059153954e-01
-5.494538439050482559e-01
-6.335744022949614251e-01
-3.818067715905123505e-01
5.026502414787192841e-04
1.986368919222595286e-01
2.490590946206093503e-01
2.463184872605510001e-01
4.719592149965606831e-01
6.550353165926890986e-01
5.498961226594314411e-01
9.377596574440216770e-02
-3.160015391479515379e-01
-3.351845058004829792e-01
-4.292087143628012802e-01
-6.782547730024378607e-01
1.657842575528787776e+00
1.575302046631644748e+00
9.379646736320450540e-01
3.347711916952604838e-01
-1.090740473336204441e-01
-4.749591429026719935e-01
-6.587816920306949209e-01
-5.540450783317329986e-01
-1.220551878640540044e-01
8.067864901074198736e-01
1.608484864318240115e+00
1.490546784593148377e+00
1.091241511908116468e+00
8.665329023743021386e-01
8.305252075656690547e-01
1.120443011446357051e+00
1.449962985701390039e+00
1.676448577181254063e+00
1.797700692969381064e+00
1.646924423215951894e+00
1.411739644387048687e+00
1.330156835925525138e+00
1.267517505235669084e+00
1.283102452240723945e+00
1.611814611195685032e+00
2.149909614938104951e+00
2.477241338228623135e+00
2.519060775305170363e+00
2.403964708240409198e+00
2.083344436906303887e+00
1.477994931393238787e+00
6.336594445166853218e-01
-3.377338383890152729e-01
-9.641539250893287338e-01
-1.058151265607071956e+00
-8.853758741264039500e-01
-5.576716044673376560e-01
-1.835079067264680230e-01
2.925789186231527728e-01
8.865311154087676115e-01
2.855822777839412407e-01
3.136707725940775238e-02
-1.297596964656155538e-01
-2.191420366293093669e-01
-3.992917959731883126e-01
-5.525251257103153124e-01
-5.739845348945897818e-01
-6.619809074131278726e-01
-8.391362451483637130e-01
-9.890035988108640819e-01
-9.790204807906430773e-01
-6.026795226862305954e-01
-5.044674860719911003e-02
4.848875892945728738e-01
8.118487164851027060e-01
7.457198881340266761e-01
4.926034837501361840e-01
4.132466953055210501e-01
7.300459935791241417e-01
1.106543687014916344e+00
1.185924978460869195e+00
1.171176254511158366e+00
1.255507477692085372e+00
1.260725071560151012e+00
1.125140472119641188e+00
6.977469242256157944e-01
2.955128517497181417e-01
1.748405525489941659e-01
4.405214977385712993e-02
1.124276465815672033e-01
3.935790818637813770e-01
7.613712904255347524e-01
1.304585033199802346e+00
1.779287583556782293e+00
1.981831809501361619e+00
2.186624680189251713e+00
2.386135952995368292e+00
2.183815201269480699e+00
-1.146067439729917314e+00
-1.025845273446258199e+00
-5.884579599113445303e-01
1.273244228522615873e-01
8.153096815868654534e-01
1.242274413090975305e+00
1.450023790745742502e+00
1.372155694359019407e+00
1.014563157760750345e+00
2.732276261417633800e-01
-4.664884759786275259e-01
-7.450403436604552398e-01
-6.757835150080055975e-01
-5.286907398022018256e-01
-5.706951070803834014e-01
-7.981424061818739313e-01
-9.176365079644575040e-01
-7.669571601434178598e-01
-5.700734650796038805e-01
-4.192080195456682201e-01
-4.242954126205038534e-01
-4.826108261508353370e-01
-3.282094751198062488e-01
-3.797854471396899800e-01
-7.016883835600999930e-01
-8.719402429052431902e-01
-1.058978054698702209e+00
-1.201033826169240593e+00
-1.140759764688991318e+00
-8.944915739922341125e-01
-4.049557911791015763e-01
5.953132594753339779e-01
1.724033569985850667e+00
1.959158362180788870e+00
1.399341648967917573e+00
7.098053929190579758e-01
9.010542383715514081e-02
-3.906287854680920435e-01
-7.739509225801489700e-01
2.037871178596938893e-01
8.797131286920779614e-01
1.272484896610051930e+00
1.212032921378390693e+00
1.106496082611701626e+00
1.080200845443523461e+00
1.062516426972712758e+00
1.182436464713881419e+00
1.713552436105191479e+00
2.240239687406947233e+00
2.390312568339406418e+00
2.417085051625084802e+00
2.145280982950274140e+00
1.544262202662771921e+00
1.137197431918768320e+00
1.011996101132382142e+00
8.485830983040092423e-01
7.890200379806155961e-01
5.382295728049643069e-01
-9.617835317615031077e-02
-6.360004404416874646e-01
-8.528807630265188289e-01
-7.886486138145205604e-01
-7.892728236264160424e-01
-9.849017330361490297e-01
-8.924369641066165482e-01
-4.554213881943338649e-01
1.256880548404706310e-01
6.291427512460390226e-01
9.711963408641293150e-01
9.939237231621421698e-01
4.067604314986924541e-01
-5.702848003908379537e-01
-1.336619931767738523e+00
-1.503452766232355131e+00
-1.325736914075055228e+00
-1.158943963552901524e+00
-9.443085358360483461e-01
-5.781319798713457914e-01
2.777817703044646702e+00
2.201013930612300662e+00
1.407275968864099003e+00
8.305041509887466367e-01
2.922372353066369777e-01
-1.207733946034848516e-01
-4.250506232574703391e-01
-5.258009924359902110e-01
-3.661127630246162612e-01
-1.488170197860578248e-01
3.566379554324857759e-01
9.048718150734920140e-01
1.241252236379400076e+00
1.557286365535713424e+00
1.792098590355332588e+00
1.744307093519327001e+00
1.535223948305092456e+00
1.405417228570108978e+00
1.587018837184228426e+00
1.965665116605188611e+00
2.263238361029983103e+00
2.385575936921930484e+00
2.416690238282662051e+00
2.505562572616033989e+00
2.720344828245335744e+00
2.978587934624523204e+00
3.051906437278161910e+00
2.879240339651556013e+00
2.436740760324622723e+00
1.767690515060231116e+00
7.910503315024806081e-01
-7.998680608281177884e-02
-2.367700768564444114e-01
2.023021336892207866e-01
7.338746713767745344e-01
1.320647655545810650e+00
1.974243022419053695e+00
2.384963351025101375e+00
2.681062248901999734e+00
-1.802372137476409841e-01
-3.704809923530358873e-01
-3.965841348431196067e-01
-4.317458493954234311e-01
-4.890441653047119530e-01
-5.548758748550769448e-01
-6.605794671529646722e-01
-8.121696402380577107e-01
-9.892446198685839187e-01
-1.099229857142332234e+00
-9.928295228591350607e-01
-8.701514799980328840e-01
-9.818368037432163575e-01
-1.096299255603162770e+00
-1.048723305503801440e+00
-8.241183330165897658e-01
-4.245625774462196689e-01
-5.698419872666036362e-02
6.248716911503527927e-01
1.427255873011714860e+00
1.656760954569398203e+00
1.697024326724295706e+00
1.883763415790706164e+00
2.032348919400435605e+00
1.781279439617961202e+00
1.317315869043143683e+00
8.542573626501193118e-01
3.757340003367500292e-01
-8.903540879249099982e-02
-4.063502356886948275e-01
-8.460460689133024459e-02
6.415734422939299852e-01
1.841617026022036585e+00
3.085590824532090437e+00
3.254726532050595367e+00
2.873857329641703373e+00
2.387260690267840157e+00
1.629912357086005459e+00
9.569293634803281989e-01
