-4.184519718417948342e-01
-1.103862962867382946e-02
3.046715448871915588e-01
4.329008414846089448e-01
3.706880282304866325e-01
2.716835068276036158e-01
3.283291629900064734e-01
4.813760008385982170e-01
8.038977590463889378e-01
1.040668031542301364e+00
9.473642892852265351e-01
6.688211001178414605e-01
3.468144729525284853e-01
2.078130054588603337e-01
2.898995287017653855e-01
4.626402206298294573e-01
6.733395918985991546e-01
6.629748245184892141e-01
2.201986821410679696e-01
-3.457532994971390661e-01
-6.951252732450026173e-01
-9.323943702842811820e-01
-9.729920951520356631e-01
-6.777223611050222640e-01
-2.907697240541889938e-01
-1.121500679383348048e-01
-1.992614161349486324e-01
-4.732459010391181775e-01
-5.754026603492169434e-01
-2.308876993479539730e-01
4.720696628226402902e-01
9.946240615966283061e-01
7.618850512147867793e-01
5.316445562992111462e-02
-4.518940391845217563e-01
-6.203213178351310031e-01
-6.708558409634488573e-01
-7.354241558737923956e-01
-7.490105778818307858e-01
1.031627351786639668e+00
9.414562627642815151e-01
6.629550602783662594e-01
3.468704592243064266e-01
3.220622924691800559e-01
4.144391752231761927e-01
5.128250512657104299e-01
5.683659856923237719e-01
5.772967197642545623e-01
6.599078252265848654e-01
7.950514595732636192e-01
1.002902543864860441e+00
1.321127843419054093e+00
1.527135168156868339e+00
1.481968813188805800e+00
1.307964893969495446e+00
1.036903482278870525e+00
7.442603302421606504e-01
5.291364083060734469e-01
4.116351068435200045e-01
3.872251482452579996e-01
5.612778551000485727e-01
8.213293178092753166e-01
8.807436927513945246e-01
4.693643066730952551e-01
-3.929558678386596560e-02
8.177612874197059956e-02
4.799370104656288660e-01
7.737246410445275391e-01
9.917685332683143784e-01
7.857024606751468188e-01
1.497838305432647177e-01
-4.774655981607435207e-01
-8.275645434702957326e-01
-8.484091376375622051e-01
-7.534632388575275286e-01
-4.145585416025476810e-01
2.507018199710706607e-01
8.651226110707863626e-01
9.928465412755669295e-01
1.014513720771353711e+00
1.042536618341832533e+00
1.149199591362854544e+00
1.382917393105371984e+00
1.401345400018636278e+00
1.132816066256794318e+00
9.082982085446466014e-01
4.602465836015882106e-01
1.161282446110155353e-01
2.204214689153814188e-01
3.793053277109694754e-01
3.767569576659585695e-01
2.489905243974749327e-01
8.731571747416649876e-02
-9.127545106582468648e-02
-1.471986190280486495e-01
1.877166832459097323e-01
7.342271508809912195e-01
1.266988760541895909e+00
1.623707839771947770e+00
1.735294926668951687e+00
1.639153853669029548e+00
1.425345945047495677e+00
1.282286790552574551e+00
1.333305071803148945e+00
1.596820631325340134e+00
1.640922973445305022e+00
1.347366508284914888e+00
9.225963972725483853e-01
4.673587677640053117e-01
3.558216971235436676e-01
6.989824449190427114e-01
1.198621102445942554e+00
1.747750861199683037e+00
2.186179244867687554e+00
2.363602600466516712e+00
2.197387790705456645e+00
1.677924410640587727e+00
-1.953302127024253432e-01
-1.109144597642259672e-01
1.372995622271013794e-01
3.596304160403225314e-01
4.560319287959693768e-01
4.491754554402105915e-01
4.263894826483047851e-01
4.063694106955277885e-01
3.396775087956109829e-01
3.566381501923318043e-01
2.320890956162353080e-01
-1.070351770490837601e-01
-4.868821270314205307e-01
-5.891084407026565550e-01
-4.439096947118011394e-01
-2.716440289737180880e-01
6.678797782431016017e-02
3.490910258373743358e-01
4.173088946520891462e-01
1.883042279872650937e-01
-1.750676277061379016e-01
-3.455809915794422760e-01
-5.602534513542425376e-01
-5.209568810520697202e-01
8.237717849961978533e-02
5.974594644905979468e-01
4.652120019223738856e-01
8.996017258302732578e-02
-1.794127941409729698e-01
-9.504337122360273504e-02
4.487485034769501668e-01
1.139638820706939004e+00
1.653641393929524916e+00
1.611953576272545430e+00
1.376067653483130870e+00
9.264006515604099601e-01
2.629037156791999008e-01
-8.841947868592434090e-02
-2.164781340392328279e-01
2.115651956565113845e-01
2.502027089889731215e-01
-2.960183362467808110e-02
-4.159253166710839000e-01
-5.945891700120374823e-01
-5.016924929655260934e-01
-1.431594551562113682e-01
2.226854741414846794e-01
5.086073245863651504e-01
7.052530488087768168e-01
7.265524658197727303e-01
6.391103168414223878e-01
5.929941317136134815e-01
6.884086617197213709e-01
9.500495640583253021e-01
1.129788863693636625e+00
9.816797245749033785e-01
7.740100164874998967e-01
5.227469032808313987e-01
1.947960025219167834e-01
-4.204036732925738040e-02
-6.268774082892784871e-02
1.252692720380894631e-01
3.617630042201029350e-01
3.417792140900724474e-01
-6.200785545061666959e-02
-4.999053064465693308e-01
-5.038629817579414194e-01
-1.416279810762060831e-01
3.182992513412394864e-01
3.988173365550083949e-01
-2.586483813862305858e-02
-5.188762616004553019e-01
-8.806292638308339527e-01
-9.858706573960422936e-01
-8.856764858142600616e-01
-8.102158522866469426e-01
-7.257116349819119350e-01
-4.264169159118596508e-01
1.302413663262330878e+00
1.227869210346537621e+00
1.298772375403782098e+00
1.239145620149875171e+00
1.178154153713437680e+00
1.104784359514937364e+00
1.095328996598996074e+00
8.242496610523265543e-01
5.213544079408857224e-01
4.803507541348928100e-01
5.894347757581365199e-01
8.390798357541406904e-01
1.093165601315963187e+00
1.223851279258365121e+00
1.078770700546755279e+00
8.301253649931574774e-01
7.386139532168757293e-01
9.129766448662220979e-01
1.080634579181925181e+00
1.188216249502874300e+00
1.393036849262004662e+00
1.648258597486832677e+00
1.722382142273502392e+00
1.466727750494406513e+00
1.098706733189722229e+00
8.296869759154346102e-01
8.366627923068190587e-01
1.178497674909812387e+00
1.371238747788816159e+00
1.057109248491439946e+00
5.399300121596292135e-01
1.344915149036481905e-01
-9.181982014492462429e-02
-1.911299953460298962e-01
-1.202866525701001277e-01
1.748639660064920387e-01
7.614666210368161714e-01
1.416057410400799466e+00
1.664329667057304230e+00
1.024857914542312898e+00
9.399767820971165477e-01
8.563958398383406667e-01
9.467700655089360540e-01
1.014598238797393526e+00
1.021170464330666050e+00
9.330233811175685510e-01
8.167113257006144433e-01
6.720277985738818405e-01
5.236493879785614203e-01
4.604814909499822528e-01
1.603498462485860032e-01
-1.845028648677767280e-01
-2.207671876920887510e-01
-1.587688862215299035e-01
-9.899075337188595336e-02
6.302020896307047870e-02
3.918992756344255035e-01
6.982851591106180589e-01
7.044090391348314384e-01
5.387818987383647951e-01
2.958933210241458944e-01
-1.009332451297920430e-01
-3.144133383269432369e-01
8.399271938336184962e-02
8.382206726498928617e-01
1.350631605106552335e+00
1.300726354263771256e+00
6.624737138682627036e-01
2.297658634408811795e-01
4.806456594632414481e-01
1.091562680738215496e+00
1.609331115622417263e+00
1.807316412326549049e+00
1.834476019762762977e+00
1.888721787318077272e+00
1.838108829839920411e+00
1.591532097569526627e+00
1.194692880465990870e+00
-5.265584177020997680e-01
-5.632536568858506065e-01
-6.400195465596782984e-01
-5.953882876994239792e-01
-5.315837851439577655e-01
-4.772854397127482273e-01
-4.333052242969609447e-01
-2.784903351574911090e-01
4.691587606439748259e-02
3.613471243800403521e-01
5.107354332006270869e-01
5.119773865190282436e-01
3.841755020902396511e-01
2.858421461193888513e-01
3.006225712969413655e-01
3.761862086606073685e-01
3.767067449257525125e-01
2.206333943240523787e-01
4.578121343822938449e-02
-1.521425999637457949e-01
-3.313232629464197276e-01
-2.470616483235904826e-01
1.011412502020868354e-02
2.180162504120714551e-01
3.207528907068328827e-01
1.109755072717938384e-01
-2.775695849027636219e-01
-4.902218388995622234e-01
-3.247290364816903252e-01
8.328522542182059674e-02
6.139857470177965126e-01
7.331221854486412726e-01
3.750589634130217509e-01
7.834183409378059348e-02
-2.337387283421999973e-01
-5.112901612501778992e-01
-6.220790811980297930e-01
-6.168908619014057404e-01
-5.970951982793202273e-01
3.372333257531266448e-01
3.228261615236510118e-01
4.556445761246990522e-01
6.380451588750629677e-01
6.499453906859922192e-01
6.099645673246136823e-01
6.816950564462684881e-01
7.742156501695909299e-01
4.982341625721297129e-01
2.026086826505837102e-01
1.175306470853299534e-01
2.009302409966698677e-01
4.847727009147015931e-01
7.386849762068254943e-01
9.545083838117135455e-01
1.051435917447550938e+00
8.118363141546560691e-01
6.241777007489326401e-01
6.935048132498247142e-01
6.042739636901078848e-01
6.900982178934501610e-01
9.260976851486393269e-01
1.083234660497015556e+00
1.152894240259344949e+00
8.771397448256830209e-01
5.736905359132216109e-01
3.688235871414675127e-01
3.226257749425504029e-01
6.493967202266709426e-01
6.467782868478482161e-01
1.380484887482864576e-01
-2.815130185319389966e-01
-3.884043312010784232e-01
-2.585853454466371937e-01
-1.871021338449611326e-01
-8.005213777470905623e-02
9.599549968698348201e-02
1.066404944408981398e-01
2.228135167355859980e-01
1.784335885038247138e+00
1.879038839619599610e+00
1.833342886620294321e+00
1.622817628297581027e+00
1.414030279160976900e+00
1.200289053510081860e+00
1.049668909291108676e+00
9.821675800979215998e-01
8.274891367875195636e-01
6.989551102194664356e-01
7.002970108097488211e-01
7.020074641420657180e-01
7.294242962020350829e-01
6.550105799907077753e-01
5.215250075215547287e-01
5.403928006950398100e-01
6.978741712173703871e-01
9.595140128129762136e-01
1.259924221493884833e+00
1.429534830875650142e+00
1.411155362699748839e+00
1.204247746058597190e+00
7.982416848615705440e-01
3.789711674979465150e-01
2.051435899303978849e-01
6.845871747373917238e-01
1.336681388150129379e+00
1.573056733734799151e+00
1.516371529738952617e+00
1.173253812463958656e+00
8.059656494956287665e-01
8.572609480404406179e-01
1.229673143251238443e+00
1.540643082807471309e+00
1.577436310089249671e+00
1.467826541827839115e+00
1.577511633576492933e+00
1.723071633242502010e+00
1.750854409309130943e+00
-2.101965446082219580e-01
-3.338152996695255559e-01
-4.200176062319762593e-01
-4.059260223849199267e-01
-3.147071677066889395e-01
-2.367732601269200432e-01
-2.411694046470682917e-01
-2.684331547562786024e-01
-2.014687834793250365e-01
2.207803061152014967e-01
6.920543020579403848e-01
7.812824373822970792e-01
7.477639715140833587e-01
7.142441645723685006e-01
6.700847351581317168e-01
6.608469610949972983e-01
5.721343854592881861e-01
4.400191408981029562e-01
3.515691656603842086e-01
2.748614662927341135e-01
2.449940282201461816e-01
2.498570358119902024e-01
3.650115402788206564e-01
4.545460896580069687e-01
6.197690567542386564e-01
7.569870687380515495e-01
3.381669963306782045e-01
-1.073715375315568432e-01
-2.718138684785381121e-01
-5.541726232059365764e-02
5.864494085838451998e-01
1.044346432163101079e+00
9.843232204034328969e-01
5.536039570704196500e-01
1.113695248381750269e-01
-1.195342192611234533e-01
-1.949687139798844671e-01
-1.607773615470337036e-01
-1.127872162102930426e-01
-5.734354959592913303e-01
-5.986042884344489057e-01
-4.188052162324537586e-01
-1.517966856539689213e-01
7.749643365091968272e-02
2.932707879337027590e-01
4.830652739433378695e-01
6.783314520862973040e-01
8.297139046489911962e-01
7.825884718137976481e-01
6.222343918104087379e-01
3.375059924194961924e-01
1.978602241520638350e-01
4.506884818379565671e-01
8.934186811407803797e-01
1.110902317882101364e+00
8.926992375694131621e-01
5.470114513420976099e-01
1.291459848627840579e-01
-2.982080105951555593e-01
-4.299735140637732655e-01
-3.535200774015403447e-01
-1.929302595591283198e-01
2.121307106766290584e-01
4.830874518324759226e-01
2.992578456237241502e-01
-2.281955437457283686e-02
-2.402882263752175174e-01
-1.493074904089444488e-01
1.355994819944042473e-03
-1.936318764105304513e-01
-5.338111182798405130e-01
-7.174838530281066884e-01
-6.764957919467387004e-01
-4.715524576271389323e-01
-2.657754321702951450e-01
-2.578630930790407616e-01
-3.268224367214542792e-01
-4.158357233186088520e-01
1.399758299956473717e+00
1.613144436930947112e+00
1.770103898173377655e+00
1.661154164254680987e+00
1.388420889474948794e+00
1.091614634845070819e+00
8.994303441194874127e-01
8.415733918756826970e-01
6.419494441684343577e-01
5.305023639837083138e-01
5.663532423720034625e-01
4.343982465543029248e-01
2.709587543725031633e-01
1.262146111547124416e-01
3.116465515319777335e-02
1.018233335382623395e-02
6.703670989814770886e-02
2.526521773463017984e-01
4.781357908077316643e-01
6.845500941019386776e-01
8.259625383432858126e-01
8.697138113035693952e-01
9.067686834454002920e-01
8.319504442241456577e-01
7.155347606961034446e-01
6.499972662259000389e-01
8.858884745538810890e-01
1.442089805365090571e+00
1.586748475075290266e+00
1.285325942534793375e+00
8.019009313690975693e-01
5.566325449394093905e-01
9.939277249652365143e-01
1.508099246214973821e+00
1.722586234214498191e+00
1.764750455094366677e+00
1.616532381795581230e+00
1.452526034184849602e+00
1.452981486629289165e+00
1.632283424354415757e+00
1.383082972247558162e+00
9.609499704105907147e-01
5.463817698103208276e-01
3.626631781210436500e-01
3.236348271223127293e-01
2.525803789827473778e-01
1.679887548289100280e-02
-2.419004132603298218e-01
-3.795448632492552932e-01
-1.207965804953957667e-01
3.924064663352432869e-01
5.408652010408577793e-01
4.311300791281227895e-01
2.466721211440496830e-01
7.285256805864886998e-02
1.160880743748475968e-01
4.930646698601673927e-01
1.031485880691159984e+00
1.323298351098404435e+00
1.324608000377139438e+00
1.146273612415124044e+00
9.584256181697085042e-01
8.166348276897796854e-01
7.255565499161048537e-01
8.309855752112745853e-01
9.247066932141511097e-01
8.586724420515650102e-01
6.090322492383297703e-01
6.385918878726246639e-01
1.096607798215795793e+00
1.513714757757882223e+00
1.615623670572871706e+00
1.201191467005162217e+00
5.904041361555372180e-01
2.199432332315557348e-01
2.355466676859498953e-01
6.693036216001189143e-01
1.251443316024557717e+00
-6.203759076982324761e-01
-6.524361750423974815e-01
-5.402305649809640009e-01
-3.997500843562321604e-01
-2.005399545710199738e-01
1.144547747659563908e-01
4.081490182347192741e-01
6.094801386985271296e-01
8.532119017609005596e-01
1.079086445549054085e+00
1.284991746016963088e+00
1.379097470825518368e+00
1.311046189703028109e+00
1.442108708427683794e+00
1.695153362761694593e+00
1.751906679040722503e+00
1.615932511456107834e+00
1.319735695349139482e+00
9.506306023773515301e-01
4.925280694344690846e-01
-6.549492747062898856e-02
-3.640360909726315097e-01
-3.151013696695671440e-01
-1.980171015885531793e-01
-1.912719668968622388e-01
-3.082526476742344923e-01
-5.078838367233755591e-01
-6.574439106109100095e-01
-6.660364020440674437e-01
-5.085556890754250325e-01
-4.084560975126115268e-01
-5.743323279885004240e-01
-7.444827134594750317e-01
-7.289669080428229364e-01
-6.018765062251463238e-01
-4.085261064185301549e-01
-2.336178734476096475e-01
-1.775822383510351765e-01
-2.736641803143936569e-01
-2.614284512747741540e-01
-1.549657886207972957e-01
1.090535455493395756e-01
5.648918711314583341e-01
8.369160126730170735e-01
7.861110210635975371e-01
7.288388957084031006e-01
7.370480288669958302e-01
8.210927265200209657e-01
7.666447060629204557e-01
6.223949217123403432e-01
5.667145524677248414e-01
4.636498652035840884e-01
4.005018086561901169e-01
3.273924558957528319e-01
1.313713467538867308e-01
-2.025843441691688174e-02
-2.517351842576112109e-01
-4.788158203723805739e-01
-4.748472256451675144e-01
-2.280129998978471240e-01
1.180614980660623925e-01
4.127588024570367775e-01
6.064148307553141048e-01
6.483056493189962577e-01
6.472569181612761735e-01
5.887802136114255180e-01
5.456195561737807731e-01
5.735177111730344057e-01
3.206983514350785769e-01
-7.372532160141581636e-02
-2.312032392663151970e-01
-2.668805980916033604e-01
1.018021199973354052e-02
5.102877209575888973e-01
8.866379035442319978e-01
9.228944763041857513e-01
4.566772191502898037e-01
6.524804509431650357e-02
1.975945728276530700e+00
1.930522237351995685e+00
1.590069592058324321e+00
1.073002153521424251e+00
6.293368829040584256e-01
3.436919818192730736e-01
1.865008630670210166e-01
-1.520306466400990764e-01
-5.806789494957966813e-01
-7.954878828758618070e-01
-9.216277887571462379e-01
-8.800959033073534332e-01
-5.805957921722662007e-01
-2.238645440235007278e-01
-1.354018319747589683e-01
-1.047433465556059373e-01
7.285115345566095524e-02
3.647077072448497992e-01
6.718495564714820345e-01
1.115088211893915382e+00
1.545614676405614230e+00
1.461827540926199376e+00
1.112876998389223271e+00
9.165866999181118135e-01
9.742792894819258809e-01
1.217128568408362810e+00
1.449477125456391402e+00
1.609514117125419475e+00
1.711298026936888483e+00
1.741117466127112046e+00
1.883934318807333197e+00
2.030426553759179242e+00
1.964980132776828370e+00
1.785040684986795689e+00
1.562134811308357074e+00
1.127085604300170463e+00
8.487415476445641094e-01
1.027195360694250326e+00
1.351533791347800939e+00
2.996290417811293127e-01
3.458199726552281250e-01
2.277840849440522231e-01
2.109268898260579506e-01
3.358410983442899900e-01
3.781296158492837289e-01
3.466871573229576842e-01
4.201222506559557646e-01
5.837571793877690540e-01
1.040440034149094028e+00
1.541289715698814566e+00
1.636237740289625320e+00
1.466315953815403139e+00
1.201292441900813746e+00
9.272270769133942325e-01
8.091493530472601003e-01
8.904329420830441322e-01
1.151670209537257517e+00
1.354310898732839163e+00
1.316891766263802666e+00
1.076963054065485981e+00
7.185363527401353867e-01
3.848308646767036878e-01
2.227465427972130652e-01
5.036557034418226442e-02
-1.945874505979207636e-01
-5.001937573141905791e-01
-6.677372446953935281e-01
-5.469407912377229897e-01
-3.056098855574979622e-01
-2.337420673428869389e-02
2.659894019964493816e-01
3.553991023604730626e-01
2.208225453943589989e-01
7.428770485849083005e-02
-1.772556049371043496e-03
1.822994927782091157e-01
3.901280504745062716e-01
3.976237083833096264e-01
-2.959119427149559112e-01
-9.015221560974531756e-02
3.035574274946566398e-01
6.146462804099623867e-01
8.452280000539444949e-01
1.025836274993414010e+00
1.145581198973185000e+00
1.494392520227408427e+00
1.893021732684554426e+00
2.007567128752167918e+00
1.804808254362800568e+00
1.476273741866115596e+00
1.288711083072903385e+00
1.237269942272274381e+00
1.264179896125459557e+00
1.260659847758064611e+00
1.105037037833413560e+00
6.206071225590319429e-01
-1.562298043667737224e-01
-6.305362926287083614e-01
-6.799961765260642554e-01
-4.425678002209432194e-01
-1.005672508554588951e-01
4.667153229967066497e-02
-5.396905550115238537e-03
-1.219206212167019965e-01
-2.230968425901799501e-01
-2.653964082564949090e-01
-1.934049241758433735e-01
-2.345197403397868141e-01
-2.731725531598744872e-01
-2.581176383962508480e-01
-2.566669998131736463e-01
-2.261209019366781925e-01
-4.476691771134723441e-02
3.591002776944456354e-01
4.893460131628999399e-01
2.210342324240285872e-01
-6.832122812742386087e-02
3.911461228313041216e-01
3.528220430141842390e-01
3.592471573914329808e-01
1.620470159232793583e-01
-2.269145452537767171e-01
-2.621985351663305153e-01
-1.182839887498060572e-01
-2.519775502212348028e-01
-6.778250418332331106e-01
-1.064620613517999637e+00
-1.181423359352507418e+00
-1.166590652985235677e+00
-9.316396935575081972e-01
-5.987952065579631444e-01
-2.555400083799224120e-01
1.622792010005177921e-02
7.971630356726500111e-02
2.673954942268452761e-02
-1.149192249384463904e-01
-1.751370333425756876e-01
2.105994470557487341e-02
4.239771855709150161e-01
6.612958644634706618e-01
8.237772948422275032e-01
1.122614651330083424e+00
1.404806165711887322e+00
1.699272563846191852e+00
1.897257763494804905e+00
1.864973538320007451e+00
1.578972991452479047e+00
1.120203977664382178e+00
7.942266330342556691e-01
7.713583984078636879e-01
8.446227844149043484e-01
9.277407157215408207e-01
9.794657055195385986e-01
9.354980472353976451e-01
8.579982289199190593e-01
8.016852277368722302e-01
1.324530230624473948e+00
1.281925798564295560e+00
1.089971690373102264e+00
7.450658594522137079e-01
4.732514864390448550e-01
2.582784273672481534e-01
-1.673396545857941398e-01
-6.045181415421589932e-01
-8.155056713510081545e-01
-9.603913489995630215e-01
-9.049316373899175536e-01
-5.328853778920361606e-01
-7.837988303056346584e-02
1.698756958196907529e-01
3.160298295591766338e-01
3.959521402056914163e-01
5.999997505951477628e-01
1.143858585452285803e+00
1.893638679952925452e+00
2.402488355185846025e+00
2.355995528076241907e+00
2.045043416410217141e+00
1.701800455493172937e+00
1.504815118485498315e+00
1.398810290312753279e+00
1.142146312491161719e+00
7.408620691194072183e-01
4.969132059878350605e-01
4.131787796348384556e-01
5.523544911412709979e-01
8.817874536403025321e-01
1.131275985918852811e+00
1.217840511220133148e+00
9.409301760374502166e-01
5.057251216885200185e-01
1.489297989246951559e-01
1.144338118496948664e-01
3.604974332607776555e-01
7.299608152323757704e-01
1.163855597201859104e-01
3.181253694943305677e-01
6.017116854495098144e-01
7.439797024454474217e-01
8.537857835229135661e-01
1.077155993131869050e+00
1.365812062172720331e+00
1.850438042752641232e+00
2.310853718885836905e+00
2.603554826825622115e+00
2.751985664522028863e+00
2.681001450529568952e+00
2.356192368977154672e+00
1.793937287010400006e+00
1.372112010071598664e+00
1.056527970441954789e+00
8.410075974780755192e-01
7.465341444906414825e-01
5.611972907656528342e-01
1.973531098969751874e-01
-7.240111753612799017e-02
-5.395285394617709007e-02
-6.819915749922647596e-03
-9.257352061272947075e-02
-2.697602255686066264e-01
-5.562259606783190868e-01
-7.742076993266122642e-01
-7.689887277017186662e-01
-6.326495367216121712e-01
-4.460355771466045782e-01
-1.668801073193815765e-01
1.141575994838980035e-01
3.367858687871672640e-01
3.900950435989566367e-01
3.964208176787991644e-01
4.806556216624116029e-01
4.917493061776079255e-01
4.216480860473858505e-01
2.417271838942407214e-01
1.762585666058777423e-01
1.850398670191229500e-01
2.143969524299970120e-01
2.504066926447018893e-01
4.156332489668304042e-01
7.546602374287312287e-01
1.017889902557189030e+00
1.162001893927001150e+00
1.285658232145218793e+00
1.215191347372217123e+00
9.505909324462984422e-01
6.033894609767684880e-01
3.505132315738441751e-01
2.972925625787781190e-01
2.775599273625137808e-01
8.258360126785876942e-02
-3.903474260619199110e-01
-9.010422720822388598e-01
-1.120676140814655719e+00
-1.140121681173290380e+00
-1.022657819226363340e+00
-8.089335272097855078e-01
-6.852498469900707434e-01
-7.099149072727057863e-01
-6.844581575592245670e-01
-5.932802403148647041e-01
-3.905352416989981146e-01
2.269442192665679092e-01
7.481204647850632217e-01
8.027118877266448127e-01
7.913025753474727253e-01
6.599549343570512150e-01
5.063114287406635938e-01
7.142301620963881215e-01
9.614003161572306499e-01
1.004827552984669747e+00
9.243210391205334275e-01
7.791777906759979055e-01
6.317593116005042475e-01
3.415536611307137815e-01
5.228298426090705053e-01
5.675663684524090424e-01
5.070284225630816710e-01
3.742747149284858521e-01
6.060595876642053959e-02
-3.729781403342192214e-01
-6.965988932519424637e-01
-9.530326364307730724e-01
-1.154862443073072953e+00
-1.124269334717857172e+00
-1.060794751246139977e+00
-9.041315267874119321e-01
-4.632167454800003581e-01
2.273258628784036173e-02
4.684499699657380667e-01
8.059353472797190499e-01
1.061977747604168520e+00
1.215321447040462299e+00
1.154713339200041489e+00
8.735207746524438210e-01
7.437377848914831224e-01
9.324677434494799133e-01
1.278345667156109755e+00
1.915525835231725704e+00
2.414916401260033929e+00
2.503656779964016366e+00
2.306261339808024502e+00
1.939277574564481466e+00
1.559552359746875894e+00
1.134158260639281934e+00
7.383345722851418769e-01
4.544341361089175857e-01
4.034621363119752502e-01
3.360345425291209609e-01
1.609509750018764951e-01
1.192525387110962426e-01
1.552692389340988299e-01
2.220927828800981496e-01
1.171661751804452312e+00
1.382675733165799059e+00
9.608003414267483056e-01
3.457434487933662703e-01
-2.355849348942506971e-03
-3.096912186694488756e-01
-5.227590631250882414e-01
-6.700136719711440314e-01
-7.960142194802184434e-01
-7.122280847869303377e-01
-4.139352640462263255e-01
-1.954440027577765693e-01
-5.302238277540721745e-02
9.207376236907113820e-02
2.638551496643947170e-01
6.974297931474651158e-01
1.185484797228730125e+00
1.624075770649974659e+00
2.032805283206890135e+00
2.310930653278856273e+00
2.454963631831163173e+00
2.355055025077847475e+00
2.079581348021157794e+00
1.632736129803245229e+00
1.246246040421036927e+00
8.675693537655705390e-01
3.387336532997201610e-01
2.853906934622726932e-02
8.202867776574987446e-03
-7.735265948497382915e-02
-2.204057680851323475e-01
-3.987502816122218130e-02
2.206569380934709779e-01
3.216763886402375094e-01
2.927073842832405570e-01
2.198273563868895775e-01
3.047668162128966962e-01
4.517120683774293877e-01
6.128863572809558624e-01
7.999217693128071183e-01
7.776773740282869607e-01
7.842195665242857050e-01
9.118719267621141489e-01
1.142550474472869171e+00
1.529848152677023121e+00
1.912247523415445682e+00
2.193591370054271295e+00
2.459824068623802429e+00
2.591801332003603520e+00
2.719378095499588532e+00
2.854205193872835444e+00
2.640926994673518546e+00
2.122293179262757512e+00
1.490613592828583300e+00
6.973576062378838980e-01
-2.180541812621268893e-01
-7.959735195001734764e-01
-8.270055296660502320e-01
-6.904983815501419819e-01
-5.960203197267379682e-01
-5.463561569702755083e-01
-5.822633750157877319e-01
-7.539927389072591524e-01
-8.990140161583619616e-01
-8.269737872344031793e-01
-7.914404327447758236e-01
-8.061125620974076700e-01
-6.181069997897142843e-01
-3.401464777174150189e-01
-2.155579790490040615e-02
3.714801608722455573e-01
6.704944335156394208e-01
7.078101468867774582e-01
5.700182825872195380e-01
4.441031088144593020e-01
4.436644669902313209e-01
6.725168413968432013e-01
8.408696495316930752e-01
-6.418180024486034307e-01
-5.429800091584457977e-01
-1.570759524904792870e-01
4.058509916534027706e-01
7.129871730560638499e-01
7.747614917167444659e-01
6.816021980101408806e-01
6.717458883312563689e-01
8.393610431836550090e-01
7.733648533255393920e-01
5.994548606123614176e-01
3.831999313860412482e-01
2.273472333118076172e-02
-5.302576382893606222e-02
1.797876677331614603e-01
2.891420429028151995e-01
4.464589499163940101e-02
-2.994564097606498554e-01
-5.838897004085114029e-01
-7.284209326535873164e-01
-7.689580627084471320e-01
-7.737256153581266727e-01
-6.266587879074998479e-01
-4.539904594119402170e-01
-3.046907973421764670e-01
-1.182319279137035994e-01
1.453288881838305513e-01
4.456921388795963557e-01
7.679520424549258761e-01
1.072439391596685443e+00
1.160913780056167077e+00
1.062415299312629458e+00
1.030818166979023509e+00
9.965202928341397870e-01
9.470962861345455508e-01
8.704569947369913407e-01
7.416958295065894102e-01
4.796259693880462471e-01
-3.252535456848515416e-02
5.330819298747463408e-01
6.158626787626697574e-01
5.243539142337554360e-01
1.292974282048589552e-01
-2.228898162568322683e-01
-2.852786508795048803e-01
-3.248301645060902576e-01
-4.638132726559984209e-01
-7.331064496887818027e-01
-8.820108875057213194e-01
-9.468412654806273032e-01
-1.009785311386924844e+00
-9.124434532516865204e-01
-7.281834439886165633e-01
-4.436547849008009026e-01
1.765173532660465616e-01
1.133199637298889062e+00
1.721449805729288851e+00
1.881972085355507085e+00
2.019691397104381281e+00
2.111368454759376068e+00
2.150980120577672405e+00
2.210303020057280854e+00
2.227951463037352031e+00
2.252750958034051454e+00
2.314832251710188693e+00
2.308231904075890739e+00
2.178802236065673359e+00
1.870373817047979337e+00
1.269089036035077722e+00
5.842005374964531761e-01
1.790114762907691615e-01
2.141082456260301470e-02
1.575277028181605032e-01
4.211044614770325101e-01
5.835605663759002582e-01
6.236622123336246215e-01
5.532919638082933744e-01
4.665549432878189906e-01
1.391183687355116660e+00
1.218391003763604319e+00
9.943640474432070553e-01
8.800173892809411980e-01
7.727264200185052223e-01
4.830184774670581715e-01
3.349551165334052616e-02
-3.045724226720082362e-01
-4.596640667853155726e-01
-3.487889774738509585e-01
4.329822006994904493e-02
4.613051969183363799e-01
7.962159905814619743e-01
1.042698050569605739e+00
1.188636020126475401e+00
1.226119003447854405e+00
1.069180551180569427e+00
8.959896156568213366e-01
1.062301644628904640e+00
1.195766414144100231e+00
1.101526948424837338e+00
9.022055591878886949e-01
6.489622348539100249e-01
2.248057063439165559e-01
1.283175523386786976e-02
1.056252290577085196e-01
1.216978236089570897e-01
1.546651028675811723e-01
1.948025653027911086e-01
5.835109142282851602e-02
-6.352297407993132139e-02
2.930277720181528878e-02
1.668780922749104056e-01
1.183637355251427603e-01
-5.720936777568388920e-02
-1.394614937357139262e-01
-8.541162215614239717e-02
4.713671672113874389e-01
1.080931604567042514e+00
1.293501305279903812e-01
1.086277540171742551e-01
1.882067491350375987e-01
4.817653536132172620e-01
7.726510320030267609e-01
1.038331993053184021e+00
1.348110214120935568e+00
1.809744889875307461e+00
2.138506836829712654e+00
2.285414186045834128e+00
2.392248632699633060e+00
2.278474226975444772e+00
1.985913234365971114e+00
1.583161840376065443e+00
1.063702767586771181e+00
5.547367674454831699e-01
1.459624654291071244e-01
-1.609331660394923702e-01
-3.832188313317963502e-01
-6.999268016093012079e-01
-9.343478494553171254e-01
-8.501360611168213843e-01
-6.029632644051596824e-01
-3.710020615079327455e-01
-2.712741266373960847e-01
-3.045709649875005254e-01
-3.923283612249653385e-01
-5.049192216715544523e-01
-4.210257826753524002e-01
-7.629875991761583820e-02
4.537492617899330782e-01
8.733388252058971180e-01
9.944221976274770780e-01
9.410509630190690977e-01
7.946479055764366084e-01
6.103481929844711829e-01
4.972808232225313096e-01
5.247283817489952762e-01
4.405215413934735480e-01
-1.748617795008029219e-01
-1.321927531872315043e-01
2.634319659591847357e-02
2.523357790208820978e-02
-4.422805054148797738e-02
1.365318217731461281e-01
2.960241536200898249e-01
4.324172374801230623e-01
3.981644035413181015e-01
1.305993534341706730e-01
-4.247046203152649024e-02
-1.986683180605010313e-01
-3.137530157075524295e-01
-4.089477286041229842e-01
-4.383202215141575042e-01
-3.154528256827804911e-01
-3.602926985526858084e-01
-5.726706949423832071e-01
-6.312774439027768469e-01
-4.611733143718246275e-01
-1.468889615808139093e-01
4.151964250938502410e-01
9.555307432712740745e-01
1.150762901847861119e+00
1.029637564551025397e+00
8.009443549417023522e-01
6.877067854293963389e-01
5.636158920882142764e-01
6.364731540165098345e-01
9.968325774605361067e-01
1.060244901401992346e+00
8.468251553945600474e-01
5.912789644067539818e-01
3.614876546184229156e-01
3.236297724069365223e-01
4.231805650641307093e-01
3.947918984209389803e-01
2.216578530724850893e-01
3.627587067232285190e-02
1.290264188242645549e+00
1.041639850345988272e+00
7.811710151153989923e-01
7.146884562395792173e-01
5.623424277415498551e-01
3.255383764345683995e-01
3.051432224562364293e-02
-2.308455886906631283e-01
-3.309143135297095140e-01
-4.310159600733663998e-01
-4.939430404706194877e-01
-3.658271672312973788e-01
-1.489655276317175814e-01
1.505640598980062528e-03
4.074817860340065323e-01
9.427497469685921505e-01
1.288018523212506317e+00
1.563615094531201954e+00
1.936339667838362644e+00
2.221376557087563430e+00
2.084771675642994815e+00
1.851893800893173569e+00
1.518315146912768254e+00
1.033675205076947767e+00
7.626546678290181402e-01
9.202570998116821333e-01
1.213471380545664502e+00
1.380836759300216876e+00
1.318991321727726929e+00
1.031858627636867753e+00
7.699485335342667325e-01
4.297067444577211681e-01
3.173441081926052787e-01
5.458389019145550858e-01
6.810108664792344779e-01
7.208391188749120326e-01
7.543334275155507695e-01
8.724740693302384109e-01
1.074623285681462592e+00
1.219903696601758902e+00
1.212438714701870701e+00
1.046374130180135698e+00
8.214104380614254408e-01
6.574943487135829212e-01
5.943018737610132884e-01
6.295992755560108067e-01
7.373341146749354813e-01
7.917298486556831882e-01
8.362208121023328999e-01
9.606485868584259125e-01
1.150036724497774943e+00
1.446861588264228171e+00
1.624834104042165439e+00
1.610557715875247542e+00
1.414709192132998394e+00
1.208450510494484931e+00
1.205065666472801222e+00
1.028198210286085157e+00
4.656592113733827309e-01
-7.172358641331641471e-02
-3.434512129068322261e-01
-2.662648993565032152e-01
-3.289877889253639554e-02
1.952343129365708418e-01
4.534435402126613113e-01
4.445088159876423028e-01
2.973768924912287837e-01
1.250032784587627455e-01
3.500038330404345310e-02
1.725672840703993405e-01
3.393474503441783474e-01
5.262252871052182090e-01
6.751645340588919852e-01
6.331404785932461809e-01
6.503517567479248918e-01
7.625546893213629440e-01
7.949298865013483262e-01
8.890374547025345908e-01
-4.023845724901818910e-01
-4.304896515916112332e-01
-4.027386006590175649e-01
-2.668221897135762410e-01
-2.961777220549261652e-02
2.962681129969538807e-01
7.354829840824593790e-01
1.205384286036474517e+00
1.422827214513862071e+00
1.416895528830539153e+00
1.210904357433459477e+00
8.516671360550657210e-01
5.527772968898803096e-01
1.702403135404483570e-01
-2.130056529413859590e-01
-4.694229428063504406e-01
-6.435669938703921789e-01
-7.244695871747343086e-01
-6.457907383396268575e-01
-5.121834903633901703e-01
-3.511441949641578297e-01
-1.964825115457070892e-03
2.940204591953957114e-01
4.902353649896376009e-01
6.606473201961943209e-01
6.297099976109230557e-01
4.381575739734201447e-01
3.499962712703902357e-01
3.334582388987004653e-01
3.369948914522670202e-01
5.750146834696421294e-01
7.849943112711541549e-01
5.637435557793563090e-01
1.077566146566490690e-01
-3.253097369646363313e-01
-5.971044739221633701e-01
-6.940159809071126951e-01
-6.338981705547546142e-01
-5.001298058566334692e-01
6.854873092335284079e-01
6.574067790441268100e-01
5.374808619373503404e-01
4.849389751106513158e-01
6.080680271375988877e-01
6.847431552401930244e-01
5.025270354962469987e-01
2.464687382556274842e-01
9.946960222887228642e-02
2.719053971980342488e-03
-1.668899130202227687e-01
-3.505320369881326226e-01
-4.949782956248653942e-01
-5.534338953595285826e-01
-4.036142595394782706e-01
-3.401923772367494436e-01
-4.021143584162519824e-01
-3.767287669258283511e-01
-1.398282847439544785e-01
4.141776007678805160e-01
9.533609008951779984e-01
1.095257882671806016e+00
9.959018018553400520e-01
8.487214163202740913e-01
7.160277684349507510e-01
6.161347615232060093e-01
4.896703424947675409e-01
5.495020264616432559e-01
7.479106906764048102e-01
9.053390495024180584e-01
9.912358791632339683e-01
9.391269740028920232e-01
8.383743043193444544e-01
7.275008742345089319e-01
6.807267616769812069e-01
7.173436907264816309e-01
7.420135127114380058e-01
6.995788811176196775e-01
6.757851307917902561e-01
1.151387106092830681e+00
1.078621619514178231e+00
1.040252332106379463e+00
1.007342345589861798e+00
8.156424255110616972e-01
5.446021657684624317e-01
3.515098253539044593e-01
2.376749209408034469e-01
2.261038504923845172e-01
2.562772890831510608e-01
2.790009417949129156e-01
5.461290909268259330e-01
9.271695312623134955e-01
1.417549449791704941e+00
1.914309575432447508e+00
2.069120484189174825e+00
2.056705550013661288e+00
2.053799162083529417e+00
1.856040843484256131e+00
1.421566702486945388e+00
7.834450905637017071e-01
1.066694744736376710e-01
-2.031809816216990638e-01
-1.723769932986661813e-01
1.249696895007934572e-01
3.581545820240402134e-01
3.651410588134592627e-01
3.106865162668699387e-01
1.466213187639900939e-01
-1.451052704822186623e-02
-5.506724246325916949e-02
8.437631712251073002e-02
3.520042040904564629e-01
6.946062415668144974e-01
1.019003775684161006e+00
1.282806674400999380e+00
1.475287956266604139e+00
1.477871042941585333e+00
1.412406389590702194e+00
-2.133769382593864450e-01
3.991679914857076961e-03
7.781616665414192724e-02
-1.074289626457580749e-02
2.417327804981997397e-02
1.757831181206300497e-01
4.628981005389004033e-01
7.221221827674055849e-01
7.532395511916319952e-01
9.109189722966581915e-01
1.151486739945352555e+00
1.277269411983513514e+00
1.272945964062274449e+00
1.033949347579414590e+00
6.107030334420304740e-01
2.839625478599031583e-01
1.451252509160891324e-01
9.827893198575834988e-02
1.784463162329160413e-01
2.704559263411580039e-01
3.171476583160460772e-01
4.217869237181859354e-01
6.720933035623681828e-01
9.207058119005422370e-01
1.028249302837975776e+00
9.732993856128211441e-01
7.594068061409730008e-01
6.398058701534139470e-01
5.684471651654752211e-01
5.340157933716774830e-01
5.486851795830820500e-01
4.559923896934625076e-01
3.004497317428145298e-01
1.505571893849521059e-01
2.358832457072160271e-02
-9.971732743511707575e-03
-1.225379988246175778e-01
-2.532081755042309146e-01
-2.996541868607784376e-01
5.452784740586863466e-01
6.473965792045508483e-01
6.104255745171659475e-01
5.117919051223178695e-01
4.518491400429591742e-01
5.035080396827436022e-01
4.530633461849663535e-01
2.330384489951935201e-01
5.337423321687501110e-02
6.156027455547490035e-02
1.058007968422355616e-01
-1.498216042769628942e-02
-2.294636795250699635e-01
-3.680563777089077004e-01
-3.982859852132523693e-01
-3.749254214244580607e-01
-2.993684043940112449e-01
-1.538175489002477359e-01
1.180227442623012907e-02
4.179910746037013847e-01
9.273112037376772809e-01
1.134735392336477133e+00
9.918280837059741950e-01
7.690794862026418821e-01
6.685430782063961352e-01
7.452572027295849555e-01
9.853368807695278564e-01
1.031462587532065323e+00
9.927352580141119986e-01
1.005970528498735916e+00
1.049611575876639114e+00
9.950710976769259197e-01
7.979422369552828798e-01
4.352441222159825207e-01
-6.990225189182452947e-02
-3.851896979469344173e-01
-4.472282164735322807e-01
-2.989251156877477111e-01
-3.930309993290509452e-02
1.080558898817587821e+00
7.430601224167632246e-01
4.349172299772233741e-01
3.245896054564094690e-01
3.700531817552205061e-01
3.679174825304157848e-01
4.131869721633079084e-01
4.036750386113217015e-01
3.760751437658499952e-01
4.153246866268023307e-01
3.747010469976544966e-01
1.874403297124060952e-01
2.783756418614269368e-02
1.019072356884483804e-01
4.223824920676034766e-01
7.531607705939609154e-01
8.363009607811641155e-01
7.186174112034884320e-01
6.683477333056142555e-01
7.283274547200802029e-01
6.495028046338316985e-01
3.498953554393006704e-01
6.324486690548461465e-02
-2.981416141040320322e-02
2.293758433915433353e-02
1.418499861731267186e-01
2.421692458126470382e-01
2.300897023610841141e-01
1.897279642902537367e-01
1.344953668552413273e-01
2.295467862058717112e-02
-1.063330392534851676e-02
2.449782155041092535e-01
6.607977604861634546e-01
9.406759462634397551e-01
1.369860216409744424e+00
1.793334043878375361e+00
1.919069008801265186e+00
1.801537367974751724e+00
3.867476503156512813e-01
6.137180431822785165e-01
6.578035505292356699e-01
5.398655165589824056e-01
4.506261321361882954e-01
4.874249660946133877e-01
6.974530957695028732e-01
9.618367005718027052e-01
9.499431984403774454e-01
6.227766787228883327e-01
5.207810565682498005e-01
8.125483689249328734e-01
1.102201320408779495e+00
1.210621802801584046e+00
1.185104635865829037e+00
1.071004085031192155e+00
9.453220542308422569e-01
8.056355244739948906e-01
4.708242767101018522e-01
2.398585311506225282e-02
-1.901170983261604719e-01
-7.630704270830980518e-02
2.759276993710789161e-01
6.775594342529233094e-01
7.617860285662083619e-01
4.117944076213254090e-01
-1.813442953026612736e-01
-4.151274558917581459e-01
-1.102674776384489908e-01
1.517437661372073587e-01
3.101861885490729831e-01
4.544718335461598313e-01
5.353928880357285980e-01
7.424504191073448833e-01
1.101265663218143454e+00
1.280306994910048068e+00
1.148921322774304254e+00
6.264716430729311281e-01
5.970759683682302921e-02
5.410632258944801931e-01
1.077948090413857862e+00
1.252723973265697399e+00
1.170728178534933717e+00
9.631711100802378134e-01
8.625706049819366061e-01
8.223876937247851515e-01
5.846276129601335469e-01
4.522667653499324869e-01
6.991828286972978646e-01
1.050144999584163852e+00
1.118754477125130764e+00
8.569748997691142289e-01
4.996746144110819632e-01
2.690481948423475989e-01
1.563963239311857711e-01
2.000496074034639749e-01
4.440150394534877476e-01
6.716788147320249536e-01
8.978267702422320085e-01
1.017416676852555657e+00
9.662774206581489223e-01
8.578009540649510489e-01
6.211155821661030751e-01
5.258163552841973454e-01
6.797532051659080921e-01
1.074645179024676045e+00
1.521125638939126112e+00
1.593387885254743397e+00
1.202375562840316547e+00
8.679540348003342842e-01
6.806394094788164040e-01
4.077827078497016644e-01
1.516292756885569692e-01
-2.622635267894417588e-01
-5.893261691132068991e-01
-6.205181863150652788e-01
-5.210446161278308175e-01
-4.012943556710978354e-01
9.852538093225331473e-01
4.190537562502630875e-01
-1.134231502344513198e-01
-3.286902589431067168e-01
-4.650609851397197181e-01
-4.281367817706786538e-01
-4.404523111106245503e-01
-4.787800003073170996e-01
-1.805035728610338563e-01
2.021414371235669138e-01
4.059572542304117904e-01
4.181194497356864326e-01
2.893061638267679925e-01
3.015558659340810133e-01
5.015891181837324186e-01
8.835207485831499952e-01
1.242888934795159939e+00
1.254743472091384593e+00
1.139423325277079346e+00
1.074367356042747801e+00
1.141091807340196773e+00
1.205198680387483456e+00
1.059627352777325004e+00
7.757671583833565254e-01
7.621602977544865709e-01
1.065516001231669341e+00
1.299524352746946443e+00
1.302476202601160038e+00
1.001226522102218075e+00
8.500207924969860329e-01
7.956265799083055423e-01
5.285427209288676709e-01
2.923101880859501067e-01
1.424248836740741042e-01
1.583298055310010666e-01
3.158622807374384944e-01
6.017391159208527185e-01
9.731610672354995550e-01
1.322063621586267779e+00
4.038716448743186194e-02
-2.171619808147452063e-02
7.379196321384673407e-03
1.519964050956515711e-01
3.796387110313728663e-01
6.057676128374147595e-01
7.617496723569525674e-01
8.692604120513582888e-01
7.979325506386965028e-01
4.107109924124403011e-01
-1.430766743292144483e-01
-4.479289857313077938e-01
-2.288563156505926399e-01
2.344151627706875796e-01
5.107042930726026775e-01
4.641054677092283365e-01
2.093984986993281394e-01
-2.840788148399950308e-01
-5.826189232270196916e-01
-3.981939632829277209e-01
-1.446682808650937568e-01
1.507026565104467308e-01
4.586715646280326020e-01
6.700140886199978940e-01
6.029519101255539359e-01
2.731798474017990697e-02
-5.651748075054797704e-01
-7.413356964487369805e-01
-6.818755397945388541e-01
-3.329357086657395715e-01
7.344525449006755746e-02
3.645634062343456328e-01
7.652509195873951064e-01
1.218334905553014158e+00
1.538252726980808394e+00
1.597676843223043486e+00
1.418692286117936963e+00
1.149126167923305797e+00
7.883764074322051618e-01
5.236409357502039286e-03
4.677467569428532812e-01
6.653571111056202358e-01
7.836699120908237060e-01
1.040229718578894680e+00
1.401406258675308880e+00
1.621826568267251467e+00
1.605078552164488581e+00
1.457474368422567501e+00
1.208075701321868145e+00
9.548976420176408242e-01
9.441844793738081165e-01
1.041220600000913876e+00
6.665571052214496195e-01
1.391161127841561429e-01
-1.239622762418982060e-02
6.749434924857683482e-02
3.225861490705786983e-01
4.384564999195971202e-01
2.977702078856268031e-01
3.028061970014492288e-02
-7.259078288062770223e-03
1.581424940336680074e-01
9.722082883033889011e-02
7.761958052233555727e-02
7.745846438421322144e-02
5.948007911309188822e-02
1.538835402133420516e-01
2.411060324684374534e-01
3.164866861621843941e-01
3.139738444509014847e-01
4.356909527030696783e-01
5.267587635408762514e-01
3.351936001164419476e-01
-6.354520675776272054e-02
-4.164476329410661815e-01
-5.055104451759453443e-01
-4.823280137497725217e-01
-3.790676896689841868e-01
1.552979897464197512e+00
1.322378574021550568e+00
9.665645980168616758e-01
4.759708523596919982e-01
-6.392654000093755950e-03
-4.238795218657129826e-01
-6.760186581295541952e-01
-6.488536269048323923e-01
-3.508103954128817814e-01
2.283727159162793341e-01
8.655626056511322997e-01
1.189572472190425279e+00
1.168757417481375738e+00
1.104650089561874049e+00
1.270255384609354055e+00
1.497094254518700929e+00
1.602906346938048232e+00
1.579925707823641279e+00
1.435632007466651094e+00
1.270801698329109941e+00
1.075690555907307999e+00
8.942610265462369590e-01
7.881300849360898253e-01
6.457843078587409691e-01
6.308308431146381068e-01
1.019772607227729333e+00
1.549328928473062028e+00
1.792503132291382029e+00
1.753299232877007174e+00
1.508173920665234702e+00
1.056221812755333556e+00
5.522341071592719031e-01
-7.619446288469632067e-02
-5.544462526294664517e-01
-4.388998169745424449e-01
-2.846020119722274255e-02
3.637593417754230729e-01
6.054804864598610781e-01
1.060072736842736063e+00
3.101178478707676267e-01
1.831303693958707679e-01
2.707950060002390913e-01
4.279660783050437955e-01
3.589442714814329305e-01
1.753225222129934091e-01
-4.703942923199577741e-02
-1.950518525896065281e-01
-8.118923664888647029e-02
3.471129791942381693e-02
-1.106073978971254812e-01
-2.630996850537520859e-01
-1.032917682604279075e-01
2.575696917960367816e-01
5.576309063760002127e-01
6.131378350416467615e-01
3.825143636319490170e-01
1.434401569377863617e-01
3.142172997336184492e-02
1.268901367725954188e-01
5.657886752712457668e-01
9.493629401846629401e-01
1.105093260188823034e+00
1.211345926557030994e+00
1.289186723228387788e+00
1.137250795611012055e+00
6.209675742355895700e-01
1.005421035981305944e-01
-6.281169006779353803e-02
-1.472906959794727244e-02
1.450352522095021413e-01
3.985044473017662625e-01
6.664891546288450597e-01
1.219605300351447319e+00
1.722729848371997718e+00
1.730718236410568878e+00
1.590926711944673944e+00
1.401205532952370492e+00
1.091197967190828289e+00
-2.969739886435598386e-01
-3.322100200153950134e-01
-3.343138605434862187e-01
-2.102829997830034381e-02
4.610334852574172193e-01
8.651705228761014110e-01
1.047040699447007617e+00
1.221865357207036151e+00
1.304948328574320859e+00
9.165829470137661916e-01
4.376492517397578275e-01
8.976740109010306057e-02
-1.762014867385878480e-01
-4.183326658565065248e-01
-4.873663695291032827e-01
-3.703123148022788858e-01
-2.608207576725903309e-01
-2.448609781402839858e-02
2.241627280647227050e-01
3.130304604716981354e-01
2.992579998312144829e-01
3.033835280510907562e-01
3.498746824078231565e-01
3.289016489369775975e-01
2.064458613013905597e-01
4.588338766185942608e-02
-4.273835681762696431e-02
-6.246928392866779589e-02
-7.771369837391134405e-02
-7.244859612808696170e-02
7.061547072927537583e-02
5.457565057716623480e-01
1.086751919989155990e+00
1.218015441832564605e+00
7.993223909399524985e-01
7.737800043365669622e-02
-3.971194113479390442e-01
-4.977716966865798898e-01
-4.443844881771886746e-01
7.083806950727553620e-01
7.991006264864251030e-01
8.467854958061371562e-01
8.461219579314742667e-01
6.415696757823611263e-01
3.998041834421550145e-01
4.402034801878584869e-01
5.523647441633781074e-01
7.370140588122108261e-01
1.076833386083488442e+00
1.351963117781183055e+00
1.451898144506336363e+00
1.334247117794142401e+00
1.075502804187133954e+00
1.033028210991504547e+00
1.112554293107494097e+00
1.120612627679634432e+00
1.006592324271001093e+00
8.179610787932178884e-01
5.066286958780715777e-01
1.302835791350209216e-01
-4.079116921314779320e-02
-1.162365754570973131e-01
-2.086675407207652377e-01
-2.293730070869080262e-01
-2.021932240666375613e-01
-7.986905189814932915e-02
1.890645666728107965e-01
5.207832291904473943e-01
8.804409805244166609e-01
9.599487544734495170e-01
4.234266787620915573e-01
-2.672049265075789326e-01
-6.828189816237171250e-01
-8.364895617805971906e-01
-7.874158489130720362e-01
-4.853413117355047657e-01
-1.529212679733062408e-01
1.728477898333622420e-01
1.286628670040734557e+00
1.068333716477455564e+00
9.489112145022340350e-01
7.818605431166563147e-01
6.900148181708409822e-01
6.338143552927980595e-01
4.301610407547458714e-01
2.092529908898877467e-01
1.229403870092912743e-01
2.038347073540657806e-01
3.523146905511661542e-01
3.955868391810880569e-01
6.128837442924129908e-01
9.600145286953969403e-01
1.156272319188896835e+00
1.100971429614613362e+00
8.310772085508728590e-01
5.686070429314746821e-01
5.043573698371957015e-01
7.601816670056904535e-01
1.265552129923713132e+00
1.610449821288732153e+00
1.733024180305617890e+00
1.659659838527157483e+00
1.425047050780776425e+00
1.409139403656181955e+00
1.421496860005920571e+00
1.403953688350341844e+00
1.407219768198373577e+00
1.180028045005062198e+00
7.475588207198837765e-01
4.088965583327680564e-01
2.216851690826092403e-01
2.498532573736826634e-01
5.080181436991919597e-01
1.234808121321552044e+00
1.915114375019905335e+00
1.981091486113347955e+00
1.838006325716670109e+00
7.108948024963828161e-01
5.936423652303337573e-01
5.441591588532886936e-01
3.231934402058533329e-01
1.691892767286947430e-01
2.170407576931545346e-01
1.376560561948182715e-01
4.122219203472030080e-02
-1.379829969019219504e-01
-2.958633085489906223e-01
-2.468574527181453260e-01
-2.261175402110068289e-01
-2.617755365451409078e-01
-2.934499962390226813e-01
-4.276733547670777402e-01
-5.739423238297896024e-01
-5.855358681544063915e-01
-2.023869015749214795e-01
5.333278297372165966e-01
1.161534643522587062e+00
1.517984070635265192e+00
1.649249335533663041e+00
1.553739106935331238e+00
1.550448699971974209e+00
1.447888854694236782e+00
1.142596903834456334e+00
9.776404549653835430e-01
9.192025429265129333e-01
8.007368171786057864e-01
4.971322028739852961e-01
5.952103837019820376e-02
4.831230748899129068e-03
8.065626808514672064e-01
2.047909491571068497e+00
2.781645288774958313e+00
2.560730317500683473e+00
1.504332019356757755e+00
6.275540177266782926e-01
4.326378115780567524e-01
