2.80211031
2.99490417
3.24503909
3.35221896
3.74540216
3.79135118
3.97542617
4.06024307
4.36390352
4.55618281
4.78294004
5.06758234
4.81270496
5.10616076
5.03435251
5.52813695
5.07699989
5.15360903
5.59869409
5.19456623
5.56472556
5.58328583
5.60532042
5.60626937
5.77296904
5.73367547
6.27115469
5.58062917
5.42343295
6.39929828
6.36831931
5.82370087
6.02778814
6.49961087
6.69098872
6.71369398
6.96100963
6.89627176
7.15739713
7.27373191
7.49250032
7.56052300
7.65203883
8.27072362
8.22459202
7.91117618
7.96431287
7.88869943
7.81543200
8.14032220
8.35721689
8.32784296
8.58168257
9.19045127
8.88925947
9.08647242
10.60009288
9.13788262
9.85330265
10.20208624
10.07482103
10.87425556
9.46808857
9.38710862
9.25243510
9.21819171
9.10523697
10.61162379
9.03728815
9.41885707
9.61577938
10.11674028
10.53124650
10.19773031
10.67740453
