0.1652
-0.2436
-0.2096
0.5006
-0.1625
0.3862
0.1079
-0.2267
0.5720
0.2409
0.0396
0.0891
0.4587
0.0929
-0.0042
-0.1167
-0.2447
0.2142
-0.0132
-0.0597
0.2589
0.1389
-0.3540
0.1036
-0.6851
-0.6166
-0.4080
0.0757
-0.3284
-0.2506
-0.0349
0.4065
0.7579
-0.1297
0.0034
-0.4144
-0.0033
-0.5865
-0.0738
0.1197
0.7469
0.4533
0.4375
0.4762
0.3709
0.9927
0.6182
0.1940
0.0235
-0.2239
0.0362
-0.0977
0.2676
0.1358
0.0444
0.1612
0.0887
-0.0246
0.1868
-0.0211
0.4767
-0.0587
0.0166
0.0456
0.0587
0.0503
0.1772
0.1250
0.1915
0.1620
0.4383
0.5561
0.4498
0.5213
0.6328
0.7934
1.0621
0.6398
0.7475
0.8743
1.0820
1.2204
1.4962
1.8050
1.4954
2.2186
2.1969
2.3875
2.4463
2.4920
2.7896
3.1895
3.4738
3.7493
3.7200
4.8839
4.4087
3.9371
3.8756
3.6185
4.0833
4.4976
4.4610
4.6757
5.0735
4.8269
5.0404
5.2359
5.5535
5.7869
5.3267
5.0411
5.0012
4.9294
4.7932
4.8595
4.5460
5.1054
4.5884
4.0457
3.8552
3.8484
2.8340
2.8519
2.6213
2.0479
1.9673
1.6712
1.6781
1.7905
1.6282
1.3475
1.0247
0.5717
0.4758
0.0781
-0.1618
0.1372
0.0087
-0.7729
-0.8517
-0.7033
-0.9340
-0.7469
-0.8762
-1.3926
-1.6965
-1.5685
-1.7136
-1.4755
-1.7902
-1.3562
-1.7469
-1.7870
-1.9271
-1.9843
-1.8760
-2.0550
-1.7010
-1.8393
-1.7622
-1.8304
-1.6506
-1.8448
-1.8063
-1.7034
-1.7216
-1.7076
-1.6728
-1.9390
-2.0950
-2.1506
-2.2190
-2.1809
-2.1306
-2.0525
-2.0062
-1.9690
-1.9649
-1.6804
-1.9227
-1.8561
-1.9045
-1.4343
-1.6835
-1.6149
-1.4472
-1.2224
-0.9047
-0.5949
-0.0882
0.1396
-0.0691
0.0896
0.2008
0.3558
0.3737
0.4564
0.5697
0.5334
0.5387
0.5773
0.5444
0.9884
0.4948
0.6399
0.6239
0.6678
0.6002
0.3296
0.3279
0.6454
0.8893
0.5136
1.1444
0.7151
1.0557
0.4581
0.8728
0.6582
0.8971
0.8795
0.8268
1.2594
1.0424
0.7449
0.7683
0.9464
0.1354
0.8596
0.4328
0.4190
0.8216
0.3701
0.3257
0.7761
0.1583
0.1490
0.1726
-0.0494
0.0153
0.0682
0.5975
0.3821
0.2626
0.1178
-0.0281
-0.0099
-0.3303
-0.3552
-0.4022
-0.4477
-0.3007
-0.4287
-0.7879
-0.7735
-0.1365
-0.9071
-0.7083
-0.9101
-0.6434
-0.5137
-0.6584
-0.6088
-0.1984
-0.3134
0.6779
0.3492
0.5897
-0.1748
-0.4850
-0.5192
-0.1488
0.0034
1.1920
0.4498
0.5102
0.5492
0.8657
1.1515
0.8709
1.1748
1.1161
1.5400
1.8721
1.7545
2.2050
1.6559
1.6506
1.2369
1.5672
1.4574
1.4887
0.9914
1.3718
2.4621
2.0346
2.2332
2.3065
1.7972
1.5118
1.2172
1.1740
1.0208
0.8924
1.1346
1.2548
1.4665
1.1220
0.9718
0.6652
0.3721
0.5891
0.3921
0.2675
0.7108
0.7103
0.8145
0.5019
0.4240
0.5777
0.2850
0.5226
0.4124
0.3857
0.2839
0.4150
0.5270
0.4675
0.4615
0.6625
0.6302
0.8279
0.7362
1.0867
0.6325
0.6205
0.7535
0.7814
0.3054
0.8846
0.2496
-0.0215
0.0801
0.2526
0.1808
0.2734
0.6950
0.7925
0.7150
0.3513
0.2035
0.4550
0.5822
-0.0868
-0.3534
-0.5116
-0.3762
-0.6055
-0.8317
-0.8255
-0.6539
-0.4551
-0.7290
-0.0521
-0.4435
-0.1844
-0.3385
-0.1177
-0.1042
0.2098
0.0930
0.2137
0.8630
0.6812
0.5276
0.4167
0.4592
0.1904
-0.1614
0.2243
-0.5963
-0.5430
-0.6597
-1.0732
-0.7068
-1.3375
-0.9442
-1.5908
-1.4286
-1.4418
-1.6803
-1.6390
-1.4569
-1.7313
-1.7372
-1.7507
-1.8370
-1.6775
-1.7479
-1.7301
-1.7859
-1.8157
-1.7832
-1.4790
-1.5890
-1.5444
-1.3115
-1.5846
-1.6581
-1.7646
-1.7586
-1.8680
-1.8382
-1.8228
-1.5816
-1.7367
-1.7734
-1.6527
-1.4280
-1.6600
-1.3084
-1.2983
-1.0392
-1.2340
-0.6358
-0.3975
-0.7010
-0.4022
-1.0758
-0.3441
-0.5945
-0.2825
-0.7435
-0.6523
-1.2327
-0.5509
-0.1553
-0.9668
-0.8403
-1.6689
-1.2518
-1.0696
-0.9029
-0.8447
-1.2435
-0.4995
-0.2327
-0.4743
-0.7138
-0.8416
-0.5141
-0.8008
-0.9015
-0.3572
-0.3117
-0.7909
-1.1673
-0.8197
-0.9384
-1.1724
-1.2975
-1.4609
-1.2494
-1.0122
-1.5019
-1.3951
-0.7067
-1.0279
-0.8556
-1.2760
-1.4923
-1.3488
-1.5587
-1.1938
-1.0408
-1.0239
-0.8882
-0.5240
0.0045
-0.2471
0.0168
0.1066
-0.0564
-0.1026
-0.1336
-0.4627
-0.5982
-0.7367
-0.7671
-0.7342
-0.7139
-0.5711
-0.3390
-0.1718
-0.2601
-0.2721
-0.0711
-0.3059
-0.2326
-0.1788
-0.0995
-0.1338
-0.2387
-0.1913
-0.5748
-0.6775
-0.7752
-0.6592
-0.7596
-0.9292
-0.7558
-1.0387
-1.4192
-1.4214
-1.5893
-1.4678
-1.0319
-1.2949
-1.1456
-1.0805
-0.8844
-1.0537
-1.0331
-0.8079
-0.9704
-0.9439
-0.9897
-0.6914
-0.8055
-0.9176
-1.0208
-0.8299
-0.7256
-0.9798
-1.1333
-1.0973
-1.2324
-1.2539
-1.1953
-1.1974
-1.1736
-1.1620
-1.1911
-1.0409
-1.2886
-1.2881
-0.9968
-0.9281
-1.1966
-1.2473
-1.4763
-1.4723
-1.5029
-1.3893
-1.2750
-1.1358
-0.2890
-0.7857
-0.5913
-0.5269
-0.6080
-0.1559
-0.6875
-0.4037
-0.8677
-0.7656
-0.8279
-0.8874
-0.7930
-0.2050
-0.0602
0.0067
0.6460
0.6604
0.7457
0.8028
0.9154
0.8417
0.8992
1.0625
1.0819
1.8400
1.6862
1.9489
2.7537
2.1879
2.5969
2.6302
2.5783
2.4296
2.1007
1.9735
1.8714
1.8222
1.8832
2.3427
2.0304
1.8381
2.2776
2.8740
2.5321
2.8039
3.3051
3.1613
2.6557
3.3507
2.7073
3.1446
2.9109
2.6033
3.3053
2.3601
2.8523
2.5177
1.9016
2.4014
1.7170
1.7328
1.4885
1.2043
1.1854
1.4068
0.6596
0.6362
0.6109
0.5384
0.1277
0.0459
0.0421
-0.2996
-0.2637
-0.3213
-0.6693
-0.9639
-0.9097
-0.9575
-1.0988
-1.1299
-1.0921
-1.2839
-1.3274
-1.4581
-0.8626
-1.1659
-1.2319
-1.4098
-0.9394
-1.1974
-1.0134
-1.2717
-1.2425
-1.1087
-1.2051
-1.3331
-1.6143
-1.5597
-1.7270
-1.6060
-1.5220
-1.5777
-1.5791
-1.4589
-1.5133
-1.1628
-1.3229
-1.1330
-1.1258
-1.4200
-1.3950
-1.4352
-1.4803
-1.2491
-1.5406
-1.2587
-0.5713
-0.7608
-1.3415
-0.8725
-0.3727
-0.8528
-0.2226
-0.5073
-0.3679
-0.5922
-0.2043
0.2876
0.2914
-0.0336
0.3107
0.5384
0.4550
1.0642
2.1244
2.3060
2.2517
2.3438
1.9196
2.6350
2.4825
2.6158
2.7035
2.8789
3.5056
3.9716
4.3457
4.7661
4.1609
5.4736
3.7581
4.8225
4.0344
3.5018
4.8044
3.7693
3.3258
3.6615
3.7045
3.2465
3.6281
3.8449
4.3807
4.0801
4.4472
4.2744
3.5161
3.7788
3.8545
3.0931
3.7955
3.1748
3.3932
3.2233
3.1627
3.2983
2.8987
2.9454
2.6950
1.7544
1.9205
2.4084
2.4936
2.0617
2.1047
2.1432
1.8989
2.2325
2.1732
1.8535
2.0262
2.1039
2.3620
1.8310
1.7661
1.9849
2.0337
1.8914
2.2883
1.9176
1.6181
1.4393
1.3645
1.6497
1.6372
1.9467
1.7814
1.7358
1.9811
2.1144
2.4121
2.4541
2.0445
1.6781
1.5175
1.2989
0.9666
1.2277
0.7900
0.5855
0.6658
0.9682
0.7650
0.5017
0.6959
0.6282
0.9960
0.4452
0.5430
0.5177
0.3535
0.2840
0.2338
0.1642
0.2865
0.0684
0.2789
0.0591
-0.0671
-0.1774
-0.3740
-0.5007
-0.4075
-0.7570
-0.6950
-1.1209
-1.3277
-1.5932
-1.7762
-1.9970
-2.0154
-1.8605
-2.0209
-2.3791
-2.3162
-2.6686
-2.9263
-2.9836
-2.9980
-2.6515
-2.3454
-2.3215
-2.2397
-2.0549
-2.4255
-2.2867
-2.6988
-2.4457
-2.5820
-2.1664
-2.3990
-2.0731
-1.9190
-1.9156
-2.0416
-2.0357
-1.8667
-2.1237
-1.8417
-2.3847
-1.5556
-1.9373
-1.3524
-1.7442
-1.7088
-2.1842
-1.3995
-1.3447
-1.1185
-0.9200
-1.2783
-1.1929
-0.9826
-0.6941
-1.1235
-1.3986
-0.2540
-0.6020
-0.2792
-0.6065
-0.1867
-0.0805
-0.6459
-0.1914
-0.3038
-0.0436
-0.4205
-0.6382
-0.3555
-0.2698
-0.2682
-0.2499
-0.4906
-0.6048
-0.8088
-0.7954
-0.8095
-0.7843
-0.7445
-0.8022
-0.6502
-0.5130
-0.0803
-0.1695
-0.1306
0.1843
-0.0890
0.1140
0.2874
0.4281
0.4833
0.8626
0.6304
0.9095
0.7067
0.6748
0.6987
0.9026
1.0130
1.4009
1.0687
1.0059
0.8385
1.1804
0.8160
0.7247
0.5056
0.3686
0.3288
0.1571
0.1363
-0.0286
-0.0519
0.1214
0.0570
-0.1144
-0.2404
-0.2800
-0.2438
-0.0826
-0.2678
-0.3004
-0.3511
-0.3226
-0.3764
-0.3852
-0.4356
-0.4924
-0.3680
-0.6432
-0.7069
-0.7522
-0.6746
-0.7235
-0.6423
-0.7187
-0.4380
-0.6422
-0.3847
-0.4574
-0.4747
-0.5377
-0.5183
-0.3986
-0.3387
-0.4570
-0.4055
-0.5796
-0.5994
-0.8971
-0.5539
-0.5871
-0.5875
-0.3386
-0.4151
0.2534
0.0536
-0.1431
-0.1550
0.0033
-0.2458
-0.1664
-0.0813
-0.3091
-0.0612
0.1105
0.3873
0.6385
0.9765
0.7581
0.6643
0.7032
1.0290
1.2262
1.3035
1.7175
1.0972
1.2290
0.9300
1.2865
1.5021
1.7693
2.2157
2.9759
2.6946
3.2197
2.9803
3.1894
3.1297
3.0245
2.9665
2.9347
2.4778
2.5322
2.6063
2.3397
2.5180
2.3265
2.3294
2.4384
2.1766
2.1691
1.8834
2.1439
1.6651
1.4435
1.1884
0.8644
0.4648
0.7458
0.4199
0.6718
0.4037
0.5067
0.4526
0.6169
1.0865
0.4250
0.5796
0.4762
0.6960
0.1317
0.0644
-0.0506
0.1529
-0.2361
-0.3919
-0.6668
-0.5937
-0.4850
-0.4952
-0.1985
-0.6107
-0.3816
-0.1794
-0.7270
-0.5554
-1.0144
-1.0834
-1.0932
-1.0171
-0.8256
-0.7126
-0.1315
-0.3620
-0.3969
-0.9069
-1.2039
-1.0671
-1.0528
-1.1562
-0.5888
-1.4016
-1.3904
-1.5263
-0.7626
-1.4468
-0.7867
-0.9349
-1.1046
-1.2286
-0.7454
-1.0987
-0.7799
-1.2017
-0.4859
-1.2716
-0.7162
-0.9169
-0.5049
-1.0247
-1.0891
-0.7820
-1.3245
-0.5170
-1.5573
-1.0581
-0.6638
-0.9795
-1.0993
-1.0586
-1.4116
-1.0857
-1.1384
-1.1002
-1.3921
-0.8946
-0.6013
-0.7028
-0.7089
-0.3726
-0.8586
-0.3661
0.1582
-0.0207
0.5176
0.1247
0.5514
0.9930
0.8546
0.5785
0.5127
0.5702
0.7003
0.5554
0.6094
0.8020
1.0205
0.3800
0.5748
0.7404
0.8366
0.5991
0.8440
0.5860
1.0156
0.6755
0.6085
0.5063
0.1969
0.1699
0.1232
0.1891
0.1124
0.1337
0.2181
0.2526
0.4683
0.2668
0.5847
0.8777
0.2832
0.2593
0.6073
0.7752
0.7704
1.1611
0.9893
1.1650
1.2566
1.2897
1.0553
1.1701
1.2950
1.6469
2.0745
1.4172
1.3081
1.1982
1.1376
1.3626
1.3775
1.0518
1.0160
1.0178
0.8246
0.8603
0.6856
0.6117
1.1417
0.6194
0.7843
0.3819
0.4417
0.2657
-0.0167
-0.3210
-0.2766
-0.4634
-0.3059
-0.7859
-1.1282
-1.3983
-1.3249
-1.1940
-1.2668
-1.2817
-1.0431
-0.7554
-0.7376
-0.8488
-1.0994
-0.6814
-0.8086
-0.6242
0.0649
-0.1209
0.1006
0.0612
-0.1994
-0.0089
0.0663
0.8660
0.6235
0.6890
0.2911
0.0340
0.1312
0.1429
0.6795
0.3537
0.8696
1.0976
1.4202
1.1629
0.2283
0.4858
1.1062
0.4195
0.7591
0.7329
0.3500
0.5299
0.6759
0.6606
1.0653
1.3469
0.5355
0.9176
0.8208
0.5919
0.5222
0.6972
0.2569
0.8774
0.4791
0.3797
0.7321
0.9246
0.4211
0.3079
0.2833
0.0396
-0.0343
-0.2260
-0.0793
-0.1939
-0.2233
-0.3716
-0.5984
-0.6989
-0.2869
-0.5691
-0.1838
-0.8263
-0.2777
-0.9552
-1.5230
-1.6961
-1.6796
-1.6004
-1.8969
-1.8938
-1.4641
-2.1413
-2.1927
-2.3323
-2.2131
-2.2828
-2.1934
-2.0018
-2.1168
-1.2870
-2.1831
-2.1765
-1.8238
-1.3269
-1.9768
-2.0812
-2.5011
-1.5054
-1.6660
-1.7194
-1.0751
-0.8203
-1.1077
-1.3357
-1.9781
-1.0790
-1.2063
-1.1073
-0.8939
-0.8740
-0.6782
-0.1983
-0.5667
-0.2829
-0.5792
-0.6498
-0.3792
-0.3141
-0.0065
0.3466
0.6465
0.8644
0.7430
0.3839
0.0949
0.7546
0.2170
0.3658
0.6016
0.7401
0.1531
0.0361
0.4483
0.5869
0.6159
0.4654
0.3692
0.2118
0.2701
0.1204
0.3777
0.3304
0.5468
0.7067
0.5471
0.8600
1.0950
0.7617
0.9622
1.1461
0.7250
0.3508
0.2675
0.0264
0.1861
-0.0986
-0.2404
0.0367
-0.3688
-0.2330
-0.5170
-0.1954
-0.6960
-0.6972
-0.9594
-0.7772
-1.0587
-0.9497
-0.8773
-0.4755
-0.3670
-0.1385
-0.0993
-0.1382
-0.3153
-0.2453
-0.1578
0.4983
0.4930
1.0543
0.1280
0.7154
0.3536
0.7474
0.4918
0.6477
1.1722
1.3183
1.4630
1.8428
2.0793
1.2890
1.8189
1.7367
1.9385
2.0336
2.4029
3.0300
2.8507
3.6346
3.3019
3.6147
4.0206
3.3433
3.1965
3.0816
3.0605
2.6886
2.7159
3.5312
3.2162
3.2695
3.0839
2.7467
2.5131
2.0333
1.9561
1.6578
2.1465
1.9753
1.7937
1.7513
1.2117
1.0418
1.1303
1.0458
1.0445
0.9963
1.2135
0.9951
1.2612
1.2292
1.3827
1.1015
0.7754
1.0533
1.2502
0.8937
1.0055
0.8753
0.8532
0.8819
0.7295
0.3692
0.5341
0.0796
0.1092
0.0699
0.0904
-0.0112
-0.0986
-0.2141
-0.0929
-0.0198
-0.2780
-0.2078
-0.2030
-0.1116
-0.1835
0.0650
-0.3256
-0.3246
-0.4555
-0.4146
-0.4304
-0.3663
-0.4062
-0.2000
-0.4796
-0.4933
-0.5784
-0.5777
-0.5387
-0.5695
-0.4055
-0.4192
-0.5838
-0.8143
-0.7863
-0.8234
-0.7406
-0.7928
-0.7549
-0.7509
-0.7236
-0.3871
-0.5222
-0.2689
-0.4580
-0.0837
-0.3166
0.1920
-0.1240
-0.1007
0.1228
-0.0361
0.2137
0.6480
0.8545
0.5371
0.9285
0.4884
0.7750
0.8764
1.2478
1.7584
1.5222
1.6430
1.2518
0.7640
1.5540
0.9507
1.0723
1.4154
0.9662
0.6920
0.7977
1.0115
0.6538
0.8360
0.8792
1.0586
1.1447
1.4462
0.7816
1.8398
0.5037
1.3547
1.4481
1.1408
0.9769
1.0774
1.0578
1.4360
1.4815
0.8031
0.7520
0.8505
1.6541
1.3121
0.8717
0.4011
0.1993
-0.2432
-0.0940
-0.0660
-0.1073
-0.2511
-0.2007
-0.0179
-0.2512
-0.8336
-0.3106
-0.4002
-0.3157
-0.8535
-0.8472
-1.0682
-1.0135
-1.2868
-1.3411
-1.6555
-1.2266
-0.9069
-1.0503
-1.3031
-1.1879
-1.7595
-1.8419
-2.1328
-2.0126
-2.0020
-1.9203
-1.5704
-1.5945
-1.3769
-1.4783
-1.2093
-1.6962
-1.9749
-1.9975
-1.9755
-2.0333
-2.1298
-2.1411
-1.8537
-1.7327
-2.0439
-1.0632
-1.6852
-1.4743
-1.1532
-1.6267
-0.6255
-1.5732
-1.2369
-1.2346
-0.8819
-1.1494
-1.0768
-1.3371
-1.7595
-0.7689
-1.1595
-0.7513
0.0532
-0.2836
-0.3387
-0.0919
0.7485
0.3067
1.4023
0.2253
-0.1055
0.3689
0.5244
0.1961
0.2503
0.0896
0.3733
0.2221
-0.3511
-0.1670
0.0725
-0.6566
-0.5500
-0.3942
-0.2298
-0.3666
-0.3766
-0.0656
-0.2470
-0.3094
-0.2407
-0.3041
-0.2572
-0.3704
-0.5138
-0.4552
-0.2673
-0.2462
-0.1368
-0.3805
-0.5873
-0.0748
-0.4091
-0.2683
-0.1828
-0.5838
-0.6006
-0.1137
-0.2573
-0.2623
-0.4290
-0.3973
-0.6540
-0.9269
-1.0854
-1.2336
-1.3704
-1.2025
-1.2626
-1.4684
-1.3767
-1.3517
-1.3020
-1.1529
-1.4273
-1.5360
-1.6240
-1.4801
-1.6996
-1.5872
-1.5718
-1.3986
-1.4135
-1.2851
-1.3068
-1.2381
-1.2526
-1.1545
-0.9122
-1.0094
-0.9571
-0.4681
-0.7663
-0.6791
-0.3487
-0.2976
-0.3904
-0.2488
-0.2957
0.0407
-0.4390
-0.4548
-0.6093
-0.2823
-0.3609
-0.4304
-0.5186
-0.5342
-0.2257
0.0989
0.2604
-0.1077
0.2226
0.3840
1.0342
0.8036
0.8323
0.6756
0.9710
0.4956
0.6367
0.7582
0.6616
0.5059
0.8659
1.2873
0.8408
0.7453
0.1228
0.3337
-0.1589
0.0320
-0.2346
-0.2887
-0.4327
-0.5148
-0.8447
-1.1086
-1.2364
-1.0272
-1.1078
-1.3670
-1.2611
-1.2230
-1.1001
-1.1457
-1.5995
-1.7367
-1.5805
-1.7201
-1.8005
-1.7943
-1.9638
-1.9017
-1.7594
-1.4571
-1.5089
-1.6122
-1.8403
-1.7316
-2.0186
-2.0412
-1.7738
-1.1798
-1.9790
-2.0517
-2.2304
-2.2205
-2.2225
-2.1751
-2.1255
-1.9375
-1.9253
-1.5306
-1.7356
-1.5224
-1.7224
-1.6642
-1.5792
-1.8506
-1.7520
-1.7681
-1.6961
-1.6532
-1.6344
-1.5962
-1.5571
-1.3741
-1.3113
-1.1720
-1.1721
-1.1794
-1.1961
-1.2399
-1.0554
-1.2349
-1.1842
-1.1153
-1.0125
-0.9382
-0.8388
-0.6032
-0.7555
-0.7947
-0.8397
-0.9439
-1.0015
-0.9663
-0.9747
-0.9077
-0.9407
-0.8753
-0.6600
-0.3715
-0.6229
-0.5751
-0.4164
-0.3351
0.2933
-0.1735
0.9304
0.3326
0.4828
0.1058
0.3215
0.4409
0.2113
0.9343
1.0461
1.0648
0.9883
1.5064
1.7104
2.7015
2.1865
2.7718
2.3938
2.8619
2.4254
3.3089
3.4415
3.9562
4.0214
4.4157
5.5869
6.0086
5.5472
5.3269
4.5972
4.8092
5.0155
4.4759
4.8544
4.8929
4.8073
4.7814
4.2667
4.2622
4.0087
4.6918
4.0947
3.7342
4.3325
3.9851
4.8724
4.3848
4.5212
4.3329
4.2203
4.9001
4.0100
4.6220
4.4223
4.1125
4.4058
4.3357
4.0356
4.2369
3.8909
3.8219
3.9950
4.1336
3.9506
3.9952
3.4565
3.8424
3.4417
3.5538
3.2637
2.7280
2.5309
1.9154
2.0734
1.9344
1.9815
1.7512
1.8079
1.4732
1.6832
1.1602
1.0161
0.8013
0.8360
0.7575
0.7956
1.0699
0.4783
0.8655
1.0037
0.8101
1.0299
0.7814
1.1450
1.2813
1.4003
1.2710
1.3445
1.5257
1.1454
1.5336
0.8701
0.6441
0.8221
0.6058
1.3369
0.6760
0.6226
0.7110
0.6658
0.1766
0.2244
0.2485
0.4480
-0.3093
-0.1781
-0.1408
-0.6009
-0.7421
-0.9672
-1.0526
-0.7625
-0.2120
-0.6351
-0.2506
-0.6940
-0.7973
-0.6788
-0.8771
-1.2076
-1.2131
-1.1033
-1.1336
-0.8813
-1.0166
-1.1900
-1.0095
-1.3306
-1.1341
-1.4868
-1.6209
-0.9108
-1.9465
-1.6683
-1.5407
-2.1208
-1.6464
-1.3378
-1.3263
-1.5367
-0.6751
-1.3113
-0.8909
-1.6446
-1.5518
-1.9934
-1.7951
-1.5150
-1.2140
-1.2060
-0.7993
-2.1300
-1.9690
-2.3199
-2.0563
-1.6651
-1.4189
-1.7621
-1.8227
-1.8755
-2.2788
-2.2921
-1.2714
-1.6220
-1.0265
-1.2252
-1.7844
-1.7354
-1.6007
-1.5134
-1.1355
-0.7555
-1.3283
-1.4127
-1.2814
-0.7811
-1.2878
-1.3149
-0.9075
-1.5171
-1.3606
-1.2980
-1.5555
-1.3052
-1.5377
-1.1273
-1.3859
-0.9480
-1.2525
-1.0948
-1.3485
-1.4837
-0.9664
-1.2225
-0.8015
-1.0432
-0.9551
-0.5392
-0.4802
-0.6062
-0.4838
0.7352
0.1284
0.3439
0.2995
0.5835
0.7733
0.2681
0.6752
0.2295
0.2873
0.6394
0.3973
0.5806
0.4816
0.8804
1.2181
1.1286
1.7227
1.0691
1.5109
1.7141
1.5843
1.9609
1.8161
2.1552
1.8623
1.7162
1.1134
0.8858
0.7588
1.5363
1.1076
1.3967
1.6484
1.4189
1.2919
0.9031
0.6373
0.9270
0.5471
0.8051
0.6160
0.6122
0.3286
0.2247
0.3997
0.4500
0.4596
0.4460
0.8024
0.7956
1.1797
0.6532
0.5510
0.5135
0.3973
0.7113
0.3337
0.4241
0.4984
0.7709
1.0386
0.9530
0.7656
0.5654
0.5350
0.2145
0.0474
0.5444
0.8183
0.6700
0.7946
0.4140
1.0456
0.5706
0.8382
0.4385
0.6845
0.9258
1.0338
0.9511
0.5744
0.2700
-0.1117
-0.2231
0.0331
-0.3576
-0.0635
-0.0029
0.2798
0.3597
0.0987
-0.3310
-0.5080
-0.1229
-0.6503
0.0952
-0.0772
-0.4016
-0.3570
-0.5917
-0.5041
-0.4113
-0.6125
-1.0634
-1.0673
-1.3558
-1.3079
-1.4938
-1.5821
-1.5319
-1.4966
-1.8367
-1.5150
-2.1121
-1.8530
-2.1254
-2.0880
-1.9085
-1.7593
-1.8064
-1.7340
-1.8384
-1.9149
-1.8246
-1.8584
-1.9572
-2.1405
-2.2910
-2.1380
-2.2487
-2.1293
-2.0649
-1.9438
-1.8464
-1.5502
-1.5710
-1.7956
-1.9006
-1.8102
-1.7875
-1.7275
-1.7041
-1.6863
-1.4969
-1.3841
-1.1176
-0.9572
-1.0895
-1.1004
-0.8520
-0.7537
-0.4702
-0.6614
-0.7170
-0.8875
-1.2973
-1.4871
-1.5407
-1.5632
-1.3934
-1.3712
-1.0967
-1.0844
-0.8786
-0.8230
-0.5113
-0.6704
-0.7109
-0.6459
-1.0682
-1.2931
-1.5065
-1.6516
-1.7446
-1.7919
-1.6069
-1.8357
-1.8706
-1.9646
-2.0443
-2.1569
-2.0156
-2.2862
-2.2246
-2.2663
-2.1459
-2.2636
-2.2616
-2.3459
-2.2531
-2.3201
-2.6239
-2.2156
-2.5911
-2.2202
-2.0595
-2.0861
-1.7833
-1.8320
-1.5894
-1.9500
-1.3785
-2.1485
-2.0110
-2.2133
-2.2397
-2.3958
-2.0683
-1.9803
-1.9804
-1.5755
-1.7684
-2.1219
-1.9246
-2.0908
-2.0824
-2.1598
-1.6838
-2.0692
-1.7071
-1.7451
-1.8208
-1.4148
-1.6572
-1.2734
-1.1145
-1.0135
-0.2584
-1.3651
-1.2932
-1.1920
-0.5502
-0.4240
-0.4308
-0.3192
0.5374
0.6171
0.4368
0.6066
0.9113
0.7437
0.6852
1.4070
1.2860
0.7005
0.7834
0.7813
0.7891
1.0545
1.2744
1.2101
1.5056
2.0075
1.9536
2.2607
2.4269
2.6713
2.9136
3.0455
3.1632
3.0651
3.5249
3.9181
3.6825
3.9439
3.9199
4.2937
4.1313
4.0352
4.6729
3.7543
3.7590
3.4454
3.6002
3.3789
3.4989
3.7408
4.2271
4.1413
3.3392
3.9812
3.0472
3.7406
3.2178
3.3899
3.0945
3.5027
3.0983
3.3980
3.3928
3.2847
2.8939
3.1928
1.9244
1.5196
1.5043
1.3735
1.2702
1.4133
1.2741
1.2848
0.8019
0.3569
0.4252
0.4022
0.2353
0.7627
0.2068
0.0794
-0.1305
-0.2807
-0.6624
-0.5152
-0.5752
-0.4516
-0.4787
-0.6946
-0.7702
-0.6979
-0.8442
-1.1350
-1.2724
-1.2240
-0.5903
-1.3943
-1.0756
-1.5208
-1.2540
-1.4842
-1.4256
-1.3979
-1.3429
-1.0986
-1.2710
-1.3060
-1.4200
-1.4279
-1.5714
-1.5233
-1.5917
-1.3980
-1.2244
-0.9363
-0.8447
-0.7406
-0.6891
-0.7043
-0.4896
-0.7677
-0.7828
-0.6615
-1.0157
-1.1557
-1.3515
-1.4018
-1.3079
-1.3315
-1.6226
-1.7222
-1.6914
-1.7677
-1.5467
-1.6551
-1.6368
-1.8158
-1.7115
-1.9827
-1.8747
-1.9229
-1.9335
-2.0028
-2.0926
-1.8137
-1.9907
-1.7753
-1.7850
-1.5704
-1.8327
-1.3797
-1.5107
-1.6195
-1.4875
-2.0959
-1.8581
-2.2870
-2.1494
-1.2853
-1.8594
-1.5779
-0.6388
-1.3413
-1.3160
-1.5022
-1.0829
-1.1117
-0.3464
-0.0905
-0.5679
0.0390
-0.1923
0.3769
-0.1862
0.1567
-0.3718
0.3368
0.3719
0.4553
0.4914
0.7595
0.8739
0.8036
0.9339
1.4685
0.9956
2.1935
1.1274
1.1381
1.0656
0.6765
0.4944
0.8329
0.9821
0.9279
1.6633
1.1606
1.5579
2.0944
1.6210
1.9817
1.2560
1.8550
1.9022
1.3502
2.1051
1.9003
2.6087
2.7728
2.0152
2.6260
2.1419
2.2298
1.9312
2.3805
2.4117
2.1567
2.5153
2.2547
2.6304
3.3717
2.9613
3.8395
3.4160
4.4680
3.8812
3.3597
3.9206
4.0524
4.6721
4.2310
5.3828
4.7857
5.4836
4.5966
5.2948
6.0695
6.2607
6.5869
5.7228
6.4795
5.9712
6.4267
6.2408
5.2314
5.6263
4.9288
4.1670
3.4920
3.2512
3.3729
2.9973
3.1620
2.9125
2.4313
2.0747
1.8519
1.5983
1.5758
1.6655
1.3223
1.5182
1.4607
1.6334
1.2152
1.1986
1.4278
1.0806
1.2744
1.0825
1.1894
0.8752
1.1228
1.2402
1.0476
1.3615
1.4101
1.4241
1.2816
1.1690
1.2396
1.2979
1.1114
1.3511
1.5747
1.6380
1.5958
1.6349
1.5568
2.0225
1.7152
1.0955
0.9448
0.7763
1.1948
0.8994
0.6051
0.4584
0.2939
0.0542
-0.1024
-0.3732
-0.5507
-0.7503
-0.7887
-0.9646
-1.0045
-1.2021
-1.2738
-1.3959
-1.4807
-1.5938
-1.7119
-1.6194
-1.9657
-2.0561
-2.1411
-2.1781
-2.1155
-2.1570
-2.1081
-1.9500
-2.1197
-2.0610
-2.0091
-1.9432
-1.8731
-1.8097
-1.7415
-1.6684
-1.6100
-1.5508
-1.5477
-1.5562
-1.6070
-1.6529
-1.7020
-1.6954
-1.7181
-1.6771
-1.7443
-1.7671
-1.6412
-1.8833
-1.9106
-1.9602
-1.9971
-2.0579
-2.1070
-2.0732
-2.1496
-2.1352
-2.2393
-2.2667
-2.2890
-2.3233
-2.3290
-2.3477
-2.3179
-2.1011
-2.2116
-2.1908
-2.1267
-2.1763
-2.1804
-2.2127
-2.2185
-2.1517
-2.2089
-2.2026
-2.2815
-2.3310
-2.3495
-2.2245
-2.4587
-2.4586
-2.4191
-2.3501
-2.3171
-2.3243
-2.3446
-2.3447
-2.3262
-2.3190
-2.3618
-2.4486
-2.5579
-2.5626
-2.4957
-2.5385
-2.5407
-2.4897
-2.8191
-2.5314
-2.5721
-3.0195
-3.0031
-2.4746
-2.5175
-2.4682
-1.9778
-2.1281
-2.4999
-2.1242
-1.6210
-1.9370
-1.3278
-1.2019
-1.0282
-0.0026
-0.2569
0.2864
-0.2633
0.2587
0.1097
0.1508
0.4523
0.7107
0.4105
0.7993
0.1255
0.7582
0.6267
0.8134
0.5335
0.4337
0.4448
0.4416
0.8024
0.4218
0.4175
0.4886
0.2750
1.0357
0.5932
0.8188
0.2538
0.1097
0.0431
0.0844
0.1558
0.4430
0.2999
0.5897
0.6891
1.2343
0.9292
1.1499
1.1289
0.8596
1.2249
1.5384
0.8305
2.0260
1.1298
1.3466
1.3291
1.0840
1.4180
1.5680
1.3015
1.3464
1.1369
1.1156
1.4752
1.3262
1.8190
1.5471
1.7931
1.7158
1.2229
0.8494
0.5150
0.1642
-0.1068
-0.2655
-0.3607
-0.7961
-1.0824
-1.2555
-1.4318
-1.5744
-1.6484
-1.5562
-1.7122
-1.4717
-1.7070
-1.6758
-1.5864
-1.7768
-1.8171
-1.8550
-1.6424
-1.9702
-1.7391
-1.8971
-2.0768
-1.9583
-2.1966
-2.4242
-2.5875
-2.6039
-2.5300
-2.6726
-2.8056
-2.9692
-2.9944
-2.8915
-2.9260
-2.6818
-2.6939
-3.2419
-3.1291
-3.4637
-3.3377
-3.3454
-3.2105
-3.1584
-2.9644
-2.9906
-2.2076
-2.9233
-2.7046
-2.9292
-2.9809
-2.6592
-2.9466
-2.8192
-2.9354
-2.8544
-2.6610
-2.7976
-2.1613
-2.3940
-2.3939
-2.4220
-2.0843
-2.0496
-2.0226
-2.0478
-2.1699
-1.9266
-2.2582
-2.1996
-2.1725
-2.3656
-2.2463
-2.2889
-2.2201
-2.2493
-2.0725
-1.9590
-1.8354
-1.6058
-1.6319
-1.0592
-1.5558
-1.3759
-1.4383
-1.3220
-1.2293
-1.3155
-1.4314
-1.3484
-1.1526
-1.0202
-0.8501
-0.4265
-0.5466
-0.3666
-0.3524
0.0755
0.7222
1.0587
0.5271
1.1079
0.9953
1.0382
1.7013
1.4719
1.1271
0.8487
1.5887
1.8734
1.6662
1.5903
1.5810
2.1401
1.1715
1.0217
0.7123
0.8146
1.2849
1.4136
1.5132
1.7870
1.2260
1.4407
1.0601
1.2490
1.2159
0.5883
0.6270
0.5820
1.1290
0.3457
1.7500
0.6774
0.6264
-0.1235
0.1854
-0.2318
-0.0729
-0.4217
-0.4902
-0.3091
0.4943
0.5115
0.6516
0.4532
0.9123
0.8897
0.7571
1.0527
1.2707
1.7120
1.7260
1.1067
1.0714
1.9824
1.1449
1.0892
1.0327
1.8774
1.4368
1.2027
1.1328
1.2772
1.4976
1.0911
0.9332
0.8789
0.8833
0.8573
1.1130
0.6342
0.5103
0.0473
0.3644
-0.0554
0.3875
-0.0570
-0.4914
-0.7499
-0.3885
-0.6097
-0.3169
-0.2889
0.1617
-0.2431
0.0419
-0.5225
-0.3372
-0.7195
-0.1340
-0.5048
-0.4745
-0.2812
-0.4493
-0.3869
-0.3895
-0.2130
-0.1092
-0.2930
-0.1553
0.0962
-0.0116
-0.1004
-0.1188
-0.2346
-0.0956
-0.0421
0.4547
0.5950
0.6867
0.8055
0.5660
0.9499
0.8371
1.2542
0.7952
1.4603
1.9626
1.4744
1.5133
2.1605
1.6764
1.7964
1.6228
1.6397
2.1247
2.0617
2.5563
1.9107
1.9445
1.6916
2.1247
1.6387
2.3182
2.3852
2.6613
2.3352
2.2903
2.4672
2.4288
2.2951
2.1445
2.1310
1.8120
1.9692
2.0907
2.4598
2.2638
2.2468
2.1488
2.3944
2.6395
2.5903
2.4990
2.4393
2.6618
2.7894
2.8728
2.6905
2.3048
1.9414
2.5376
1.9686
1.2651
1.4474
1.4519
2.0934
1.2940
1.6552
0.9870
1.6348
1.8763
1.3975
1.1771
1.0821
1.0327
1.0485
0.9954
1.5287
1.3112
1.1203
1.0302
1.2696
1.3190
1.0363
0.6196
0.9019
0.6146
0.1171
-0.0388
-0.3162
0.6612
0.1237
0.0304
0.0599
0.1131
0.4808
-0.5858
0.1827
-0.4894
-0.0037
-0.2980
-0.4359
-0.3151
-0.2685
-0.0863
0.2934
-0.2861
-0.3415
-0.1555
-0.0998
-0.0438
-0.1107
0.5721
0.1888
-0.0789
-0.1311
0.2696
-0.1518
0.0735
0.1701
0.1877
0.1920
0.6103
0.3175
0.5748
-0.0125
0.5383
0.4276
0.5711
-0.1104
-0.3973
-0.0975
-0.0597
-0.5770
-0.5623
-0.6893
0.1145
-0.0083
-0.1537
-0.1537
-0.3797
-0.6354
-0.6345
-0.8314
-0.3295
-1.2905
-1.3999
-1.5892
-1.7082
-1.7619
-1.6441
-2.2350
-1.9932
-2.3220
-2.1104
-2.0462
-1.7564
-1.6927
-1.7459
-1.4553
-1.3722
-0.9953
-1.3156
-1.4210
-1.3847
-1.7566
-1.8536
-1.9536
-1.9527
-1.9214
-1.4772
-2.2232
-1.8650
-2.2289
-1.5021
-2.3519
-2.1756
-2.0791
-1.8676
-2.3939
-2.3621
-2.1443
-1.7658
-1.6666
-1.7577
-1.7681
-1.7245
-1.7050
-1.7717
-2.1336
-2.2903
-2.1644
-2.3856
-2.1401
-2.2099
-2.2976
-2.3235
-2.1255
-1.9290
-2.1339
-2.1278
-2.0836
-1.5946
-1.8597
-1.8892
-1.6531
-1.8405
-1.5991
-1.9188
-1.9400
-2.0737
-2.1006
-1.7711
-1.4333
-2.3298
-2.4217
-2.2293
-2.3388
-1.8168
-1.7984
-1.9339
-1.7703
-1.3202
-1.7903
-1.6094
-1.6153
-1.2362
-1.8072
-1.3505
-1.2875
-1.1662
-1.1218
-0.8358
-1.0090
-1.0511
-1.2677
-1.1794
-1.0696
-0.9397
-0.4595
-0.6652
-0.4624
-0.3534
-0.3125
-0.4383
-0.1558
-0.2829
-0.1666
-0.1376
-0.0343
0.0835
0.1504
0.2537
0.3681
0.3982
0.3030
0.1341
0.3117
0.4333
0.6295
0.7566
1.1359
1.0653
0.8811
0.6593
0.7041
0.7126
0.8336
1.0665
0.9745
0.8237
1.1483
0.9970
0.9189
0.8794
0.9785
1.0190
0.9983
0.9449
0.8038
0.7463
0.7869
1.2279
1.0017
1.2232
1.2709
1.4073
1.5911
1.5559
2.3070
2.1365
2.5170
2.2788
2.4042
2.5996
2.0910
1.7982
2.0800
2.2745
2.3399
1.8183
1.8857
1.9927
2.1785
2.1057
2.1937
1.8388
1.6241
1.7425
1.6180
1.3356
1.0142
0.9375
1.4571
1.1908
1.8411
1.3586
2.2829
0.7435
1.0423
1.0365
0.1656
0.0888
-0.4158
0.1557
-0.0877
-0.2781
0.0328
0.1383
-0.5968
-0.6838
-0.5106
-1.1559
-0.7732
-1.2620
-0.6912
-1.2099
-1.5740
-1.1404
-1.5375
-1.5810
-1.7511
-1.3351
-1.6016
-1.6737
-1.4171
-1.6736
-1.9068
-1.7539
-1.3144
-1.8371
-1.4691
-2.2443
-2.1191
-2.1807
-2.2820
-2.3167
-2.3814
-2.4442
-2.0356
-2.6318
-2.9466
-3.1799
-3.0420
-3.3303
-2.6593
-3.6002
-3.3647
-3.0699
-3.1654
-2.7706
-3.6502
-3.3685
-3.9248
-4.1996
-4.1331
-3.8112
-4.2232
-4.2739
-4.3350
-4.1502
-4.0489
-4.5177
-4.6742
-4.4163
-4.5873
-4.5300
-4.3553
-4.2026
-4.4404
-4.6143
-4.6981
-4.7679
-4.8847
-4.8203
-4.6455
-4.5586
-4.6357
-4.7637
-4.6261
-4.6476
-4.6226
-4.5654
-4.7717
-4.5416
-4.5046
-4.3734
-4.4818
-4.0967
-3.7573
-4.1291
-4.1070
-4.1215
-3.9576
-4.1512
-4.0736
-4.1403
-4.0903
-3.7855
-3.9230
-3.8752
-3.9100
-3.8196
-3.4976
-3.0919
-2.6263
-2.8986
-2.8305
-2.5019
-2.5978
-1.6325
-2.1852
-1.5935
-1.4460
-0.9000
-0.8406
-0.2604
-0.5628
0.2118
-0.2393
0.2827
0.1403
1.1203
0.8286
1.3589
1.6240
1.7622
2.2148
2.1726
1.9003
1.3572
2.1875
2.4000
3.0469
3.9592
3.9352
3.0645
3.0959
4.7069
4.4559
4.6107
5.1796
4.1363
4.5255
4.5379
4.2927
4.6762
5.2207
5.1090
6.3093
5.3201
4.7964
5.1991
5.7844
6.2526
5.4950
5.5351
6.4960
6.4767
6.6087
6.3068
6.1333
5.9387
6.0538
6.1660
6.5775
6.9885
6.6662
6.6330
6.1453
6.3050
6.2484
5.7047
5.3828
5.1680
4.8584
3.7425
3.5787
3.2835
3.3637
3.7234
3.1049
3.1518
2.5032
2.4878
2.0758
1.8820
1.9979
1.7305
1.3635
1.3832
0.9626
1.0580
0.6624
0.5594
0.2979
0.0857
0.3258
0.8800
0.0702
0.6559
0.1881
0.0553
0.2521
0.4211
-0.3288
-0.2481
0.1755
-0.4507
0.0012
-0.6523
0.0490
-0.1824
-0.0610
-0.3158
-0.1432
-0.3650
-0.5777
-0.3432
0.0350
0.1862
-0.2733
0.0398
-0.4116
-0.4704
-0.7512
-0.7672
-0.8363
-0.2194
-0.8450
-1.1213
-1.1017
-0.4463
-0.6212
-0.4506
-0.7672
-0.2364
-0.4212
-0.1640
-0.4301
-0.7691
-0.7357
-1.1667
-0.9593
-0.8532
-1.1020
-0.4181
-0.3586
-0.3724
-0.1722
-0.2158
-0.1422
-0.4083
-0.6928
-0.3111
-0.0152
-0.2107
-0.1281
0.1592
-0.3713
-0.0202
-0.1182
-0.3997
-0.1842
-0.5209
-0.5732
-0.4481
-0.6414
-0.7086
-0.7647
-0.7074
-0.3926
-0.4655
-0.7157
-0.3996
-0.4320
0.1142
-0.3544
-0.4062
-0.6769
-0.5993
-0.5403
-0.3221
-0.8708
-0.6067
-0.5851
-0.3425
0.0430
0.3395
-0.1793
0.2614
0.1550
-0.1575
0.0247
0.3607
0.7571
0.8033
0.5438
1.0330
0.6681
0.6884
0.9453
0.4949
0.6957
0.1501
0.4278
0.3553
0.5557
0.7091
0.4567
0.6662
0.4206
0.7417
1.0481
0.9001
0.6761
0.9718
1.1882
1.6087
1.7372
1.1156
1.1447
1.5631
1.0762
1.0631
1.1778
1.1853
1.3331
1.2654
1.2978
0.8033
0.5798
0.5314
0.2682
0.4378
0.3236
0.4740
0.5220
0.5763
0.7346
0.7242
0.5060
0.5296
0.4739
0.6687
0.4065
0.5991
0.6556
0.9311
0.7565
0.9457
0.9649
0.6411
0.6708
0.8365
1.0698
1.1264
1.7832
2.0184
1.7230
1.6024
2.2023
1.6950
1.4832
1.4521
1.5135
1.1593
0.9058
1.3680
0.8998
0.2995
0.0520
-0.1434
0.1099
0.3721
0.1311
-0.2288
-0.0959
-0.5957
-0.1266
-0.5257
-0.1938
-0.9361
-0.9593
-1.4300
-1.5451
-1.7651
-1.9945
-2.0088
-2.0143
-2.0060
-1.8791
-1.8798
-1.8457
-1.8343
-1.9190
-1.9747
-1.8345
-1.8585
-1.8864
-2.0317
-1.9082
-2.2375
-2.4993
-2.7332
-2.7404
-2.9093
-2.8938
-2.7973
-2.5213
-2.6792
-2.7489
-2.6554
-2.9171
-3.0676
-3.0427
-2.8033
-2.9066
-3.3276
-3.4475
-3.3554
-3.5258
-3.3761
-3.4594
-2.8367
-3.2405
-3.1215
-2.9691
-3.0710
-2.9969
-2.6874
-2.3776
-2.8402
-2.7922
-2.8555
-2.7586
-2.4204
-2.1031
-2.1216
-2.0587
-2.2846
-2.2868
-1.7414
-2.1370
-2.2062
-2.0723
-2.1643
-1.7655
-1.6910
-1.7765
-1.6877
-1.5756
-1.7045
-1.6870
-1.9549
-1.9148
-1.8601
-1.6227
-2.1122
-1.9649
-1.9930
-1.9246
-2.0122
-1.7603
-1.5757
-1.4826
-1.2999
-0.9829
-1.0676
-1.1627
-1.3424
-1.2874
-1.2308
-0.9066
-1.0017
-0.8342
-0.7989
-0.4985
-0.7506
-0.7475
-0.8220
-0.8532
-0.9094
-0.8410
-0.9296
-0.8598
-0.9984
-0.9000
-1.0292
-1.0572
-1.2413
-1.3835
-1.4947
-1.6231
-1.7007
-1.7740
-1.8162
-1.6822
-1.9057
-1.9525
-1.8587
-1.9109
-1.8501
-1.9447
-1.9188
-1.9508
-1.9532
-2.0664
-2.1400
-2.2675
-2.3103
-2.3809
-2.3674
-2.4133
-2.3535
-2.3040
-2.2733
-2.3055
-2.3081
-2.4312
-2.3558
-2.5558
-2.5245
-2.6448
-2.3760
-2.5456
-2.4868
-2.4207
-2.3992
-2.3479
-2.1465
-1.9314
-1.8257
-1.5618
-1.7257
-1.3875
-1.3313
-1.3213
-1.2615
-1.1641
-1.1055
-0.9201
-0.5516
-0.8721
-0.3354
-0.6053
-0.7391
-0.7830
-0.7319
-0.9579
-1.0422
-1.2692
-0.4642
-0.4687
-0.2645
-0.4600
-0.0594
0.0583
-0.2492
0.4666
-0.0328
-0.1531
0.0498
-0.5142
-0.2018
-0.4457
-0.6792
-0.1283
0.0017
0.4166
-0.1210
0.1193
0.4430
0.8152
0.4432
0.5199
0.6975
0.5063
0.8785
0.8161
0.7962
1.0374
0.6640
0.5090
0.8751
1.1306
1.1499
1.8575
1.3228
1.7852
1.3952
1.4376
1.3282
1.0571
1.0898
1.2471
1.1727
1.2985
1.8075
1.6939
1.7984
1.8230
1.9950
2.4070
2.0922
2.0226
2.4493
2.2767
2.1878
2.4393
2.0869
1.8269
2.3122
1.1023
1.3799
0.8185
0.5680
0.6619
1.6087
1.3684
0.9335
1.2389
1.3844
0.7699
0.9891
0.5102
0.4880
0.6435
0.6481
1.1039
0.7241
0.5100
0.2309
0.0345
-0.2183
-0.2249
0.0833
-0.2997
0.5596
0.0731
0.2532
-0.1643
-0.1343
-0.1589
-0.3030
-0.0698
-0.3908
-0.1219
0.0185
0.3720
0.0036
0.3974
0.2470
-0.0553
0.2231
-0.0303
0.0371
-0.0306
0.1277
-0.1585
0.1799
-0.1496
0.4981
0.3687
0.6241
0.2923
0.2846
0.1718
0.6228
0.8909
1.1279
1.5284
1.0259
1.0601
1.1081
1.2270
1.3475
1.5921
1.9375
2.1732
2.2157
1.9518
2.1372
1.9395
1.9789
1.7098
1.9253
1.5647
1.7278
1.8475
1.9039
2.0167
2.2498
2.7335
2.6809
1.5740
2.4557
1.7164
2.0885
1.9588
1.6105
1.9648
1.9848
1.7840
2.1575
1.5449
1.5033
1.4532
1.7978
1.7803
1.5342
1.2320
1.1526
1.3198
1.4583
1.8868
1.8974
1.4566
1.7273
1.8310
1.7611
2.1658
2.2033
2.3826
1.8453
1.5941
1.5106
1.4424
1.9460
2.1008
2.2715
1.8731
1.9665
2.5100
2.3767
2.9010
2.5701
2.0167
1.7955
1.7762
1.9302
1.7364
1.9045
2.2947
2.3475
1.8381
2.4415
2.2159
1.4261
1.2470
0.9664
1.5021
1.1113
1.6078
1.4111
1.1768
1.1736
1.1314
1.3677
1.7400
1.3773
1.0172
1.1401
1.0172
1.2718
0.4839
0.4766
0.5133
0.5180
0.8835
0.0193
-0.0121
-0.0913
0.3124
0.2693
0.0440
-0.0037
-0.4746
-0.4190
-0.2700
-0.8887
-0.4955
-0.6964
-0.4041
-1.0422
-0.8239
-0.5330
-1.2180
-1.2134
-1.1846
-0.7913
-0.8683
-0.6761
-0.7256
-0.5285
-0.9430
-0.5766
-1.0673
-1.5899
-1.7998
-1.9973
-1.6260
-1.3206
-1.7367
-0.8793
-1.2995
-1.3636
-1.0557
-1.3827
-1.2674
-0.9378
-1.6486
-1.5736
-1.7835
-1.7583
-1.5278
-1.3808
-1.7688
-1.7744
-1.7542
-1.4993
-1.6397
-1.4307
-1.5607
-1.7541
-1.7477
-1.6323
-1.2891
-1.3465
-1.5286
-1.5773
-1.5143
-1.4401
-1.2253
-1.2097
-1.4228
-1.4820
-1.3222
-1.5424
-1.1190
-0.9699
-0.6236
-0.7631
-0.4067
-0.5937
-0.2458
-0.4139
-0.2942
-0.1669
0.1720
0.2296
0.1855
0.0262
0.6745
0.0619
0.5555
0.0762
0.1698
0.2215
0.3570
0.2135
0.2024
0.0244
0.2067
0.0228
-0.0512
0.1308
0.2343
0.2199
0.2045
0.0258
-0.0822
-0.4344
-0.2604
-0.4666
-0.4138
0.1511
-0.2056
-0.1005
-0.0673
-0.3238
-0.3760
-0.3067
-0.1975
0.0020
-0.0117
0.1881
0.0693
0.1849
0.0670
0.2571
0.3143
-0.0395
0.2206
0.2498
0.1276
0.0542
0.1537
0.1464
-0.1671
0.0887
0.2366
0.2062
-0.0917
-0.4248
-0.4628
-0.2681
-0.4111
-0.3928
-0.1313
-0.3390
-0.3457
-0.3727
-0.4792
-0.5817
-0.7157
-0.8445
-0.7380
-1.0575
-1.0427
-1.1489
-1.1232
-1.1966
-1.2173
-1.2319
-1.2693
-1.3967
-1.4856
-1.6332
-1.4574
-1.6736
-1.6395
-1.6496
-1.3509
-1.5726
-1.5224
-1.5585
-1.5499
-1.5132
-1.4789
-1.4821
-1.4634
-1.5233
-1.4448
-1.5115
-1.3186
-1.1994
-1.2355
-1.3158
-1.2238
-1.2248
-1.1601
-1.1391
-0.8422
-1.0451
-0.9707
-0.9866
-0.9725
-0.8758
-0.8770
-0.4580
-0.7916
-0.6067
-0.4380
-0.6323
-0.5642
-0.3693
-0.5952
-0.4679
-0.4941
-0.3339
-0.1408
-0.0822
-0.2294
-0.1678
-0.1454
-0.1404
-0.1847
0.0490
-0.0980
-0.0349
0.0136
0.3774
0.2053
0.4026
0.4783
0.2317
0.2498
-0.0522
0.0371
0.3903
0.1498
-0.3661
-0.2804
-0.0803
-0.4390
-0.4019
-0.3705
0.0680
-0.2943
0.1136
-0.2265
-0.1323
0.0306
0.4614
0.1337
-0.1653
-0.1539
0.1479
0.0096
0.4102
0.1159
0.3329
0.6971
-0.1226
-0.2333
0.2822
0.2952
0.8288
0.1018
0.2496
-0.5790
-0.7946
-0.9031
-0.6825
-1.4082
-0.9669
-1.5540
-1.2132
-1.0129
-1.0511
-1.2614
-1.2810
-1.3148
-1.6033
-1.5302
-1.7617
-1.5397
-1.8109
-1.4210
-1.6489
-1.3580
-1.4070
-1.2726
-0.9351
-1.0320
-1.0194
-0.9383
-0.3527
-0.7176
-0.3212
-0.4363
-0.1584
0.2144
-0.0323
-0.2875
-0.0837
-0.1188
0.1100
0.3316
0.3230
0.2715
0.5737
0.4430
0.4563
0.2191
0.2181
0.6419
0.3745
0.6644
0.7127
0.6353
1.3181
0.8201
1.0701
1.2261
1.2963
1.3444
1.5885
1.3131
1.3709
1.1294
1.3871
1.9225
1.4911
0.9650
1.9127
1.5566
1.0912
0.9014
0.8959
0.6449
0.1847
-0.1140
-0.2874
-0.1243
0.1738
-0.5711
0.4374
-0.1020
-0.1065
-0.3132
0.0777
-0.7066
-0.2304
0.1207
-0.1653
-0.2362
-0.2882
-0.3186
-0.5201
-0.1764
0.0819
-0.1496
0.2104
-0.3760
0.7640
0.0048
0.0800
0.2906
0.5315
0.2751
0.3947
0.7970
0.4466
0.9366
0.9798
0.8641
1.3060
0.7303
0.6944
1.0319
0.9367
0.5111
0.7156
0.6801
0.8089
0.3637
0.3659
0.6468
1.0552
1.2193
1.5161
1.7390
1.3928
1.4222
1.8796
2.0381
1.8166
2.2044
1.9726
1.5488
1.8907
1.9994
1.3621
1.2926
1.3570
1.7235
1.2037
1.9088
1.5072
1.1776
1.1162
1.0245
1.0666
0.7667
0.1875
-0.3598
0.1564
-0.2892
-0.1823
-0.2796
-0.4770
0.1869
-0.4786
-0.5248
-0.3902
-0.8429
-0.3080
-0.3519
-0.1252
0.1488
0.0117
-0.1632
-0.6116
-0.2191
-0.5723
-0.3599
0.1586
-1.0584
-0.6804
-0.6953
-1.1208
-1.1797
-0.7455
-1.1397
-1.5267
-1.5804
-1.1921
-1.2143
-1.3909
-1.4580
-1.9400
-2.0952
-2.2436
-2.3615
-2.3174
-2.4460
-2.1629
-2.2446
-2.2976
-2.0711
-1.9111
-2.1189
-1.1048
-1.9800
-1.8605
-1.3856
-1.9909
-1.2621
-1.9433
-1.9184
-1.8180
-1.2481
-1.5022
-1.5318
-0.9999
-1.3848
-1.1198
-0.5907
