1.4606
1.2397
0.8708
1.0002
0.8064
0.6228
0.8791
0.5224
0.7141
0.2159
-0.0816
0.1819
-0.2875
-0.0943
0.6319
0.1111
0.2873
0.2240
0.4342
-0.3735
-0.1868
-0.4599
-0.8460
-0.5760
-0.4658
-0.1275
-0.3241
-0.2887
-0.1661
-0.4123
-0.4716
-1.1003
-1.0138
-1.0114
-0.4662
-0.7609
-0.7296
-0.6079
-0.6689
-0.1272
-0.5509
-0.8144
-0.5996
-0.9708
-0.8507
-0.4167
-0.4134
-0.2710
-0.4255
-0.4483
-0.5790
-0.2454
-0.3035
-0.4427
0.0921
-0.4922
-0.6923
-0.6691
-0.6711
-0.5162
-0.4460
-0.0341
0.0950
0.1288
0.5912
0.2188
0.9274
0.1897
0.2451
0.3446
0.4158
0.0273
0.1445
0.1429
-0.0254
-0.0906
-0.0793
0.4219
-0.0020
0.3894
0.2970
0.4720
0.3116
0.5812
0.8127
1.0721
1.4812
1.6648
2.2350
2.3427
2.6911
3.1993
3.0319
3.1740
3.2670
3.4637
3.3637
3.5129
3.6080
3.7037
3.8065
3.8942
4.1311
4.3313
4.3383
4.4996
4.5323
4.5107
4.6530
4.5907
4.8401
5.2282
5.1507
4.4920
4.3148
4.2875
4.2502
3.9607
3.6176
3.4446
3.0277
2.5997
2.0326
1.8673
1.1398
1.2896
0.4980
0.4307
0.3530
0.1888
0.5320
0.2000
0.1869
-0.1724
-0.5674
-1.1255
-1.4761
-1.7643
-1.6645
-2.1037
-1.7226
-2.1988
-2.0884
-2.7699
-2.9499
-3.5215
-3.6571
-3.7957
-3.1229
-3.7842
-3.9243
-4.0298
-4.1261
-4.1190
-4.1542
-4.0242
-3.8571
-3.9181
-4.2822
-3.8129
-3.9472
-4.1218
-3.9218
-3.9796
-3.8916
-3.8184
-3.7035
-3.9704
-4.2839
-4.2336
-4.2201
-4.1258
-4.1126
-4.0518
-3.9829
-3.8755
-3.2879
-3.7699
-3.7592
-3.9692
-3.9042
-3.9023
-3.6278
-3.5604
-3.5326
-3.3969
-3.1585
-3.1317
-2.8601
-2.5986
-2.3328
-2.1223
-2.2405
-2.2753
-1.9605
-1.7126
-1.9253
-1.6989
-1.9662
-1.9518
-1.7842
-1.9360
-1.4389
-1.9229
-1.9128
-2.2425
-2.1570
-1.9006
-2.3013
-2.2328
-1.7950
-2.4256
-2.3588
-1.9816
-2.0296
-2.0342
-2.0692
-1.8893
-2.1435
-2.0798
-2.0130
-2.0192
-1.9394
-1.7534
-1.5858
-1.8271
-1.7824
-1.5601
-1.6786
-1.8163
-1.9822
-1.5760
-2.0414
-1.9096
-2.0396
-1.8815
-2.1111
-2.0574
-2.1479
-2.0634
-1.7783
-1.7857
-1.3727
-1.4345
-1.3323
-1.4576
-1.6818
-1.5852
-1.5092
-1.1452
-1.4845
-1.4340
-1.6457
-1.7279
-1.8597
-1.6701
-2.1420
-2.1716
-2.1522
-1.9257
-1.7444
-1.5587
-1.4799
-1.3994
-1.2566
-1.0515
-0.8667
-0.4891
-0.2339
-0.2535
0.0042
0.2623
0.4841
0.7282
1.0331
1.1225
1.2963
1.8807
2.0308
2.2471
2.4549
2.6415
2.6385
2.8314
2.9437
2.7669
3.0368
2.7112
3.2630
2.6160
2.8097
2.7089
3.4156
3.3316
3.0288
2.7095
2.7876
2.5052
2.3103
1.9544
1.8669
1.5795
1.4221
1.2031
1.2361
1.2865
1.0674
1.1332
1.3044
0.6402
0.3218
0.5980
0.3229
0.2325
-0.1376
0.5053
-0.1768
-0.2421
-0.1478
0.6656
0.2160
0.0184
0.1964
0.5270
0.1791
0.3440
0.1026
0.4899
0.0994
0.7986
0.3028
0.7838
1.1344
0.5308
0.7701
1.6111
1.3053
1.1446
0.7671
1.5579
1.3109
1.0488
1.3419
1.6016
1.6046
1.9176
1.6404
1.7989
2.2044
1.8850
1.6680
2.3852
1.8031
2.1987
2.4042
2.5822
3.5107
3.5006
3.4021
3.4530
3.8468
3.0239
3.0498
3.4105
3.5708
3.7465
4.0957
4.7337
4.3335
5.6921
5.4395
6.4217
5.6072
5.8252
5.4793
5.5351
5.6656
5.8571
5.3849
6.0041
5.7961
6.4995
7.0439
6.2048
5.2805
4.6281
3.9714
3.4087
3.1446
2.8768
2.4251
2.0467
2.0937
1.9623
2.2873
2.1025
2.2030
1.3328
1.7041
1.4129
1.6788
2.2111
2.2110
1.8711
1.8170
1.3217
1.4263
0.7189
0.4894
0.6194
0.3786
0.2968
0.7142
0.4800
0.1332
0.0668
0.2746
-0.1669
0.4733
-0.1174
0.2064
0.1561
-0.1470
0.0178
-0.0810
0.0288
0.9405
0.1195
-0.0089
0.1985
0.0562
0.2445
-0.3086
-0.0637
-0.1282
-0.5499
-0.5863
-1.4649
-1.4478
-0.8560
-1.6364
-1.3982
-1.0285
-1.0920
-0.6719
-1.1210
-1.1998
-0.9360
-1.3183
-1.6090
-1.5454
-1.6065
-2.1182
-1.9860
-2.2343
-2.0206
-2.0198
-2.3006
-2.3467
-2.5764
-2.4375
-2.5890
-2.9858
-2.2995
-1.9855
-2.3819
-2.0228
-2.0403
-2.4966
-1.6530
-2.5964
-2.0503
-2.3542
-2.1437
-2.3722
-2.7206
-2.6542
-2.1371
-1.9718
-1.7471
-0.7663
-1.8675
-1.4862
-2.1653
-2.2280
-2.4136
-2.2619
-2.2054
-2.6612
-2.8621
-3.0372
-3.0651
-2.8671
-2.4901
-2.8131
-2.8787
-2.5842
-2.0723
-2.0503
-2.1961
-2.6366
-2.0714
-2.6412
-2.6334
-2.5543
-2.3500
-2.4897
-2.7053
-2.1252
-2.5870
-2.9205
-3.1249
-3.1891
-3.1378
-3.0129
-2.5166
-2.7414
-3.0296
-3.3509
-3.0222
-3.1799
-2.9769
-3.0329
-2.7709
-2.7623
-2.3085
-2.7478
-2.6568
-2.6708
-2.4024
-2.0404
-2.7726
-2.6518
-3.0194
-2.7377
-2.8300
-2.9558
-2.6366
-2.8444
-2.5551
-2.4811
-2.5054
-2.7228
-2.4616
-2.6261
-2.5914
-2.5373
-2.3647
-2.6483
-2.5287
-2.6436
-2.0579
-2.4190
-2.2523
-2.3364
-2.2038
-1.9656
-1.9341
-1.9488
-1.7943
-1.8304
-1.4426
-1.4842
-1.4977
-1.5496
-1.7679
-1.7391
-1.7353
-1.5868
-1.3233
-1.3641
-0.9727
-0.9575
-0.7346
-0.4964
-0.2262
-0.0497
0.5509
0.2383
0.3227
0.6934
0.5418
0.7205
0.8478
1.0320
1.2442
1.3923
1.4221
1.4234
1.3684
1.4459
1.7131
1.4950
1.4250
1.2857
1.4331
1.3964
1.1817
1.2125
1.3719
1.4837
1.7636
1.5416
1.6852
1.4890
1.4871
1.5128
1.4238
1.3798
1.2790
1.1796
1.2216
0.9889
0.9232
0.6167
0.9651
0.2938
0.1360
-0.2440
-0.4675
-0.7225
-0.7937
-0.7332
-1.0160
-0.8941
-1.0643
-1.3427
-1.5277
-1.6447
-1.5579
-1.7455
-2.2003
-2.4639
-2.7027
-2.8460
-2.9191
-2.6510
-2.9860
-3.0806
-3.2163
-3.5871
-3.6957
-3.7492
-3.5710
-3.8276
-3.3881
-3.7948
-3.6793
-3.9985
-3.9208
-3.9939
-3.6231
-3.8977
-3.6493
-3.8801
-3.9424
-3.7306
-3.6123
-3.6237
-3.6646
-3.4928
-3.3275
-3.1550
-2.6325
-3.0232
-3.0076
-2.4801
-2.7648
-2.3391
-1.9813
-1.9286
-1.3571
-1.5531
-1.5780
-1.2308
-1.4643
-0.8826
-0.5602
-0.1842
0.7002
0.8893
1.2815
1.2147
1.2538
1.7370
2.4626
2.3130
3.1011
3.4890
3.6493
4.0582
4.4115
3.7551
4.2104
4.5976
4.9842
5.0730
5.4039
5.7112
5.9142
5.8751
6.5818
7.0960
6.6558
7.3409
7.3591
7.6589
7.7165
7.8596
8.3495
8.2866
8.7897
8.5431
8.3962
8.1313
8.1310
8.6738
9.0453
8.8962
8.5872
8.2255
8.6515
8.9042
9.4127
8.9980
9.3237
9.4841
8.5800
8.9117
8.9938
9.3218
8.9390
8.4067
8.7384
7.8518
8.1800
7.9298
7.4524
7.9668
7.5429
7.5100
6.9404
7.4247
7.1520
7.4637
7.5945
7.2562
6.8157
6.4446
6.1728
6.0476
6.5353
5.9703
6.5220
6.7103
7.0342
7.0421
6.7978
7.2698
7.3504
7.1778
7.0633
7.8662
6.6620
7.0410
6.7957
7.2997
6.8991
6.7658
6.2153
6.0576
5.8893
6.3410
5.3884
5.4931
5.2836
5.2905
4.9232
5.5053
5.4839
4.3283
4.6218
4.5206
4.5910
4.3466
4.6048
3.9536
4.0247
3.8221
3.4693
3.2509
2.8374
2.8962
2.0589
1.5495
1.7433
0.7813
1.2966
1.3260
0.8793
0.3475
0.0375
0.2272
0.1364
-0.1859
-0.9179
-1.2177
-1.0217
-1.5015
-1.3807
-1.4505
-1.4759
-1.5971
-1.9109
-2.0830
-2.2135
-2.3891
-2.8995
-2.6532
-3.2939
-3.1191
-3.3233
-2.8525
-2.8190
-2.8615
-2.4284
-2.6327
-3.0047
-3.2477
-2.7726
-2.3271
-1.9267
-2.4041
-2.6106
-2.6615
-2.7658
-2.7988
-2.5383
-2.8641
-2.5961
-2.7597
-2.6336
-2.6915
-3.2756
-3.0657
-3.4006
-3.1096
-3.2445
-3.0046
-3.0058
-2.5369
-2.3995
-2.3616
-2.8363
-2.5433
-2.1928
-2.3955
-2.7050
-2.2623
-2.4608
-1.8578
-2.2487
-2.3121
-2.1194
-2.0976
-2.4533
-2.3063
-2.2566
-2.2364
-2.0384
-1.6369
-2.0484
-2.3848
-2.2803
-1.9764
-2.3974
-2.1694
-2.4712
-2.0967
-2.0349
-1.8461
-1.9657
-2.1558
-2.2078
-1.4090
-1.7928
-1.5894
-1.7538
-1.2809
-1.9022
-1.6961
-1.8240
-1.5401
-1.7494
-1.6343
-1.1613
-1.3165
-1.2834
-1.1002
-1.2933
-1.1572
-1.5793
-1.6511
-1.6847
-1.7684
-1.6825
-1.9434
-1.9966
-1.5782
-1.7818
-1.9851
-2.0670
-2.1115
-2.0343
-2.2087
-2.0200
-2.2448
-2.2474
-1.8620
-2.2668
-2.2129
-2.0824
-2.0528
-1.7252
-1.9755
-2.0628
-1.9135
-1.6305
-1.9899
-2.1694
-2.0333
-2.2401
-1.8492
-1.9976
-1.7522
-1.8763
-1.6721
-1.7299
-1.9023
-1.9473
-1.6822
-1.5401
-1.7257
-1.8613
-2.3611
-2.4984
-2.5353
-2.2087
-2.3346
-2.5069
-2.0775
-2.5255
-2.1538
-2.3345
-1.9587
-2.1241
-2.0355
-2.1211
-1.7731
-1.8084
-1.8120
-1.4851
-1.1441
-1.1946
-0.8927
-1.1516
-1.3351
-1.3143
-1.0434
-0.6981
-0.3005
-0.6036
-0.5962
-0.8153
-0.6259
-0.4816
-0.5203
-0.2590
-0.0625
-0.3176
0.1413
-0.0433
-0.0082
0.0918
0.0652
0.2286
0.2237
0.1836
0.3302
0.1064
0.2880
0.1604
0.1647
0.3571
0.1154
0.2752
0.0668
-0.2065
-0.5544
-0.6835
-0.5615
-0.9093
-0.6981
-1.1157
-1.0629
-1.4070
-1.1384
-1.4402
-1.9733
-1.8412
-1.8991
-1.4608
-1.8887
-1.6564
-1.6460
-1.9555
-1.3253
-1.6250
-1.4838
-1.9172
-1.8293
-1.9846
-1.9545
-1.9520
-2.0330
-2.4221
-1.5796
-2.2282
-1.6695
-1.9684
-2.1350
-2.0265
-2.6852
-2.4075
-2.5818
-2.1672
-1.7930
-1.4950
-1.1453
-1.6675
-1.6185
-1.7649
-1.8365
-2.1261
-2.1623
-1.7954
-2.0725
-1.8022
-1.9494
-1.6881
-1.4021
-1.5956
-1.0978
-1.0006
-0.8743
-1.1276
-0.7943
-0.9071
-0.9634
-0.7514
-0.2724
-0.1555
-0.4698
-0.4409
-0.2771
-0.4931
-0.2000
-0.3718
-0.0330
-0.3624
-0.4661
-0.5999
-0.5050
-0.2313
-0.2059
-0.3254
-0.4192
-0.5167
-0.5878
-0.7397
-0.4169
-0.6826
-0.4081
-0.5461
-0.6833
-0.5876
-0.5236
-0.3799
0.1260
-0.1276
-0.2194
-0.1766
-0.2912
0.0685
0.1031
0.8434
0.3307
0.4574
0.3813
0.6894
0.5384
0.9105
0.7989
1.0104
0.8361
0.4915
0.4109
0.2157
0.6189
0.8880
0.9663
1.0380
1.0993
1.1117
1.1846
0.7017
0.7504
0.3172
0.3162
0.1056
0.3656
0.4753
0.4458
0.3919
0.3841
0.5313
0.5589
0.5107
0.1603
0.0470
0.3209
0.1803
0.4291
0.4806
0.9023
0.4367
0.5013
0.0438
0.0207
-0.2585
0.2724
-0.0773
-0.1820
-0.1369
-0.3419
-0.2550
-0.5152
-0.5519
-0.4308
-0.4151
-0.3370
-0.2670
-0.5260
-0.4213
-0.7264
-0.8045
-0.7576
-1.0213
-1.1761
-0.8066
-1.2402
-1.2374
-1.2790
-1.7952
-1.5671
-2.0106
-2.0603
-1.9440
-1.9383
-2.0282
-2.0344
-1.2937
-1.3058
-1.0328
-1.7343
-1.6181
-1.3170
-1.7435
-1.5740
-1.7750
-1.3317
-1.5155
-1.3503
-1.1234
-1.0369
-0.9710
-0.3805
-0.3386
-0.7813
-0.7759
-0.4682
-0.4892
-0.5842
-0.0249
-0.3726
-0.2478
0.2557
0.4791
1.1890
0.5293
1.0757
0.7794
0.8034
0.7424
0.7222
0.4314
0.3249
0.5244
0.7552
0.6095
0.8768
0.7972
0.8916
1.4023
1.5778
1.7745
2.0122
1.9040
1.6234
1.2695
1.5160
1.7485
1.7827
1.4023
1.4857
1.4460
1.7023
1.7921
1.4125
1.5043
1.3387
1.3988
1.5022
1.3251
1.3567
1.1452
0.9095
0.8854
0.3901
0.1710
0.0076
0.0100
-0.2570
-0.3129
-0.2762
-0.5099
-0.7525
-0.8606
-0.8670
-1.0957
-1.1790
-1.2778
-0.9871
-1.3139
-1.4142
-1.4013
-1.5623
-1.3220
-1.6781
-1.6722
-1.8790
-1.7920
-1.8126
-1.8071
-1.6504
-1.7363
-1.2955
-0.6909
-1.2947
-0.6121
-0.5035
-0.2356
0.5503
-0.0220
0.3166
0.4712
0.0230
0.0564
0.1707
0.2977
0.0981
0.2661
0.2370
0.2638
0.9466
0.6431
0.8909
0.9470
0.9566
0.9261
1.3815
1.1906
1.6779
1.7442
1.8768
1.3981
1.2721
1.2678
0.6833
0.7315
0.6373
0.9554
0.9135
0.6511
0.8467
0.5773
0.6299
0.8570
1.1567
1.3097
0.9056
1.0958
0.7686
0.8944
1.1275
0.9988
1.1461
1.2889
1.1620
1.2778
0.7231
0.7288
0.7535
1.2551
0.8057
0.7343
0.2668
0.2314
0.1194
0.0080
0.2685
0.5595
0.4933
0.3375
0.0372
-0.2447
-0.2892
-0.4559
-0.4121
-0.1594
-0.2940
0.0481
0.0760
0.0473
0.3566
0.5823
0.6621
0.7079
1.2080
0.9234
0.8481
1.6444
1.2283
1.2925
1.5991
2.2531
2.3709
2.5260
2.6135
2.4357
2.2810
2.5557
2.6239
3.0800
3.5497
3.9600
3.9410
4.1256
4.6008
4.6300
4.9011
4.3938
4.6362
4.8117
5.3797
5.4145
5.3935
5.5547
5.3583
5.1420
4.7836
4.6317
4.7740
4.4135
4.2164
3.9530
3.7187
3.6233
3.1704
2.9423
2.8828
2.7745
2.2484
2.1610
1.7554
1.3789
1.3266
1.6994
1.4024
1.7612
1.1576
0.6707
0.7514
0.4370
0.5760
0.6477
0.2255
0.9234
-0.0641
0.0888
-0.3222
-0.4828
-0.0750
-0.4821
-0.0389
0.3799
-0.2274
-0.1597
-0.4532
-0.8439
-0.3823
-1.0413
-0.7125
-1.2529
-0.8227
-1.5811
-1.5707
-1.1392
-0.9958
-1.2498
-1.0425
-1.2467
-1.1964
-0.7192
-1.2153
-0.8503
-2.0270
-1.5851
-1.6604
-1.4307
-1.3305
-1.3949
-1.8529
-1.3973
-1.4432
-1.0478
-1.0118
-1.1291
-1.2840
-1.8969
-1.6957
-1.5346
-1.5481
-1.5430
-1.8297
-1.0832
-1.1808
-1.0429
-0.7908
-0.8709
-0.9780
-0.7956
-0.8117
-1.3651
-1.0561
-1.8410
-1.3986
-0.6179
-0.8216
-0.5781
-0.6893
-0.4393
-0.0512
-0.2602
0.3091
0.3657
1.0787
0.5131
0.5931
0.5218
1.0184
0.9917
1.2158
1.3176
0.6057
0.8440
1.7191
1.9997
1.8945
1.7947
1.4869
1.6273
1.6051
2.5772
2.5630
3.3322
3.0348
2.6826
2.9530
2.9368
3.2854
3.1867
4.8131
4.0646
3.4590
3.6591
3.6208
3.1057
3.7780
3.2777
2.8324
3.0965
2.5254
2.7756
1.5798
1.6755
1.3295
1.3533
0.9646
1.1717
1.4784
1.0968
0.4544
0.9693
0.3174
0.2222
0.1345
-0.3097
-0.3159
-0.8219
-1.3303
-1.5087
-1.7546
-1.1189
-1.7149
-1.7853
-1.7958
-1.3805
-1.9201
-1.2922
-1.6257
-1.6497
-1.7753
-1.7885
-1.8433
-1.5762
-1.3991
-1.6200
-1.1790
-1.1793
-1.1602
-1.0278
-1.6080
-1.4009
-1.6182
-1.2252
-1.5048
-1.6046
-1.4130
-0.9360
-1.0324
-0.7880
-0.5028
-0.5571
-0.6945
-0.5246
-0.4299
-0.3036
0.0860
-0.1532
0.0613
0.2110
0.1895
0.3489
0.1477
0.2535
0.3243
0.5081
0.4892
0.6495
0.4893
0.2865
0.1412
0.1620
-0.1923
-0.0765
-0.0117
-0.3874
-0.5032
-0.2228
-0.5895
-0.8458
-0.5717
-0.7530
-0.9149
-0.5766
-0.8405
-0.7554
-0.8414
-0.8028
-1.0522
-1.0461
-0.7721
-0.5415
-0.7326
-0.7674
-0.6635
-0.7372
-0.4571
-0.2011
-0.1450
-0.1967
-0.5495
-0.5527
-0.8320
-0.9455
-0.8942
-0.8996
-1.1215
-1.1000
-1.1377
-1.0900
-1.1250
-0.8539
-1.3087
-1.4486
-1.7947
-1.6943
-1.8569
-1.7897
-2.0982
-2.1756
-2.4533
-2.4480
-2.8488
-2.8113
-2.9109
-2.8262
-2.8271
-2.6780
-2.4850
-2.1324
-2.5090
-2.3178
-2.7209
-2.8866
-2.5069
-2.9313
-2.7215
-2.4737
-2.6557
-2.4447
-2.5955
-2.5986
-2.4730
-2.5217
-2.4172
-2.5211
-2.3758
-2.2495
-2.1499
-2.3684
-1.9413
-1.9714
-2.4279
-2.4054
-2.3026
-1.7858
-1.9744
-1.4841
-1.4780
-1.1326
-0.9296
-1.4611
-1.1651
-1.2054
-1.2981
-0.6533
-0.8785
-0.6657
-0.0474
0.2179
0.3175
0.7787
0.5133
0.5783
0.9264
0.9764
1.2257
1.0801
1.5241
1.3750
1.1406
1.2369
1.3836
1.6203
0.8477
0.8708
0.8180
0.5548
0.6150
0.6265
1.2617
0.8983
0.3150
0.2494
0.1787
-0.3392
-0.1159
-0.2157
-0.4995
-0.6079
-0.4847
-0.6123
-0.5401
-0.3116
-0.7506
-0.3769
-0.5242
-0.6809
-0.2339
-0.1970
-0.9707
-1.3799
-1.2435
-1.1300
-0.7621
-1.2519
-1.5207
-1.0197
-0.5776
-1.0873
-1.7609
-1.0716
-1.6980
-1.1690
-0.9249
-1.1441
-1.0180
-0.9938
-1.1730
-1.1842
-1.3971
-1.0397
-0.8808
-0.7012
-1.1097
-1.3027
-1.0073
-1.4168
-1.4455
-1.6216
-1.3814
-1.8530
-1.6450
-1.4270
-2.0247
-1.9518
-1.7708
-1.5463
-1.5083
-1.4393
-1.1540
-0.8140
-1.6122
-1.7860
-1.9902
-1.8596
-2.0504
-1.9819
-2.0864
-2.0726
-2.2607
-2.0464
-2.2208
-2.2725
-2.2604
-2.0539
-1.9585
-1.8095
-2.1223
-1.9089
-1.4670
-1.4446
-1.0788
-1.2005
-1.0907
-0.5372
-0.6202
-0.8395
-0.7877
-0.8138
-0.3164
-0.2770
0.4576
0.3284
0.6698
0.9758
1.0272
1.2168
1.2981
1.4872
1.9174
2.3872
3.2451
3.1450
3.7026
3.6828
4.0690
4.4899
4.7021
4.7271
5.1004
4.6825
5.0934
4.8866
4.6167
4.4506
4.8056
4.7658
4.4410
4.5079
4.5255
4.5595
4.4591
4.2598
4.1924
4.4137
4.0534
3.8764
3.6768
3.7942
3.7607
3.9661
3.8464
3.4314
3.6075
3.3382
3.7469
3.3975
3.6277
3.6616
3.7011
3.2971
3.5601
3.7398
3.5607
3.7635
3.6910
3.3285
3.5082
3.3327
3.5663
3.2189
2.9523
2.7393
2.1341
1.9396
1.7361
1.4677
1.6938
1.4237
1.5174
0.8768
0.5937
0.7540
0.6459
1.4939
0.9893
0.6377
0.9064
0.6041
0.7470
0.4496
0.6978
0.6182
1.1271
0.8240
0.6603
0.8464
0.6442
1.0177
1.0929
0.6652
0.7128
0.5971
0.1892
0.4337
0.4536
1.2429
1.0215
0.8593
1.5486
0.9181
1.0564
1.3056
1.0031
1.2496
1.0450
0.9223
0.9850
0.9582
1.2457
1.5844
2.0620
1.8190
1.9017
1.7696
1.8322
2.5060
1.7508
2.2176
2.3208
2.2970
2.6924
2.4055
2.0952
2.9523
2.2017
2.7201
2.3916
2.8952
1.9798
1.7256
1.5878
1.4533
1.4691
0.8364
0.6541
1.2637
1.7451
1.7321
1.3135
1.8666
1.8518
2.1570
3.0567
2.1314
2.8126
2.9930
3.2441
4.0868
3.5288
3.6856
4.1037
3.0135
2.8600
2.5292
2.7227
2.4896
3.0272
3.0018
3.0170
3.9360
3.4213
3.5590
2.9857
3.3933
4.0440
3.8730
4.0482
4.2703
4.8007
4.3096
4.3884
3.8318
3.6763
3.2666
3.4786
2.8183
2.5246
2.3548
2.1840
2.4028
1.3866
0.8680
0.4746
0.7241
0.4556
1.0077
0.6889
0.6730
0.7374
0.4717
0.4137
0.1175
0.1944
-0.0677
-0.3153
-0.3189
-0.2177
-0.0440
0.1665
0.3559
0.0025
-0.0462
0.3382
0.1451
0.4921
0.4878
0.5706
0.4039
0.7643
0.3739
0.4864
0.1900
0.4774
0.4706
-0.0629
0.2803
0.2172
0.2591
0.0043
0.3652
1.0494
0.4607
0.7403
0.3290
0.4425
0.4476
0.6387
-0.0677
0.4603
-0.4188
-0.0100
-0.3411
-0.0421
0.3688
0.0793
0.8013
0.7030
0.3984
0.2399
0.0101
0.1849
0.5093
0.2958
0.6520
-0.1419
0.7431
0.2458
0.7487
-0.2955
0.9703
-0.1467
0.2923
0.3099
-0.4538
-0.5946
0.1919
0.1256
-0.1149
-0.0706
-0.5548
-0.9176
-0.9019
-1.3425
-0.9573
-0.7537
-1.1244
-1.4558
-1.3653
-1.4670
-1.4261
-1.1927
-1.3051
-0.8455
-0.8373
-1.1277
-0.9222
-1.0694
-0.7306
-0.8702
-0.7866
-0.7410
-0.8057
-0.7879
-0.7357
-0.4453
-0.5352
-0.8791
-1.0972
-1.0848
-1.0931
-1.2884
-1.5531
-1.3313
-1.3216
-1.2048
-1.5469
-1.9574
-2.1606
-2.1892
-2.1979
-2.4377
-2.3865
-1.9499
-2.2141
-1.9323
-1.7790
-1.7372
-2.3937
-2.4237
-2.7901
-3.0034
-2.6947
-3.0789
-3.3751
-3.2568
-3.6678
-3.8041
-4.0545
-3.9531
-3.7006
-4.1556
-3.8728
-4.1084
-4.5081
-4.8002
-4.2021
-4.7393
-4.9749
-5.0667
-5.1193
-5.2802
-5.0148
-5.2676
-5.1515
-5.1289
-5.0230
-4.9377
-4.9030
-4.9051
-4.9104
-4.9656
-4.6843
-4.9028
-4.8261
-4.6842
-4.6583
-4.5224
-4.5126
-4.3823
-4.2746
-4.2131
-4.2100
-4.2282
-4.2639
-4.0558
-4.2842
-4.2986
-4.3118
-4.4291
-4.4558
-4.5430
-4.4867
-4.4303
-4.3557
-4.3290
-4.3058
-4.2899
-4.3135
-4.3166
-4.4171
-4.4022
-4.5717
-4.4281
-4.8445
-4.9677
-5.0947
-5.1987
-5.2765
-5.3655
-5.4385
-5.5253
-5.5930
-5.6363
-5.6846
-5.7139
-5.6978
-5.7548
-5.5789
-5.8588
-5.9379
-5.9599
-6.0032
-6.0030
-5.9692
-5.9447
-5.8822
-5.8514
-5.7929
-5.7646
-5.7228
-5.6977
-5.6347
-5.5358
-5.5211
-5.5208
-5.4000
-5.6302
-5.5945
-5.5539
-5.4713
-5.4265
-5.3667
-5.1471
-5.3211
-5.2134
-5.2012
-5.1055
-5.0911
-5.0186
-4.9063
-4.7839
-4.6427
-4.4811
-4.2675
-4.1358
-3.7794
-3.6862
-3.7917
-3.6477
-3.5280
-3.1070
-3.1888
-2.9943
-2.6996
-2.5167
-2.4709
-2.3398
-1.8388
-1.9871
-1.4375
-1.4107
-1.1009
-1.1201
-0.7633
-1.0516
-0.6922
-0.3761
-0.2724
0.2187
-0.0691
0.1419
0.2493
0.7532
0.9061
1.1671
1.7309
2.2254
2.0539
2.6211
2.5179
2.9441
3.6533
4.7153
4.0106
5.2379
4.5923
5.3711
5.5747
6.2714
6.1082
6.1487
7.2936
6.8554
6.5400
7.1489
6.5416
6.3245
7.9144
6.7176
6.7426
6.3033
6.3852
6.5743
6.6723
7.0721
6.7773
7.2820
6.7288
6.6960
6.5479
6.2996
6.5255
6.0828
5.7818
5.8105
5.2327
4.4756
4.5441
3.9258
4.2159
3.8738
4.5752
3.4232
3.8343
3.6198
4.3185
4.6450
3.6025
2.2700
2.1504
1.7899
2.1331
1.7186
1.6404
2.1315
2.7706
2.4000
1.5722
0.7272
0.5030
0.1043
0.1792
-0.0474
0.3618
0.1118
0.8620
0.3942
0.4979
-0.0310
-0.2449
-0.1337
-0.1345
-0.3367
-0.0053
-0.3596
-0.3291
0.0163
-0.5494
-0.4190
-0.7168
-0.1301
-0.4937
-0.2815
-0.1725
-0.1348
0.9117
0.5674
0.5311
1.4223
0.7161
0.6235
0.4956
0.6311
0.6685
1.5931
0.6193
1.0529
0.7447
0.6321
0.8343
0.5690
0.6430
1.0563
0.9954
1.2901
1.4775
1.9063
0.8254
1.9176
1.3658
2.2187
1.7481
2.3603
2.6339
3.3538
4.0233
4.4037
4.4016
4.7285
4.7865
4.3012
4.4503
5.2754
4.0363
4.4214
5.1417
4.9820
4.6354
5.8267
5.6879
6.8851
6.7994
6.7405
7.3124
6.6776
6.4735
6.7852
6.4175
6.5196
6.6506
6.8761
6.5936
6.3264
6.7374
6.1132
5.7057
6.5159
6.5200
6.5452
6.3668
6.8451
6.6538
6.8070
6.4799
6.8348
7.1528
7.4116
7.6823
6.9420
6.9008
7.0808
7.2081
6.3298
6.3270
6.6420
6.4726
6.8995
6.4436
6.4374
6.4679
6.2334
6.1229
6.0966
5.8092
5.9451
5.8711
6.0987
6.2008
6.2935
5.8504
5.9138
5.7123
5.5880
5.6708
5.6571
5.6482
5.4837
5.2515
5.3987
4.8771
4.8397
5.1686
4.9857
4.7626
5.1599
5.1710
5.3865
5.6710
5.7583
6.1341
5.9654
5.9965
5.8414
5.9413
5.7106
6.1071
6.0753
5.8056
5.5155
5.4977
5.4986
4.9210
4.8815
4.2976
4.5623
3.4751
3.1411
2.6812
2.2895
1.7500
1.1705
1.1088
0.4629
0.5327
-0.2421
-0.2083
-0.3798
-0.5249
-0.8150
-1.0660
-1.3788
-1.1018
-1.5656
-1.3966
-1.7406
-1.6611
-1.9982
-2.0650
-1.7692
-2.1851
-2.0255
-2.1708
-1.9306
-2.0727
-2.1266
-2.2055
-2.0300
-2.2475
-1.6871
-2.0519
-1.9016
-1.8372
-1.7923
-1.6968
-1.7702
-1.6632
-1.8187
-1.7981
-1.9189
-1.9282
-2.0040
-1.6361
-2.1601
-2.2378
-2.3854
-2.2049
-2.7895
-2.8445
-2.8849
-3.2530
-3.2900
-3.5173
-3.6591
-3.5711
-3.9292
-4.1582
-4.4277
-4.5144
-4.7720
-4.9304
-4.9986
-4.8718
-4.9656
-5.1110
-4.8628
-5.3426
-5.4999
-5.6130
-5.6680
-5.6980
-5.6901
-5.6542
-5.5861
-5.2375
-5.3800
-5.2507
-5.2429
-5.1894
-5.1067
-4.9643
-5.1377
-5.2255
-5.1791
-5.1044
-5.1113
-5.1333
-5.2575
-5.3313
-5.3809
-5.3673
-5.3674
-5.3075
-5.2839
-5.2536
-5.2038
-5.1943
-5.0940
-5.0625
-4.9752
-4.8173
-5.0429
-5.1136
-5.0397
-5.0601
-4.9648
-4.9310
-4.9177
-4.8762
-4.8841
-4.8469
-4.6981
-4.6254
-4.5096
-4.5109
-4.5224
-4.5763
-4.4249
-4.6610
-4.6996
-4.7347
-4.7616
-4.6883
-4.5198
-4.6546
-4.5115
-4.7066
-4.7023
-4.7333
-4.5129
-4.6599
-4.5675
-4.4777
-4.3590
-4.4026
-4.3596
-4.4412
-4.3878
-4.3193
-4.2146
-4.0209
-3.9578
-3.8064
-3.8213
-3.6344
-3.6043
-3.3855
-3.0748
-3.0000
-2.3937
-2.4106
-2.3297
-2.4513
-2.1739
-2.0474
-2.0588
-1.6249
-1.2544
-1.1087
-0.6281
-0.3893
-0.2014
-0.1009
0.1290
-0.0599
-0.1149
0.3971
0.0292
0.3758
0.5394
0.9953
0.6503
0.7868
1.0630
0.7138
0.7628
0.8883
0.7777
1.2658
0.9876
0.5097
0.5272
0.4991
0.7982
0.5351
0.7955
0.1967
0.0356
0.2132
-0.4258
-0.5843
-0.2902
-0.5304
0.5009
0.3388
0.3088
0.1773
0.1325
0.1584
0.7025
0.5304
0.2676
-0.0432
0.9145
0.6375
0.8948
1.3714
0.6303
0.5377
-0.2171
0.1294
-0.3786
-0.1162
1.0493
0.4522
1.0616
0.4842
0.2245
0.3318
0.0299
0.0184
0.1364
-0.3531
-0.6623
-0.1372
-1.2554
-1.1318
-1.6869
-2.2578
-1.8226
-2.7339
-2.1886
-2.3578
-2.6840
-2.7134
-2.4683
-2.0279
-2.1295
-2.1430
-2.2798
-2.6615
-2.6727
-2.9735
-3.2154
-3.0754
-2.4739
-2.7747
-2.4892
-2.5524
-2.7588
-2.9331
-3.4598
-2.5995
-3.1288
-2.9036
-3.0179
-2.8240
-3.1045
-2.8133
-2.7578
-2.9767
-2.5987
-2.9423
-3.1053
-3.4274
-3.1846
-3.3416
-3.0251
-3.9058
-3.3454
-3.4474
-3.0857
-3.3874
-3.3438
-3.0906
-3.8668
-3.5183
-3.3549
-2.9864
-2.4573
-2.5524
-3.2698
-2.5399
-2.4723
-3.1031
-2.9330
-2.7831
-2.2770
-2.5762
-1.9880
-1.9942
-2.2318
-2.2353
-1.9259
-2.3437
-1.9003
-2.4072
-2.0680
-1.6264
-1.4450
-1.8383
-1.9294
-0.9226
-1.6423
-1.3774
-1.8966
-1.7392
-1.0747
-0.8405
-1.2747
-0.8115
-0.7399
-1.0425
-0.6509
-0.1844
-0.0032
-0.2899
0.3199
0.0925
0.4514
1.2251
1.4722
1.9079
1.8520
1.8069
1.8718
1.9147
1.9917
2.3126
2.4421
2.7371
2.8521
2.9888
3.2044
3.2405
3.2554
3.2482
3.1130
3.0630
2.9754
3.1013
3.2137
3.0847
3.1549
2.9573
2.7826
2.9323
2.4566
2.4714
2.5974
2.9089
2.2541
2.3123
1.9446
2.1606
1.5964
1.4285
1.5524
1.1673
1.4089
1.1194
1.2503
0.9409
0.5642
0.7365
0.5299
0.7096
0.6979
0.6743
0.2768
0.3036
0.1567
0.3668
0.2920
0.4326
0.4679
0.5848
0.7203
0.7565
0.5735
0.6702
0.2784
0.2993
0.9204
0.4792
0.6300
0.7753
0.4835
0.5365
0.1665
0.0754
0.0930
-0.1721
-0.1523
-0.3733
-0.3885
-0.2582
-0.5711
-0.5209
-0.7794
-0.9873
-0.9971
-1.2759
-1.5143
-1.3236
-1.7540
-1.6272
-1.5715
-1.3377
-1.0063
-1.1575
-1.2512
-1.3409
-1.3095
-0.9192
-0.8541
-0.6072
-0.0071
0.0495
1.0010
0.6447
0.6682
0.8105
0.7390
1.0665
1.1067
1.3943
1.6658
1.4879
1.6638
1.4832
1.5883
1.7008
1.5924
2.0024
2.1061
2.5814
2.5823
3.1768
3.2241
3.3876
4.1895
3.6680
3.8709
3.9503
4.1069
3.9293
4.4205
4.2036
4.5348
4.0252
4.1844
3.8428
3.8415
3.5364
4.3370
3.8443
3.6184
3.4637
2.9315
3.6149
3.4040
3.2218
2.6834
2.8265
3.2043
2.8663
3.0107
3.3605
2.5401
2.3459
2.7961
2.4953
2.5960
2.8669
2.4919
2.1843
2.7585
2.9094
2.6705
2.4447
2.7187
3.7993
2.6718
2.5614
2.6052
2.7196
2.0026
1.8865
0.8900
1.1084
1.2466
1.2484
1.3539
1.0150
0.5936
0.6429
0.4673
0.6910
0.6646
0.0534
-0.4014
-0.3630
-0.4073
-0.2173
-0.7361
-0.6743
-0.8151
-0.6593
-0.6375
-0.4901
-0.8068
-0.8952
-0.9402
-1.1454
-1.1295
-0.9846
-1.0290
-1.1986
-1.3103
-0.8203
-1.3065
-1.2363
-1.2281
-0.9708
-1.1416
-0.4941
-0.7032
-0.2424
-0.6395
-0.2927
-0.7346
-0.5420
0.1699
0.2698
0.5970
0.3596
0.4211
0.6155
0.5757
0.5709
0.6788
1.1422
0.9122
1.0444
1.2676
0.9282
1.5733
0.5133
0.6253
0.4181
0.6979
0.4984
0.6268
0.7903
1.1896
1.0898
0.9660
1.0271
1.1131
1.2965
1.4038
0.9609
1.1580
1.6663
1.4074
1.0823
0.9957
0.9420
1.3326
1.0982
0.8877
0.7443
1.1869
0.7208
0.5896
0.9333
0.3158
0.5155
0.2162
0.5696
0.4489
0.7735
0.9310
0.7149
1.1919
1.7080
1.4237
0.6091
0.1339
0.3355
0.6302
-0.0592
0.6561
0.3225
0.2828
0.0808
0.7000
-0.0034
-0.1540
-0.4295
-0.6895
-1.0830
-1.0605
-1.2131
-0.9852
-1.5576
-1.2141
-1.1475
-1.1186
-1.4882
-1.7161
-1.8648
-2.3313
-2.5498
-2.4975
-2.8571
-2.4861
-2.9813
-3.2087
-2.9827
-3.2502
-2.2679
-2.7484
-2.9692
-3.4232
-3.1956
-3.1873
-3.2093
-3.5399
-3.3784
-3.4418
-3.4304
-3.0208
-3.4053
-3.0530
-3.3216
-3.5322
-3.2189
-3.2294
-3.3605
-3.5520
-3.4762
-3.9123
-3.9686
-3.8006
-4.1159
-4.3165
-4.1370
-4.0003
-3.8748
-3.5905
-4.1876
-3.3974
-3.7617
-3.8316
-3.2552
-3.9663
-3.5685
-3.6216
-3.5921
-3.3886
-3.5456
-3.3325
-3.4926
-3.4504
-3.2418
-3.1123
-2.9775
-2.9177
-2.7084
-2.8590
-2.6412
-2.7272
-2.6361
-2.4318
-2.3681
-2.2779
-2.3334
-2.3811
-2.4369
-2.4962
-2.5190
-2.5353
-2.5086
-2.3197
-2.4741
-2.4357
-2.2821
-2.2244
-1.9914
-2.0898
-1.6794
-2.2544
-2.3552
-1.9144
-2.1147
-2.3555
-2.3699
-2.5232
-2.5186
-2.6221
-2.4925
-2.5549
-2.3989
-2.5120
-2.2026
-2.4705
-2.3306
-1.9819
-2.2472
-2.0102
-2.0260
-1.7135
-1.7153
-1.3898
-1.2206
-1.1598
-1.1703
-0.8983
-0.6301
-0.6649
-0.3679
-0.3978
-0.3696
-0.4941
-0.3787
-0.5557
-0.3895
-0.6072
-0.3710
-0.4280
-0.7342
-0.6045
-0.7210
-0.5430
-0.5402
-0.1250
-0.1351
0.0139
0.1310
0.6819
0.2374
0.3051
0.4350
-0.0778
-0.3087
-0.6148
-0.6695
-1.0301
-1.0250
-1.2865
-1.1898
-1.7508
-1.2110
-1.4288
-1.8588
-1.6497
-1.9953
-1.9475
-1.8735
-1.1713
-2.3876
-2.1381
-2.5958
-2.0987
-2.4900
-2.6218
-2.6547
-2.6457
-2.6994
-2.6257
-2.5141
-2.1211
-2.0441
-1.8689
-1.9792
-1.9317
-2.0789
-1.5597
-2.0497
-1.9262
-2.0235
-2.1824
-1.4627
-1.7660
-0.7459
-1.7216
-1.2505
-1.7987
-1.4498
-1.9015
-2.0125
-2.1816
-2.1461
-1.9407
-1.7820
-2.0552
-1.9224
-2.1784
-1.6775
-2.1391
-2.3731
-2.2823
-2.1309
-1.7360
-2.1200
-2.5477
-1.9792
-2.9828
-3.0611
-2.9533
-3.3922
-3.0074
-2.9073
-3.2249
-3.4056
-3.3276
-3.7042
-3.6212
-3.4189
-2.9696
-3.0720
-2.8723
-3.4063
-3.2285
-3.4734
-3.8074
-3.2946
-3.0521
-3.7113
-3.6824
-3.0428
-3.1313
-2.2983
-1.7766
-2.0037
-2.2882
-2.5243
-1.6653
-2.4551
-1.9524
-1.9626
-0.9695
-1.1046
-1.0450
-1.3830
-0.3250
-0.8350
-0.2218
0.3685
0.0233
0.3119
0.8551
1.0367
1.1082
1.2042
1.4931
1.6562
1.4256
1.7993
1.9496
2.4050
3.1195
3.3562
3.0086
3.2535
3.4325
3.8173
3.8663
4.4765
4.6986
4.4988
4.9572
4.6927
4.6489
5.0104
5.1974
4.9051
4.9917
5.0920
5.4500
5.7266
5.8489
5.4400
5.7481
5.6224
5.6651
5.8103
5.8196
6.0318
5.9764
6.0606
5.8057
6.5697
6.4463
6.9310
6.8008
7.0305
7.1052
7.6967
8.0386
8.0190
9.0147
8.4128
8.4930
8.1596
8.5337
8.7722
8.9460
8.9429
9.5122
9.1295
9.5741
9.7291
9.4893
9.5582
9.3752
9.2470
9.2210
9.2724
9.0421
9.0643
9.8168
9.2634
9.6740
9.0636
8.8997
8.3396
7.5291
7.1792
6.6861
6.9707
6.7719
6.3585
6.4101
6.5211
6.6987
6.8440
6.1693
6.3387
6.1643
6.0466
6.1135
5.9650
6.4702
6.9694
6.0302
5.6423
5.8568
5.4774
4.7986
4.7567
4.6565
4.7838
4.1219
4.5807
4.0750
4.8358
4.0804
3.2840
3.1181
2.7019
2.9096
2.7387
3.1150
2.8293
3.0551
3.2800
2.7838
2.3732
1.9335
2.4523
2.0272
1.5518
1.9734
1.0595
1.3753
1.1397
1.0376
0.6572
0.3669
0.0151
0.6443
0.0426
1.2550
0.1310
0.4563
0.8376
0.0294
-0.3829
0.0493
-0.1411
-0.3331
-0.5734
-0.5231
-0.5661
-0.4192
-0.2802
-0.7260
-0.0414
-0.5894
-0.2909
0.0434
-0.3484
-0.8794
-0.5633
-0.8656
-0.3452
-0.9098
-0.8164
-0.9775
-0.4780
0.0608
-0.7075
-0.6673
-1.0572
-0.8174
-1.2019
-0.7663
-0.9672
-0.5089
-0.9016
-0.5555
-0.7582
-0.8823
-0.8082
-0.7559
-1.0467
-0.3856
-0.6703
-0.3072
-0.0481
-0.2735
-0.2892
0.1337
0.2585
0.5755
0.6448
0.8655
1.0184
1.5454
1.5758
1.6941
1.7738
1.7892
2.1501
1.9407
2.4211
1.9213
2.0126
2.1409
1.3073
1.0097
1.9047
0.9541
0.9113
0.7257
0.4181
0.6785
0.5136
0.3937
0.5454
0.9420
1.1043
0.6297
2.0284
1.5727
1.7041
1.0082
0.9050
0.3798
0.9236
0.2457
0.4395
0.2011
0.3621
0.0202
0.3415
0.1324
-0.2545
-0.6340
-0.5740
-0.4926
-0.6387
-0.6543
-0.9415
-0.9228
-1.0150
-0.6459
-0.8266
-0.7748
-0.8961
-0.8178
-1.0422
-1.0136
-0.9122
-0.7222
-0.6056
-0.2854
-0.2832
-0.3148
-0.4932
-0.4337
-0.4909
-0.4727
-0.4730
-0.5494
-0.5017
-0.3956
-0.4492
-0.6655
-0.8623
-1.0410
-1.2615
-1.2997
-1.4239
-1.8615
-1.8027
-1.9327
-1.9494
-2.1897
-2.2806
-2.2662
-2.3445
-2.7413
-2.7324
-2.9689
-2.8162
-3.3211
-3.3505
-3.5121
-3.3940
-3.9283
-3.8616
-4.2174
-4.0926
-4.3429
-4.4093
-4.4088
-4.3413
-4.3096
-4.2032
-4.2906
-4.2525
-4.3582
-4.2465
-4.1987
-4.0642
-4.0953
-4.1431
-4.0891
-4.4845
-4.6408
-4.8102
-4.8978
-4.9953
-5.0441
-5.1247
-5.1791
-5.2693
-5.3581
-5.4630
-5.5646
-5.6546
-5.7212
-5.7601
-5.7545
-5.7302
-5.3840
-5.5931
-5.5071
-5.6044
-5.5986
-5.4273
-5.6212
-5.6103
-5.5743
-5.5020
-5.3778
-5.3440
-5.2897
-5.3232
-5.2608
-5.2182
-5.1140
-5.1416
-5.0962
-5.1428
-5.1503
-5.1793
-5.2036
-5.2320
-5.2149
-5.2699
-5.2795
-5.3483
-5.3707
-5.3950
-5.4062
-5.3856
-5.3986
-5.3726
-5.4035
-5.4232
-5.3575
-5.4433
-4.9950
-5.4792
-5.4182
-5.3586
-5.2539
-5.2044
-5.0836
-5.0696
-4.9729
-4.9927
-4.9424
-4.9309
-4.7877
-4.7694
-4.3701
-4.6512
-4.5565
-4.6279
-4.5934
-4.5793
-4.3506
-4.5529
-4.5621
-4.5305
-4.6009
-4.6148
-4.6729
-4.6516
-4.4785
-4.7682
-4.8941
-5.0143
-5.0597
-5.1526
-5.2131
-5.1139
-4.9768
-5.4549
-5.1012
-5.5447
-5.5786
-5.6063
-5.3226
-5.4865
-5.2912
-5.4315
-5.2414
-5.1728
-5.3793
-5.2525
-5.3564
-5.5585
-5.3995
-5.5369
-5.6179
-5.5721
-5.8050
-5.5469
-5.8892
-5.4220
-5.7006
-5.6472
-5.7985
-5.8711
-5.5574
-5.7675
-5.5783
-5.5003
-5.3783
-5.2471
-5.0884
-4.9741
-5.1321
-4.8905
-4.5861
-4.2333
-4.1319
-4.0582
-3.9530
-3.5342
-3.3842
-3.0246
-2.8102
-2.6377
-2.6668
-1.9665
-1.5850
-2.3223
-0.9299
-1.3812
-1.1531
-1.3503
-0.9786
-1.0067
0.2541
1.1653
0.7198
1.0743
0.9794
1.2294
1.5508
1.7218
1.9820
2.2067
2.1969
2.5541
2.4418
2.6366
2.7869
3.3726
3.5750
4.5300
4.9513
5.3142
5.9755
5.8406
6.2623
5.9628
6.0810
6.0025
6.1322
6.2807
7.1028
6.8800
6.8972
6.5520
6.4472
6.8261
6.2755
6.8178
7.0379
5.9474
6.1352
6.8422
5.7257
5.5084
6.0857
6.5090
5.9014
5.4699
5.7456
4.7759
5.8885
5.7563
5.7505
6.3082
5.9653
5.9033
5.4572
5.0021
5.1942
4.9302
4.9555
5.1628
4.3353
4.3891
4.7160
4.7234
3.9821
4.4101
3.2341
3.2460
2.5940
2.7902
2.8294
3.2754
2.7083
2.5249
2.4361
2.0970
2.1013
2.2376
1.5968
1.6760
1.4774
1.3837
1.4122
1.0026
1.1811
0.8953
1.1856
1.2185
0.9962
1.4800
1.1617
0.3822
0.2374
0.3580
0.6497
0.7712
0.4840
0.6394
0.7262
0.7130
0.4989
0.7758
0.2958
0.5915
0.6129
0.7676
0.6831
0.9210
1.0490
1.4135
1.4518
1.1854
1.1122
1.1932
1.9128
1.3521
2.3189
2.6954
2.8356
2.5338
2.6344
2.9685
2.4890
2.9083
3.3006
3.7199
3.7126
4.0947
4.3078
4.2032
4.2214
4.2328
3.9935
4.0874
4.2787
5.0731
4.6267
4.4626
4.5664
4.4582
4.3363
4.9617
5.1865
5.5646
4.7727
5.0284
4.6628
5.3808
4.8351
5.4854
5.2396
5.2459
5.0334
5.2039
5.7646
5.4436
5.1654
5.5190
5.5779
5.0861
5.8726
5.6793
5.6639
5.3998
5.7411
5.7262
5.6735
5.4944
5.5479
5.4063
5.2427
5.3788
5.8426
5.4785
5.4492
5.1810
5.1148
5.1655
5.3794
5.0859
5.4831
5.2408
4.9835
4.6419
4.4398
4.1128
3.9096
3.5604
3.4038
3.7162
3.2946
3.0674
3.6065
2.9306
2.8381
2.5494
2.4045
2.2965
2.0813
1.7419
1.4758
1.5912
1.7808
1.3216
1.9130
0.8294
0.7638
0.7986
0.4675
0.1543
0.1327
0.1361
-0.2567
0.0809
-0.6541
-0.6478
-0.8091
-1.1678
-1.3223
-1.1635
-1.4350
-1.3552
-1.6464
-1.6908
-1.9418
-2.0771
-2.0110
-1.8704
-1.9594
-1.5792
-2.4868
-2.5856
-2.5124
-2.5420
-2.0040
-2.3102
-2.3432
-2.7206
-2.8634
-2.7949
-2.7641
-2.9155
-2.9390
-2.4284
-2.9725
-3.0163
-3.2155
-3.0883
-3.2600
-2.9984
-3.1035
-2.8180
-2.7576
-2.6732
-2.9315
-2.8400
-3.0322
-3.1621
-3.4583
-3.7825
-3.7734
-3.9162
-3.8247
-3.9075
-3.8981
-3.9969
-3.8873
-4.2436
-4.2980
-4.1447
-4.1673
-4.2088
-4.1290
-4.1886
-4.1806
-3.7600
-3.7675
-3.4491
-3.8517
-3.9449
-3.9777
-4.0271
-3.9129
-3.8503
-3.7040
-3.6440
-3.6123
-3.4008
-3.5399
-3.3870
-3.4269
-3.0250
-3.1005
-2.6353
-2.7426
-2.4811
-2.3321
-2.0774
-2.0640
-2.3647
-2.3092
-2.2911
-1.8253
-1.8738
-2.1798
-2.0671
-2.0632
-2.0694
-2.0642
-2.3141
-2.3088
-1.7227
-2.1213
-2.3311
-2.1264
-2.4498
-2.5059
-2.4017
-2.5976
-2.6774
-2.7144
-2.8558
-2.7308
-2.8973
-2.5545
-3.0389
-2.4514
-3.1221
-3.1403
-2.9472
-2.9314
-3.1326
-2.9751
-2.8513
-2.6499
-2.3309
-2.2027
-2.4319
-2.4666
-2.5499
-2.4644
-2.7553
-2.8628
-2.8093
-2.8149
-2.7239
-2.6670
-2.6639
-2.5627
-2.6419
-2.3950
-2.4779
-2.6935
-2.8148
-2.6460
-2.8554
-2.9196
-2.9810
-2.8938
-3.2246
-3.2519
-3.3623
-3.3559
-3.3129
-3.1837
-3.2241
-3.2303
-3.5020
-3.6114
-3.8085
-3.7252
-3.9097
-4.0256
-3.8971
-4.0706
-3.8017
-4.1177
-4.0138
-4.0437
-3.6865
-4.2116
-4.3524
-4.3865
-4.3360
-4.3061
-4.2618
-4.2505
-4.1813
-4.1766
-3.6785
-3.6850
-4.0700
-4.1301
-4.2501
-4.3148
-4.3090
-4.2577
-4.1130
-4.1579
-4.1116
-4.0577
-4.2921
-4.2162
-4.2083
-4.0718
-4.0493
-3.9407
-3.8438
-3.4646
-3.6526
-3.6046
-3.6964
-3.6297
-3.4628
-3.6012
-3.6785
-3.6315
-3.3489
-3.1148
-3.0727
-2.6868
-2.7898
-2.7807
-2.3545
-2.5846
-2.5952
-1.8555
-1.7658
-1.9009
-1.9756
-1.6922
-1.6744
-2.1865
-1.9193
-1.6043
-1.7194
-1.7492
-1.8825
-2.2474
-2.1149
-2.0621
-1.8678
-1.6898
-1.2179
-1.4988
-1.0216
-1.0272
-1.4167
-1.2624
-1.2251
-0.1341
0.5763
-0.1648
-0.1153
0.6784
0.9430
1.0033
1.7712
1.3063
1.5969
1.2098
1.6908
1.4142
1.5425
1.8208
1.9159
2.0572
1.5983
1.6288
1.0848
1.2451
1.3112
1.1634
1.3015
0.7532
0.8238
0.9912
1.0205
0.3859
0.4200
0.3831
0.2449
-0.1869
-0.1936
0.0595
-0.1753
0.1192
-0.2437
-0.0363
-0.6603
-0.3266
-0.5080
-0.1482
0.2077
0.6755
0.1292
0.7526
0.4326
0.7885
1.0061
1.2707
0.6735
0.9307
2.0475
1.3383
1.2976
0.8909
1.0184
1.4567
1.2738
1.2811
1.5691
1.4379
1.8017
1.7385
1.5780
2.2983
1.6603
2.0864
1.9139
2.1889
1.7414
1.7107
2.0212
2.1137
2.4384
2.1980
2.5984
3.0407
2.3546
2.4840
2.3237
2.0726
2.6148
2.8416
2.2433
2.3194
2.1345
2.1180
1.5991
2.1877
1.5798
1.4407
1.7414
1.9704
1.7615
1.6383
1.3392
1.5717
1.5552
2.0696
2.7550
1.8775
2.6263
0.8870
1.2249
1.3939
1.7109
2.0457
1.7851
2.2373
1.6009
2.4345
2.4518
1.9925
1.9081
2.3408
1.9081
2.6731
2.9523
3.1369
2.9923
2.1118
2.4596
2.3020
2.6394
2.5371
2.3909
2.6094
3.1022
2.9719
2.6772
2.9662
3.5642
3.2878
2.9732
3.3756
3.0661
3.0051
2.9676
3.7403
3.5693
4.3860
4.0460
3.7575
3.9531
3.9351
4.1663
4.1563
3.6876
4.2087
3.8394
3.9758
3.8949
3.8471
3.7152
3.5556
3.8672
3.0208
2.7926
2.4053
2.4313
1.9894
1.8056
1.8245
1.5547
1.6315
1.6664
2.0728
1.7845
1.6609
1.6563
1.4400
1.2975
1.2949
1.4444
1.7060
1.8572
1.8141
2.1090
1.7468
1.7953
1.6090
1.5596
1.4958
1.3329
1.4171
0.9668
0.9584
0.9603
1.1385
0.9117
0.6811
0.1763
0.3768
0.0285
-0.0099
0.2707
0.5516
0.7612
0.7411
0.2857
0.2509
-0.1171
-0.0868
0.1819
0.1337
0.7182
0.4838
1.2845
0.6584
0.8603
1.2666
1.4633
1.3495
1.1762
1.0647
1.4049
1.3359
1.6516
1.3997
1.5758
1.5496
2.1154
1.3028
1.4452
