2.04808133
1.99645740
1.95407502
1.92529201
1.89854536
1.87958983
1.86385113
1.85072434
1.90305854
1.89269471
2.03251965
2.01342531
2.08416530
2.07661328
2.06959339
2.06309084
2.05713775
2.05156260
2.04629116
2.04126237
2.03653147
2.02166091
2.01708399
2.01267945
2.00848309
2.05798622
2.05412498
2.05041617
1.85907843
1.85561019
1.85223468
2.03679132
1.84583244
1.84277749
1.83979048
1.83690297
1.83411540
1.83142602
1.82883638
1.82631102
1.82044190
1.81797044
1.81554642
1.81319744
1.81095104
1.80874859
1.80669842
1.81128730
1.80927188
1.80729316
1.80535201
1.80343611
1.80154472
1.79969953
1.79789051
1.79610905
1.79435454
1.79262651
1.79092317
1.78924111
1.78758768
1.78596268
1.78436408
1.78279552
1.78126636
1.77975467
1.77825999
1.77677999
1.77532045
1.77387606
1.77244833
1.77103954
1.76965071
1.76827750
1.76691680
