1.6454
1.6146
1.5846
1.5560
1.5292
1.5043
1.4811
1.4594
1.4389
1.4191
1.3998
1.3809
1.3626
1.3451
1.3288
1.3140
1.3010
1.2899
1.2805
1.2725
1.2653
1.2580
1.2500
1.2404
1.2286
1.2144
1.1975
1.1784
1.1573
1.1350
1.1122
1.0895
1.0675
1.0469
1.0278
1.0106
0.9953
0.9819
0.9703
0.9605
0.9523
0.9455
0.9399
0.9353
0.9316
0.9284
0.9256
0.9230
0.9204
0.9176
0.9145
0.9109
0.9066
0.9015
0.8953
0.8881
0.8798
0.8703
0.8599
0.8489
0.8378
0.8270
0.8174
0.8095
0.8041
0.8013
0.8013
0.8037
0.8079
0.8129
0.8175
0.8205
0.8210
0.8182
0.8119
0.8024
0.7902
0.7763
0.7621
0.7485
0.7368
0.7277
0.7217
0.7187
0.7186
0.7207
0.7245
0.7292
0.7344
0.7398
0.7453
0.7513
0.7582
0.7666
0.7772
0.7906
0.8072
0.8270
0.8499
0.8754
0.9028
0.9309
0.9585
0.9842
1.0066
1.0243
1.0362
1.0413
1.0393
1.0300
1.0140
0.9923
0.9661
0.9369
0.9063
0.8758
0.8464
0.8191
0.7942
0.7719
0.7518
0.7338
0.7172
0.7017
0.6868
0.6723
0.6580
0.6437
0.6296
0.6154
0.6014
0.5876
0.5742
0.5614
0.5496
0.5396
0.5318
0.5271
0.5259
0.5287
0.5353
0.5452
0.5574
0.5704
0.5826
0.5921
0.5973
0.5968
0.5897
0.5759
0.5556
0.5298
0.4996
0.4666
0.4323
0.3984
0.3661
0.3367
0.3109
0.2894
0.2723
0.2594
0.2502
0.2438
0.2390
0.2345
0.2290
0.2212
0.2100
0.1945
0.1740
0.1481
0.1164
0.0789
0.0355
-0.0134
-0.0674
-0.1257
-0.1871
-0.2503
-0.3137
-0.3754
-0.4336
-0.4867
-0.5332
-0.5720
-0.6027
-0.6252
-0.6402
-0.6491
-0.6534
-0.6552
-0.6564
-0.6589
-0.6639
-0.6722
-0.6838
-0.6979
-0.7133
-0.7284
-0.7414
-0.7510
-0.7558
-0.7553
-0.7494
-0.7384
-0.7232
-0.7047
-0.6840
-0.6619
-0.6392
-0.6164
-0.5938
-0.5717
-0.5502
-0.5297
-0.5105
-0.4931
-0.4781
-0.4662
-0.4578
-0.4533
-0.4528
-0.4561
-0.4629
-0.4725
-0.4841
-0.4970
-0.5103
-0.5230
-0.5344
-0.5437
-0.5503
-0.5534
-0.5526
-0.5476
-0.5384
-0.5251
-0.5081
-0.4883
-0.4665
-0.4438
-0.4214
-0.4004
-0.3816
-0.3657
-0.3532
-0.3443
-0.3390
-0.3371
-0.3384
-0.3425
-0.3492
-0.3578
-0.3680
-0.3790
-0.3904
-0.4013
-0.4114
-0.4201
-0.4272
-0.4326
-0.4366
-0.4395
-0.4419
-0.4442
-0.4467
-0.4498
-0.4531
-0.4565
-0.4591
-0.4602
-0.4588
-0.4542
-0.4455
-0.4325
-0.4149
-0.3929
-0.3669
-0.3376
-0.3061
-0.2732
-0.2401
-0.2077
-0.1768
-0.1478
-0.1210
-0.0964
-0.0737
-0.0524
-0.0319
-0.0116
0.0092
0.0310
0.0542
0.0788
0.1049
0.1322
0.1603
0.1888
0.2173
0.2452
0.2722
0.2978
0.3218
0.3439
0.3638
0.3814
0.3967
0.4098
0.4208
0.4302
0.4386
0.4467
0.4552
0.4647
0.4758
0.4887
0.5035
0.5201
0.5382
0.5575
0.5778
0.5988
0.6202
0.6420
0.6640
0.6860
0.7076
0.7286
0.7487
0.7675
0.7849
0.8007
0.8153
0.8288
0.8417
0.8546
0.8678
0.8818
0.8967
0.9126
0.9291
0.9458
0.9619
0.9767
0.9894
0.9992
1.0058
1.0088
1.0081
1.0041
0.9970
0.9873
0.9757
0.9627
0.9489
0.9348
0.9208
0.9073
0.8944
0.8822
0.8707
0.8598
0.8495
0.8396
0.8301
0.8210
0.8123
0.8040
0.7959
0.7878
0.7793
0.7697
0.7586
0.7451
0.7286
0.7087
0.6852
0.6583
0.6281
0.5952
0.5603
0.5241
0.4873
0.4507
0.4150
0.3807
0.3485
0.3189
0.2924
0.2693
0.2497
0.2335
0.2203
0.2095
0.2005
0.1923
0.1840
0.1748
0.1641
0.1514
0.1366
0.1195
0.1003
0.0791
0.0562
0.0317
0.0061
-0.0202
-0.0467
-0.0728
-0.0978
-0.1208
-0.1412
-0.1585
-0.1724
-0.1831
-0.1909
-0.1967
-0.2013
-0.2055
-0.2101
-0.2156
-0.2222
-0.2296
-0.2376
-0.2455
-0.2527
-0.2587
-0.2632
-0.2662
-0.2677
-0.2684
-0.2689
-0.2699
-0.2724
-0.2771
-0.2846
-0.2956
-0.3101
-0.3282
-0.3496
-0.3740
-0.4004
-0.4282
-0.4564
-0.4840
-0.5103
-0.5345
-0.5562
-0.5751
-0.5913
-0.6050
-0.6166
-0.6263
-0.6348
-0.6425
-0.6500
-0.6577
-0.6663
-0.6761
-0.6876
-0.7010
-0.7165
-0.7341
-0.7534
-0.7743
-0.7962
-0.8186
-0.8411
-0.8630
-0.8839
-0.9033
-0.9207
-0.9359
-0.9483
-0.9579
-0.9643
-0.9675
-0.9677
-0.9652
-0.9601
-0.9530
-0.9444
-0.9348
-0.9248
-0.9149
-0.9056
-0.8975
-0.8908
-0.8859
-0.8830
-0.8822
-0.8838
-0.8878
-0.8944
-0.9038
-0.9165
-0.9327
-0.9529
-0.9774
-1.0064
-1.0399
-1.0776
-1.1190
-1.1634
-1.2099
-1.2577
-1.3062
-1.3548
-1.4033
-1.4517
-1.5004
-1.5498
-1.6004
-1.6526
-1.7067
-1.7625
-1.8197
-1.8775
-1.9348
-1.9906
-2.0434
-2.0919
-2.1350
-2.1720
-2.2025
-2.2265
-2.2446
-2.2577
-2.2671
-2.2741
-2.2801
-2.2860
-2.2928
-2.3009
-2.3106
-2.3220
-2.3348
-2.3488
-2.3638
-2.3794
-2.3953
-2.4110
-2.4260
-2.4399
-2.4521
-2.4621
-2.4696
-2.4740
-2.4752
-2.4730
-2.4670
-2.4571
-2.4430
-2.4247
-2.4020
-2.3756
-2.3461
-2.3148
-2.2834
-2.2538
-2.2280
-2.2076
-2.1939
-2.1876
-2.1883
-2.1952
-2.2069
-2.2215
-2.2371
-2.2519
-2.2644
-2.2735
-2.2786
-2.2792
-2.2756
-2.2681
-2.2573
-2.2439
-2.2286
-2.2121
-2.1953
-2.1785
-2.1622
-2.1467
-2.1318
-2.1176
-2.1037
-2.0900
-2.0763
-2.0624
-2.0483
-2.0341
-2.0201
-2.0064
-1.9933
-1.9808
-1.9691
-1.9582
-1.9478
-1.9380
-1.9284
-1.9188
-1.9091
-1.8991
-1.8885
-1.8772
-1.8650
-1.8518
-1.8376
-1.8224
-1.8063
-1.7896
-1.7725
-1.7552
-1.7380
-1.7212
-1.7049
-1.6891
-1.6741
-1.6597
-1.6460
-1.6332
-1.6213
-1.6108
-1.6017
-1.5945
-1.5895
-1.5870
-1.5872
-1.5901
-1.5956
-1.6035
-1.6134
-1.6249
-1.6374
-1.6504
-1.6635
-1.6762
-1.6883
-1.6995
-1.7097
-1.7192
-1.7279
-1.7363
-1.7445
-1.7530
-1.7620
-1.7718
-1.7824
-1.7937
-1.8057
-1.8180
-1.8305
-1.8427
-1.8545
-1.8658
-1.8766
-1.8870
-1.8972
-1.9076
-1.9184
-1.9299
-1.9422
-1.9552
-1.9687
-1.9824
-1.9959
-2.0087
-2.0206
-2.0314
-2.0412
-2.0503
-2.0591
-2.0681
-2.0778
-2.0888
-2.1013
-2.1155
-2.1312
-2.1480
-2.1655
-2.1829
-2.1996
-2.2148
-2.2278
-2.2379
-2.2449
-2.2485
-2.2486
-2.2454
-2.2392
-2.2305
-2.2200
-2.2081
-2.1957
-2.1831
-2.1710
-2.1594
-2.1487
-2.1387
-2.1293
-2.1203
-2.1114
-2.1025
-2.0932
-2.0837
-2.0738
-2.0635
-2.0531
-2.0425
-2.0320
-2.0215
-2.0111
-2.0007
-1.9904
-1.9799
-1.9692
-1.9581
-1.9464
-1.9342
-1.9215
-1.9082
-1.8948
-1.8813
-1.8682
-1.8558
-1.8442
-1.8338
-1.8244
-1.8159
-1.8080
-1.8003
-1.7921
-1.7828
-1.7719
-1.7586
-1.7427
-1.7237
-1.7015
-1.6763
-1.6482
-1.6176
-1.5851
-1.5513
-1.5167
-1.4820
-1.4476
-1.4141
-1.3817
-1.3506
-1.3211
-1.2932
-1.2669
-1.2420
-1.2186
-1.1966
-1.1759
-1.1564
-1.1382
-1.1211
-1.1052
-1.0904
-1.0765
-1.0633
-1.0505
-1.0380
-1.0255
-1.0129
-1.0000
-0.9869
-0.9737
-0.9605
-0.9475
-0.9350
-0.9229
-0.9116
-0.9009
-0.8911
-0.8821
-0.8739
-0.8668
-0.8609
-0.8565
-0.8536
-0.8527
-0.8540
-0.8574
-0.8631
-0.8710
-0.8807
-0.8921
-0.9048
-0.9184
-0.9325
-0.9470
-0.9619
-0.9770
-0.9927
-1.0090
-1.0263
-1.0448
-1.0646
-1.0858
-1.1083
-1.1321
-1.1569
-1.1825
-1.2086
-1.2351
-1.2618
-1.2886
-1.3153
-1.3420
-1.3686
-1.3951
-1.4212
-1.4469
-1.4720
-1.4962
-1.5193
-1.5411
-1.5614
-1.5803
-1.5978
-1.6142
-1.6297
-1.6449
-1.6603
-1.6766
-1.6942
-1.7138
-1.7356
-1.7600
-1.7869
-1.8161
-1.8473
-1.8800
-1.9137
-1.9479
-1.9819
-2.0155
-2.0482
-2.0799
-2.1105
-2.1401
-2.1688
-2.1969
-2.2245
-2.2518
-2.2788
-2.3055
-2.3318
-2.3575
-2.3823
-2.4057
-2.4274
-2.4471
-2.4642
-2.4784
-2.4896
-2.4973
-2.5013
-2.5016
-2.4980
-2.4905
-2.4794
-2.4650
-2.4477
-2.4283
-2.4073
-2.3855
-2.3635
-2.3416
-2.3201
-2.2989
-2.2779
-2.2566
-2.2347
-2.2117
-2.1875
-2.1619
-2.1353
-2.1078
-2.0801
-2.0525
-2.0256
-1.9997
-1.9749
-1.9512
-1.9285
-1.9064
-1.8844
-1.8623
-1.8398
-1.8166
-1.7928
-1.7684
-1.7437
-1.7191
-1.6949
-1.6716
-1.6495
-1.6291
-1.6103
-1.5933
-1.5779
-1.5639
-1.5508
-1.5384
-1.5262
-1.5140
-1.5016
-1.4891
-1.4767
-1.4647
-1.4537
-1.4441
-1.4365
-1.4312
-1.4286
-1.4290
-1.4326
-1.4393
-1.4493
-1.4623
-1.4783
-1.4971
-1.5183
-1.5415
-1.5662
-1.5917
-1.6174
-1.6424
-1.6657
-1.6865
-1.7039
-1.7170
-1.7251
-1.7280
-1.7253
-1.7174
-1.7047
-1.6881
-1.6687
-1.6479
-1.6272
-1.6083
-1.5925
-1.5813
-1.5754
-1.5753
-1.5812
-1.5923
-1.6079
-1.6265
-1.6468
-1.6671
-1.6859
-1.7017
-1.7132
-1.7194
-1.7192
-1.7120
-1.6971
-1.6744
-1.6439
-1.6060
-1.5613
-1.5109
-1.4559
-1.3978
-1.3378
-1.2770
-1.2163
-1.1560
-1.0963
-1.0368
-0.9769
-0.9161
-0.8537
-0.7896
-0.7237
-0.6566
-0.5889
-0.5218
-0.4562
-0.3928
-0.3321
-0.2740
-0.2180
-0.1631
-0.1082
-0.0523
0.0056
0.0659
0.1286
0.1933
0.2590
0.3245
0.3886
0.4500
0.5078
0.5612
0.6096
0.6529
0.6910
0.7240
0.7519
0.7752
0.7942
0.8096
0.8222
0.8329
0.8429
0.8532
0.8647
0.8781
0.8937
0.9111
0.9298
0.9490
0.9676
0.9847
0.9997
1.0124
1.0233
1.0330
1.0430
1.0545
1.0690
1.0878
1.1116
1.1408
1.1752
1.2140
1.2563
1.3009
1.3464
1.3917
1.4356
1.4773
1.5160
1.5513
1.5828
1.6100
1.6327
1.6508
1.6642
1.6727
1.6765
1.6759
1.6711
1.6625
1.6506
1.6362
1.6197
1.6021
1.5840
1.5663
1.5497
1.5350
1.5227
1.5129
1.5057
1.5004
1.4963
1.4923
1.4868
1.4786
1.4661
1.4481
1.4237
1.3924
1.3542
1.3095
1.2590
1.2039
1.1456
1.0856
1.0254
0.9665
0.9103
0.8578
0.8099
0.7674
0.7305
0.6994
0.6737
0.6531
0.6369
0.6242
0.6142
0.6057
0.5980
0.5902
0.5817
0.5724
0.5620
0.5507
0.5389
0.5268
0.5147
0.5025
0.4901
0.4770
0.4625
0.4458
0.4262
0.4029
0.3757
0.3445
0.3095
0.2714
0.2312
0.1898
0.1484
0.1081
0.0697
0.0339
0.0012
-0.0281
-0.0540
-0.0767
-0.0965
-0.1137
-0.1287
-0.1418
-0.1534
-0.1636
-0.1727
-0.1809
-0.1883
-0.1954
-0.2023
-0.2096
-0.2176
-0.2268
-0.2374
-0.2498
-0.2641
-0.2805
-0.2988
-0.3189
-0.3407
-0.3638
-0.3880
-0.4127
-0.4377
-0.4627
-0.4873
-0.5115
-0.5351
-0.5581
-0.5807
-0.6030
-0.6250
-0.6469
-0.6687
-0.6903
-0.7116
-0.7327
-0.7533
-0.7735
-0.7932
-0.8124
-0.8312
-0.8497
-0.8680
-0.8864
-0.9050
-0.9240
-0.9434
-0.9632
-0.9835
-1.0040
-1.0245
-1.0448
-1.0642
-1.0825
-1.0992
-1.1138
-1.1261
-1.1359
-1.1434
-1.1488
-1.1525
-1.1550
-1.1571
-1.1593
-1.1623
-1.1666
-1.1723
-1.1797
-1.1886
-1.1988
-1.2099
-1.2214
-1.2330
-1.2440
-1.2541
-1.2629
-1.2702
-1.2760
-1.2801
-1.2829
-1.2847
-1.2859
-1.2867
-1.2873
-1.2878
-1.2879
-1.2872
-1.2851
-1.2809
-1.2741
-1.2643
-1.2513
-1.2353
-1.2168
-1.1964
-1.1748
-1.1529
-1.1314
-1.1106
-1.0907
-1.0716
-1.0530
-1.0342
-1.0147
-0.9939
-0.9711
-0.9460
-0.9184
-0.8882
-0.8553
-0.8200
-0.7822
-0.7421
-0.6998
-0.6557
-0.6099
-0.5632
-0.5161
-0.4694
-0.4241
-0.3809
-0.3403
-0.3028
-0.2685
-0.2369
-0.2076
-0.1799
-0.1529
-0.1259
-0.0984
-0.0699
-0.0405
-0.0101
0.0208
0.0519
0.0825
0.1123
0.1409
0.1680
0.1936
0.2177
0.2407
0.2628
0.2846
0.3064
0.3288
0.3520
0.3764
0.4019
0.4287
0.4565
0.4851
0.5142
0.5432
0.5719
0.5997
0.6262
0.6509
0.6734
0.6934
0.7104
0.7243
0.7347
0.7417
0.7454
0.7461
0.7443
0.7408
0.7366
0.7326
0.7300
0.7297
0.7327
0.7393
0.7501
0.7648
0.7833
0.8048
0.8287
0.8540
0.8798
0.9055
0.9302
0.9536
0.9752
0.9952
1.0135
1.0304
1.0463
1.0615
1.0763
1.0910
1.1057
1.1206
1.1356
1.1509
1.1662
1.1815
1.1967
1.2115
1.2257
1.2390
1.2513
1.2621
1.2715
1.2792
1.2855
1.2905
1.2944
1.2977
1.3007
1.3038
1.3073
1.3114
1.3161
1.3215
1.3272
1.3331
1.3388
1.3437
1.3475
1.3498
1.3503
1.3488
1.3452
1.3393
1.3311
1.3204
1.3072
1.2915
1.2730
1.2518
1.2280
1.2019
1.1740
1.1451
1.1160
1.0876
1.0610
1.0370
1.0162
0.9992
0.9861
0.9768
0.9712
0.9688
0.9691
0.9717
0.9761
0.9820
0.9890
0.9968
1.0052
1.0139
1.0228
1.0318
1.0407
1.0494
1.0577
1.0656
1.0727
1.0788
1.0835
1.0866
1.0875
1.0860
1.0820
1.0753
1.0661
1.0546
1.0413
1.0266
1.0111
0.9952
0.9795
0.9642
0.9496
0.9359
0.9232
0.9114
0.9007
0.8911
0.8829
0.8763
0.8717
0.8694
0.8701
0.8740
0.8814
0.8925
0.9070
0.9248
0.9452
0.9677
0.9917
1.0166
1.0421
1.0681
1.0948
1.1223
1.1513
1.1822
1.2151
1.2501
1.2869
1.3247
1.3624
1.3988
1.4325
1.4624
1.4877
1.5079
1.5231
1.5338
1.5408
1.5451
1.5481
1.5508
1.5539
1.5584
1.5644
1.5721
1.5816
1.5927
1.6051
1.6188
1.6336
1.6492
1.6657
1.6828
1.7004
1.7184
1.7365
1.7547
1.7728
1.7909
1.8090
1.8272
1.8456
1.8643
1.8833
1.9027
1.9224
1.9421
1.9613
1.9797
1.9968
2.0118
2.0245
2.0345
2.0418
2.0467
2.0500
2.0526
2.0562
2.0624
2.0730
2.0899
2.1146
2.1480
2.1905
2.2416
2.3001
2.3640
2.4310
2.4983
2.5632
2.6232
2.6766
2.7218
2.7582
2.7856
2.8044
2.8151
2.8186
2.8158
2.8074
2.7945
2.7777
2.7580
2.7362
2.7132
2.6899
2.6670
2.6453
2.6254
2.6077
2.5920
2.5784
2.5662
2.5549
2.5436
2.5313
2.5171
2.5002
2.4799
2.4557
2.4275
2.3955
2.3602
2.3223
2.2826
2.2420
2.2014
2.1614
2.1225
2.0849
2.0487
2.0137
1.9796
1.9462
1.9132
1.8803
1.8474
1.8143
1.7812
1.7480
1.7149
1.6817
1.6485
1.6152
1.5818
1.5481
1.5139
1.4793
1.4442
1.4087
1.3731
1.3378
1.3030
1.2694
1.2373
1.2070
1.1788
1.1529
1.1291
1.1074
1.0876
1.0694
1.0528
1.0376
1.0238
1.0113
1.0001
0.9903
0.9818
0.9746
0.9684
0.9631
0.9583
0.9540
0.9498
0.9457
0.9417
0.9379
0.9344
0.9314
0.9291
0.9276
0.9270
0.9273
0.9283
0.9300
0.9320
0.9341
0.9358
0.9369
0.9370
0.9359
0.9335
0.9298
0.9250
0.9195
0.9140
0.9089
0.9052
0.9033
0.9040
0.9075
0.9139
0.9230
0.9344
0.9474
0.9612
0.9750
0.9881
1.0000
1.0106
1.0197
1.0278
1.0352
1.0425
1.0502
1.0588
1.0690
1.0810
1.0952
1.1118
1.1309
1.1525
1.1766
1.2031
1.2318
1.2624
1.2946
1.3281
1.3625
1.3975
1.4328
1.4679
1.5027
1.5369
1.5704
1.6029
1.6344
1.6649
1.6944
1.7229
1.7504
1.7772
1.8034
1.8291
1.8545
1.8799
1.9052
1.9305
1.9557
1.9805
2.0046
2.0276
2.0490
2.0684
2.0855
2.1001
2.1120
2.1212
2.1275
2.1310
2.1320
2.1305
2.1269
2.1215
2.1149
2.1074
2.0994
2.0913
2.0831
2.0747
2.0660
2.0565
2.0458
2.0336
2.0194
2.0032
1.9850
1.9649
1.9434
1.9209
1.8979
1.8748
1.8522
1.8302
1.8091
1.7891
1.7700
1.7517
1.7341
1.7171
1.7005
1.6844
1.6686
1.6535
1.6392
1.6259
1.6138
1.6031
1.5936
1.5854
1.5780
1.5711
1.5642
1.5569
1.5490
1.5402
1.5307
1.5210
1.5117
1.5035
1.4973
1.4938
1.4938
1.4975
1.5051
1.5162
1.5304
1.5472
1.5657
1.5854
1.6057
1.6259
1.6459
1.6652
1.6837
1.7012
1.7175
1.7325
1.7459
1.7578
1.7680
1.7766
1.7836
1.7892
1.7935
1.7969
1.7993
1.8011
1.8023
1.8030
1.8031
1.8027
1.8017
1.8002
1.7981
1.7956
1.7928
1.7901
1.7877
1.7861
1.7855
1.7861
1.7881
1.7912
1.7952
1.7996
1.8042
1.8084
1.8120
1.8149
1.8171
1.8187
1.8196
1.8199
1.8192
1.8171
1.8131
1.8064
1.7965
1.7828
1.7650
1.7429
1.7169
1.6874
1.6553
1.6217
1.5878
1.5549
1.5243
1.4970
1.4735
1.4542
1.4388
1.4265
1.4163
1.4068
1.3969
1.3852
1.3709
1.3537
1.3335
1.3108
1.2864
1.2610
1.2354
1.2101
1.1855
1.1614
1.1375
1.1135
1.0888
1.0632
1.0365
1.0089
0.9808
0.9527
0.9255
0.8997
0.8760
0.8548
0.8364
0.8209
0.8079
0.7975
0.7891
0.7826
0.7776
0.7738
0.7708
0.7686
0.7669
0.7658
0.7653
0.7654
0.7664
0.7685
0.7716
0.7756
0.7803
0.7850
0.7891
0.7917
0.7921
0.7894
0.7832
0.7733
0.7597
0.7431
0.7239
0.7033
0.6820
0.6611
0.6412
0.6228
0.6061
0.5910
0.5769
0.5635
0.5498
0.5355
0.5198
0.5025
0.4836
0.4632
0.4417
0.4196
0.3972
0.3750
0.3533
0.3320
0.3113
0.2909
0.2710
0.2516
0.2332
0.2160
0.2008
0.1881
0.1784
0.1719
0.1686
0.1680
0.1694
0.1718
0.1742
0.1755
0.1746
0.1708
0.1635
0.1526
0.1381
0.1200
0.0987
0.0745
0.0476
0.0181
-0.0136
-0.0476
-0.0834
-0.1209
-0.1596
-0.1987
-0.2374
-0.2749
-0.3102
-0.3423
-0.3706
-0.3944
-0.4134
-0.4276
-0.4373
-0.4429
-0.4452
-0.4449
-0.4431
-0.4405
-0.4380
-0.4362
-0.4355
-0.4361
-0.4382
-0.4416
-0.4460
-0.4512
-0.4569
-0.4626
-0.4682
-0.4733
-0.4779
-0.4820
-0.4854
-0.4884
-0.4911
-0.4936
-0.4963
-0.4995
-0.5033
-0.5083
-0.5146
-0.5227
-0.5327
-0.5448
-0.5590
-0.5751
-0.5928
-0.6118
-0.6314
-0.6512
-0.6705
-0.6888
-0.7057
-0.7206
-0.7333
-0.7436
-0.7515
-0.7571
-0.7608
-0.7631
-0.7647
-0.7667
-0.7697
-0.7748
-0.7824
-0.7927
-0.8058
-0.8212
-0.8382
-0.8559
-0.8734
-0.8900
-0.9051
-0.9185
-0.9301
-0.9403
-0.9494
-0.9582
-0.9669
-0.9762
-0.9859
-0.9962
-1.0065
-1.0164
-1.0250
-1.0316
-1.0354
-1.0358
-1.0325
-1.0254
-1.0147
-1.0005
-0.9834
-0.9637
-0.9418
-0.9181
-0.8928
-0.8663
-0.8387
-0.8106
-0.7821
-0.7539
-0.7262
-0.6995
-0.6741
-0.6502
-0.6279
-0.6073
-0.5884
-0.5711
-0.5553
-0.5410
-0.5279
-0.5159
-0.5048
-0.4943
-0.4843
-0.4746
-0.4650
-0.4553
-0.4455
-0.4355
-0.4252
-0.4143
-0.4027
-0.3904
-0.3774
-0.3638
-0.3500
-0.3364
-0.3236
-0.3122
-0.3027
-0.2955
-0.2907
-0.2879
-0.2868
-0.2865
-0.2862
-0.2850
-0.2820
-0.2766
-0.2684
-0.2573
-0.2432
-0.2266
-0.2077
-0.1870
-0.1649
-0.1418
-0.1179
-0.0936
-0.0691
-0.0450
-0.0215
0.0006
0.0207
0.0380
0.0519
0.0618
0.0672
0.0680
0.0643
0.0566
0.0453
0.0311
0.0148
-0.0030
-0.0222
-0.0425
-0.0642
-0.0878
-0.1136
-0.1425
-0.1749
-0.2111
-0.2514
-0.2957
-0.3438
-0.3952
-0.4493
-0.5053
-0.5625
-0.6200
-0.6769
-0.7325
-0.7859
-0.8366
-0.8839
-0.9274
-0.9669
-1.0022
-1.0334
-1.0608
-1.0850
-1.1068
-1.1270
-1.1467
-1.1673
-1.1898
-1.2154
-1.2448
-1.2785
-1.3166
-1.3585
-1.4036
-1.4506
-1.4982
-1.5448
-1.5893
-1.6306
-1.6683
-1.7020
-1.7321
-1.7593
-1.7842
-1.8080
-1.8314
-1.8553
-1.8803
-1.9068
-1.9352
-1.9657
-1.9983
-2.0332
-2.0703
-2.1094
-2.1503
-2.1926
-2.2357
-2.2790
-2.3215
-2.3626
-2.4013
-2.4369
-2.4689
-2.4970
-2.5209
-2.5408
-2.5569
-2.5699
-2.5804
-2.5892
-2.5973
-2.6054
-2.6143
-2.6246
-2.6368
-2.6509
-2.6669
-2.6845
-2.7035
-2.7235
-2.7442
-2.7652
-2.7865
-2.8079
-2.8294
-2.8509
-2.8725
-2.8939
-2.9152
-2.9362
-2.9570
-2.9776
-2.9981
-3.0188
-3.0400
-3.0619
-3.0847
-3.1085
-3.1331
-3.1583
-3.1836
-3.2084
-3.2321
-3.2541
-3.2737
-3.2907
-3.3047
-3.3161
-3.3249
-3.3319
-3.3378
-3.3433
-3.3492
-3.3561
-3.3645
-3.3744
-3.3857
-3.3981
-3.4109
-3.4234
-3.4350
-3.4449
-3.4527
-3.4579
-3.4601
-3.4593
-3.4553
-3.4483
-3.4383
-3.4256
-3.4108
-3.3942
-3.3765
-3.3583
-3.3401
-3.3225
-3.3059
-3.2903
-3.2759
-3.2625
-3.2499
-3.2376
-3.2253
-3.2125
-3.1989
-3.1844
-3.1688
-3.1521
-3.1346
-3.1164
-3.0977
-3.0784
-3.0587
-3.0382
-3.0168
-2.9938
-2.9687
-2.9411
-2.9106
-2.8768
-2.8400
-2.8004
-2.7586
-2.7156
-2.6724
-2.6302
-2.5900
-2.5527
-2.5188
-2.4886
-2.4619
-2.4381
-2.4166
-2.3962
-2.3761
-2.3553
-2.3329
-2.3085
-2.2816
-2.2522
-2.2202
-2.1861
-2.1501
-2.1128
-2.0748
-2.0369
-1.9997
-1.9640
-1.9304
-1.8994
-1.8713
-1.8461
-1.8236
-1.8034
-1.7850
-1.7675
-1.7502
-1.7325
-1.7135
-1.6928
-1.6701
-1.6453
-1.6185
-1.5901
-1.5606
-1.5303
-1.4999
-1.4696
-1.4397
-1.4101
-1.3807
-1.3510
-1.3207
-1.2894
-1.2572
-1.2239
-1.1899
-1.1555
-1.1213
-1.0876
-1.0550
-1.0236
-0.9935
-0.9644
-0.9360
-0.9077
-0.8788
-0.8487
-0.8168
-0.7827
-0.7460
-0.7068
-0.6652
-0.6216
-0.5764
-0.5303
-0.4836
-0.4368
-0.3904
-0.3447
-0.2999
-0.2561
-0.2137
-0.1726
-0.1330
-0.0953
-0.0596
-0.0263
0.0043
0.0320
0.0566
0.0780
0.0963
0.1120
0.1254
0.1372
0.1482
0.1589
0.1700
0.1817
0.1943
0.2078
0.2219
0.2366
0.2517
0.2670
0.2827
0.2986
0.3150
0.3319
0.3492
0.3667
0.3840
0.4003
0.4150
0.4271
0.4359
0.4407
0.4411
0.4370
0.4286
0.4164
0.4013
0.3841
0.3657
0.3471
0.3291
0.3122
0.2970
0.2836
0.2722
0.2624
0.2542
0.2471
0.2408
0.2347
0.2284
0.2215
0.2135
0.2042
0.1934
0.1811
0.1673
0.1523
0.1364
0.1198
0.1030
0.0864
0.0703
0.0552
0.0413
0.0289
0.0184
0.0098
0.0031
-0.0018
-0.0050
-0.0067
-0.0070
-0.0061
-0.0039
-0.0001
0.0052
0.0124
0.0215
0.0322
0.0443
0.0572
0.0702
0.0826
0.0939
0.1036
0.1115
0.1176
0.1223
0.1259
0.1292
0.1324
0.1362
0.1406
0.1456
0.1508
0.1558
0.1596
0.1617
0.1613
0.1579
0.1515
0.1423
0.1310
0.1184
0.1056
0.0936
0.0833
0.0754
0.0703
0.0682
0.0688
0.0716
0.0762
0.0819
0.0877
0.0931
0.0971
0.0994
0.0993
0.0966
0.0915
0.0842
0.0753
0.0655
0.0558
0.0467
0.0389
0.0325
0.0272
0.0225
0.0176
0.0112
0.0023
-0.0099
-0.0260
-0.0462
-0.0700
-0.0965
-0.1246
-0.1529
-0.1801
-0.2052
-0.2275
-0.2469
-0.2635
-0.2781
-0.2913
-0.3041
-0.3171
-0.3307
-0.3450
-0.3596
-0.3742
-0.3882
-0.4010
-0.4123
-0.4220
-0.4303
-0.4373
-0.4436
-0.4496
-0.4557
-0.4621
-0.4690
-0.4760
-0.4831
-0.4899
-0.4963
-0.5023
-0.5082
-0.5143
-0.5214
-0.5303
-0.5418
-0.5568
-0.5759
-0.5998
-0.6285
-0.6621
-0.7002
-0.7422
-0.7873
-0.8345
-0.8827
-0.9309
-0.9781
-1.0233
-1.0658
-1.1050
-1.1404
-1.1717
-1.1986
-1.2212
-1.2394
-1.2535
-1.2639
-1.2712
-1.2762
-1.2797
-1.2827
-1.2863
-1.2915
-1.2991
-1.3097
-1.3236
-1.3410
-1.3616
-1.3849
-1.4102
-1.4368
-1.4637
-1.4902
-1.5155
-1.5387
-1.5591
-1.5762
-1.5893
-1.5982
-1.6025
-1.6024
-1.5982
-1.5903
-1.5795
-1.5664
-1.5518
-1.5364
-1.5206
-1.5047
-1.4891
-1.4739
-1.4594
-1.4458
-1.4334
-1.4225
-1.4134
-1.4059
-1.4001
-1.3956
-1.3919
-1.3881
-1.3834
-1.3770
-1.3682
-1.3562
-1.3406
-1.3212
-1.2981
-1.2713
-1.2413
-1.2085
-1.1735
-1.1367
-1.0984
-1.0588
-1.0180
-0.9756
-0.9314
-0.8848
-0.8354
-0.7829
-0.7271
-0.6678
-0.6051
-0.5393
-0.4707
-0.3994
-0.3256
-0.2493
-0.1704
-0.0888
-0.0044
0.0828
0.1725
0.2641
0.3569
0.4496
0.5409
0.6294
0.7137
0.7923
0.8645
0.9293
0.9865
1.0358
1.0773
1.1110
1.1369
1.1550
1.1648
1.1661
1.1584
1.1414
1.1151
1.0801
1.0373
0.9884
0.9358
0.8822
0.8307
0.7847
0.7472
0.7208
0.7073
0.7079
0.7226
0.7505
0.7901
0.8390
0.8949
0.9553
1.0178
1.0808
1.1429
1.2034
1.2624
1.3200
1.3769
1.4336
1.4907
1.5484
1.6070
1.6662
1.7255
1.7845
1.8426
1.8991
1.9538
2.0061
2.0558
2.1024
2.1457
2.1850
2.2200
2.2501
2.2749
2.2944
2.3084
2.3176
2.3226
2.3243
2.3239
2.3226
2.3216
2.3219
2.3242
2.3286
2.3352
2.3432
2.3516
2.3591
2.3641
2.3653
2.3614
2.3515
2.3351
2.3125
2.2842
2.2512
2.2149
2.1764
2.1371
2.0979
2.0596
2.0225
1.9868
1.9522
1.9184
1.8849
1.8512
1.8166
1.7809
1.7434
1.7041
1.6627
1.6194
1.5742
1.5275
1.4796
1.4308
1.3816
1.3320
1.2824
1.2327
1.1830
1.1334
1.0837
1.0342
0.9849
0.9362
0.8882
0.8410
0.7947
0.7488
0.7032
0.6570
0.6098
0.5611
0.5106
0.4586
0.4056
0.3531
0.3025
0.2560
0.2153
0.1823
0.1581
0.1434
0.1378
0.1403
0.1492
0.1624
0.1775
0.1921
0.2041
0.2121
0.2149
0.2120
0.2036
0.1902
0.1728
0.1526
0.1306
0.1081
0.0859
0.0645
0.0440
0.0245
0.0055
-0.0134
-0.0325
-0.0522
-0.0724
-0.0929
-0.1136
-0.1341
-0.1540
-0.1731
-0.1913
-0.2088
-0.2256
-0.2423
-0.2592
-0.2768
-0.2954
-0.3154
-0.3373
-0.3613
-0.3875
-0.4160
-0.4468
-0.4795
-0.5137
-0.5489
-0.5844
-0.6194
-0.6533
-0.6855
-0.7157
-0.7438
-0.7699
-0.7944
-0.8178
-0.8407
-0.8637
-0.8872
-0.9113
-0.9360
-0.9610
-0.9858
-1.0099
-1.0325
-1.0531
-1.0714
-1.0872
-1.1004
-1.1114
-1.1205
-1.1281
-1.1348
-1.1410
-1.1470
-1.1530
-1.1593
-1.1657
-1.1723
-1.1791
-1.1861
-1.1935
-1.2013
-1.2100
-1.2198
-1.2310
-1.2440
-1.2589
-1.2761
-1.2953
-1.3165
-1.3394
-1.3634
-1.3879
-1.4121
-1.4350
-1.4558
-1.4734
-1.4872
-1.4967
-1.5016
-1.5020
-1.4984
-1.4915
-1.4819
-1.4707
-1.4587
-1.4466
-1.4350
-1.4241
-1.4142
-1.4051
-1.3967
-1.3884
-1.3799
-1.3705
-1.3596
-1.3466
-1.3309
-1.3122
-1.2901
-1.2646
-1.2358
-1.2039
-1.1694
-1.1328
-1.0948
-1.0559
-1.0170
-0.9785
-0.9410
-0.9051
-0.8711
-0.8395
-0.8104
-0.7842
-0.7608
-0.7402
-0.7220
-0.7058
-0.6910
-0.6768
-0.6626
-0.6478
-0.6318
-0.6145
-0.5959
-0.5762
-0.5561
-0.5362
-0.5170
-0.4991
-0.4829
-0.4686
-0.4560
-0.4450
-0.4350
-0.4256
-0.4162
-0.4064
-0.3958
-0.3841
-0.3712
-0.3572
-0.3423
-0.3268
-0.3110
-0.2956
-0.2809
-0.2677
-0.2562
-0.2470
-0.2405
-0.2369
-0.2364
-0.2391
-0.2451
-0.2543
-0.2667
-0.2823
-0.3010
-0.3227
-0.3473
-0.3746
-0.4044
-0.4365
-0.4706
-0.5062
-0.5432
-0.5811
-0.6196
-0.6585
-0.6973
-0.7360
-0.7741
-0.8116
-0.8482
-0.8840
-0.9189
-0.9533
-0.9874
-1.0219
-1.0575
-1.0948
-1.1345
-1.1771
-1.2228
-1.2716
-1.3230
-1.3764
-1.4306
-1.4848
-1.5377
-1.5882
-1.6356
-1.6791
-1.7183
-1.7530
-1.7833
-1.8093
-1.8316
-1.8509
-1.8680
-1.8839
-1.8995
-1.9159
-1.9337
-1.9537
-1.9760
-2.0005
-2.0269
-2.0547
-2.0829
-2.1108
-2.1377
-2.1629
-2.1860
-2.2067
-2.2248
-2.2403
-2.2532
-2.2633
-2.2707
-2.2753
-2.2771
-2.2763
-2.2732
-2.2681
-2.2614
-2.2537
-2.2455
-2.2370
-2.2285
-2.2201
-2.2119
-2.2035
-2.1949
-2.1857
-2.1757
-2.1646
-2.1522
-2.1384
-2.1232
-2.1067
-2.0890
-2.0702
-2.0507
-2.0305
-2.0098
-1.9886
-1.9668
-1.9444
-1.9211
-1.8970
-1.8719
-1.8459
-1.8193
-1.7923
-1.7652
-1.7381
-1.7111
-1.6838
-1.6560
-1.6271
-1.5967
-1.5645
-1.5304
-1.4946
-1.4578
-1.4208
-1.3845
-1.3499
-1.3176
-1.2882
-1.2618
-1.2384
-1.2176
-1.1988
-1.1814
-1.1650
-1.1490
-1.1333
-1.1178
-1.1025
-1.0873
-1.0724
-1.0577
-1.0430
-1.0280
-1.0125
-0.9960
-0.9783
-0.9593
-0.9389
-0.9176
-0.8955
-0.8732
-0.8511
-0.8296
-0.8090
-0.7895
-0.7710
-0.7535
-0.7369
-0.7209
-0.7054
-0.6902
-0.6754
-0.6607
-0.6461
-0.6315
-0.6169
-0.6022
-0.5873
-0.5724
-0.5572
-0.5419
-0.5264
-0.5108
-0.4950
-0.4792
-0.4632
-0.4470
-0.4304
-0.4132
-0.3953
-0.3766
-0.3568
-0.3361
-0.3146
-0.2927
-0.2708
-0.2495
-0.2293
-0.2108
-0.1944
-0.1805
-0.1692
-0.1607
-0.1550
-0.1518
-0.1510
-0.1525
-0.1560
-0.1613
-0.1681
-0.1763
-0.1853
-0.1951
-0.2051
-0.2150
-0.2245
-0.2331
-0.2407
-0.2469
-0.2519
-0.2554
-0.2579
-0.2596
-0.2608
-0.2621
-0.2638
-0.2665
-0.2705
-0.2761
-0.2837
-0.2935
-0.3054
-0.3197
-0.3363
-0.3550
-0.3755
-0.3976
-0.4208
-0.4447
-0.4689
-0.4931
-0.5169
-0.5402
-0.5627
-0.5844
-0.6051
-0.6246
-0.6429
-0.6596
-0.6748
-0.6885
-0.7008
-0.7119
-0.7222
-0.7321
-0.7420
-0.7523
-0.7631
-0.7747
-0.7870
-0.8001
-0.8141
-0.8292
-0.8457
-0.8642
-0.8851
-0.9089
-0.9360
-0.9664
-0.9998
-1.0356
-1.0730
-1.1110
-1.1485
-1.1847
-1.2185
-1.2494
-1.2768
-1.3004
-1.3202
-1.3362
-1.3487
-1.3580
-1.3649
-1.3699
-1.3741
-1.3784
-1.3835
-1.3904
-1.3994
-1.4109
-1.4246
-1.4402
-1.4570
-1.4741
-1.4906
-1.5057
-1.5186
-1.5288
-1.5361
-1.5406
-1.5425
-1.5423
-1.5407
-1.5382
-1.5354
-1.5329
-1.5310
-1.5299
-1.5297
-1.5304
-1.5319
-1.5340
-1.5365
-1.5392
-1.5419
-1.5441
-1.5456
-1.5459
-1.5449
-1.5423
-1.5379
-1.5317
-1.5237
-1.5143
-1.5036
-1.4922
-1.4803
-1.4683
-1.4568
-1.4460
-1.4362
-1.4276
-1.4205
-1.4147
-1.4101
-1.4064
-1.4029
-1.3991
-1.3941
-1.3873
-1.3778
-1.3652
-1.3493
-1.3301
-1.3079
-1.2834
-1.2572
-1.2302
-1.2032
-1.1768
-1.1513
-1.1269
-1.1034
-1.0804
-1.0572
-1.0333
-1.0080
-0.9806
-0.9509
-0.9187
-0.8840
-0.8473
-0.8091
-0.7702
-0.7312
-0.6932
-0.6566
-0.6221
-0.5901
-0.5607
-0.5339
-0.5093
-0.4869
-0.4662
-0.4471
-0.4295
-0.4132
-0.3985
-0.3856
-0.3747
-0.3661
-0.3600
-0.3567
-0.3559
-0.3577
-0.3617
-0.3675
-0.3746
-0.3827
-0.3911
-0.3996
-0.4077
-0.4152
-0.4220
-0.4280
-0.4330
-0.4371
-0.4400
-0.4416
-0.4419
-0.4407
-0.4380
-0.4337
-0.4282
-0.4215
-0.4142
-0.4065
-0.3992
-0.3926
-0.3871
-0.3832
-0.3809
-0.3804
-0.3815
-0.3843
-0.3884
-0.3937
-0.4000
-0.4070
-0.4146
-0.4225
-0.4304
-0.4381
-0.4451
-0.4511
-0.4559
-0.4593
-0.4612
-0.4619
-0.4616
-0.4607
-0.4597
-0.4590
-0.4591
-0.4601
-0.4620
-0.4648
-0.4681
-0.4718
-0.4753
-0.4787
-0.4816
-0.4842
-0.4865
-0.4887
-0.4912
-0.4941
-0.4975
-0.5014
-0.5058
-0.5105
-0.5150
-0.5190
-0.5217
-0.5226
-0.5213
-0.5171
-0.5097
-0.4992
-0.4856
-0.4695
-0.4514
-0.4323
-0.4131
-0.3946
-0.3778
-0.3632
-0.3512
-0.3419
-0.3350
-0.3303
-0.3272
-0.3253
-0.3241
-0.3232
-0.3223
-0.3212
-0.3201
-0.3189
-0.3176
-0.3165
-0.3155
-0.3147
-0.3143
-0.3141
-0.3143
-0.3149
-0.3163
-0.3185
-0.3219
-0.3266
-0.3328
-0.3406
-0.3499
-0.3603
-0.3715
-0.3829
-0.3940
-0.4040
-0.4126
-0.4193
-0.4238
-0.4258
-0.4254
-0.4224
-0.4171
-0.4095
-0.4001
-0.3891
-0.3769
-0.3640
-0.3508
-0.3377
-0.3250
-0.3130
-0.3016
-0.2909
-0.2809
-0.2715
-0.2625
-0.2540
-0.2459
-0.2384
-0.2312
-0.2242
-0.2170
-0.2092
-0.2002
-0.1891
-0.1755
-0.1587
-0.1384
-0.1146
-0.0875
-0.0578
-0.0261
0.0067
0.0397
0.0721
0.1033
0.1328
0.1605
0.1865
0.2110
0.2344
0.2569
0.2791
0.3011
0.3231
0.3452
0.3673
0.3895
0.4118
0.4342
0.4569
0.4801
0.5042
0.5294
0.5558
0.5834
0.6122
0.6418
0.6716
0.7012
0.7297
0.7566
0.7816
0.8042
0.8244
0.8426
0.8592
0.8748
0.8902
0.9062
0.9237
0.9433
0.9653
0.9900
1.0171
1.0463
1.0769
1.1081
1.1392
1.1694
1.1982
1.2250
1.2500
1.2730
1.2945
1.3147
1.3342
1.3535
1.3729
1.3929
1.4136
1.4351
1.4576
1.4808
1.5047
1.5290
1.5534
1.5776
1.6013
1.6241
1.6458
1.6661
1.6847
1.7015
1.7161
1.7285
1.7387
1.7466
1.7524
1.7562
1.7582
1.7586
1.7574
1.7548
1.7507
1.7450
1.7375
1.7281
1.7168
1.7034
1.6882
1.6716
1.6538
1.6354
1.6168
1.5984
1.5805
1.5634
1.5471
1.5316
1.5170
1.5032
1.4901
1.4778
1.4662
1.4553
1.4451
1.4355
1.4265
1.4180
1.4097
1.4015
1.3933
1.3849
1.3762
1.3671
1.3574
1.3471
1.3362
1.3247
1.3128
1.3005
1.2882
1.2762
1.2647
1.2541
1.2446
1.2366
1.2301
1.2251
1.2218
1.2199
1.2193
1.2198
1.2212
1.2234
1.2263
1.2297
1.2337
1.2382
1.2431
1.2486
1.2547
1.2615
1.2691
1.2775
1.2867
1.2967
1.3073
1.3183
1.3294
1.3401
1.3502
1.3594
1.3673
1.3741
1.3796
1.3841
1.3878
1.3910
1.3939
1.3969
1.4001
1.4035
1.4074
1.4118
1.4166
1.4220
1.4280
1.4347
1.4423
1.4507
1.4601
1.4707
1.4823
1.4950
1.5085
1.5224
1.5364
1.5500
1.5627
1.5739
1.5833
1.5908
1.5963
1.5999
1.6021
1.6031
1.6035
1.6035
1.6035
1.6037
1.6041
1.6046
1.6051
1.6054
1.6053
1.6044
1.6025
1.5995
1.5950
1.5890
1.5813
1.5719
1.5607
1.5477
1.5330
1.5166
1.4985
1.4786
1.4569
1.4332
1.4072
1.3787
1.3476
1.3137
1.2771
1.2380
1.1966
1.1531
1.1080
1.0616
1.0142
0.9660
0.9173
0.8684
0.8196
0.7711
0.7236
0.6773
0.6328
0.5904
0.5502
0.5123
0.4764
0.4421
0.4090
0.3765
0.3442
0.3116
0.2785
0.2448
0.2105
0.1758
0.1406
0.1051
0.0694
0.0335
-0.0025
-0.0385
-0.0745
-0.1103
-0.1454
-0.1797
-0.2128
-0.2444
-0.2744
-0.3029
-0.3300
-0.3563
-0.3825
-0.4091
-0.4371
-0.4669
-0.4993
-0.5343
-0.5719
-0.6118
-0.6534
-0.6958
-0.7381
-0.7795
-0.8191
-0.8562
-0.8904
-0.9217
-0.9501
-0.9759
-0.9995
-1.0215
-1.0423
-1.0623
-1.0818
-1.1008
-1.1194
-1.1376
-1.1553
-1.1724
-1.1889
-1.2051
-1.2209
-1.2366
-1.2524
-1.2684
-1.2844
-1.3004
-1.3161
-1.3311
-1.3451
-1.3575
-1.3681
-1.3766
-1.3829
-1.3871
-1.3893
-1.3899
-1.3892
-1.3875
-1.3853
-1.3828
-1.3802
-1.3777
-1.3754
-1.3732
-1.3713
-1.3696
-1.3682
-1.3669
-1.3659
-1.3649
-1.3638
-1.3626
-1.3608
-1.3582
-1.3545
-1.3491
-1.3415
-1.3312
-1.3175
-1.3000
-1.2782
-1.2518
-1.2210
-1.1858
-1.1470
-1.1052
-1.0615
-1.0171
-0.9729
-0.9300
-0.8893
-0.8512
-0.8161
-0.7841
-0.7549
-0.7284
-0.7041
-0.6816
-0.6605
-0.6405
-0.6212
-0.6025
-0.5838
-0.5649
-0.5453
-0.5249
-0.5031
-0.4799
-0.4551
-0.4289
-0.4016
-0.3737
-0.3457
-0.3183
-0.2918
-0.2667
-0.2431
-0.2210
-0.1999
-0.1795
-0.1593
-0.1389
-0.1179
-0.0962
-0.0737
-0.0508
-0.0278
-0.0052
0.0168
0.0379
0.0578
0.0767
0.0948
0.1124
0.1300
0.1480
0.1669
0.1870
0.2085
0.2314
0.2557
0.2812
0.3075
0.3345
0.3615
0.3884
0.4147
0.4403
0.4650
0.4886
0.5112
0.5327
0.5530
0.5721
0.5898
0.6063
0.6213
0.6352
0.6479
0.6597
0.6712
0.6827
0.6948
0.7078
0.7222
0.7381
0.7555
0.7741
0.7935
0.8130
0.8319
0.8496
0.8652
0.8784
0.8888
0.8964
0.9014
0.9040
0.9048
0.9044
0.9034
0.9024
0.9018
0.9022
0.9037
0.9064
0.9104
0.9156
0.9218
0.9291
0.9373
0.9463
0.9560
0.9666
0.9778
0.9897
1.0022
1.0151
1.0282
1.0415
1.0547
1.0676
1.0802
1.0923
1.1038
1.1146
1.1247
1.1340
1.1425
1.1503
1.1573
1.1635
1.1690
1.1738
1.1782
1.1823
1.1861
1.1900
1.1941
1.1984
1.2031
1.2081
1.2134
1.2189
1.2243
1.2298
1.2351
1.2404
1.2458
1.2516
1.2580
1.2654
1.2740
1.2839
1.2953
1.3080
1.3218
1.3362
1.3510
1.3656
1.3795
1.3923
1.4037
1.4135
1.4214
1.4275
1.4318
1.4341
1.4346
1.4333
1.4302
1.4255
1.4191
1.4113
1.4020
1.3917
1.3805
1.3686
1.3565
1.3443
1.3323
1.3205
1.3091
1.2979
1.2867
1.2755
1.2639
1.2521
1.2398
1.2273
1.2147
1.2024
1.1905
1.1796
1.1698
1.1615
1.1547
1.1497
1.1463
1.1445
1.1440
1.1444
1.1453
1.1462
1.1465
1.1457
1.1435
1.1394
1.1334
1.1258
1.1166
1.1066
1.0962
1.0859
1.0764
1.0680
1.0608
1.0549
1.0500
1.0460
1.0425
1.0392
1.0359
1.0326
1.0293
1.0260
1.0229
1.0202
1.0180
1.0161
1.0146
1.0131
1.0116
1.0099
1.0077
1.0053
1.0027
1.0001
0.9981
0.9969
0.9970
0.9987
1.0023
1.0077
1.0150
1.0239
1.0341
1.0451
1.0567
1.0683
1.0798
1.0909
1.1015
1.1117
1.1215
1.1312
1.1409
1.1508
1.1613
1.1723
1.1840
1.1964
1.2093
1.2226
1.2362
1.2498
1.2632
1.2764
1.2894
1.3021
1.3145
1.3267
1.3387
1.3505
1.3618
1.3727
1.3828
1.3921
1.4006
1.4081
1.4149
1.4211
1.4269
1.4326
1.4383
1.4442
1.4503
1.4566
1.4629
1.4690
1.4744
1.4789
1.4822
1.4841
1.4844
1.4831
1.4807
1.4773
1.4735
1.4698
1.4668
1.4650
1.4646
1.4660
1.4692
1.4740
1.4803
1.4879
1.4963
1.5052
1.5141
1.5226
1.5301
1.5361
1.5401
1.5417
1.5406
1.5366
1.5300
1.5209
1.5099
1.4974
1.4843
1.4709
1.4577
1.4450
1.4327
1.4207
1.4087
1.3964
1.3833
1.3694
1.3544
1.3385
1.3220
1.3053
1.2889
1.2735
1.2596
1.2476
1.2379
1.2303
1.2248
1.2210
1.2183
1.2161
1.2138
1.2108
1.2064
1.2004
1.1923
1.1821
1.1698
1.1554
1.1393
1.1217
1.1028
1.0831
1.0628
1.0420
1.0209
0.9995
0.9776
0.9552
0.9319
0.9078
0.8827
0.8566
0.8298
0.8023
0.7748
0.7477
0.7215
0.6967
0.6739
0.6533
0.6353
0.6198
0.6070
0.5969
0.5894
0.5844
0.5821
0.5824
0.5853
0.5908
0.5988
0.6089
0.6208
0.6340
0.6479
0.6618
0.6752
0.6874
0.6981
0.7068
0.7135
0.7179
0.7203
0.7208
0.7196
0.7171
0.7137
0.7099
0.7062
0.7030
0.7008
0.7000
0.7007
0.7031
0.7070
0.7121
0.7179
0.7241
0.7300
0.7353
0.7398
0.7434
0.7461
0.7483
0.7504
0.7530
0.7565
0.7615
0.7683
0.7772
0.7884
0.8019
0.8174
0.8346
0.8531
0.8721
0.8909
0.9088
0.9249
0.9386
0.9494
0.9568
0.9608
0.9614
0.9590
0.9541
0.9474
0.9398
0.9322
0.9254
0.9203
0.9177
0.9178
0.9211
0.9275
0.9367
0.9482
0.9614
0.9755
0.9897
1.0031
1.0154
1.0258
1.0343
1.0406
1.0450
1.0476
1.0487
1.0486
1.0476
1.0460
1.0441
1.0423
1.0408
1.0401
1.0405
1.0424
1.0461
1.0521
1.0603
1.0708
1.0833
1.0975
1.1128
1.1287
1.1443
1.1594
1.1733
1.1859
1.1971
1.2070
1.2157
1.2234
1.2304
1.2368
1.2428
1.2484
1.2537
1.2590
1.2643
1.2701
1.2764
1.2836
1.2918
1.3010
1.3111
1.3220
1.3334
1.3449
1.3563
1.3674
1.3780
1.3877
1.3966
1.4044
1.4112
1.4170
1.4218
1.4259
1.4297
1.4336
1.4381
1.4437
1.4505
1.4586
1.4677
1.4772
1.4863
1.4939
1.4991
1.5011
1.4995
1.4940
1.4851
1.4735
1.4602
1.4466
1.4342
1.4242
1.4178
1.4160
1.4194
1.4284
1.4431
1.4631
1.4882
1.5175
1.5503
1.5856
1.6223
1.6592
1.6954
1.7298
1.7619
1.7910
1.8168
1.8390
1.8574
1.8717
1.8815
1.8862
1.8853
1.8785
1.8655
1.8464
1.8219
1.7930
1.7615
1.7290
1.6976
1.6689
1.6446
1.6256
1.6122
1.6045
1.6017
1.6028
1.6068
1.6125
1.6190
1.6257
1.6323
1.6388
1.6452
1.6518
1.6590
1.6668
1.6754
1.6846
1.6944
1.7043
1.7140
1.7232
1.7314
1.7382
1.7432
1.7458
1.7458
1.7430
1.7374
1.7291
1.7184
1.7060
1.6926
1.6791
1.6664
1.6556
1.6473
1.6423
1.6409
1.6431
1.6488
1.6573
1.6678
1.6794
1.6907
1.7005
1.7075
1.7109
1.7097
1.7039
1.6938
1.6803
1.6651
1.6501
1.6379
1.6306
1.6303
1.6385
1.6556
1.6813
1.7145
1.7530
1.7942
1.8352
1.8732
1.9056
1.9305
1.9466
1.9536
1.9520
1.9431
1.9288
1.9114
1.8931
1.8760
1.8618
1.8517
1.8461
1.8451
1.8481
1.8545
1.8634
1.8741
1.8857
1.8975
1.9089
1.9193
1.9278
1.9339
1.9370
1.9366
1.9325
1.9250
1.9144
1.9015
1.8875
1.8734
1.8605
1.8496
1.8414
1.8365
1.8348
1.8363
1.8404
1.8467
1.8544
1.8631
1.8720
1.8808
1.8890
1.8962
1.9023
1.9071
1.9107
1.9130
1.9144
1.9149
1.9151
1.9151
1.9154
1.9163
1.9178
1.9201
1.9229
1.9258
1.9284
1.9300
1.9302
1.9282
1.9238
1.9165
1.9063
1.8933
1.8777
1.8595
1.8390
1.8164
1.7917
1.7652
1.7369
1.7072
1.6765
