1.6463
1.6208
1.5955
1.5704
1.5459
1.5219
1.4987
1.4763
1.4549
1.4344
1.4148
1.3962
1.3786
1.3619
1.3461
1.3311
1.3167
1.3029
1.2895
1.2763
1.2632
1.2501
1.2366
1.2228
1.2084
1.1935
1.1781
1.1621
1.1457
1.1289
1.1120
1.0952
1.0785
1.0623
1.0466
1.0318
1.0177
1.0047
0.9927
0.9817
0.9718
0.9628
0.9548
0.9476
0.9410
0.9350
0.9294
0.9241
0.9189
0.9137
0.9085
0.9031
0.8974
0.8915
0.8853
0.8789
0.8722
0.8655
0.8588
0.8522
0.8459
0.8399
0.8344
0.8294
0.8249
0.8210
0.8175
0.8143
0.8113
0.8083
0.8052
0.8019
0.7981
0.7938
0.7891
0.7840
0.7785
0.7728
0.7671
0.7617
0.7567
0.7523
0.7488
0.7463
0.7450
0.7449
0.7461
0.7487
0.7527
0.7582
0.7651
0.7734
0.7832
0.7944
0.8069
0.8206
0.8354
0.8510
0.8671
0.8833
0.8992
0.9144
0.9284
0.9406
0.9507
0.9582
0.9628
0.9642
0.9625
0.9574
0.9493
0.9383
0.9247
0.9088
0.8912
0.8723
0.8525
0.8321
0.8116
0.7913
0.7714
0.7520
0.7333
0.7154
0.6983
0.6819
0.6664
0.6517
0.6378
0.6248
0.6128
0.6018
0.5919
0.5832
0.5758
0.5696
0.5648
0.5612
0.5588
0.5572
0.5563
0.5557
0.5550
0.5538
0.5516
0.5480
0.5428
0.5355
0.5260
0.5143
0.5004
0.4845
0.4668
0.4477
0.4277
0.4070
0.3862
0.3656
0.3455
0.3261
0.3074
0.2895
0.2721
0.2550
0.2378
0.2202
0.2016
0.1817
0.1598
0.1357
0.1089
0.0794
0.0469
0.0115
-0.0267
-0.0674
-0.1101
-0.1545
-0.1998
-0.2453
-0.2905
-0.3347
-0.3771
-0.4173
-0.4547
-0.4891
-0.5203
-0.5482
-0.5729
-0.5945
-0.6134
-0.6299
-0.6442
-0.6567
-0.6676
-0.6772
-0.6856
-0.6926
-0.6984
-0.7028
-0.7056
-0.7067
-0.7058
-0.7029
-0.6979
-0.6909
-0.6818
-0.6708
-0.6583
-0.6443
-0.6294
-0.6138
-0.5979
-0.5821
-0.5668
-0.5523
-0.5390
-0.5271
-0.5168
-0.5083
-0.5018
-0.4971
-0.4943
-0.4933
-0.4937
-0.4954
-0.4981
-0.5012
-0.5046
-0.5077
-0.5101
-0.5116
-0.5118
-0.5105
-0.5074
-0.5027
-0.4962
-0.4881
-0.4785
-0.4679
-0.4564
-0.4445
-0.4326
-0.4210
-0.4101
-0.4003
-0.3918
-0.3849
-0.3796
-0.3761
-0.3743
-0.3741
-0.3754
-0.3781
-0.3819
-0.3865
-0.3918
-0.3975
-0.4034
-0.4092
-0.4149
-0.4201
-0.4249
-0.4291
-0.4326
-0.4352
-0.4369
-0.4375
-0.4368
-0.4347
-0.4310
-0.4256
-0.4182
-0.4088
-0.3974
-0.3837
-0.3680
-0.3502
-0.3306
-0.3093
-0.2866
-0.2628
-0.2381
-0.2129
-0.1873
-0.1616
-0.1359
-0.1104
-0.0852
-0.0601
-0.0353
-0.0106
0.0140
0.0386
0.0632
0.0878
0.1124
0.1370
0.1615
0.1858
0.2097
0.2331
0.2559
0.2779
0.2991
0.3192
0.3384
0.3565
0.3736
0.3897
0.4051
0.4199
0.4342
0.4483
0.4623
0.4764
0.4908
0.5056
0.5209
0.5369
0.5534
0.5706
0.5883
0.6065
0.6250
0.6438
0.6627
0.6816
0.7003
0.7189
0.7371
0.7549
0.7723
0.7892
0.8057
0.8217
0.8373
0.8524
0.8670
0.8812
0.8947
0.9076
0.9197
0.9308
0.9408
0.9495
0.9568
0.9625
0.9665
0.9687
0.9691
0.9677
0.9646
0.9599
0.9538
0.9465
0.9381
0.9288
0.9189
0.9086
0.8979
0.8871
0.8763
0.8654
0.8546
0.8438
0.8329
0.8220
0.8108
0.7992
0.7870
0.7741
0.7602
0.7451
0.7288
0.7110
0.6917
0.6707
0.6482
0.6242
0.5988
0.5723
0.5448
0.5167
0.4883
0.4598
0.4318
0.4044
0.3779
0.3525
0.3285
0.3058
0.2846
0.2647
0.2461
0.2285
0.2118
0.1957
0.1798
0.1641
0.1482
0.1319
0.1150
0.0976
0.0795
0.0607
0.0413
0.0216
0.0016
-0.0185
-0.0383
-0.0578
-0.0765
-0.0945
-0.1114
-0.1272
-0.1418
-0.1552
-0.1674
-0.1785
-0.1886
-0.1977
-0.2061
-0.2138
-0.2209
-0.2275
-0.2337
-0.2396
-0.2453
-0.2508
-0.2563
-0.2620
-0.2679
-0.2743
-0.2813
-0.2891
-0.2980
-0.3080
-0.3193
-0.3320
-0.3462
-0.3617
-0.3784
-0.3963
-0.4150
-0.4343
-0.4541
-0.4738
-0.4934
-0.5126
-0.5311
-0.5488
-0.5657
-0.5817
-0.5968
-0.6113
-0.6251
-0.6385
-0.6517
-0.6648
-0.6780
-0.6916
-0.7057
-0.7202
-0.7353
-0.7510
-0.7671
-0.7836
-0.8002
-0.8168
-0.8332
-0.8490
-0.8641
-0.8781
-0.8909
-0.9022
-0.9120
-0.9200
-0.9263
-0.9308
-0.9336
-0.9349
-0.9347
-0.9333
-0.9309
-0.9279
-0.9246
-0.9212
-0.9181
-0.9156
-0.9140
-0.9138
-0.9150
-0.9182
-0.9234
-0.9309
-0.9410
-0.9538
-0.9694
-0.9879
-1.0095
-1.0340
-1.0614
-1.0917
-1.1247
-1.1603
-1.1983
-1.2384
-1.2805
-1.3243
-1.3696
-1.4163
-1.4641
-1.5128
-1.5621
-1.6120
-1.6620
-1.7120
-1.7617
-1.8106
-1.8584
-1.9047
-1.9492
-1.9915
-2.0313
-2.0684
-2.1025
-2.1336
-2.1618
-2.1871
-2.2097
-2.2299
-2.2480
-2.2644
-2.2793
-2.2932
-2.3063
-2.3189
-2.3311
-2.3431
-2.3549
-2.3664
-2.3776
-2.3882
-2.3982
-2.4072
-2.4149
-2.4212
-2.4258
-2.4284
-2.4289
-2.4270
-2.4228
-2.4163
-2.4074
-2.3965
-2.3837
-2.3694
-2.3541
-2.3382
-2.3222
-2.3067
-2.2921
-2.2789
-2.2674
-2.2579
-2.2504
-2.2450
-2.2414
-2.2395
-2.2389
-2.2392
-2.2399
-2.2405
-2.2407
-2.2400
-2.2382
-2.2350
-2.2304
-2.2242
-2.2165
-2.2075
-2.1973
-2.1860
-2.1738
-2.1609
-2.1476
-2.1339
-2.1201
-2.1061
-2.0922
-2.0784
-2.0647
-2.0512
-2.0379
-2.0249
-2.0121
-1.9996
-1.9873
-1.9752
-1.9633
-1.9516
-1.9399
-1.9283
-1.9166
-1.9048
-1.8928
-1.8805
-1.8679
-1.8550
-1.8417
-1.8280
-1.8140
-1.7997
-1.7852
-1.7705
-1.7558
-1.7411
-1.7267
-1.7126
-1.6990
-1.6860
-1.6738
-1.6625
-1.6523
-1.6432
-1.6355
-1.6292
-1.6243
-1.6211
-1.6195
-1.6194
-1.6209
-1.6239
-1.6283
-1.6339
-1.6406
-1.6483
-1.6567
-1.6657
-1.6752
-1.6850
-1.6950
-1.7051
-1.7152
-1.7254
-1.7356
-1.7459
-1.7562
-1.7665
-1.7770
-1.7875
-1.7982
-1.8090
-1.8199
-1.8309
-1.8420
-1.8532
-1.8645
-1.8759
-1.8873
-1.8988
-1.9104
-1.9220
-1.9336
-1.9453
-1.9571
-1.9688
-1.9805
-1.9922
-2.0039
-2.0155
-2.0272
-2.0388
-2.0506
-2.0624
-2.0744
-2.0865
-2.0987
-2.1110
-2.1233
-2.1354
-2.1474
-2.1588
-2.1697
-2.1796
-2.1885
-2.1961
-2.2023
-2.2069
-2.2098
-2.2110
-2.2105
-2.2084
-2.2048
-2.1998
-2.1936
-2.1864
-2.1784
-2.1698
-2.1607
-2.1512
-2.1415
-2.1317
-2.1218
-2.1118
-2.1018
-2.0918
-2.0818
-2.0717
-2.0616
-2.0514
-2.0410
-2.0306
-2.0201
-2.0094
-1.9986
-1.9877
-1.9766
-1.9654
-1.9541
-1.9426
-1.9311
-1.9195
-1.9079
-1.8963
-1.8847
-1.8732
-1.8617
-1.8502
-1.8386
-1.8269
-1.8149
-1.8024
-1.7894
-1.7755
-1.7607
-1.7448
-1.7276
-1.7090
-1.6889
-1.6673
-1.6442
-1.6197
-1.5939
-1.5671
-1.5393
-1.5109
-1.4821
-1.4530
-1.4241
-1.3954
-1.3673
-1.3398
-1.3131
-1.2874
-1.2627
-1.2391
-1.2165
-1.1951
-1.1747
-1.1553
-1.1369
-1.1194
-1.1027
-1.0867
-1.0714
-1.0567
-1.0424
-1.0286
-1.0152
-1.0022
-0.9896
-0.9773
-0.9654
-0.9539
-0.9430
-0.9326
-0.9229
-0.9139
-0.9057
-0.8985
-0.8923
-0.8873
-0.8835
-0.8810
-0.8799
-0.8802
-0.8820
-0.8853
-0.8899
-0.8961
-0.9036
-0.9124
-0.9225
-0.9338
-0.9462
-0.9597
-0.9742
-0.9896
-1.0060
-1.0234
-1.0416
-1.0607
-1.0806
-1.1014
-1.1229
-1.1452
-1.1681
-1.1916
-1.2156
-1.2400
-1.2647
-1.2896
-1.3146
-1.3395
-1.3643
-1.3889
-1.4131
-1.4369
-1.4602
-1.4829
-1.5052
-1.5268
-1.5480
-1.5688
-1.5892
-1.6095
-1.6298
-1.6502
-1.6710
-1.6923
-1.7142
-1.7370
-1.7607
-1.7853
-1.8109
-1.8375
-1.8650
-1.8933
-1.9222
-1.9516
-1.9814
-2.0113
-2.0413
-2.0712
-2.1008
-2.1300
-2.1587
-2.1868
-2.2143
-2.2409
-2.2667
-2.2914
-2.3150
-2.3372
-2.3580
-2.3771
-2.3944
-2.4097
-2.4228
-2.4335
-2.4418
-2.4475
-2.4506
-2.4510
-2.4488
-2.4440
-2.4368
-2.4273
-2.4157
-2.4022
-2.3870
-2.3703
-2.3523
-2.3331
-2.3130
-2.2920
-2.2703
-2.2480
-2.2252
-2.2019
-2.1781
-2.1541
-2.1297
-2.1052
-2.0806
-2.0559
-2.0312
-2.0066
-1.9822
-1.9578
-1.9337
-1.9098
-1.8860
-1.8625
-1.8392
-1.8161
-1.7933
-1.7709
-1.7488
-1.7271
-1.7060
-1.6855
-1.6656
-1.6465
-1.6281
-1.6106
-1.5938
-1.5780
-1.5629
-1.5487
-1.5354
-1.5231
-1.5116
-1.5012
-1.4920
-1.4840
-1.4773
-1.4723
-1.4688
-1.4672
-1.4676
-1.4699
-1.4743
-1.4807
-1.4892
-1.4996
-1.5116
-1.5252
-1.5399
-1.5555
-1.5715
-1.5875
-1.6032
-1.6180
-1.6315
-1.6434
-1.6534
-1.6612
-1.6666
-1.6697
-1.6705
-1.6693
-1.6662
-1.6616
-1.6561
-1.6501
-1.6441
-1.6385
-1.6339
-1.6305
-1.6285
-1.6281
-1.6293
-1.6317
-1.6352
-1.6392
-1.6433
-1.6467
-1.6489
-1.6491
-1.6468
-1.6413
-1.6321
-1.6188
-1.6012
-1.5790
-1.5522
-1.5209
-1.4853
-1.4456
-1.4022
-1.3554
-1.3056
-1.2533
-1.1988
-1.1424
-1.0846
-1.0254
-0.9653
-0.9044
-0.8429
-0.7810
-0.7188
-0.6566
-0.5943
-0.5322
-0.4703
-0.4087
-0.3474
-0.2864
-0.2258
-0.1654
-0.1053
-0.0455
0.0139
0.0729
0.1313
0.1890
0.2456
0.3009
0.3546
0.4064
0.4558
0.5028
0.5469
0.5880
0.6261
0.6611
0.6931
0.7222
0.7487
0.7728
0.7948
0.8150
0.8338
0.8515
0.8684
0.8846
0.9005
0.9161
0.9316
0.9471
0.9627
0.9786
0.9948
1.0116
1.0291
1.0476
1.0672
1.0882
1.1107
1.1349
1.1608
1.1885
1.2179
1.2487
1.2807
1.3135
1.3467
1.3798
1.4124
1.4439
1.4738
1.5017
1.5272
1.5500
1.5697
1.5863
1.5996
1.6097
1.6164
1.6201
1.6209
1.6191
1.6149
1.6088
1.6010
1.5919
1.5818
1.5709
1.5596
1.5478
1.5357
1.5233
1.5102
1.4964
1.4816
1.4653
1.4472
1.4270
1.4044
1.3790
1.3506
1.3193
1.2851
1.2481
1.2087
1.1672
1.1242
1.0802
1.0360
0.9920
0.9489
0.9073
0.8676
0.8303
0.7955
0.7635
0.7343
0.7080
0.6842
0.6630
0.6439
0.6266
0.6109
0.5963
0.5826
0.5695
0.5565
0.5435
0.5302
0.5164
0.5017
0.4861
0.4693
0.4512
0.4315
0.4103
0.3874
0.3629
0.3367
0.3090
0.2800
0.2500
0.2191
0.1878
0.1564
0.1252
0.0947
0.0651
0.0367
0.0098
-0.0156
-0.0392
-0.0610
-0.0811
-0.0996
-0.1164
-0.1319
-0.1461
-0.1594
-0.1718
-0.1838
-0.1955
-0.2071
-0.2189
-0.2310
-0.2438
-0.2573
-0.2716
-0.2868
-0.3031
-0.3203
-0.3385
-0.3576
-0.3776
-0.3983
-0.4196
-0.4415
-0.4636
-0.4861
-0.5087
-0.5313
-0.5539
-0.5764
-0.5987
-0.6208
-0.6427
-0.6644
-0.6857
-0.7068
-0.7277
-0.7483
-0.7686
-0.7887
-0.8087
-0.8284
-0.8480
-0.8674
-0.8867
-0.9059
-0.9249
-0.9437
-0.9622
-0.9804
-0.9981
-1.0153
-1.0318
-1.0476
-1.0625
-1.0764
-1.0894
-1.1014
-1.1123
-1.1224
-1.1315
-1.1400
-1.1479
-1.1553
-1.1625
-1.1695
-1.1765
-1.1836
-1.1908
-1.1982
-1.2057
-1.2133
-1.2208
-1.2283
-1.2355
-1.2424
-1.2489
-1.2547
-1.2599
-1.2643
-1.2679
-1.2706
-1.2723
-1.2730
-1.2725
-1.2708
-1.2679
-1.2637
-1.2580
-1.2509
-1.2424
-1.2324
-1.2209
-1.2081
-1.1939
-1.1785
-1.1620
-1.1444
-1.1259
-1.1065
-1.0862
-1.0650
-1.0430
-1.0199
-0.9958
-0.9705
-0.9439
-0.9159
-0.8865
-0.8555
-0.8230
-0.7891
-0.7537
-0.7170
-0.6793
-0.6407
-0.6014
-0.5618
-0.5222
-0.4827
-0.4436
-0.4051
-0.3675
-0.3308
-0.2950
-0.2603
-0.2266
-0.1937
-0.1617
-0.1304
-0.0998
-0.0697
-0.0401
-0.0110
0.0178
0.0461
0.0741
0.1016
0.1288
0.1555
0.1818
0.2078
0.2334
0.2589
0.2841
0.3092
0.3344
0.3595
0.3847
0.4099
0.4352
0.4603
0.4853
0.5099
0.5340
0.5574
0.5798
0.6011
0.6211
0.6395
0.6563
0.6714
0.6847
0.6964
0.7064
0.7150
0.7225
0.7290
0.7351
0.7409
0.7468
0.7533
0.7607
0.7691
0.7788
0.7900
0.8026
0.8167
0.8321
0.8488
0.8665
0.8849
0.9039
0.9233
0.9427
0.9620
0.9811
0.9998
1.0181
1.0359
1.0532
1.0700
1.0864
1.1023
1.1178
1.1329
1.1475
1.1617
1.1755
1.1887
1.2014
1.2135
1.2250
1.2357
1.2457
1.2550
1.2636
1.2715
1.2787
1.2854
1.2915
1.2971
1.3023
1.3072
1.3116
1.3156
1.3192
1.3223
1.3248
1.3265
1.3274
1.3272
1.3258
1.3231
1.3189
1.3131
1.3056
1.2963
1.2852
1.2724
1.2579
1.2419
1.2245
1.2060
1.1866
1.1667
1.1467
1.1269
1.1076
1.0893
1.0722
1.0566
1.0427
1.0308
1.0209
1.0131
1.0073
1.0036
1.0017
1.0015
1.0028
1.0055
1.0092
1.0139
1.0191
1.0248
1.0306
1.0365
1.0420
1.0471
1.0516
1.0552
1.0578
1.0593
1.0595
1.0584
1.0559
1.0520
1.0467
1.0401
1.0323
1.0234
1.0137
1.0032
0.9923
0.9812
0.9701
0.9592
0.9488
0.9391
0.9303
0.9227
0.9165
0.9119
0.9090
0.9080
0.9090
0.9122
0.9176
0.9253
0.9352
0.9473
0.9616
0.9780
0.9964
1.0166
1.0386
1.0621
1.0871
1.1133
1.1405
1.1687
1.1975
1.2267
1.2560
1.2851
1.3137
1.3416
1.3683
1.3936
1.4174
1.4394
1.4595
1.4778
1.4942
1.5091
1.5224
1.5346
1.5459
1.5565
1.5668
1.5770
1.5875
1.5982
1.6095
1.6215
1.6341
1.6474
1.6614
1.6762
1.6915
1.7074
1.7238
1.7406
1.7578
1.7752
1.7929
1.8107
1.8285
1.8464
1.8641
1.8816
1.8988
1.9156
1.9319
1.9477
1.9630
1.9777
1.9919
2.0058
2.0195
2.0335
2.0480
2.0634
2.0803
2.0990
2.1201
2.1438
2.1705
2.2003
2.2333
2.2691
2.3076
2.3482
2.3902
2.4329
2.4755
2.5170
2.5566
2.5936
2.6271
2.6567
2.6818
2.7023
2.7180
2.7289
2.7353
2.7373
2.7355
2.7302
2.7219
2.7112
2.6985
2.6843
2.6690
2.6529
2.6363
2.6193
2.6020
2.5844
2.5665
2.5480
2.5288
2.5087
2.4876
2.4651
2.4412
2.4158
2.3888
2.3603
2.3302
2.2989
2.2663
2.2328
2.1985
2.1636
2.1284
2.0931
2.0577
2.0225
1.9874
1.9526
1.9180
1.8836
1.8494
1.8155
1.7816
1.7479
1.7142
1.6805
1.6469
1.6132
1.5796
1.5460
1.5125
1.4791
1.4460
1.4133
1.3811
1.3495
1.3186
1.2887
1.2598
1.2320
1.2056
1.1805
1.1568
1.1346
1.1139
1.0947
1.0769
1.0606
1.0457
1.0321
1.0198
1.0087
0.9986
0.9896
0.9815
0.9742
0.9677
0.9620
0.9569
0.9524
0.9484
0.9450
0.9421
0.9397
0.9376
0.9360
0.9346
0.9336
0.9327
0.9320
0.9314
0.9307
0.9300
0.9293
0.9284
0.9274
0.9263
0.9254
0.9245
0.9240
0.9239
0.9243
0.9255
0.9275
0.9304
0.9343
0.9392
0.9451
0.9519
0.9595
0.9677
0.9766
0.9860
0.9959
1.0060
1.0166
1.0275
1.0390
1.0509
1.0636
1.0771
1.0917
1.1074
1.1244
1.1428
1.1627
1.1841
1.2071
1.2315
1.2574
1.2846
1.3130
1.3424
1.3726
1.4034
1.4347
1.4663
1.4980
1.5296
1.5609
1.5920
1.6226
1.6528
1.6824
1.7114
1.7398
1.7676
1.7948
1.8213
1.8471
1.8723
1.8967
1.9202
1.9428
1.9644
1.9848
2.0039
2.0215
2.0376
2.0521
2.0647
2.0755
2.0844
2.0914
2.0965
2.0998
2.1013
2.1011
2.0993
2.0961
2.0915
2.0856
2.0785
2.0703
2.0609
2.0505
2.0390
2.0265
2.0129
1.9984
1.9829
1.9665
1.9493
1.9315
1.9130
1.8942
1.8750
1.8558
1.8365
1.8173
1.7984
1.7799
1.7618
1.7443
1.7273
1.7110
1.6953
1.6804
1.6661
1.6526
1.6397
1.6275
1.6160
1.6052
1.5949
1.5853
1.5762
1.5677
1.5598
1.5526
1.5461
1.5406
1.5360
1.5326
1.5305
1.5299
1.5309
1.5335
1.5380
1.5442
1.5521
1.5617
1.5727
1.5850
1.5984
1.6125
1.6272
1.6423
1.6573
1.6721
1.6866
1.7004
1.7134
1.7256
1.7368
1.7470
1.7561
1.7641
1.7710
1.7770
1.7820
1.7860
1.7892
1.7917
1.7935
1.7947
1.7954
1.7957
1.7957
1.7955
1.7953
1.7950
1.7948
1.7947
1.7949
1.7954
1.7961
1.7971
1.7982
1.7996
1.8010
1.8024
1.8035
1.8044
1.8046
1.8042
1.8029
1.8005
1.7968
1.7915
1.7846
1.7759
1.7653
1.7527
1.7382
1.7217
1.7035
1.6838
1.6627
1.6407
1.6180
1.5949
1.5719
1.5491
1.5268
1.5051
1.4842
1.4640
1.4445
1.4256
1.4070
1.3886
1.3701
1.3514
1.3323
1.3127
1.2925
1.2716
1.2500
1.2278
1.2049
1.1816
1.1578
1.1337
1.1093
1.0849
1.0604
1.0362
1.0123
0.9889
0.9662
0.9443
0.9234
0.9037
0.8854
0.8685
0.8530
0.8392
0.8269
0.8161
0.8069
0.7990
0.7925
0.7873
0.7832
0.7800
0.7778
0.7762
0.7752
0.7746
0.7743
0.7739
0.7734
0.7725
0.7709
0.7685
0.7651
0.7604
0.7545
0.7471
0.7384
0.7282
0.7168
0.7042
0.6905
0.6760
0.6607
0.6450
0.6288
0.6123
0.5956
0.5787
0.5615
0.5442
0.5267
0.5088
0.4907
0.4723
0.4535
0.4346
0.4154
0.3962
0.3770
0.3579
0.3392
0.3209
0.3033
0.2864
0.2706
0.2557
0.2421
0.2296
0.2183
0.2082
0.1992
0.1910
0.1835
0.1763
0.1693
0.1619
0.1539
0.1450
0.1348
0.1231
0.1095
0.0940
0.0764
0.0568
0.0350
0.0113
-0.0141
-0.0412
-0.0695
-0.0988
-0.1287
-0.1587
-0.1885
-0.2177
-0.2458
-0.2725
-0.2975
-0.3206
-0.3414
-0.3599
-0.3761
-0.3899
-0.4016
-0.4113
-0.4192
-0.4257
-0.4308
-0.4351
-0.4387
-0.4418
-0.4447
-0.4476
-0.4505
-0.4536
-0.4568
-0.4602
-0.4638
-0.4676
-0.4715
-0.4756
-0.4799
-0.4843
-0.4889
-0.4939
-0.4992
-0.5049
-0.5113
-0.5183
-0.5261
-0.5348
-0.5443
-0.5547
-0.5660
-0.5781
-0.5910
-0.6044
-0.6182
-0.6322
-0.6462
-0.6600
-0.6735
-0.6864
-0.6988
-0.7104
-0.7212
-0.7314
-0.7409
-0.7500
-0.7587
-0.7673
-0.7759
-0.7847
-0.7938
-0.8034
-0.8134
-0.8240
-0.8351
-0.8467
-0.8586
-0.8707
-0.8828
-0.8950
-0.9069
-0.9186
-0.9298
-0.9406
-0.9508
-0.9603
-0.9689
-0.9767
-0.9835
-0.9890
-0.9932
-0.9958
-0.9968
-0.9958
-0.9929
-0.9879
-0.9806
-0.9712
-0.9597
-0.9460
-0.9304
-0.9129
-0.8939
-0.8735
-0.8519
-0.8295
-0.8064
-0.7831
-0.7596
-0.7363
-0.7133
-0.6909
-0.6691
-0.6483
-0.6283
-0.6093
-0.5913
-0.5743
-0.5583
-0.5432
-0.5289
-0.5154
-0.5025
-0.4901
-0.4781
-0.4664
-0.4550
-0.4437
-0.4325
-0.4214
-0.4103
-0.3993
-0.3884
-0.3776
-0.3671
-0.3569
-0.3472
-0.3378
-0.3290
-0.3206
-0.3127
-0.3052
-0.2979
-0.2908
-0.2835
-0.2760
-0.2679
-0.2591
-0.2494
-0.2387
-0.2268
-0.2137
-0.1994
-0.1839
-0.1675
-0.1503
-0.1324
-0.1143
-0.0961
-0.0783
-0.0612
-0.0451
-0.0304
-0.0173
-0.0063
0.0025
0.0089
0.0126
0.0136
0.0118
0.0072
-0.0003
-0.0105
-0.0235
-0.0392
-0.0576
-0.0786
-0.1023
-0.1285
-0.1574
-0.1888
-0.2227
-0.2591
-0.2978
-0.3387
-0.3816
-0.4261
-0.4719
-0.5188
-0.5662
-0.6138
-0.6612
-0.7079
-0.7536
-0.7979
-0.8406
-0.8816
-0.9208
-0.9581
-0.9936
-1.0276
-1.0603
-1.0920
-1.1231
-1.1538
-1.1847
-1.2159
-1.2477
-1.2804
-1.3140
-1.3485
-1.3838
-1.4198
-1.4563
-1.4930
-1.5297
-1.5660
-1.6018
-1.6369
-1.6712
-1.7046
-1.7371
-1.7690
-1.8003
-1.8313
-1.8621
-1.8931
-1.9244
-1.9561
-1.9885
-2.0217
-2.0555
-2.0900
-2.1251
-2.1606
-2.1962
-2.2316
-2.2666
-2.3009
-2.3341
-2.3660
-2.3964
-2.4249
-2.4517
-2.4765
-2.4994
-2.5206
-2.5401
-2.5582
-2.5751
-2.5912
-2.6067
-2.6218
-2.6369
-2.6521
-2.6676
-2.6836
-2.7002
-2.7174
-2.7352
-2.7535
-2.7725
-2.7919
-2.8117
-2.8320
-2.8525
-2.8732
-2.8942
-2.9153
-2.9366
-2.9580
-2.9796
-3.0013
-3.0231
-3.0449
-3.0667
-3.0886
-3.1102
-3.1316
-3.1526
-3.1731
-3.1929
-3.2120
-3.2301
-3.2473
-3.2634
-3.2784
-3.2925
-3.3056
-3.3178
-3.3292
-3.3400
-3.3503
-3.3601
-3.3694
-3.3784
-3.3869
-3.3949
-3.4022
-3.4088
-3.4143
-3.4187
-3.4218
-3.4234
-3.4234
-3.4217
-3.4182
-3.4130
-3.4062
-3.3979
-3.3881
-3.3772
-3.3652
-3.3523
-3.3388
-3.3248
-3.3105
-3.2960
-3.2813
-3.2665
-3.2516
-3.2366
-3.2214
-3.2060
-3.1902
-3.1740
-3.1573
-3.1399
-3.1218
-3.1029
-3.0830
-3.0620
-3.0399
-3.0166
-2.9919
-2.9659
-2.9385
-2.9097
-2.8796
-2.8483
-2.8160
-2.7829
-2.7492
-2.7152
-2.6811
-2.6473
-2.6139
-2.5812
-2.5493
-2.5182
-2.4880
-2.4585
-2.4297
-2.4014
-2.3733
-2.3453
-2.3171
-2.2886
-2.2597
-2.2303
-2.2003
-2.1698
-2.1389
-2.1077
-2.0765
-2.0454
-2.0147
-1.9845
-1.9550
-1.9264
-1.8986
-1.8718
-1.8459
-1.8207
-1.7962
-1.7721
-1.7484
-1.7247
-1.7010
-1.6770
-1.6525
-1.6275
-1.6020
-1.5758
-1.5489
-1.5213
-1.4932
-1.4645
-1.4352
-1.4055
-1.3753
-1.3448
-1.3139
-1.2828
-1.2514
-1.2199
-1.1882
-1.1564
-1.1246
-1.0928
-1.0608
-1.0288
-0.9966
-0.9642
-0.9314
-0.8982
-0.8644
-0.8298
-0.7944
-0.7582
-0.7210
-0.6828
-0.6437
-0.6037
-0.5631
-0.5218
-0.4802
-0.4385
-0.3968
-0.3555
-0.3147
-0.2747
-0.2357
-0.1980
-0.1617
-0.1270
-0.0941
-0.0629
-0.0337
-0.0064
0.0190
0.0426
0.0645
0.0848
0.1037
0.1214
0.1381
0.1539
0.1692
0.1840
0.1986
0.2131
0.2275
0.2419
0.2564
0.2709
0.2853
0.2997
0.3137
0.3272
0.3401
0.3521
0.3630
0.3725
0.3805
0.3866
0.3909
0.3930
0.3931
0.3912
0.3872
0.3814
0.3740
0.3652
0.3553
0.3445
0.3332
0.3216
0.3099
0.2983
0.2869
0.2757
0.2649
0.2543
0.2439
0.2336
0.2232
0.2128
0.2021
0.1911
0.1798
0.1681
0.1560
0.1437
0.1311
0.1185
0.1060
0.0936
0.0817
0.0704
0.0598
0.0501
0.0415
0.0340
0.0278
0.0228
0.0193
0.0171
0.0163
0.0169
0.0188
0.0218
0.0261
0.0313
0.0374
0.0442
0.0515
0.0593
0.0672
0.0752
0.0831
0.0907
0.0980
0.1049
0.1113
0.1171
0.1223
0.1270
0.1309
0.1342
0.1367
0.1383
0.1392
0.1391
0.1381
0.1362
0.1335
0.1300
0.1258
0.1212
0.1163
0.1113
0.1065
0.1019
0.0978
0.0943
0.0914
0.0891
0.0873
0.0860
0.0850
0.0841
0.0832
0.0821
0.0805
0.0785
0.0758
0.0724
0.0683
0.0635
0.0580
0.0517
0.0447
0.0370
0.0285
0.0191
0.0088
-0.0024
-0.0147
-0.0282
-0.0427
-0.0584
-0.0751
-0.0928
-0.1113
-0.1303
-0.1496
-0.1691
-0.1885
-0.2077
-0.2264
-0.2445
-0.2620
-0.2788
-0.2949
-0.3102
-0.3249
-0.3388
-0.3521
-0.3647
-0.3767
-0.3881
-0.3989
-0.4092
-0.4189
-0.4281
-0.4368
-0.4453
-0.4534
-0.4614
-0.4693
-0.4773
-0.4856
-0.4943
-0.5036
-0.5138
-0.5251
-0.5378
-0.5520
-0.5681
-0.5862
-0.6065
-0.6292
-0.6543
-0.6817
-0.7114
-0.7432
-0.7767
-0.8118
-0.8478
-0.8845
-0.9212
-0.9576
-0.9931
-1.0274
-1.0601
-1.0908
-1.1193
-1.1456
-1.1695
-1.1911
-1.2105
-1.2281
-1.2440
-1.2586
-1.2723
-1.2855
-1.2984
-1.3115
-1.3250
-1.3392
-1.3541
-1.3699
-1.3864
-1.4036
-1.4212
-1.4390
-1.4566
-1.4737
-1.4898
-1.5048
-1.5181
-1.5295
-1.5389
-1.5459
-1.5506
-1.5529
-1.5528
-1.5505
-1.5462
-1.5400
-1.5324
-1.5234
-1.5135
-1.5029
-1.4918
-1.4806
-1.4693
-1.4582
-1.4473
-1.4367
-1.4264
-1.4162
-1.4060
-1.3956
-1.3848
-1.3734
-1.3610
-1.3475
-1.3324
-1.3156
-1.2969
-1.2762
-1.2532
-1.2279
-1.2002
-1.1702
-1.1377
-1.1029
-1.0657
-1.0262
-0.9842
-0.9399
-0.8931
-0.8439
-0.7921
-0.7379
-0.6810
-0.6215
-0.5593
-0.4946
-0.4273
-0.3575
-0.2854
-0.2112
-0.1349
-0.0571
0.0221
0.1022
0.1826
0.2630
0.3426
0.4209
0.4971
0.5707
0.6409
0.7070
0.7685
0.8248
0.8753
0.9196
0.9575
0.9885
1.0126
1.0298
1.0401
1.0439
1.0415
1.0334
1.0205
1.0035
0.9836
0.9617
0.9391
0.9172
0.8970
0.8799
0.8668
0.8588
0.8565
0.8604
0.8709
0.8879
0.9112
0.9407
0.9756
1.0154
1.0595
1.1071
1.1575
1.2102
1.2646
1.3201
1.3764
1.4330
1.4898
1.5464
1.6026
1.6582
1.7129
1.7665
1.8188
1.8694
1.9181
1.9645
2.0085
2.0498
2.0882
2.1234
2.1555
2.1842
2.2097
2.2320
2.2512
2.2677
2.2815
2.2931
2.3026
2.3104
2.3167
2.3217
2.3254
2.3279
2.3291
2.3289
2.3272
2.3236
2.3179
2.3099
2.2994
2.2861
2.2701
2.2514
2.2299
2.2059
2.1796
2.1512
2.1210
2.0892
2.0562
2.0222
1.9873
1.9517
1.9154
1.8785
1.8409
1.8026
1.7636
1.7238
1.6830
1.6414
1.5989
1.5554
1.5111
1.4659
1.4200
1.3734
1.3263
1.2787
1.2308
1.1826
1.1343
1.0859
1.0375
0.9892
0.9409
0.8927
0.8447
0.7968
0.7491
0.7018
0.6548
0.6085
0.5631
0.5188
0.4760
0.4352
0.3966
0.3608
0.3281
0.2988
0.2731
0.2512
0.2329
0.2182
0.2066
0.1978
0.1911
0.1860
0.1819
0.1780
0.1740
0.1691
0.1631
0.1557
0.1467
0.1360
0.1237
0.1099
0.0947
0.0784
0.0611
0.0431
0.0245
0.0054
-0.0138
-0.0332
-0.0527
-0.0722
-0.0917
-0.1112
-0.1306
-0.1499
-0.1694
-0.1889
-0.2085
-0.2285
-0.2488
-0.2697
-0.2911
-0.3133
-0.3364
-0.3604
-0.3853
-0.4112
-0.4380
-0.4657
-0.4940
-0.5230
-0.5523
-0.5818
-0.6114
-0.6408
-0.6699
-0.6986
-0.7268
-0.7544
-0.7813
-0.8076
-0.8332
-0.8581
-0.8823
-0.9058
-0.9285
-0.9504
-0.9714
-0.9915
-1.0105
-1.0285
-1.0453
-1.0610
-1.0755
-1.0888
-1.1012
-1.1125
-1.1230
-1.1328
-1.1421
-1.1509
-1.1596
-1.1681
-1.1768
-1.1857
-1.1950
-1.2049
-1.2154
-1.2267
-1.2388
-1.2518
-1.2657
-1.2804
-1.2959
-1.3119
-1.3283
-1.3449
-1.3614
-1.3775
-1.3928
-1.4071
-1.4200
-1.4312
-1.4407
-1.4481
-1.4535
-1.4568
-1.4580
-1.4573
-1.4548
-1.4507
-1.4451
-1.4382
-1.4303
-1.4214
-1.4115
-1.4008
-1.3892
-1.3766
-1.3629
-1.3481
-1.3319
-1.3142
-1.2949
-1.2740
-1.2513
-1.2270
-1.2009
-1.1734
-1.1445
-1.1145
-1.0837
-1.0523
-1.0206
-0.9891
-0.9579
-0.9273
-0.8976
-0.8690
-0.8415
-0.8154
-0.7905
-0.7669
-0.7445
-0.7232
-0.7028
-0.6833
-0.6644
-0.6461
-0.6282
-0.6107
-0.5935
-0.5766
-0.5600
-0.5438
-0.5279
-0.5124
-0.4974
-0.4828
-0.4687
-0.4549
-0.4415
-0.4284
-0.4156
-0.4029
-0.3904
-0.3780
-0.3658
-0.3537
-0.3420
-0.3306
-0.3198
-0.3099
-0.3009
-0.2932
-0.2869
-0.2824
-0.2798
-0.2793
-0.2811
-0.2853
-0.2920
-0.3014
-0.3133
-0.3279
-0.3451
-0.3647
-0.3867
-0.4109
-0.4372
-0.4654
-0.4952
-0.5266
-0.5592
-0.5929
-0.6275
-0.6628
-0.6986
-0.7349
-0.7714
-0.8083
-0.8455
-0.8829
-0.9208
-0.9591
-0.9979
-1.0374
-1.0777
-1.1188
-1.1608
-1.2036
-1.2471
-1.2912
-1.3357
-1.3803
-1.4248
-1.4687
-1.5117
-1.5536
-1.5940
-1.6326
-1.6693
-1.7041
-1.7368
-1.7675
-1.7964
-1.8236
-1.8495
-1.8742
-1.8981
-1.9213
-1.9442
-1.9668
-1.9893
-2.0117
-2.0340
-2.0561
-2.0778
-2.0991
-2.1196
-2.1392
-2.1575
-2.1745
-2.1899
-2.2036
-2.2154
-2.2252
-2.2331
-2.2391
-2.2431
-2.2453
-2.2458
-2.2448
-2.2423
-2.2385
-2.2335
-2.2275
-2.2205
-2.2126
-2.2040
-2.1946
-2.1844
-2.1735
-2.1618
-2.1492
-2.1359
-2.1217
-2.1066
-2.0907
-2.0739
-2.0562
-2.0377
-2.0183
-1.9981
-1.9772
-1.9555
-1.9331
-1.9099
-1.8861
-1.8617
-1.8366
-1.8108
-1.7845
-1.7575
-1.7299
-1.7017
-1.6729
-1.6436
-1.6138
-1.5836
-1.5530
-1.5223
-1.4916
-1.4610
-1.4308
-1.4011
-1.3721
-1.3441
-1.3170
-1.2912
-1.2665
-1.2430
-1.2207
-1.1995
-1.1793
-1.1600
-1.1415
-1.1236
-1.1061
-1.0890
-1.0720
-1.0551
-1.0381
-1.0209
-1.0035
-0.9858
-0.9677
-0.9494
-0.9309
-0.9120
-0.8931
-0.8741
-0.8550
-0.8361
-0.8174
-0.7989
-0.7807
-0.7629
-0.7455
-0.7284
-0.7116
-0.6953
-0.6792
-0.6633
-0.6476
-0.6321
-0.6167
-0.6013
-0.5859
-0.5705
-0.5549
-0.5393
-0.5234
-0.5074
-0.4911
-0.4746
-0.4578
-0.4407
-0.4234
-0.4057
-0.3879
-0.3699
-0.3519
-0.3339
-0.3161
-0.2987
-0.2819
-0.2658
-0.2507
-0.2368
-0.2241
-0.2130
-0.2034
-0.1955
-0.1894
-0.1849
-0.1822
-0.1811
-0.1814
-0.1832
-0.1861
-0.1900
-0.1948
-0.2002
-0.2060
-0.2120
-0.2182
-0.2243
-0.2303
-0.2361
-0.2417
-0.2472
-0.2526
-0.2580
-0.2636
-0.2695
-0.2759
-0.2829
-0.2908
-0.2996
-0.3096
-0.3207
-0.3331
-0.3468
-0.3617
-0.3777
-0.3949
-0.4130
-0.4320
-0.4515
-0.4715
-0.4917
-0.5119
-0.5321
-0.5519
-0.5713
-0.5901
-0.6083
-0.6258
-0.6425
-0.6585
-0.6739
-0.6886
-0.7029
-0.7168
-0.7305
-0.7441
-0.7579
-0.7720
-0.7866
-0.8020
-0.8182
-0.8355
-0.8541
-0.8739
-0.8951
-0.9177
-0.9417
-0.9670
-0.9934
-1.0207
-1.0487
-1.0770
-1.1054
-1.1334
-1.1608
-1.1872
-1.2123
-1.2360
-1.2580
-1.2784
-1.2970
-1.3140
-1.3295
-1.3437
-1.3567
-1.3690
-1.3806
-1.3918
-1.4027
-1.4136
-1.4244
-1.4352
-1.4460
-1.4566
-1.4669
-1.4768
-1.4861
-1.4947
-1.5025
-1.5093
-1.5151
-1.5200
-1.5240
-1.5271
-1.5295
-1.5313
-1.5326
-1.5335
-1.5342
-1.5348
-1.5352
-1.5355
-1.5357
-1.5356
-1.5354
-1.5348
-1.5337
-1.5322
-1.5299
-1.5270
-1.5234
-1.5189
-1.5137
-1.5077
-1.5011
-1.4940
-1.4863
-1.4783
-1.4701
-1.4618
-1.4535
-1.4451
-1.4368
-1.4284
-1.4200
-1.4114
-1.4025
-1.3930
-1.3829
-1.3720
-1.3600
-1.3469
-1.3326
-1.3169
-1.2999
-1.2816
-1.2621
-1.2414
-1.2197
-1.1971
-1.1736
-1.1493
-1.1243
-1.0987
-1.0723
-1.0452
-1.0174
-0.9888
-0.9594
-0.9294
-0.8986
-0.8673
-0.8355
-0.8035
-0.7714
-0.7394
-0.7079
-0.6770
-0.6470
-0.6181
-0.5905
-0.5643
-0.5396
-0.5167
-0.4955
-0.4761
-0.4586
-0.4430
-0.4293
-0.4175
-0.4076
-0.3996
-0.3934
-0.3890
-0.3862
-0.3849
-0.3850
-0.3863
-0.3886
-0.3918
-0.3955
-0.3996
-0.4039
-0.4081
-0.4121
-0.4158
-0.4189
-0.4214
-0.4231
-0.4241
-0.4243
-0.4237
-0.4225
-0.4206
-0.4182
-0.4155
-0.4125
-0.4095
-0.4066
-0.4041
-0.4019
-0.4004
-0.3995
-0.3994
-0.4000
-0.4014
-0.4036
-0.4065
-0.4099
-0.4139
-0.4181
-0.4226
-0.4272
-0.4317
-0.4361
-0.4402
-0.4440
-0.4474
-0.4505
-0.4532
-0.4557
-0.4579
-0.4599
-0.4618
-0.4637
-0.4655
-0.4675
-0.4695
-0.4717
-0.4739
-0.4764
-0.4789
-0.4815
-0.4842
-0.4869
-0.4896
-0.4923
-0.4947
-0.4970
-0.4988
-0.5002
-0.5010
-0.5010
-0.5001
-0.4982
-0.4951
-0.4908
-0.4852
-0.4784
-0.4703
-0.4612
-0.4512
-0.4405
-0.4294
-0.4180
-0.4067
-0.3957
-0.3852
-0.3753
-0.3663
-0.3582
-0.3510
-0.3447
-0.3394
-0.3349
-0.3311
-0.3281
-0.3256
-0.3236
-0.3221
-0.3211
-0.3205
-0.3202
-0.3204
-0.3211
-0.3223
-0.3240
-0.3262
-0.3291
-0.3326
-0.3367
-0.3415
-0.3467
-0.3524
-0.3584
-0.3645
-0.3706
-0.3765
-0.3820
-0.3868
-0.3908
-0.3938
-0.3957
-0.3963
-0.3956
-0.3935
-0.3901
-0.3854
-0.3795
-0.3726
-0.3647
-0.3561
-0.3469
-0.3372
-0.3273
-0.3172
-0.3071
-0.2969
-0.2868
-0.2768
-0.2668
-0.2568
-0.2467
-0.2362
-0.2254
-0.2139
-0.2017
-0.1885
-0.1742
-0.1586
-0.1417
-0.1233
-0.1034
-0.0822
-0.0596
-0.0358
-0.0111
0.0145
0.0406
0.0671
0.0937
0.1203
0.1467
0.1727
0.1984
0.2237
0.2486
0.2731
0.2972
0.3211
0.3449
0.3686
0.3923
0.4162
0.4402
0.4645
0.4890
0.5138
0.5389
0.5642
0.5896
0.6151
0.6405
0.6657
0.6906
0.7151
0.7392
0.7627
0.7858
0.8084
0.8305
0.8524
0.8742
0.8960
0.9179
0.9402
0.9629
0.9860
1.0097
1.0340
1.0587
1.0837
1.1090
1.1344
1.1598
1.1850
1.2100
1.2345
1.2587
1.2824
1.3058
1.3287
1.3514
1.3738
1.3961
1.4182
1.4402
1.4621
1.4839
1.5056
1.5270
1.5481
1.5687
1.5887
1.6078
1.6261
1.6432
1.6591
1.6737
1.6867
1.6982
1.7080
1.7161
1.7225
1.7271
1.7300
1.7311
1.7305
1.7282
1.7243
1.7187
1.7117
1.7033
1.6935
1.6826
1.6706
1.6577
1.6440
1.6298
1.6152
1.6003
1.5854
1.5705
1.5558
1.5413
1.5273
1.5137
1.5006
1.4880
1.4759
1.4642
1.4530
1.4422
1.4318
1.4216
1.4116
1.4017
1.3919
1.3822
1.3724
1.3625
1.3526
1.3426
1.3326
1.3227
1.3128
1.3031
1.2937
1.2846
1.2761
1.2682
1.2609
1.2545
1.2489
1.2442
1.2405
1.2378
1.2360
1.2352
1.2353
1.2362
1.2381
1.2407
1.2441
1.2483
1.2531
1.2585
1.2645
1.2711
1.2781
1.2855
1.2933
1.3013
1.3094
1.3176
1.3258
1.3338
1.3416
1.3491
1.3563
1.3631
1.3695
1.3756
1.3813
1.3868
1.3921
1.3973
1.4025
1.4078
1.4132
1.4189
1.4250
1.4315
1.4385
1.4459
1.4539
1.4624
1.4713
1.4807
1.4904
1.5003
1.5102
1.5202
1.5299
1.5393
1.5483
1.5566
1.5643
1.5712
1.5773
1.5826
1.5871
1.5908
1.5938
1.5960
1.5976
1.5985
1.5987
1.5984
1.5973
1.5956
1.5930
1.5896
1.5853
1.5799
1.5734
1.5656
1.5564
1.5458
1.5336
1.5198
1.5043
1.4870
1.4678
1.4467
1.4237
1.3987
1.3716
1.3426
1.3115
1.2785
1.2437
1.2070
1.1688
1.1290
1.0879
1.0458
1.0028
0.9591
0.9150
0.8707
0.8265
0.7826
0.7391
0.6963
0.6542
0.6130
0.5726
0.5332
0.4946
0.4569
0.4199
0.3835
0.3477
0.3122
0.2770
0.2421
0.2073
0.1725
0.1378
0.1032
0.0686
0.0341
-0.0002
-0.0344
-0.0682
-0.1017
-0.1349
-0.1676
-0.2000
-0.2320
-0.2638
-0.2953
-0.3267
-0.3582
-0.3898
-0.4218
-0.4542
-0.4871
-0.5205
-0.5545
-0.5889
-0.6237
-0.6586
-0.6936
-0.7284
-0.7627
-0.7963
-0.8290
-0.8607
-0.8912
-0.9204
-0.9483
-0.9748
-1.0001
-1.0241
-1.0470
-1.0688
-1.0896
-1.1096
-1.1288
-1.1474
-1.1653
-1.1828
-1.1997
-1.2161
-1.2320
-1.2475
-1.2623
-1.2765
-1.2901
-1.3029
-1.3148
-1.3257
-1.3356
-1.3445
-1.3522
-1.3588
-1.3643
-1.3687
-1.3720
-1.3744
-1.3760
-1.3768
-1.3769
-1.3766
-1.3758
-1.3747
-1.3732
-1.3716
-1.3696
-1.3674
-1.3648
-1.3618
-1.3582
-1.3539
-1.3486
-1.3423
-1.3346
-1.3253
-1.3142
-1.3012
-1.2859
-1.2684
-1.2484
-1.2261
-1.2014
-1.1744
-1.1455
-1.1147
-1.0825
-1.0492
-1.0151
-0.9808
-0.9464
-0.9124
-0.8791
-0.8468
-0.8155
-0.7854
-0.7566
-0.7290
-0.7025
-0.6772
-0.6527
-0.6289
-0.6056
-0.5827
-0.5600
-0.5372
-0.5144
-0.4914
-0.4681
-0.4446
-0.4209
-0.3969
-0.3728
-0.3487
-0.3246
-0.3006
-0.2768
-0.2532
-0.2299
-0.2068
-0.1841
-0.1616
-0.1393
-0.1173
-0.0955
-0.0739
-0.0526
-0.0313
-0.0103
0.0106
0.0314
0.0520
0.0726
0.0933
0.1140
0.1348
0.1559
0.1773
0.1990
0.2211
0.2436
0.2664
0.2896
0.3130
0.3366
0.3603
0.3838
0.4071
0.4301
0.4527
0.4746
0.4960
0.5165
0.5364
0.5554
0.5737
0.5913
0.6082
0.6245
0.6403
0.6558
0.6710
0.6861
0.7011
0.7160
0.7309
0.7458
0.7606
0.7752
0.7895
0.8033
0.8166
0.8291
0.8407
0.8514
0.8610
0.8696
0.8771
0.8836
0.8893
0.8943
0.8988
0.9029
0.9068
0.9107
0.9148
0.9193
0.9243
0.9298
0.9359
0.9427
0.9501
0.9583
0.9671
0.9764
0.9864
0.9967
1.0074
1.0184
1.0296
1.0409
1.0521
1.0633
1.0743
1.0849
1.0953
1.1052
1.1147
1.1237
1.1322
1.1402
1.1477
1.1548
1.1614
1.1676
1.1735
1.1792
1.1846
1.1899
1.1950
1.2002
1.2054
1.2106
1.2160
1.2215
1.2272
1.2333
1.2396
1.2464
1.2535
1.2611
1.2692
1.2778
1.2868
1.2963
1.3062
1.3164
1.3267
1.3372
1.3475
1.3575
1.3670
1.3760
1.3841
1.3912
1.3973
1.4022
1.4057
1.4079
1.4087
1.4081
1.4062
1.4029
1.3985
1.3928
1.3862
1.3786
1.3701
1.3610
1.3513
1.3411
1.3306
1.3197
1.3087
1.2975
1.2862
1.2749
1.2638
1.2527
1.2419
1.2314
1.2212
1.2115
1.2024
1.1938
1.1859
1.1787
1.1723
1.1665
1.1613
1.1566
1.1525
1.1486
1.1449
1.1412
1.1374
1.1334
1.1291
1.1244
1.1193
1.1138
1.1080
1.1019
1.0956
1.0892
1.0828
1.0764
1.0703
1.0645
1.0589
1.0537
1.0488
1.0443
1.0401
1.0363
1.0328
1.0295
1.0265
1.0237
1.0211
1.0188
1.0166
1.0146
1.0129
1.0115
1.0104
1.0097
1.0095
1.0098
1.0107
1.0123
1.0147
1.0179
1.0220
1.0269
1.0326
1.0391
1.0464
1.0544
1.0629
1.0719
1.0814
1.0912
1.1013
1.1117
1.1222
1.1330
1.1439
1.1550
1.1663
1.1777
1.1894
1.2012
1.2132
1.2253
1.2375
1.2498
1.2620
1.2743
1.2864
1.2983
1.3101
1.3216
1.3328
1.3436
1.3540
1.3641
1.3737
1.3828
1.3915
1.3998
1.4077
1.4151
1.4221
1.4287
1.4350
1.4408
1.4462
1.4512
1.4556
1.4596
1.4631
1.4661
1.4685
1.4705
1.4720
1.4731
1.4740
1.4747
1.4754
1.4761
1.4771
1.4784
1.4801
1.4822
1.4849
1.4880
1.4914
1.4951
1.4989
1.5027
1.5061
1.5091
1.5115
1.5129
1.5133
1.5126
1.5107
1.5074
1.5029
1.4971
1.4902
1.4821
1.4730
1.4631
1.4524
1.4410
1.4291
1.4167
1.4040
1.3910
1.3779
1.3646
1.3513
1.3382
1.3252
1.3126
1.3004
1.2887
1.2775
1.2671
1.2572
1.2480
1.2392
1.2309
1.2229
1.2149
1.2068
1.1985
1.1896
1.1801
1.1698
1.1586
1.1463
1.1330
1.1185
1.1030
1.0864
1.0688
1.0502
1.0308
1.0105
0.9895
0.9678
0.9455
0.9228
0.8997
0.8764
0.8529
0.8296
0.8066
0.7840
0.7620
0.7410
0.7211
0.7025
0.6855
0.6701
0.6566
0.6450
0.6355
0.6281
0.6227
0.6194
0.6181
0.6187
0.6209
0.6247
0.6297
0.6358
0.6427
0.6501
0.6577
0.6652
0.6725
0.6794
0.6856
0.6911
0.6958
0.6996
0.7027
0.7050
0.7068
0.7080
0.7090
0.7098
0.7105
0.7114
0.7125
0.7139
0.7156
0.7178
0.7203
0.7232
0.7265
0.7301
0.7340
0.7383
0.7429
0.7478
0.7533
0.7592
0.7657
0.7729
0.7809
0.7896
0.7991
0.8093
0.8202
0.8315
0.8433
0.8551
0.8669
0.8782
0.8890
0.8990
0.9079
0.9156
0.9221
0.9273
0.9313
0.9342
0.9362
0.9375
0.9384
0.9392
0.9401
0.9415
0.9434
0.9461
0.9496
0.9540
0.9593
0.9654
0.9721
0.9793
0.9867
0.9942
1.0015
1.0084
1.0148
1.0206
1.0258
1.0303
1.0341
1.0375
1.0404
1.0430
1.0455
1.0482
1.0511
1.0545
1.0585
1.0633
1.0689
1.0754
1.0828
1.0910
1.1001
1.1098
1.1201
1.1308
1.1416
1.1526
1.1635
1.1741
1.1845
1.1945
1.2040
1.2131
1.2217
1.2300
1.2380
1.2457
1.2533
1.2608
1.2684
1.2761
1.2839
1.2919
1.3002
1.3086
1.3173
1.3262
1.3351
1.3441
1.3530
1.3618
1.3705
1.3789
1.3870
1.3948
1.4022
1.4094
1.4163
1.4229
1.4293
1.4354
1.4413
1.4469
1.4521
1.4569
1.4611
1.4647
1.4676
1.4696
1.4707
1.4709
1.4703
1.4691
1.4674
1.4656
1.4640
1.4630
1.4631
1.4645
1.4678
1.4733
1.4812
1.4917
1.5048
1.5205
1.5387
1.5591
1.5813
1.6049
1.6294
1.6543
1.6791
1.7031
1.7259
1.7468
1.7656
1.7816
1.7947
1.8044
1.8108
1.8136
1.8129
1.8089
1.8018
1.7920
1.7799
1.7659
1.7508
1.7350
1.7192
1.7038
1.6895
1.6765
1.6652
1.6558
1.6484
1.6431
1.6398
1.6384
1.6387
1.6405
1.6436
1.6477
1.6528
1.6586
1.6648
1.6714
1.6780
1.6847
1.6912
1.6972
1.7027
1.7075
1.7114
1.7143
1.7161
1.7167
1.7162
1.7144
1.7117
1.7080
1.7036
1.6988
1.6937
1.6888
1.6841
1.6800
1.6767
1.6742
1.6727
1.6721
1.6722
1.6730
1.6742
1.6757
1.6771
1.6784
1.6793
1.6799
1.6802
1.6802
1.6804
1.6810
1.6823
1.6849
1.6890
1.6951
1.7033
1.7137
1.7263
1.7409
1.7571
1.7744
1.7921
1.8098
1.8267
1.8422
1.8559
1.8674
1.8765
1.8830
1.8873
1.8894
1.8899
1.8890
1.8874
1.8854
1.8836
1.8822
1.8815
1.8817
1.8828
1.8847
1.8874
1.8905
1.8938
1.8970
1.8998
1.9020
1.9034
1.9037
1.9030
1.9012
1.8984
1.8948
1.8906
1.8859
1.8812
1.8766
1.8725
1.8691
1.8665
1.8649
1.8644
1.8648
1.8663
1.8686
1.8717
1.8753
1.8793
1.8836
1.8879
1.8921
1.8961
1.8998
1.9032
1.9062
1.9089
1.9111
1.9130
1.9145
1.9156
1.9162
1.9163
1.9157
1.9143
1.9121
1.9087
1.9040
1.8980
1.8904
1.8811
1.8701
1.8573
1.8426
1.8262
1.8080
1.7882
1.7670
1.7445
1.7209
1.6966
1.6716
