1.6862
1.5942
1.4884
1.4282
1.4000
1.4309
1.4657
1.5072
1.5078
1.4826
1.4284
1.3702
1.3306
1.3110
1.3065
1.3016
1.2667
1.2469
1.1979
1.2153
1.2108
1.2706
1.2957
1.3404
1.3364
1.3139
1.2572
1.1961
1.1460
1.1133
1.0925
1.0725
1.0356
1.0116
0.9752
0.9842
0.9753
0.9912
0.9690
0.9411
0.9085
0.8874
0.9127
0.9371
0.9702
0.9531
0.9244
0.8902
0.8914
0.9153
0.9433
0.9471
0.9272
0.9003
0.8834
0.8900
0.9003
0.9101
0.8979
0.8742
0.8457
0.8280
0.8127
0.8011
0.7540
0.7143
0.6606
0.6751
0.7228
0.8148
0.8993
0.9394
0.9536
0.9262
0.9070
0.8692
0.8360
0.7808
0.7308
0.6782
0.6415
0.6236
0.6197
0.6469
0.6778
0.7248
0.7487
0.7724
0.7689
0.7792
0.7717
0.7739
0.7543
0.7295
0.7054
0.6929
0.7124
0.7457
0.7978
0.8461
0.8984
0.9434
0.9858
1.0117
1.0402
1.0698
1.1246
1.1834
1.2282
1.2313
1.1799
1.0949
0.9843
0.8922
0.8089
0.7734
0.7551
0.7655
0.7760
0.7623
0.7484
0.6997
0.6952
0.6828
0.7165
0.7194
0.7102
0.6529
0.5948
0.5411
0.5431
0.5645
0.6173
0.6327
0.6221
0.5648
0.4944
0.4339
0.3981
0.3947
0.4197
0.4526
0.5059
0.5500
0.6135
0.6739
0.7374
0.7929
0.7964
0.7732
0.6674
0.5754
0.4562
0.4075
0.3662
0.3622
0.3450
0.3205
0.2814
0.2332
0.1755
0.1314
0.1085
0.1380
0.2099
0.2979
0.3678
0.3809
0.3392
0.2665
0.1833
0.1407
0.1191
0.1389
0.1465
0.1390
0.0806
-0.0122
-0.1397
-0.2610
-0.3737
-0.4538
-0.5216
-0.5743
-0.6341
-0.6893
-0.7528
-0.8016
-0.8285
-0.8153
-0.7465
-0.6505
-0.5475
-0.4801
-0.4731
-0.5027
-0.5795
-0.6473
-0.7321
-0.7961
-0.8633
-0.9056
-0.9243
-0.9082
-0.8550
-0.7951
-0.7230
-0.6835
-0.6401
-0.6268
-0.5989
-0.5928
-0.5815
-0.5863
-0.5889
-0.5773
-0.5519
-0.4906
-0.4289
-0.3606
-0.3277
-0.3312
-0.3624
-0.4199
-0.4523
-0.4846
-0.4818
-0.4937
-0.5017
-0.5320
-0.5616
-0.5852
-0.6000
-0.5976
-0.6035
-0.6100
-0.6222
-0.6275
-0.6018
-0.5585
-0.4896
-0.4214
-0.3635
-0.3114
-0.2901
-0.2717
-0.2926
-0.3063
-0.3369
-0.3335
-0.3261
-0.2994
-0.2918
-0.3029
-0.3324
-0.3680
-0.3990
-0.4188
-0.4488
-0.4608
-0.4938
-0.4933
-0.5044
-0.4742
-0.4458
-0.3891
-0.3616
-0.3444
-0.3906
-0.4401
-0.5147
-0.5421
-0.5536
-0.5253
-0.5084
-0.4834
-0.4913
-0.4668
-0.4622
-0.3965
-0.3481
-0.2575
-0.1947
-0.1317
-0.0999
-0.0852
-0.0801
-0.0716
-0.0572
-0.0317
-0.0254
-0.0126
-0.0292
-0.0173
-0.0107
0.0313
0.0733
0.1253
0.1628
0.2041
0.2301
0.2769
0.3053
0.3394
0.3463
0.3459
0.3568
0.3783
0.4337
0.4738
0.5112
0.5075
0.4860
0.4499
0.4019
0.3771
0.3536
0.3897
0.4363
0.5295
0.5922
0.6436
0.6348
0.6098
0.5714
0.5629
0.5903
0.6516
0.7246
0.7868
0.8171
0.8269
0.8149
0.8166
0.8190
0.8461
0.8569
0.8743
0.8563
0.8461
0.8253
0.8359
0.8690
0.9258
0.9947
1.0446
1.0848
1.0847
1.0851
1.0601
1.0533
1.0357
1.0252
1.0092
0.9882
0.9723
0.9519
0.9320
0.9060
0.8780
0.8565
0.8500
0.8550
0.8669
0.8680
0.8566
0.8407
0.8233
0.8178
0.8016
0.7761
0.7414
0.7142
0.7302
0.7686
0.8320
0.8638
0.8564
0.8002
0.7133
0.6277
0.5614
0.5262
0.5084
0.4930
0.4645
0.4247
0.3791
0.3262
0.2793
0.2231
0.1896
0.1581
0.1584
0.1580
0.1750
0.1869
0.2045
0.2233
0.2319
0.2412
0.2211
0.1987
0.1430
0.0969
0.0441
0.0262
0.0252
0.0397
0.0476
0.0210
-0.0246
-0.1038
-0.1734
-0.2430
-0.2835
-0.3019
-0.2907
-0.2544
-0.2030
-0.1550
-0.1199
-0.1214
-0.1391
-0.1809
-0.2149
-0.2500
-0.2762
-0.3022
-0.3202
-0.3319
-0.3247
-0.3090
-0.2785
-0.2467
-0.2237
-0.2102
-0.2226
-0.2337
-0.2562
-0.2580
-0.2700
-0.2728
-0.3091
-0.3489
-0.4186
-0.4774
-0.5368
-0.5758
-0.6061
-0.6257
-0.6403
-0.6385
-0.6311
-0.6060
-0.6029
-0.6067
-0.6455
-0.6814
-0.7033
-0.7007
-0.6566
-0.6284
-0.5915
-0.6235
-0.6579
-0.7442
-0.7944
-0.8516
-0.8569
-0.8665
-0.8520
-0.8650
-0.8809
-0.9301
-0.9743
-1.0257
-1.0431
-1.0475
-1.0208
-0.9973
-0.9730
-0.9653
-0.9624
-0.9636
-0.9579
-0.9420
-0.9213
-0.8842
-0.8640
-0.8324
-0.8354
-0.8324
-0.8544
-0.8725
-0.8879
-0.8966
-0.8863
-0.8802
-0.8753
-0.8886
-0.9102
-0.9312
-0.9512
-0.9716
-1.0221
-1.0960
-1.2122
-1.3115
-1.4056
-1.4362
-1.4556
-1.4505
-1.4677
-1.5005
-1.5432
-1.5986
-1.6462
-1.7144
-1.7771
-1.8655
-1.9373
-2.0257
-2.0900
-2.1717
-2.2366
-2.3133
-2.3634
-2.3951
-2.3833
-2.3386
-2.2758
-2.2108
-2.1777
-2.1742
-2.2093
-2.2695
-2.3258
-2.3787
-2.3837
-2.3731
-2.3333
-2.3138
-2.3232
-2.3649
-2.4352
-2.4896
-2.5389
-2.5455
-2.5456
-2.5217
-2.5034
-2.4836
-2.4726
-2.4680
-2.4679
-2.4739
-2.4800
-2.4945
-2.4888
-2.4692
-2.3715
-2.2454
-2.0516
-1.9310
-1.8528
-1.9273
-2.0320
-2.1860
-2.2651
-2.3200
-2.3157
-2.3252
-2.3213
-2.3356
-2.3369
-2.3386
-2.3357
-2.3216
-2.3106
-2.2763
-2.2503
-2.2041
-2.1730
-2.1345
-2.1147
-2.1018
-2.1025
-2.1148
-2.1183
-2.1257
-2.1088
-2.0941
-2.0669
-2.0389
-2.0110
-1.9762
-1.9532
-1.9371
-1.9370
-1.9491
-1.9574
-1.9642
-1.9537
-1.9344
-1.9071
-1.8798
-1.8650
-1.8648
-1.8768
-1.8936
-1.8931
-1.8770
-1.8350
-1.7894
-1.7461
-1.7200
-1.7073
-1.7025
-1.7013
-1.6917
-1.6834
-1.6603
-1.6398
-1.6184
-1.6025
-1.6056
-1.5965
-1.5944
-1.5624
-1.5327
-1.5071
-1.5050
-1.5333
-1.5748
-1.6154
-1.6470
-1.6522
-1.6621
-1.6547
-1.6759
-1.6858
-1.7260
-1.7399
-1.7694
-1.7580
-1.7544
-1.7262
-1.7162
-1.7154
-1.7315
-1.7625
-1.7850
-1.8121
-1.8181
-1.8374
-1.8410
-1.8726
-1.8851
-1.9203
-1.9193
-1.9249
-1.8962
-1.8840
-1.8673
-1.8859
-1.9075
-1.9550
-1.9881
-2.0307
-2.0521
-2.0753
-2.0819
-2.0830
-2.0753
-2.0565
-2.0443
-2.0255
-2.0330
-2.0356
-2.0727
-2.0947
-2.1449
-2.1672
-2.2043
-2.2193
-2.2450
-2.2693
-2.2942
-2.3157
-2.3169
-2.3115
-2.2891
-2.2755
-2.2535
-2.2425
-2.2154
-2.1934
-2.1570
-2.1348
-2.1124
-2.1122
-2.1140
-2.1308
-2.1377
-2.1437
-2.1302
-2.1125
-2.0878
-2.0700
-2.0569
-2.0484
-2.0388
-2.0291
-2.0175
-2.0094
-1.9986
-1.9888
-1.9764
-1.9657
-1.9594
-1.9554
-1.9552
-1.9517
-1.9407
-1.9184
-1.8831
-1.8453
-1.8171
-1.7992
-1.8014
-1.7952
-1.8015
-1.7920
-1.7993
-1.8005
-1.8078
-1.8125
-1.8071
-1.8042
-1.7833
-1.7650
-1.7276
-1.6936
-1.6453
-1.6002
-1.5494
-1.5010
-1.4632
-1.4238
-1.3998
-1.3613
-1.3333
-1.2894
-1.2647
-1.2328
-1.2264
-1.2071
-1.2007
-1.1759
-1.1536
-1.1243
-1.0955
-1.0745
-1.0547
-1.0541
-1.0473
-1.0585
-1.0469
-1.0510
-1.0303
-1.0251
-1.0000
-0.9805
-0.9514
-0.9260
-0.9082
-0.8958
-0.8937
-0.8932
-0.8919
-0.8893
-0.8776
-0.8661
-0.8507
-0.8359
-0.8272
-0.8147
-0.8159
-0.8098
-0.8225
-0.8261
-0.8514
-0.8667
-0.9024
-0.9245
-0.9571
-0.9706
-0.9850
-0.9845
-0.9873
-0.9880
-0.9954
-1.0060
-1.0236
-1.0470
-1.0828
-1.1206
-1.1633
-1.1935
-1.2200
-1.2388
-1.2618
-1.2879
-1.3161
-1.3416
-1.3650
-1.3879
-1.4162
-1.4472
-1.4788
-1.5096
-1.5366
-1.5682
-1.5944
-1.6210
-1.6320
-1.6399
-1.6380
-1.6452
-1.6505
-1.6622
-1.6658
-1.6710
-1.6760
-1.6944
-1.7235
-1.7690
-1.8205
-1.8792
-1.9304
-1.9760
-2.0066
-2.0349
-2.0629
-2.0976
-2.1339
-2.1625
-2.1836
-2.1984
-2.2164
-2.2414
-2.2678
-2.2962
-2.3227
-2.3523
-2.3927
-2.4289
-2.4738
-2.4944
-2.5193
-2.5199
-2.5282
-2.5263
-2.5300
-2.5379
-2.5442
-2.5597
-2.5580
-2.5525
-2.5125
-2.4660
-2.3962
-2.3473
-2.3008
-2.2887
-2.2781
-2.2805
-2.2780
-2.2734
-2.2740
-2.2626
-2.2537
-2.2161
-2.1776
-2.1139
-2.0635
-2.0054
-1.9728
-1.9417
-1.9348
-1.9238
-1.9254
-1.9152
-1.9087
-1.8916
-1.8700
-1.8438
-1.8087
-1.7791
-1.7421
-1.7148
-1.6804
-1.6542
-1.6230
-1.5984
-1.5701
-1.5497
-1.5318
-1.5276
-1.5337
-1.5458
-1.5614
-1.5614
-1.5524
-1.5203
-1.4822
-1.4393
-1.4063
-1.3893
-1.3846
-1.3926
-1.3972
-1.4032
-1.3996
-1.4001
-1.4001
-1.4107
-1.4310
-1.4569
-1.4955
-1.5224
-1.5600
-1.5779
-1.6094
-1.6356
-1.6756
-1.7243
-1.7709
-1.8170
-1.8362
-1.8397
-1.8164
-1.7914
-1.7607
-1.7389
-1.7087
-1.6747
-1.6270
-1.5745
-1.5174
-1.4657
-1.4222
-1.4072
-1.4234
-1.4810
-1.5634
-1.6457
-1.7147
-1.7447
-1.7600
-1.7536
-1.7579
-1.7653
-1.7856
-1.8084
-1.8234
-1.8254
-1.7950
-1.7480
-1.6662
-1.5885
-1.4869
-1.4032
-1.3044
-1.2243
-1.1457
-1.0809
-1.0358
-0.9997
-0.9872
-0.9734
-0.9554
-0.9160
-0.8395
-0.7379
-0.6037
-0.4682
-0.3391
-0.2392
-0.1787
-0.1528
-0.1590
-0.1727
-0.1834
-0.1729
-0.1353
-0.0688
0.0284
0.1453
0.2743
0.3996
0.5011
0.5802
0.6202
0.6462
0.6553
0.6726
0.7034
0.7488
0.8068
0.8601
0.8994
0.9160
0.9040
0.8735
0.8276
0.7903
0.7640
0.7662
0.7861
0.8296
0.8860
0.9562
1.0293
1.0967
1.1387
1.1526
1.1217
1.0745
1.0024
0.9609
0.9223
0.9379
0.9562
1.0155
1.0787
1.1606
1.2532
1.3331
1.4155
1.4593
1.4993
1.5107
1.5324
1.5613
1.6050
1.6652
1.7085
1.7496
1.7509
1.7533
1.7298
1.7240
1.7047
1.7006
1.6824
1.6671
1.6439
1.6187
1.5956
1.5651
1.5345
1.4930
1.4543
1.4221
1.4091
1.4217
1.4531
1.4992
1.5391
1.5704
1.5799
1.5782
1.5549
1.5259
1.4740
1.4134
1.3361
1.2459
1.1599
1.0616
0.9903
0.9081
0.8578
0.7853
0.7355
0.6623
0.6282
0.5941
0.6033
0.5989
0.6014
0.5815
0.5728
0.5779
0.6054
0.6410
0.6619
0.6548
0.6222
0.5682
0.5197
0.4748
0.4506
0.4413
0.4486
0.4669
0.4911
0.5070
0.5215
0.5097
0.4950
0.4434
0.3860
0.3015
0.2247
0.1536
0.0999
0.0581
0.0216
-0.0153
-0.0453
-0.0816
-0.1063
-0.1380
-0.1498
-0.1505
-0.1300
-0.1117
-0.1112
-0.1465
-0.1975
-0.2498
-0.2616
-0.2431
-0.1971
-0.1608
-0.1493
-0.1668
-0.2025
-0.2414
-0.2639
-0.2795
-0.2721
-0.2831
-0.2870
-0.3302
-0.3600
-0.4227
-0.4533
-0.5053
-0.5188
-0.5431
-0.5430
-0.5548
-0.5681
-0.5922
-0.6190
-0.6454
-0.6657
-0.6894
-0.7087
-0.7394
-0.7652
-0.7958
-0.8162
-0.8296
-0.8384
-0.8405
-0.8573
-0.8687
-0.9030
-0.9204
-0.9499
-0.9574
-0.9714
-0.9797
-1.0009
-1.0302
-1.0722
-1.1132
-1.1512
-1.1701
-1.1774
-1.1760
-1.1764
-1.1875
-1.1883
-1.1917
-1.1601
-1.1382
-1.0956
-1.0922
-1.0954
-1.1412
-1.1829
-1.2281
-1.2393
-1.2384
-1.2215
-1.2232
-1.2393
-1.2769
-1.3149
-1.3441
-1.3526
-1.3415
-1.3118
-1.2734
-1.2358
-1.2127
-1.2170
-1.2468
-1.2941
-1.3404
-1.3670
-1.3734
-1.3547
-1.3277
-1.2905
-1.2524
-1.2083
-1.1616
-1.1163
-1.0761
-1.0513
-1.0353
-1.0346
-1.0361
-1.0466
-1.0571
-1.0640
-1.0570
-1.0246
-0.9735
-0.9060
-0.8462
-0.7946
-0.7691
-0.7536
-0.7503
-0.7328
-0.6923
-0.6251
-0.5336
-0.4443
-0.3595
-0.2960
-0.2451
-0.2087
-0.1850
-0.1769
-0.1808
-0.1952
-0.1986
-0.1929
-0.1578
-0.1152
-0.0579
-0.0119
0.0326
0.0629
0.0994
0.1305
0.1767
0.2105
0.2453
0.2553
0.2606
0.2578
0.2659
0.2816
0.3076
0.3307
0.3545
0.3725
0.3982
0.4311
0.4734
0.5196
0.5594
0.5937
0.6174
0.6464
0.6697
0.7078
0.7282
0.7565
0.7608
0.7794
0.7863
0.8128
0.8151
0.8192
0.7829
0.7482
0.6978
0.6665
0.6476
0.6452
0.6531
0.6704
0.6910
0.7302
0.7685
0.8223
0.8634
0.9021
0.9315
0.9596
0.9933
1.0281
1.0516
1.0605
1.0425
1.0267
1.0175
1.0392
1.0741
1.1178
1.1415
1.1597
1.1570
1.1644
1.1623
1.1797
1.1890
1.2263
1.2467
1.2929
1.3032
1.3283
1.3155
1.3164
1.2971
1.2954
1.2887
1.2952
1.2967
1.2993
1.2923
1.2891
1.2855
1.3032
1.3227
1.3580
1.3748
1.3916
1.3871
1.3877
1.3803
1.3778
1.3669
1.3526
1.3304
1.3132
1.2995
1.3039
1.3073
1.3109
1.2840
1.2387
1.1657
1.1012
1.0339
0.9953
0.9501
0.9358
0.9098
0.9218
0.9180
0.9469
0.9487
0.9704
0.9651
0.9723
0.9678
0.9705
0.9772
0.9864
1.0075
1.0284
1.0533
1.0680
1.0701
1.0627
1.0498
1.0488
1.0587
1.0834
1.1156
1.1414
1.1626
1.1576
1.1418
1.1065
1.0714
1.0419
1.0163
1.0031
0.9837
0.9755
0.9515
0.9383
0.9061
0.8968
0.8828
0.8969
0.9009
0.9032
0.8862
0.8560
0.8328
0.8075
0.8059
0.8013
0.8146
0.8316
0.8635
0.9102
0.9593
1.0142
1.0528
1.0882
1.1041
1.1204
1.1220
1.1271
1.1235
1.1281
1.1407
1.1822
1.2516
1.3578
1.4635
1.5647
1.6139
1.6397
1.6276
1.6170
1.5955
1.5729
1.5382
1.5064
1.4801
1.4810
1.4956
1.5299
1.5633
1.5933
1.6148
1.6181
1.6173
1.6052
1.6108
1.6238
1.6617
1.6973
1.7368
1.7590
1.7744
1.7826
1.7919
1.8062
1.8246
1.8407
1.8560
1.8692
1.8822
1.9078
1.9245
1.9607
1.9787
2.0228
2.0454
2.0896
2.0945
2.1181
2.0994
2.1139
2.0818
2.0777
2.0222
2.0022
1.9525
1.9465
1.9270
1.9570
2.0121
2.1296
2.2818
2.4501
2.6072
2.7314
2.8227
2.8778
2.9022
2.9035
2.8872
2.8719
2.8547
2.8553
2.8518
2.8665
2.8599
2.8589
2.8193
2.7766
2.7111
2.6567
2.6144
2.5866
2.5739
2.5608
2.5513
2.5447
2.5380
2.5432
2.5397
2.5506
2.5535
2.5676
2.5714
2.5600
2.5275
2.4707
2.4070
2.3412
2.2786
2.2181
2.1570
2.1020
2.0635
2.0388
2.0306
2.0185
1.9966
1.9679
1.9216
1.8937
1.8456
1.8232
1.7754
1.7451
1.7047
1.6721
1.6447
1.6101
1.5821
1.5471
1.5208
1.4969
1.4735
1.4428
1.3989
1.3423
1.2846
1.2274
1.1863
1.1531
1.1308
1.1166
1.0976
1.0878
1.0721
1.0637
1.0580
1.0414
1.0284
0.9966
0.9740
0.9477
0.9368
0.9329
0.9451
0.9590
0.9794
0.9838
0.9828
0.9605
0.9425
0.9169
0.9160
0.9082
0.9224
0.9120
0.9163
0.9040
0.9115
0.9161
0.9284
0.9339
0.9442
0.9474
0.9657
0.9649
0.9759
0.9597
0.9549
0.9352
0.9224
0.9055
0.8829
0.8640
0.8373
0.8234
0.8182
0.8346
0.8784
0.9329
1.0008
1.0453
1.0758
1.0700
1.0549
1.0280
1.0134
1.0118
1.0210
1.0374
1.0478
1.0470
1.0511
1.0438
1.0717
1.0864
1.1325
1.1486
1.1805
1.1904
1.2299
1.2648
1.3255
1.3691
1.4100
1.4381
1.4641
1.5050
1.5447
1.5969
1.6278
1.6631
1.6724
1.7002
1.7152
1.7563
1.7912
1.8320
1.8573
1.8709
1.8712
1.8784
1.8865
1.9209
1.9571
2.0130
2.0675
2.1129
2.1514
2.1467
2.1466
2.1133
2.1183
2.1204
2.1538
2.1836
2.2004
2.2100
2.1758
2.1470
2.0770
2.0442
2.0109
2.0284
2.0574
2.0915
2.1120
2.1050
2.0863
2.0579
2.0348
2.0167
1.9942
1.9679
1.9240
1.8894
1.8483
1.8312
1.8014
1.7846
1.7595
1.7494
1.7452
1.7389
1.7308
1.7074
1.6950
1.6721
1.6627
1.6303
1.6056
1.5715
1.5585
1.5533
1.5572
1.5582
1.5585
1.5641
1.5805
1.5999
1.6114
1.5944
1.5626
1.5051
1.4683
1.4222
1.4104
1.3884
1.3987
1.4141
1.4591
1.5117
1.5575
1.5977
1.6072
1.6296
1.6311
1.6556
1.6624
1.6773
1.6917
1.7157
1.7563
1.7911
1.8143
1.8141
1.7988
1.7916
1.7891
1.8000
1.8038
1.8019
1.8039
1.7979
1.8155
1.8081
1.8190
1.8002
1.8000
1.7968
1.8097
1.8201
1.8272
1.8028
1.7867
1.7374
1.7277
1.6998
1.7185
1.7449
1.8053
1.8715
1.9133
1.9177
1.8671
1.8063
1.7473
1.7389
1.7519
1.8047
1.8420
1.8865
1.8935
1.8913
1.8578
1.8258
1.7914
1.7697
1.7466
1.7167
1.6654
1.6014
1.5184
1.4476
1.3796
1.3459
1.3273
1.3371
1.3577
1.3891
1.4275
1.4630
1.5009
1.5120
1.5005
1.4383
1.3504
1.2461
1.1682
1.1214
1.1250
1.1391
1.1710
1.1717
1.1659
1.1355
1.1081
1.0835
1.0560
1.0212
0.9586
0.8868
0.8078
0.7673
0.7495
0.7841
0.8064
0.8397
0.8219
0.8007
0.7464
0.7202
0.7026
0.7346
0.7727
0.8196
0.8288
0.8123
0.7628
0.7261
0.6929
0.7085
0.7197
0.7626
0.7775
0.8079
0.8223
0.8506
0.8675
0.8809
0.8730
0.8515
0.8127
0.7531
0.6941
0.6231
0.5917
0.5642
0.5807
0.5736
0.5815
0.5508
0.5476
0.5389
0.5664
0.5927
0.6017
0.5839
0.5201
0.4419
0.3672
0.3080
0.2988
0.2993
0.3263
0.3424
0.3384
0.3266
0.2849
0.2471
0.2022
0.1582
0.1235
0.0862
0.0680
0.0656
0.0861
0.1303
0.1805
0.2361
0.2665
0.2793
0.2541
0.2259
0.1882
0.1697
0.1505
0.1328
0.0970
0.0588
0.0098
-0.0065
-0.0260
-0.0143
-0.0452
-0.0876
-0.1775
-0.2637
-0.3399
-0.3857
-0.4190
-0.4364
-0.4730
-0.4843
-0.5177
-0.5082
-0.5143
-0.4857
-0.4644
-0.4333
-0.4095
-0.3987
-0.3921
-0.3987
-0.4003
-0.4145
-0.4256
-0.4466
-0.4601
-0.4661
-0.4699
-0.4657
-0.4822
-0.4906
-0.5117
-0.5098
-0.5001
-0.4857
-0.4689
-0.4829
-0.4840
-0.5167
-0.5062
-0.5205
-0.4922
-0.4938
-0.4814
-0.4920
-0.5186
-0.5521
-0.6117
-0.6548
-0.6986
-0.7118
-0.7172
-0.7144
-0.7249
-0.7415
-0.7716
-0.7979
-0.8211
-0.8307
-0.8238
-0.7993
-0.7648
-0.7199
-0.6883
-0.6580
-0.6712
-0.6977
-0.7773
-0.8480
-0.9263
-0.9617
-0.9706
-0.9624
-0.9434
-0.9465
-0.9457
-0.9588
-0.9576
-0.9504
-0.9422
-0.9314
-0.9468
-0.9604
-1.0076
-1.0426
-1.1006
-1.1323
-1.1596
-1.1459
-1.1127
-1.0535
-0.9971
-0.9512
-0.9304
-0.9316
-0.9402
-0.9484
-0.9310
-0.9005
-0.8379
-0.7769
-0.7058
-0.6647
-0.6375
-0.6398
-0.6390
-0.6340
-0.6108
-0.5816
-0.5527
-0.5292
-0.5102
-0.4924
-0.4830
-0.4794
-0.4935
-0.5039
-0.5177
-0.5027
-0.4785
-0.4295
-0.3911
-0.3704
-0.3801
-0.4182
-0.4485
-0.4617
-0.4340
-0.3841
-0.3260
-0.2785
-0.2448
-0.2299
-0.2212
-0.2270
-0.2361
-0.2513
-0.2795
-0.3015
-0.3424
-0.3549
-0.3734
-0.3492
-0.3271
-0.2753
-0.2396
-0.1913
-0.1714
-0.1427
-0.1420
-0.1286
-0.1242
-0.1024
-0.0659
-0.0237
0.0244
0.0582
0.0810
0.1077
0.1268
0.1651
0.1770
0.1802
0.1419
0.0898
0.0264
-0.0239
-0.0603
-0.0745
-0.0741
-0.0586
-0.0411
-0.0354
-0.0514
-0.0902
-0.1420
-0.1926
-0.2450
-0.2960
-0.3578
-0.4239
-0.4907
-0.5571
-0.6218
-0.6920
-0.7652
-0.8346
-0.8953
-0.9441
-0.9866
-1.0245
-1.0637
-1.0928
-1.1202
-1.1372
-1.1478
-1.1630
-1.1520
-1.1626
-1.1276
-1.1421
-1.1203
-1.1669
-1.1936
-1.2700
-1.3400
-1.4263
-1.5244
-1.6083
-1.7083
-1.7619
-1.8109
-1.8056
-1.7847
-1.7614
-1.7365
-1.7635
-1.7755
-1.8335
-1.8513
-1.9005
-1.9162
-1.9615
-1.9797
-2.0178
-2.0315
-2.0622
-2.0898
-2.1360
-2.2043
-2.2765
-2.3672
-2.4282
-2.4823
-2.5031
-2.5213
-2.5437
-2.5705
-2.6069
-2.6250
-2.6325
-2.6239
-2.6041
-2.5914
-2.5679
-2.5629
-2.5554
-2.5741
-2.5987
-2.6350
-2.6717
-2.7029
-2.7465
-2.7718
-2.8105
-2.8044
-2.8075
-2.7833
-2.7965
-2.8243
-2.8901
-2.9489
-3.0024
-3.0074
-3.0085
-2.9817
-2.9937
-3.0011
-3.0442
-3.0589
-3.0903
-3.0908
-3.1283
-3.1589
-3.2267
-3.2730
-3.3225
-3.3314
-3.3494
-3.3431
-3.3690
-3.3748
-3.3907
-3.3711
-3.3399
-3.2928
-3.2667
-3.2613
-3.3005
-3.3466
-3.4101
-3.4491
-3.4837
-3.4900
-3.4940
-3.4783
-3.4790
-3.4712
-3.4944
-3.4990
-3.5130
-3.4983
-3.4749
-3.4512
-3.4135
-3.3877
-3.3397
-3.3056
-3.2747
-3.2676
-3.2640
-3.2646
-3.2446
-3.2376
-3.2245
-3.2338
-3.2399
-3.2368
-3.2321
-3.2036
-3.1812
-3.1401
-3.1074
-3.0731
-3.0552
-3.0379
-3.0342
-3.0167
-3.0167
-2.9994
-3.0038
-2.9792
-2.9611
-2.9137
-2.8603
-2.8062
-2.7297
-2.6752
-2.5861
-2.5251
-2.4482
-2.4006
-2.3748
-2.3743
-2.4001
-2.4226
-2.4380
-2.4334
-2.4101
-2.3837
-2.3457
-2.3201
-2.2816
-2.2542
-2.2079
-2.1697
-2.1233
-2.0903
-2.0516
-2.0105
-1.9421
-1.8734
-1.7989
-1.7685
-1.7596
-1.7838
-1.8027
-1.8029
-1.7954
-1.7549
-1.7448
-1.7099
-1.7280
-1.7155
-1.7324
-1.6913
-1.6530
-1.5649
-1.5030
-1.4331
-1.4062
-1.3824
-1.3820
-1.3739
-1.3781
-1.3670
-1.3667
-1.3268
-1.2890
-1.1994
-1.1351
-1.0561
-1.0289
-1.0060
-1.0028
-0.9820
-0.9536
-0.9134
-0.8884
-0.8753
-0.8784
-0.8850
-0.8678
-0.8377
-0.7705
-0.6979
-0.6224
-0.5515
-0.5089
-0.4593
-0.4336
-0.3867
-0.3468
-0.2939
-0.2401
-0.1903
-0.1418
-0.1046
-0.0782
-0.0478
-0.0285
0.0234
0.0614
0.1292
0.1630
0.1971
0.1896
0.1690
0.1319
0.1008
0.0930
0.1081
0.1419
0.1810
0.2043
0.2335
0.2440
0.2772
0.2911
0.3134
0.3081
0.3015
0.2872
0.2905
0.3111
0.3495
0.4019
0.4500
0.5048
0.5339
0.5593
0.5436
0.5255
0.4850
0.4556
0.4234
0.3898
0.3556
0.3152
0.2834
0.2619
0.2478
0.2541
0.2477
0.2600
0.2393
0.2467
0.2184
0.2348
0.2142
0.2402
0.2318
0.2555
0.2489
0.2392
0.2063
0.1542
0.1137
0.0779
0.0766
0.0846
0.0908
0.0848
0.0464
0.0089
-0.0412
-0.0629
-0.0774
-0.0594
-0.0338
0.0103
0.0419
0.0589
0.0400
-0.0030
-0.0571
-0.0925
-0.0950
-0.0548
0.0094
0.0806
0.1355
0.1605
0.1619
0.1457
0.1354
0.1332
0.1438
0.1467
0.1434
0.1185
0.0956
0.0753
0.0771
0.0986
0.1385
0.1830
0.2337
0.2617
0.2832
0.2644
0.2307
0.1709
0.1015
0.0436
-0.0054
-0.0123
-0.0060
0.0237
0.0433
0.0568
0.0610
0.0667
0.0704
0.0863
0.0895
0.1134
0.1246
0.1563
0.1768
0.1869
0.1745
0.1266
0.0684
0.0020
-0.0440
-0.0633
-0.0624
-0.0300
-0.0000
0.0442
0.0677
0.0870
0.0940
0.0895
0.0824
0.0400
-0.0114
-0.1115
-0.2000
-0.3064
-0.3601
-0.3921
-0.3624
-0.3140
-0.2518
-0.2139
-0.2076
-0.2329
-0.2755
-0.3204
-0.3671
-0.4018
-0.4433
-0.4586
-0.4847
-0.4786
-0.4843
-0.4608
-0.4380
-0.4015
-0.3780
-0.3785
-0.4152
-0.4714
-0.5350
-0.5660
-0.5771
-0.5507
-0.5251
-0.4922
-0.4768
-0.4714
-0.4850
-0.5014
-0.5205
-0.5264
-0.5371
-0.5599
-0.6027
-0.6755
-0.7468
-0.8365
-0.9103
-0.9831
-1.0431
-1.0748
-1.1146
-1.1306
-1.1796
-1.2122
-1.2630
-1.2904
-1.3166
-1.3282
-1.3251
-1.3227
-1.2955
-1.2890
-1.2690
-1.2694
-1.2629
-1.2431
-1.2292
-1.2073
-1.2357
-1.2805
-1.3676
-1.4352
-1.4959
-1.5128
-1.5238
-1.5139
-1.5296
-1.5478
-1.6055
-1.6533
-1.7119
-1.7281
-1.7275
-1.6886
-1.6397
-1.5815
-1.5296
-1.4942
-1.4817
-1.4887
-1.5114
-1.5202
-1.5239
-1.4959
-1.4620
-1.4149
-1.3688
-1.3368
-1.3205
-1.3274
-1.3611
-1.3876
-1.4318
-1.4379
-1.4476
-1.4264
-1.4029
-1.3846
-1.3652
-1.3663
-1.3434
-1.3177
-1.2480
-1.1848
-1.1032
-1.0648
-1.0201
-1.0148
-0.9824
-0.9712
-0.9266
-0.9019
-0.8553
-0.8179
-0.7553
-0.6709
-0.5637
-0.4516
-0.3594
-0.3019
-0.2597
-0.2204
-0.1558
-0.0726
0.0168
0.1104
0.2025
0.3125
0.4377
0.5702
0.7052
0.8187
0.9321
1.0130
1.0910
1.1227
1.1426
1.1348
1.1355
1.1565
1.1923
1.2530
1.2886
1.3209
1.3094
1.2844
1.2425
1.1741
1.1160
1.0073
0.9166
0.7727
0.6504
0.5190
0.4303
0.3898
0.3991
0.4590
0.5484
0.6560
0.7853
0.8994
1.0264
1.1023
1.1814
1.2108
1.2575
1.2874
1.3358
1.3756
1.4080
1.4310
1.4574
1.5103
1.6104
1.7324
1.8750
1.9583
2.0188
2.0053
2.0085
2.0036
2.0545
2.1262
2.2273
2.3202
2.3925
2.4205
2.4167
2.3855
2.3618
2.3527
2.3537
2.3550
2.3315
2.2943
2.2577
2.2297
2.2384
2.2513
2.2909
2.3227
2.3733
2.4177
2.4791
2.5149
2.5420
2.5139
2.4538
2.3612
2.2598
2.1813
2.1158
2.0834
2.0501
2.0309
1.9954
1.9702
1.9326
1.9145
1.8891
1.8760
1.8441
1.8139
1.7656
1.7329
1.6924
1.6667
1.6214
1.5684
1.4972
1.4209
1.3515
1.2868
1.2443
1.2048
1.1916
1.1657
1.1469
1.0864
1.0165
0.9128
0.8314
0.7555
0.7284
0.7046
0.7029
0.6793
0.6533
0.6151
0.5787
0.5454
0.5001
0.4360
0.3281
0.1973
0.0461
-0.0702
-0.1418
-0.1366
-0.0707
0.0313
0.1426
0.2185
0.2726
0.2827
0.2995
0.2957
0.3152
0.3131
0.3216
0.2926
0.2544
0.1717
0.0965
0.0168
-0.0153
-0.0282
-0.0098
0.0100
0.0338
0.0495
0.0532
0.0289
-0.0223
-0.0942
-0.1659
-0.2082
-0.2278
-0.2120
-0.2018
-0.1910
-0.2052
-0.2240
-0.2531
-0.2716
-0.2860
-0.2989
-0.3030
-0.3339
-0.3420
-0.3876
-0.3960
-0.4413
-0.4628
-0.5201
-0.5756
-0.6443
-0.7143
-0.7590
-0.8037
-0.8028
-0.8203
-0.7976
-0.8197
-0.8040
-0.8386
-0.8318
-0.8696
-0.8833
-0.9403
-0.9874
-1.0551
-1.0956
-1.1320
-1.1379
-1.1446
-1.1373
-1.1349
-1.1295
-1.1252
-1.1262
-1.1232
-1.1305
-1.1324
-1.1477
-1.1589
-1.1773
-1.1910
-1.2063
-1.2153
-1.2203
-1.2080
-1.1933
-1.1724
-1.1770
-1.2008
-1.2447
-1.2942
-1.3171
-1.3383
-1.3272
-1.3471
-1.3652
-1.4294
-1.4928
-1.5676
-1.6132
-1.6323
-1.6196
-1.5821
-1.5414
-1.4980
-1.4693
-1.4487
-1.4330
-1.4251
-1.4091
-1.4078
-1.3933
-1.3983
-1.3827
-1.3841
-1.3682
-1.3764
-1.3764
-1.3989
-1.3937
-1.3947
-1.3526
-1.3266
-1.2741
-1.2481
-1.1974
-1.1581
-1.0944
-1.0456
-0.9937
-0.9591
-0.9198
-0.8824
-0.8420
-0.8076
-0.7797
-0.7498
-0.7166
-0.6829
-0.6538
-0.6535
-0.6522
-0.6828
-0.6853
-0.7105
-0.7009
-0.6986
-0.6618
-0.6087
-0.5436
-0.4771
-0.4447
-0.4246
-0.4374
-0.4344
-0.4426
-0.4273
-0.4306
-0.4264
-0.4380
-0.4383
-0.4326
-0.4107
-0.3906
-0.3663
-0.3600
-0.3391
-0.3257
-0.2902
-0.2622
-0.2315
-0.2113
-0.1990
-0.1910
-0.1924
-0.1966
-0.2035
-0.2119
-0.2134
-0.2275
-0.2401
-0.2705
-0.2952
-0.3150
-0.3350
-0.3497
-0.3959
-0.4407
-0.5067
-0.5510
-0.5937
-0.6212
-0.6589
-0.6890
-0.7370
-0.7662
-0.8211
-0.8546
-0.9142
-0.9486
-0.9963
-1.0174
-1.0438
-1.0464
-1.0583
-1.0578
-1.0838
-1.1132
-1.1787
-1.2527
-1.3516
-1.4493
-1.5437
-1.6199
-1.6717
-1.7099
-1.7340
-1.7657
-1.7973
-1.8356
-1.8712
-1.8979
-1.9185
-1.9169
-1.9107
-1.8809
-1.8665
-1.8473
-1.8658
-1.8855
-1.9372
-1.9815
-2.0508
-2.1089
-2.1793
-2.2182
-2.2461
-2.2373
-2.2298
-2.2148
-2.2249
-2.2446
-2.2803
-2.3223
-2.3461
-2.3665
-2.3448
-2.3236
-2.2792
-2.2505
-2.2286
-2.2172
-2.2160
-2.2096
-2.2111
-2.2074
-2.2155
-2.2105
-2.2153
-2.1894
-2.1839
-2.1542
-2.1558
-2.1472
-2.1441
-2.1340
-2.0932
-2.0629
-2.0022
-1.9838
-1.9469
-1.9540
-1.9389
-1.9531
-1.9442
-1.9472
-1.9077
-1.8656
-1.7794
-1.7200
-1.6529
-1.6349
-1.6283
-1.6492
-1.6729
-1.6878
-1.6803
-1.6457
-1.5754
-1.4931
-1.3876
-1.3025
-1.2296
-1.2019
-1.1990
-1.2144
-1.2214
-1.2166
-1.1979
-1.1859
-1.1756
-1.1743
-1.1646
-1.1396
-1.1074
-1.0598
-1.0326
-1.0034
-1.0080
-1.0077
-1.0342
-1.0417
-1.0616
-1.0398
-1.0121
-0.9394
-0.8734
-0.8109
-0.7822
-0.7823
-0.7873
-0.7943
-0.7769
-0.7622
-0.7339
-0.7199
-0.6965
-0.6823
-0.6638
-0.6539
-0.6473
-0.6437
-0.6284
-0.6105
-0.5761
-0.5640
-0.5491
-0.5578
-0.5456
-0.5287
-0.4934
-0.4660
-0.4449
-0.4385
-0.4243
-0.4189
-0.3998
-0.3996
-0.3903
-0.3848
-0.3615
-0.3213
-0.2727
-0.2170
-0.1768
-0.1447
-0.1359
-0.1295
-0.1357
-0.1344
-0.1365
-0.1332
-0.1276
-0.1271
-0.1235
-0.1362
-0.1434
-0.1645
-0.1742
-0.1943
-0.2039
-0.2239
-0.2316
-0.2477
-0.2550
-0.2737
-0.2878
-0.3034
-0.3010
-0.2878
-0.2561
-0.2301
-0.2098
-0.2149
-0.2347
-0.2676
-0.2919
-0.3028
-0.2884
-0.2735
-0.2573
-0.2805
-0.3166
-0.3884
-0.4394
-0.4917
-0.5019
-0.5185
-0.5144
-0.5396
-0.5520
-0.5887
-0.6038
-0.6366
-0.6534
-0.6852
-0.7088
-0.7333
-0.7511
-0.7538
-0.7507
-0.7281
-0.7101
-0.6881
-0.6913
-0.7149
-0.7649
-0.8291
-0.8778
-0.9065
-0.8935
-0.8574
-0.8153
-0.7777
-0.7878
-0.8232
-0.9193
-1.0181
-1.1230
-1.1880
-1.2233
-1.2388
-1.2521
-1.2779
-1.3064
-1.3411
-1.3666
-1.3980
-1.4165
-1.4324
-1.4256
-1.4041
-1.3757
-1.3442
-1.3296
-1.3170
-1.3235
-1.3329
-1.3650
-1.4012
-1.4536
-1.4954
-1.5349
-1.5627
-1.5814
-1.6045
-1.6057
-1.6105
-1.5819
-1.5578
-1.5231
-1.5044
-1.4985
-1.5038
-1.5144
-1.5250
-1.5253
-1.5290
-1.5211
-1.5278
-1.5264
-1.5389
-1.5397
-1.5473
-1.5456
-1.5554
-1.5649
-1.5845
-1.5947
-1.5919
-1.5716
-1.5310
-1.4991
-1.4609
-1.4567
-1.4451
-1.4600
-1.4536
-1.4503
-1.4238
-1.3918
-1.3629
-1.3425
-1.3537
-1.3736
-1.4146
-1.4402
-1.4580
-1.4554
-1.4400
-1.4253
-1.3966
-1.3710
-1.3189
-1.2675
-1.2036
-1.1544
-1.1151
-1.0895
-1.0776
-1.0699
-1.0779
-1.0783
-1.0863
-1.0646
-1.0459
-0.9953
-0.9658
-0.9152
-0.8911
-0.8370
-0.7947
-0.7186
-0.6561
-0.5847
-0.5427
-0.5128
-0.5055
-0.5026
-0.5007
-0.4915
-0.4774
-0.4535
-0.4309
-0.4023
-0.3801
-0.3586
-0.3398
-0.3241
-0.3111
-0.3026
-0.3085
-0.3126
-0.3345
-0.3429
-0.3673
-0.3808
-0.4110
-0.4285
-0.4483
-0.4410
-0.4324
-0.4134
-0.4132
-0.4260
-0.4483
-0.4748
-0.4823
-0.4815
-0.4655
-0.4463
-0.4438
-0.4362
-0.4466
-0.4270
-0.4033
-0.3602
-0.3263
-0.3129
-0.3196
-0.3457
-0.3753
-0.3979
-0.4118
-0.4060
-0.3980
-0.3813
-0.3808
-0.3870
-0.4132
-0.4417
-0.4721
-0.4895
-0.4986
-0.4958
-0.4973
-0.4923
-0.4950
-0.4753
-0.4580
-0.4164
-0.4000
-0.3843
-0.4127
-0.4404
-0.4896
-0.5128
-0.5330
-0.5205
-0.5065
-0.4786
-0.4662
-0.4620
-0.4706
-0.4835
-0.4893
-0.4949
-0.4948
-0.4985
-0.5047
-0.5130
-0.5289
-0.5482
-0.5692
-0.5873
-0.5884
-0.5811
-0.5516
-0.5215
-0.4767
-0.4382
-0.3881
-0.3475
-0.3047
-0.2809
-0.2713
-0.2808
-0.3029
-0.3240
-0.3423
-0.3458
-0.3457
-0.3379
-0.3323
-0.3254
-0.3172
-0.3135
-0.3072
-0.3097
-0.3062
-0.3048
-0.3053
-0.3058
-0.3224
-0.3264
-0.3390
-0.3240
-0.3127
-0.2864
-0.2763
-0.2745
-0.2958
-0.3274
-0.3691
-0.4036
-0.4373
-0.4505
-0.4660
-0.4557
-0.4567
-0.4410
-0.4458
-0.4432
-0.4515
-0.4464
-0.4419
-0.4223
-0.4045
-0.3708
-0.3410
-0.3007
-0.2790
-0.2630
-0.2729
-0.2860
-0.2998
-0.3034
-0.2881
-0.2715
-0.2431
-0.2208
-0.1951
-0.1762
-0.1686
-0.1827
-0.2085
-0.2522
-0.2674
-0.2782
-0.2350
-0.1944
-0.1249
-0.0779
-0.0261
0.0138
0.0590
0.1083
0.1554
0.1979
0.2205
0.2312
0.2253
0.2237
0.2246
0.2423
0.2701
0.3071
0.3479
0.3857
0.4132
0.4400
0.4480
0.4702
0.4706
0.4886
0.4896
0.5086
0.5294
0.5668
0.6139
0.6652
0.7239
0.7722
0.8245
0.8471
0.8731
0.8641
0.8769
0.8663
0.8885
0.8828
0.9002
0.8829
0.8890
0.8795
0.9046
0.9376
0.9979
1.0658
1.1360
1.1985
1.2410
1.2677
1.2739
1.2806
1.2838
1.3002
1.3144
1.3316
1.3457
1.3583
1.3771
1.3929
1.4158
1.4344
1.4606
1.4909
1.5264
1.5671
1.5965
1.6244
1.6362
1.6555
1.6757
1.7036
1.7326
1.7485
1.7667
1.7722
1.7878
1.7923
1.7941
1.7818
1.7655
1.7444
1.7362
1.7313
1.7509
1.7680
1.7917
1.7908
1.7734
1.7329
1.6866
1.6430
1.6065
1.5846
1.5657
1.5589
1.5501
1.5406
1.5310
1.5132
1.5071
1.4912
1.4834
1.4566
1.4352
1.4066
1.4051
1.4063
1.4298
1.4303
1.4308
1.4027
1.3839
1.3596
1.3573
1.3555
1.3646
1.3616
1.3534
1.3319
1.3079
1.2847
1.2644
1.2503
1.2348
1.2228
1.2064
1.1950
1.1868
1.1894
1.2011
1.2145
1.2290
1.2314
1.2316
1.2200
1.2131
1.2047
1.2186
1.2323
1.2672
1.2710
1.2782
1.2543
1.2497
1.2480
1.2658
1.2844
1.3049
1.3242
1.3521
1.3808
1.4087
1.4195
1.4168
1.4000
1.3853
1.3738
1.3730
1.3772
1.3840
1.3948
1.4021
1.4128
1.4152
1.4174
1.4116
1.4141
1.4163
1.4341
1.4452
1.4599
1.4609
1.4611
1.4610
1.4695
1.4906
1.5232
1.5611
1.5999
1.6277
1.6470
1.6519
1.6480
1.6359
1.6156
1.5930
1.5723
1.5624
1.5710
1.5886
1.6139
1.6241
1.6271
1.6143
1.6062
1.6007
1.6074
1.6164
1.6223
1.6201
1.6092
1.6007
1.5910
1.5825
1.5612
1.5300
1.4936
1.4672
1.4542
1.4542
1.4495
1.4365
1.4076
1.3700
1.3276
1.2800
1.2269
1.1684
1.1018
1.0457
0.9888
0.9568
0.9224
0.8998
0.8608
0.8076
0.7371
0.6484
0.5703
0.4974
0.4602
0.4396
0.4399
0.4426
0.4356
0.4206
0.3850
0.3452
0.2948
0.2467
0.2015
0.1609
0.1283
0.0989
0.0686
0.0382
0.0014
-0.0275
-0.0583
-0.0879
-0.1291
-0.1863
-0.2448
-0.3040
-0.3402
-0.3643
-0.3705
-0.3719
-0.3729
-0.3776
-0.3917
-0.4082
-0.4337
-0.4622
-0.5031
-0.5572
-0.6212
-0.6974
-0.7700
-0.8376
-0.8931
-0.9275
-0.9602
-0.9720
-0.9988
-1.0047
-1.0237
-1.0178
-1.0238
-1.0228
-1.0495
-1.0839
-1.1384
-1.1733
-1.2058
-1.2012
-1.2077
-1.1959
-1.2141
-1.2213
-1.2457
-1.2526
-1.2662
-1.2770
-1.3017
-1.3360
-1.3730
-1.4061
-1.4236
-1.4352
-1.4303
-1.4293
-1.4118
-1.4016
-1.3823
-1.3723
-1.3666
-1.3674
-1.3752
-1.3844
-1.3901
-1.3872
-1.3758
-1.3544
-1.3518
-1.3418
-1.3671
-1.3618
-1.3799
-1.3633
-1.3698
-1.3616
-1.3680
-1.3629
-1.3634
-1.3565
-1.3604
-1.3583
-1.3587
-1.3468
-1.3196
-1.2812
-1.2179
-1.1506
-1.0661
-0.9877
-0.9171
-0.8569
-0.8212
-0.7830
-0.7648
-0.7350
-0.7216
-0.7042
-0.6993
-0.6887
-0.6762
-0.6464
-0.6128
-0.5727
-0.5491
-0.5405
-0.5484
-0.5570
-0.5560
-0.5360
-0.5083
-0.4685
-0.4326
-0.3852
-0.3361
-0.2822
-0.2314
-0.1996
-0.1764
-0.1788
-0.1782
-0.1917
-0.1910
-0.1932
-0.1733
-0.1456
-0.1005
-0.0519
-0.0077
0.0321
0.0594
0.0819
0.0972
0.1041
0.1102
0.1082
0.1106
0.1146
0.1283
0.1532
0.1840
0.2136
0.2382
0.2591
0.2840
0.3244
0.3654
0.4194
0.4512
0.4824
0.4895
0.4956
0.5027
0.5166
0.5517
0.5809
0.6229
0.6370
0.6592
0.6588
0.6727
0.6761
0.6859
0.6855
0.6829
0.6733
0.6721
0.6729
0.7001
0.7276
0.7821
0.8222
0.8731
0.9020
0.9282
0.9424
0.9482
0.9506
0.9390
0.9285
0.9123
0.9074
0.8996
0.8936
0.8746
0.8595
0.8515
0.8661
0.8970
0.9274
0.9481
0.9447
0.9323
0.9203
0.9189
0.9404
0.9629
0.9949
1.0083
1.0183
1.0220
1.0308
1.0518
1.0741
1.0988
1.1100
1.1189
1.1200
1.1304
1.1391
1.1530
1.1601
1.1656
1.1702
1.1764
1.1876
1.1948
1.2019
1.1949
1.1875
1.1700
1.1680
1.1693
1.1936
1.2123
1.2363
1.2436
1.2481
1.2484
1.2463
1.2500
1.2475
1.2502
1.2466
1.2446
1.2439
1.2485
1.2654
1.2939
1.3272
1.3687
1.3920
1.4234
1.4270
1.4431
1.4349
1.4370
1.4329
1.4403
1.4574
1.4683
1.4746
1.4572
1.4390
1.4191
1.4162
1.4209
1.4246
1.4180
1.3912
1.3586
1.3184
1.2948
1.2762
1.2810
1.2844
1.3026
1.3044
1.3060
1.2845
1.2586
1.2269
1.1998
1.1859
1.1723
1.1684
1.1493
1.1394
1.1163
1.1176
1.1128
1.1304
1.1324
1.1391
1.1297
1.1303
1.1379
1.1650
1.1952
1.2176
1.2132
1.1891
1.1414
1.1017
1.0569
1.0403
1.0230
1.0286
1.0291
1.0347
1.0376
1.0404
1.0504
1.0613
1.0703
1.0706
1.0511
1.0249
0.9909
0.9717
0.9689
0.9836
1.0099
1.0306
1.0459
1.0451
1.0398
1.0250
1.0128
0.9939
0.9822
0.9677
0.9621
0.9600
0.9583
0.9688
0.9742
1.0008
1.0194
1.0506
1.0709
1.0908
1.1035
1.1116
1.1135
1.1176
1.1179
1.1294
1.1357
1.1473
1.1518
1.1573
1.1614
1.1714
1.1846
1.2104
1.2378
1.2722
1.2946
1.3104
1.3078
1.3049
1.2953
1.3034
1.3110
1.3398
1.3603
1.3935
1.4117
1.4326
1.4354
1.4334
1.4213
1.4138
1.4143
1.4218
1.4340
1.4370
1.4405
1.4373
1.4483
1.4614
1.4859
1.5037
1.5183
1.5244
1.5252
1.5246
1.5148
1.5019
1.4737
1.4499
1.4209
1.4145
1.4088
1.4265
1.4381
1.4623
1.4775
1.4955
1.5019
1.5093
1.5036
1.5128
1.5129
1.5444
1.5649
1.6081
1.6222
1.6322
1.6040
1.5697
1.5168
1.4811
1.4455
1.4335
1.4190
1.4182
1.4133
1.4160
1.4149
1.4172
1.4118
1.4113
1.3963
1.3842
1.3469
1.3154
1.2631
1.2367
1.1955
1.1926
1.1690
1.1862
1.1836
1.2123
1.2207
1.2329
1.2340
1.2291
1.2372
1.2364
1.2434
1.2286
1.2074
1.1753
1.1480
1.1275
1.1139
1.0963
1.0694
1.0329
0.9963
0.9745
0.9674
0.9715
0.9673
0.9477
0.9147
0.8743
0.8464
0.8124
0.7908
0.7423
0.7064
0.6484
0.6212
0.5827
0.5808
0.5671
0.5863
0.5870
0.6018
0.5833
0.5674
0.5305
0.5212
0.5167
0.5479
0.5746
0.6107
0.6293
0.6498
0.6655
0.6933
0.7229
0.7523
0.7680
0.7608
0.7435
0.7204
0.7177
0.7275
0.7465
0.7513
0.7372
0.7070
0.6779
0.6597
0.6537
0.6553
0.6580
0.6664
0.6835
0.7079
0.7395
0.7639
0.7846
0.7904
0.7874
0.7741
0.7531
0.7346
0.7156
0.7095
0.7125
0.7286
0.7556
0.7749
0.7910
0.7853
0.7858
0.7951
0.8332
0.8930
0.9547
1.0041
1.0246
1.0225
1.0100
0.9960
0.9959
0.9980
1.0027
0.9897
0.9614
0.9180
0.8785
0.8535
0.8468
0.8554
0.8618
0.8763
0.8855
0.9130
0.9404
0.9783
1.0115
1.0445
1.0716
1.0889
1.0934
1.0810
1.0632
1.0423
1.0353
1.0361
1.0492
1.0582
1.0660
1.0558
1.0495
1.0270
1.0243
1.0085
1.0143
1.0058
1.0134
1.0135
1.0310
1.0545
1.0935
1.1384
1.1812
1.2167
1.2377
1.2442
1.2391
1.2186
1.2009
1.1810
1.1879
1.2091
1.2520
1.2929
1.3133
1.3125
1.2801
1.2495
1.2195
1.2183
1.2329
1.2685
1.3035
1.3392
1.3581
1.3742
1.3743
1.3820
1.3774
1.3844
1.3834
1.3965
1.4168
1.4462
1.4768
1.4874
1.4777
1.4405
1.4014
1.3679
1.3644
1.3803
1.4181
1.4590
1.5003
1.5396
1.5733
1.6065
1.6186
1.6197
1.5798
1.5328
1.4557
1.3970
1.3409
1.3180
1.3148
1.3295
1.3550
1.3713
1.3908
1.3947
1.4162
1.4328
1.4826
1.5305
1.6115
1.6816
1.7675
1.8226
1.8663
1.8752
1.8684
1.8561
1.8427
1.8540
1.8731
1.9240
1.9707
2.0231
2.0385
2.0266
1.9675
1.8850
1.7829
1.6854
1.5969
1.5340
1.4896
1.4744
1.4736
1.4967
1.5306
1.5826
1.6359
1.6857
1.7095
1.7042
1.6659
1.6195
1.5800
1.5747
1.5979
1.6426
1.6890
1.7151
1.7254
1.7134
1.7057
1.7031
1.7193
1.7435
1.7740
1.7979
1.8114
1.8142
1.7953
1.7801
1.7450
1.7332
1.7002
1.6852
1.6427
1.6113
1.5740
1.5519
1.5523
1.5560
1.5924
1.6144
1.6651
1.6889
1.7211
1.7284
1.7365
1.7563
1.7835
1.8363
1.8577
1.8587
1.7843
1.6724
1.5301
1.4103
1.3504
1.3524
1.4243
1.5144
1.6264
1.7190
1.8229
1.9079
2.0011
2.0682
2.1234
2.1529
2.1561
2.1414
2.0839
2.0119
1.8960
1.7952
1.6910
1.6581
1.6623
1.7399
1.8194
1.8956
1.9228
1.9121
1.8834
1.8518
1.8507
1.8611
1.8990
1.9361
1.9799
2.0181
2.0463
2.0541
2.0373
1.9897
1.9316
1.8685
1.8146
1.7800
1.7480
1.7482
1.7530
1.7920
1.8262
1.8517
1.8544
1.8345
1.8381
1.8541
1.9052
1.9382
1.9425
1.9268
1.8933
1.9077
1.9194
1.9598
1.9564
1.9449
1.9081
1.8840
1.8700
1.8713
1.8873
1.9014
1.9264
1.9310
1.9507
1.9550
1.9873
1.9974
2.0093
1.9783
1.9364
1.8846
1.8395
1.8178
1.7956
1.8010
1.7961
1.8111
1.7952
1.7668
