-2.4133
-2.1172
-2.2106
-2.1532
-2.1103
-2.0761
-2.7846
-2.3397
-2.1842
-2.4660
-2.3310
-2.9073
-2.2305
-2.8681
-2.3940
-2.9613
-2.9832
-2.5956
-2.6016
-2.3060
-1.9326
-2.2133
-2.3101
-2.3852
-2.7307
-2.9137
-2.8883
-3.1930
-3.0046
-3.5225
-3.5419
-3.5549
-3.2659
-3.3896
-3.3425
-3.3159
-3.2986
-3.2728
-3.1730
-3.0045
-2.8996
-2.8005
-2.8052
-2.8535
-2.5639
-2.8329
-2.5747
-2.8671
-2.5198
-2.9861
-2.9852
-3.0715
-2.9871
-3.1456
-3.0160
-3.1957
-2.9409
-3.2688
-2.9922
-3.1518
-3.1164
-3.1059
-3.1753
-3.1858
-3.2181
-3.1623
-3.1970
-3.1685
-3.2359
-3.2048
-3.1187
-2.9693
-3.1430
-3.0667
-3.2702
-3.3197
-3.1162
-3.2428
-2.9355
-2.8289
-2.9137
-2.7107
-2.5608
-2.3069
-2.1733
-1.8636
-1.4389
-1.3483
-0.9566
-0.8942
-0.6693
-0.4644
-0.3087
-0.1810
-0.0195
0.0796
0.2894
0.5450
0.6475
0.7379
0.6330
0.6155
0.8565
0.8807
0.7225
0.9275
0.7220
0.6786
0.6118
0.5637
0.5162
0.4612
0.4463
0.3141
0.1499
-0.1027
-0.3455
-0.5033
-0.7339
-0.9622
-1.2181
-1.2616
-1.6226
-1.8826
-1.9052
-2.1741
-2.6464
-2.8956
-3.2175
-3.4848
-3.7793
-4.0040
-4.1204
-3.8512
-4.4029
-4.5935
-4.3687
-4.8655
-4.8135
-5.0841
-4.6637
-5.6897
-5.5603
-5.6779
-6.3089
-5.9269
-6.3044
-6.4675
-7.0127
-7.1630
-7.3958
-7.4646
-7.6167
-7.3864
-7.1905
-7.4730
-7.3236
-7.5867
-7.5444
-7.5213
-7.1563
-7.3408
-6.9915
-6.7542
-6.9624
-6.9942
-6.9602
-7.2326
-5.4845
-7.1426
-6.5599
-6.8624
-6.5295
-6.4790
-6.1319
-6.5587
-6.6281
-6.7885
-6.3501
-6.2732
-6.1334
-6.1920
-6.6790
-6.4617
-6.1686
-6.6334
-6.2070
-5.8035
-5.7887
-5.7750
-5.1583
-5.4121
-4.9912
-4.9133
-4.8575
-3.7002
-4.4474
-4.1030
-3.6378
-3.5040
-2.9410
-3.0706
-3.3775
-3.9804
-3.9810
-3.9510
-4.0293
-3.9240
-3.3578
-3.7046
-2.9529
-2.8132
-2.5725
-2.1210
-2.4857
-2.3323
-1.7805
-1.6375
-0.5478
-0.3765
-0.4667
-0.2934
-0.3255
-0.3887
0.2321
-0.2025
0.0228
0.2274
0.4347
1.0239
0.7051
0.9745
0.5660
1.3280
0.9050
0.9417
1.0189
1.2800
1.4368
1.0031
1.2721
1.1281
0.8066
0.6575
1.0715
1.1993
1.4773
1.1603
1.4262
1.5434
1.1269
1.1620
1.9437
1.2787
1.5524
1.2616
0.8480
0.7529
0.4369
0.1911
0.3306
0.6566
1.0034
0.8979
1.4325
1.3785
1.4208
2.6985
2.2356
3.3045
3.6114
2.8354
3.7719
3.1064
2.8881
3.5810
4.3053
3.6158
3.9771
4.8387
4.9600
5.1993
5.0457
5.0844
5.6711
5.6955
5.8439
6.2458
5.7190
5.7677
5.5045
6.2322
5.7471
5.6912
5.9381
5.7240
6.0790
6.2230
6.1006
6.5240
6.0529
6.2380
6.4080
6.8890
7.4878
7.9064
8.6204
8.0778
8.0630
8.0096
8.0700
7.8462
7.6786
6.9472
6.9701
6.3392
6.6968
6.3479
6.5880
6.3868
6.3555
6.8148
6.6485
6.8277
6.7884
7.0760
6.9628
7.0759
7.3377
7.2845
7.2518
7.2677
7.2136
7.3548
7.2202
7.4582
7.2372
7.1696
7.0380
7.2275
6.9306
7.4239
7.5430
7.9384
8.1595
8.6400
8.9358
9.3500
8.8687
9.9164
9.7476
9.6698
9.9577
10.0772
10.0786
10.4855
10.6467
10.9803
11.0372
11.6162
11.8261
11.9630
11.9370
12.1228
12.0495
12.4474
13.0428
13.4322
13.7978
14.3855
14.6293
15.0715
15.0965
14.9904
14.7308
14.7171
14.9979
14.9829
15.1202
14.4743
14.1870
13.3937
13.4693
12.5721
11.8381
11.1440
11.2251
10.6915
10.1497
10.3931
8.6880
8.4011
7.0404
6.9237
6.2666
6.1829
6.3483
5.9372
5.3674
4.4378
4.4196
4.4183
3.9784
3.7160
3.8191
3.3461
3.4671
2.8856
2.8521
2.5214
2.1011
1.8656
1.6728
1.1916
0.9868
0.8466
1.1180
0.7489
0.9681
1.0963
0.4030
0.3992
0.3187
0.2643
0.1075
0.1765
-0.1118
0.2013
-0.2123
-0.3228
-0.1345
-0.2258
-0.2004
-0.2870
-0.5346
-0.6032
-0.6709
-1.0170
-1.0295
-0.8427
-1.0384
-0.9573
-0.8365
-1.0145
-1.0948
-0.6472
-0.2728
-0.8038
-1.0490
-1.1755
-1.1370
-0.6955
-1.3520
-0.5790
-1.2135
-1.4289
-1.3997
-1.1775
-1.6470
-1.2939
-1.4643
-1.6395
-1.4995
-1.8210
-1.4276
-1.3993
-1.6060
-1.7569
-1.7132
-1.7972
-1.3860
-1.2571
-1.8082
-2.0269
-1.5149
-1.7108
-1.0851
-1.2416
-1.2228
-0.9261
-0.7725
-1.2540
-1.0014
-1.5466
-1.3242
-1.5162
-1.5427
-1.7263
-1.5789
-1.4026
-1.4084
-1.4134
-1.4442
-1.9300
-1.9326
-1.4951
-2.0321
-1.8586
-1.0253
-1.9860
-1.9029
-1.7764
-2.4640
-2.7145
-2.3646
-2.8347
-3.3000
-3.2076
-3.6238
-4.0153
-3.9536
-3.9135
-4.3507
-4.9743
-5.1979
-5.5731
-5.6122
-5.9929
-6.0883
-6.3370
-6.3303
-6.5401
-6.3908
-6.1898
-6.1256
-6.5569
-6.6525
-6.7773
-6.7028
-6.7506
-6.6692
-6.5506
-6.5547
-6.6124
-6.5634
-6.7885
-6.7229
-6.8671
-6.8416
-6.7338
-6.7643
-6.8492
-6.7422
-7.0151
-6.8871
-6.9218
-6.5979
-6.9756
-6.7957
-6.8361
-6.5798
-5.9370
-5.9780
-6.1528
-5.9135
-5.6293
-5.8702
-5.3830
-5.2492
-4.3758
-5.2604
-4.3189
-5.2953
-5.2236
-4.9155
-4.3856
-4.5639
-3.9000
-3.9334
-3.8713
-3.3472
-3.2505
-3.5233
-3.4655
-3.4729
-3.3353
-3.0984
-2.3545
-2.3904
-1.9237
-1.6943
-1.5125
-1.7344
-1.9303
-1.7994
-2.0165
-1.8763
-1.9130
-2.1475
-1.8357
-1.5840
-1.6160
-1.3689
-1.3914
-1.3321
-1.4554
-1.1315
-1.2453
-0.4240
-0.5165
-0.0752
-0.7063
-0.8135
-0.8090
-0.3956
-0.5774
-0.7830
-1.1313
-1.4237
-1.1555
-1.6572
-1.7032
-1.9235
-1.8973
-2.1146
-1.7804
-2.1658
-2.3253
-2.2522
-2.4929
-2.4073
-2.6814
-3.0836
-3.2335
-3.4771
-3.5402
-4.1388
-3.9326
-4.1498
-3.6472
-4.6093
-4.5612
-5.1351
-5.4304
-5.6553
-5.6009
-5.6937
-5.7503
-5.8081
-5.3752
-6.1730
-5.8003
-6.2487
-6.3039
-6.8369
-6.9281
-7.0429
-6.9068
-6.9615
-6.8520
-6.5086
-6.3905
-6.9336
-6.9009
-6.5083
-6.9786
-6.7000
-6.6435
-6.7956
-6.5877
-6.3093
-6.1424
-6.2531
-6.1764
-5.9432
-5.7761
-5.3313
-5.4767
-5.2546
-5.2690
-5.1811
-4.5409
-4.4754
-4.3711
-4.0019
-3.4558
-3.3660
-2.5786
-2.6659
-1.6308
-1.7261
-1.0697
-0.3646
-0.0105
0.1109
0.6015
1.0742
1.6447
1.9707
2.3923
2.9618
3.5039
4.3214
4.4598
5.1637
5.1412
5.2237
5.7210
5.7703
6.3545
6.9920
7.9358
8.5105
8.7033
9.1933
9.7762
10.0661
11.0938
11.2882
12.1831
12.6462
12.8321
12.9828
13.5499
13.8327
14.1434
14.2631
14.6151
14.5659
15.1638
15.1359
15.1469
15.4049
15.5355
15.3728
15.7899
15.9033
15.8231
15.9797
16.1646
16.2341
16.3451
16.0989
16.2010
15.8775
15.5825
15.3456
15.3027
14.7176
15.3674
14.8877
14.6086
14.6758
13.9269
13.6682
13.0803
12.7111
12.3354
11.8613
12.8309
12.3407
12.6718
12.8066
12.3072
13.5646
12.8147
13.1155
13.2222
14.0420
13.1689
13.5589
13.8577
13.5723
12.7724
13.2310
12.6935
12.0019
12.1003
11.2077
10.9724
10.7433
10.6494
10.1600
10.2035
9.7694
9.6643
9.4965
8.7760
8.2203
7.1007
7.0585
6.0312
6.4334
5.1842
5.3657
4.8708
5.4817
4.6602
4.1465
4.2182
3.7359
3.5044
3.2165
3.4174
2.5732
2.3986
1.6756
1.4226
1.1012
0.6952
0.3735
0.0668
-0.2825
-0.1760
-0.7837
-0.9070
-1.0562
-1.4011
-1.7131
-1.6332
-1.4217
-2.0109
-2.1030
-2.2921
-2.7367
-2.8750
-2.7753
-3.0902
-3.3900
-3.4978
-3.4745
-3.9749
-3.8464
-4.3196
-4.1421
-4.1956
-4.2678
-3.9150
-4.2203
-4.1396
-4.2039
-4.2852
-4.1190
-4.0678
-4.1048
-4.3772
-4.3903
-4.1784
-4.1938
-3.8995
-4.2091
-4.1698
-4.2519
-3.8916
-4.4086
-4.4254
-4.1166
-4.0838
-3.7051
-3.8416
-3.9839
-3.6510
-3.9071
-4.1594
-4.0189
-4.1367
-3.9354
-3.7984
-3.7305
-3.9410
-3.5256
-3.6516
-3.3487
-3.3355
-3.0587
-3.3715
-3.5714
-3.8373
-3.6477
-3.6331
-3.8134
-3.4901
-3.9404
-3.7870
-3.7112
-3.5672
-3.8332
-3.8757
-3.6012
-3.7662
-3.7531
-3.7575
-3.6204
-3.3762
-3.2252
-3.3127
-3.2124
-3.4517
-3.4386
-3.4562
-3.3027
-3.2682
-3.8668
-3.8348
-3.8660
-3.5863
-3.9314
-3.8181
-3.7939
-3.7522
-3.8763
-3.7058
-3.9477
-3.9032
-3.9421
-4.1145
-4.1806
-4.4705
-4.7999
-4.9961
-5.1092
-5.1238
-5.2007
-5.5756
-5.5778
-5.6348
-5.7042
-5.7602
-5.7686
-5.9380
-5.9479
-5.7906
-5.8751
-5.5411
-5.5129
-5.7314
-5.8565
-5.8766
-5.8599
-5.7925
-5.4166
-5.0052
-4.9277
-5.3090
-5.2259
-5.1374
-5.7032
-5.8036
-5.7614
-5.6612
-5.4722
-5.7868
-5.5647
-5.5838
-5.2416
-5.3601
-6.1592
-6.2100
-6.0514
-6.6252
-6.4370
-6.7167
-6.1552
-6.3767
-6.2296
-6.3841
-5.9586
-5.9409
-6.0462
-5.9821
-5.9990
-5.5230
-6.0359
-5.6318
-5.9677
-5.7996
-5.6652
-5.5433
-5.3911
-5.4049
-5.1080
-5.3628
-5.1918
-5.5976
-5.6017
-5.2195
-5.0530
-4.5807
-4.3563
-4.7561
-4.7438
-3.9461
-3.9389
-3.9240
-3.5440
-3.3325
-3.6588
-3.6590
-3.7464
-3.7263
-3.8340
-3.2285
-3.0610
-2.2757
-2.3816
-2.0598
-2.4290
-2.3322
-2.1112
-2.3687
-2.3829
-2.9252
-1.6526
-1.7719
-1.6665
-1.7394
-0.8833
-1.2350
-0.4777
-0.5471
-0.0725
-0.5197
0.1904
1.1650
0.8486
1.1598
0.5019
0.6579
0.2464
0.3922
0.3684
0.2266
0.7000
1.2126
0.5050
0.4943
-0.3335
0.4451
0.3513
0.7771
1.2770
0.7478
0.9531
1.3561
1.1940
1.3631
1.5425
1.6483
2.0460
1.8981
1.3380
1.4599
1.0554
0.7302
1.4167
1.0508
1.1631
1.1952
1.2978
1.6878
1.5141
1.1940
2.0684
1.7907
1.2659
1.3099
1.7943
0.9894
1.6925
1.8845
1.5652
2.4023
1.8932
2.1297
2.2621
1.8436
2.0506
2.3283
2.0679
1.2696
1.7085
1.3427
1.3407
1.4537
1.3383
1.2340
1.0179
1.4247
1.5010
1.8331
2.1977
2.4155
2.8448
2.0996
2.2667
2.2249
1.5672
1.4664
1.7139
1.7291
1.8145
1.5350
1.8057
1.6404
2.1734
2.1927
2.0328
1.7056
1.5901
1.4782
1.5675
1.5663
1.5072
1.5193
1.5541
1.8883
2.1149
1.9628
1.6533
1.6434
1.7763
1.7465
1.4916
1.4005
1.3013
1.2371
1.3195
1.4000
2.0546
1.5191
1.5175
1.4001
1.0536
0.9630
0.6931
0.6344
0.5282
0.5053
0.5617
0.3976
0.6949
-0.0299
-0.3501
-0.2839
-0.7395
-0.5469
-0.7660
-0.7311
-0.9286
-0.8553
-1.1006
-1.4207
-1.4452
-1.4593
-1.6912
-1.4013
-1.3516
-1.2488
-1.1969
-1.4159
-1.4588
-1.5582
-1.3486
-1.5225
-1.1515
-1.5130
-1.6863
-1.2778
-1.9727
-2.1284
-2.4092
-2.6173
-2.7641
-2.9138
-2.7533
-3.0294
-3.0074
-3.0047
-3.0290
-2.8598
-3.0955
-3.1154
-2.9684
-2.8318
-2.9142
-2.7806
-2.9674
-2.9093
-2.7674
-2.9120
-2.5954
-2.7088
-2.3971
-2.6082
-2.6169
-2.2343
-2.2489
-1.9319
-1.6723
-1.8190
-1.7633
-1.7379
-1.5613
-1.3560
-1.4874
-1.3015
-1.3516
-1.5951
-1.7191
-1.6700
-1.6930
-1.7672
-1.6671
-1.8917
-2.2308
-2.1657
-2.4389
-2.5063
-2.4576
-2.1886
-2.0127
-1.6898
-2.2230
-1.8665
-2.2264
-2.2577
-2.3004
-2.0352
-1.8250
-2.0019
-2.1232
-2.0118
-2.2236
-2.1003
-2.0973
-2.1213
-2.0684
-1.9329
-1.9825
-1.8490
-2.0247
-1.7918
-2.0337
-1.9742
-2.2026
-2.1447
-2.4179
-2.8443
-2.8475
-2.9826
-3.1998
-3.3622
-3.5361
-3.7802
-4.1412
-4.3046
-4.6688
-4.6354
-5.0726
-5.1568
-5.1192
-5.1028
-5.3722
-5.1940
-5.2077
-5.0393
-4.8864
-4.9629
-4.7112
-4.6860
-4.6475
-4.2713
-4.3993
-4.3940
-4.0752
-4.2133
-4.0577
-3.6880
-3.6923
-3.6169
-3.3173
-3.3624
-3.1289
-3.2532
-3.1575
-3.1404
-3.0926
-2.9040
-2.9238
-2.7563
-2.6016
-2.6682
-2.7043
-2.5827
-2.6444
-2.1642
-2.4036
-2.3952
-2.0762
-1.7541
-2.0700
-2.0598
-1.9279
-1.8744
-1.6053
-1.7328
-1.6463
-1.6901
-1.6771
-1.6768
-1.8623
-1.7879
-2.0723
-2.0189
-2.1333
-2.2707
-1.7598
-2.4300
-2.2842
-2.5346
-2.3834
-2.9715
-3.0646
-3.1942
-3.1033
-3.1972
-2.7764
-3.0915
-3.1876
-2.8843
-2.9925
-3.2547
-3.0894
-3.3515
-3.3621
-3.1351
-3.3810
-3.3153
-3.3099
-3.0917
-3.3957
-3.3515
-3.3978
-3.7160
-3.6790
-3.7942
-3.7529
-3.6436
-3.8018
-3.4874
-3.8400
-3.8063
-3.7010
-3.2053
-3.4292
-3.0240
-3.4505
-2.9991
-3.2112
-3.1216
-2.9914
-3.1189
-2.9000
-2.7950
-2.4835
-2.1762
-1.9834
-1.8697
-1.6158
-1.3140
-1.0693
-0.5719
-0.3277
-0.0010
0.0834
0.2412
0.8143
1.1405
1.8734
1.7181
2.7217
2.5437
2.9408
3.2603
3.3113
3.4323
3.7501
4.0158
4.0905
3.7153
4.1572
4.2478
4.5066
4.6139
3.9827
3.7886
3.7545
3.7283
4.2355
3.8980
3.5565
2.7964
3.2269
2.6236
2.7330
2.6588
2.3781
2.1033
2.4607
2.0881
2.0978
1.5779
2.4045
1.4604
1.3263
1.3525
1.8756
1.8084
1.5305
1.0910
1.0215
0.7310
0.5513
0.5382
-0.3038
-0.1227
-0.4197
-0.6210
-1.4057
-0.6744
-1.1721
-1.5535
-1.8116
-1.6528
-2.1092
-1.8451
-2.0611
-1.3792
-1.9102
-2.4082
-1.9215
-2.0490
-1.8009
-1.7758
-1.6157
-1.5863
-1.4078
-1.8112
-0.8562
-0.5216
-0.9584
-0.4250
-0.9468
-0.9660
-0.7345
-1.4479
-0.6647
-0.8047
-0.7507
-0.7544
-1.3704
-1.4673
-1.1839
-1.4393
-0.0725
-1.0130
-0.9719
-0.9773
-0.8914
-0.8977
-0.2858
0.0812
0.2691
0.3693
0.7707
1.7414
1.6098
1.8913
1.9552
2.6450
2.9736
2.3644
3.0448
2.7215
3.2112
3.3419
4.2076
4.6406
5.0966
5.7212
6.1033
6.7984
6.9615
7.5628
7.4397
7.5831
8.2375
8.5841
8.5314
9.4727
9.5416
10.1152
9.6409
9.8833
10.7216
10.4319
11.0522
11.3300
11.9105
11.0356
10.6796
10.7013
10.2017
9.9757
9.7579
9.0813
9.6610
8.7121
9.1814
8.3973
8.8513
8.2830
8.1910
8.6468
8.6159
7.7166
7.8505
7.1434
7.9252
7.5514
7.0077
6.7904
7.1324
6.5067
6.0830
6.5310
6.6783
5.7140
5.7298
5.0054
4.6077
4.6617
4.0551
3.7233
4.4369
3.6153
3.7223
3.3347
3.4316
3.1827
2.2682
3.2092
1.6038
2.1896
1.1205
1.3259
1.9517
2.0830
2.7704
2.8698
2.2708
1.6397
1.9241
1.6918
0.8179
0.7927
0.8063
0.9331
0.7064
1.1428
0.5041
1.3583
0.8168
0.4200
0.3007
0.8939
1.0023
1.2909
1.4539
1.7218
1.5685
1.6939
2.0126
2.0252
2.1476
2.0806
2.3308
2.2467
2.1519
2.2928
2.5421
2.6055
2.3915
2.1739
1.7188
1.3860
1.2320
1.0738
1.4666
0.9772
0.7619
0.7142
0.4450
0.4491
0.3527
0.4108
0.3636
0.4730
0.1068
-0.0165
-0.1403
-0.2172
-0.3043
-0.2215
-0.5012
-0.7018
-0.6071
-1.0155
-1.0656
-1.3534
-1.5047
-1.7051
-1.7463
-1.8791
-1.6712
-2.1638
-2.1788
-2.4287
-2.4826
-2.6024
-2.4156
-2.2835
-2.6846
-2.7335
-2.7280
-2.7684
-2.7662
-2.8277
-2.7697
-2.8264
-2.7984
-2.8658
-2.8971
-2.8745
-2.8593
-2.5999
-2.8012
-2.7937
-2.8052
-2.8287
-2.9856
-2.8175
-3.1939
-3.1087
-3.1208
-3.0079
-2.9737
-2.9162
-2.9899
-3.0610
-3.1656
-3.0869
-3.0758
-3.3926
-3.3695
-3.4684
-3.4583
-3.4710
-3.4048
-3.1543
-3.1396
-3.1046
-2.9633
-2.9451
-2.8100
-2.6541
-2.5431
-2.4967
-2.4931
-2.5277
-2.4557
-2.2872
-1.7760
-1.7020
-1.4026
-0.7692
-0.6934
-0.8058
-0.7047
-0.7264
-0.4735
-0.0652
0.1285
0.2672
0.5879
1.0609
1.0749
0.9685
1.2670
1.1024
1.7895
1.4069
1.1975
1.2177
1.0400
1.0156
0.9730
1.1869
1.5171
1.4284
0.9459
0.6523
0.5413
0.3307
0.4740
0.3989
0.4956
0.4513
0.6795
0.7700
0.7722
0.6675
0.6415
1.0083
0.4076
0.2087
0.0797
0.2396
0.4907
0.5024
0.6303
0.8722
0.9144
0.6207
0.6561
0.7086
0.6132
0.3272
-0.1072
-0.5565
-0.6480
-1.2138
-1.4595
-1.6698
-1.3837
-2.0779
-2.4630
-2.5124
-2.9963
-2.7261
-2.7566
-2.9255
-2.8761
-3.2278
-3.7054
-3.2747
-3.6386
-4.0934
-4.3737
-4.5269
-4.6057
-4.7800
-5.1330
-4.7249
-5.1630
-5.2638
-5.3481
-5.5978
-5.5503
-5.4108
-5.5490
-5.7958
-5.4991
-5.7176
-5.9676
-6.0203
-5.5507
-6.2243
-5.7226
-5.9403
-6.4167
-6.2001
-6.0477
-6.1062
-6.4029
-6.3213
-6.2554
-6.0442
-6.2272
-6.0274
-6.0719
-5.9890
-5.8708
-5.9055
-5.7736
-5.6107
-5.8802
-5.8447
-5.7963
-5.0032
-5.3591
-5.1966
-5.0091
-5.0500
-4.7210
-4.8519
-4.6698
-4.5312
-4.3314
-3.7968
-3.6601
-3.0597
-2.7632
-2.4054
-1.8448
-1.4183
-1.1350
-0.6824
-0.3465
0.0359
0.6567
0.7122
1.6040
1.3341
1.8200
2.0474
2.2113
2.5456
2.4710
2.7284
3.0521
3.5430
3.7819
3.6457
3.5938
3.8532
4.4359
4.6513
5.0630
5.1956
5.2441
5.6303
5.3753
5.5602
6.0543
6.2290
6.4492
6.4045
6.9445
6.8816
7.5579
8.0492
8.4936
8.2539
8.6506
8.9423
8.9605
8.5834
8.5183
8.5084
8.3753
7.9841
7.5007
7.9834
8.9328
6.6601
7.9571
7.6382
7.3620
6.6040
6.9614
6.5647
7.7803
6.2914
7.2085
6.2399
5.8220
5.5271
5.3029
5.5383
5.4611
5.2906
5.4996
5.6504
5.4578
5.4239
5.7867
6.5413
6.1715
6.5895
6.6378
6.7496
7.3469
6.9456
7.1756
7.2006
7.9243
7.3831
8.1195
7.3592
7.6419
7.3239
7.5004
7.4490
7.7331
8.1230
7.8750
7.8545
8.1377
8.2307
7.7748
7.5705
8.3307
7.3688
7.1819
7.9146
7.4359
7.4787
7.4901
8.1042
7.6883
7.4559
7.3898
7.1354
7.4657
7.7127
7.7144
8.1017
7.2851
7.5882
6.9275
6.9245
6.5412
6.3262
6.7544
5.7991
6.0699
6.2268
6.1085
6.2203
6.2328
5.7353
5.7640
5.5628
5.5032
5.2879
5.1000
5.0323
4.7964
4.4995
4.6874
4.0670
4.4692
3.8847
4.0872
3.8093
4.7817
2.9931
2.8829
2.4577
3.0547
2.9852
2.5632
3.1239
3.6564
3.6523
3.2946
2.9800
2.9387
2.6055
2.5374
2.3065
2.7656
2.7732
2.7841
2.3718
2.4505
1.8697
1.4654
1.4855
1.1480
1.1450
1.0468
0.7650
0.4930
0.3166
0.2630
-0.0092
0.1338
-0.3249
-0.3125
-0.5377
-0.7864
-0.7584
-0.6017
-1.1894
-1.6864
-1.8474
-1.5136
-2.0010
-1.9769
-1.9526
-1.5496
-1.4700
-1.0070
-1.3878
-0.9619
-1.1260
-1.0713
-1.3002
-1.2875
-1.4950
-0.9042
-1.2045
-0.5860
-0.6850
-1.1267
-1.2970
-1.3012
-1.4591
-1.6749
-0.4423
-1.6233
-1.3198
-1.4893
-1.5376
-1.4837
-1.3926
-1.5901
-1.3999
-1.7308
-1.9197
-1.9995
-1.7460
-1.9896
-1.3918
-1.9027
-1.6601
-1.4373
-1.5107
-1.3244
-1.2416
-1.1195
-0.9908
-1.1275
-1.1313
-1.3847
-1.3807
-1.5101
-1.7767
-1.7720
-1.5750
-1.5688
-1.8470
-1.9732
-1.9809
-2.0100
-2.0281
-2.0579
-2.0347
-1.9555
-2.5229
-2.5212
-2.7860
-2.6699
-3.1146
-3.1965
-3.4878
-3.6796
-4.0681
-4.2983
-4.2604
-4.5773
-4.1924
-4.5324
-4.2993
-4.2158
-4.4865
-4.7641
-4.4005
-4.6686
-4.9061
-5.0624
-4.7905
-4.9226
-4.9271
-4.8503
-4.8759
-4.5208
-4.8474
-4.8055
-4.9349
-4.9548
-4.3448
-4.6381
-4.6219
-4.7340
-4.9536
-4.8058
-4.4075
-4.6862
-4.4856
-4.1859
-4.3350
-4.0985
-4.0805
-4.0752
-3.9036
-4.1068
-3.7748
-3.9846
-4.3195
-4.0642
-4.2196
-4.1428
-4.7332
-5.0797
-4.9924
-5.4438
-5.6997
-6.0208
-5.5983
-5.5494
-5.6017
-5.7819
-6.3654
-6.0123
-6.1431
-6.4600
-6.8760
-6.4317
-6.7598
-6.4345
-6.7550
-6.0442
-6.4896
-5.8649
-6.2304
-6.3335
-6.2562
-6.2837
-6.3594
-6.4081
-6.1962
-6.3453
-5.8862
-5.9061
-5.6351
-5.2810
-5.2821
-5.0271
-4.3509
-4.3914
-3.8574
-4.1331
-4.1830
-4.2260
-4.3100
-3.8395
-4.4871
-4.2411
-4.6471
-4.8692
-4.9841
-5.0667
-5.1162
-5.3191
-5.5127
-5.4230
-5.3857
-5.7958
-5.9858
-6.3301
-6.2863
-6.5789
-6.6714
-6.4606
-6.9621
-6.9430
-6.4699
-6.8848
-7.1715
-6.5812
-7.0318
-6.5015
-6.2719
-6.1683
-6.3825
-6.6574
-6.6377
-6.5279
-6.5622
-6.6440
-5.6440
-6.2120
-5.7584
-5.3252
-5.4969
-4.9908
-5.7852
-5.1678
-5.5396
-5.5395
-5.3285
-4.6593
-5.1961
-5.0150
-4.7339
-4.1164
-4.3757
-4.5456
-4.7645
-4.5608
-4.9428
-4.2264
-4.6604
-4.6696
-4.0515
-4.3833
-3.9425
-3.3700
-3.7002
-3.3603
-3.4832
-3.9771
-4.0696
-3.1492
-3.7826
-3.1380
-2.5851
-2.2426
-2.0328
-1.7645
-1.5384
-1.5659
-1.5087
-1.5370
-1.3723
-1.4433
-1.5740
-1.3897
-1.1104
-0.7040
-1.1082
-0.6817
-1.0214
-0.4614
-0.5893
-0.1182
-0.4543
-0.3853
-0.4199
0.2328
0.2021
0.7630
0.8552
1.5510
1.5328
1.8582
1.9417
3.0462
2.3678
2.9058
3.3743
3.6945
4.0589
4.1511
4.7106
5.0447
5.2081
5.8254
6.4512
6.3674
7.2655
6.9884
8.3876
7.8306
8.4819
9.4219
9.3511
9.1175
9.2846
9.5000
9.8771
9.1723
9.4672
9.3029
9.4940
9.1853
9.0368
9.2008
8.5955
8.6750
8.2655
7.8230
7.5583
7.2497
7.6946
7.1989
7.5530
6.5932
7.3507
7.9617
8.0589
7.7286
7.5604
7.6773
7.8669
7.2740
7.9486
7.1816
7.4030
7.5975
6.6142
7.2689
6.9367
7.2149
6.7112
6.0522
6.0671
5.8408
5.6423
5.5097
5.6785
4.8095
4.4893
4.4063
4.0486
4.4662
3.7836
3.9276
3.2847
2.5963
3.0488
2.8058
3.4657
2.8761
2.7639
2.3230
2.2370
2.2620
2.4841
2.4681
2.3818
2.7663
2.4528
2.6849
3.1156
3.0023
3.6426
3.7086
4.1185
4.1543
4.1005
4.5281
4.2445
4.7777
4.8888
4.8169
4.7961
5.0257
4.7699
4.9525
4.8867
5.1787
5.3675
5.2839
5.5385
5.8761
6.1109
6.3408
6.1230
5.7645
6.0635
5.8476
6.2809
6.2691
6.7043
6.8870
6.7851
7.1339
7.1489
7.3488
7.5273
7.7157
7.5796
8.0705
8.1521
8.3931
8.2652
8.3450
8.5965
8.3210
8.4581
8.7282
8.8339
8.7243
9.0351
9.2050
8.9987
9.2912
8.9841
9.3044
9.2354
9.4262
9.2330
8.9806
8.8748
8.5432
8.5148
8.7539
8.4216
8.4075
8.3821
8.2429
7.9677
8.0468
8.1070
8.3818
8.2286
8.2841
8.6174
8.7886
8.6912
8.7940
8.8831
9.0905
9.1808
9.3594
9.4138
9.3858
9.5728
9.2309
9.5772
9.1909
9.1181
9.3398
9.2895
9.1541
9.3911
9.2037
9.1296
9.0981
9.1172
8.8818
8.6750
8.6473
8.5129
8.3981
8.4740
8.3913
8.5783
8.9218
8.7277
9.0497
9.4661
9.4399
9.7024
10.2685
9.5094
9.3903
9.4079
9.2690
8.8950
8.7820
8.4750
8.1919
7.3438
6.8414
6.5062
6.2006
5.7881
5.7845
5.1607
4.7901
4.5271
3.7305
2.9045
2.5486
1.9690
1.5845
1.0857
0.4463
0.0188
-0.5352
-0.7693
-1.0441
-1.5933
-1.3125
-1.6740
-1.9671
-2.2533
-2.4303
-2.6786
-3.0170
-3.2984
-3.6306
-3.5197
-3.8069
-3.7376
-3.8005
-3.4966
-3.8387
-3.9851
-4.3753
-4.5212
-4.7489
-4.8986
-4.9552
-5.1979
-4.6107
-4.6630
-5.1676
-4.3867
-4.9004
-4.9499
-5.3421
-4.3644
-5.5292
-5.1292
-5.3686
-4.7243
-5.6457
-5.4757
-6.0249
-5.9213
-6.0386
-6.1450
-6.3552
-6.8826
-6.7611
-7.0009
-6.9718
-6.7857
-6.7173
-7.0558
-6.9705
-6.7386
-6.8702
-7.1180
-7.1594
-7.1392
-6.6171
-6.4443
-6.4113
-6.4121
-6.0492
-6.2792
-6.4099
-6.5694
-6.2633
-5.9790
-6.1483
-5.8559
-6.3324
-6.0023
-6.2096
-6.1591
-5.9345
-5.6588
-5.6215
-5.2592
-4.9942
-4.8976
-4.7102
-4.9216
-4.7931
-5.3107
-5.4311
-4.7649
-5.4454
-5.5767
-6.0861
-5.8112
-6.1373
-6.4100
-6.0621
-6.3586
-5.9184
-5.9115
-5.1126
-4.6602
-4.6988
-4.1784
-4.3515
-4.5122
-4.0800
-4.7310
-4.8529
-5.4524
-5.3331
-6.3040
-6.1442
-6.4645
-6.0301
-6.3029
-6.4571
-6.4728
-6.6356
-6.0408
-6.4178
-6.3496
-6.1260
-5.5754
-6.0677
-5.6980
-6.1766
-5.9047
-5.5109
-5.6273
-5.6375
-5.0819
-4.5321
-3.9851
-4.5434
-4.3311
-4.2741
-4.1766
-4.1253
-3.7472
-3.4196
-3.4602
-3.4805
-3.3349
-3.6027
-2.4955
-2.1103
-2.1049
-1.7595
-1.6595
-1.7189
-2.0407
-1.7735
-1.6132
-2.2720
-2.2348
-2.0278
-2.4492
-1.7012
-2.1067
-1.7709
-1.4695
-0.8814
-0.9222
-1.0482
-1.5215
-1.0709
-0.5557
-0.6645
-0.4781
-0.7607
-1.3946
-0.7993
-0.7936
-0.7143
-1.0270
-1.2685
-0.6101
-1.0372
-1.0364
-0.6036
-0.9860
-1.3358
-1.3954
-1.4435
-1.3960
-0.9582
-1.1679
-1.4970
-1.1891
-0.9965
-1.1263
-1.6282
-1.3033
-2.1251
-1.4427
-1.8113
-1.7281
-0.9531
-1.2049
-0.5849
-0.6446
-0.3642
-0.2637
-0.0130
0.0188
0.3904
0.6969
0.3946
0.1393
0.1192
0.4242
0.6693
0.2294
0.5088
0.4665
0.2244
0.1113
-0.2607
-0.4409
-0.6331
-1.0894
-1.2834
-1.5856
-1.8105
-2.0755
-2.4502
-2.6144
-2.9314
-3.0980
-3.5162
-3.8661
-4.0584
-4.5654
-4.5098
-4.4200
-4.8580
-4.6687
-5.1295
-4.6995
-4.8083
-4.4022
-5.0138
-4.7727
-4.9380
-4.8963
-5.2417
-5.1666
-5.4246
-5.5361
-5.4729
-5.4483
-5.6741
-5.6476
-5.8906
-5.9766
-5.9165
-5.5900
-5.7590
-6.0174
-6.0575
-5.9645
-6.0999
-5.8216
-6.1696
-5.8097
-6.1156
-6.0631
-6.1900
-6.2214
-6.2196
-6.0831
-6.2971
-6.1328
-6.2748
-6.2545
-6.2513
-6.2437
-6.2546
-6.0338
-6.0579
-6.1041
-5.9346
-5.7625
-5.9366
-5.9054
-5.9289
-5.7438
-5.9334
-5.7089
-5.6731
-5.7737
-5.5307
-5.2783
-5.3129
-5.1134
-5.3752
-5.1063
-5.2770
-5.0989
-5.1950
-5.2433
-5.2309
-5.3519
-5.3121
-5.1889
-5.1669
-4.7930
-5.1066
-5.0333
-5.0336
-4.8748
-4.5104
-4.5217
-4.4285
-4.3133
-4.2910
-4.1956
-4.0877
-3.4537
-2.6140
-2.5435
-2.5607
-2.1774
-2.0450
-1.7724
-2.2286
-1.5639
-0.9508
-0.9772
-0.6956
-1.1053
-0.4963
-1.0233
-0.9925
-1.0512
-0.9816
-0.9045
-0.5771
0.0066
0.4088
-0.0825
-0.2682
-0.5728
-0.4313
-0.8965
-0.3846
-1.0349
-0.8804
-0.9367
-1.0737
-0.6815
-1.0270
-0.2769
-0.4784
-0.6716
0.2385
-0.3312
-0.6233
-0.9930
-0.8171
-0.5568
-0.7580
-0.8481
-1.2775
-0.9978
-1.1472
-1.1929
-1.3244
-0.8135
-1.3192
-1.5546
-1.6689
-1.5191
-1.3496
-1.2451
-1.1405
-1.2290
-1.2381
-1.2494
-1.1990
-1.3197
-1.1681
-1.3052
-1.2781
-1.8423
-1.9161
-1.9637
-2.1663
-2.2310
-1.8644
-1.9798
-1.8186
-1.4951
-1.7327
-2.0931
-1.9320
-1.6502
-1.8541
-1.6519
-2.1748
-2.0002
-2.5497
-2.5872
-2.8725
-3.2209
-3.1889
-3.3782
-3.0217
-3.0240
-2.4982
-2.7278
-2.5258
-2.6871
-2.8395
-2.5234
-2.6328
-2.2168
-2.3757
-2.3213
-1.9038
-1.5746
-0.8070
-0.3653
-0.6429
-0.2847
-0.3166
0.1397
-0.0406
-0.0822
0.2078
0.3114
0.5371
0.7093
0.3269
0.5531
0.2497
0.4159
0.5460
1.4078
1.4755
2.1437
2.1497
2.7309
2.8395
3.2671
3.6871
3.8965
4.4108
4.1685
4.7628
4.7465
5.4694
5.8839
5.8433
5.9688
5.6052
6.0488
5.8623
6.0655
6.7358
6.5604
6.6191
7.2986
6.9096
7.3012
7.3659
7.2770
7.6753
7.7221
7.5023
7.9203
6.9893
6.6450
6.5034
6.3169
6.2596
6.1489
6.3152
6.0177
6.2797
5.5888
5.5964
5.2773
5.6901
5.8284
5.5160
5.6601
5.5776
5.0353
5.0189
4.6456
5.0880
4.9037
3.8534
3.7200
3.6100
3.5606
3.3299
3.3522
3.1180
3.4054
2.7284
2.7507
2.2594
2.1136
1.6900
2.0408
1.3239
1.1262
0.9675
0.9449
0.7265
0.2703
0.2235
0.0930
0.1027
0.2595
0.0400
-0.0925
-0.4055
-0.6201
-0.7690
-0.7111
-0.6182
-0.4034
-0.4430
-0.0487
-0.1454
-0.1369
-0.0894
-0.4034
-0.3388
-0.2949
-0.3197
-0.3176
-0.3888
-0.3811
0.0040
0.0376
-0.0066
0.0353
0.4632
0.0259
0.3151
-0.2813
0.1244
-0.1466
-0.1790
-0.4754
-0.3374
-0.0346
0.0135
-0.0292
0.0854
0.1287
0.1718
0.2559
0.4132
0.4764
0.5880
0.9786
1.3013
0.6975
0.6507
0.5117
1.0672
0.4338
0.1193
0.2002
-0.3467
-0.3583
-0.2897
-0.6661
-0.0850
-0.6595
-0.9018
-0.9435
-0.8479
-0.9047
-0.8259
-0.9581
-0.7892
-0.8564
-0.8917
-0.4478
-1.1088
-0.9243
-1.0749
-1.2972
-1.2464
-0.4805
-0.8159
-0.7998
-1.0097
-0.8272
-0.8597
-0.9601
-1.0514
-1.0513
-1.0701
-1.4960
-1.4796
-1.7670
-1.9965
-2.3528
-2.0296
-2.1574
-2.0450
-2.2557
-2.5617
-2.4627
-2.8576
-2.4525
-2.2968
-2.4873
-2.3309
-2.4257
-1.8628
-2.1126
-1.7729
-1.4063
-1.2587
-1.2864
-1.1185
-1.0096
-1.4866
-1.1076
-1.0925
-0.8298
-0.6844
-0.1701
-0.5446
-0.5919
-0.7601
-0.6556
-0.5366
-0.4191
0.2276
-0.1441
-0.4396
-0.7985
-0.9274
-0.9357
-0.4251
-0.0448
-0.5330
-0.8423
-0.8807
-0.5181
-0.4074
-0.0120
-0.0976
0.2205
-0.5253
0.1780
-0.0503
-0.0560
0.0573
-0.4326
0.4627
-0.4208
-0.0897
-0.1725
-0.4612
0.2952
-0.4448
-0.6438
-0.9223
-1.0619
-1.3615
-1.6437
-1.6591
-1.5784
-1.3917
-0.9395
-1.7500
-1.4759
-1.9401
-2.3625
-2.4154
-1.8726
-2.0170
-2.1405
-2.4799
-2.6144
-2.7634
-2.6124
-2.6793
-2.3661
-2.8922
-2.8048
-2.8566
-3.0450
-2.6618
-3.0234
-2.5794
-3.1560
-2.8845
-3.1585
-3.5142
-3.4990
-3.5788
-3.5423
-3.4972
-3.2708
-3.2214
-3.2880
-3.2268
-3.0669
-2.7720
-3.0137
-3.1173
-2.6257
-2.9501
-2.7224
-2.7744
-2.4969
-2.7181
-2.0479
-2.7001
-2.6606
-2.4669
-2.3515
-1.6908
-1.9664
-1.9978
-1.8849
-1.8418
-1.6470
-1.6413
-2.0704
-1.8012
-2.2452
-1.9867
-1.9398
-1.6427
-1.8448
-1.6898
-1.6645
-1.8311
-1.8437
-1.8273
-1.8062
-1.8960
-1.9744
-1.6950
-2.0748
-2.0048
-1.9097
-2.1575
-2.1415
-1.3465
-1.8431
-2.0317
-1.7607
-2.4448
-2.4823
-2.4252
-2.6439
-2.5329
-2.7611
-3.1465
-3.0090
-3.4137
-2.9988
-3.1228
-2.9331
-3.2275
-3.1035
-2.5604
-2.8993
-2.9542
-3.1270
-3.4235
-3.2479
-3.2334
-3.5174
-3.8904
-3.6914
-3.7513
-3.6993
-3.7693
-3.6858
-3.8298
-3.6693
-4.1455
-3.8117
-3.7860
-3.5475
-3.4252
-3.2730
-3.8976
-3.5708
-3.1982
-3.7318
-3.7706
-3.3726
-3.3412
-3.5180
-3.7849
-4.0156
-4.1051
-4.0030
-3.9442
-3.5273
-3.4471
-3.5609
-3.1883
-3.6141
-3.2832
-3.5555
-3.3667
-3.3922
-3.5914
-3.6421
-3.1587
-3.4203
-2.8353
-3.0290
-2.9018
-3.2897
-2.9704
-3.2975
-3.1249
-2.9433
-2.4398
-1.8712
-1.8493
-1.7123
-1.6959
-1.4700
-1.3799
-1.3497
-1.3157
-0.7149
-0.9610
-0.8736
-0.6773
-0.5565
-0.0226
-0.2629
-0.3083
-0.2250
-0.2664
-0.1893
0.0486
0.3762
0.3645
0.7648
0.4550
0.8526
0.9283
0.6895
1.1199
1.1650
1.3739
1.2340
1.4126
1.4618
1.2792
1.9319
2.2276
2.6166
2.3398
2.4849
3.0007
3.1960
3.3633
3.8955
3.9355
4.3040
4.5425
5.1311
5.2532
5.2458
5.3429
5.9380
6.1993
6.7711
6.4486
6.6711
6.7305
6.5784
7.3197
7.1290
6.8768
6.9488
7.1124
7.5465
7.8211
7.0863
8.2056
7.4249
8.1639
8.2492
8.8093
9.4610
9.5188
9.9142
9.8109
10.8096
10.3792
10.1405
11.0447
10.9371
11.0774
12.4487
12.9329
12.5102
12.7503
12.1858
13.4887
13.2737
13.2119
13.1008
13.2648
14.4159
13.4562
13.6399
13.4310
14.2124
14.2334
13.8697
13.3673
12.5491
12.2416
12.1345
12.3607
11.7001
11.2727
10.9002
10.7249
10.2245
9.9570
9.8010
9.0547
9.2002
9.0965
9.4303
9.0979
9.2907
9.1121
9.2410
9.2301
9.2423
9.6322
9.7176
10.5436
11.2128
11.7931
11.6855
12.3239
12.1800
13.6034
12.3868
12.9817
12.6701
12.5679
13.5746
12.8818
13.2207
13.2393
13.2838
12.9223
12.7329
12.9105
13.0873
13.2116
12.7820
12.1815
12.2065
11.3805
10.6592
10.3241
9.2440
10.0578
9.0795
9.4989
9.1971
8.8910
8.3355
8.0155
7.9085
7.8817
7.2831
6.7779
6.9616
7.8989
7.2368
7.2129
6.6436
7.0309
7.5549
6.9203
6.8562
6.8222
6.4866
6.5982
6.8541
6.4363
5.7529
5.6953
5.1840
4.5733
4.4215
4.2970
4.0309
4.1592
4.6004
4.8071
4.8995
5.1403
4.8848
4.4327
4.7917
4.6882
4.4129
4.4118
4.2693
4.1720
3.9209
4.1054
4.0115
4.1688
3.8877
3.6796
3.4124
3.6687
3.1000
3.5272
3.1290
3.0514
3.1558
3.6014
3.6111
3.7219
4.1033
3.6961
3.9609
3.3976
3.4391
2.8472
3.0820
2.9078
2.7836
2.6494
2.6976
2.4969
2.5709
2.3950
2.4654
2.7663
2.5554
2.5616
2.4035
2.0862
1.8222
1.3983
1.3465
0.9441
0.8870
0.4721
0.2522
0.0536
0.0347
-0.0975
-0.1036
-0.3898
-0.5705
-0.8602
-0.7719
-1.0262
-1.0824
-1.0717
-1.1600
-1.1385
-1.2316
-1.3376
-1.1662
-1.3842
-1.6080
-1.8326
-1.9875
-2.1410
-2.3235
-2.4244
-2.5795
-2.6615
-2.6948
-2.4651
-2.6614
-2.5810
-2.4846
-2.6427
-2.6841
-2.7082
-2.4637
-2.7643
-2.7786
-2.8721
-2.6702
-2.9829
-2.9082
-2.8591
-3.1350
-3.2757
-3.4708
-3.5283
-3.7399
-3.7593
-3.8490
-4.5865
-4.6424
-4.9372
-5.0534
-5.4819
-5.4986
-5.6064
-5.9398
-6.1948
-5.7270
-6.4095
-6.5784
-6.6489
-6.4247
-6.4923
-6.6545
-6.8539
-6.7525
-6.6083
-6.1939
-6.5649
-6.3547
-6.7062
-6.6439
-6.2034
-6.2115
-6.6833
-6.6390
-7.0139
-6.9795
-7.0858
-7.1047
-7.1005
-7.0038
-7.2671
-6.8308
-6.3306
-6.3998
-6.0614
-5.9295
-5.6577
-5.5499
-4.6515
-5.2651
-5.5478
-5.2861
-5.5756
-6.0496
-6.1705
-6.2179
-6.2471
-6.5658
-6.3235
-6.6250
-6.9888
-6.4231
-6.6315
-6.4999
-6.8377
-6.7963
-6.9363
-6.2703
-6.4397
-6.3928
-6.5997
-6.5434
-6.4131
-6.2135
-5.9729
-6.7148
-6.9230
-6.8907
-7.0875
-6.8602
-6.8531
-6.5235
-6.0643
-6.4475
-6.0600
-5.3979
-5.5944
-5.8756
-6.0618
-5.9595
-6.1615
-5.9812
-6.2160
-6.2399
-6.3036
-5.7345
-6.0290
-5.7292
-5.7773
-5.3469
-4.9198
-4.8222
-4.7251
-4.9722
-5.2196
-5.1832
-5.2205
-5.3508
-5.3644
-5.6323
-5.3144
-5.3956
-5.0379
-5.2599
-4.7180
-4.8751
-4.9871
-4.6785
-4.7278
-4.5785
-4.5977
-5.0889
-5.1705
-5.3719
-4.9198
-5.5374
-5.1117
-5.4139
-5.3502
-5.6348
-5.9290
-6.1493
-5.9085
-5.8674
-5.8566
-5.6768
-5.9216
-6.0894
-6.4135
-6.5729
-6.5681
-6.7452
-6.9234
-7.1055
-6.7896
-6.8540
-7.0005
-6.8782
-6.2124
-7.1994
-6.4699
-6.8595
-7.0326
-6.9964
-6.9979
-6.7046
-6.7989
-6.9042
-6.5253
-6.6474
-6.6411
-7.0346
-7.0032
-6.5420
-6.5485
-6.8855
-6.9794
-6.5790
-6.4204
-6.1801
-6.3809
-6.1509
-6.1348
-5.8346
-6.2458
-5.9353
-6.3702
-6.2038
-5.9421
-5.4239
-5.3934
-5.0782
-5.2671
-5.0845
-5.2322
-5.2308
-4.8411
-4.6076
-4.5810
-4.5440
-4.2427
-3.4528
-3.7305
-2.8952
-2.8387
-3.4683
-3.0964
-2.9790
-2.5872
-2.3662
-1.9736
-1.7856
-1.7205
-1.4654
-1.3525
-0.9593
-0.9035
0.0418
0.1301
0.7469
1.0020
1.4119
2.0681
2.2194
3.1604
3.6029
3.4866
4.9562
5.7726
5.5481
5.9353
6.2701
7.0891
6.4764
7.8605
7.1804
7.6792
7.9107
8.5096
8.8356
9.3849
9.9172
9.5140
9.6737
9.9389
10.0206
9.7998
9.9144
10.1986
9.8450
9.6536
9.7217
9.5825
9.7451
9.5663
10.3814
10.2471
9.8693
9.7848
9.4930
9.1914
9.1812
8.7809
8.4720
8.1256
8.1289
7.6307
7.2962
6.9040
6.5193
6.2390
5.8851
6.0416
5.3831
5.3257
4.8712
4.5235
4.1309
3.6949
3.4047
3.1429
2.9255
3.0414
2.6518
1.9993
1.6819
1.7007
1.3806
1.0207
0.8629
0.3499
0.6606
-0.0141
0.0931
-0.6480
-0.4985
-1.1174
-1.2004
-1.1741
-1.6019
-1.8080
-2.1901
-2.1494
-2.3706
-2.6420
-2.8962
-3.0206
-3.1168
-2.9729
-2.9468
-2.7758
-2.5186
-2.4641
-2.0846
-2.4885
-2.4355
-2.3761
-2.3878
-2.1490
-2.2152
-2.1388
-1.9995
-2.1324
-1.9274
-1.7090
-1.4335
-1.2155
-1.0299
-1.0185
-0.9397
-0.8380
-0.7083
-0.3862
-0.2614
0.1011
0.1648
-0.0293
0.2351
0.0937
0.2281
1.0635
0.7161
1.1534
1.6689
1.5828
1.5509
1.7288
1.8084
1.9115
2.1037
1.8003
1.7402
1.6185
1.7912
1.8980
2.1624
2.4069
2.6251
2.8633
3.2054
3.0791
3.1278
3.0912
3.3442
3.2294
3.1775
3.2043
3.2334
3.1220
3.3206
2.9819
2.8067
2.7876
2.7572
2.8424
2.7719
2.8310
2.8413
2.9158
2.9437
2.9183
3.2692
2.7990
2.8652
2.8704
2.6070
2.3219
2.2898
1.9561
1.6457
1.7849
1.2277
1.1038
0.8714
0.9403
0.5771
0.3704
0.4587
0.1668
-0.1711
-0.5048
-0.6862
-0.6929
-1.0793
-1.2878
-1.4402
-1.6419
-1.7765
-1.9739
-2.0452
-2.1845
-2.3121
-2.3659
-2.5418
-2.6617
-2.6713
-3.0891
-2.9542
-3.1619
-3.1765
-3.2000
-3.1246
-3.5044
-3.4862
-3.6921
-3.9214
-4.0761
-4.0526
-4.2361
-4.2737
-4.3672
-4.4110
-4.2938
-4.5461
-4.6643
-4.3016
-4.8166
-4.7364
-4.8262
-4.7676
-4.8396
-4.8119
-4.8171
-4.6844
-4.7627
-4.3945
-4.5497
-4.4539
-4.4086
-4.5169
-3.9707
-4.2779
-4.3173
-3.8590
-4.1971
-4.2040
-3.8765
-4.1475
-3.6876
-4.3281
-3.3531
-4.1320
-3.4908
-3.4817
-3.4013
-3.6385
-3.1314
-3.1937
-3.1782
-2.9424
-2.8609
-2.7434
-3.1441
-3.4496
-3.0238
-3.2823
-3.1287
-3.2125
-2.7678
-2.6238
-2.6845
-2.8900
-2.7182
-2.5012
-2.4595
-3.2286
-3.1674
-3.5390
-3.9476
-3.7111
-3.6538
-3.9153
-3.8798
-4.4181
-4.7598
-4.4258
-4.4163
-4.4043
-4.9796
-4.3299
-4.6438
-4.7624
-5.0431
-5.0910
-4.7574
-5.4454
-5.5307
-5.4303
-5.6486
-5.1900
-5.7635
-5.9882
-5.9837
-5.8667
-6.1322
-5.8109
-6.0625
-6.0896
-6.5604
-6.5883
-6.4939
-6.5256
-6.6324
-6.7747
-6.6846
-6.5108
-6.4858
-7.0133
-6.8532
-7.1422
-7.2196
-6.8210
-7.0260
-6.9041
-7.0341
-6.9031
-7.2107
-6.8207
-5.9925
-6.0452
-6.4890
-6.3532
-5.8670
-6.4167
-5.8459
-5.8522
-5.9133
-5.7438
-5.6806
-5.8592
-6.0149
-5.5967
-5.6585
-4.8701
-5.4465
-5.1549
-5.0377
-4.9568
-4.8863
-4.4785
-4.4769
-4.2815
-4.3997
-4.5766
-4.5201
-3.7788
-4.1184
-4.6785
-4.7150
-4.9254
-4.2421
-4.5348
-4.5749
-4.4395
-4.8633
-4.1797
-4.4907
-4.1030
-3.2166
-3.3951
-2.8615
-3.3055
-3.1349
-3.4498
-3.5153
-3.7410
-3.6336
-2.9184
-3.4913
-3.6188
-3.7881
-3.9243
-3.6050
-2.9066
-2.8501
-2.5344
-2.2847
-2.0642
-2.3557
-1.5657
-1.5549
-2.1091
-2.0129
-1.9593
-1.5250
-1.6243
-2.2327
-2.3717
-1.8480
-2.0436
-0.9192
-1.2290
-0.5635
-0.4114
-0.1420
-0.4310
-0.0514
1.0269
0.5598
0.9677
1.7536
2.0197
1.9234
1.9144
2.0496
2.6365
3.1478
2.8331
3.8013
3.5865
4.4898
4.3111
4.5806
4.9602
4.5681
4.9594
4.8845
4.8939
5.2903
4.9458
4.9256
4.8756
5.2132
5.6885
5.7327
5.5805
5.7041
5.3612
5.1808
5.6525
5.6615
5.1644
5.1491
5.8807
5.2364
5.1221
5.2100
4.8205
4.7862
4.7750
5.1480
4.9902
5.5478
6.4252
6.1438
6.2632
6.6106
6.8230
7.4218
7.2163
7.4140
7.4521
7.7279
7.8603
8.2617
8.6479
8.6417
9.2711
8.5779
9.7285
9.2512
10.0939
10.3098
9.7182
9.2148
9.0350
8.8334
9.6942
8.4979
9.0022
7.8854
7.2295
7.4514
6.7484
6.9621
6.7275
6.4219
6.3477
6.4195
6.0445
6.3489
6.2663
6.4927
6.1737
6.2015
5.9323
5.4871
5.5597
5.8316
5.9356
5.8900
5.4804
5.7184
5.8424
5.4451
5.7119
5.7034
5.9318
5.3287
5.6190
5.5728
5.6571
5.2907
5.2652
5.0437
5.1002
5.0268
4.7324
4.5760
4.5698
4.6650
4.8200
4.9149
4.7758
4.7112
4.7673
4.7201
4.3892
4.6719
4.0893
4.2392
3.9455
3.7652
4.1442
3.7024
3.4129
3.8313
3.0615
2.8450
2.6908
2.8498
2.8180
2.7447
2.7678
2.0363
2.1498
1.9633
2.0324
1.9842
2.2604
1.7652
2.0309
1.7583
2.3244
1.5585
1.8225
1.3596
1.5258
1.0441
1.2045
1.2688
1.3161
0.8299
1.3122
0.9255
0.6159
0.4190
0.8709
0.3801
0.4612
0.0528
0.0889
0.2816
0.4339
0.5612
0.0607
0.3280
-0.0503
-0.1968
0.2586
-0.3534
-0.6059
-0.4332
0.2783
0.1115
-0.0286
0.1232
0.2492
0.3698
0.1772
0.2499
0.5973
0.9382
0.9055
0.4995
0.4626
0.4801
0.2456
0.5598
0.6357
0.0749
0.1605
-0.5552
-0.3540
-0.7198
-0.5084
-1.0189
-0.8264
-0.6584
-1.2460
-1.1398
-0.8388
-1.5695
-1.4472
-1.7094
-1.6119
-1.6035
-1.8997
-1.8587
-2.0471
-1.9544
-2.4207
-1.9980
-1.9105
-1.7213
-1.7502
-1.9604
-1.8888
-2.0143
-2.1270
-1.7780
-2.0942
-1.8935
-2.1592
-2.0036
-1.7243
-2.2309
-2.1037
-2.1928
-2.6660
-2.8484
-2.2495
-2.7582
-2.7699
-3.3480
-3.0862
-3.0055
-3.3059
-3.0796
-2.8567
-2.7773
-3.1490
-2.6680
-2.6886
-3.1591
-2.8355
-2.5821
-2.6598
-2.7332
-2.4697
-2.6537
-2.4135
-2.5210
-2.5542
-2.6834
-2.6949
-2.3142
-2.3417
-2.6021
-2.7158
-2.6009
-2.3936
-2.3411
-1.9901
