x	zg centrado sin panza
0.001960619	-2.020806794
0.003267698	-2.084471419
0.004574777	-2.012449518
0.005881856	-1.974324145
0.007188936	-1.802719579
0.008496015	-1.636489858
0.009803094	-1.759994644
0.011110174	-1.250062948
0.012417253	-1.134940905
0.013724332	-0.807858685
0.015031411	-0.525185313
0.016338491	-0.573051868
0.01764557	-0.521187703
0.018952649	-0.635724336
0.020259728	-0.468083466
0.021566808	-0.42520677
0.022873887	-0.398572783
0.024180966	-0.28668626
0.025488046	-0.479007259
0.026795125	-0.23761721
0.028102204	-0.943429986
0.029409283	-0.86566749
0.030716363	-1.084543972
0.032023442	-1.331256907
0.033330521	-1.394510292
0.0346376	-1.565966029
0.03594468	-1.55835163
0.037251759	-1.410931743
0.038558838	-1.577828184
0.039865918	-1.699988452
0.041172997	-1.444504233
0.042480076	-1.224490723
0.043787155	-1.066380359
0.045094235	-1.409499422
0.046401314	-1.639456962
0.047708393	-1.532854651
0.049015473	-1.498681532
0.050322552	-1.514244644
0.051629631	-1.802621258
0.05293671	-2.532778249
0.05424379	-2.257782988
0.055550869	-2.761108188
0.056857948	-3.044038718
0.058165027	-2.952645114
0.059472107	-3.189392541
0.060779186	-3.179438647
0.062086265	-3.151093082
0.063393345	-3.320223063
0.064700424	-3.178428063
0.066007503	-3.808656401
0.067314582	-4.85798893
0.068621662	-4.462829402
0.069928741	-4.766827048
0.07123582	-4.935376371
0.072542899	-4.871232195
0.073849979	-5.274386273
0.075157058	-4.999323181
0.076464137	-5.173536023
0.077771217	-5.628716484
0.079078296	-5.701621964
0.080385375	-6.183750153
0.081692454	-6.199220875
0.082999534	-6.403889813
0.084306613	-6.672578097
0.085613692	-6.537860736
0.086920772	-5.925995856
0.088227851	-5.658827961
0.08953493	-5.722085063
0.090842009	-6.512727539
0.092149089	-6.75739482
0.093456168	-6.949230306
0.094763247	-7.191904134
0.096070326	-7.407938741
0.097377406	-7.530119776
0.098684485	-7.612459921
0.099991564	-7.389449852
0.101298644	-7.263031718
0.102605723	-6.961943412
0.103912802	-7.207326698
0.105219881	-7.687430825
0.106526961	-7.805860496
0.10783404	-7.537760041
0.109141119	-7.312347538
0.110448198	-7.513565942
0.111755278	-7.527990582
0.113062357	-7.635508478
0.114369436	-7.46699379
0.115676516	-7.636868921
0.116983595	-7.685592361
0.118290674	-7.535455254
0.119597753	-7.503965895
0.120904833	-7.601419662
0.122211912	-7.47572052
0.123518991	-7.740243991
0.124826071	-7.639856857
0.12613315	-7.513581538
0.127440229	-7.525046748
0.128747308	-7.507727808
0.130054388	-7.328775424
0.131361467	-7.312227276
0.132668546	-7.630159306
0.133975625	-7.726317707
0.135282705	-7.749132602
0.136589784	-7.801020376
0.137896863	-7.652014857
0.139203943	-8.086993284
0.140511022	-8.057620283
0.141818101	-8.180289649
0.14312518	-7.552187423
0.14443226	-7.689260978
0.145739339	-7.831952252
0.147046418	-7.924684935
0.148353497	-7.881942919
0.149660577	-7.527950466
0.150967656	-7.359365646
0.152274735	-7.422900795
0.153581815	-7.191588802
0.154888894	-7.110292468
0.156195973	-7.095437714
0.157503052	-6.988575942
0.158810132	-7.042546017
0.160117211	-6.038361306
0.16142429	-5.840574312
0.16273137	-5.903808786
0.164038449	-5.588143308
0.165345528	-5.576833616
0.166652607	-5.107391065
0.167959687	-4.796183861
0.169266766	-4.615858225
0.170573845	-4.060816498
0.171880924	-4.090710679
0.173188004	-3.978168668
0.174495083	-3.765061524
0.175802162	-3.682545328
0.177109242	-3.109069297
0.178416321	-2.861457904
0.1797234	-2.934957165
0.181030479	-2.238328555
0.182337559	-2.321456485
0.183644638	-2.137999438
0.184951717	-1.624043395
0.186258796	-1.603069591
0.187565876	-1.569625267
0.188872955	-1.450899992
0.190180034	-1.708674168
0.191487114	-0.761033779
0.192794193	-1.172505733
0.194101272	-0.478955725
0.195408351	-0.282126164
0.196715431	-0.225673472
0.19802251	0.766452244
0.199329589	1.251774911
0.200636669	1.193474475
0.201943748	1.646037193
0.203250827	1.639200802
0.204557906	1.985092813
0.205864986	2.717810781
0.207172065	2.47731159
0.208479144	3.044043079
0.209786223	3.470609711
0.211093303	3.394885314
0.212400382	4.381275036
0.213707461	4.147942559
0.215014541	4.614808036
0.21632162	4.776476072
0.217628699	5.074795243
0.218935778	5.675511185
0.220242858	5.834590556
0.221549937	5.918448971
0.222857016	6.677291591
0.224164095	6.658715241
0.225471175	6.937383523
0.226778254	7.105710545
0.228085333	6.975687478
0.229392413	7.696357445
0.230699492	8.091055846
0.232006571	7.88095362
0.23331365	8.419561746
0.23462073	8.765643774
0.235927809	8.586189079
0.237234888	9.33499434
0.238541968	9.186071957
0.239849047	10.23828512
0.241156126	10.74665889
0.242463205	10.66567668
0.243770285	11.32389331
0.245077364	11.31483566
0.246384443	11.58268859
0.247691522	11.96378414
0.248998602	11.94292097
0.250305681	12.33549804
0.25161276	12.49482873
0.25291984	12.72193747
0.254226919	13.82437311
0.255533998	13.80325543
0.256841077	14.53866831
0.258148157	15.11629642
0.259455236	15.21098882
0.260762315	16.12745191
0.262069394	16.20649586
0.263376474	16.29069399
0.264683553	17.30388092
0.265990632	17.47654964
0.267297712	17.92036115
0.268604791	18.48109485
0.26991187	18.70468772
0.271218949	19.46018887
0.272526029	19.43862724
0.273833108	19.58085059
0.275140187	20.54183318
0.276447266	20.57886982
0.277754346	21.00602593
0.279061425	21.77354047
0.280368504	21.69395986
0.281675584	23.0176101
0.282982663	23.01673367
0.284289742	23.32432306
0.285596821	23.96919317
0.286903901	24.04653004
0.28821098	24.38431049
0.289518059	24.66412224
0.290825139	24.78576403
0.292132218	25.22267355
0.293439297	25.25620191
0.294746376	25.46631507
0.296053456	26.17498594
0.297360535	26.15907622
0.298667614	26.53014597
0.299974693	26.7279058
0.301281773	26.55721819
0.302588852	26.90123222
0.303895931	27.1484514
0.305203011	27.33502403
0.30651009	27.32089953
0.307817169	27.8513753
0.309124248	28.1732194
0.310431328	27.92599618
0.311738407	27.95894463
0.313045486	27.50421524
0.314352565	27.54756277
0.315659645	27.60052363
0.316966724	27.44390046
0.318273803	27.52161581
0.319580883	26.92741961
0.320887962	26.58771295
0.322195041	26.51253608
0.32350212	25.5539425
0.3248092	25.65518875
0.326116279	25.04330272
0.327423358	24.16000078
0.328730438	24.33346891
0.330037517	23.16659544
0.331344596	22.64517674
0.332651675	22.61512816
0.333958755	20.82758997
0.335265834	20.88982691
0.336572913	20.23471957
0.337879992	19.09266775
0.339187072	19.13381705
0.340494151	18.17818858
0.34180123	17.5550794
0.34310831	17.48537533
0.344415389	15.81561044
0.345722468	15.7871134
0.347029547	15.01344367
0.348336627	14.12095956
0.349643706	14.46131882
0.350950785	13.36579521
0.352257864	13.24133868
0.353564944	12.84055662
0.354872023	11.78520506
0.356179102	11.75291474
0.357486182	11.38939637
0.358793261	10.46287214
0.36010034	10.48472379
0.361407419	9.357641948
0.362714499	9.140176235
0.364021578	9.34089369
0.365328657	7.792392172
0.366635737	7.865188011
0.367942816	7.260246056
0.369249895	6.394311473
0.370556974	6.216442065
0.371864054	5.048013114
0.373171133	5.039417687
0.374478212	4.98507562
0.375785291	3.808036589
0.377092371	3.565919391
0.37839945	3.00864193
0.379706529	2.380660729
0.381013609	2.60444387
0.382320688	2.093082247
0.383627767	2.120849128
0.384934846	2.232668648
0.386241926	1.798986726
0.387549005	1.880029778
0.388856084	1.939790541
0.390163163	2.020069449
0.391470243	2.062223597
0.392777322	1.218264256
0.394084401	1.424788457
0.395391481	1.362486442
0.39669856	1.145727552
0.398005639	1.235054791
0.399312718	0.975254263
0.400619798	0.645836547
0.401926877	0.487570135
0.403233956	-0.04054632
0.404541036	-0.459685209
0.405848115	-0.388105105
0.407155194	-0.515367874
0.408462273	-0.67215684
0.409769353	-0.243435118
0.411076432	-0.04380589
0.412383511	-0.146424373
0.41369059	-0.657655448
0.41499767	-0.813984978
0.416304749	-0.771106407
0.417611828	-0.775343925
0.418918908	-0.660198498
0.420225987	-0.865481913
0.421533066	-1.064762951
0.422840145	-1.301758221
0.424147225	-1.344269422
0.425454304	-1.386933351
0.426761383	-1.447155507
0.428068462	-1.444914847
0.429375542	-1.661027821
0.430682621	-1.647834768
0.4319897	-1.74156563
0.43329678	-1.576981688
0.434603859	-1.881893965
0.435910938	-2.153868206
0.437218017	-2.134689749
0.438525097	-2.20004148
0.439832176	-2.207001646
0.441139255	-2.442449397
0.442446335	-2.619640003
0.443753414	-3.007585306
0.445060493	-2.910525481
0.446367572	-3.06465153
0.447674652	-3.256669573
0.448981731	-3.525821145
0.45028881	-3.583741741
0.451595889	-3.730885104
0.452902969	-3.814170137
0.454210048	-3.748837212
0.455517127	-3.490816541
0.456824207	-3.798022077
0.458131286	-4.047143709
0.459438365	-4.481177446
0.460745444	-4.571668833
0.462052524	-4.644063072
0.463359603	-4.773028888
0.464666682	-4.934198043
0.465973761	-5.861215183
0.467280841	-5.835176181
0.46858792	-6.160893024
0.469894999	-6.321010804
0.471202079	-6.329023364
0.472509158	-6.741548471
0.473816237	-6.931436066
0.475123316	-7.150417762
0.476430396	-7.333483933
0.477737475	-7.560466392
0.479044554	-7.75376116
0.480351634	-7.870274509
0.481658713	-7.863685124
0.482965792	-8.089135844
0.484272871	-8.230865642
0.485579951	-8.294208657
0.48688703	-8.108969728
0.488194109	-8.258907832
0.489501188	-8.462709528
0.490808268	-8.720091952
0.492115347	-8.879967247
0.493422426	-9.000902932
0.494729506	-9.748051564
0.496036585	-9.330740155
0.497343664	-9.658674026
0.498650743	-9.569642653
0.499957823	-9.614298564
0.501264902	-9.663919799
0.502571981	-9.639580904
0.50387906	-10.14436316
0.50518614	-10.25275365
0.506493219	-10.37359882
0.507800298	-10.50241444
0.509107378	-10.70179452
0.510414457	-10.88274189
0.511721536	-11.07663816
0.513028615	-11.06093282
0.514335695	-11.30188294
0.515642774	-11.50065625
0.516949853	-11.32952507
0.518256933	-11.71817237
0.519564012	-11.85309824
0.520871091	-11.67741952
0.52217817	-11.88835008
0.52348525	-11.76702481
0.524792329	-11.73683047
0.526099408	-11.69029381
0.527406487	-11.79332467
0.528713567	-11.78700516
0.530020646	-11.80600695
0.531327725	-11.5349877
0.532634805	-11.53107679
0.533941884	-11.58152371
0.535248963	-11.48267174
0.536556042	-11.67328571
0.537863122	-11.61559875
0.539170201	-11.61148348
0.54047728	-11.71359708
0.541784359	-11.68531139
0.543091439	-11.51210828
0.544398518	-11.5910026
0.545705597	-11.87782205
0.547012677	-11.93212636
0.548319756	-12.03131446
0.549626835	-11.92915273
0.550933914	-12.04972151
0.552240994	-11.71890119
0.553548073	-11.8068295
0.554855152	-11.73640233
0.556162232	-12.3760556
0.557469311	-12.6443068
0.55877639	-12.5676012
0.560083469	-12.33869192
0.561390549	-12.30669625
0.562697628	-12.82172721
0.564004707	-13.06143489
0.565311786	-13.12271719
0.566618866	-12.47133713
0.567925945	-12.64027392
0.569233024	-12.8403361
0.570540104	-13.197533
0.571847183	-13.16225985
0.573154262	-13.2495598
0.574461341	-13.20641969
0.575768421	-13.14014815
0.5770755	-13.44324923
0.578382579	-13.36102344
0.579689658	-13.68312411
0.580996738	-14.18786576
0.582303817	-14.20613692
0.583610896	-14.52171506
0.584917976	-14.67912384
0.586225055	-14.69029916
0.587532134	-14.66743764
0.588839213	-14.85761
0.590146293	-14.83233424
0.591453372	-14.5652236
0.592760451	-14.56917675
0.594067531	-14.40932782
0.59537461	-14.2657522
0.596681689	-14.25966397
0.597988768	-14.55405903
0.599295848	-14.63192896
0.600602927	-15.04880615
0.601910006	-15.3701596
0.603217085	-15.27637901
0.604524165	-15.12381626
0.605831244	-15.03317636
0.607138323	-14.99807767
0.608445403	-13.53392509
0.609752482	-13.54324488
0.611059561	-13.70188358
0.61236664	-13.94309559
0.61367372	-13.86152298
0.614980799	-13.71672834
0.616287878	-13.80246794
0.617594957	-14.05420393
0.618902037	-13.69756594
0.620209116	-13.69575059
0.621516195	-13.76173707
0.622823275	-13.95552355
0.624130354	-13.92156535
0.625437433	-13.65952025
0.626744512	-13.56221367
0.628051592	-13.38840559
0.629358671	-13.19173668
0.63066575	-13.15259915
0.631972829	-13.24525813
0.633279909	-13.11134178
0.634586988	-13.20193638
0.635894067	-12.05933631
0.637201147	-11.98613467
0.638508226	-11.91370321
0.639815305	-11.68757311
0.641122384	-11.85101764
0.642429464	-11.51825921
0.643736543	-11.56346055
0.645043622	-11.56634758
0.646350702	-10.32996474
0.647657781	-10.15743316
0.64896486	-9.942033452
0.650271939	-9.049259774
0.651579019	-8.919211228
0.652886098	-7.938098864
0.654193177	-7.266656898
0.655500256	-7.429432524
0.656807336	-5.729360495
0.658114415	-5.640296277
0.659421494	-5.483799429
0.660728574	-5.503009661
0.662035653	-5.659063708
0.663342732	-5.665004525
0.664649811	-5.665598076
0.665956891	-5.817556388
0.66726397	-6.049711807
0.668571049	-5.986504752
0.669878128	-6.162608679
0.671185208	-6.387591022
0.672492287	-6.236573399
0.673799366	-6.13751243
0.675106446	-5.993066936
0.676413525	-6.013394787
0.677720604	-6.802885957
0.679027683	-6.840748615
0.680334763	-6.952077985
0.681641842	-7.178913617
0.682948921	-7.22634124
0.684256001	-6.870188387
0.68556308	-6.771828316
0.686870159	-6.889717377
0.688177238	-5.433376143
0.689484318	-5.385436702
0.690791397	-4.902521952
0.692098476	-4.409527336
0.693405555	-4.287884496
0.694712635	-3.886705549
0.696019714	-3.672847613
0.697326793	-3.69437195
0.698633873	-4.284881796
0.699940952	-4.218684676
0.701248031	-4.25180667
0.70255511	-4.165115671
0.70386219	-4.177378096
0.705169269	-3.381052628
0.706476348	-3.10472011
0.707783427	-3.21779898
0.709090507	-3.035594566
0.710397586	-2.98191739
0.711704665	-3.271090705
0.713011745	-3.947895598
0.714318824	-3.89355475
0.715625903	-4.369044048
0.716932982	-4.449298396
0.718240062	-4.31718681
0.719547141	-4.005122366
0.72085422	-3.950634933
0.7221613	-3.617800053
0.723468379	-3.023492126
0.724775458	-3.116668476
0.726082537	-2.186301664
0.727389617	-1.835478107
0.728696696	-2.011152969
0.730003775	-1.436104272
0.731310854	-1.444460708
0.732617934	-1.244633342
0.733925013	-1.045389553
0.735232092	-1.161494391
0.736539172	-1.261969721
0.737846251	-1.330711018
0.73915333	-1.588408217
0.740460409	-2.335304603
0.741767489	-2.367041755
0.743074568	-2.415605691
0.744381647	-2.376827027
0.745688726	-2.411107883
0.746995806	-2.721476517
0.748302885	-2.762366128
0.749609964	-2.751314217
0.750917044	-2.914262437
0.752224123	-2.85930087
0.753531202	-2.423073057
0.754838281	-2.311597829
0.756145361	-2.191192272
0.75745244	-2.820618417
0.758759519	-2.873939567
0.760066599	-2.965913911
0.761373678	-3.621963735
0.762680757	-3.661016914
0.763987836	-3.519720313
0.765294916	-3.348468139
0.766601995	-3.407055028
0.767909074	-2.801782386
0.769216153	-2.540172001
0.770523233	-2.782913968
0.771830312	-3.500370515
0.773137391	-3.630917004
0.774444471	-4.045145333
0.77575155	-4.330702928
0.777058629	-4.380942038
0.778365708	-3.658668475
0.779672788	-3.4191022
0.780979867	-3.344585222
0.782286946	-3.480148829
0.783594025	-3.469640268
0.784901105	-3.502246945
0.786208184	-3.351241024
0.787515263	-3.357021709
0.788822343	-4.095331808
0.790129422	-4.102818451
0.791436501	-4.148399756
0.79274358	-4.210186998
0.79405066	-4.070809671
0.795357739	-4.293829484
0.796664818	-4.362127008
0.797971898	-4.261903617
0.799278977	-4.412899108
0.800586056	-4.415779683
0.801893135	-4.618286425
0.803200215	-4.861811309
0.804507294	-4.680031401
0.805814373	-4.695449888
0.807121452	-4.635232572
0.808428532	-4.570664894
0.809735611	-4.817920279
0.81104269	-4.762808712
0.81234977	-4.581477948
0.813656849	-4.422317726
0.814963928	-4.433433076
0.816271007	-4.248734581
0.817578087	-4.161531958
0.818885166	-4.123159722
0.820192245	-3.995914883
0.821499324	-3.957511233
0.822806404	-3.954358463
0.824113483	-3.997607294
0.825420562	-3.719219749
0.826727642	-3.333454104
0.828034721	-3.416989403
0.8293418	-3.263338632
0.830648879	-2.97477247
0.831955959	-2.952878333
0.833263038	-2.635341799
0.834570117	-2.187973117
0.835877197	-2.138411739
0.837184276	-2.328870072
0.838491355	-2.261266606
0.839798434	-2.172689136
0.841105514	-1.328406936
0.842412593	-1.204795558
0.843719672	-0.770525011
0.845026751	-0.472248148
0.846333831	-0.409999861
0.84764091	-0.039267416
0.848947989	0.359215558
0.850255069	0.355032963
0.851562148	0.921900323
0.852869227	1.022289497
0.854176306	1.60462867
0.855483386	2.096510581
0.856790465	1.941655104
0.858097544	2.515553546
0.859404623	2.785814338
0.860711703	2.928283276
0.862018782	3.164080307
0.863325861	3.233563177
0.864632941	3.640396105
0.86594002	4.041542532
0.867247099	4.35306502
0.868554178	4.985375596
0.869861258	5.106396666
0.871168337	5.357032568
0.872475416	6.007719724
0.873782496	6.11825553
0.875089575	6.481585162
0.876396654	6.96807252
0.877703733	7.266325183
0.879010813	7.403157356
0.880317892	7.592199674
0.881624971	7.787872364
0.88293205	8.631536915
0.88423913	8.742725291
0.885546209	8.965437885
0.886853288	8.971316779
0.888160368	9.133080518
0.889467447	9.854240666
0.890774526	9.922711004
0.892081605	10.23215072
0.893388685	10.96844841
0.894695764	11.17988569
0.896002843	11.59822197
0.897309922	11.81678651
0.898617002	11.77989569
0.899924081	12.27904094
0.90123116	12.5141364
0.90253824	12.74719229
0.903845319	13.62327939
0.905152398	13.70546913
0.906459477	13.96961896
0.907766557	14.0558744
0.909073636	14.01983842
0.910380715	14.61464218
0.911687795	14.62753149
0.912994874	14.87568216
0.914301953	15.43860594
0.915609032	15.50202395
0.916916112	15.85638462
0.918223191	15.95759369
0.91953027	15.91690305
0.920837349	16.54426662
0.922144429	16.62179002
0.923451508	16.808898
0.924758587	17.00155014
0.926065667	17.0322155
0.927372746	17.20969041
0.928679825	17.46667076
0.929986904	17.53183009
0.931293984	17.73646834
0.932601063	17.80147086
0.933908142	18.02186165
0.935215221	18.31039346
0.936522301	18.34990939
0.93782938	18.78470634
0.939136459	18.89392346
0.940443539	18.88015227
0.941750618	19.57421997
0.943057697	19.64754485
0.944364776	20.11740926
0.945671856	20.41563014
0.946978935	20.48339446
0.948286014	20.58893593
0.949593094	20.91226892
0.950900173	20.91084051
0.952207252	21.56848723
0.953514331	21.6981229
0.954821411	21.77810502
0.95612849	22.01134023
0.957435569	22.00423035
0.958742648	22.64194524
0.960049728	22.88482779
0.961356807	22.94392736
0.962663886	23.54938173
0.963970966	23.28590448
0.965278045	23.92489755
0.966585124	24.14893227
0.967892203	24.02988479
0.969199283	24.6032845
0.970506362	24.88601646
0.971813441	24.92387256
0.97312052	25.44866438
0.9744276	25.5754396
0.975734679	25.80102643
0.977041758	26.0949692
0.978348838	26.08790894
0.979655917	26.59015794
0.980962996	26.79147426
0.982270075	26.77131937
0.983577155	26.73365587
0.984884234	26.80821703
0.986191313	26.91747853
0.987498392	27.11287386
0.988805472	26.84785455
0.990112551	27.10378299
0.99141963	27.28285754
0.99272671	27.32750049
0.994033789	27.34416747
0.995340868	27.2826448
0.996647947	27.07954847
0.997955027	27.27476231
0.999262106	27.3498352
1.000569185	26.88986323
1.001876265	26.72674487
1.003183344	26.6547329
1.004490423	26.03643188
1.005797502	26.08768922
1.007104582	25.45674822
1.008411661	25.08637557
1.00971874	25.15992152
1.011025819	23.33298912
1.012332899	23.10679147
1.013639978	22.75233097
1.014947057	21.88036992
1.016254137	21.85023907
1.017561216	21.00429698
1.018868295	20.26379729
1.020175374	20.45693737
1.021482454	19.5560449
1.022789533	19.39654063
1.024096612	19.11615466
1.025403691	18.18480644
1.026710771	18.20314976
1.02801785	17.42693321
1.029324929	16.8503698
1.030632009	16.94107863
1.031939088	15.92428463
1.033246167	15.9597812
1.034553246	15.52284718
1.035860326	15.23642354
1.037167405	15.25144146
1.038474484	14.55694819
1.039781564	14.25580531
1.041088643	14.23862087
1.042395722	13.52028603
1.043702801	13.45180713
1.045009881	13.08874058
1.04631696	12.29389088
1.047624039	12.36757358
1.048931118	11.80946769
1.050238198	11.43089762
1.051545277	11.35568341
1.052852356	10.53232901
1.054159436	10.56921677
1.055466515	10.27452262
1.056773594	9.674431496
1.058080673	9.623054311
1.059387753	9.109130779
1.060694832	8.659084745
1.062001911	8.764887607
1.06330899	8.336225895
1.06461607	8.296270404
1.065923149	8.149535061
1.067230228	7.591383647
1.068537308	7.645453669
1.069844387	7.277115624
1.071151466	7.375484198
1.072458545	7.234160467
1.073765625	6.919271299
1.075072704	7.015932803
1.076379783	6.910340616
1.077686863	6.592448203
1.078993942	6.464196144
1.080301021	5.846863157
1.0816081	5.907969047
1.08291518	5.670238793
1.084222259	5.108908901
1.085529338	5.098054856
1.086836417	5.033041257
1.088143497	4.848745351
1.089450576	4.786759111
1.090757655	4.293485508
1.092064735	4.285389056
1.093371814	4.356838729
1.094678893	4.095263836
1.095985972	4.127349299
1.097293052	4.029076012
1.098600131	3.986786293
1.09990721	4.052105308
1.101214289	3.32794629
1.102521369	3.082286722
1.103828448	3.00847085
1.105135527	2.475327279
1.106442607	2.689075667
1.107749686	2.325813251
1.109056765	2.07755979
1.110363844	2.091759565
1.111670924	2.338623169
1.112978003	2.517899181
1.114285082	2.572596173
1.115592162	2.554454347
1.116899241	2.408505433
1.11820632	2.522398737
1.119513399	2.640110675
1.120820479	2.855236334
1.122127558	2.679662928
1.123434637	2.602513431
1.124741716	2.603941592
1.126048796	2.853061442
1.127355875	3.111431005
1.128662954	2.791210104
1.129970034	2.764281405
1.131277113	2.772713603
1.132584192	3.446526357
1.133891271	3.282302223
1.135198351	3.237412715
1.13650543	3.190042268
1.137812509	3.067709885
1.139119588	3.103428205
1.140426668	2.941030941
1.141733747	2.965374706
1.143040826	2.833513322
1.144347906	3.019387805
1.145654985	2.800009341
1.146962064	2.147347139
1.148269143	2.283924071
1.149576223	2.037371808
1.150883302	1.814339582
1.152190381	1.772570474
1.153497461	1.090183397
1.15480454	1.189038819
1.156111619	1.323203067
1.157418698	1.701927279
1.158725778	1.639327265
1.160032857	0.827274204
1.161339936	0.519146263
1.162647015	0.442438662
1.163954095	0.035935453
1.165261174	-0.063765543
1.166568253	-0.060512005
1.167875333	-0.625751636
1.169182412	-0.65396135
1.170489491	-0.548628909
1.17179657	-0.477097725
1.17310365	-0.398013273
1.174410729	-0.204047327
1.175717808	-0.193298586
1.177024887	-0.587582608
1.178331967	-0.940378782
1.179639046	-0.943666081
1.180946125	-1.071680134
1.182253205	-1.062299614
1.183560284	-0.850256304
1.184867363	-0.793118353
1.186174442	-0.722021656
1.187481522	-0.79043301
1.188788601	-0.849039673
1.19009568	-0.85347153
1.19140276	-1.137633754
1.192709839	-1.185684466
1.194016918	-1.144930708
1.195323997	-1.585912457
1.196631077	-1.497492739
1.197938156	-1.933981878
1.199245235	-2.516399758
1.200552314	-2.236098158
1.201859394	-2.285888697
1.203166473	-2.262534344
1.204473552	-2.127475259
1.205780632	-2.44317217
1.207087711	-2.381298456
1.20839479	-2.298655562
1.209701869	-2.353336214
1.211008949	-2.255781306
1.212316028	-2.107089178
1.213623107	-2.1670385
1.214930186	-1.977383359
1.216237266	-1.753962047
1.217544345	-1.738920488
1.218851424	-1.747695035
1.220158504	-1.734972664
1.221465583	-1.581378257
1.222772662	-2.167450409
1.224079741	-2.178132439
1.225386821	-2.286601229
1.2266939	-2.750991249
1.228000979	-2.681080935
1.229308059	-3.039050054
1.230615138	-3.217798941
1.231922217	-3.291120907
1.233229296	-3.782519037
1.234536376	-3.80605977
1.235843455	-3.9682306
1.237150534	-4.587755079
1.238457613	-4.5402311
1.239764693	-4.81334168
1.241071772	-5.087886365
1.242378851	-5.077608988
1.243685931	-5.479778463
1.24499301	-5.422497073
1.246300089	-5.492317415
1.247607168	-5.829929058
1.248914248	-5.875566807
1.250221327	-6.243628683
1.251528406	-6.49589413
1.252835485	-6.579443838
1.254142565	-6.692691816
1.255449644	-6.711868051
1.256756723	-6.618515948
1.258063803	-6.895791819
1.259370882	-6.988701184
1.260677961	-6.712013333
1.26198504	-6.563557645
1.26329212	-6.476543934
1.264599199	-7.277331443
1.265906278	-7.227968876
1.267213358	-7.711513712
1.268520437	-8.243333154
1.269827516	-8.225790733
1.271134595	-8.147381162
1.272441675	-8.375920177
1.273748754	-8.207304355
1.275055833	-8.821900259
1.276362912	-8.854422812
1.277669992	-9.081570671
1.278977071	-9.295741531
1.28028415	-9.263193821
1.28159123	-9.41827117
1.282898309	-9.234562015
1.284205388	-9.272076868
1.285512467	-8.994868501
1.286819547	-8.904035783
1.288126626	-9.023099808
1.289433705	-8.964188036
1.290740784	-8.810881237
1.292047864	-8.208788781
1.293354943	-7.84760825
1.294662022	-7.745850771
1.295969102	-7.510313997
1.297276181	-7.252344011
1.29858326	-6.948425233
1.299890339	-7.082776836
1.301197419	-6.845519249
1.302504498	-6.846682944
1.303811577	-6.902589726
1.305118656	-6.800166414
1.306425736	-7.636444721
1.307732815	-7.672958697
1.309039894	-7.589233552
1.310346974	-7.608853381
1.311654053	-7.468386403
1.312961132	-6.987914844
1.314268211	-7.098878352
1.315575291	-7.230691949
1.31688237	-7.786755871
1.318189449	-7.805087723
1.319496529	-7.843456378
1.320803608	-7.851694724
1.322110687	-7.740508145
1.323417766	-8.386420115
1.324724846	-8.268382595
1.326031925	-8.399864892
1.327339004	-8.961169297
1.328646083	-8.701977111
1.329953163	-8.72969548
1.331260242	-8.869646294
1.332567321	-8.951728484
1.333874401	-9.10285542
1.33518148	-9.139980839
1.336488559	-9.047156292
1.337795638	-8.767951552
1.339102718	-8.687970229
1.340409797	-9.067776019
1.341716876	-9.335466091
1.343023955	-9.280841875
1.344331035	-9.793228913
1.345638114	-9.973126038
1.346945193	-9.940145008
1.348252273	-10.24724543
1.349559352	-10.18089819
1.350866431	-10.26534466
1.35217351	-10.31984154
1.35348059	-10.30144074
1.354787669	-9.578444526
1.356094748	-9.592591252
1.357401828	-9.685902759
1.358708907	-10.23373594
1.360015986	-10.02332366
1.361323065	-9.821944541
1.362630145	-9.735240719
1.363937224	-9.777735241
1.365244303	-9.568877215
1.366551382	-9.549140198
1.367858462	-9.232285952
1.369165541	-8.603386956
1.37047262	-8.46418574
1.3717797	-8.120693998
1.373086779	-7.407601826
1.374393858	-7.798767016
1.375700937	-7.182249595
1.377008017	-7.079109779
1.378315096	-6.970202093
1.379622175	-6.324914827
1.380929254	-6.506616467
1.382236334	-6.304871321
1.383543413	-6.114161
1.384850492	-5.875206768
1.386157572	-6.193978952
1.387464651	-6.051037037
1.38877173	-6.208922227
1.390078809	-6.541236696
1.391385889	-6.405636194
1.392692968	-7.152851222
1.394000047	-7.148287145
1.395307127	-7.137391451
1.396614206	-8.064481384
1.397921285	-8.010514847
1.399228364	-7.846773981
1.400535444	-8.067396417
1.401842523	-7.879736225
1.403149602	-8.18710913
1.404456681	-8.300244486
1.405763761	-8.033664634
1.40707084	-8.440661723
1.408377919	-8.543549755
1.409684999	-8.86014037
1.410992078	-9.126263145
1.412299157	-9.024591254
1.413606236	-9.229626294
1.414913316	-9.459718296
1.416220395	-9.358578477
1.417527474	-9.714415359
1.418834553	-9.423255853
1.420141633	-9.514801276
1.421448712	-9.351701739
1.422755791	-9.319866159
1.424062871	-9.271235326
1.42536995	-9.117998766
1.426677029	-9.192656583
1.427984108	-9.111096374
1.429291188	-9.11284397
1.430598267	-8.914421424
1.431905346	-8.555806842
1.433212426	-8.370882837
1.434519505	-8.376002693
1.435826584	-8.250408592
1.437133663	-8.110591185
1.438440743	-7.802989794
1.439747822	-7.653154917
1.441054901	-7.649716551
1.44236198	-7.59561921
1.44366906	-7.626039527
1.444976139	-7.282407371
1.446283218	-7.477045052
1.447590298	-7.940646382
1.448897377	-8.383089024
1.450204456	-8.118530265
1.451511535	-8.516721218
1.452818615	-9.020538788
1.454125694	-9.036062
1.455432773	-8.864198348
1.456739852	-8.791081444
1.458046932	-8.399219526
1.459354011	-9.069078462
1.46066109	-8.793322161
1.46196817	-9.16671916
1.463275249	-9.416724021
1.464582328	-9.400383962
1.465889407	-9.959069161
1.467196487	-9.552935327
1.468503566	-9.64129876
1.469810645	-10.20410327
1.471117725	-10.23311558
1.472424804	-10.46755429
1.473731883	-10.79269115
1.475038962	-10.86238929
1.476346042	-11.39586779
1.477653121	-11.2620089
1.4789602	-11.30904886
1.480267279	-11.55965415
1.481574359	-11.78150483
1.482881438	-11.49721082
1.484188517	-11.56096686
1.485495597	-11.28218254
1.486802676	-11.70340623
1.488109755	-11.77801974
1.489416834	-12.03230878
1.490723914	-12.31126174
1.492030993	-12.16966226
1.493338072	-12.4712122
1.494645151	-12.90592513
1.495952231	-13.07237638
1.49725931	-13.20685909
1.498566389	-13.14080753
1.499873469	-13.31649207
1.501180548	-13.37227427
1.502487627	-13.34078519
1.503794706	-13.754665
1.505101786	-13.72063373
1.506408865	-13.91446733
1.507715944	-13.30222598
1.509023024	-13.31056758
1.510330103	-13.0094597
1.511637182	-12.44439631
1.512944261	-12.63602827
1.514251341	-12.17480099
1.51555842	-12.06492902
1.516865499	-11.88556106
1.518172578	-12.55868464
1.519479658	-12.2958592
1.520786737	-12.43873492
1.522093816	-12.75213148
1.523400896	-12.75789367
1.524707975	-12.51500911
1.526015054	-12.46656974
1.527322133	-12.43847588
1.528629213	-12.98746593
1.529936292	-12.89630597
1.531243371	-13.51474178
1.53255045	-13.67643902
1.53385753	-13.79637721
1.535164609	-14.33312635
1.536471688	-14.57379046
1.537778768	-14.57860435
1.539085847	-15.33600397
1.540392926	-15.08191106
1.541700005	-15.37468581
1.543007085	-15.84158926
1.544314164	-15.61326533
1.545621243	-15.75516594
1.546928323	-15.85252158
1.548235402	-15.99099126
1.549542481	-16.2773101
1.55084956	-16.27993054
1.55215664	-16.85344473
1.553463719	-17.24849136
1.554770798	-16.9744482
1.556077877	-17.49939708
1.557384957	-17.380645
1.558692036	-17.58599855
1.559999115	-17.93387651
1.561306195	-17.88378877
1.562613274	-18.14098069
1.563920353	-18.39820608
1.565227432	-18.40038412
1.566534512	-18.75591652
1.567841591	-18.66908655
1.56914867	-18.64147496
1.570455749	-18.23476685
1.571762829	-18.35259632
1.573069908	-18.92325515
1.574376987	-19.32627943
1.575684067	-19.49474566
1.576991146	-19.84565357
1.578298225	-19.8880982
1.579605304	-20.06343708
1.580912384	-20.25804978
1.582219463	-20.50314033
1.583526542	-20.83026466
1.584833622	-20.50909905
1.586140701	-20.42322238
1.58744778	-21.33997363
1.588754859	-21.68396643
1.590061939	-21.74395291
1.591369018	-22.12215034
1.592676097	-22.08786257
1.593983176	-22.39365973
1.595290256	-22.74135875
1.596597335	-22.97604339
1.597904414	-23.56261193
1.599211494	-23.52647003
1.600518573	-23.4468317
1.601825652	-23.69626423
1.603132731	-23.54475988
1.604439811	-23.6728454
1.60574689	-23.64220773
1.607053969	-23.86298438
1.608361048	-23.78771981
1.609668128	-23.68417178
1.610975207	-24.14424767
1.612282286	-23.91977733
1.613589366	-23.99517007
1.614896445	-23.86382651
1.616203524	-23.84504127
1.617510603	-24.00059966
1.618817683	-23.90974527
1.620124762	-23.77572402
1.621431841	-23.669099
1.622738921	-24.02316439
1.624046	-23.93249865
1.625353079	-24.21087313
1.626660158	-24.13330662
1.627967238	-24.31801818
1.629274317	-24.1845569
1.630581396	-23.47328448
1.631888475	-23.7996229
1.633195555	-23.53292707
1.634502634	-23.62714191
1.635809713	-23.00643786
1.637116793	-22.84150547
1.638423872	-23.12036795
1.639730951	-22.7753305
1.64103803	-22.85749387
1.64234511	-22.53880648
1.643652189	-21.68231045
1.644959268	-21.39954035
1.646266347	-20.60433248
1.647573427	-20.45343614
1.648880506	-20.10060481
1.650187585	-19.69040215
1.651494665	-19.38596538
1.652801744	-19.30774549
1.654108823	-18.53588091
1.655415902	-18.54613703
1.656722982	-17.87557054
1.658030061	-17.96788464
1.65933714	-17.92488762
1.660644219	-17.07489441
1.661951299	-16.95699107
1.663258378	-16.46759235
1.664565457	-15.76176206
1.665872537	-15.67492387
1.667179616	-14.81960478
1.668486695	-14.38907949
1.669793774	-14.27413496
1.671100854	-13.72949865
1.672407933	-13.32362007
1.673715012	-12.77997865
1.675022092	-12.2835649
1.676329171	-12.01015786
1.67763625	-11.74694549
1.678943329	-11.33012879
1.680250409	-11.20827226
1.681557488	-10.14543997
1.682864567	-10.14636952
1.684171646	-9.285062392
1.685478726	-8.842957433
1.686785805	-8.847187449
1.688092884	-7.94692493
1.689399964	-7.752258274
1.690707043	-7.548289255
1.692014122	-6.495875626
1.693321201	-6.499239372
1.694628281	-5.67390371
1.69593536	-5.216551894
1.697242439	-4.831255282
1.698549518	-4.222202165
1.699856598	-3.940083294
1.701163677	-3.498859476
1.702470756	-2.665128097
1.703777836	-2.314599939
1.705084915	-1.968828082
1.706391994	-1.276827098
1.707699073	-0.979923743
1.709006153	-0.310165043
1.710313232	-0.327631285
1.711620311	-0.047731578
1.712927391	1.005621661
1.71423447	1.037404249
1.715541549	1.672940079
1.716848628	2.729705217
1.718155708	2.673544702
1.719462787	3.766085247
1.720769866	3.98931377
1.722076945	4.279530881
1.723384025	4.852193515
1.724691104	4.991191222
1.725998183	6.092015922
1.727305263	6.694299766
1.728612342	6.660425453
1.729919421	7.389427031
1.7312265	7.729057026
1.73253358	8.013700506
1.733840659	9.138134145
1.735147738	9.187805415
1.736454817	9.797279349
1.737761897	10.24526883
1.739068976	10.27989116
1.740376055	12.00918622
1.741683135	12.35606096
1.742990214	12.50300278
1.744297293	13.39663355
1.745604372	13.60331537
1.746911452	14.23181893
1.748218531	14.9862376
1.74952561	15.19376282
1.75083269	16.41951918
1.752139769	16.37622719
1.753446848	16.73390328
1.754753927	17.26306967
1.756061007	17.52403759
1.757368086	18.3196904
1.758675165	18.64494239
1.759982244	18.81630829
1.761289324	20.50643948
1.762596403	20.74460109
1.763903482	21.1754393
1.765210562	21.49213294
1.766517641	21.47650133
1.76782472	22.70683917
1.769131799	23.28050316
1.770438879	23.06404118
1.771745958	23.77746196
1.773053037	24.26959683
1.774360116	24.81347865
1.775667196	25.66728321
1.776974275	25.72800174
1.778281354	26.65280225
1.779588434	27.11593255
1.780895513	27.26181493
1.782202592	28.64682134
1.783509671	28.79213428
1.784816751	29.3362318
1.78612383	29.72401207
1.787430909	29.72068718
1.788737989	30.80871056
1.790045068	30.925543
1.791352147	31.09384726
1.792659226	32.52736243
1.793966306	32.20253459
1.795273385	32.97788504
1.796580464	34.25129691
1.797887543	34.26276688
1.799194623	35.2565694
1.800501702	35.66856806
1.801808781	35.58370591
1.803115861	36.77423721
1.80442294	36.92406901
1.805730019	37.70762417
1.807037098	38.26843774
1.808344178	38.1318354
1.809651257	38.76244506
1.810958336	39.21785529
1.812265415	39.5517773
1.813572495	40.64455753
1.814879574	40.28741283
1.816186653	40.91987281
1.817493733	41.49844228
1.818800812	41.61079008
1.820107891	42.26948153
1.82141497	42.28258035
1.82272205	42.46200102
1.824029129	42.99767322
1.825336208	42.91542774
1.826643288	43.27730355
1.827950367	43.21090615
1.829257446	43.37738991
1.830564525	43.49834815
1.831871605	43.82462983
1.833178684	43.83120894
1.834485763	43.27986447
1.835792842	43.04872009
1.837099922	42.70534714
1.838407001	42.25985131
1.83971408	42.30003954
1.84102116	41.46813774
1.842328239	41.18743662
1.843635318	40.91372163
1.844942397	39.34948574
1.846249477	39.67412215
1.847556556	38.63689974
1.848863635	38.1526953
1.850170714	37.97646704
1.851477794	36.08429571
1.852784873	35.73340557
1.854091952	35.17818328
1.855399032	33.31311657
1.856706111	33.2636261
1.85801319	31.82618439
1.859320269	30.88604152
1.860627349	31.24212887
1.861934428	29.08024421
1.863241507	28.71765702
1.864548587	28.39794167
1.865855666	27.27288388
1.867162745	27.1245083
1.868469824	25.90340147
1.869776904	25.00130794
1.871083983	25.13566547
1.872391062	23.18239886
1.873698141	23.39547634
1.875005221	22.98147449
1.8763123	21.9320988
1.877619379	21.84377375
1.878926459	20.11658116
1.880233538	19.12843211
1.881540617	19.34721788
1.882847696	17.3748458
1.884154776	17.43086585
1.885461855	17.00152449
1.886768934	15.30072585
1.888076013	15.31766975
1.889383093	13.74084208
1.890690172	13.25280277
1.891997251	13.18299982
1.893304331	10.86328214
1.89461141	10.83512536
1.895918489	10.00040829
1.897225568	8.395923066
1.898532648	8.380369762
1.899839727	7.067904865
1.901146806	6.598300128
1.902453886	6.693619146
1.903760965	4.980577871
1.905068044	4.829691947
1.906375123	4.273602711
1.907682203	3.528877999
1.908989282	3.522338519
1.910296361	3.248423688
1.91160344	3.371512391
1.91291052	2.887341441
1.914217599	2.920376966
1.915524678	2.932580753
1.916831758	2.839490411
1.918138837	1.961391043
1.919445916	1.998541988
1.920752995	1.955673831
1.922060075	1.959428745
1.923367154	2.008908438
1.924674233	1.576789665
1.925981312	1.549475889
1.927288392	1.201458404
1.928595471	0.899111441
1.92990255	1.155756041
1.93120963	0.387069174
1.932516709	0.184998783
1.933823788	-0.089057809
1.935130867	-0.060367256
1.936437947	-0.076759969
1.937745026	-0.32363807
1.939052105	-0.129347265
1.940359185	-0.158888177
1.941666264	-0.761616886
1.942973343	-0.694334087
1.944280422	-0.373346396
1.945587502	-0.37657154
1.946894581	-0.481711739
1.94820166	-1.131614916
1.949508739	-1.576265824
1.950815819	-1.409629053
1.952122898	-1.41069227
1.953429977	-1.413626569
1.954737057	-1.43968595
1.956044136	-2.206644865
1.957351215	-1.754914892
1.958658294	-2.087470467
1.959965374	-1.818090511
1.961272453	-1.790469851
1.962579532	-2.2258295
1.963886611	-2.237830609
1.965193691	-2.279214445
1.96650077	-2.469931415
1.967807849	-2.440879193
1.969114929	-2.325870933
1.970422008	-2.491252976
1.971729087	-2.536693993
1.973036166	-2.543342472
1.974343246	-2.481797297
1.975650325	-2.488692412
1.976957404	-2.906371269
1.978264483	-2.765693601
1.979571563	-2.933760552
1.980878642	-3.139296629
1.982185721	-2.825056026
1.983492801	-3.172235501
1.98479988	-3.04777249
1.986106959	-2.708815546
1.987414038	-2.756227736
1.988721118	-2.77075204
1.990028197	-2.858145253
1.991335276	-2.977614976
1.992642356	-2.880677469
1.993949435	-2.674195022
1.995256514	-2.776793632
1.996563593	-2.85949681
1.997870673	-2.737002366
1.999177752	-2.39089007
2.000484831	-2.185159184
2.00179191	-2.467777067
2.00309899	-2.159529511
2.004406069	-1.651102798
2.005713148	-1.562324595
2.007020228	-1.746969181
2.008327307	-1.619692641
2.009634386	-1.640758531
2.010941465	-1.414800974
2.012248545	-1.339592988
2.013555624	-1.408327888
2.014862703	-1.765368836
2.016169782	-1.637392514
2.017476862	-1.50464299
2.018783941	-1.279117092
2.02009102	-1.027908293
2.0213981	-1.017510861
2.022705179	-0.828208843
2.024012258	-1.113608782
2.025319337	-0.841825667
2.026626417	-1.047616591
2.027933496	-0.950637046
2.029240575	-0.84814206
2.030547655	-0.606111599
2.031854734	-1.126254708
2.033161813	-1.167628979
2.034468892	-0.993597708
2.035775972	-1.708009544
2.037083051	-1.491663431
2.03839013	-1.515164625
2.039697209	-1.470996584
2.041004289	-1.331918126
2.042311368	-1.592012744
2.043618447	-1.584458485
2.044925527	-1.712053847
2.046232606	-1.702004584
2.047539685	-1.655795684
2.048846764	-1.464387769
2.050153844	-1.623547588
2.051460923	-1.544087864
2.052768002	-1.986678904
2.054075081	-1.923973171
2.055382161	-2.187079237
2.05668924	-1.914268808
2.057996319	-1.728096118
2.059303399	-2.242644309
2.060610478	-2.414834254
2.061917557	-2.40746511
2.063224636	-2.784760894
2.064531716	-3.068535985
2.065838795	-3.030356309
2.067145874	-2.823315882
2.068452954	-2.958947026
2.069760033	-3.234060865
2.071067112	-3.534467468
2.072374191	-3.284483319
2.073681271	-3.05403411
2.07498835	-2.964366385
2.076295429	-2.75027838
2.077602508	-3.077511304
2.078909588	-3.019548466
2.080216667	-3.306396222
2.081523746	-3.585176539
2.082830826	-3.539234181
2.084137905	-3.51141237
2.085444984	-3.604661041
2.086752063	-3.534728721
2.088059143	-3.713564367
2.089366222	-3.765676047
2.090673301	-4.006020802
2.09198038	-4.409632107
2.09328746	-4.20021702
2.094594539	-4.181270041
2.095901618	-4.34878543
2.097208698	-4.830230557
2.098515777	-5.160630103
2.099822856	-5.24084401
2.101129935	-5.558564139
2.102437015	-5.776626769
2.103744094	-5.997210564
2.105051173	-5.699193117
2.106358253	-5.83619496
2.107665332	-5.847623365
2.108972411	-5.908970573
2.11027949	-5.859685506
2.11158657	-5.514145447
2.112893649	-5.33121638
2.114200728	-5.412771577
2.115507807	-5.58292492
2.116814887	-5.559740186
2.118121966	-5.498183118
2.119429045	-5.419796242
2.120736125	-5.665273938
2.122043204	-5.497888881
2.123350283	-5.631642863
2.124657362	-5.574030785
2.125964442	-5.196866931
2.127271521	-5.033538395
2.1285786	-4.944478074
2.129885679	-4.927449769
2.131192759	-4.969511758
2.132499838	-4.843797847
2.133806917	-4.920389555
2.135113997	-4.820167541
2.136421076	-4.691228178
2.137728155	-4.682193826
2.139035234	-4.619265784
2.140342314	-4.804267247
2.141649393	-5.051804051
2.142956472	-5.099848835
2.144263552	-5.378369919
2.145570631	-5.051170991
2.14687771	-5.321484709
2.148184789	-5.613366505
2.149491869	-5.54741294
2.150798948	-5.653471021
2.152106027	-5.561215089
2.153413106	-5.689182942
2.154720186	-5.630207063
2.156027265	-5.624151233
2.157334344	-5.662764973
2.158641424	-5.555719714
2.159948503	-5.446162843
2.161255582	-5.426510349
2.162562661	-5.514267426
2.163869741	-5.924851694
2.16517682	-5.758362238
2.166483899	-5.770563284
2.167790978	-6.106431842
2.169098058	-5.652531974
2.170405137	-6.232115737
2.171712216	-6.236491649
2.173019296	-6.028658382
2.174326375	-6.339894919
2.175633454	-6.256719838
2.176940533	-5.95529033
2.178247613	-5.688671045
2.179554692	-5.881581162
2.180861771	-6.03394312
2.182168851	-5.817891377
2.18347593	-5.58354819
2.184783009	-5.084656368
2.186090088	-4.911595438
2.187397168	-4.986190429
2.188704247	-4.972430372
2.190011326	-4.678113723
2.191318405	-4.83965953
2.192625485	-5.084912629
2.193932564	-5.052106223
2.195239643	-4.978960615
2.196546723	-5.090335193
2.197853802	-4.948409612
2.199160881	-5.365421703
2.20046796	-5.626157193
2.20177504	-5.779717127
2.203082119	-5.753679983
2.204389198	-5.655049006
2.205696277	-6.39347647
2.207003357	-6.504487506
2.208310436	-6.390624614
2.209617515	-5.823686689
2.210924595	-5.686794019
2.212231674	-6.325476598
2.213538753	-6.546498559
2.214845832	-6.576009172
2.216152912	-6.642023017
2.217459991	-7.328471498
2.21876707	-6.952246744
2.22007415	-6.935365223
2.221381229	-7.433119005
2.222688308	-7.653577599
2.223995387	-7.473526812
2.225302467	-7.162002795
2.226609546	-7.483331287
2.227916625	-7.599099379
2.229223704	-7.613637754
2.230530784	-7.696348424
2.231837863	-7.783667658
2.233144942	-7.808994669
2.234452022	-7.834724822
2.235759101	-7.846234511
2.23706618	-7.948050845
2.238373259	-7.853676852
2.239680339	-7.653703849
2.240987418	-8.046468669
2.242294497	-7.623084575
2.243601576	-7.187705065
2.244908656	-6.724924227
2.246215735	-7.487614679
2.247522814	-7.826150213
2.248829894	-7.669408292
2.250136973	-7.763215727
2.251444052	-7.954458906
2.252751131	-8.027868025
2.254058211	-7.754148256
2.25536529	-7.699416361
2.256672369	-7.774862801
2.257979449	-7.547428043
2.259286528	-7.743144686
2.260593607	-8.177398433
2.261900686	-7.445849729
2.263207766	-7.6271358
2.264514845	-7.006363766
2.265821924	-6.66174175
2.267129003	-6.497390138
2.268436083	-6.386001308
2.269743162	-6.076683287
2.271050241	-6.636822693
2.272357321	-7.081186442
2.2736644	-6.736860573
2.274971479	-7.037946425
2.276278558	-7.329876003
2.277585638	-7.501700969
2.278892717	-7.485685876
2.280199796	-7.275133832
2.281506875	-7.052573589
2.282813955	-7.182614653
2.284121034	-7.240171509
2.285428113	-7.063179738
2.286735193	-6.662338004
2.288042272	-6.886771862
2.289349351	-6.974911728
2.29065643	-6.895658623
2.29196351	-6.977976815
2.293270589	-7.139483245
2.294577668	-7.343582968
2.295884748	-7.05526797
2.297191827	-7.081300212
2.298498906	-7.305281071
2.299805985	-7.923030774
2.301113065	-7.843596013
2.302420144	-7.676924302
2.303727223	-7.575890447
2.305034302	-7.524568167
2.306341382	-7.351997394
2.307648461	-7.272800778
2.30895554	-7.324435367
2.31026262	-7.392773832
2.311569699	-7.237405231
2.312876778	-7.224810694
2.314183857	-6.896722434
2.315490937	-6.998187669
2.316798016	-6.21949734
2.318105095	-6.242782934
2.319412174	-5.824646407
2.320719254	-5.898320923
2.322026333	-5.899269493
2.323333412	-6.085820115
2.324640492	-6.041355869
2.325947571	-5.989879793
2.32725465	-6.427612682
2.328561729	-6.412357571
2.329868809	-6.397072067
2.331175888	-6.360254395
2.332482967	-6.269949175
2.333790046	-6.738829334
2.335097126	-6.535421244
2.336404205	-6.498944359
2.337711284	-6.663699849
2.339018364	-6.463548947
2.340325443	-6.315029346
2.341632522	-5.635716245
2.342939601	-5.815254472
2.344246681	-6.087956421
2.34555376	-6.278400316
2.346860839	-6.144469006
2.348167919	-6.525400256
2.349474998	-6.597226114
2.350782077	-6.819114965
2.352089156	-6.904462377
2.353396236	-6.752494705
2.354703315	-6.860376117
2.356010394	-7.246532478
2.357317473	-7.01300721
2.358624553	-6.542052415
2.359931632	-6.889477877
2.361238711	-6.850322051
2.362545791	-6.936181027
2.36385287	-6.674504434
2.365159949	-6.321508198
2.366467028	-6.010896165
2.367774108	-6.174596614
2.369081187	-5.456195759
2.370388266	-5.431099326
2.371695345	-5.588882837
2.373002425	-5.561545859
2.374309504	-5.408477941
2.375616583	-5.717589599
2.376923663	-5.923356628
2.378230742	-6.10061973
2.379537821	-6.390786626
2.3808449	-6.446801499
2.38215198	-6.310489531
2.383459059	-6.607932101
2.384766138	-6.449287542
2.386073218	-6.478381269
2.387380297	-6.215832252
2.388687376	-6.421547088
2.389994455	-5.920247079
2.391301535	-5.701274538
2.392608614	-5.462045307
2.393915693	-5.435582856
2.395222772	-5.652779753
2.396529852	-4.719860179
2.397836931	-4.401134596
2.39914401	-4.032605444
2.40045109	-3.886690951
2.401758169	-4.10968982
2.403065248	-3.6263911
2.404372327	-4.011520969
2.405679407	-3.891858742
2.406986486	-4.065646166
2.408293565	-4.105616278
2.409600644	-4.43001892
2.410907724	-4.78545175
2.412214803	-4.817849884
2.413521882	-4.507188654
2.414828962	-3.743618402
2.416136041	-3.83164446
2.41744312	-4.592501841
2.418750199	-4.886472429
2.420057279	-4.961988879
2.421364358	-5.099214338
2.422671437	-5.085104775
2.423978517	-5.608968556
2.425285596	-6.057139287
2.426592675	-6.064707821
2.427899754	-6.200043828
2.429206834	-6.127534968
2.430513913	-6.181470853
2.431820992	-6.197191779
2.433128071	-6.400733184
2.434435151	-6.823695632
2.43574223	-6.501393603
2.437049309	-6.570388394
2.438356389	-7.063414957
2.439663468	-7.290073408
2.440970547	-7.180048485
2.442277626	-7.576256761
2.443584706	-7.649537016
2.444891785	-7.816244044
2.446198864	-7.870086066
2.447505943	-8.019234165
2.448813023	-8.310651166
2.450120102	-8.467575774
2.451427181	-8.758413843
2.452734261	-9.405607193
2.45404134	-9.258011027
2.455348419	-9.29426216
2.456655498	-9.605368062
2.457962578	-9.533813272
2.459269657	-9.907097001
2.460576736	-9.636640072
2.461883816	-9.426941524
2.463190895	-9.385442841
2.464497974	-9.48728636
2.465805053	-9.229484976
2.467112133	-8.792202416
2.468419212	-8.73450548
2.469726291	-7.445007206
2.47103337	-7.385559691
2.47234045	-7.308251571
2.473647529	-7.657610687
2.474954608	-7.548207165
2.476261688	-7.723227662
2.477568767	-7.716388407
2.478875846	-7.911745594
2.480182925	-7.902488364
2.481490005	-8.127690075
2.482797084	-8.425565734
2.484104163	-8.458770787
2.485411242	-8.440857137
2.486718322	-8.728334591
2.488025401	-8.770230531
2.48933248	-8.750047907
2.49063956	-8.447020221
2.491946639	-8.654578333
2.493253718	-9.313999296
2.494560797	-9.845705096
2.495867877	-9.858186956
2.497174956	-9.905770184
2.498482035	-10.57478843
2.499789115	-10.19435333
2.501096194	-10.79034661
2.502403273	-10.27973077
2.503710352	-10.01675393
2.505017432	-9.978252876
2.506324511	-9.630301065
2.50763159	-10.34073435
2.508938669	-10.23691667
2.510245749	-10.07637981
2.511552828	-10.82618752
2.512859907	-10.55721044
2.514166987	-10.71501584
2.515474066	-11.06145508
2.516781145	-11.08807935
2.518088224	-10.68616598
2.519395304	-10.51338683
2.520702383	-10.47256697
2.522009462	-10.15446368
2.523316541	-10.33561898
2.524623621	-10.21936806
2.5259307	-10.39292214
2.527237779	-10.07279406
2.528544859	-10.73254211
2.529851938	-10.7014226
2.531159017	-10.88443866
2.532466096	-10.48623343
2.533773176	-10.57852618
2.535080255	-10.59189856
2.536387334	-10.52737143
2.537694414	-10.53817641
2.539001493	-10.30032434
2.540308572	-10.3649293
2.541615651	-10.27294225
2.542922731	-9.694109614
2.54422981	-9.809517148
2.545536889	-9.639587923
2.546843968	-9.449034705
2.548151048	-9.455645653
2.549458127	-10.10305939
2.550765206	-10.1375599
2.552072286	-10.48524738
2.553379365	-10.36163479
2.554686444	-10.13904301
2.555993523	-10.66123688
2.557300603	-11.00843627
2.558607682	-10.78803572
2.559914761	-11.25004012
2.56122184	-11.625634
2.56252892	-11.59946058
2.563835999	-11.13178384
2.565143078	-11.05129266
2.566450158	-11.78056404
2.567757237	-12.30783899
2.569064316	-12.05913205
2.570371395	-12.62375039
2.571678475	-12.8571427
2.572985554	-13.05439003
2.574292633	-13.33911133
2.575599713	-13.07108657
2.576906792	-13.48420333
2.578213871	-13.60547719
2.57952095	-13.87109743
2.58082803	-13.77909701
2.582135109	-13.40539828
2.583442188	-13.39502551
2.584749267	-13.44416122
2.586056347	-13.43740004
2.587363426	-13.67516115
2.588670505	-14.19615856
2.589977585	-14.42561005
2.591284664	-14.50301649
2.592591743	-14.57961055
2.593898822	-14.62453541
2.595205902	-15.29586373
2.596512981	-15.22821394
2.59782006	-15.6125009
2.599127139	-15.99151065
2.600434219	-15.95360422
2.601741298	-16.21928773
2.603048377	-16.12978973
2.604355457	-16.52852955
2.605662536	-16.64001439
2.606969615	-16.69738994
2.608276694	-16.90772727
2.609583774	-16.89092934
2.610890853	-16.98301858
2.612197932	-17.17619181
2.613505012	-16.99227071
2.614812091	-17.02613593
2.61611917	-17.42209681
2.617426249	-17.32188143
2.618733329	-16.881998
2.620040408	-16.78124136
2.621347487	-17.01715844
2.622654566	-16.48809796
2.623961646	-16.25565565
2.625268725	-15.57139821
2.626575804	-14.6546473
2.627882884	-14.97442983
2.629189963	-14.39894075
2.630497042	-14.31728881
2.631804121	-14.18112714
2.633111201	-13.3125673
2.63441828	-13.31114812
2.635725359	-12.94478324
2.637032438	-12.25009804
2.638339518	-12.48457425
2.639646597	-11.98934524
2.640953676	-11.67406269
2.642260756	-11.57008888
2.643567835	-10.84908457
2.644874914	-10.92016609
2.646181993	-10.44050999
2.647489073	-9.93101536
2.648796152	-10.04762645
2.650103231	-9.53045836
2.65141031	-9.53476054
2.65271739	-9.48857631
2.654024469	-8.522843373
2.655331548	-8.227157677
2.656638628	-7.676448888
2.657945707	-7.213585418
2.659252786	-7.353848092
2.660559865	-6.5181612
2.661866945	-6.465194954
2.663174024	-5.972256508
2.664481103	-4.8945759
2.665788183	-4.747878103
2.667095262	-4.196252956
2.668402341	-4.330635247
2.66970942	-4.091058145
2.6710165	-3.216538892
2.672323579	-2.911914914
2.673630658	-3.144771559
2.674937737	-2.400481637
2.676244817	-2.627364353
2.677551896	-2.08829954
2.678858975	-1.629652397
2.680166055	-1.724660276
2.681473134	-0.84847715
2.682780213	-0.719086708
2.684087292	-0.727727412
2.685394372	0.407032575
2.686701451	-0.083294642
2.68800853	0.756012342
2.689315609	1.583727663
2.690622689	1.120602825
2.691929768	1.894434673
2.693236847	1.825390367
2.694543927	2.331526609
2.695851006	3.792832258
2.697158085	3.342494385
2.698465164	4.012989797
2.699772244	4.528741448
2.701079323	4.33010462
2.702386402	5.673224629
2.703693482	5.730313488
2.705000561	5.891745183
2.70630764	6.17427903
2.707614719	6.209528493
2.708921799	7.106992862
2.710228878	7.316453139
2.711535957	6.991133546
2.712843036	8.076473887
2.714150116	8.195811062
2.715457195	8.330795162
2.716764274	9.578972761
2.718071354	9.076916559
2.719378433	10.12041057
2.720685512	10.45891026
2.721992591	10.06156491
2.723299671	10.83998909
2.72460675	10.7688718
2.725913829	11.34893314
2.727220908	11.86762706
2.728527988	11.63729493
2.729835067	12.37381475
2.731142146	12.75290757
2.732449226	12.75966038
2.733756305	13.59223109
2.735063384	13.57686455
2.736370463	14.06057788
2.737677543	14.82613522
2.738984622	14.71026939
2.740291701	15.32776713
2.741598781	15.35065106
2.74290586	15.54496723
2.744212939	16.93262153
2.745520018	16.95518011
2.746827098	17.58648822
2.748134177	18.06188215
2.749441256	18.15419217
2.750748335	18.89340065
2.752055415	18.87978388
2.753362494	18.72242013
2.754669573	20.47126117
2.755976653	20.25996744
2.757283732	20.67402471
2.758590811	21.23044423
2.75989789	21.53645852
2.76120497	21.99966595
2.762512049	22.13114671
2.763819128	21.96846616
2.765126207	22.78598804
2.766433287	22.94046162
2.767740366	23.20104167
2.769047445	23.65448399
2.770354525	23.34409206
2.771661604	24.16228165
2.772968683	24.29081465
2.774275762	24.37219063
2.775582842	25.6187572
2.776889921	25.66197113
2.778197	26.34492143
2.77950408	27.04159645
2.780811159	26.91321083
2.782118238	28.09749213
2.783425317	28.39414222
2.784732397	28.25001039
2.786039476	28.76249224
2.787346555	28.93354708
2.788653634	29.44409704
2.789960714	30.03250786
2.791267793	29.87353458
2.792574872	30.14544327
2.793881952	30.61098835
2.795189031	30.81552104
2.79649611	31.46425282
2.797803189	31.44684983
2.799110269	31.80655716
2.800417348	31.87194785
2.801724427	31.50765862
2.803031506	31.70890845
2.804338586	31.48562526
2.805645665	31.96280734
2.806952744	32.25513871
2.808259824	31.9478214
2.809566903	31.82089446
2.810873982	31.59320799
2.812181061	31.83082529
2.813488141	31.55038597
2.81479522	31.48871435
2.816102299	31.22023649
2.817409379	30.74558983
2.818716458	30.49952048
2.820023537	29.60355069
2.821330616	29.06587867
2.822637696	28.99322522
2.823944775	27.38486704
2.825251854	27.33716772
2.826558933	26.45249769
2.827866013	25.07953406
2.829173092	25.0239112
2.830480171	23.7453968
2.831787251	22.86790063
2.83309433	22.69423718
2.834401409	20.62262377
2.835708488	20.7062278
2.837015568	19.85321592
2.838322647	18.73797291
2.839629726	18.73736596
2.840936805	17.46913884
2.842243885	16.93774227
2.843550964	17.06899368
2.844858043	15.20340644
2.846165123	14.90652618
2.847472202	14.18048281
2.848779281	13.10871367
2.85008636	13.18898701
2.85139344	11.87649327
2.852700519	11.59681103
2.854007598	11.02401597
2.855314678	9.749929426
2.856621757	9.857363211
2.857928836	9.463402931
2.859235915	8.688842252
2.860542995	8.737397856
2.861850074	7.741461818
2.863157153	7.154945138
2.864464232	7.150780306
2.865771312	6.645457324
2.867078391	6.613619428
2.86838547	5.763826714
2.86969255	4.678585901
2.870999629	4.67455844
2.872306708	4.243212133
2.873613787	3.977501449
2.874920867	3.815794075
2.876227946	3.539105133
2.877535025	3.558284096
2.878842104	3.243643215
2.880149184	3.038241935
2.881456263	3.002581046
2.882763342	2.979908297
2.884070422	2.585038591
2.885377501	2.647346894
2.88668458	2.313004729
2.887991659	2.442382494
2.889298739	2.201604985
2.890605818	2.121912695
2.891912897	1.922044371
2.893219977	2.293789606
2.894527056	2.500142686
2.895834135	2.252391258
2.897141214	2.057749908
2.898448294	1.865923463
2.899755373	1.962079739
2.901062452	1.933034466
2.902369531	1.772379596
2.903676611	1.736606288
2.90498369	1.671582587
2.906290769	1.905722926
2.907597849	1.578084602
2.908904928	1.808955012
2.910212007	1.840675783
2.911519086	1.862933582
2.912826166	1.726978925
2.914133245	1.893527644
2.915440324	1.910039049
2.916747403	1.871719224
2.918054483	2.053501066
2.919361562	2.215556859
2.920668641	2.481277467
2.921975721	2.46245705
2.9232828	2.546516211
2.924589879	3.046126291
2.925896958	2.977217956
2.927204038	2.987872965
2.928511117	3.141992671
2.929818196	2.638221057
2.931125276	3.179522979
2.932432355	3.275542759
2.933739434	3.393925742
2.935046513	3.199493483
2.936353593	3.083052859
2.937660672	3.232394023
2.938967751	3.483933577
2.94027483	3.363517862
2.94158191	2.837672317
2.942888989	2.633688951
2.944196068	2.465683362
2.945503148	2.35013646
2.946810227	2.15008155
2.948117306	2.353472205
2.949424385	2.200193198
2.950731465	2.084500651
2.952038544	1.696876818
2.953345623	1.578757156
2.954652702	1.501569037
2.955959782	1.440381198
2.957266861	1.401031811
2.95857394	1.159785951
2.95988102	1.062309359
2.961188099	0.82551064
2.962495178	0.697321187
2.963802257	0.662789225
2.965109337	0.807104003
2.966416416	1.171728725
2.967723495	0.998799415
2.969030575	1.075132656
2.970337654	1.15490922
2.971644733	1.078242663
2.972951812	0.806712964
2.974258892	0.507655873
2.975565971	0.713588068
2.97687305	0.968787396
2.978180129	1.115434423
2.979487209	1.017924441
2.980794288	1.136010426
2.982101367	1.121844887
2.983408447	1.166051855
2.984715526	1.053926867
2.986022605	1.049735211
2.987329684	1.527770296
2.988636764	1.434303943
2.989943843	1.311224369
2.991250922	0.942824715
2.992558001	1.146140012
2.993865081	0.798962236
2.99517216	0.707130467
2.996479239	0.681937237
2.997786319	1.572009544
2.999093398	1.365070994
3.000400477	0.893738141
3.001707556	0.688283638
3.003014636	0.605004508
3.004321715	0.781533586
3.005628794	0.675745225
3.006935873	0.599021235
3.008242953	0.184116834
3.009550032	0.332354274
3.010857111	0.560536016
3.012164191	0.666734871
3.01347127	0.469263594
3.014778349	0.731688817
3.016085428	0.708956375
3.017392508	0.757924494
3.018699587	0.624628231
3.020006666	0.609417105
3.021313746	0.622634285
3.022620825	0.216976154
3.023927904	0.046237588
3.025234983	-0.092821111
3.026542063	0.306099173
3.027849142	0.160001861
3.029156221	0.468508402
3.0304633	0.342966001
3.03177038	0.177944956
3.033077459	0.025683515
3.034384538	0.154064692
3.035691618	-0.525009594
3.036998697	-0.471638526
3.038305776	-0.378299592
3.039612855	-0.238404369
3.040919935	-0.186640777
3.042227014	-1.025336599
3.043534093	-1.563080365
3.044841172	-1.508745298
3.046148252	-1.923302883
3.047455331	-2.042592735
3.04876241	-2.036741956
3.05006949	-1.981409833
3.051376569	-1.934562602
3.052683648	-2.439198425
3.053990727	-2.749011771
3.055297807	-2.606942555
3.056604886	-2.427687646
3.057911965	-2.389696421
3.059219045	-2.548293864
3.060526124	-2.857234398
3.061833203	-2.892098065
3.063140282	-2.607148205
3.064447362	-2.561726626
3.065754441	-2.66049259
3.06706152	-2.40408813
3.068368599	-2.442649204
3.069675679	-2.251104355
3.070982758	-1.797421031
3.072289837	-1.740179299
3.073596917	-1.738063695
3.074903996	-1.353758181
3.076211075	-1.060487554
3.077518154	-0.641671296
3.078825234	-0.648384148
3.080132313	-0.559741185
3.081439392	-0.340478745
3.082746471	-0.271660507
3.084053551	-0.624238909
3.08536063	-0.744665253
3.086667709	-0.582156268
3.087974789	-0.401698052
3.089281868	-0.51542503
3.090588947	-0.366947236
3.091896026	-0.635861849
3.093203106	-0.60887129
3.094510185	-0.021090173
3.095817264	0.106953146
3.097124344	0.225911677
3.098431423	0.516277046
3.099738502	0.584168459
3.101045581	1.175855659
3.102352661	1.973939946
3.10365974	1.89362261
3.104966819	1.667065273
3.106273898	1.537980579
3.107580978	1.578094825
3.108888057	2.736518815
3.110195136	2.762965283
3.111502216	2.894413653
3.112809295	3.158619478
3.114116374	3.100492932
3.115423453	3.130318944
3.116730533	3.082437743
3.118037612	3.153174143
3.119344691	3.356507978
3.12065177	3.497135927
3.12195885	3.351763065
3.123265929	3.461253278
3.124573008	3.271609745
3.125880088	3.728497481
3.127187167	3.936473658
3.128494246	4.07588822
3.129801325	4.553662893
3.131108405	4.42001355
3.132415484	4.221251526
3.133722563	4.415378091
3.135029643	4.214387223
3.136336722	3.591650091
3.137643801	3.567374643
3.13895088	3.420934812
3.14025796	3.639803342
3.141565039	3.612231977
3.142872118	3.850475747
3.144179197	3.798873623
3.145486277	3.923650886
3.146793356	4.171153817
3.148100435	4.299107662
3.149407515	4.198469026
3.150714594	4.074857904
3.152021673	4.096204815
3.153328752	4.077216814
3.154635832	4.15948474
3.155942911	4.01868701
3.15724999	3.685824382
3.158557069	3.574547452
3.159864149	3.298893219
3.161171228	2.951045035
3.162478307	3.196771291
3.163785387	3.148513123
3.165092466	3.057953253
3.166399545	2.965108417
3.167706624	2.801228896
3.169013704	2.742198813
3.170320783	2.625316555
3.171627862	2.344074923
3.172934942	2.457706352
3.174242021	2.709133685
3.1755491	2.625415854
3.176856179	2.496035723
3.178163259	2.767348728
3.179470338	2.824727945
3.180777417	2.7368997
3.182084496	2.788875813
3.183391576	2.762729953
3.184698655	3.310558162
3.186005734	3.487883257
3.187312814	3.402541005
3.188619893	3.132663245
3.189926972	3.204341523
3.191234051	2.936804022
3.192541131	2.442588642
3.19384821	2.464076836
3.195155289	2.984905869
3.196462368	3.137110592
3.197769448	3.0356404
3.199076527	2.257437709
3.200383606	2.314768197
3.201690686	2.497209548
3.202997765	2.543333383
3.204304844	2.556493261
3.205611923	2.557209689
3.206919003	2.89302851
3.208226082	2.941241866
3.209533161	3.79757497
3.210840241	3.701197149
3.21214732	3.885818674
3.213454399	4.343850652
3.214761478	4.143172289
3.216068558	3.354229478
3.217375637	3.151399658
3.218682716	2.856919811
3.219989795	3.05221064
3.221296875	2.825872066
3.222603954	2.84542854
3.223911033	2.973098496
3.225218113	2.815162966
3.226525192	2.597877574
3.227832271	2.451910534
3.22913935	2.656631704
3.23044643	2.737615203
3.231753509	2.413839648
3.233060588	2.728078519
3.234367667	3.337137879
3.235674747	3.365077412
3.236981826	3.629153974
3.238288905	3.596404189
3.239595985	3.585691656
3.240903064	2.937338147
3.242210143	2.856562376
3.243517222	2.530727889
3.244824302	2.276999383
3.246131381	2.296885952
3.24743846	2.462243921
3.24874554	2.454093124
3.250052619	2.467342594
3.251359698	2.674766022
3.252666777	2.478232421
3.253973857	2.697889
3.255280936	2.821813727
3.256588015	2.919390834
3.257895094	3.019849132
3.259202174	2.96369745
3.260509253	2.472351714
3.261816332	1.790874356
3.263123412	1.904348471
3.264430491	1.476503463
3.26573757	1.48865713
3.267044649	1.31276458
3.268351729	1.416808115
3.269658808	1.431285476
3.270965887	1.521417649
3.272272966	1.43540743
3.273580046	1.176892532
3.274887125	1.163384404
3.276194204	1.15906859
3.277501284	1.245893955
3.278808363	0.493427313
3.280115442	0.488759933
3.281422521	0.127463189
3.282729601	-0.180883425
3.28403668	-0.309811407
3.285343759	-0.470085211
3.286650839	-0.588134099
3.287957918	-0.733839478
3.289264997	-0.798014326
3.290572076	-0.848809863
3.291879156	-0.778308955
3.293186235	-1.013176483
3.294493314	-1.116138618
3.295800393	-1.684043859
3.297107473	-1.709423268
3.298414552	-1.893656608
3.299721631	-2.190908435
3.301028711	-2.166260177
3.30233579	-2.399060162
3.303642869	-3.119687499
3.304949948	-3.452176181
3.306257028	-3.526967641
3.307564107	-3.94041949
3.308871186	-3.891962384
3.310178265	-3.877621706
3.311485345	-3.946671848
3.312792424	-3.750791635
3.314099503	-3.352170383
3.315406583	-3.448875775
3.316713662	-3.166282745
3.318020741	-3.063554576
3.31932782	-3.244563471
3.3206349	-4.097623998
3.321941979	-4.092394738
3.323249058	-4.51602872
3.324556137	-4.716660396
3.325863217	-4.640806581
3.327170296	-4.316340464
3.328477375	-4.37506962
3.329784455	-4.264336783
3.331091534	-4.740683689
3.332398613	-4.746296333
3.333705692	-4.706931832
3.335012772	-4.450946329
3.336319851	-4.464643185
3.33762693	-4.082996858
3.33893401	-4.030503733
3.340241089	-4.064703682
3.341548168	-3.982973759
3.342855247	-4.173604873
3.344162327	-4.313989216
3.345469406	-4.776192667
3.346776485	-4.747116386
3.348083564	-5.191089776
3.349390644	-5.498172456
3.350697723	-5.415791288
3.352004802	-5.076960585
3.353311882	-5.13131252
3.354618961	-5.300752293
3.35592604	-5.942326638
3.357233119	-5.848161013
3.358540199	-5.993930442
3.359847278	-6.026664657
3.361154357	-6.122768848
3.362461436	-5.841553926
3.363768516	-5.81630346
3.365075595	-5.695822883
3.366382674	-5.515212588
3.367689754	-5.553563681
3.368996833	-4.609423679
3.370303912	-4.456880223
3.371610991	-4.222631924
3.372918071	-3.745615188
3.37422515	-3.668600218
3.375532229	-3.82316137
3.376839309	-3.918071472
3.378146388	-4.036378442
3.379453467	-4.435429081
3.380760546	-4.369033246
3.382067626	-4.632528963
3.383374705	-5.159441737
3.384681784	-5.294966025
3.385988863	-5.573274092
3.387295943	-5.859017507
3.388603022	-5.922911319
3.389910101	-6.281897926
3.391217181	-6.397409597
3.39252426	-6.415948928
3.393831339	-7.010701957
3.395138418	-7.039512335
3.396445498	-7.635177709
3.397752577	-7.749832287
3.399059656	-7.952136088
3.400366735	-8.585932356
3.401673815	-8.702866375
3.402980894	-8.688176125
3.404287973	-8.97067768
3.405595053	-9.186547545
3.406902132	-9.475307439
3.408209211	-9.696637277
3.40951629	-9.591106089
3.41082337	-10.38138829
3.412130449	-10.52805655
3.413437528	-10.66772121
3.414744608	-10.50375861
3.416051687	-10.4284188
3.417358766	-10.94785942
3.418665845	-11.49372336
3.419972925	-11.53010087
3.421280004	-11.88134995
3.422587083	-11.79352004
3.423894162	-12.04420161
3.425201242	-12.24038614
3.426508321	-12.12172483
3.4278154	-12.3931502
3.42912248	-12.45031895
3.430429559	-12.60351415
3.431736638	-12.32141694
3.433043717	-12.41064391
3.434350797	-12.13047617
3.435657876	-11.68887611
3.436964955	-11.86869219
3.438272034	-11.30290202
3.439579114	-10.97890855
3.440886193	-11.02135944
3.442193272	-10.15749242
3.443500352	-10.0962371
3.444807431	-9.869013903
3.44611451	-9.233136514
3.447421589	-9.317388839
3.448728669	-8.876434521
3.450035748	-8.473704651
3.451342827	-8.570365607
3.452649907	-7.886574957
3.453956986	-7.721044597
3.455264065	-7.279362269
3.456571144	-6.819853613
3.457878224	-6.899733697
3.459185303	-6.668609368
3.460492382	-6.418572676
3.461799461	-6.37273299
3.463106541	-6.084545154
3.46441362	-6.139082945
3.465720699	-5.897904645
3.467027779	-5.630532527
3.468334858	-5.45077146
3.469641937	-5.303641946
3.470949016	-4.967489911
3.472256096	-4.910839651
3.473563175	-4.411569535
3.474870254	-4.538431539
3.476177333	-4.106520669
3.477484413	-3.461794112
3.478791492	-3.563554225
3.480098571	-2.92867086
3.481405651	-2.712037827
3.48271273	-2.572842819
3.484019809	-2.045746971
3.485326888	-1.971210092
3.486633968	-1.603038012
3.487941047	-1.148746321
3.489248126	-1.11355943
3.490555206	-0.541372945
3.491862285	-0.415955113
3.493169364	-0.377154493
3.494476443	0.154942532
3.495783523	0.023094484
3.497090602	0.557756987
3.498397681	0.826412722
3.49970476	0.888413678
3.50101184	1.390528204
3.502318919	1.442705916
3.503625998	1.545802806
3.504933078	1.787635255
3.506240157	1.67763818
3.507547236	1.961267699
3.508854315	2.555506992
3.510161395	2.541163571
3.511468474	3.049214398
3.512775553	3.146911616
3.514082632	3.234901302
3.515389712	3.601901467
3.516696791	3.635111395
3.51800387	4.115346356
3.51931095	4.538338518
3.520618029	4.564001703
3.521925108	5.004347306
3.523232187	4.902971944
3.524539267	5.070110069
3.525846346	5.50593309
3.527153425	5.410932841
3.528460505	6.014163385
3.529767584	6.203696883
3.531074663	6.273457074
3.532381742	6.465025741
3.533688822	6.558699098
3.534995901	6.826032245
3.53630298	7.112075433
3.537610059	7.138402474
3.538917139	7.346510958
3.540224218	7.636180332
3.541531297	7.593135734
3.542838377	7.670123376
3.544145456	7.559604393
3.545452535	7.949344275
3.546759614	8.280101403
3.548066694	8.040035232
3.549373773	8.342655481
3.550680852	8.534561274
3.551987931	8.555675966
3.553295011	9.263105336
3.55460209	9.429802538
3.555909169	9.566663738
3.557216249	10.03849105
3.558523328	10.01354936
3.559830407	10.6479723
3.561137486	10.76715879
3.562444566	10.76572778
3.563751645	11.74606086
3.565058724	11.60120464
3.566365804	11.97132201
3.567672883	12.19199978
3.568979962	12.24501784
3.570287041	12.72013399
3.571594121	13.05416238
3.5729012	13.05053225
3.574208279	13.58425574
3.575515358	13.47249178
3.576822438	13.6494438
3.578129517	14.02025178
3.579436596	13.90591852
3.580743676	14.3265055
3.582050755	14.31496475
3.583357834	14.37964627
3.584664913	14.62174205
3.585971993	14.60576987
3.587279072	14.6635654
3.588586151	14.51196971
3.58989323	14.54121269
3.59120031	14.66033446
3.592507389	14.80648712
3.593814468	14.67435553
3.595121548	14.20389573
3.596428627	14.07780271
3.597735706	13.86773764
3.599042785	13.63669157
3.600349865	13.83370014
3.601656944	13.3567749
3.602964023	13.2549192
3.604271103	13.26680377
3.605578182	12.42097
3.606885261	12.62557044
3.60819234	11.94909425
3.60949942	11.3028188
3.610806499	11.43920428
3.612113578	10.28872725
3.613420657	10.0971914
3.614727737	9.719625478
3.616034816	8.449344131
3.617341895	8.5740206
3.618648975	8.018705633
3.619956054	7.344496854
3.621263133	7.362603349
3.622570212	6.040631645
3.623877292	5.918837189
3.625184371	5.736011895
3.62649145	4.904947157
3.627798529	4.793140359
3.629105609	4.146992527
3.630412688	4.1925549
3.631719767	3.947435355
3.633026847	3.274569439
3.634333926	3.310509559
3.635641005	3.238117564
3.636948084	2.566093028
3.638255164	2.948558676
3.639562243	2.315288673
3.640869322	2.151177177
3.642176402	2.039968209
3.643483481	1.307804315
3.64479056	1.165527549
3.646097639	0.750437351
3.647404719	-0.242381811
3.648711798	-0.178797693
3.650018877	-0.501086622
3.651325956	-0.936950099
3.652633036	-0.980851697
3.653940115	-2.109628658
3.655247194	-1.787032004
3.656554274	-2.183567239
3.657861353	-2.680987463
3.659168432	-2.594511104
3.660475511	-2.850159398
3.661782591	-2.904660031
3.66308967	-2.975546236
3.664396749	-2.910952234
3.665703828	-3.030298373
3.667010908	-3.15873872
3.668317987	-3.927467486
3.669625066	-3.881429399
3.670932146	-4.021496186
3.672239225	-3.975850878
3.673546304	-3.911826829
3.674853383	-4.458673587
3.676160463	-4.465261459
3.677467542	-4.331745809
3.678774621	-4.39573399
3.6800817	-4.430483961
3.68138878	-4.537606097
3.682695859	-4.763306727
3.684002938	-4.306410304
3.685310018	-4.425645699
3.686617097	-4.244114714
3.687924176	-4.724589283
3.689231255	-5.214997049
3.690538335	-5.140435875
3.691845414	-5.024059872
3.693152493	-4.979422089
3.694459573	-4.864943843
3.695766652	-4.505236458
3.697073731	-4.640473717
3.69838081	-4.41053945
3.69968789	-4.404431227
3.700994969	-4.518774766
3.702302048	-4.382219154
3.703609127	-4.475101519
3.704916207	-4.348145957
3.706223286	-3.606109254
3.707530365	-3.900084796
3.708837445	-3.629539935
3.710144524	-3.817945443
3.711451603	-3.834347586
3.712758682	-4.244972171
3.714065762	-4.386157713
3.715372841	-4.284615414
3.71667992	-4.355973143
3.717986999	-4.423113767
3.719294079	-4.852229595
3.720601158	-5.228032335
3.721908237	-4.964228858
3.723215317	-5.467194326
3.724522396	-5.524096132
3.725829475	-5.54184839
3.727136554	-5.71452277
3.728443634	-5.535589869
3.729750713	-6.009374732
3.731057792	-6.192140192
3.732364872	-6.134703174
3.733671951	-5.951273925
3.73497903	-5.898120831
3.736286109	-5.902689544
3.737593189	-6.112897082
3.738900268	-6.080417685
3.740207347	-6.490949812
3.741514426	-6.777898821
3.742821506	-6.877542958
3.744128585	-6.802533442
3.745435664	-6.640922754
3.746742744	-6.823777253
3.748049823	-7.47139386
3.749356902	-7.388312217
3.750663981	-7.434881486
3.751971061	-7.677449736
3.75327814	-7.516379832
3.754585219	-7.741766767
3.755892298	-7.885236477
3.757199378	-7.778615677
3.758506457	-7.755229782
3.759813536	-7.954678372
3.761120616	-8.378981851
3.762427695	-8.5335974
3.763734774	-8.404789735
3.765041853	-8.530568296
3.766348933	-8.627377152
3.767656012	-8.496224248
3.768963091	-8.420837542
3.770270171	-8.40884706
3.77157725	-8.427539926
3.772884329	-8.520811594
3.774191408	-8.024799366
3.775498488	-8.17862489
3.776805567	-7.966896409
3.778112646	-7.863989301
3.779419725	-8.056561005
3.780726805	-8.150719601
3.782033884	-7.777849953
3.783340963	-7.73840437
3.784648043	-7.73235831
3.785955122	-7.936679209
3.787262201	-7.859039805
3.78856928	-7.676466252
3.78987636	-7.331680285
3.791183439	-7.241144019
3.792490518	-7.494265565
3.793797597	-7.696597784
3.795104677	-7.526716421
3.796411756	-7.392916434
3.797718835	-7.485691819
3.799025915	-7.445251755
3.800332994	-7.539843339
3.801640073	-7.646969134
3.802947152	-6.923738137
3.804254232	-6.61431367
3.805561311	-6.739265398
3.80686839	-6.039194547
3.80817547	-5.816130983
3.809482549	-5.451480212
3.810789628	-5.031958553
3.812096707	-5.016545786
3.813403787	-4.435178489
3.814710866	-4.027018041
3.816017945	-3.985994947
3.817325024	-3.968483527
3.818632104	-4.016029679
3.819939183	-4.03392794
3.821246262	-4.07820072
3.822553342	-3.893116137
3.823860421	-3.954332765
3.8251675	-3.776475917
3.826474579	-3.683594602
3.827781659	-4.411594878
3.829088738	-4.346983169
3.830395817	-4.819555812
3.831702896	-4.515477506
3.833009976	-4.200962335
3.834317055	-4.511795924
3.835624134	-4.792268255
3.836931214	-4.862411253
3.838238293	-4.567385071
3.839545372	-4.671966775
3.840852451	-4.874421287
3.842159531	-5.268655096
3.84346661	-5.461468188
3.844773689	-4.434258169
3.846080769	-3.924697427
3.847387848	-4.288107702
3.848694927	-4.227768968
3.850002006	-4.211038994
3.851309086	-4.114098831
3.852616165	-3.957936671
3.853923244	-3.885595596
3.855230323	-3.340639615
3.856537403	-3.481234256
3.857844482	-3.437526936
3.859151561	-3.440259372
3.860458641	-3.33383923
3.86176572	-3.388515603
3.863072799	-3.371995569
3.864379878	-3.547877689
3.865686958	-3.151646255
3.866994037	-3.254951945
3.868301116	-3.022048864
3.869608195	-2.124872069
3.870915275	-2.081306923
3.872222354	-1.657881403
3.873529433	-1.808784354
3.874836513	-1.783731003
3.876143592	-2.296330654
3.877450671	-2.372589415
3.87875775	-2.263419958
3.88006483	-2.646180774
3.881371909	-2.617775403
3.882678988	-2.513510976
3.883986068	-2.560427252
3.885293147	-2.41433717
3.886600226	-1.904706563
3.887907305	-2.128929098
3.889214385	-1.772827342
3.890521464	-1.498415801
3.891828543	-1.20072998
3.893135622	-0.586684108
3.894442702	-0.029082268
3.895749781	-0.032083583
3.89705686	0.707974332
3.89836394	0.674513059
3.899671019	0.482198169
3.900978098	0.380770265
3.902285177	0.498036574
3.903592257	0.496847818
3.904899336	0.597778178
3.906206415	0.754695058
3.907513494	0.852299875
3.908820574	0.699188035
3.910127653	0.473145744
3.911434732	0.381141004
3.912741812	0.49845439
3.914048891	0.508856994
3.91535597	0.595749697
3.916663049	0.690394852
3.917970129	1.105775123
3.919277208	1.228486209
3.920584287	0.727870422
3.921891367	0.375783843
3.923198446	0.368179039
3.924505525	0.186114065
3.925812604	0.040824353
3.927119684	0.018908494
3.928426763	-0.192105221
3.929733842	-0.257626803
3.931040921	-0.413670165
3.932348001	-0.493506605
3.93365508	-0.358134567
3.934962159	0.039555574
3.936269239	-0.038988559
3.937576318	0.139267348
3.938883397	1.748266583
3.940190476	1.827129496
3.941497556	1.750586111
3.942804635	1.30984804
3.944111714	1.092385283
3.945418793	1.926208932
3.946725873	1.972883643
3.948032952	2.177862816
3.949340031	2.762649892
3.950647111	2.864662459
3.95195419	2.696266682
3.953261269	2.21117562
3.954568348	1.953143838
3.955875428	1.624544858
3.957182507	1.420729312
3.958489586	1.5912306
3.959796666	1.75961563
3.961103745	1.821648898
3.962410824	1.756307874
3.963717903	2.125371494
3.965024983	2.181536895
3.966332062	2.133897691
3.967639141	2.138865243
3.96894622	2.264033026
3.9702533	2.446267664
3.971560379	2.527267342
3.972867458	3.355466498
3.974174538	3.618267497
3.975481617	3.846962381
3.976788696	4.241803204
3.978095775	4.31435052
3.979402855	4.204399639
3.980709934	3.617935414
3.982017013	3.3436473
3.983324092	3.224865305
3.984631172	3.181613218
3.985938251	3.116056283
3.98724533	3.287472106
3.98855241	3.191182267
3.989859489	3.449355511
3.991166568	3.41863273
3.992473647	3.463058929
3.993780727	3.180969863
3.995087806	3.293285006
3.996394885	3.136722941
3.997701964	3.647929666
3.999009044	3.759008392
4.000316123	3.793070795
4.001623202	3.922986328
4.002930282	3.626474509
4.004237361	4.445502172
4.00554444	5.069146973
4.006851519	4.776335203
4.008158599	4.449901499
4.009465678	3.88959553
4.010772757	2.966193454
4.012079837	3.251484527
4.013386916	3.530020836
4.014693995	3.33352538
4.016001074	3.293519625
4.017308154	3.053693226
4.018615233	2.984973219
4.019922312	2.850663617
4.021229391	2.808341091
4.022536471	2.66339056
4.02384355	2.58347683
4.025150629	2.594572037
4.026457709	2.477202313
4.027764788	2.350268426
4.029071867	2.253252573
4.030378946	2.27653912
4.031686026	2.550204427
4.032993105	2.784702292
4.034300184	2.747915851
4.035607263	3.250751401
4.036914343	3.086718385
4.038221422	3.158614597
4.039528501	3.626869069
4.040835581	3.460326953
4.04214266	3.741939247
4.043449739	3.843803166
4.044756818	3.771215092
4.046063898	4.192044818
4.047370977	4.31759733
4.048678056	4.200984763
4.049985136	4.371558257
4.051292215	4.130081789
4.052599294	4.569034614
4.053906373	4.866065002
4.055213453	4.80350308
4.056520532	4.636951249
4.057827611	4.586773194
4.05913469	4.627744709
4.06044177	5.092001156
4.061748849	5.621249008
4.063055928	5.393284238
4.064363008	5.346626698
4.065670087	5.39412603
4.066977166	5.622318743
4.068284245	5.709135889
4.069591325	5.457108139
4.070898404	5.49168914
4.072205483	5.289456735
4.073512562	5.420162992
4.074819642	5.674725497
4.076126721	5.72172905
4.0774338	5.752614798
4.07874088	5.76368459
4.080047959	5.741074261
4.081355038	5.957227898
4.082662117	5.919967416
4.083969197	6.225548833
4.085276276	6.259286231
4.086583355	5.67900774
4.087890435	5.62401449
4.089197514	6.369199214
4.090504593	6.448515752
4.091811672	6.70260547
4.093118752	6.253440104
4.094425831	6.456289455
4.09573291	6.548139604
4.097039989	6.252550699
4.098347069	6.365935307
4.099654148	6.835137825
4.100961227	6.647765973
4.102268307	6.600228104
4.103575386	6.78365022
4.104882465	7.319573773
4.106189544	7.305668961
4.107496624	7.234443481
4.108803703	7.250430193
4.110110782	7.204255796
4.111417861	7.255001768
4.112724941	7.40657323
4.11403202	7.417282219
4.115339099	7.894184363
4.116646179	7.963970407
4.117953258	7.717140713
4.119260337	8.264689572
4.120567416	8.300684472
4.121874496	8.386135451
4.123181575	8.812762877
4.124488654	8.717014205
4.125795734	8.601732923
4.127102813	8.182267131
4.128409892	8.636601823
4.129716971	8.590318331
4.131024051	8.530458274
4.13233113	8.385244349
4.133638209	8.689901938
4.134945288	8.817366528
4.136252368	8.481413868
4.137559447	8.846708036
4.138866526	8.717275559
4.140173606	9.14165745
4.141480685	9.058256651
4.142787764	9.27021727
4.144094843	9.658205372
4.145401923	9.646834518
4.146709002	9.818259382
4.148016081	9.941985902
4.14932316	9.58736257
4.15063024	9.981521995
4.151937319	10.26101672
4.153244398	10.4559453
4.154551478	10.58317192
4.155858557	10.48171782
4.157165636	10.62257667
4.158472715	10.84127582
4.159779795	10.79203327
4.161086874	11.05193164
4.162393953	10.91647285
4.163701033	11.0950058
4.165008112	11.28282108
4.166315191	11.36676053
4.16762227	11.17445029
4.16892935	11.09125493
4.170236429	11.05605974
4.171543508	10.49143903
4.172850587	10.66681517
4.174157667	10.46912329
4.175464746	10.48442425
4.176771825	10.28345564
4.178078905	10.28956141
4.179385984	10.35509987
4.180693063	10.44418362
4.182000142	10.34315425
4.183307222	10.63006978
4.184614301	10.40551729
4.18592138	9.904328596
4.187228459	9.773260286
4.188535539	9.068539498
4.189842618	8.906489736
4.191149697	8.65255372
4.192456777	7.284675703
4.193763856	6.994508018
4.195070935	6.118205268
4.196378014	5.171606741
4.197685094	4.81022452
4.198992173	4.272604541
4.200299252	4.690022969
4.201606332	4.815883068
4.202913411	4.030559173
4.20422049	4.036967651
4.205527569	3.858404563
4.206834649	3.541363591
4.208141728	3.440705378
4.209448807	2.903427948
4.210755886	2.943064002
4.212062966	3.058173541
4.213370045	2.573392459
4.214677124	2.589854291
4.215984204	2.47690891
4.217291283	2.318380616
4.218598362	2.375587607
4.219905441	2.00405398
4.221212521	2.172369275
4.2225196	2.159425747
4.223826679	1.984547765
4.225133758	1.961014945
4.226440838	1.714966101
4.227747917	1.532675024
4.229054996	1.509011683
4.230362076	1.184425541
4.231669155	1.238807097
4.232976234	1.26122059
4.234283313	1.083068613
4.235590393	0.961006606
4.236897472	0.77020395
4.238204551	0.588733843
4.239511631	0.627271043
4.24081871	0.207047352
4.242125789	0.193562872
4.243432868	0.021041053
4.244739948	0.025852391
4.246047027	-0.253038959
4.247354106	-0.621539461
4.248661185	-0.719127162
4.249968265	-0.983024301
4.251275344	-1.539024589
4.252582423	-1.529340652
4.253889503	-1.650665844
4.255196582	-1.862094013
4.256503661	-1.999015648
4.25781074	-2.269227611
4.25911782	-2.421839531
4.260424899	-2.489595182
4.261731978	-2.952294074
4.263039057	-2.858482569
4.264346137	-2.905856691
4.265653216	-2.914601098
4.266960295	-2.881901841
4.268267375	-2.721665262
4.269574454	-2.716344603
4.270881533	-2.629589939
4.272188612	-3.159045702
4.273495692	-3.255515341
4.274802771	-3.605802057
4.27610985	-3.873347795
4.27741693	-3.963702685
4.278724009	-4.300067561
4.280031088	-4.442379602
4.281338167	-4.654862945
4.282645247	-4.089876485
4.283952326	-4.125440644
4.285259405	-4.335934244
4.286566484	-4.696921867
4.287873564	-4.758659532
4.289180643	-4.880615295
4.290487722	-5.150481522
4.291794802	-5.071957725
4.293101881	-5.322023401
4.29440896	-5.241221493
4.295716039	-5.280459907
4.297023119	-5.239126282
4.298330198	-5.34500866
4.299637277	-6.09122001
4.300944356	-6.49667111
4.302251436	-6.650546731
4.303558515	-6.710809464
4.304865594	-6.650900403
4.306172674	-6.833677738
4.307479753	-7.277146191
4.308786832	-7.372835584
4.310093911	-6.955933243
4.311400991	-7.18765901
4.31270807	-7.471233929
4.314015149	-7.51066424
4.315322229	-7.612212962
4.316629308	-7.673611393
4.317936387	-7.523559071
4.319243466	-7.58282509
4.320550546	-7.543732634
4.321857625	-7.80789545
4.323164704	-7.868770981
4.324471783	-7.898693281
4.325778863	-8.228914993
4.327085942	-8.210107253
4.328393021	-7.9934805
4.329700101	-7.918245585
4.33100718	-7.670018679
4.332314259	-7.671533579
4.333621338	-7.629143628
4.334928418	-7.025862072
4.336235497	-7.064629105
4.337542576	-7.082334378
4.338849655	-6.906777992
4.340156735	-7.09879497
4.341463814	-7.242836459
4.342770893	-7.174431812
4.344077973	-7.1463593
4.345385052	-7.610117949
4.346692131	-7.96899902
4.34799921	-7.444877846
4.34930629	-7.093775593
4.350613369	-7.243333345
4.351920448	-6.536608121
4.353227527	-6.574551528
4.354534607	-6.496575581
4.355841686	-6.14723813
4.357148765	-6.028229105
4.358455845	-5.714656193
4.359762924	-5.452229751
4.361070003	-5.503158418
4.362377082	-5.859289902
4.363684162	-5.859998705
4.364991241	-5.715426013
4.36629832	-6.045513953
4.3676054	-6.106546369
4.368912479	-6.397356289
4.370219558	-5.762013386
4.371526637	-5.838976459
4.372833717	-6.132524799
4.374140796	-6.195225219
4.375447875	-5.982025548
4.376754954	-5.6454617
4.378062034	-5.601109397
4.379369113	-5.420489669
4.380676192	-5.406684379
4.381983272	-5.399898949
4.383290351	-4.789063849
4.38459743	-4.733391259
4.385904509	-4.66486305
4.387211589	-4.602718444
4.388518668	-4.430413137
4.389825747	-5.183939471
4.391132826	-5.401397965
4.392439906	-5.606378624
4.393746985	-5.456775368
4.395054064	-5.195022185
4.396361144	-4.924257692
4.397668223	-4.468847271
4.398975302	-4.443222031
4.400282381	-4.156545405
4.401589461	-4.239036016
4.40289654	-4.086214915
4.404203619	-2.924543493
4.405510699	-2.871216796
4.406817778	-2.898229106
4.408124857	-3.144830452
4.409431936	-3.171124882
4.410739016	-3.364188962
4.412046095	-3.420635747
4.413353174	-3.573060772
4.414660253	-4.187387724
4.415967333	-3.783502036
4.417274412	-4.09762121
4.418581491	-4.250658948
4.419888571	-4.235601491
4.42119565	-4.604347084
4.422502729	-4.663756634
4.423809808	-4.612856181
4.425116888	-4.993672812
4.426423967	-5.001979802
4.427731046	-5.11322912
4.429038125	-5.145075265
4.430345205	-4.891005153
4.431652284	-4.966710059
4.432959363	-4.957668391
4.434266443	-4.94328178
4.435573522	-5.560159838
4.436880601	-5.303269415
4.43818768	-5.136333647
4.43949476	-4.973629781
4.440801839	-5.026826918
4.442108918	-4.816700429
4.443415998	-4.673716048
4.444723077	-4.464622697
4.446030156	-4.115593842
4.447337235	-3.850549726
4.448644315	-3.226002149
4.449951394	-2.577176936
4.451258473	-2.749395122
4.452565552	-1.005304432
4.453872632	-0.43750515
4.455179711	-0.810085047
4.45648679	-2.228962886
4.45779387	-2.16855076
4.459100949	-2.431137489
4.460408028	-2.799197595
