x	zg centrado sin panza
0.001960045	5.517360532
0.003266741	5.473478957
0.004573437	5.519375931
0.005880134	5.633241787
0.00718683	5.60344584
0.008493527	5.71769295
0.009800223	5.586554877
0.01110692	5.695461287
0.012413616	5.863008673
0.013720312	6.030894747
0.015027009	6.089082512
0.016333705	6.037399398
0.017640402	6.324273386
0.018947098	6.291168959
0.020253794	6.500620251
0.021560491	6.546851312
0.022867187	6.577077555
0.024173884	6.778552599
0.02548058	6.575981393
0.026787277	6.778091219
0.028093973	6.683151589
0.029400669	6.836084794
0.030707366	6.777307465
0.032014062	6.955109283
0.033320759	6.833904142
0.034627455	6.869732375
0.035934151	6.840209675
0.037240848	6.948957487
0.038547544	6.885585773
0.039854241	6.455504302
0.041160937	6.616371096
0.042467634	6.412751654
0.04377433	6.355921343
0.045081026	6.434279805
0.046387723	6.421438262
0.047694419	6.532320072
0.049001116	6.721030071
0.050307812	6.78790197
0.051614508	6.634628759
0.052921205	6.045945151
0.054227901	6.010144964
0.055534598	5.976257385
0.056841294	5.062453571
0.058147991	5.1633033
0.059454687	4.903025085
0.060761383	4.416528594
0.06206808	4.544981977
0.063374776	4.508753698
0.064681473	4.553997621
0.065988169	4.403021941
0.067294865	3.359297136
0.068601562	3.75465865
0.069908258	3.770199417
0.071214955	3.385410178
0.072521651	3.682836047
0.073828348	3.594079093
0.075135044	3.710150056
0.07644174	3.98948415
0.077748437	3.574052519
0.079055133	3.51319744
0.08036183	3.439288963
0.081668526	3.392387535
0.082975222	3.352176575
0.084281919	3.143149681
0.085588615	3.254717586
0.086895312	3.363058678
0.088202008	3.171801091
0.089508705	3.145292202
0.090815401	3.138519416
0.092122097	2.792093313
0.093428794	2.74767354
0.09473549	2.694803153
0.096042187	2.553080627
0.097348883	2.811040923
0.098655579	2.739439742
0.099962276	2.925813646
0.101268972	2.706623207
0.102575669	2.969891655
0.103882365	3.026509849
0.105189062	2.709172533
0.106495758	2.526827072
0.107802454	2.550484455
0.109109151	2.664015259
0.110415847	2.464002172
0.111722544	2.383350024
0.11302924	2.360024738
0.114335936	2.505430235
0.115642633	2.041972639
0.116949329	1.953847639
0.118256026	1.908893545
0.119562722	1.750275941
0.120869419	1.655157659
0.122176115	1.864415771
0.123482811	1.84205349
0.124789508	1.930963084
0.126096204	1.653240969
0.127402901	1.642616929
0.128709597	1.47522555
0.130016294	1.833606183
0.13132299	1.946988848
0.132629686	1.81156402
0.133936383	1.711703824
0.135243079	1.782622086
0.136549776	1.529792176
0.137856472	1.584015069
0.139163168	1.510781808
0.140469865	1.554356933
0.141776561	1.440660642
0.143083258	1.3696685
0.144389954	1.192935959
0.145696651	0.984095762
0.147003347	0.945673701
0.148310043	0.98189095
0.14961674	1.113466006
0.150923436	1.246430314
0.152230133	1.220791088
0.153536829	1.230102196
0.154843525	1.21526118
0.156150222	1.100057445
0.157456918	1.151056359
0.158763615	1.091609305
0.160070311	1.084673917
0.161377008	1.122511565
0.162683704	1.08226027
0.1639904	0.801791901
0.165297097	0.574424469
0.166603793	0.338742614
0.16791049	0.255452359
0.169217186	0.442450297
0.170523882	0.246872622
0.171830579	-0.164111294
0.173137275	-0.145175265
0.174443972	-0.661011125
0.175750668	-0.800114809
0.177057365	-0.782209456
0.178364061	-1.141016279
0.179670757	-1.199724657
0.180977454	-1.220429886
0.18228415	-1.656121666
0.183590847	-1.716697941
0.184897543	-1.733255178
0.186204239	-1.724823305
0.187510936	-1.947384649
0.188817632	-2.335196202
0.190124329	-2.549801188
0.191431025	-2.663197041
0.192737722	-3.187989626
0.194044418	-2.695475882
0.195351114	-2.733511899
0.196657811	-2.731689286
0.197964507	-2.85325555
0.199271204	-3.23453192
0.2005779	-3.241250998
0.201884596	-3.427739643
0.203191293	-3.764827156
0.204497989	-3.86397911
0.205804686	-3.901842086
0.207111382	-4.114312346
0.208418079	-4.078660167
0.209724775	-3.741010333
0.211031471	-3.846519343
0.212338168	-3.941204257
0.213644864	-4.208020378
0.214951561	-4.118827734
0.216258257	-4.433528018
0.217564953	-4.109351616
0.21887165	-3.920752983
0.220178346	-4.046402665
0.221485043	-4.132593178
0.222791739	-4.302399019
0.224098436	-4.277543161
0.225405132	-4.162116377
0.226711828	-4.481803638
0.228018525	-4.684998243
0.229325221	-4.539476729
0.230631918	-4.501783709
0.231938614	-4.750207211
0.23324531	-4.595909728
0.234552007	-3.960380743
0.235858703	-4.503474161
0.2371654	-4.743211914
0.238472096	-4.994661621
0.239778793	-4.615100552
0.241085489	-4.498597823
0.242392185	-4.696451636
0.243698882	-4.834966621
0.245005578	-4.917604555
0.246312275	-4.834887919
0.247618971	-4.889578728
0.248925667	-4.911156479
0.250232364	-5.053147679
0.25153906	-5.192827062
0.252845757	-5.120968808
0.254152453	-5.167979458
0.25545915	-5.302002415
0.256765846	-5.0972445
0.258072542	-5.526448493
0.259379239	-5.542369011
0.260685935	-5.698083187
0.261992632	-5.94608109
0.263299328	-5.939228118
0.264606024	-5.898992729
0.265912721	-5.878761098
0.267219417	-5.836810919
0.268526114	-6.04538472
0.26983281	-5.960489133
0.271139507	-5.781618395
0.272446203	-5.408121739
0.273752899	-5.506272296
0.275059596	-5.562926593
0.276366292	-5.536333779
0.277672989	-5.685019547
0.278979685	-5.446610193
0.280286381	-5.563384548
0.281593078	-5.283895136
0.282899774	-5.426919983
0.284206471	-5.183467514
0.285513167	-5.242360732
0.286819864	-5.362553066
0.28812656	-5.48466516
0.289433256	-5.178914337
0.290739953	-5.128062834
0.292046649	-5.298760194
0.293353346	-5.405821
0.294660042	-5.367992946
0.295966738	-5.195223741
0.297273435	-5.24513421
0.298580131	-5.0751812
0.299886828	-5.310267047
0.301193524	-5.452476157
0.302500221	-5.431395337
0.303806917	-5.141002063
0.305113613	-5.061129313
0.30642031	-5.438504848
0.307727006	-4.926727917
0.309033703	-4.712985304
0.310340399	-4.875532109
0.311647095	-4.789312927
0.312953792	-5.011489263
0.314260488	-5.121481357
0.315567185	-5.074737655
0.316873881	-4.924020838
0.318180578	-4.796768082
0.319487274	-4.93007174
0.32079397	-5.041123664
0.322100667	-5.075875511
0.323407363	-4.841200978
0.32471406	-4.425210694
0.326020756	-4.4913597
0.327327452	-4.410539537
0.328634149	-4.304410882
0.329940845	-4.09563457
0.331247542	-3.650036519
0.332554238	-3.510166968
0.333860935	-3.695254274
0.335167631	-3.788994649
0.336474327	-3.815796057
0.337781024	-3.808407419
0.33908772	-3.634412621
0.340394417	-3.476286996
0.341701113	-3.467414529
0.343007809	-3.45506524
0.344314506	-3.227499877
0.345621202	-3.287384564
0.346927899	-3.430577728
0.348234595	-3.132543718
0.349541292	-2.738796369
0.350847988	-2.922593854
0.352154684	-2.502199733
0.353461381	-2.649998995
0.354768077	-2.421231897
0.356074774	-2.636062753
0.35738147	-2.46282665
0.358688167	-2.220563325
0.359994863	-1.880025693
0.361301559	-1.981233165
0.362608256	-1.430485376
0.363914952	-1.080659308
0.365221649	-1.216248783
0.366528345	-1.198996081
0.367835041	-1.144467625
0.369141738	-0.959200368
0.370448434	-1.083218647
0.371755131	-1.179241762
0.373061827	-0.692496349
0.374368524	-0.650452579
0.37567522	-0.204877907
0.376981916	-0.297797735
0.378288613	-0.319251174
0.379595309	-0.115104924
0.380902006	0.153275124
0.382208702	0.151085214
0.383515398	0.23671947
0.384822095	0.371286919
0.386128791	0.516801997
0.387435488	0.732662492
0.388742184	0.618260348
0.390048881	0.840171442
0.391355577	0.937380643
0.392662273	0.905239528
0.39396897	1.200265915
0.395275666	1.08824268
0.396582363	1.13103279
0.397889059	1.421421038
0.399195755	1.432028706
0.400502452	1.72674844
0.401809148	1.60513228
0.403115845	1.574886989
0.404422541	1.21081832
0.405729238	1.23900289
0.407035934	1.51036373
0.40834263	1.558993137
0.409649327	1.667125484
0.410956023	1.853143307
0.41226272	1.75492452
0.413569416	1.592756711
0.414876112	1.403648922
0.416182809	1.435487965
0.417489505	1.416242278
0.418796202	1.602736461
0.420102898	1.616347756
0.421409595	1.746096728
0.422716291	1.340362865
0.424022987	1.529969804
0.425329684	1.758716672
0.42663638	1.730206885
0.427943077	1.899681283
0.429249773	1.673176288
0.430556469	1.806948801
0.431863166	1.743961681
0.433169862	1.74216242
0.434476559	1.540926613
0.435783255	1.199048799
0.437089952	1.260541429
0.438396648	1.661084268
0.439703344	1.803444489
0.441010041	1.856110036
0.442316737	1.839646509
0.443623434	1.291076031
0.44493013	1.396203413
0.446236826	1.489290351
0.447543523	1.386200566
0.448850219	1.32951449
0.450156916	1.202977351
0.451463612	1.221600224
0.452770309	0.992913101
0.454077005	1.08245173
0.455383701	1.202748934
0.456690398	0.879583726
0.457997094	0.984902713
0.459303791	1.068748189
0.460610487	1.048373505
0.461917183	0.846670496
0.46322388	0.662974306
0.464530576	0.571392463
0.465837273	0.538288035
0.467143969	0.575527541
0.468450666	0.375607684
0.469757362	0.405288838
0.471064058	0.342254236
0.472370755	0.051552143
0.473677451	-0.003224467
0.474984148	-0.105445672
0.476290844	-0.017647221
0.47759754	-0.235790062
0.478904237	-0.320952138
0.480210933	-0.983180331
0.48151763	-1.121650944
0.482824326	-1.280453264
0.484131023	-1.778148628
0.485437719	-1.785134102
0.486744415	-1.709231604
0.488051112	-1.826509802
0.489357808	-1.867059791
0.490664505	-1.566716065
0.491971201	-1.691565902
0.493277897	-1.700296606
0.494584594	-2.229783887
0.49589129	-1.715239304
0.497197987	-1.65822964
0.498504683	-1.547778127
0.49981138	-1.74032854
0.501118076	-1.707190464
0.502424772	-1.667740142
0.503731469	-1.677364491
0.505038165	-1.74395042
0.506344862	-1.753554927
0.507651558	-1.665861261
0.508958254	-1.78449901
0.510264951	-2.110320012
0.511571647	-2.70565011
0.512878344	-2.624989551
0.51418504	-2.528546723
0.515491737	-2.68876288
0.516798433	-2.425723282
0.518105129	-2.526752955
0.519411826	-2.66333665
0.520718522	-2.568084028
0.522025219	-2.880151086
0.523331915	-2.707823617
0.524638611	-2.817007552
0.525945308	-3.193720011
0.527252004	-3.276868235
0.528558701	-3.459357762
0.529865397	-3.491807447
0.531172094	-3.448074576
0.53247879	-3.219111772
0.533785486	-3.303078313
0.535092183	-3.225709745
0.536398879	-3.414543959
0.537705576	-3.494632146
0.539012272	-3.863343304
0.540318968	-3.902437235
0.541625665	-4.048475335
0.542932361	-3.864823844
0.544239058	-3.980790232
0.545545754	-4.052434675
0.546852451	-4.309251886
0.548159147	-4.476498
0.549465843	-4.344313752
0.55077254	-4.317559799
0.552079236	-4.195549341
0.553385933	-5.001279069
0.554692629	-5.055595993
0.555999325	-5.02353835
0.557306022	-5.157655397
0.558612718	-5.170670716
0.559919415	-5.206781113
0.561226111	-5.249308889
0.562532808	-5.200817056
0.563839504	-4.622622434
0.5651462	-4.80181966
0.566452897	-4.600395266
0.567759593	-4.566544821
0.56906629	-4.700619058
0.570372986	-4.432973014
0.571679682	-4.269094956
0.572986379	-4.171092282
0.574293075	-3.770792886
0.575599772	-3.779818891
0.576906468	-3.857443048
0.578213165	-3.68580212
0.579519861	-3.53239783
0.580826557	-3.372629299
0.582133254	-3.341287589
0.58343995	-3.446141914
0.584746647	-3.29375418
0.586053343	-3.291073722
0.58736004	-3.241976996
0.588666736	-3.300250924
0.589973432	-3.297654122
0.591280129	-2.970415904
0.592586825	-3.0315698
0.593893522	-3.095840489
0.595200218	-2.869191312
0.596506914	-2.707065629
0.597813611	-2.752662892
0.599120307	-2.754332734
0.600427004	-2.784416021
0.6017337	-2.60199775
0.603040397	-2.486619523
0.604347093	-2.483782093
0.605653789	-2.139669605
0.606960486	-2.385412989
0.608267182	-2.255604777
0.609573879	-2.092428078
0.610880575	-1.976862787
0.612187271	-1.904663109
0.613493968	-1.87902696
0.614800664	-1.752527237
0.616107361	-1.578543055
0.617414057	-1.742134558
0.618720754	-1.307202701
0.62002745	-1.166044418
0.621334146	-1.131472122
0.622640843	-1.151398635
0.623947539	-1.148429202
0.625254236	-1.23599009
0.626560932	-1.126395523
0.627867628	-0.949886254
0.629174325	-0.733172022
0.630481021	-0.776889434
0.631787718	-0.938488216
0.633094414	-0.697278192
0.634401111	-0.725552987
0.635707807	-0.617785666
0.637014503	-0.755793928
0.6383212	-0.708380797
0.639627896	-0.408572305
0.640934593	-0.373296038
0.642241289	-0.330349449
0.643547985	-0.315938657
0.644854682	-0.271219967
0.646161378	-0.1749423
0.647468075	-0.0445247
0.648774771	-0.132736217
0.650081468	0.114382083
0.651388164	0.346640599
0.65269486	0.34201059
0.654001557	0.258372722
0.655308253	0.120637418
0.65661495	0.499976777
0.657921646	0.59171191
0.659228342	0.663351131
0.660535039	0.91925066
0.661841735	0.919843939
0.663148432	1.069839581
0.664455128	1.259112347
0.665761825	1.100427065
0.667068521	1.286727529
0.668375217	1.623266227
0.669681914	1.521332816
0.67098861	1.725417706
0.672295307	1.918591911
0.673602003	1.959864538
0.674908699	2.152623046
0.676215396	1.970824851
0.677522092	2.150817972
0.678828789	2.378593359
0.680135485	2.390009855
0.681442182	2.496629405
0.682748878	2.403334458
0.684055574	2.540294459
0.685362271	2.585790854
0.686668967	2.411458937
0.687975664	2.664227343
0.68928236	3.018619194
0.690589056	3.183871779
0.691895753	3.114897807
0.693202449	3.095649081
0.694509146	3.073891713
0.695815842	3.349848506
0.697122539	3.327103146
0.698429235	3.276296762
0.699735931	3.3343602
0.701042628	3.297554574
0.702349324	3.428147295
0.703656021	3.398397026
0.704962717	3.493574922
0.706269413	3.861230712
0.70757611	3.786072002
0.708882806	3.619948961
0.710189503	3.500394159
0.711496199	3.610039704
0.712802896	3.870577044
0.714109592	4.005827079
0.715416288	3.824141662
0.716722985	3.805818033
0.718029681	3.884305454
0.719336378	3.95558957
0.720643074	3.992166984
0.72194977	3.872581203
0.723256467	4.298770316
0.724563163	4.179458333
0.72586986	4.147571593
0.727176556	4.145290533
0.728483253	3.90735103
0.729789949	4.280380531
0.731096645	4.32815361
0.732403342	4.377838392
0.733710038	4.300026094
0.735016735	4.193281857
0.736323431	4.121571218
0.737630127	3.996195859
0.738936824	3.994357392
0.74024352	3.757046569
0.741550217	3.608763879
0.742856913	3.568361354
0.74416361	3.692335532
0.745470306	3.737536481
0.746777002	3.379994669
0.748083699	2.887318047
0.749390395	2.983752502
0.750697092	2.392303225
0.752003788	1.89208917
0.753310484	2.227658256
0.754617181	1.894340092
0.755923877	1.962198795
0.757230574	1.886078584
0.75853727	2.26193701
0.759843967	2.479501908
0.761150663	2.22180512
0.762457359	2.055476596
0.763764056	2.018116444
0.765070752	1.795859437
0.766377449	1.806669374
0.767684145	1.676040246
0.768990841	1.963280148
0.770297538	2.004664607
0.771604234	2.279218434
0.772910931	2.077535485
0.774217627	2.281411731
0.775524324	2.273633164
0.77683102	2.264890479
0.778137716	2.330640578
0.779444413	2.454498336
0.780751109	2.626357005
0.782057806	2.392097394
0.783364502	2.288791989
0.784671198	2.325480231
0.785977895	2.760410172
0.787284591	2.837077382
0.788591288	2.822965565
0.789897984	2.677994986
0.791204681	2.568210646
0.792511377	2.45505815
0.793818073	2.664580893
0.79512477	2.735551256
0.796431466	2.750549539
0.797738163	2.910792357
0.799044859	2.917591844
0.800351555	2.840636157
0.801658252	2.738661472
0.802964948	2.695334699
0.804271645	2.953409754
0.805578341	2.980933472
0.806885038	2.786492269
0.808191734	2.811420301
0.80949843	2.894304013
0.810805127	2.927086498
0.812111823	2.999840931
0.81341852	3.026873675
0.814725216	2.89789582
0.816031912	3.002547209
0.817338609	2.854822299
0.818645305	2.901952964
0.819952002	2.788594697
0.821258698	2.666882728
0.822565395	2.659391956
0.823872091	2.566139536
0.825178787	2.833433074
0.826485484	2.899364096
0.82779218	2.426854918
0.829098877	2.534036073
0.830405573	2.500557996
0.83171227	2.489679096
0.833018966	2.515414282
0.834325662	2.474081837
0.835632359	2.487805733
0.836939055	2.407514262
0.838245752	2.14648247
0.839552448	2.188319773
0.840859144	2.172047371
0.842165841	2.166330222
0.843472537	2.373242844
0.844779234	2.023864126
0.84608593	2.046618455
0.847392627	2.023840812
0.848699323	2.047031632
0.850006019	1.935600049
0.851312716	1.865080646
0.852619412	1.911255709
0.853926109	2.072119234
0.855232805	2.239749313
0.856539501	2.087255802
0.857846198	2.105747196
0.859152894	2.08430478
0.860459591	2.221009875
0.861766287	1.999209143
0.863072984	1.869948776
0.86437968	2.014750272
0.865686376	1.801164118
0.866993073	2.072920805
0.868299769	2.116826146
0.869606466	2.239623641
0.870913162	2.341985886
0.872219858	2.108453605
0.873526555	1.983257915
0.874833251	2.094253034
0.876139948	1.867897957
0.877446644	2.166401233
0.878753341	2.026667526
0.880060037	2.120882423
0.881366733	2.29532355
0.88267343	2.044960865
0.883980126	1.990682157
0.885286823	2.059224777
0.886593519	2.071660781
0.887900215	2.093384008
0.889206912	2.182284882
0.890513608	2.176724048
0.891820305	2.360774556
0.893127001	2.251685983
0.894433698	2.397074385
0.895740394	2.435123959
0.89704709	2.51551809
0.898353787	2.430230415
0.899660483	2.376659424
0.90096718	2.469637501
0.902273876	2.504092322
0.903580572	2.402544108
0.904887269	2.333720565
0.906193965	2.38987207
0.907500662	2.552117499
0.908807358	2.525849959
0.910114055	2.530677945
0.911420751	2.189580263
0.912727447	2.2940489
0.914034144	2.052156244
0.91534084	2.012843641
0.916647537	1.988854452
0.917954233	1.692220233
0.919260929	1.654936651
0.920567626	1.730945921
0.921874322	1.531871993
0.923181019	1.470891839
0.924487715	1.141935884
0.925794412	1.070072945
0.927101108	1.067403806
0.928407804	1.16037204
0.929714501	1.288702928
0.931021197	1.231136914
0.932327894	0.885427767
0.93363459	0.953610689
0.934941286	0.721723505
0.936247983	0.767583877
0.937554679	0.9033452
0.938861376	0.811695036
0.940168072	0.767417365
0.941474769	0.485061205
0.942781465	0.305755
0.944088161	0.409216044
0.945394858	0.259496779
0.946701554	0.320159879
0.948008251	0.226162269
0.949314947	0.239231932
0.950621643	0.152705894
0.95192834	0.026934393
0.953235036	-0.260704309
0.954541733	-0.10051031
0.955848429	0.208739753
0.957155126	0.168966111
0.958461822	0.300623682
0.959768518	0.064094763
0.961075215	0.007065728
0.962381911	0.288546208
0.963688608	0.021229101
0.964995304	0.378001252
0.966302	0.491966467
0.967608697	0.466390707
0.968915393	0.522893576
0.97022209	0.083663323
0.971528786	0.110103904
0.972835483	-0.066637318
0.974142179	0.078460292
0.975448875	0.076788757
0.976755572	0.018528925
0.978062268	0.023851775
0.979368965	0.121359335
0.980675661	0.165911643
0.981982357	0.174232543
0.983289054	0.077215163
0.98459575	0.04719252
0.985902447	0.065541602
0.987209143	0.017868302
0.98851584	-0.193433379
0.989822536	-0.223735621
0.991129232	-0.033454628
0.992435929	0.001394676
0.993742625	-0.040057489
0.995049322	0.047800491
0.996356018	-0.075481567
0.997662714	-0.23100013
0.998969411	-0.046273119
1.000276107	0.010461875
1.001582804	0.040808141
1.0028895	-0.127320878
1.004196197	-0.311177209
1.005502893	-0.292292277
1.006809589	-0.420490596
1.008116286	-0.157133983
1.009422982	-0.058424767
1.010729679	-0.05299988
1.012036375	-0.2008702
1.013343071	-0.192949249
1.014649768	-0.024938029
1.015956464	0.005038708
1.017263161	0.036111535
1.018569857	0.011311958
1.019876554	0.072295575
1.02118325	0.150137066
1.022489946	0.202256913
1.023796643	0.232035884
1.025103339	0.078042056
1.026410036	-0.021386032
1.027716732	0.025430381
1.029023428	0.258684992
1.030330125	0.210683385
1.031636821	0.046135486
1.032943518	-0.066510452
1.034250214	-0.287715772
1.035556911	-0.006556998
1.036863607	-0.028787
1.038170303	-0.146187876
1.039477	-0.004077115
1.040783696	-0.000616839
1.042090393	-0.038956674
1.043397089	-0.252173464
1.044703785	-0.170177597
1.046010482	0.098941429
1.047317178	0.135765487
1.048623875	0.124221003
1.049930571	-0.217626548
1.051237268	-0.224308283
1.052543964	-0.172137594
1.05385066	-0.0689045
1.055157357	0.026432703
1.056464053	-0.014266114
1.05777075	-0.060739607
1.059077446	-0.085114033
1.060384143	-0.250221163
1.061690839	-0.077708552
1.062997535	-0.207384983
1.064304232	-0.350860337
1.065610928	-0.310619324
1.066917625	-0.113608806
1.068224321	-0.103150833
1.069531017	-0.186147873
1.070837714	-0.058255538
1.07214441	0.008572273
1.073451107	-0.024722966
1.074757803	0.007257123
1.0760645	0.045784475
1.077371196	-0.131080818
1.078677892	-0.134026943
1.079984589	-0.157742813
1.081291285	0.147001914
1.082597982	0.004989967
1.083904678	0.175995214
1.085211374	0.175091667
1.086518071	0.278339657
1.087824767	0.178855721
1.089131464	0.24080258
1.09043816	0.140053685
1.091744857	0.095227874
1.093051553	0.192673332
1.094358249	0.279499087
1.095664946	0.595974583
1.096971642	0.57998569
1.098278339	0.471314855
1.099585035	0.587587928
1.100891731	0.443492457
1.102198428	0.294520384
1.103505124	0.204085472
1.104811821	0.395106243
1.106118517	0.785995519
1.107425214	0.695398695
1.10873191	0.456890316
1.110038606	0.47272872
1.111345303	0.551161961
1.112651999	0.539318337
1.113958696	0.67525679
1.115265392	0.726959352
1.116572088	0.909098407
1.117878785	0.894046251
1.119185481	1.198946283
1.120492178	1.280476708
1.121798874	1.258903852
1.123105571	0.880787666
1.124412267	0.778907196
1.125718963	0.576329433
1.12702566	0.847184056
1.128332356	0.816583882
1.129639053	0.838190105
1.130945749	0.811715627
1.132252445	0.935383794
1.133559142	0.695158356
1.134865838	0.765905505
1.136172535	1.174235617
1.137479231	1.23455944
1.138785928	1.232774839
1.140092624	0.962248687
1.14139932	1.004844719
1.142706017	0.905443114
1.144012713	1.063716544
1.14531941	1.13887387
1.146626106	1.130534316
1.147932802	0.978870885
1.149239499	1.117717032
1.150546195	1.261326286
1.151852892	1.223239146
1.153159588	1.371692843
1.154466285	1.34390181
1.155772981	1.434399985
1.157079677	1.613092694
1.158386374	1.489409533
1.15969307	1.328623818
1.160999767	1.28352783
1.162306463	1.376790446
1.163613159	1.467082698
1.164919856	1.531511441
1.166226552	1.546335691
1.167533249	1.446266746
1.168839945	1.339663108
1.170146642	1.336193396
1.171453338	1.798678769
1.172760034	1.734779997
1.174066731	1.792713479
1.175373427	1.710968817
1.176680124	1.569821702
1.17798682	1.828526323
1.179293516	1.994816842
1.180600213	2.069467104
1.181906909	1.956452945
1.183213606	2.16593795
1.184520302	2.03555421
1.185826999	1.995032929
1.187133695	1.95142466
1.188440391	2.266993517
1.189747088	2.267776728
1.191053784	2.156529406
1.192360481	2.008627039
1.193667177	2.10968105
1.194973873	2.199577382
1.19628057	2.430156798
1.197587266	2.360219781
1.198893963	2.230167143
1.200200659	2.482164688
1.201507356	2.295167622
1.202814052	2.146646436
1.204120748	2.385034032
1.205427445	2.380250378
1.206734141	2.337001965
1.208040838	2.438503584
1.209347534	2.317320247
1.21065423	2.437840139
1.211960927	2.491219807
1.213267623	2.694769832
1.21457432	2.833810798
1.215881016	2.698377532
1.217187713	2.578871609
1.218494409	2.496089723
1.219801105	2.366447459
1.221107802	2.447066312
1.222414498	2.381032893
1.223721195	2.51885814
1.225027891	2.74510063
1.226334587	2.646964522
1.227641284	2.542443174
1.22894798	2.569511274
1.230254677	2.445630425
1.231561373	2.515947934
1.23286807	2.626132289
1.234174766	2.775982299
1.235481462	2.885041856
1.236788159	2.683405286
1.238094855	2.709274989
1.239401552	2.579160111
1.240708248	2.551131259
1.242014944	2.655579823
1.243321641	2.489138679
1.244628337	2.508546475
1.245935034	2.668599605
1.24724173	2.76414002
1.248548427	2.668640576
1.249855123	2.752266494
1.251161819	2.794711604
1.252468516	2.661438747
1.253775212	2.695117063
1.255081909	2.834481329
1.256388605	2.925858253
1.257695301	2.748439959
1.259001998	2.578647523
1.260308694	2.491693851
1.261615391	2.571566057
1.262922087	2.521153058
1.264228784	2.608386106
1.26553548	2.508568922
1.266842176	2.486787138
1.268148873	2.29454948
1.269455569	2.160951806
1.270762266	2.31459322
1.272068962	2.350485345
1.273375658	2.521946099
1.274682355	2.58837446
1.275989051	2.52394911
1.277295748	2.453797201
1.278602444	2.636513549
1.279909141	2.789102784
1.281215837	2.639045815
1.282522533	2.607853314
1.28382923	2.635168918
1.285135926	2.552589988
1.286442623	2.626176949
1.287749319	2.543779506
1.289056016	2.160361887
1.290362712	2.269662735
1.291669408	2.285344108
1.292976105	2.340952933
1.294282801	2.513548971
1.295589498	2.244028521
1.296896194	2.378102903
1.29820289	2.392874935
1.299509587	2.13183714
1.300816283	2.249190961
1.30212298	2.319822151
1.303429676	2.541268001
1.304736373	2.53647018
1.306043069	2.507732234
1.307349765	2.332068204
1.308656462	2.218765076
1.309963158	2.022084341
1.311269855	1.904455245
1.312576551	2.165875443
1.313883247	1.473309411
1.315189944	1.531172766
1.31649664	1.92584901
1.317803337	1.953001888
1.319110033	1.948062825
1.32041673	1.860073746
1.321723426	2.013465975
1.323030122	1.870733326
1.324336819	1.873622979
1.325643515	1.756281947
1.326950212	1.756471334
1.328256908	1.818802674
1.329563604	2.023367181
1.330870301	1.614546869
1.332176997	1.495808749
1.333483694	1.623884244
1.33479039	1.41724271
1.336097087	1.521907394
1.337403783	1.526917003
1.338710479	1.600853912
1.340017176	1.461479468
1.341323872	1.55708587
1.342630569	1.594297587
1.343937265	1.68603064
1.345243961	1.341198071
1.346550658	1.38879341
1.347857354	1.351538399
1.349164051	1.369523641
1.350470747	1.511425029
1.351777444	1.824737144
1.35308414	1.852706507
1.354390836	1.775924144
1.355697533	1.451982681
1.357004229	1.383471354
1.358310926	1.267196594
1.359617622	1.416964634
1.360924318	1.55189064
1.362231015	1.562055951
1.363537711	1.461404434
1.364844408	1.506264991
1.366151104	1.488765387
1.367457801	1.552812764
1.368764497	1.328655045
1.370071193	1.382761996
1.37137789	1.444485977
1.372684586	1.574508896
1.373991283	1.400994903
1.375297979	1.215290943
1.376604675	1.050399488
1.377911372	1.050701856
1.379218068	0.886945368
1.380524765	1.075730323
1.381831461	0.830261018
1.383138158	0.761290864
1.384444854	0.992151217
1.38575155	1.069285869
1.387058247	1.427615886
1.388364943	1.529644338
1.38967164	1.734887519
1.390978336	1.891597704
1.392285032	1.594020771
1.393591729	1.26575139
1.394898425	1.293534253
1.396205122	0.977740248
1.397511818	0.568117046
1.398818515	0.902766088
1.400125211	0.9079082
1.401431907	0.870449773
1.402738604	1.07749552
1.4040453	1.330633133
1.405351997	1.63137827
1.406658693	1.695489264
1.407965389	1.256660076
1.409272086	1.068804817
1.410578782	1.309537018
1.411885479	1.407274516
1.413192175	1.640188477
1.414498872	1.375094574
1.415805568	1.510916693
1.417112264	1.368448084
1.418418961	1.327173251
1.419725657	1.448987808
1.421032354	1.084156053
1.42233905	1.015317897
1.423645746	0.969812544
1.424952443	0.720250091
1.426259139	0.920172436
1.427565836	1.061059263
1.428872532	1.21021945
1.430179229	1.263368831
1.431485925	1.605955616
1.432792621	1.776857075
1.434099318	1.563973533
1.435406014	1.078959662
1.436712711	1.232640151
1.438019407	1.200974668
1.439326103	1.191113457
1.4406328	1.280878016
1.441939496	0.908227536
1.443246193	0.941438194
1.444552889	1.102449235
1.445859586	0.966733169
1.447166282	0.615074703
1.448472978	0.506021595
1.449779675	0.778873874
1.451086371	0.815215477
1.452393068	0.669261683
1.453699764	0.720971253
1.45500646	0.756235742
1.456313157	0.263576049
1.457619853	0.921496732
1.45892655	0.6690161
1.460233246	1.018467975
1.461539943	1.001038977
1.462846639	0.564676095
1.464153335	0.712885857
1.465460032	0.346270435
1.466766728	0.261508463
1.468073425	0.443493992
1.469380121	0.654329247
1.470686817	0.87034628
1.471993514	0.906676956
1.47330021	1.089581209
1.474606907	0.995071193
1.475913603	0.812872479
1.4772203	0.604947496
1.478526996	0.60713866
1.479833692	0.800060583
1.481140389	0.633779841
1.482447085	1.145501732
1.483753782	1.00361419
1.485060478	1.220335068
1.486367174	1.080928925
1.487673871	1.027405272
1.488980567	1.053746402
1.490287264	0.618643943
1.49159396	0.589366189
1.492900657	0.695363759
1.494207353	1.071179758
1.495514049	0.810455446
1.496820746	0.599735913
1.498127442	1.108117538
1.499434139	1.043810071
1.500740835	1.115633225
1.502047531	1.167675782
1.503354228	1.021467443
1.504660924	1.147427458
1.505967621	0.947627275
1.507274317	0.829092728
1.508581014	0.359071097
1.50988771	0.592484891
1.511194406	0.768461577
1.512501103	0.672857972
1.513807799	0.706109809
1.515114496	0.615952836
1.516421192	0.738737633
1.517727888	0.710633309
1.519034585	0.479423729
1.520341281	0.736597829
1.521647978	0.688910284
1.522954674	0.58546588
1.524261371	0.471539367
1.525568067	0.418344374
1.526874763	0.4288934
1.52818146	0.514995638
1.529488156	0.523447964
1.530794853	0.177866096
1.532101549	0.670845741
1.533408246	0.780740669
1.534714942	0.565596369
1.536021638	0.611110625
1.537328335	0.635541679
1.538635031	0.326530316
1.539941728	0.140275769
1.541248424	0.115271339
1.54255512	-0.2424783
1.543861817	-0.418372236
1.545168513	-0.051082967
1.54647521	0.088311089
1.547781906	-0.129750229
1.549088603	-0.134585392
1.550395299	-0.4209859
1.551701995	-0.875753233
1.553008692	-0.684977282
1.554315388	-0.249575501
1.555622085	-0.751375682
1.556928781	-0.933078252
1.558235477	-1.127895774
1.559542174	-0.976720287
1.56084887	-0.72443979
1.562155567	-0.761168322
1.563462263	-0.694896979
1.56476896	-0.706629327
1.566075656	-0.620504903
1.567382352	-0.624534154
1.568689049	-0.578051132
1.569995745	-0.552516645
1.571302442	-0.519266847
1.572609138	-0.624528385
1.573915834	-0.97139554
1.575222531	-1.160969729
1.576529227	-0.953841513
1.577835924	-0.662103863
1.57914262	-0.864327485
1.580449317	-0.988821449
1.581756013	-1.289131157
1.583062709	-1.459190914
1.584369406	-1.279601968
1.585676102	-1.075166979
1.586982799	-0.935950162
1.588289495	-0.855556852
1.589596191	-1.052064493
1.590902888	-1.108160944
1.592209584	-1.197964316
1.593516281	-1.162109022
1.594822977	-1.017577821
1.596129674	-1.421587877
1.59743637	-1.504080041
1.598743066	-1.343413769
1.600049763	-1.168674823
1.601356459	-1.227227502
1.602663156	-0.979099512
1.603969852	-1.066675373
1.605276548	-1.241145424
1.606583245	-1.46934984
1.607889941	-1.390690291
1.609196638	-0.987248538
1.610503334	-1.11867025
1.611810031	-1.302490152
1.613116727	-1.230554612
1.614423423	-1.249675934
1.61573012	-1.384093367
1.617036816	-1.335083664
1.618343513	-1.596785134
1.619650209	-1.243637584
1.620956905	-0.925997927
1.622263602	-1.83229982
1.623570298	-2.060873463
1.624876995	-2.205840309
1.626183691	-1.595787818
1.627490388	-1.882490924
1.628797084	-2.028482119
1.63010378	-1.688045186
1.631410477	-1.749959095
1.632717173	-1.937061822
1.63402387	-1.975061106
1.635330566	-1.941864065
1.636637262	-1.69021629
1.637943959	-1.701862311
1.639250655	-2.153883824
1.640557352	-2.36884354
1.641864048	-2.479730796
1.643170745	-2.724237012
1.644477441	-2.335991027
1.645784137	-2.211296869
1.647090834	-2.422665421
1.64839753	-2.058893465
1.649704227	-2.245083291
1.651010923	-2.129327486
1.652317619	-2.272374229
1.653624316	-2.07659155
1.654931012	-1.89936669
1.656237709	-1.770825931
1.657544405	-1.558651456
1.658851102	-1.705331964
1.660157798	-1.762545911
1.661464494	-1.727138035
1.662771191	-1.593740528
1.664077887	-1.170605365
1.665384584	-0.925041373
1.66669128	-1.053107898
1.667997976	-1.236600279
1.669304673	-1.143190238
1.670611369	-1.577015932
1.671918066	-1.33530605
1.673224762	-1.236721075
1.674531459	-1.065937367
1.675838155	-0.832331012
1.677144851	-1.038993994
1.678451548	-0.745633376
1.679758244	-0.753191261
1.681064941	-0.960809795
1.682371637	-1.281878461
1.683678333	-1.382636298
1.68498503	-0.352743227
1.686291726	-0.435375878
1.687598423	-0.359454103
1.688905119	-1.225891913
1.690211816	-1.069153557
1.691518512	-0.831318688
1.692825208	-0.573173907
1.694131905	-0.244231246
1.695438601	-0.598492694
1.696745298	-0.353487507
1.698051994	-0.26564929
1.69935869	0.186828569
1.700665387	0.234394937
1.701972083	0.331812542
1.70327878	0.445040969
1.704585476	0.575537837
1.705892173	0.767503297
1.707198869	0.880495258
1.708505565	1.148544375
1.709812262	0.502876228
1.711118958	0.506363217
1.712425655	0.697361966
1.713732351	0.958003364
1.715039047	0.515706485
1.716345744	0.554641515
1.71765244	0.486499375
1.718959137	0.668592516
1.720265833	1.003016285
1.72157253	1.114656999
1.722879226	1.174202999
1.724185922	1.232174899
1.725492619	1.34383049
1.726799315	1.263050099
1.728106012	1.124266132
1.729412708	1.134701357
1.730719404	1.050442283
1.732026101	1.263172024
1.733332797	1.318963955
1.734639494	1.598854642
1.73594619	1.452837251
1.737252887	1.596860175
1.738559583	1.650766375
1.739866279	1.883577966
1.741172976	2.156664776
1.742479672	2.094906773
1.743786369	2.157307584
1.745093065	2.350545279
1.746399761	2.004511377
1.747706458	2.116729976
1.749013154	2.293551258
1.750319851	2.420951446
1.751626547	2.373512462
1.752933244	2.290518045
1.75423994	2.52783007
1.755546636	2.336139803
1.756853333	2.708594353
1.758160029	2.330866921
1.759466726	2.476948237
1.760773422	2.903887266
1.762080119	3.031479451
1.763386815	3.20090457
1.764693511	3.046632993
1.766000208	3.177220604
1.767306904	3.198539309
1.768613601	3.451690098
1.769920297	3.288823942
1.771226993	3.160884453
1.77253369	3.222052246
1.773840386	3.400684726
1.775147083	3.400754289
1.776453779	3.315765759
1.777760476	3.367660557
1.779067172	3.24197676
1.780373868	3.317704851
1.781680565	3.44863044
1.782987261	3.410366466
1.784293958	3.701595235
1.785600654	3.748120868
1.78690735	3.777091445
1.788214047	4.062810404
1.789520743	3.879924138
1.79082744	3.968220354
1.792134136	4.175960865
1.793440833	4.006418666
1.794747529	3.87446574
1.796054225	3.901076002
1.797360922	3.921885702
1.798667618	3.956896149
1.799974315	3.991961605
1.801281011	4.047934748
1.802587707	3.834778418
1.803894404	3.950055476
1.8052011	4.1271344
1.806507797	4.255132703
1.807814493	4.204386917
1.80912119	3.881825394
1.810427886	4.253706422
1.811734582	4.475239807
1.813041279	4.7381534
1.814347975	4.358773431
1.815654672	4.564868312
1.816961368	4.422141004
1.818268064	4.486572141
1.819574761	4.46058111
1.820881457	4.199313901
1.822188154	4.20201947
1.82349485	4.266245249
1.824801547	4.32082668
1.826108243	4.261600804
1.827414939	4.420758137
1.828721636	4.068579647
1.830028332	4.285753652
1.831335029	4.650577033
1.832641725	4.926467387
1.833948421	4.722855668
1.835255118	4.350084617
1.836561814	4.454200294
1.837868511	4.052236444
1.839175207	4.186343923
1.840481904	4.470986222
1.8417886	4.085306403
1.843095296	4.133416022
1.844401993	4.301912069
1.845708689	4.437904314
1.847015386	4.570992294
1.848322082	4.552628106
1.849628778	4.737639013
1.850935475	4.52824874
1.852242171	3.77469405
1.853548868	3.846085254
1.854855564	4.085399363
1.856162261	4.240198751
1.857468957	4.098796422
1.858775653	3.683653719
1.86008235	4.114759185
1.861389046	3.82077314
1.862695743	3.181125895
1.864002439	3.139606877
1.865309135	3.393764837
1.866615832	3.436735326
1.867922528	3.382596824
1.869229225	2.991864317
1.870535921	2.99101411
1.871842618	3.160316031
1.873149314	3.310456505
1.87445601	3.502889941
1.875762707	2.959865533
1.877069403	2.849956958
1.8783761	2.893455985
1.879682796	2.262841043
1.880989492	2.460781047
1.882296189	2.217571024
1.883602885	2.156331738
1.884909582	2.327909063
1.886216278	2.290483918
1.887522975	2.17730814
1.888829671	2.008228075
1.890136367	1.545666854
1.891443064	1.566690901
1.89274976	1.378375975
1.894056457	1.227093786
1.895363153	1.329747211
1.896669849	1.028691477
1.897976546	0.89770863
1.899283242	0.742867863
1.900589939	0.197295376
1.901896635	0.494907048
1.903203332	0.530169535
1.904510028	0.183356962
1.905816724	0.311004036
1.907123421	0.410429585
1.908430117	0.099060204
1.909736814	0.158168399
1.91104351	0.1710288
1.912350206	0.079094275
1.913656903	-0.138019598
1.914963599	-0.276963679
1.916270296	-0.1103307
1.917576992	-0.330374626
1.918883689	-0.61577381
1.920190385	-0.522348349
1.921497081	-0.326443509
1.922803778	-0.24765513
1.924110474	-0.482808537
1.925417171	-0.673293071
1.926723867	-0.898876723
1.928030563	-1.40646763
1.92933726	-1.18348349
1.930643956	-1.059466286
1.931950653	-1.241469485
1.933257349	-1.343948077
1.934564046	-1.357710807
1.935870742	-1.433238105
1.937177438	-1.567885929
1.938484135	-2.116265243
1.939790831	-2.015956587
1.941097528	-2.060560779
1.942404224	-2.373076121
1.94371092	-2.014100693
1.945017617	-1.921515365
1.946324313	-2.10631588
1.94763101	-2.260699513
1.948937706	-2.683551003
1.950244403	-2.692451612
1.951551099	-2.472112836
1.952857795	-2.430933801
1.954164492	-2.287485461
1.955471188	-2.89589311
1.956777885	-2.77906115
1.958084581	-2.790112284
1.959391277	-2.905202574
1.960697974	-2.701893084
1.96200467	-2.862529485
1.963311367	-3.134524609
1.964618063	-3.044280974
1.96592476	-3.381659536
1.967231456	-3.393495692
1.968538152	-3.518500663
1.969844849	-3.470056647
1.971151545	-3.456426677
1.972458242	-3.762853011
1.973764938	-4.054310886
1.975071634	-4.005182847
1.976378331	-4.46110814
1.977685027	-4.622899335
1.978991724	-4.664755766
1.98029842	-4.60229357
1.981605117	-4.333755698
1.982911813	-4.451340074
1.984218509	-4.652687749
1.985525206	-4.298372075
1.986831902	-3.976106915
1.988138599	-3.798567613
1.989445295	-3.817687852
1.990751992	-3.96935611
1.992058688	-3.861185101
1.993365384	-3.88375694
1.994672081	-3.861866156
1.995978777	-4.183436972
1.997285474	-4.016420029
1.99859217	-3.673079234
1.999898866	-3.474492919
2.001205563	-3.85602531
2.002512259	-3.606194014
2.003818956	-3.573725458
2.005125652	-3.447772976
2.006432349	-3.682164871
2.007739045	-3.752110131
2.009045741	-3.457975728
2.010352438	-3.572502692
2.011659134	-3.845168058
2.012965831	-3.788092388
2.014272527	-3.972810113
2.015579223	-4.023862854
2.01688592	-3.903628596
2.018192616	-4.294924225
2.019499313	-4.036934782
2.020806009	-3.994101849
2.022112706	-3.453272444
2.023419402	-3.788712898
2.024726098	-3.544038996
2.026032795	-3.578257631
2.027339491	-3.729351968
2.028646188	-3.963330084
2.029952884	-3.777761819
2.03125958	-3.746204578
2.032566277	-3.650141305
2.033872973	-3.562464963
2.03517967	-3.556500629
2.036486366	-3.820099866
2.037793063	-3.56654666
2.039099759	-3.496083145
2.040406455	-3.495239014
2.041713152	-3.313486667
2.043019848	-3.102001026
2.044326545	-3.084897013
2.045633241	-3.407446947
2.046939937	-3.362084112
2.048246634	-2.941272261
2.04955333	-3.108571131
2.050860027	-3.081608965
2.052166723	-3.282708188
2.05347342	-3.024909792
2.054780116	-3.126982811
2.056086812	-3.296126476
2.057393509	-2.964210104
2.058700205	-2.893962109
2.060006902	-3.068719108
2.061313598	-3.054646518
2.062620294	-3.13497402
2.063926991	-3.198585805
2.065233687	-3.405189943
2.066540384	-2.883225082
2.06784708	-2.941775025
2.069153777	-3.084692771
2.070460473	-3.138287705
2.071767169	-2.926306425
2.073073866	-3.009706131
2.074380562	-2.765608781
2.075687259	-2.604969933
2.076993955	-2.74335217
2.078300651	-3.001635243
2.079607348	-3.076506539
2.080914044	-2.568035937
2.082220741	-2.677952006
2.083527437	-2.505517887
2.084834134	-2.572891232
2.08614083	-2.569735214
2.087447526	-2.551332555
2.088754223	-2.75205916
2.090060919	-2.697480106
2.091367616	-3.104111669
2.092674312	-2.74395024
2.093981008	-2.950275167
2.095287705	-2.992443802
2.096594401	-3.37396183
2.097901098	-3.232052825
2.099207794	-3.317320401
2.100514491	-3.430666758
2.101821187	-3.254968384
2.103127883	-3.382382639
2.10443458	-3.340211184
2.105741276	-3.30791847
2.107047973	-3.443753333
2.108354669	-3.373524532
2.109661365	-3.340658259
2.110968062	-3.251168181
2.112274758	-2.960027281
2.113581455	-2.806595859
2.114888151	-2.988485537
2.116194848	-2.779076918
2.117501544	-3.041642911
2.11880824	-2.900520266
2.120114937	-3.099065746
2.121421633	-2.938250149
2.12272833	-3.165479271
2.124035026	-3.139075515
2.125341722	-2.735295778
2.126648419	-2.520787941
2.127955115	-2.45455104
2.129261812	-2.343656081
2.130568508	-2.34618502
2.131875205	-2.20740948
2.133181901	-1.797226575
2.134488597	-1.834097505
2.135795294	-1.936683593
2.13710199	-1.828776748
2.138408687	-2.00101713
2.139715383	-1.962124718
2.141022079	-2.587310207
2.142328776	-2.117743342
2.143635472	-1.751024052
2.144942169	-1.576856685
2.146248865	-1.312260769
2.147555562	-1.399285885
2.148862258	-1.318241152
2.150168954	-1.087291972
2.151475651	-1.065756302
2.152782347	-0.844812724
2.154089044	-0.580629246
2.15539574	-0.536383196
2.156702436	-0.530377937
2.158009133	-0.617150254
2.159315829	-0.296707177
2.160622526	-0.170262605
2.161929222	-0.349978726
2.163235919	-0.415114627
2.164542615	0.034393392
2.165849311	-0.052130986
2.167156008	-0.14543714
2.168462704	0.283904649
2.169769401	0.218791539
2.171076097	0.304667545
2.172382793	0.416816503
2.17368949	0.392554738
2.174996186	0.446495899
2.176302883	0.600661352
2.177609579	0.929597786
2.178916276	0.973337073
2.180222972	0.824599664
2.181529668	0.765283801
2.182836365	1.245564274
2.184143061	1.19941601
2.185449758	1.306956818
2.186756454	1.330674525
2.18806315	1.150708702
2.189369847	1.610550158
2.190676543	1.6059028
2.19198324	1.649405031
2.193289936	1.708406504
2.194596633	1.78186782
2.195903329	2.102423708
2.197210025	2.258673857
2.198516722	2.210586535
2.199823418	2.112255424
2.201130115	1.782419405
2.202436811	2.058243728
2.203743507	2.291114913
2.205050204	2.432423751
2.2063569	2.657240452
2.207663597	2.797882281
2.208970293	2.921826838
2.21027699	2.960885743
2.211583686	2.781502778
2.212890382	3.256999106
2.214197079	3.266350104
2.215503775	3.07279889
2.216810472	2.619155722
2.218117168	2.759467956
2.219423865	3.213723422
2.220730561	3.203307754
2.222037257	2.720840504
2.223343954	2.525484151
2.22465065	2.736625174
2.225957347	3.342740399
2.227264043	3.576325777
2.228570739	3.411237191
2.229877436	3.399883379
2.231184132	3.285615732
2.232490829	3.324125478
2.233797525	3.70118961
2.235104222	3.745544481
2.236410918	3.303229708
2.237717614	2.861959344
2.239024311	3.038476014
2.240331007	2.721190926
2.241637704	2.829271432
2.2429444	2.920120042
2.244251096	2.84382453
2.245557793	2.686124138
2.246864489	2.363623577
2.248171186	2.812851936
2.249477882	2.820117493
2.250784579	2.680318108
2.252091275	2.48177703
2.253397971	2.457729237
2.254704668	2.411811253
2.256011364	2.546683989
2.257318061	2.295295268
2.258624757	2.512555186
2.259931453	1.890064009
2.26123815	2.294003095
2.262544846	2.134861476
2.263851543	2.007907484
2.265158239	1.83960089
2.266464936	1.87820222
2.267771632	1.968224507
2.269078328	1.966076309
2.270385025	2.115642863
2.271691721	1.611436515
2.272998418	1.47835093
2.274305114	1.81151148
2.27561181	1.589981717
2.276918507	1.41267452
2.278225203	1.328108171
2.2795319	1.633840227
2.280838596	1.825547651
2.282145293	1.343615611
2.283451989	1.2803146
2.284758685	1.061551471
2.286065382	1.329944949
2.287372078	1.337727914
2.288678775	1.329696199
2.289985471	1.300112173
2.291292167	1.31600008
2.292598864	0.923296872
2.29390556	0.689778149
2.295212257	0.512930782
2.296518953	0.549963789
2.29782565	0.561233635
2.299132346	0.340375873
2.300439042	0.00608859
2.301745739	0.284279303
2.303052435	0.475569227
2.304359132	0.538903861
2.305665828	0.286154457
2.306972524	0.178638335
2.308279221	0.190373072
2.309585917	-0.312606795
2.310892614	-0.409149849
2.31219931	-0.517101051
2.313506007	-0.735083824
2.314812703	-0.609141873
2.316119399	-0.779406292
2.317426096	-0.947381298
2.318732792	-0.939086601
2.320039489	-0.904450897
2.321346185	-1.448020105
2.322652881	-1.464305368
2.323959578	-1.518646826
2.325266274	-1.329058261
2.326572971	-1.429179072
2.327879667	-1.482890163
2.329186364	-1.282538821
2.33049306	-1.615146578
2.331799756	-1.791101564
2.333106453	-2.193519522
2.334413149	-2.317031771
2.335719846	-2.153764773
2.337026542	-2.338839538
2.338333238	-2.358494408
2.339639935	-2.255732719
2.340946631	-2.245635737
2.342253328	-1.990532502
2.343560024	-2.262076101
2.344866721	-2.270885861
2.346173417	-2.341417115
2.347480113	-2.185684362
2.34878681	-2.547928712
2.350093506	-2.534246523
2.351400203	-2.675071991
2.352706899	-2.37832603
2.354013595	-2.376942789
2.355320292	-2.762471969
2.356626988	-2.635332024
2.357933685	-2.525437556
2.359240381	-2.444523894
2.360547078	-2.607842014
2.361853774	-2.443766045
2.36316047	-2.317036724
2.364467167	-2.236183463
2.365773863	-2.630486046
2.36708056	-2.575775473
2.368387256	-2.530694461
2.369693952	-2.515784007
2.371000649	-2.21293965
2.372307345	-2.404736007
2.373614042	-2.019023121
2.374920738	-2.155105232
2.376227435	-2.001413167
2.377534131	-2.223787776
2.378840827	-2.162295068
2.380147524	-2.408097383
2.38145422	-2.227210027
2.382760917	-2.073655391
2.384067613	-2.213129207
2.385374309	-2.110873781
2.386681006	-2.361827916
2.387987702	-2.304922359
2.389294399	-2.397636273
2.390601095	-2.358189231
2.391907792	-2.135857846
2.393214488	-2.670468911
2.394521184	-3.22842395
2.395827881	-3.412316929
2.397134577	-3.330221847
2.398441274	-2.993599375
2.39974797	-3.23118349
2.401054666	-3.575358999
2.402361363	-2.999411332
2.403668059	-2.631201243
2.404974756	-2.611915517
2.406281452	-2.764620626
2.407588149	-3.209890206
2.408894845	-3.323760798
2.410201541	-3.340547456
2.411508238	-3.393866329
2.412814934	-3.401411485
2.414121631	-3.946465591
2.415428327	-3.800900065
2.416735023	-3.839251272
2.41804172	-3.69704293
2.419348416	-3.827233302
2.420655113	-4.164528607
2.421961809	-4.233728635
2.423268506	-4.355193132
2.424575202	-4.167827588
2.425881898	-4.183318866
2.427188595	-4.156839879
2.428495291	-4.181823365
2.429801988	-4.080875517
2.431108684	-3.993109685
2.43241538	-4.055064639
2.433722077	-4.262424815
2.435028773	-4.698912268
2.43633547	-4.276259901
2.437642166	-4.22464024
2.438948863	-4.09842333
2.440255559	-4.539095067
2.441562255	-3.593658395
2.442868952	-3.693880344
2.444175648	-3.577754439
2.445482345	-3.721520915
2.446789041	-3.836038534
2.448095737	-3.671454151
2.449402434	-3.810862466
2.45070913	-3.894817327
2.452015827	-3.951683819
2.453322523	-3.788239544
2.45462922	-3.754220906
2.455935916	-3.822146971
2.457242612	-3.86036248
2.458549309	-4.022927258
2.459856005	-4.207739881
2.461162702	-3.996610453
2.462469398	-3.582542495
2.463776095	-3.831389548
2.465082791	-3.935854136
2.466389487	-3.613945356
2.467696184	-3.341063155
2.46900288	-3.401647323
2.470309577	-3.392351117
2.471616273	-3.121670921
2.472922969	-3.574899601
2.474229666	-3.569073559
2.475536362	-3.497969342
2.476843059	-3.08569283
2.478149755	-3.10844221
2.479456452	-2.917718703
2.480763148	-2.456975022
2.482069844	-2.756348074
2.483376541	-3.135155763
2.484683237	-3.088042768
2.485989934	-3.12055769
2.48729663	-2.635683113
2.488603326	-2.553529926
2.489910023	-2.598693152
2.491216719	-2.951811416
2.492523416	-3.364109019
2.493830112	-2.690686271
2.495136809	-2.553848253
2.496443505	-2.253843065
2.497750201	-2.384748678
2.499056898	-2.222408244
2.500363594	-2.232644911
2.501670291	-2.086485079
2.502976987	-1.880201609
2.504283683	-1.60598788
2.50559038	-1.476070048
2.506897076	-1.228006453
2.508203773	-1.587412968
2.509510469	-1.541641718
2.510817166	-1.165986694
2.512123862	-1.283218828
2.513430558	-0.77845094
2.514737255	-1.180922647
2.516043951	-1.270080494
2.517350648	-0.948615686
2.518657344	-0.60877291
2.51996404	-0.577584332
2.521270737	-0.840819997
2.522577433	-1.013433326
2.52388413	-1.050965286
2.525190826	-0.759095376
2.526497523	-0.676190529
2.527804219	-0.536351121
2.529110915	-0.641229209
2.530417612	-0.561577978
2.531724308	-0.845512173
2.533031005	-0.675244434
2.534337701	-0.671038284
2.535644397	-0.000584017
2.536951094	0.176782106
2.53825779	0.104646596
2.539564487	0.08798229
2.540871183	-0.025464266
2.54217788	0.144729483
2.543484576	0.239826327
2.544791272	0.337112648
2.546097969	0.599234566
2.547404665	0.670624346
2.548711362	0.626591805
2.550018058	0.690234108
2.551324754	0.594845513
2.552631451	0.549955802
2.553938147	0.949763148
2.555244844	1.20745447
2.55655154	1.062512513
2.557858237	0.878090844
2.559164933	1.386219654
2.560471629	1.706166554
2.561778326	1.43960717
2.563085022	1.711842639
2.564391719	1.72738092
2.565698415	1.81908392
2.567005111	1.47727927
2.568311808	1.693564595
2.569618504	1.825144389
2.570925201	2.038152488
2.572231897	1.990805893
2.573538594	1.857167595
2.57484529	2.117706582
2.576151986	2.01822671
2.577458683	2.217476639
2.578765379	2.319105484
2.580072076	2.010319013
2.581378772	1.763244947
2.582685468	2.441349944
2.583992165	2.46021269
2.585298861	2.201298379
2.586605558	2.446833492
2.587912254	1.850403655
2.589218951	1.598099313
2.590525647	1.954005417
2.591832343	2.043453382
2.59313904	2.001810793
2.594445736	2.06901957
2.595752433	2.099622073
2.597059129	2.163769163
2.598365825	2.481105252
2.599672522	2.413242743
2.600979218	2.526478331
2.602285915	2.330285427
2.603592611	2.368861199
2.604899308	2.094921163
2.606206004	2.479340934
2.6075127	2.20699581
2.608819397	1.82855034
2.610126093	1.934697676
2.61143279	1.81096767
2.612739486	2.31616353
2.614046182	2.109800258
2.615352879	1.867649954
2.616659575	1.729828938
2.617966272	1.807878885
2.619272968	1.800009825
2.620579665	1.614527794
2.621886361	1.525120211
2.623193057	1.681822023
2.624499754	1.76689787
2.62580645	1.559693642
2.627113147	1.642276581
2.628419843	1.363488324
2.629726539	0.535537544
2.631033236	0.396172339
2.632339932	0.262355298
2.633646629	0.104745371
2.634953325	-0.053781194
2.636260022	0.12318181
2.637566718	-0.244799793
2.638873414	-0.326315133
2.640180111	-0.539167947
2.641486807	-0.417255691
2.642793504	-0.623269852
2.6441002	-0.738345467
2.645406896	-0.606462636
2.646713593	-0.763788824
2.648020289	-0.878365152
2.649326986	-1.106416994
2.650633682	-1.319394579
2.651940379	-1.359226268
2.653247075	-1.857701391
2.654553771	-1.403077428
2.655860468	-1.417775036
2.657167164	-1.376819921
2.658473861	-1.54169038
2.659780557	-1.748043135
2.661087253	-2.404148954
2.66239395	-2.1161311
2.663700646	-2.250620961
2.665007343	-2.202750284
2.666314039	-2.110734456
2.667620736	-2.245619171
2.668927432	-2.645064132
2.670234128	-2.679705727
2.671540825	-2.836066385
2.672847521	-2.721278641
2.674154218	-3.053745917
2.675460914	-2.953066027
2.67676761	-3.229050301
2.678074307	-3.031471826
2.679381003	-3.058674508
2.6806877	-3.140446303
2.681994396	-2.616216471
2.683301093	-2.800678587
2.684607789	-2.400061615
2.685914485	-2.616315309
2.687221182	-2.73839841
2.688527878	-2.336956244
2.689834575	-2.43903165
2.691141271	-2.756186739
2.692447968	-2.83644899
2.693754664	-2.995157902
2.69506136	-2.881034837
2.696368057	-2.702044891
2.697674753	-3.238438347
2.69898145	-3.555492678
2.700288146	-3.458184577
2.701594842	-3.846514055
2.702901539	-3.848375008
2.704208235	-3.989148409
2.705514932	-4.405472485
2.706821628	-4.398994593
2.708128325	-4.249891566
2.709435021	-4.589177211
2.710741717	-4.759138908
2.712048414	-4.724903351
2.71335511	-4.495875107
2.714661807	-4.616347084
2.715968503	-4.951613259
2.717275199	-4.939226309
2.718581896	-5.342986231
2.719888592	-5.559310908
2.721195289	-5.586995028
2.722501985	-6.135299124
2.723808682	-6.152165375
2.725115378	-6.165965106
2.726422074	-5.765377791
2.727728771	-6.150352972
2.729035467	-6.277267323
2.730342164	-5.885620881
2.73164886	-5.973412245
2.732955556	-6.213285793
2.734262253	-6.397358606
2.735568949	-6.385194463
2.736875646	-6.168848775
2.738182342	-6.190689427
2.739489039	-6.130088664
2.740795735	-5.778259932
2.742102431	-5.938003883
2.743409128	-5.982302656
2.744715824	-5.869056537
2.746022521	-5.903840478
2.747329217	-5.601385184
2.748635913	-6.229562717
2.74994261	-5.828121384
2.751249306	-5.691823534
2.752556003	-5.996643781
2.753862699	-5.452507918
2.755169396	-5.373541069
2.756476092	-5.587125208
2.757782788	-5.291365939
2.759089485	-5.07362503
2.760396181	-5.119404132
2.761702878	-5.363201182
2.763009574	-5.44805098
2.76431627	-5.508123033
2.765622967	-5.638183271
2.766929663	-5.555866367
2.76823636	-5.411415712
2.769543056	-5.302955215
2.770849753	-5.438363055
2.772156449	-4.971034499
2.773463145	-5.05265572
2.774769842	-5.259828288
2.776076538	-5.124065501
2.777383235	-5.152596672
2.778689931	-4.456849858
2.779996627	-4.530151072
2.781303324	-4.430137449
2.78261002	-4.351412982
2.783916717	-4.428879812
2.785223413	-4.414374806
2.78653011	-4.353272282
2.787836806	-4.254889016
2.789143502	-4.280416299
2.790450199	-4.183954048
2.791756895	-4.244168111
2.793063592	-4.457007348
2.794370288	-3.844644131
2.795676984	-3.763450549
2.796983681	-3.547036809
2.798290377	-3.63964085
2.799597074	-3.00334248
2.80090377	-3.551280924
2.802210467	-3.372666754
2.803517163	-3.309906631
2.804823859	-3.186247128
2.806130556	-2.673285573
2.807437252	-2.619954291
2.808743949	-2.769419687
2.810050645	-2.463807377
2.811357341	-2.495197718
2.812664038	-2.41618627
2.813970734	-2.404550885
2.815277431	-2.471490043
2.816584127	-2.076238282
2.817890824	-1.924011023
2.81919752	-2.233696166
2.820504216	-2.303269737
2.821810913	-2.361335563
2.823117609	-1.937907783
2.824424306	-1.441875061
2.825731002	-1.762882937
2.827037698	-1.179192351
2.828344395	-0.948047932
2.829651091	-1.018566173
2.830957788	-1.10073327
2.832264484	-1.255598926
2.833571181	-1.107401928
2.834877877	-0.641897495
2.836184573	-0.637996614
2.83749127	-0.05479582
2.838797966	0.165488794
2.840104663	0.178676288
2.841411359	-0.09244116
2.842718055	-0.100817041
2.844024752	0.060284829
2.845331448	0.061339869
2.846638145	-0.273125457
2.847944841	0.612258593
2.849251538	0.933713309
2.850558234	0.858368541
2.85186493	1.638824593
2.853171627	1.440118705
2.854478323	1.492851488
2.85578502	1.798421362
2.857091716	1.939002731
2.858398412	2.125799729
2.859705109	2.039487631
2.861011805	2.140811312
2.862318502	2.312550951
2.863625198	2.028648468
2.864931895	2.384179593
2.866238591	2.624969669
2.867545287	2.453833625
2.868851984	2.590328178
2.87015868	2.319705764
2.871465377	2.765376309
2.872772073	3.103570675
2.874078769	3.031576645
2.875385466	3.210538638
2.876692162	3.421632277
2.877998859	3.349887556
2.879305555	3.332393411
2.880612252	3.264972472
2.881918948	3.291043748
2.883225644	4.119275079
2.884532341	3.94685691
2.885839037	4.230020212
2.887145734	4.11928563
2.88845243	4.244979813
2.889759126	4.612423152
2.891065823	4.699962616
2.892372519	4.498592652
2.893679216	4.813142553
2.894985912	4.870569752
2.896292609	5.165347925
2.897599305	5.32056666
2.898906001	5.209277224
2.900212698	5.115477622
2.901519394	5.085758633
2.902826091	4.859629957
2.904132787	4.904875961
2.905439483	4.782628771
2.90674618	5.04790363
2.908052876	4.849668823
2.909359573	4.972540755
2.910666269	4.435362574
2.911972966	4.433671019
2.913279662	4.106772637
2.914586358	3.529373705
2.915893055	3.518632044
2.917199751	3.228719055
2.918506448	3.316843056
2.919813144	3.305891537
2.921119841	3.204987095
2.922426537	3.105661647
2.923733233	3.145354362
2.92503993	2.962149553
2.926346626	2.892892963
2.927653323	2.86578874
2.928960019	2.995724608
2.930266715	2.602988897
2.931573412	2.576357467
2.932880108	2.430476325
2.934186805	2.46319524
2.935493501	2.393392471
2.936800198	2.246083777
2.938106894	2.370408341
2.93941359	2.424187734
2.940720287	2.241012296
2.942026983	2.304173127
2.94333368	2.255030286
2.944640376	2.159726192
2.945947072	2.056693391
2.947253769	2.052220884
2.948560465	2.229237683
2.949867162	2.153434302
2.951173858	1.987124354
2.952480555	1.788935296
2.953787251	1.89229844
2.955093947	1.959256508
2.956400644	1.983803897
2.95770734	1.92772177
2.959014037	1.451485008
2.960320733	1.570956796
2.961627429	1.171674172
2.962934126	1.562291474
2.964240822	1.592875374
2.965547519	1.571871453
2.966854215	1.163864923
2.968160912	1.24122141
2.969467608	1.297659318
2.970774304	1.378216484
2.972081001	1.293714224
2.973387697	1.012102384
2.974694394	0.891581158
2.97600109	1.189984907
2.977307786	1.330085958
2.978614483	1.438424609
2.979921179	1.277344261
2.981227876	1.18526435
2.982534572	1.117749887
2.983841269	0.737275736
2.985147965	0.685671541
2.986454661	0.76733689
2.987761358	0.69583136
2.989068054	0.811618833
2.990374751	1.29429352
2.991681447	1.431598028
2.992988143	1.210548217
2.99429484	0.648798453
2.995601536	0.567290108
2.996908233	0.433864065
2.998214929	0.2886327
2.999521626	0.18393486
3.000828322	0.091521898
3.002135018	0.233306781
3.003441715	0.122935231
3.004748411	0.65450091
3.006055108	0.545644645
3.007361804	0.422362902
3.0086685	0.307923308
3.009975197	0.386833448
3.011281893	0.315478668
3.01258859	0.155499629
3.013895286	0.049814551
3.015201983	0.042940556
3.016508679	0.157733765
3.017815375	0.310166337
3.019122072	0.276666285
3.020428768	0.300121664
3.021735465	-0.042797061
3.023042161	-0.275394948
3.024348857	-0.232385608
3.025655554	-0.069298484
3.02696225	0.339551429
3.028268947	0.116771747
3.029575643	0.282437542
3.03088234	0.007585948
3.032189036	-0.418553197
3.033495732	-0.34186686
3.034802429	-0.200958004
3.036109125	-0.113787333
3.037415822	-0.03061296
3.038722518	-0.157029269
3.040029214	-0.046214654
3.041335911	-0.053442152
3.042642607	-0.375947572
3.043949304	-0.35870084
3.045256	-0.273198692
3.046562697	-0.411963682
3.047869393	-0.505485378
3.049176089	-0.348452253
3.050482786	-0.095785213
3.051789482	-0.048651924
3.053096179	-0.615097997
3.054402875	-0.662843667
3.055709571	-0.473465755
3.057016268	-0.150544298
3.058322964	-0.248288469
3.059629661	-0.233750319
3.060936357	-0.484097852
3.062243054	-0.286250791
3.06354975	-0.453089777
3.064856446	-0.457908648
3.066163143	-0.68439863
3.067469839	-0.566998475
3.068776536	-0.636875096
3.070083232	-0.025992269
3.071389928	0.193342492
3.072696625	0.147969683
3.074003321	-0.579008033
3.075310018	-0.14556522
3.076616714	0.082850277
3.077923411	-0.141325205
3.079230107	-0.031176632
3.080536803	0.027703968
3.0818435	0.152398086
3.083150196	0.149208564
3.084456893	-0.082735386
3.085763589	-0.005866526
3.087070285	0.296316573
3.088376982	0.390947923
3.089683678	0.434921289
3.090990375	0.313790015
3.092297071	0.243620408
3.093603768	0.381912783
3.094910464	0.883456457
3.09621716	0.793426854
3.097523857	0.903844305
3.098830553	1.050984932
3.10013725	1.085744063
3.101443946	1.109799099
3.102750642	1.08778941
3.104057339	1.062560466
3.105364035	1.018757529
3.106670732	0.93874914
3.107977428	1.009257866
3.109284125	1.055101381
3.110590821	1.04697523
3.111897517	1.068344539
3.113204214	1.095040073
3.11451091	1.218342498
3.115817607	1.403176111
3.117124303	1.280285997
3.118430999	1.236114981
3.119737696	1.217409935
3.121044392	1.356067356
3.122351089	1.331565277
3.123657785	1.478441135
3.124964482	1.284023318
3.126271178	1.588986776
3.127577874	1.561231401
3.128884571	1.454558726
3.130191267	1.246933002
3.131497964	1.084632381
3.13280466	1.216519831
3.134111356	1.21882989
3.135418053	1.103515128
3.136724749	1.343744904
3.138031446	1.397124809
3.139338142	1.32873664
3.140644839	1.420055671
3.141951535	1.356921978
3.143258231	1.369362432
3.144564928	1.209475197
3.145871624	1.240305769
3.147178321	1.409250209
3.148485017	1.555879771
3.149791714	1.404044546
3.15109841	1.558790049
3.152405106	1.570853356
3.153711803	0.935470456
3.155018499	0.918843507
3.156325196	0.768810403
3.157631892	0.492109245
3.158938588	0.373922843
3.160245285	0.216851265
3.161551981	0.159094696
3.162858678	0.251707655
3.164165374	0.132682338
3.165472071	0.031532157
3.166778767	-0.024675216
3.168085463	-0.20231866
3.16939216	-0.290951917
3.170698856	-0.464880624
3.172005553	-0.47242004
3.173312249	-0.503776704
3.174618945	-0.604126634
3.175925642	-0.827408516
3.177232338	-0.912195341
3.178539035	-0.934825365
3.179845731	-0.995960527
3.181152428	-1.002287091
3.182459124	-1.154497821
3.18376582	-1.089063726
3.185072517	-0.858855333
3.186379213	-0.819909489
3.18768591	-1.151845816
3.188992606	-1.488134738
3.190299302	-1.41687433
3.191605999	-1.362633878
3.192912695	-1.381284816
3.194219392	-1.351313781
3.195526088	-1.429329757
3.196832785	-1.536325653
3.198139481	-1.364215424
3.199446177	-1.285468122
3.200752874	-1.065895957
3.20205957	-1.260899388
3.203366267	-1.266699164
3.204672963	-1.469749328
3.205979659	-1.217199124
3.207286356	-1.100218366
3.208593052	-1.154136587
3.209899749	-1.245263448
3.211206445	-1.344699798
3.212513142	-0.791234975
3.213819838	-0.540789197
3.215126534	-0.799283881
3.216433231	-1.257150019
3.217739927	-1.15169183
3.219046624	-1.314654792
3.22035332	-0.755272974
3.221660016	-1.160578403
3.222966713	-1.222109256
3.224273409	-1.371923753
3.225580106	-1.315534763
3.226886802	-1.234966586
3.228193499	-1.173435301
3.229500195	-0.990333353
3.230806891	-1.093884033
3.232113588	-1.309572037
3.233420284	-1.131930753
3.234726981	-0.893902048
3.236033677	-0.87046764
3.237340373	-0.926752803
3.23864707	-1.036089983
3.239953766	-0.671407287
3.241260463	-0.589157977
3.242567159	-0.698794697
3.243873856	-0.935881441
3.245180552	-1.036176704
3.246487248	-0.889121886
3.247793945	-0.646415691
3.249100641	-0.578517421
3.250407338	-0.645749327
3.251714034	-0.71487443
3.25302073	-0.830976287
3.254327427	-0.869551783
3.255634123	-1.01598245
3.25694082	-0.75416086
3.258247516	-0.378646626
3.259554213	-0.469981594
3.260860909	-0.94006614
3.262167605	-0.997901424
3.263474302	-0.907356687
3.264780998	-0.941529343
3.266087695	-0.703769785
3.267394391	-0.93644651
3.268701087	-1.080450254
3.270007784	-0.978486214
3.27131448	-0.845792271
3.272621177	-1.013517112
3.273927873	-1.138000277
3.27523457	-1.124280922
3.276541266	-1.146126462
3.277847962	-1.056156965
3.279154659	-0.972194945
3.280461355	-0.930590604
3.281768052	-1.073045751
3.283074748	-1.055944822
3.284381444	-1.153102795
3.285688141	-1.178799641
3.286994837	-1.11937831
3.288301534	-1.24193536
3.28960823	-1.019077679
3.290914927	-1.004566721
3.292221623	-0.801669734
3.293528319	-0.930026579
3.294835016	-1.143728141
3.296141712	-1.153078812
3.297448409	-1.170603021
3.298755105	-1.181083989
3.300061801	-1.177565549
3.301368498	-1.119588805
3.302675194	-1.308806569
3.303981891	-1.311650449
3.305288587	-1.622097747
3.306595284	-1.13831859
3.30790198	-1.423289761
3.309208676	-1.277059728
3.310515373	-1.234615418
3.311822069	-1.386569149
3.313128766	-1.347194359
3.314435462	-1.55674289
3.315742158	-1.487085571
3.317048855	-1.124672268
3.318355551	-1.295453442
3.319662248	-1.402838021
3.320968944	-1.450774278
3.322275641	-1.616878695
3.323582337	-1.483237466
3.324889033	-1.434793634
3.32619573	-1.46458116
3.327502426	-1.702236708
3.328809123	-1.948563542
3.330115819	-1.759328153
3.331422515	-1.819731543
3.332729212	-1.78059771
3.334035908	-2.102659118
3.335342605	-2.31729892
3.336649301	-2.225511234
3.337955998	-1.870170867
3.339262694	-1.904353406
3.34056939	-2.218901298
3.341876087	-2.667322689
3.343182783	-2.612268574
3.34448948	-2.36791738
3.345796176	-2.461741327
3.347102872	-2.472901164
3.348409569	-2.814253949
3.349716265	-2.911716108
3.351022962	-2.665627959
3.352329658	-2.501871846
3.353636355	-2.515200866
3.354943051	-2.987024781
3.356249747	-3.407676165
3.357556444	-3.402118546
3.35886314	-3.636338504
3.360169837	-3.616184282
3.361476533	-3.424043785
3.362783229	-3.295501306
3.364089926	-3.347845088
3.365396622	-3.736455541
3.366703319	-3.74145666
3.368010015	-3.797777237
3.369316712	-3.682737711
3.370623408	-3.635534775
3.371930104	-3.626631763
3.373236801	-3.758088787
3.374543497	-3.833376673
3.375850194	-3.789752872
3.37715689	-3.702095441
3.378463586	-3.763620978
3.379770283	-3.858513771
3.381076979	-3.799483805
3.382383676	-3.950132084
3.383690372	-3.92220072
3.384997069	-4.038618107
3.386303765	-3.90901257
3.387610461	-3.922965617
3.388917158	-3.939559042
3.390223854	-3.820686825
3.391530551	-3.834146333
3.392837247	-3.89707044
3.394143944	-3.975396304
3.39545064	-4.09524266
3.396757336	-3.969042889
3.398064033	-3.887756307
3.399370729	-3.973121956
3.400677426	-3.755072981
3.401984122	-3.798822283
3.403290818	-3.546593322
3.404597515	-3.343002326
3.405904211	-3.524892018
3.407210908	-3.318972749
3.408517604	-3.488171616
3.409824301	-3.402045736
3.411130997	-3.2333827
3.412437693	-3.429612276
3.41374439	-3.305558912
3.415051086	-3.061092933
3.416357783	-3.073953912
3.417664479	-3.06596372
3.418971175	-3.132652867
3.420277872	-3.056312908
3.421584568	-2.866348555
3.422891265	-2.816370834
3.424197961	-2.807310741
3.425504658	-2.69821579
3.426811354	-2.510167811
3.42811805	-2.561194731
3.429424747	-2.569985993
3.430731443	-2.598358402
3.43203814	-2.248283516
3.433344836	-2.373491503
3.434651532	-1.802071825
3.435958229	-1.999092427
3.437264925	-1.939223615
3.438571622	-1.369007097
3.439878318	-1.308526565
3.441185015	-1.252523297
3.442491711	-1.170779928
3.443798407	-1.097498229
3.445105104	-1.269408677
3.4464118	-1.27199307
3.447718497	-1.165415581
3.449025193	-0.757948077
3.450331889	-0.557701041
3.451638586	-0.612322071
3.452945282	-0.458540301
3.454251979	-0.291574481
3.455558675	-0.006133538
3.456865372	-0.263230786
3.458172068	-0.063983291
3.459478764	0.166277943
3.460785461	0.250923729
3.462092157	0.3121852
3.463398854	0.528805533
3.46470555	0.434968267
3.466012246	0.834538167
3.467318943	0.777395369
3.468625639	0.968557403
3.469932336	1.021007256
3.471239032	1.259975533
3.472545729	1.399047988
3.473852425	1.487758307
3.475159121	1.375554557
3.476465818	1.608081175
3.477772514	1.751266543
3.479079211	1.687048855
3.480385907	2.285789202
3.481692603	2.343047362
3.4829993	2.225702859
3.484305996	2.199810975
3.485612693	2.36466377
3.486919389	2.572928996
3.488226086	2.597192416
3.489532782	2.559827231
3.490839478	2.719351184
3.492146175	2.736808904
3.493452871	2.72589325
3.494759568	2.847049199
3.496066264	2.814618209
3.49737296	3.181702342
3.498679657	3.141889322
3.499986353	3.175639196
3.50129305	3.672892505
3.502599746	3.600034731
3.503906443	3.757022415
3.505213139	3.661645179
3.506519835	3.516939158
3.507826532	3.370100622
3.509133228	3.579485785
3.510439925	3.69675698
3.511746621	4.03712909
3.513053317	4.091611515
3.514360014	4.043942645
3.51566671	3.862144693
3.516973407	3.795462102
3.518280103	4.330605704
3.5195868	4.33837196
3.520893496	4.360815883
3.522200192	4.384993724
3.523506889	4.239048972
3.524813585	4.567296922
3.526120282	4.593946175
3.527426978	4.495598723
3.528733674	4.648582841
3.530040371	4.726044429
3.531347067	4.679869375
3.532653764	4.717853244
3.53396046	4.811420105
3.535267157	4.888198505
3.536573853	4.854608261
3.537880549	4.826176567
3.539187246	4.963307214
3.540493942	5.083106305
3.541800639	5.034161557
3.543107335	4.713564127
3.544414031	4.635398962
3.545720728	4.87436128
3.547027424	4.756664715
3.548334121	4.5471899
3.549640817	4.486755006
3.550947514	4.429754167
3.55225421	4.266971681
3.553560906	4.086132106
3.554867603	4.030744114
3.556174299	3.270941116
3.557480996	3.053710247
3.558787692	3.084207538
3.560094388	3.022519846
3.561401085	2.911342564
3.562707781	2.87975222
3.564014478	3.154706679
3.565321174	2.921623449
3.566627871	2.870690547
3.567934567	2.728976177
3.569241263	2.872595432
3.57054796	2.972233018
3.571854656	2.965578818
3.573161353	2.83494074
3.574468049	2.874435539
3.575774745	2.736158701
3.577081442	2.763283967
3.578388138	2.720763502
3.579694835	2.764569352
3.581001531	2.639911705
3.582308228	2.545528843
3.583614924	2.599082819
3.58492162	2.640525495
3.586228317	2.733401065
3.587535013	2.523643211
3.58884171	2.262610823
3.590148406	2.299990266
3.591455102	2.222889426
3.592761799	2.384316144
3.594068495	2.260261592
3.595375192	2.328548163
3.596681888	2.264788738
3.597988585	1.870853262
3.599295281	1.742067648
3.600601977	1.76059218
3.601908674	1.440256113
3.60321537	1.552936578
3.604522067	1.350229451
3.605828763	1.170071004
3.607135459	1.337622315
3.608442156	1.311350622
3.609748852	1.36775538
3.611055549	1.353045015
3.612362245	1.267795208
3.613668942	1.52692762
3.614975638	1.482529691
3.616282334	1.595095613
3.617589031	1.637469495
3.618895727	1.702794258
3.620202424	1.770737825
3.62150912	1.659174579
3.622815817	1.70653641
3.624122513	1.838852405
3.625429209	1.875151729
3.626735906	1.884226587
3.628042602	1.615525629
3.629349299	2.074939628
3.630655995	2.538797791
3.631962691	2.202346706
3.633269388	2.062905056
3.634576084	2.094010562
3.635882781	2.345144574
3.637189477	2.394421099
3.638496174	2.742619914
3.63980287	2.441458685
3.641109566	2.542701815
3.642416263	2.438887055
3.643722959	2.532235861
3.645029656	2.456893814
3.646336352	2.364318074
3.647643048	2.398041208
3.648949745	2.537214479
3.650256441	1.918466751
3.651563138	1.88323309
3.652869834	1.883307096
3.654176531	1.767154193
3.655483227	2.00067841
3.656789923	1.697125181
3.65809662	1.609416686
3.659403316	1.662892766
3.660710013	0.817044553
3.662016709	1.040248166
3.663323405	0.82561341
3.664630102	0.997836902
3.665936798	0.814604081
3.667243495	0.956511426
3.668550191	0.93016819
3.669856888	0.985920888
3.671163584	0.768585654
3.67247028	0.855514581
3.673776977	0.716540166
3.675083673	0.462713668
3.67639037	0.577784696
3.677697066	0.661444828
3.679003762	0.72106428
3.680310459	0.664239901
3.681617155	0.624691342
3.682923852	0.455510933
3.684230548	0.929156583
3.685537245	0.849721256
3.686843941	1.059958862
3.688150637	0.604577758
3.689457334	0.499072796
3.69076403	0.464769199
3.692070727	0.116195923
3.693377423	0.341478603
3.694684119	0.272606477
3.695990816	0.145621443
3.697297512	0.20483555
3.698604209	0.099919243
3.699910905	-0.094544395
3.701217602	-0.241779973
3.702524298	-0.618050034
3.703830994	-0.61604014
3.705137691	-0.723191072
3.706444387	-0.815376003
3.707751084	-1.127489625
3.70905778	-0.952308433
3.710364476	-1.027640938
3.711671173	-1.09997743
3.712977869	-1.369552763
3.714284566	-1.214267237
3.715591262	-1.455642881
3.716897959	-1.606197248
3.718204655	-1.810344376
3.719511351	-1.999691094
3.720818048	-1.837922193
3.722124744	-1.713968532
3.723431441	-2.085729099
3.724738137	-2.129876275
3.726044833	-2.299169285
3.72735153	-2.311745738
3.728658226	-2.121709592
3.729964923	-2.406626915
3.731271619	-2.330808239
3.732578316	-2.32430847
3.733885012	-2.330436395
3.735191708	-2.305024488
3.736498405	-2.254110805
3.737805101	-2.072566579
3.739111798	-1.971377749
3.740418494	-2.448457152
3.74172519	-2.375787098
3.743031887	-2.638313038
3.744338583	-3.058587951
3.74564528	-3.027847703
3.746951976	-3.322097467
3.748258673	-3.414429627
3.749565369	-3.269963065
3.750872065	-3.166163122
3.752178762	-3.252868043
3.753485458	-3.158538234
3.754792155	-3.195942684
3.756098851	-3.308709955
3.757405547	-3.745155589
3.758712244	-3.888736923
3.76001894	-4.092938534
3.761325637	-4.084749318
3.762632333	-3.936275529
3.76393903	-3.906104766
3.765245726	-4.010994
3.766552422	-3.916520371
3.767859119	-4.111646941
3.769165815	-4.122959729
3.770472512	-4.121951421
3.771779208	-4.250488802
3.773085904	-4.440677963
3.774392601	-4.016036235
3.775699297	-4.023108922
3.777005994	-3.736640053
3.77831269	-3.066561397
3.779619387	-2.831448128
3.780926083	-2.988407407
3.782232779	-3.205600938
3.783539476	-3.194762157
3.784846172	-3.074939521
3.786152869	-2.843928477
3.787459565	-2.849900631
3.788766261	-2.410965108
3.790072958	-2.321935065
3.791379654	-2.206131935
3.792686351	-2.04924084
3.793993047	-2.05458028
3.795299744	-1.934617708
3.79660644	-2.139230619
3.797913136	-2.271189135
3.799219833	-1.831172731
3.800526529	-1.697614481
3.801833226	-1.735845214
3.803139922	-1.624136762
3.804446618	-1.57902103
3.805753315	-1.691463269
3.807060011	-1.444107006
3.808366708	-1.261500968
3.809673404	-1.35681464
3.810980101	-1.44453723
3.812286797	-1.346408604
3.813593493	-1.409735422
3.81490019	-1.25448842
3.816206886	-1.403150467
3.817513583	-1.544995961
3.818820279	-1.519192703
3.820126975	-1.43266965
3.821433672	-1.285989727
3.822740368	-1.195559276
3.824047065	-1.269972959
3.825353761	-1.110464394
3.826660458	-1.014365234
3.827967154	-1.086956139
3.82927385	-0.96646048
3.830580547	-1.530756413
3.831887243	-1.243096132
3.83319394	-0.987424598
3.834500636	-1.221870799
3.835807332	-1.400727803
3.837114029	-1.494666266
3.838420725	-1.573775306
3.839727422	-1.553435919
3.841034118	-1.126140434
3.842340815	-1.109264443
3.843647511	-1.303340108
3.844954207	-1.191453582
3.846260904	-0.8595486
3.8475676	-1.108934883
3.848874297	-1.040423642
3.850180993	-1.003940561
3.85148769	-0.598251903
3.852794386	-0.525582722
3.854101082	-0.560832236
3.855407779	-0.51879758
3.856714475	-0.79898314
3.858021172	-0.472008437
3.859327868	-0.378483106
3.860634564	-0.281223549
3.861941261	-0.312313549
3.863247957	-0.320728485
3.864554654	-0.350537071
3.86586135	-0.094007685
3.867168047	-0.132410916
3.868474743	0.173699573
3.869781439	0.439003933
3.871088136	0.453271992
3.872394832	1.025670068
3.873701529	0.637972296
3.875008225	0.801220349
3.876314921	0.958113746
3.877621618	0.939082598
3.878928314	0.947643108
3.880235011	0.553774492
3.881541707	0.664898017
3.882848404	0.964195825
3.8841551	1.032561189
3.885461796	1.395134226
3.886768493	1.785266489
3.888075189	1.641666826
3.889381886	1.628835066
3.890688582	1.492568628
3.891995278	1.757801412
3.893301975	2.122164489
3.894608671	2.180834644
3.895915368	2.201431781
3.897222064	2.23528493
3.898528761	2.257938293
3.899835457	2.440104074
3.901142153	2.807624755
3.90244885	2.844754057
3.903755546	2.641888823
3.905062243	2.690237646
3.906368939	2.911667078
3.907675635	2.88247562
3.908982332	2.746844652
3.910289028	2.966979408
3.911595725	3.228899904
3.912902421	3.248791273
3.914209118	3.512839178
3.915515814	3.522706131
3.91682251	3.355137281
3.918129207	2.866938553
3.919435903	3.007118418
3.9207426	3.330828237
3.922049296	3.542263359
3.923355992	3.592442474
3.924662689	3.547597082
3.925969385	3.549885098
3.927276082	3.222187225
3.928582778	2.847058484
3.929889475	2.748313428
3.931196171	2.909726057
3.932502867	3.01720653
3.933809564	3.055766053
3.93511626	2.862525833
3.936422957	2.730539461
3.937729653	2.881920254
3.939036349	3.017508701
3.940343046	3.135490973
3.941649742	2.73240096
3.942956439	2.537414208
3.944263135	2.157302722
3.945569832	1.720355924
3.946876528	1.46946111
3.948183224	1.564616183
3.949489921	1.281791852
3.950796617	1.407015895
3.952103314	1.323094755
3.95341001	1.144967169
3.954716706	0.864884162
3.956023403	0.904439592
3.957330099	0.890220797
3.958636796	0.783254509
3.959943492	0.636878109
3.961250189	0.58408117
3.962556885	0.277954964
3.963863581	0.397671095
3.965170278	0.443441137
3.966476974	0.483993501
3.967783671	0.483286322
3.969090367	0.411382575
3.970397063	0.047206452
3.97170376	0.195095117
3.973010456	0.121939069
3.974317153	-0.430970952
3.975623849	-0.1186454
3.976930546	-0.351894923
3.978237242	-0.378825828
3.979543938	-0.484952862
3.980850635	-0.733033417
3.982157331	-0.905920794
3.983464028	-0.628975675
3.984770724	-0.343491063
3.98607742	-0.605304569
3.987384117	-0.897824662
3.988690813	-0.985031331
3.98999751	-0.965657879
3.991304206	-1.419077312
3.992610903	-1.495656199
3.993917599	-1.587564998
3.995224295	-1.359342038
3.996530992	-1.627120525
3.997837688	-1.992019151
3.999144385	-1.875164636
4.000451081	-1.599304958
4.001757777	-1.696694896
4.003064474	-1.991602928
4.00437117	-2.27759297
4.005677867	-2.224792938
4.006984563	-2.309889371
4.00829126	-2.026471962
4.009597956	-2.600533034
4.010904652	-3.012953424
4.012211349	-2.010022262
4.013518045	-1.819329383
4.014824742	-2.257340401
4.016131438	-2.336239024
4.017438134	-2.540192699
4.018744831	-2.53185401
4.020051527	-2.737041572
4.021358224	-2.729588183
4.02266492	-2.876060693
4.023971617	-2.791973265
4.025278313	-2.501348142
4.026585009	-2.693963642
4.027891706	-2.759883244
4.029198402	-2.600855399
4.030505099	-2.619472156
4.031811795	-2.043927432
4.033118491	-2.178000102
4.034425188	-2.20036199
4.035731884	-2.095253524
4.037038581	-2.467922455
4.038345277	-2.450329877
4.039651974	-2.6761627
4.04095867	-2.826532792
4.042265366	-2.383028095
4.043572063	-2.477329773
4.044878759	-2.55907555
4.046185456	-2.347366092
4.047492152	-2.328342653
4.048798848	-2.534294974
4.050105545	-2.821921384
4.051412241	-2.963494533
4.052718938	-3.051644151
4.054025634	-3.10472468
4.055332331	-3.207883658
4.056639027	-3.699681786
4.057945723	-3.814739009
4.05925242	-3.748454017
4.060559116	-3.742669826
4.061865813	-3.313544601
4.063172509	-3.272654514
4.064479205	-3.230102217
4.065785902	-3.248460328
4.067092598	-3.909126259
4.068399295	-3.951039477
4.069705991	-4.205639025
4.071012688	-4.273923892
4.072319384	-4.418196276
4.07362608	-4.229589068
4.074932777	-4.18550127
4.076239473	-4.052537537
4.07754617	-3.808985212
4.078852866	-3.838917387
4.080159562	-3.858715205
4.081466259	-4.007159105
4.082772955	-4.014958997
4.084079652	-3.535541302
4.085386348	-3.535265423
4.086693045	-4.071214986
4.087999741	-4.34872209
4.089306437	-3.622948997
4.090613134	-3.392103691
4.09191983	-3.259404505
4.093226527	-3.818564446
4.094533223	-3.401584206
4.09583992	-3.553117257
4.097146616	-3.802621683
4.098453312	-3.566280365
4.099760009	-3.315121854
4.101066705	-3.244297801
4.102373402	-3.222855991
4.103680098	-3.076228876
4.104986794	-2.508518586
4.106293491	-2.836506964
4.107600187	-2.726356514
4.108906884	-2.42298985
4.11021358	-2.491788492
4.111520277	-2.2951952
4.112826973	-2.456086738
4.114133669	-2.452343276
4.115440366	-1.598607937
4.116747062	-1.693581005
4.118053759	-1.541548842
4.119360455	-1.103570897
4.120667151	-1.198121024
4.121973848	-1.000499065
4.123280544	-0.84363469
4.124587241	-0.893150806
4.125893937	-0.858351188
4.127200634	-1.293739893
4.12850733	-0.640840349
4.129814026	-0.093084874
4.131120723	-0.140060549
4.132427419	-0.394294895
4.133734116	-0.193066633
4.135040812	-0.056954182
4.136347508	-0.091249077
4.137654205	0.181210057
4.138960901	0.204213565
4.140267598	0.603250017
4.141574294	0.503231524
4.142880991	0.759908272
4.144187687	0.846369919
4.145494383	0.954169473
4.14680108	1.386157107
4.148107776	1.269309045
4.149414473	1.059904707
4.150721169	1.199722294
4.152027865	1.57959654
4.153334562	1.892797051
4.154641258	1.825709007
4.155947955	1.87130333
4.157254651	2.125123509
4.158561348	2.281982666
4.159868044	2.368995355
4.16117474	2.617328559
4.162481437	2.466833932
4.163788133	2.987798012
4.16509483	3.074805412
4.166401526	3.122775476
4.167708222	3.249891045
4.169014919	3.258173065
4.170321615	3.435342105
4.171628312	3.338634539
4.172935008	3.478812489
4.174241705	3.691289218
4.175548401	3.946273855
4.176855097	3.780157401
4.178161794	4.097286715
4.17946849	4.264297411
4.180775187	4.619352188
4.182081883	5.000060202
4.183388579	5.219802528
4.184695276	5.382134146
4.186001972	5.442867647
4.187308669	5.403894396
4.188615365	5.714814969
4.189922062	5.671010331
4.191228758	5.645296545
4.192535454	5.4614753
4.193842151	5.263348625
4.195148847	4.904706799
4.196455544	4.588090374
4.19776224	4.31836387
4.199068936	4.521012533
4.200375633	5.04434992
4.201682329	5.315989603
4.202989026	5.332678595
4.204295722	5.323669946
4.205602419	5.332662
4.206909115	5.40249656
4.208215811	5.271038849
4.209522508	5.322548481
4.210829204	5.587390849
4.212135901	5.797210627
4.213442597	5.798541143
4.214749293	5.749578359
4.21605599	4.878558997
4.217362686	4.861268104
4.218669383	4.86487574
4.219976079	4.451071256
4.221282776	4.659787844
4.222589472	4.551899083
4.223896168	4.562776311
4.225202865	4.569687905
4.226509561	3.990859721
4.227816258	4.047498145
4.229122954	4.095493033
4.23042965	4.177623699
4.231736347	4.246605428
4.233043043	4.13218743
4.23434974	4.092377711
4.235656436	4.045544565
4.236963133	3.820471224
4.238269829	3.728682435
4.239576525	3.735584961
4.240883222	3.591347794
4.242189918	3.69681914
4.243496615	3.605262487
4.244803311	3.789235488
4.246110007	3.476364234
4.247416704	3.227471085
4.2487234	3.349398812
4.250030097	2.985101786
4.251336793	2.859216241
4.25264349	2.966816485
4.253950186	3.006199588
4.255256882	3.106649539
4.256563579	2.819095709
4.257870275	2.636825182
4.259176972	2.608169999
4.260483668	2.512599249
4.261790364	2.38405188
4.263097061	2.472865581
4.264403757	2.332508349
4.265710454	2.347071212
4.26701715	2.327173171
4.268323847	2.177032958
4.269630543	2.043296325
4.270937239	2.236106146
4.272243936	2.347867205
4.273550632	2.094105492
4.274857329	1.647160204
4.276164025	1.661683924
4.277470721	1.585416355
4.278777418	1.30944092
4.280084114	1.330872344
4.281390811	1.00056618
4.282697507	0.972068078
4.284004204	0.851278812
4.2853109	0.696468117
4.286617596	0.588826653
4.287924293	0.619662369
4.289230989	0.465973436
4.290537686	0.228229434
4.291844382	0.029409211
4.293151078	-0.267023345
4.294457775	-0.041569014
4.295764471	-0.060954139
4.297071168	-0.171981082
4.298377864	-0.26266888
4.299684561	-0.691819276
4.300991257	-0.731573068
4.302297953	-0.943738066
4.30360465	-1.111698426
4.304911346	-0.963911737
4.306218043	-0.760741995
4.307524739	-0.818339308
4.308831435	-0.935488375
4.310138132	-1.128807622
4.311444828	-1.443278728
4.312751525	-1.680589482
4.314058221	-1.336950471
4.315364918	-1.546349976
4.316671614	-1.662064398
4.31797831	-1.724992914
4.319285007	-1.724021597
4.320591703	-1.050202509
4.3218984	-1.134286722
4.323205096	-1.245502462
4.324511793	-1.216268469
4.325818489	-1.648066926
4.327125185	-1.978470134
4.328431882	-1.841731895
4.329738578	-1.718780179
4.331045275	-1.658464932
4.332351971	-1.774300497
4.333658667	-1.859632026
4.334965364	-1.757475545
4.33627206	-1.812425086
4.337578757	-1.754947853
4.338885453	-1.66208697
4.34019215	-1.686302482
4.341498846	-1.692403418
4.342805542	-1.73820203
4.344112239	-1.529781263
4.345418935	-1.506623042
4.346725632	-1.797201581
4.348032328	-1.642395777
4.349339024	-1.69766279
4.350645721	-1.902009705
4.351952417	-1.808720896
4.353259114	-1.899381992
4.35456581	-1.885421708
4.355872507	-1.827352476
4.357179203	-1.618616526
4.358485899	-1.559543915
4.359792596	-1.552827422
4.361099292	-1.881438718
4.362405989	-2.529901302
4.363712685	-2.467712754
4.365019381	-2.30676437
4.366326078	-2.380794213
4.367632774	-2.457213879
4.368939471	-2.797512129
4.370246167	-2.139101746
4.371552864	-2.313890312
4.37285956	-2.054188101
4.374166256	-2.012011309
4.375472953	-2.168051285
4.376779649	-2.262788654
4.378086346	-2.26248023
4.379393042	-2.18833434
4.380699738	-2.257841532
4.382006435	-2.274402122
4.383313131	-2.388424903
4.384619828	-2.391019572
4.385926524	-2.072713261
4.387233221	-1.9209663
4.388539917	-1.852679
4.389846613	-1.824566183
4.39115331	-1.643972965
4.392460006	-1.612260992
4.393766703	-1.406169934
4.395073399	-1.220767229
4.396380095	-1.220609837
4.397686792	-1.167214657
4.398993488	-1.124263521
4.400300185	-0.524014195
4.401606881	-0.641011217
4.402913578	-0.531561079
4.404220274	-0.270309045
4.40552697	-0.202131852
4.406833667	0.403064215
4.408140363	0.489180469
4.40944706	0.491601749
4.410753756	0.361961414
4.412060452	0.407274525
4.413367149	0.089751798
4.414673845	-0.208748663
4.415980542	0.068729359
4.417287238	-0.303834503
4.418593935	-0.247170488
4.419900631	-0.19292167
4.421207327	-0.01328542
4.422514024	0.034304506
4.42382072	0.007079329
4.425127417	-0.025646834
4.426434113	0.005170089
4.427740809	-0.27295998
4.429047506	-0.17587146
4.430354202	-0.00896898
4.431660899	-0.041787581
4.432967595	0.031383381
4.434274292	-0.124752515
4.435580988	-0.738774019
4.436887684	-0.433799706
4.438194381	-0.3326987
4.439501077	-0.244402135
4.440807774	-0.329324174
4.44211447	-0.430207067
4.443421166	-0.253622467
4.444727863	-0.212183513
4.446034559	-0.097325465
4.447341256	0.136456725
4.448647952	0.078547767
4.449954649	0.147003831
4.451261345	0.021807897
4.452568041	0.35976023
4.453874738	0.550849862
4.455181434	0.591861729
4.456488131	0.843995097
4.457794827	0.904787623
4.459101523	1.362462242
4.46040822	1.44686406
