3.52501697
3.71857965
3.91256272
4.15605743
4.65638502
4.75273394
5.07689898
5.31781096
5.68957609
5.65286007
6.03428230
5.99943874
6.13489962
6.21845959
6.34481225
6.41002766
6.48540765
6.53916416
6.78538698
6.61383374
6.64623424
6.57769299
7.34495122
7.17099711
7.34041032
7.49530543
7.62315852
7.78008153
7.94433740
8.05780276
7.98714099
8.38249203
8.54356123
8.34811916
8.15608248
8.30281669
8.53888953
8.53841819
8.48438946
8.83308696
8.76689464
8.56625506
8.72068701
8.70243954
8.49842875
9.52726540
9.64392404
9.66400158
9.61314158
9.95440913
9.90132537
9.59715928
9.45396447
9.11046573
9.41447595
9.50624931
9.48456500
9.78599735
9.68605426
9.58836837
9.50671759
9.87673721
9.92188702
10.04398703
10.04707557
10.06879724
10.14333846
9.39737664
9.46735679
10.37371288
10.37804161
10.29724039
10.04792865
9.35773157
10.13364870
