1.7786
2.0198
1.7420
2.1146
1.7408
2.0853
1.5997
1.2728
1.8192
1.5335
1.7262
2.2423
2.1251
2.2498
2.2100
2.4139
2.1514
1.7510
1.5401
1.8082
1.7583
1.7894
1.5572
1.4789
1.6522
1.1536
0.8584
0.8698
0.7855
0.9392
0.6750
0.5029
0.5289
0.5973
0.6872
0.7359
0.8068
0.7668
0.8940
0.8490
1.1949
1.0107
1.0408
1.0395
0.9356
0.7951
0.6698
0.5548
0.5415
0.5167
0.5022
0.5250
0.4558
0.4320
0.3641
0.4087
0.7724
0.8687
0.7726
0.8053
0.8348
0.8657
1.1301
0.8376
0.8538
0.7490
0.7473
0.6950
0.6312
0.9508
0.5343
0.5710
0.6996
0.7894
0.9349
0.9579
1.0631
1.1109
1.2078
1.2940
1.4139
1.4702
1.5209
1.5117
1.5092
1.5227
1.4891
1.4395
1.3391
1.2956
1.3640
1.4705
1.6234
1.8380
2.0246
2.0824
2.1703
2.0671
1.9438
1.8293
1.8251
1.8365
2.0826
1.9102
2.0098
1.8555
1.8472
1.7757
1.9357
2.3895
2.0513
2.3024
2.5121
2.1594
2.0729
1.6065
1.5920
1.1023
1.7479
1.5247
1.5575
2.1593
2.8076
2.4481
1.7331
2.2342
3.0655
2.7722
2.8133
1.7411
2.5834
2.3058
2.5113
2.3736
3.2783
3.0958
2.6601
3.0032
3.5750
2.9191
2.3992
2.1806
1.8838
1.4599
1.5372
1.5054
1.5559
1.1484
1.3071
0.9847
1.3238
0.8780
1.2082
1.3507
1.1234
1.1618
1.2943
1.2945
1.7883
1.4815
1.4544
1.1758
1.0735
0.8980
0.7479
0.9560
0.9930
1.4571
0.8461
1.2375
1.1642
1.1116
1.3922
0.8489
1.0160
0.8693
0.6406
0.7576
0.6741
0.4132
0.4656
0.3971
0.4709
0.6607
0.5069
0.5394
0.5747
0.6493
0.4595
0.4284
0.2214
0.1844
0.5720
0.2065
0.1091
0.1366
-0.0265
0.1263
-0.0189
-0.2297
0.1619
-0.1373
0.1206
-0.1944
-0.3030
-0.1602
-0.1634
-0.0383
-0.5147
-0.3702
-0.7891
-0.5770
-0.6756
-0.4548
0.1781
-0.1874
0.0987
0.0039
-0.0114
0.1714
0.6749
0.5306
0.3316
0.3434
0.8538
0.8388
1.1734
1.0022
0.5605
0.4720
0.2100
0.6222
1.1821
1.7962
2.0336
2.9195
2.3073
3.4654
1.9894
2.4546
1.4747
2.8212
2.0822
2.6042
2.4751
2.5420
3.0840
3.3783
2.6201
2.4050
2.2413
2.7335
1.9808
1.8113
1.6084
1.6086
1.7870
1.8771
1.8388
1.6332
2.0953
2.0847
1.7896
1.8976
1.6094
1.3505
2.4130
1.8422
1.9098
2.1430
2.1696
1.6736
1.9475
1.8871
2.2506
2.2359
1.6244
2.5564
2.1253
1.8600
1.8281
1.6547
1.7149
2.1367
1.3423
1.1330
1.3321
1.4459
1.4147
1.3600
1.7221
1.1823
1.0486
0.8495
1.1320
0.8212
0.8754
0.4498
0.5705
0.2767
0.4983
0.2665
0.1674
0.1586
-0.1267
-0.0556
-0.3744
-0.3873
-0.0683
-0.2626
-0.1443
-0.1075
-0.0593
-0.0383
0.1594
0.1560
-0.0803
-0.0553
-0.2276
-0.2324
-0.3456
-0.3619
-0.3808
-0.3658
-0.3981
-0.3506
-0.4236
-0.4016
-0.4779
-0.5105
-0.5475
-0.5950
-0.3638
-0.5444
-0.4952
-0.3084
-0.2417
-0.4126
-0.6542
-0.6126
-0.6554
-0.6482
-0.6035
-0.7340
-0.2853
-0.8219
-0.7388
-0.6869
-0.6694
-0.3279
-0.1205
0.0145
-0.1446
-0.4713
-0.6113
-0.1672
-0.0499
0.0074
-0.1159
-0.1993
-0.4865
-0.1040
-0.1485
-0.0426
-0.2282
-0.1368
-0.5833
-0.0426
0.0383
-0.1794
0.0197
-0.0541
0.7145
0.1374
0.4551
0.1755
0.4019
0.4176
0.1910
0.4204
0.3500
0.2691
0.7521
0.5097
1.9803
1.2014
1.7819
1.2629
1.9277
0.9561
1.0043
1.1127
1.0546
1.3404
1.2300
1.1057
1.0183
1.0626
1.1209
0.9646
1.0047
0.8612
1.0729
0.9774
0.6849
0.9900
1.0689
0.9432
0.8187
1.5117
0.7413
0.9596
0.8823
0.8679
0.4350
0.5116
0.4679
0.6322
0.4473
0.2304
0.5131
0.1380
0.3204
0.4639
0.6984
0.5402
0.7093
0.3562
0.2102
0.1306
0.2352
0.3307
0.1460
0.3067
-0.1614
-0.1277
0.1649
0.0293
0.0915
0.2628
-0.0334
0.3649
0.0341
0.0896
0.3080
0.0875
0.3031
-0.1226
-0.1263
0.0668
0.2950
-0.0086
0.0592
-0.3153
-0.2399
0.0012
-0.3319
-0.4171
0.0293
0.0291
0.3636
0.1248
0.4220
0.5382
0.2686
0.0703
0.3129
-0.0357
0.5917
-0.0403
0.1209
0.4044
-0.0533
0.1669
0.2057
0.4209
0.1038
-0.0999
-0.0684
0.1899
0.3993
0.6735
0.6609
0.2916
0.1727
0.4653
0.4331
0.1599
0.0116
0.1941
0.1673
0.0444
0.2563
0.2756
-0.0244
-0.0910
-0.1224
-0.3987
-0.1494
-0.1075
-0.2558
-0.3171
-0.3406
-0.3081
-0.5223
-0.4502
-0.5698
-0.7120
-0.7124
-0.4728
-0.7706
-0.7315
-0.4665
-0.6000
-0.3915
-0.7094
-0.5898
-0.5960
0.4948
0.3116
0.0560
0.2286
0.0854
0.4616
-0.1333
0.6333
0.0210
0.5315
0.1487
0.4211
0.4271
0.7153
1.0453
0.3351
0.4824
0.3834
0.4173
0.5038
0.3480
0.4738
0.2309
0.1042
-0.0593
-0.4076
-0.6043
-0.6418
-1.0419
-1.0602
-0.9524
-1.2527
-1.2707
-1.3259
-1.2752
-1.4187
-1.3734
-1.3592
-1.2677
-0.8921
-0.9455
-1.1658
-0.6299
-1.1784
-1.2292
-0.8078
-1.2568
-1.1026
-0.8742
-0.8593
-0.9261
-1.2157
-1.2203
-1.2278
-0.8219
-1.1976
-1.1351
-1.0260
-0.8991
-0.7779
-0.5066
-0.6421
-0.6544
-0.4102
-0.5915
-0.5988
-0.5804
-0.3891
-0.5047
-0.3940
-0.2712
-0.1975
-0.0952
-0.0671
0.0302
0.2476
0.1192
0.2260
0.2561
0.4480
0.4343
0.5557
0.5342
0.5873
0.5572
0.6098
0.5364
0.6260
0.6199
0.7845
0.8238
0.9798
1.1984
1.2853
1.4701
1.5242
1.5723
1.4979
1.6181
1.8250
1.7816
2.1540
2.1983
2.3946
2.2195
2.2885
2.1257
2.6151
2.3373
2.5131
2.7265
3.7714
2.5927
2.8161
2.5586
3.2484
2.9434
2.7325
2.5433
3.1194
2.7267
2.6410
2.0599
2.3289
2.1602
2.1154
2.6608
2.1508
2.7401
1.8308
1.9657
1.6511
1.6850
1.3231
1.7354
1.5081
1.2930
1.1177
1.2902
1.4416
1.0380
0.9303
0.9628
0.7022
0.5572
0.8123
1.2951
1.1377
0.8695
0.6225
0.4249
0.3169
0.3051
0.3729
0.1984
0.5043
0.1777
0.4783
0.2589
0.4485
0.4240
0.4635
0.3190
0.4980
0.2697
0.2130
0.3378
0.0096
0.0200
0.0216
0.0449
0.0350
0.1785
-0.0103
-0.0900
-0.0438
-0.1299
0.1720
0.0099
0.1101
0.2823
0.2182
0.2746
0.3611
0.2247
0.3230
0.3641
0.8720
0.7072
0.6177
1.0899
1.3328
1.5039
1.4294
1.0138
1.1786
1.1164
1.5245
1.2395
1.1885
1.1457
1.0793
1.1579
1.1518
0.9802
1.1838
0.8438
0.6903
0.6559
1.0915
1.3716
1.6627
2.0297
1.5367
1.6677
1.5225
1.6173
1.5724
1.9591
1.2570
1.3161
1.5507
1.0154
0.8316
0.5940
1.0657
1.3490
1.5551
0.9522
1.6690
1.3432
1.9385
1.3679
1.4419
0.8860
1.5306
1.8851
2.3290
1.6006
1.1517
1.4280
0.8703
1.5572
1.7166
2.3868
2.2063
1.3767
2.3201
2.0550
1.7375
1.7315
1.7145
1.6119
1.5433
1.2932
1.4519
1.2211
0.5724
0.7323
0.6071
0.6055
0.5678
0.3810
0.8198
0.4496
0.5727
0.2556
0.2569
0.1889
0.4042
0.3856
0.8620
0.4836
1.1709
0.7544
0.7968
0.5813
0.3687
0.0453
0.5819
0.1803
0.1828
-0.2313
0.0246
-0.4472
-0.2062
-0.2104
0.0971
-0.0994
-0.0859
-0.1304
-0.3900
-0.0008
-0.3935
-0.3651
-0.2741
-0.3623
-0.1770
-0.5321
-0.5593
-0.5620
-0.5074
-0.4412
-0.3604
-0.3279
-0.3100
-0.3354
-0.3316
-0.2912
-0.2619
-0.1905
-0.2391
-0.2175
-0.2445
-0.1711
-0.0038
-0.0013
0.3090
-0.0424
0.0884
0.0097
0.1834
0.1017
0.2154
0.2499
0.3006
0.7479
0.3199
0.3463
0.6135
0.7144
0.5680
0.5567
0.8108
0.7718
0.9028
0.6662
0.8594
1.0903
1.0728
1.0406
2.1924
1.5327
2.2822
1.4729
1.6553
2.1702
1.8615
1.8274
2.5746
2.5369
2.9159
3.3197
3.5935
3.7452
3.8120
3.4713
3.2154
3.3414
3.5728
3.8892
4.0301
3.7793
3.4267
3.9623
3.7016
4.3975
4.0306
3.8861
3.6768
3.7978
3.7598
3.4974
3.5913
3.1218
3.3671
3.2252
3.3025
2.4825
2.3711
2.8305
2.4044
2.3573
2.3495
2.3088
2.0062
1.8202
1.7903
2.1012
1.3820
1.3090
1.0080
1.2833
1.1431
0.9458
0.7793
0.7353
0.6885
0.8734
1.0679
0.5319
0.4787
0.4672
0.3756
0.3110
0.2980
0.4003
0.1621
0.1911
0.1665
0.2349
0.1502
0.1131
0.0097
-0.0766
0.0602
-0.1556
0.1579
-0.0790
-0.1606
-0.3596
-0.2855
-0.1953
0.0817
0.0643
-0.2298
-0.3374
-0.4716
-0.7221
-0.8562
-0.9229
-1.0385
-1.0492
-1.1197
-1.1562
-1.0132
-1.3134
-1.3091
-1.3360
-1.4265
-1.4685
-1.7076
-1.8619
-2.1311
-2.2742
-2.3797
-2.4370
-2.5103
-2.2412
-2.5844
-2.5403
-2.6870
-2.6551
-2.6193
-2.5071
-2.4539
-2.2882
-2.1471
-1.9976
-1.9321
-1.4515
-2.0160
-2.0370
-2.1594
-2.2176
-1.7618
-1.6227
-1.1761
-1.7567
-1.9343
-1.9273
-1.5962
-1.2488
-1.6566
-1.0883
-0.2410
-0.1476
-0.6403
-0.3042
0.5759
0.6190
0.3591
0.2293
-0.5672
0.4777
-0.3126
-0.5660
-0.7631
-0.2405
-0.9859
-0.9379
-0.6998
-0.5441
-0.5946
-0.6843
-0.9085
-0.6056
-1.0372
-1.1001
-1.2580
-1.3792
-1.3095
-1.2569
-0.9712
-0.5278
-0.8146
-0.5656
-0.8408
-1.1368
-0.7487
-0.7918
-0.6450
-0.1918
-0.3050
0.2808
-0.3661
0.4128
0.6656
0.9756
0.8927
0.7401
0.6822
0.7210
0.8123
1.1450
1.4217
1.9549
1.5709
1.8819
1.4131
1.5227
0.9998
1.6698
0.9820
1.5672
1.1532
0.8377
0.5840
0.4300
0.7539
0.5246
1.1368
0.4594
0.8456
0.3953
0.3459
0.1070
-0.0102
-0.5270
-0.8294
-0.4093
-0.5183
-0.3098
-0.5341
-0.6807
-0.2714
-1.1646
-1.0952
-0.5016
-0.9548
-0.4934
-1.0290
-0.8631
-0.6947
-0.9039
-0.9814
-0.9071
-1.1594
-1.0708
-0.9528
-0.7593
-1.0039
-0.9959
-1.1224
-0.7600
-0.9117
-0.7802
-0.6324
-0.6007
-0.6648
-0.6240
-0.7632
-0.6381
-1.1272
-1.4459
-1.5651
-1.1824
-1.3136
-1.5136
-1.4858
-1.3470
-1.6115
-1.1747
-1.6764
-1.4298
-1.5230
-1.7376
-1.8920
-1.9208
-2.1274
-1.7666
-2.1310
-1.8908
-1.9620
-1.7943
-1.8064
-1.5200
-1.6639
-1.5217
-1.4854
-1.3930
-1.3314
-1.2152
-0.8441
-0.9598
-0.7056
-0.6852
-0.3002
-0.6019
-0.5745
-0.6193
-0.5125
-0.4603
-0.1238
-0.2313
0.0310
-0.0958
-0.0318
-0.0995
-0.0147
-0.1638
0.0785
-0.1293
0.1149
0.0042
0.0210
0.1218
0.4160
0.2758
0.4089
0.5285
0.7046
0.8463
1.1629
1.0293
1.2856
1.0650
1.0659
1.2130
1.2249
1.3515
1.3042
1.2707
1.2717
1.1825
1.4398
1.5582
1.4163
1.5101
1.4518
1.3846
1.3897
1.6483
1.2251
1.1460
1.3112
1.5771
1.2163
1.3995
1.6612
1.5499
1.5355
2.0452
1.6394
1.6384
1.4303
1.3357
1.3870
1.4189
1.6754
1.5933
1.8994
1.6170
1.6132
1.9330
1.7180
1.6770
1.5635
1.3356
1.3059
1.1727
1.1580
1.2374
1.0180
1.0903
0.8847
0.7258
0.8290
0.6284
0.6361
0.4256
0.3166
0.2623
0.1659
0.1222
0.0717
0.1720
0.0369
0.2725
0.0665
-0.1111
-0.0902
0.1512
0.1763
0.3111
0.3569
0.2314
0.2817
0.1658
0.2166
0.5032
0.1255
0.7473
0.3463
0.4351
1.7869
0.7132
0.4854
0.9225
0.4114
0.5933
0.3550
0.5263
0.9368
0.7883
1.1649
0.7097
0.5501
0.9840
0.5016
0.4542
0.4388
0.2632
0.3006
0.4097
0.1445
0.4407
0.0257
-0.3311
-0.3625
-0.4717
-0.1503
-0.6679
-0.5670
-0.5391
-0.5102
-0.8036
-0.8495
-0.4966
-0.8455
-0.5247
-0.0191
0.2021
0.4043
0.4593
0.0864
-0.0262
-0.1127
0.0046
0.0233
-0.0129
-0.4062
-0.7699
-0.7419
-0.8313
-1.0276
-1.0433
-0.9657
-0.8577
-1.0831
-0.9011
-0.7781
-0.7957
-0.3225
-0.3327
-0.2721
-0.2708
0.1883
-0.1367
0.2026
0.6023
0.8149
0.4877
0.6820
0.9684
0.9240
1.0110
1.1432
1.4676
1.3865
1.6646
1.5908
1.7984
1.6483
1.7203
1.7690
1.8347
1.5062
1.5299
1.7762
1.7715
2.0831
1.7301
1.7277
1.9701
2.1939
1.8801
1.8817
2.5483
1.8665
2.2254
2.1245
2.4225
2.1875
2.2262
2.0162
1.5486
2.0770
2.3798
2.6636
2.9960
2.3874
2.5768
2.8281
3.3183
2.7440
2.1596
2.2510
2.6014
2.3602
3.2460
2.5696
2.8058
2.9186
2.4256
2.4052
2.6561
2.4977
1.7251
1.4367
2.3227
1.2728
1.7394
1.4771
1.5099
1.6909
1.2998
1.8421
0.7004
0.5658
0.5862
0.7838
0.8448
0.7618
0.8778
0.7259
0.6290
0.3857
0.8037
0.4537
0.6759
1.1867
0.5057
0.6843
0.4982
0.2774
0.4086
0.3938
0.5118
0.3044
0.3946
0.6252
0.5336
0.6041
0.5590
0.6656
0.4445
0.2520
0.3817
0.3165
-0.0362
0.3590
0.4034
0.5229
0.5608
0.4765
0.6236
0.7378
0.5161
0.8531
0.7293
0.6531
0.5092
0.4586
0.6924
0.6740
0.7545
0.7486
0.8138
1.0571
0.9912
1.0009
1.3547
1.6165
1.2786
1.2836
1.4845
1.4562
1.2592
1.2030
1.3392
0.9123
1.6663
1.1902
1.5656
1.1283
1.1729
1.2839
1.1057
1.1531
1.2557
1.5312
1.4648
1.2240
1.2124
1.1972
0.6763
0.2676
0.6503
0.4945
0.5604
0.7997
0.7923
0.2191
0.7941
0.4734
0.3064
0.2858
0.2063
0.5066
0.8032
0.3252
0.3522
0.1775
0.8452
0.6154
1.3511
0.6307
0.5915
0.9260
0.6515
0.9371
0.6032
0.7990
1.2047
0.4693
0.6978
0.6019
0.6268
0.6304
1.1373
0.5398
0.7228
0.5216
0.4198
0.2566
0.9833
0.4014
1.0410
0.6810
0.4976
0.1031
0.4630
0.2252
0.5311
0.0019
0.2833
0.1336
-0.0857
-0.0154
-0.5954
-0.4628
-0.6731
-0.1294
-0.5245
-0.1150
-0.3437
-0.4680
-0.5625
-0.2754
0.3782
0.2648
0.5158
0.4469
0.7983
0.3186
0.4031
0.9155
0.5587
0.1877
0.6635
0.1903
-0.1078
-0.3698
-0.3851
-1.0182
-0.7931
-1.0790
-1.1910
-1.8335
-1.8522
-1.4655
-1.5955
-1.8358
-1.7435
-1.8867
-2.1800
-2.2093
-2.0354
-1.6697
-2.0136
-2.1244
-2.3658
-2.2666
-2.0611
-2.0609
-2.0434
-2.2384
-2.1907
-2.0279
-2.2507
-2.3114
-2.4129
-2.4640
-2.5744
-2.4771
-2.5283
-2.5081
-2.3945
-2.0413
-2.1211
-2.0111
-2.1244
-1.7396
-1.9536
-1.8585
-1.5584
-1.4815
-1.4764
-0.8156
-0.6154
-0.3769
-0.5112
0.0110
0.2177
-0.1794
-0.0287
-0.1181
-0.0569
-0.7800
0.3519
-0.0073
0.0287
0.2633
-0.3300
-0.0803
0.6408
0.5344
-0.0000
0.1869
-0.1172
0.3893
0.4784
0.2826
0.6753
0.3504
0.9606
0.7054
1.1366
0.9733
0.4562
0.8785
0.5963
0.5987
0.6445
1.0967
0.7236
1.3472
0.6178
1.2414
0.8059
0.9562
0.6478
0.4337
0.4765
0.3291
0.4838
0.4748
0.4316
0.1458
0.3010
0.5023
0.4240
0.6207
0.6485
0.2830
0.4597
0.2153
0.2194
0.0973
0.6298
0.5265
0.1784
0.1368
0.0582
0.3233
0.0697
0.0655
0.3728
-0.0365
0.0284
-0.2661
-0.1077
-0.1346
-0.1434
-0.3260
-0.1090
0.2753
0.2810
0.1185
-0.0727
-0.1338
-0.1695
-0.1433
-0.1872
0.2032
0.1782
-0.2316
-0.0251
-0.0599
-0.1675
-0.2881
0.0243
-0.1901
-0.2942
-0.3766
-0.1388
-0.4538
-0.4491
-0.6000
-0.4946
-0.5431
-0.5190
-0.2701
-0.5255
-0.4941
-0.5105
-0.5744
-0.5781
-0.4625
-0.6081
-0.7161
-0.4751
-0.8034
-0.7618
-0.7707
-0.8476
-0.7406
-0.8996
-1.0049
-1.2663
-0.7286
-1.3484
-1.3517
-0.8073
-1.0636
-1.0246
-1.1533
-1.4308
-1.6228
-1.4909
-1.4784
-1.6778
-1.6312
-1.7699
-1.7440
-1.8221
-1.6009
-1.9073
-2.0543
-2.1789
-2.1731
-1.8266
-2.1557
-2.1920
-2.3956
-2.1993
-2.3186
-2.3518
-2.3468
-2.3610
-2.4613
-2.4891
-2.4064
-2.5995
-2.4920
-2.5365
-2.5066
-2.6713
-2.7295
-2.6029
-2.8094
-2.8412
-2.7942
-2.8274
-2.7734
-2.7470
-2.6854
-2.5454
-2.3422
-2.4569
-2.4805
-2.4451
-2.3921
-2.3720
-2.3284
-2.2678
-2.0236
-2.1613
-2.1643
-2.1646
-2.1736
-2.0938
-1.9421
-2.0960
-2.1096
-2.1049
-1.7948
-1.9887
-1.7938
-1.6503
-1.0687
-1.0556
-1.0996
-0.8984
-0.7051
-0.5944
-0.4011
0.0087
-0.1975
0.2771
-0.1673
0.3200
0.1727
0.5132
0.7925
0.4488
0.9870
1.2584
0.8668
0.8087
1.6072
1.3926
2.1883
1.5930
2.7867
2.7090
1.9552
2.0453
1.9408
2.2015
2.6199
3.0549
2.1560
3.5946
2.2695
2.3209
2.6590
2.5257
3.0048
2.3438
2.9543
2.2920
2.5650
2.5293
2.4515
2.8194
3.0531
3.2047
2.4190
2.7589
2.0182
1.9915
2.2671
2.4056
2.6766
2.8738
2.5777
2.3876
2.2813
2.2599
1.8655
2.1734
2.0731
2.5347
1.9888
1.7159
1.9751
1.9143
1.6380
1.9062
1.6513
1.2280
1.1666
1.2632
1.2041
0.9055
1.2474
1.3336
1.1086
0.8796
0.9553
0.9345
0.6692
0.6138
0.5831
0.5121
0.5805
0.2751
0.2376
0.2106
0.1285
0.1137
0.0390
0.3538
0.0675
0.1070
-0.0047
0.0399
-0.0136
-0.0344
-0.0603
-0.0499
-0.0213
-0.0131
0.1820
-0.0122
0.0293
-0.0236
-0.0371
-0.1517
-0.2092
-0.1654
-0.2558
-0.2285
-0.3236
-0.1132
-0.3104
-0.2828
-0.3060
-0.0758
-0.3664
-0.3550
-0.4545
-0.2715
-0.3058
0.1443
-0.1924
-0.1327
-0.2536
-0.1170
-0.3994
-0.4656
-0.4695
-0.3271
-0.4958
-0.4818
-0.4097
-0.4347
-0.3218
-0.6061
-0.6170
-0.5378
-0.5389
-0.5092
-0.6050
-0.4669
-0.7769
-0.8435
-0.7543
-0.8442
-0.8102
-0.9586
-1.0490
-1.1054
-1.1935
-1.2369
-1.2105
-1.2405
-1.2500
-1.1153
-1.4637
-1.3348
-1.3143
-1.0506
-1.4190
-1.2584
-1.3719
-1.2440
-1.3529
-1.2151
-1.0242
-0.9928
-1.0661
-0.4423
-0.8009
-0.6894
-0.9794
-0.7928
-0.6253
-0.6366
-0.3669
-0.1687
-0.1012
-0.3458
-0.2240
0.0867
0.2433
0.1458
0.6868
0.8648
1.3309
0.6761
1.3544
1.0068
1.0260
0.9993
0.9935
1.4473
1.5519
1.4015
2.2744
1.7483
1.7234
2.2932
1.3280
2.0841
1.7259
1.2516
1.5981
1.9386
1.6635
2.7082
2.1012
1.9485
1.3212
2.2221
1.4366
1.6276
1.4854
1.4271
1.8201
0.6691
0.7835
0.6279
0.2451
0.4474
0.4975
0.1397
1.6983
1.1498
1.4555
1.6252
2.0159
1.3570
2.0052
1.3468
2.4419
2.0283
2.6037
1.9122
1.3647
1.0023
0.7533
1.0096
0.9332
0.6647
1.2935
0.6321
0.5254
0.4423
0.5950
0.8347
1.1376
0.8355
1.3073
1.0086
1.5480
1.4848
1.4804
1.3215
1.1093
1.5497
1.4444
1.6254
1.7580
2.3224
1.2332
1.8906
0.8583
0.9675
0.7412
0.8881
0.5362
0.8874
1.2702
0.7365
0.6073
0.0068
0.5217
0.6183
0.2819
0.4520
0.4638
-0.2159
-0.3365
-0.2679
-0.7211
-0.9704
0.4727
-0.0103
-0.1165
0.2749
-1.0503
-1.1008
-1.3817
-1.6284
-1.8474
-1.8020
-1.7739
-1.8191
-1.9296
-2.0871
-1.8516
-1.8222
-1.9455
-1.7477
-2.1269
-1.8073
-1.7301
-1.7922
-1.9610
-1.7715
-1.9935
-2.6118
-2.6324
-2.2808
-2.3056
-1.9938
-1.8062
-1.9529
-1.7985
-2.2282
-1.8219
-2.0668
-1.7377
-1.7097
-1.7203
-1.8018
-1.5303
-1.3828
-1.5263
-1.3983
-1.1407
-0.9210
-1.3467
-1.3858
-1.1216
-1.3268
-0.9085
-1.3401
-0.8953
-1.1777
-1.4218
-1.3637
-1.2311
-1.3398
-1.2377
-1.2052
-1.1819
-1.1264
-0.9073
-1.0578
-1.0934
-0.9626
-0.9301
-0.7921
-0.7564
-0.4952
-0.6743
-0.6392
-0.5778
-0.5421
-0.4658
-0.3281
-0.2295
-0.1797
-0.1830
-0.2452
-0.1889
-0.1898
-0.0959
-0.0600
0.0596
0.2955
0.1464
0.2343
0.2634
0.2920
0.2131
0.3902
0.1655
0.2341
0.4890
0.4968
0.3563
0.4845
0.3371
0.3602
0.3441
-0.0818
-0.1501
-0.0449
-0.3156
-0.0819
0.1535
-0.1851
0.5619
0.3150
0.5858
0.0483
0.6175
0.1491
0.4645
0.9257
1.0801
0.3973
1.0512
1.1189
1.0285
1.3095
1.4564
1.4278
1.4902
1.3811
1.3107
2.3109
2.0060
2.2198
2.6145
2.0715
2.4538
2.3167
2.6089
2.9221
2.7573
2.4436
2.9492
2.2421
3.1059
2.6366
2.5008
3.6244
3.5647
2.8071
3.1840
2.6232
2.2435
2.0653
2.3544
2.4395
3.9086
3.4297
3.4990
2.6213
2.0203
2.8112
2.0358
2.2312
1.6147
1.9205
1.9782
2.2259
2.0884
1.8630
1.6949
1.7053
1.5974
2.0252
1.9183
1.9425
1.7901
1.4859
1.4045
1.0523
1.0384
0.7565
0.7411
0.6064
0.6527
0.7516
0.9163
0.6304
0.4088
0.3350
0.2935
0.2732
0.2387
0.3429
0.1210
-0.0028
0.0061
-0.1221
-0.1496
-0.2280
-0.2586
-0.2057
-0.2228
0.0571
-0.1921
-0.2234
-0.3081
-0.3841
-0.3838
-0.3950
-0.3721
-0.3117
-0.2978
-0.2577
-0.1124
-0.3213
-0.2761
-0.2916
-0.2160
-0.2398
-0.1788
-0.1279
0.0805
-0.1441
-0.2262
-0.2367
-0.3705
-0.4289
-0.6006
-0.7002
-0.7897
-0.8207
-0.6514
-0.8184
-0.8474
-0.8591
-0.9137
-0.9656
-1.0180
-1.0661
-1.1109
-1.1464
-0.9308
-1.2056
-1.2513
-1.3519
-1.3479
-1.3936
-1.3589
-1.2113
-1.3604
-1.3441
-1.3070
-1.3020
-1.2634
-1.2047
-1.1678
-1.1130
-1.1609
-1.0177
-1.3169
-1.4209
-1.4151
-1.5712
-1.6468
-1.8081
-1.9841
-2.0563
-2.2038
-2.0586
-2.1143
-2.3908
-2.4529
-2.4781
-2.2712
-2.4015
-2.5774
-2.7146
-2.7079
-2.5461
-2.8316
-2.7867
-2.8218
-2.8031
-2.7662
-2.7814
-2.6629
-2.5371
-2.3949
-2.2454
-1.9431
-1.9837
-2.2395
-2.3170
-2.3552
-2.5520
-2.7471
-2.8354
-2.7679
-2.9707
-3.0836
-2.9733
-3.1122
-2.9283
-3.0167
-2.5985
-2.9948
-2.9735
-3.0264
-3.0927
-3.0154
-2.8499
-3.0302
-2.9701
-3.0606
-2.9746
-3.1521
-3.0215
-3.2198
-2.6681
-3.2348
-3.1909
-3.2739
-3.2158
-3.1694
-3.1157
-3.1742
-3.2247
-3.3176
-3.3446
-3.3118
-3.1914
-3.1014
-3.0391
-3.0035
-3.0365
-2.9550
-3.0147
-2.7770
-3.0537
-3.0278
-2.9380
-2.8747
-2.7799
-2.7862
-2.8163
-2.7340
-2.8087
-2.5633
-2.8530
-2.7038
-2.9530
-3.0764
-3.0528
-3.1554
-3.1280
-3.1193
-3.1622
-3.1229
-3.1057
-2.8669
-3.0138
-3.0542
-2.6912
-3.0191
-2.7960
-2.9020
-2.1820
-2.1779
-0.8755
-0.4344
-0.8337
-0.9961
-0.9987
-0.8686
-0.2811
-0.5209
-0.7558
-0.4305
-0.5070
-0.0326
0.3502
0.1660
0.7315
1.4316
1.6626
1.3388
2.1090
2.6047
1.8280
1.9578
2.3361
3.4153
3.0878
3.9680
3.0122
3.2854
2.5946
3.1386
3.1619
3.3020
2.9995
2.9056
2.8596
2.4386
2.9343
1.6830
2.3968
1.6318
2.2621
2.0424
2.4075
1.9604
1.7450
1.8531
1.6968
1.6379
1.2917
1.1891
0.8968
1.4985
1.1151
0.9913
0.7567
0.7095
0.6803
0.7760
0.8993
0.4637
0.5932
0.4733
0.6275
0.8570
0.4679
0.6492
0.4081
0.0547
-0.0112
0.1355
0.0940
-0.1009
-0.0413
-0.3122
-0.5102
-0.5173
-0.4740
-0.6622
-0.9003
-0.9497
-1.0687
-1.1356
-0.9463
-1.2386
-1.2857
-1.2667
-1.3501
-1.3021
-1.3622
-1.3186
-1.0895
-1.1812
-1.2624
-0.8331
-1.4374
-1.3970
-1.3740
-1.5083
-1.4877
-1.2728
-1.2804
-0.9036
-0.8273
0.0101
-0.3835
-0.5733
-0.1852
-0.3579
-0.6170
-0.1370
-0.6772
0.2335
-0.3325
-0.0243
-0.2002
0.0911
0.7099
0.5431
0.4114
0.5204
0.5773
0.9618
0.3968
0.2039
0.0879
-0.1845
-0.3901
-0.6228
-0.6719
-0.5223
-0.4484
-0.9320
-0.8184
-0.9704
-0.9066
-0.9566
-0.5731
-1.5827
-1.1248
-0.9366
-0.9780
-0.7104
-0.9965
-1.3140
-1.6029
-1.2549
-2.2663
-2.1771
-1.9598
-2.4125
-1.4951
-2.1934
-2.0050
-2.3599
-1.9587
-2.3981
-2.1634
-2.0932
-2.3977
-2.8022
-2.8148
-2.4939
-3.1320
-2.5686
-3.1193
-2.8507
-2.3209
-3.0314
-2.5982
-2.9746
-2.6264
-3.0480
-2.3046
-2.7068
-2.5043
-2.6477
-2.6992
-2.0454
-2.3119
-1.9186
-2.1987
-2.2161
-2.8542
-2.4244
-2.4736
-2.1062
-2.6389
-2.9333
-3.0723
-3.0722
-2.4771
-3.0944
-3.0001
-2.6770
-3.2267
-3.0001
-2.9988
-2.7383
-2.8009
-2.8378
-2.9579
-2.4987
-3.2479
-2.6594
-2.7453
-3.2497
-2.8652
-2.9123
-2.8887
-3.0283
-2.8018
-2.8657
-2.6579
-2.1698
-2.5404
-2.5749
-2.6219
-2.5947
-2.6888
-2.7490
-2.2815
-2.6142
-2.4391
-2.2027
-2.1465
-2.2559
-2.0916
-1.9617
-2.1237
-1.7959
-2.0366
-2.2820
-2.0521
-2.2349
-2.0371
-1.8660
-2.0151
-2.1020
-1.9924
-2.1519
-2.1803
-2.0556
-1.9159
-1.6229
-1.7951
-1.8025
-1.8374
-1.8731
-1.8119
-1.8749
-1.4657
-1.7249
-1.5422
-1.4943
-1.4044
-1.2673
-1.1558
-1.3237
-1.2547
-1.1537
-1.2254
-1.2621
-1.0383
-1.3734
-1.4827
-1.5394
-1.5451
-1.5554
-1.1335
-1.2925
-1.1085
-0.9905
-1.0898
-0.9639
-0.9818
-0.9652
-1.0302
-0.8244
-0.9262
-0.8917
-0.4771
-0.7832
-0.4369
-0.5703
-0.7316
-0.3353
-0.6576
-0.6578
-0.2151
-0.3598
-0.0320
-0.2143
-0.5262
0.0708
-0.0091
0.1079
-0.3762
0.3493
-0.1306
-0.2547
-0.0148
0.2103
0.2067
0.5959
0.4721
0.2778
0.1272
0.3943
0.1221
0.1606
0.1548
0.0692
-0.1036
-0.1631
-0.0402
-0.1895
-0.4150
-0.4853
-0.6547
-0.3844
-0.7528
-0.7860
-0.9164
-0.9060
-0.9772
-1.0028
-0.8952
-1.1930
-1.1899
-1.3410
-1.3580
-1.5526
-1.5126
-1.6319
-1.3722
-1.6290
-1.6314
-0.8301
-1.2513
-1.3245
-1.4543
-1.0938
-1.3633
-1.2046
-1.1986
-1.1031
-0.6175
-0.5962
-0.4755
-0.7708
-0.5996
-0.1561
-0.6676
0.0631
-0.4774
0.3465
-0.6488
-0.1670
-0.0519
0.3315
-0.2056
0.5204
0.7299
0.6031
0.1019
0.2925
0.2055
0.2679
1.0290
0.5944
0.5553
1.3646
1.2142
1.4507
2.0664
2.1708
2.4147
2.2524
2.6297
2.2386
2.5936
3.0086
1.7637
2.9929
2.4350
2.8738
2.7369
1.9268
1.9352
2.0568
2.5471
1.6830
1.1215
2.0801
2.4094
2.6141
2.4264
2.1121
2.0576
2.3648
2.5003
2.4198
1.4956
2.4743
1.0146
1.6077
1.9189
1.2607
0.8717
1.3504
0.4348
0.7124
0.3618
0.7431
0.1124
0.3628
-0.0595
0.0292
-0.3591
-0.6269
-0.5675
-0.6673
-0.3766
-0.6476
-1.1348
-1.0665
-1.2777
-1.3472
-1.4839
-1.0320
-1.3100
-1.7441
-1.8132
-1.7850
-2.0961
-1.9599
-2.2671
-2.1648
-2.3143
-2.3482
-2.3988
-1.9087
-2.0772
-2.1396
-2.3066
-2.3252
-2.4151
-2.3648
-1.9005
-2.0827
-2.3175
-2.3591
-1.9091
-2.2517
-2.0687
-2.1830
-2.1854
-2.1332
-1.9431
-2.0411
-2.0187
-2.2090
-2.0477
-2.2649
-2.2119
-1.9620
-2.0758
-2.0423
-1.9722
-1.8657
-1.8911
-1.9024
-2.0249
-1.8523
-1.9984
-1.7673
-1.9231
-1.9732
-1.9876
-2.0557
-2.0288
-2.0714
-1.7899
-2.0377
-2.0403
-2.0091
-2.0644
-2.0173
-2.1686
-2.1024
-2.2368
-2.1170
-2.0588
-2.2421
-2.3172
-2.2969
-2.2318
-2.3587
-2.3696
-2.5793
-2.5466
-2.4034
-2.6146
-2.6771
-2.6303
-2.6861
-2.6821
-2.7949
-2.8760
-2.7785
-3.0622
-3.1313
-3.0642
-3.1065
-3.0308
-3.0829
-2.8380
-3.0261
-3.0093
-3.0113
-2.9967
-2.9875
-2.9717
-2.7799
-2.9786
-2.9681
-2.9594
-2.9261
-2.9522
-2.9388
-2.9574
-2.9061
-2.9083
-2.7903
-2.8757
-2.8380
-2.9131
-2.4985
-2.8394
-2.8598
-2.8590
-2.8514
-2.9395
-2.9590
-3.0878
-3.1271
-3.1745
-3.2069
-3.0248
-3.2213
-3.1867
-3.1484
-3.1083
-3.0854
-3.0841
-3.0922
-3.1024
-3.0899
-3.0194
-2.9964
-2.9469
-2.9612
-2.9084
-2.8629
-2.7805
-2.6518
-2.4229
-2.6348
-2.5911
-2.4706
-2.3934
-1.7535
-2.2593
-1.8918
-1.9132
-1.8000
-1.7018
-2.0605
-1.6299
-1.9900
-2.0228
-1.1630
-1.2951
-1.4517
-1.5018
-1.4103
-1.9738
-1.5170
-1.4165
-1.9162
-1.8333
-2.0323
-2.3709
-2.3978
-2.0889
-1.8846
-1.7573
-2.7901
-2.2889
-2.5911
-2.8627
-2.8047
-3.0744
-3.2144
-2.9082
-2.8815
-1.8530
-3.0333
-2.5530
-2.6276
-2.8343
-2.8138
-2.5280
-2.5042
-1.8492
-2.2475
-2.0337
-2.2157
-2.0932
-2.2629
-2.1828
-2.4499
-2.4349
-2.3715
-2.9902
-2.2401
-2.9359
-2.7376
-2.7377
-2.1288
-2.2313
-1.5992
-2.1509
-2.1389
-0.6429
-2.0742
-1.5376
-1.1377
-1.4941
-0.5696
-1.4175
-0.2753
-1.2282
-1.3731
-1.1923
-1.5488
-0.7258
-0.8031
-0.7399
0.3604
-0.5575
-0.2501
-1.1749
-0.8045
-0.0069
-0.2571
-0.1530
-0.2774
-0.1660
-0.8214
-0.3443
-0.7475
-0.0512
-0.0324
-0.3212
-0.2556
0.0749
-0.1096
0.1631
-0.4854
-0.5517
0.1333
-0.4818
-0.5515
-0.5914
-0.2901
-0.3426
-0.5119
-0.0853
-0.0279
0.0538
-0.0573
-0.0480
-0.4761
0.1097
-0.3125
-0.6000
-0.2273
-0.4678
-0.2648
-0.4485
-0.2378
-0.0593
-0.0306
0.6858
-0.1467
-0.0178
0.1117
0.0037
-0.1159
0.3110
-0.2775
-0.0865
-0.2540
-0.1477
-0.0159
-0.4082
-0.3584
-0.3194
-0.3514
-0.3383
-0.5766
-0.5775
-0.6926
-0.6872
-0.6754
-0.2514
-0.3673
-0.8101
-0.6481
-0.8394
-0.9632
-0.5511
-0.5736
-0.6027
-0.4872
-0.4905
-0.5625
-0.7708
-1.1005
-1.1293
-1.1178
-1.1533
-1.1865
-1.3455
-1.2787
-1.6400
-1.7421
-1.5371
-1.5234
-1.7572
-1.8337
-2.0094
-2.1727
-2.1537
-2.2834
-2.6329
-2.6501
-2.3889
-2.4470
-2.3785
-2.4367
-2.9075
-3.0283
-2.6730
-2.7294
-2.5304
-2.1622
-2.4819
-2.7068
-2.7634
-2.5527
-2.8491
-2.8371
-2.8844
-3.1510
-3.2111
-3.1545
-3.1950
-3.1333
-3.1938
-2.9130
-3.0521
-3.0204
-2.7422
-3.0254
-2.7865
-3.1113
-3.1081
-3.1455
-3.1692
-3.2090
-3.1499
-2.7474
-2.8736
-2.8098
-3.2391
-3.2470
-3.2028
-3.0176
-2.6961
-2.7862
-2.7155
-2.5988
-2.6998
-2.9966
-3.0707
-3.0905
-2.9108
-3.1388
-2.8734
-3.0129
-2.5564
-2.6692
-2.5362
-2.1551
-2.1390
-2.0925
-2.1359
-1.9934
-1.9940
-1.6721
-1.4191
-1.6733
-1.3420
-1.0519
-1.0072
-1.0569
-0.8594
-0.9064
-0.7835
-0.7552
0.0125
0.3730
0.0122
0.5278
0.1915
0.8594
0.3093
0.1579
0.7622
0.4642
0.8097
1.1487
1.6238
1.5668
1.4999
1.7449
1.6642
1.8156
2.2946
2.4314
2.2979
2.4986
2.0754
2.4747
2.3988
2.6954
2.1493
2.4296
2.6457
2.6858
2.9004
3.0177
3.3632
3.4843
3.0781
3.1006
2.8185
3.2290
3.2298
3.0974
3.7161
3.0950
2.9291
2.6620
2.2625
2.7911
2.3317
1.9745
1.5063
1.9122
1.5901
1.5472
0.6190
0.6034
1.0092
0.7043
0.5865
0.6754
1.1205
1.1304
1.5321
1.7052
0.8137
1.0165
1.0627
0.9479
1.1995
1.5863
1.3123
1.5534
2.3101
2.5210
2.0487
2.4306
2.1958
1.8796
1.7159
1.5016
1.8765
1.8318
2.2140
2.5774
2.3270
2.4210
2.3707
2.0982
2.1951
1.8940
1.6674
1.2528
1.7130
1.9640
1.4269
1.5457
1.2951
1.4499
1.2368
1.9011
1.7066
1.9335
1.7943
1.8111
1.6522
1.5758
1.6865
1.4226
1.4491
1.5733
1.3633
1.6093
1.6842
2.1292
1.8598
1.5629
1.6053
1.6389
1.4391
1.7508
1.8010
2.1351
2.3128
2.4786
2.0303
2.1313
2.1679
2.4642
2.4935
2.3570
2.5324
2.9362
2.3673
2.7652
1.7879
2.2261
1.5303
2.4427
2.4107
2.3000
2.4358
2.3782
2.6584
2.0479
1.8797
1.6176
0.9800
0.7725
1.1420
1.1343
0.9781
0.7994
0.7742
0.5533
0.7229
0.3737
0.2535
0.2333
0.5560
0.4841
0.1237
0.1999
0.3599
0.3363
0.7152
1.1704
0.8903
0.8423
0.9518
0.7572
1.4565
1.0325
1.0059
0.7053
0.7351
1.2571
1.1015
1.8037
1.5159
1.9094
1.4784
0.9748
1.3655
0.5406
0.7277
0.5527
0.2261
0.2801
-0.4498
-0.1399
-0.3559
-0.7987
-0.6504
-1.4130
-1.0375
-0.9021
-0.8752
-0.8760
-0.5797
-1.2883
-1.4855
-1.2171
-0.5063
-0.8981
-1.4670
-0.7713
-1.1267
-1.3730
-1.5301
-1.7408
-1.8641
-1.2030
-0.6264
-0.8626
-0.9909
-0.9502
-0.6273
-1.1420
-1.2197
-1.6379
-0.6407
-1.5889
-1.2494
-1.7185
-1.7184
-1.2631
-1.4123
-1.9096
-2.1650
-1.9020
-2.2598
-2.0485
-2.0224
-1.7086
-1.9567
-1.8069
-1.2392
-1.4745
-1.2292
-0.9981
-1.1679
-1.3372
-1.1183
-1.1969
-0.9383
-1.0946
-0.8834
-1.1515
-1.0367
-1.0070
-0.9314
-0.8589
-0.7797
-0.6889
-0.5069
-0.5850
-0.5013
-0.6451
-0.4165
-0.4309
-0.5403
-0.2105
-0.3358
-0.2820
-0.1308
0.0867
-0.1772
-0.1285
0.0418
0.1269
0.1153
0.0837
0.0797
0.0701
-0.2668
-0.2525
-0.3358
-0.2584
-0.2230
-0.2451
-0.2456
-0.3866
-0.2078
-0.4617
-0.5307
-0.4244
-0.4465
-0.4737
-0.4875
-0.6094
-0.5776
-0.5409
-0.5229
-0.5304
-0.3076
-0.6036
-0.3868
-0.6195
-0.6466
-0.4913
-0.4904
-0.1219
-0.4150
-0.4393
-0.6460
-0.7610
-0.8458
-0.7735
-0.7627
-0.9004
-0.9413
-1.2418
-1.2656
-1.3842
-1.2275
-1.6069
-1.6511
-1.7079
-1.6931
-1.6753
-1.6424
-1.6136
-1.5923
-1.4567
-1.4545
-1.3043
-1.0529
-1.1776
-1.1229
-0.8620
-1.0974
-1.0336
-1.1114
-0.9454
-1.0856
-1.1872
-1.1764
-1.3133
-1.3908
-1.2570
-1.5883
-1.4863
-1.6618
-1.8228
-1.8049
-1.7859
-1.8057
-1.5777
-2.0583
-2.1169
-2.0414
-1.4424
-1.3655
-1.1680
-0.9290
-0.9509
-1.2635
-1.6340
-1.3885
-1.2502
-1.4821
-0.3321
-1.0223
-0.7639
-0.4397
-0.6659
-0.4960
-0.0308
-0.4815
-0.7080
-0.5045
-0.6778
-0.4012
-0.6168
-0.4758
-0.4780
0.5068
0.1108
0.1864
-0.4983
-0.7382
-0.8998
-0.3593
-0.3762
-0.0406
-0.6143
-0.5486
-0.7467
0.3227
-1.0479
-0.5066
-0.3940
0.3027
-0.0883
0.1505
-0.1065
0.7752
-0.1076
-0.0502
-0.2608
-0.2719
-0.1626
-0.4527
-0.1536
-0.2117
-0.1851
-0.0640
0.2595
0.0627
0.3684
-0.3572
-0.1077
-0.2731
0.2256
0.3931
0.0613
0.4824
0.1387
0.8475
0.7087
0.9006
0.9208
1.5311
1.4857
1.7294
1.3981
1.9299
1.7488
2.0155
2.2700
1.6309
1.1948
0.7478
0.5910
0.8146
0.7155
0.7379
0.7825
0.9666
0.5570
0.4119
0.1577
-0.0002
-0.1222
-0.0664
-0.1260
-0.3960
-0.5074
-0.5255
-0.6680
-0.7133
-0.5360
-0.5674
-0.7131
-0.7358
-0.5738
-0.6838
-0.6262
-0.8210
-0.6647
-0.8829
-0.9496
-0.7836
-1.1095
-1.1139
-1.2168
-1.1796
-1.0116
-0.9875
-1.1798
-0.9948
-1.1758
-1.1912
-0.9903
-1.2500
-1.3172
-1.2219
-1.1273
-1.0997
-1.0858
-1.2611
-1.2638
-1.3163
-1.3100
-1.2819
-1.2442
-1.2585
-1.2805
-1.3215
-1.4122
-1.4538
-1.5037
-1.5307
-1.5005
-1.3706
-1.3255
-1.5959
-1.5855
-1.6261
-1.6199
-1.5574
-1.4758
-1.4077
-1.3139
-1.3214
-1.3344
-1.4218
-1.4985
-1.5807
-1.5351
-1.6013
-1.5344
-1.3663
-1.5343
-1.4743
-1.5122
-1.5168
-1.5904
-1.6625
-1.5755
-1.9254
-1.7724
-2.1116
-2.0885
-2.1470
-2.0852
-2.0368
-1.9418
-1.9063
-1.8050
-1.7460
-1.7612
-1.7693
-1.8604
-1.8741
-1.8606
-1.8562
-1.8407
-1.8927
-1.7266
-2.0496
-2.1137
-2.2485
-2.2892
-2.3270
-2.2618
-2.1687
-2.1210
-1.8096
-2.2068
-2.1958
-2.5258
-2.5633
-2.6260
-2.5076
-2.0600
-1.9924
-1.7143
-1.9643
-1.9589
-1.8936
-2.0797
-2.1174
-2.0705
-2.0272
-1.9855
-1.9449
-1.8592
-1.6434
-1.7600
-1.5506
-1.6336
-1.4267
-1.5520
-1.4170
-1.5811
-1.3691
-1.4386
-1.4053
-1.2306
-1.1930
-1.0327
-0.7855
-0.9103
-0.9101
-0.7954
-0.8024
-0.7246
-0.5104
-0.6523
-0.5380
-0.5173
-0.4755
-0.4761
-0.4381
-0.4012
-0.3122
-0.2669
-0.1665
-0.0957
0.0042
0.1002
0.1459
0.3288
0.2250
0.4782
0.1141
0.1127
0.1411
0.1516
0.2426
0.3254
0.4328
0.6546
0.3811
0.3457
0.2190
0.2526
-0.1298
-0.1929
-0.2065
-0.0580
-0.0247
0.0639
0.1186
0.1076
0.0894
0.0401
0.0169
0.0079
0.1952
-0.0076
0.1642
-0.0612
0.2210
-0.0837
0.2514
-0.2044
0.0297
0.0111
-0.2646
0.1709
0.0534
-0.0684
-0.2221
-0.2953
-0.2094
-0.3164
-0.3003
-0.2279
-0.1413
-0.1653
-0.1598
0.0170
0.3486
-0.2191
0.0216
0.4209
0.5935
0.1809
-0.1314
-0.1326
0.2386
0.1284
0.2636
0.0749
-0.0219
-0.0366
0.1159
0.1775
0.7599
0.0403
0.0901
0.0212
-0.0585
-0.1436
0.0006
-0.6185
-0.2880
-0.5696
-0.2188
-0.2329
0.5927
0.6090
0.9239
0.8335
1.1080
1.7396
0.7226
1.8282
2.2628
2.2580
1.6922
2.7254
2.2232
2.6040
2.7544
2.7679
3.4391
2.9930
3.5846
3.4416
3.3959
3.1270
2.5224
2.5496
2.6264
3.2820
3.1295
3.3185
3.4230
2.7817
2.9346
2.1347
1.9762
2.4249
1.4705
2.1986
2.0550
2.9222
2.4497
2.6145
2.0894
2.2672
1.6839
2.0348
1.7522
1.8387
1.9225
1.5714
0.9273
1.5557
1.2539
0.8938
2.0698
0.8192
1.0053
1.5130
1.3126
1.0027
1.2577
0.6312
0.8711
0.7061
0.8357
0.3629
0.9208
0.7942
1.2429
1.0676
0.4544
1.1367
0.8752
0.8590
0.9530
1.0457
0.9629
1.2911
0.8947
0.7496
1.0602
1.2026
0.9425
0.7360
1.0300
0.9377
0.7301
0.4238
0.3949
0.1372
0.1543
0.1883
0.0549
0.0509
0.0044
-0.0529
0.2662
0.1270
0.6602
0.2469
0.3343
0.1752
0.5187
0.4328
-0.1052
0.6726
-0.0281
0.0040
0.1815
0.1941
0.4458
-0.3666
-0.2478
-0.0574
0.0993
0.5531
-0.1262
0.0410
-0.2044
-0.2067
-0.3410
-0.0369
0.0376
0.3437
0.4556
0.2323
0.3241
0.4528
0.8525
0.0972
0.5629
0.3984
0.4724
0.7319
0.3491
0.5498
1.2232
1.2958
1.8613
1.1612
1.5372
2.0101
2.1372
2.3428
1.8310
1.8619
2.0728
2.1550
2.3099
2.2223
2.7196
2.7991
2.3522
2.4440
2.7683
3.3129
2.2291
1.8432
2.9478
2.1640
2.4077
2.2389
2.1577
2.1854
2.3527
2.3671
2.4417
2.5766
2.0459
2.0978
1.7268
1.7242
1.4328
1.4007
1.4200
1.3034
1.5013
1.4403
1.5376
1.5145
1.4499
1.4197
1.4051
1.5263
1.6880
1.5030
1.5798
1.4223
1.5950
1.4159
1.5414
1.2214
0.9314
1.5003
1.2217
0.9900
1.1367
1.0866
0.9292
1.0741
1.6903
1.5767
1.0172
0.8360
0.8838
0.6183
0.8652
0.5064
0.5338
0.4351
0.2076
0.1893
0.1948
0.0301
0.3338
0.2725
0.0725
-0.1376
0.0139
-0.0500
-0.2276
-0.2955
0.4282
0.0652
-0.0873
-0.1227
-0.1036
-0.1696
-0.4112
-0.1162
-0.5255
-0.4770
-0.3726
-0.4988
-0.3368
-0.6809
-0.8277
-0.9442
-0.7446
-0.8041
-0.9905
-0.9404
-0.9224
-0.9200
-0.7811
-1.0860
-0.9474
-0.6635
-0.9096
-0.8873
-0.7581
-0.8404
-0.7082
-0.8110
-1.1872
-1.3379
-1.4903
-1.6046
-1.4860
-1.5571
-1.1134
-1.1008
-0.2822
-0.7490
-1.0448
-0.7939
-1.2582
-1.3286
-0.9656
-1.1279
-0.9083
-1.3747
-1.0439
-1.4147
-1.1965
-1.5252
-1.2567
-1.4980
-1.4355
-1.3227
-1.2065
-0.9552
-0.8521
-0.7772
-0.6852
-0.9781
-0.5328
-0.4623
-0.4926
-0.1168
-0.2690
0.1216
0.7524
0.0662
0.4531
0.6109
1.1848
1.2484
1.3075
2.0400
1.0618
0.7650
1.2350
2.3583
2.1685
2.1124
2.0108
1.9388
1.9761
2.1726
2.2069
3.1775
3.1781
2.9218
2.9339
3.3289
3.0224
3.3979
4.0162
3.1847
4.6357
4.6230
4.2626
4.4710
5.0194
4.7043
4.4607
4.5639
4.4636
4.4835
4.4988
4.7103
4.5559
4.7420
4.5127
4.4906
4.5842
4.1838
4.9039
3.8636
3.8338
3.6059
3.9270
3.7592
3.7711
3.6840
3.7653
3.4320
3.8358
4.1621
3.3932
3.6953
3.4283
3.6649
3.2720
3.2880
3.5811
3.3980
3.4933
3.0136
3.1939
2.8300
3.1038
2.9534
2.9097
2.7211
2.7913
2.6881
2.5867
2.6690
2.7760
3.1205
2.6575
3.0274
2.9218
2.9257
2.9399
2.9404
2.9173
2.7362
2.4620
2.2791
2.3238
2.1979
2.4351
2.4592
2.3553
2.1266
2.2026
1.9892
1.7496
1.7057
1.6882
1.4935
1.3057
1.2544
1.0803
1.1397
0.9057
0.7779
1.1388
0.8057
0.8884
0.6969
0.6509
0.5729
0.4702
0.4428
0.5283
0.3010
0.1908
0.2480
-0.0718
-0.2283
-0.3008
-0.2238
-0.1055
-0.0400
-0.4154
-0.4452
-0.5921
-0.6807
-0.8635
-0.5962
-0.8653
-1.0622
-1.3372
-1.4304
-1.4391
-1.3642
-1.3335
-1.6752
-1.6812
-1.6208
-1.4601
-1.5403
-1.6034
-1.6575
-1.6582
-1.7650
-1.5613
-1.7663
-1.6304
-1.8904
-2.0321
-1.8527
-2.0189
-2.1870
-2.4030
-2.2607
-2.5792
-2.6483
-2.4192
-2.4843
-2.4587
-2.5031
-2.5958
-2.6817
-2.9090
-3.0595
-2.8630
-2.9287
-2.9984
-2.8630
-3.0142
-3.0110
-2.8433
-3.1238
-3.0952
-3.1388
-2.8266
-2.9843
-2.8039
-2.8299
-2.7713
-2.7872
-2.5638
-2.6806
-2.5974
-2.6206
-2.6365
-2.5164
-2.7296
-2.6548
-2.3279
-2.2414
-2.1646
-1.8488
-2.0392
-1.9849
-1.4811
-1.5000
-1.4936
-1.2696
-0.7361
-0.7838
-0.6100
-0.6404
-0.6915
-0.7909
-0.5128
-0.3054
0.2383
0.3640
0.4119
1.5824
1.9625
1.3954
1.4644
1.6228
2.0424
2.0452
2.0146
2.3653
2.6958
2.8861
2.3485
2.3788
2.4916
2.7397
2.9255
2.2249
2.4461
2.2441
2.2648
1.8066
2.0197
1.6819
