-7.2463
-7.3662
-7.7956
-7.9089
-7.9904
-7.8532
-8.0092
-7.8898
-7.5174
-7.6805
-7.9072
-7.7875
-8.3764
-8.4127
-8.3230
-8.5318
-8.6752
-8.1994
-8.8017
-8.7954
-9.0167
-9.0687
-9.1456
-9.1392
-9.2962
-9.4843
-9.3123
-9.5475
-9.8756
-10.0307
-9.9448
-9.9377
-10.1149
-9.6760
-9.8904
-9.8357
-9.9352
-9.9561
-9.8252
-9.8502
-9.8951
-10.2690
-10.1624
-10.0257
-10.3857
-10.3159
-9.9960
-10.2178
-10.1510
-10.1094
-9.7827
-9.7591
-9.4570
-9.6157
-9.7960
-9.8384
-9.7604
-9.4505
-9.8645
-9.8291
-9.8270
-9.6281
-9.4626
-9.5684
-9.4549
-9.3712
-9.6209
-9.5153
-9.5358
-9.2988
-9.2568
-9.3712
-9.3912
-9.3798
-9.3848
-9.4760
-9.1258
-9.2910
-9.1750
-9.2163
-9.0927
-8.9981
-8.7265
-8.4600
-8.4135
-8.7373
-8.2542
-8.6640
-8.5439
-8.6450
-8.6128
-8.5331
-8.6886
-8.5386
-8.6436
-8.5747
-8.3629
-8.1974
-7.9123
-8.0762
-7.8806
-7.9689
-7.9663
-7.7006
-7.9453
-7.9962
-7.8426
-7.8096
-7.7904
-7.6180
-7.9489
-7.8360
-7.4526
-7.4938
-7.1008
-7.6706
-7.5592
-7.4600
-6.8255
-6.8938
-6.4640
-6.3147
-5.9639
-6.0519
-5.6979
-5.0028
-5.2626
-4.7056
-4.1615
-4.7290
-4.7302
-4.7781
-4.4923
-3.7233
-4.2870
-3.2266
-3.4267
-3.2604
-2.3006
-2.6749
-2.3321
-2.0992
-1.5777
-1.7103
-1.0181
-1.8900
-2.0471
-1.9892
-2.4053
-2.5763
-2.5188
-2.5503
-1.8511
-2.2989
-1.8585
-2.0578
-0.7343
-1.5131
-1.7784
-1.9427
-1.6657
-1.8735
-0.2126
-0.8653
-0.0103
0.0600
0.5964
-0.0043
-0.4050
-0.3502
0.4432
0.3506
0.7818
-0.2520
0.8582
-0.0445
0.9170
0.5162
1.7031
1.6323
1.3917
2.5775
2.4501
3.6805
3.3647
3.0815
2.9982
3.8626
3.8478
4.8193
4.8276
5.8231
6.6722
6.4677
7.5713
7.1289
8.0521
7.8361
8.1200
8.5140
8.4851
8.5867
8.1309
8.5900
8.8674
9.0387
9.0858
9.2591
9.6012
9.0175
9.5979
10.1353
9.7817
9.2506
9.1729
9.5382
9.5822
9.2190
8.9405
8.4033
8.3287
8.4803
9.1403
8.1886
9.1159
8.8707
8.7965
8.8460
9.1217
9.1537
9.2374
9.2058
9.8344
9.3126
10.1025
9.5807
9.7229
10.4216
10.3412
10.8596
10.9152
11.3416
12.1077
12.1599
13.0408
12.9726
13.7325
13.5665
13.7222
14.0678
14.7772
14.4400
14.3280
14.1118
13.8642
14.2257
14.7992
14.8642
14.7044
14.0434
14.1294
14.2868
14.1354
14.5595
14.1686
14.4897
14.0479
14.3079
14.0624
14.1161
13.8516
13.9193
13.9072
13.5339
13.2658
13.6363
13.4336
13.7525
13.7742
13.2578
13.1380
13.1356
13.2792
13.2390
13.6395
13.3944
13.1807
13.5263
13.6551
13.5484
13.7232
13.8363
13.9689
14.0025
13.9875
14.2368
13.9667
13.9576
14.0968
14.3333
14.5831
14.7555
13.9451
13.9452
14.3260
13.7271
13.8843
13.4510
13.5315
13.7473
13.6244
13.2768
13.1641
13.1494
12.7392
12.7199
12.4256
12.4670
12.3927
12.5688
12.3601
12.5043
12.2628
12.4799
12.6449
12.6529
12.7172
13.0101
12.9753
12.8434
13.0412
12.5590
12.3791
12.2403
12.2732
12.0952
11.5514
11.2412
11.0759
10.9569
10.9340
10.8474
10.9124
11.3937
11.0580
10.4037
10.0689
10.0186
9.6961
9.1159
8.7388
8.4867
7.9606
7.9412
7.4963
7.6087
7.3438
7.2855
6.9885
6.5557
6.1919
6.1684
6.4690
5.7945
5.8091
5.2052
5.0253
4.7239
4.5579
4.3271
4.4843
4.2874
4.5173
4.1427
3.8546
3.8325
3.6018
3.5013
3.4210
3.3795
3.6715
3.3861
3.4597
3.4515
3.1529
2.9917
3.0651
2.8602
2.7731
2.6777
2.5398
2.5456
2.2947
2.1118
1.9929
1.9978
1.8951
1.5506
1.5173
1.4757
1.7854
1.7913
1.8151
1.4948
1.4226
1.2391
1.1297
0.9748
0.9699
0.8727
0.7528
0.8056
0.6449
0.5189
0.3409
-0.0202
-0.0733
-0.0155
-0.0192
-0.1487
-0.1616
-0.4480
-0.5467
-0.6523
-0.7424
-0.8881
-0.6597
-1.0272
-0.8689
-1.0497
-0.9866
-1.1018
-1.1206
-1.3001
-1.1958
-1.6645
-1.5165
-1.8312
-1.9097
-1.9771
-2.1571
-2.3316
-2.2566
-2.3620
-2.2171
-2.1086
-2.2676
-2.2589
-2.4017
-2.4562
-2.4367
-2.3395
-2.5649
-2.5493
-2.3393
-2.4499
-2.3063
-2.2341
-2.1160
-2.0727
-1.9846
-1.7708
-1.7920
-1.5789
-1.6710
-1.6118
-1.7166
-1.7732
-1.5727
-1.7526
-1.7030
-1.7302
-1.7162
-1.7490
-1.5463
-1.7656
-1.7160
-1.7937
-1.7938
-1.8827
-1.6810
-1.8244
-1.7530
-1.6334
-1.5218
-1.3907
-1.3182
-1.0331
-1.2170
-0.9617
-1.0065
-0.9263
-0.4706
-0.6630
-0.5604
-0.3660
-0.5726
-0.5598
-0.6552
-0.6649
-0.8039
-0.9540
-1.1521
-1.3835
-1.5196
-1.6666
-1.7979
-1.8887
-1.9576
-1.9470
-1.9140
-1.7212
-1.4494
-1.2591
-1.3690
-1.2340
-1.0629
-0.9737
-0.8598
-0.7617
-0.4843
-0.5642
-0.6305
-0.6916
-0.7880
-0.9443
-0.9590
-1.1222
-1.1868
-1.3259
-1.5086
-1.5242
-1.7673
-2.1409
-2.4257
-2.6925
-3.0253
-3.3263
-3.5314
-3.8051
-3.8348
-4.3566
-4.6504
-4.9247
-5.1573
-5.3422
-5.4498
-5.4629
-5.7747
-5.8140
-6.1379
-6.3399
-6.4357
-6.7119
-6.7758
-7.0555
-7.1327
-7.2534
-7.2436
-7.2904
-7.3448
-7.4645
-7.4893
-7.4904
-7.4407
-7.2487
-7.4323
-7.3330
-7.3573
-6.6856
-7.2905
-7.3040
-7.1614
-7.1129
-7.0331
-6.7014
-7.2727
-7.1881
-7.5327
-7.5840
-7.6946
-7.6490
-7.0244
-7.3999
-7.0650
-7.4412
-7.2889
-7.2848
-7.1685
-7.1192
-7.0902
-6.9854
-6.7717
-6.7478
-6.5046
-6.6657
-6.6174
-6.5938
-6.2086
-6.1854
-5.8105
-5.8727
-5.9635
-5.7457
-5.8311
-5.4835
-5.4899
-5.5657
-5.4144
-5.3440
-5.3002
-5.0668
-5.0745
-5.2426
-4.5834
-5.0042
-4.9185
-4.7829
-4.8077
-4.5744
-4.5211
-4.4496
-4.6243
-4.5355
-4.5502
-4.4545
-4.4578
-4.4078
-4.0953
-4.2886
-4.0109
-4.2390
-3.9994
-4.2209
-4.2800
-4.2167
-4.4641
-4.6262
-4.6488
-4.8986
-4.9440
-5.2367
-4.9676
-5.6833
-5.8544
-6.0593
-6.2170
-6.3347
-6.5095
-6.6488
-6.8298
-6.9694
-7.0695
-7.2144
-7.3031
-7.5332
-7.5711
-7.8300
-7.7990
-7.8812
-8.0327
-8.3372
-8.3509
-8.5494
-8.5609
-8.4905
-8.5432
-8.4231
-8.6127
-8.5163
-8.6843
-8.2331
-8.7120
-8.7172
-8.3338
-8.6779
-8.5150
-8.7458
-8.7711
-8.8820
-8.7698
-8.9585
-8.7766
-8.9284
-8.6732
-8.8139
-8.8793
-8.7867
-9.0181
-9.0759
-9.0086
-9.1985
-9.2517
-9.3564
-9.1577
-8.7537
-9.3177
-9.2159
-8.6730
-8.7726
-8.8245
-8.8468
-8.7531
-8.5822
-8.2852
-8.7038
-8.6296
-8.6747
-8.6204
-8.6191
-8.5222
-8.3888
-8.3477
-8.1041
-8.3352
-8.4049
-8.3919
-8.4486
-8.3994
-8.1448
-8.2598
-8.2124
-8.0594
-8.0772
-7.9779
-7.9982
-7.9321
-7.7695
-7.7891
-7.7088
-7.7660
-7.7191
-7.5694
-7.5521
-7.4356
-7.4495
-7.1691
-7.2718
-6.9757
-7.0432
-6.9357
-6.8009
-6.7055
-6.5825
-6.5175
-6.3824
-6.1565
-6.2449
-6.2859
-6.1896
-6.3049
-6.0513
-6.3658
-6.3264
-6.4047
-6.2464
-6.5611
-6.5534
-6.6654
-6.6922
-6.8077
-6.8639
-6.8694
-6.9481
-7.0135
-7.1621
-7.0835
-7.4170
-7.0261
-7.3713
-7.6252
-7.8319
-7.5218
-7.8513
-7.3850
-8.0389
-8.0029
-8.5955
-8.4897
-8.4284
-8.1060
-8.5928
-8.6266
-8.5898
-8.5756
-8.3179
-8.9030
-8.5100
-8.7754
-8.8575
-8.5083
-8.1697
-8.1700
-7.7662
-8.3947
-8.2882
-8.2231
-8.5906
-8.6298
-8.2923
-8.1595
-7.6655
-7.7531
-8.0278
-8.1000
-8.2380
-8.3363
-8.2094
-8.5521
-8.0826
-7.9097
-8.3601
-7.7652
-8.6482
-8.3052
-8.5294
-8.4019
-8.2622
-8.0475
-7.9373
-7.2804
-6.9065
-7.2811
-7.5247
-7.0289
-7.4552
-7.2293
-7.1887
-7.3739
-7.1989
-6.7178
-6.6306
-6.9205
-6.9178
-6.8041
-6.7880
-6.8718
-6.3950
-6.0223
-5.7736
-5.5654
-5.6730
-5.6097
-5.2965
-5.3958
-5.6312
-5.2682
-4.9553
-5.0837
-4.8839
-4.9674
-5.0792
-5.1322
-4.8966
-3.8074
-3.9702
-4.3069
-3.9158
-3.6452
-3.2526
-3.6830
-3.2174
-3.3195
-3.0761
-3.1401
-2.8458
-2.6215
-1.9952
-1.8750
-1.8988
-2.1514
-1.9750
-1.6685
-1.4569
-1.2782
-0.6239
-1.1287
-0.5680
0.0482
-0.2923
0.4233
0.5788
0.2140
-0.0013
0.1619
0.5386
1.1937
0.8803
1.2713
0.5314
0.4347
0.7720
0.2481
0.9058
0.3225
0.4575
0.7453
0.4072
0.4342
0.4309
0.1166
0.5527
0.5829
0.2553
0.8194
0.3456
0.1654
1.0713
-0.0713
-0.4085
-0.1426
0.4145
0.3517
0.1984
0.4783
0.8475
0.6846
0.9200
1.0376
0.3447
0.9935
0.5166
0.0794
0.6897
0.8123
0.7702
1.4630
0.8599
1.3426
0.6131
0.5168
1.0290
0.5568
1.0864
1.8987
1.3293
0.6830
0.9919
0.4824
1.1860
1.0082
1.7492
1.5051
1.9407
1.3474
1.8696
2.3404
2.0786
3.1100
2.7255
2.5276
2.9258
2.4100
2.1700
2.4927
2.7738
3.6002
4.1215
5.2244
4.2854
4.3077
4.7224
4.3553
4.8679
4.6959
5.6839
5.8215
5.7819
6.6095
6.1166
6.5128
6.5665
7.5043
7.2057
7.1301
7.1020
9.0782
8.6427
8.2719
8.8984
9.5621
9.9972
9.4827
10.4122
10.1734
9.2026
9.7359
9.0192
10.0982
9.6710
10.5827
10.7758
10.4778
10.4452
10.6395
10.1224
10.4349
9.9161
10.8249
9.8662
10.2418
9.7347
10.0082
9.6481
9.9503
10.8389
9.8808
9.7751
9.5743
9.7595
9.8638
9.1767
9.6514
9.2334
9.7769
9.1984
9.9618
9.3202
10.1557
9.1864
9.3399
9.2431
10.1589
11.0064
10.7142
10.9695
11.0357
11.5898
11.9387
12.2343
12.7086
12.9493
12.4283
13.0271
13.3553
13.6088
14.1847
14.3471
14.0512
14.4001
14.2273
14.4504
14.5890
14.9672
14.7154
14.7639
15.3174
14.8301
14.9031
14.6262
14.9094
14.8293
15.0862
14.8745
14.8682
14.7193
15.0410
14.7283
15.1630
15.2554
15.6683
15.8967
16.1697
15.8185
16.2104
15.3932
15.1487
14.9504
14.7949
14.7735
14.2871
14.2877
13.7980
13.9882
13.7488
14.1212
13.7966
13.3003
12.9788
12.6336
12.4201
11.8094
11.3024
10.9389
10.6277
10.0481
9.9519
9.8948
9.5521
9.6176
10.1015
9.6130
9.7205
9.6416
9.4383
9.1385
9.1593
9.0622
8.8212
9.1119
9.2945
8.8033
8.6410
8.5853
8.2341
7.8964
7.7024
7.6523
7.4871
7.7536
6.9232
6.7598
6.7060
6.6386
6.6757
6.3241
6.0945
5.7826
5.8785
5.6474
5.8004
5.6275
5.7569
5.8159
5.4795
5.8010
6.3355
5.9496
5.8051
5.5869
5.5271
5.5428
5.5810
5.5057
5.2049
4.9017
5.4519
5.2579
5.1720
5.2117
5.0379
5.0758
5.3164
5.3078
4.8048
4.5900
4.5664
4.4127
4.2716
4.3920
4.4852
4.4074
4.1766
4.1972
4.2345
4.1881
4.3745
4.9017
4.4472
4.4125
4.7965
5.1106
4.8753
5.1647
5.5143
4.9497
4.9867
6.0328
5.6097
5.8562
5.4726
5.5053
5.7727
5.5123
5.3714
5.3332
5.1801
5.0443
5.1294
5.4495
5.1641
5.1048
4.5698
4.5873
4.5460
4.6316
4.5301
4.1255
3.8474
3.9208
3.6121
4.1303
3.4394
3.6017
3.1047
2.8869
2.7042
2.8887
2.6508
2.5666
2.5494
2.6662
2.5108
2.6145
3.3957
2.5712
2.7398
2.8655
2.4828
2.5457
2.6330
2.4704
2.1275
1.9462
1.5638
1.4250
1.1951
1.0361
1.0225
0.7296
0.6321
0.0554
-0.2868
-0.1735
-0.3786
-0.5908
-0.7225
-0.9856
-1.1601
-1.2604
-1.0597
-1.5868
-1.6005
-1.6302
-1.9295
-2.0884
-2.1261
-1.8623
-2.0023
-2.1336
-2.2125
-2.0108
-2.2273
-2.1168
-2.1149
-2.0691
-2.3823
-2.3528
-2.5461
-2.5662
-2.6680
-2.5231
-2.5395
-2.3779
-2.7070
-3.0063
-3.1639
-2.8071
-3.1318
-3.3107
-3.6488
-3.7905
-3.8721
-3.8238
-3.9028
-3.8310
-4.0113
-4.4712
-4.5512
-4.5786
-4.5921
-4.5851
-5.0719
-4.6098
-5.0714
-4.8597
-4.7744
-4.4986
-4.5133
-4.1266
-4.2564
-4.3048
-4.4144
-4.2693
-4.3698
-4.4149
-4.5521
-4.4803
-4.7507
-4.4351
-4.7160
-4.8792
-4.9471
-4.6485
-4.9183
-4.7835
-4.5323
-4.7673
-4.7347
-4.9541
-4.8931
-4.9016
-4.9170
-4.7384
-4.6752
-4.7444
-4.8176
-4.6277
-4.5863
-4.3806
-3.9739
-3.9129
-3.5587
-3.5102
-3.9054
-3.9397
-3.9628
-3.2804
-3.2592
-3.2604
-3.0568
-3.0510
-2.6924
-2.6482
-2.8407
-2.3546
-2.8571
-2.6881
-2.7101
-2.4767
-1.8416
-2.0009
-1.5108
-1.3250
-1.2464
-1.2733
-1.1761
-1.1976
-1.2645
-1.2343
-0.9626
-1.1787
-1.1014
-1.2188
-1.0998
-1.3740
-1.4702
-1.0943
-1.3837
-1.2559
-1.3626
-1.2356
-1.2436
-1.0392
-1.2327
-1.1522
-1.5392
-1.1522
-1.8220
-1.8135
-1.4773
-1.5994
-1.9687
-2.0789
-2.2343
-2.4505
-2.8611
-2.8134
-3.4831
-3.8294
-3.9483
-4.0622
-4.7870
-5.0567
-5.0923
-5.5344
-5.6693
-5.5826
-5.8885
-5.6676
-5.7503
-5.9927
-6.0182
-5.8987
-6.1398
-6.2242
-6.0175
-6.1939
-6.2123
-6.0360
-6.2547
-6.0110
-6.1357
-6.0040
-5.7552
-5.2630
-5.1173
-4.0205
-3.9599
-3.9354
-3.7952
-3.5851
-3.2347
-2.9692
-2.8717
-2.6010
-1.9691
-1.9140
-1.9084
-1.5033
-1.1324
-0.7661
-0.8807
-0.5215
-0.4362
0.1548
0.0575
0.3998
0.3231
0.3504
0.4412
0.7852
0.2865
0.1879
0.0503
-0.0118
0.5931
0.4687
0.6198
0.7007
0.6885
0.8413
0.7742
1.1062
0.8451
0.9251
0.9864
0.9240
1.0490
0.8624
0.6568
0.4732
0.3220
-0.0024
0.4452
-0.0194
0.0778
0.4430
0.1237
0.3325
-0.0781
-0.6455
-0.2443
-0.3659
-0.0450
0.2977
0.2964
0.5190
1.4563
0.5606
1.1770
1.0491
0.0600
0.4881
-0.2372
0.8989
-0.1479
0.5850
0.5563
0.7247
0.6075
0.2027
-0.6083
-0.5050
0.1675
0.0911
-0.0729
-0.0720
-0.4657
-1.0775
-1.1581
-1.0277
-1.4852
-1.2818
-1.1275
-1.5090
-1.6264
-2.1343
-1.7133
-1.8453
-1.4104
-1.7932
-0.9801
-1.4942
-1.3438
-1.5955
-1.7355
-1.2353
-1.4607
-1.4508
-1.1638
-1.4452
-1.2348
-0.6580
-0.5479
-1.5022
-0.9515
-1.3210
-1.2066
-1.1968
-1.1153
-1.3217
-1.7439
-1.8030
-2.0086
-2.5548
-2.6963
-2.9496
-3.2409
-3.4278
-2.8756
-3.3252
-2.9304
-3.3185
-2.8813
-3.3879
-3.4244
-3.6343
-3.8176
-4.0377
-3.8567
-3.9544
-4.2008
-4.1701
-4.4403
-4.5957
-4.6276
-4.8017
-4.9039
-5.0827
-5.1031
-4.8148
-5.2076
-5.3055
-5.2285
-5.1725
-4.9226
-4.7730
-4.4690
-4.1601
-4.1847
-4.1328
-3.8742
-3.6826
-3.4252
-3.3209
-3.1908
-3.0780
-2.8779
-2.4981
-2.3441
-2.1715
-1.8505
-2.0191
-1.4852
-1.5743
-1.4533
-1.2197
-1.2804
-1.2486
-1.1567
-1.3142
-1.3309
-1.1786
-1.2669
-1.1339
-1.2997
-1.0036
-1.1820
-1.0044
-1.2185
-1.1581
-1.1773
-0.9402
-1.1285
-1.1060
-0.8460
-1.1069
-1.1507
-1.2947
-1.4927
-1.4626
-1.6786
-1.6300
-2.0033
-2.0532
-2.3989
-2.4408
-2.6153
-2.7631
-2.7717
-3.1021
-2.7628
-2.6559
-2.8872
-3.0893
-3.1524
-3.4244
-3.4110
-3.3573
-3.6517
-3.1680
-3.6317
-3.6136
-3.4293
-3.5024
-3.0239
-3.5399
-3.8813
-3.4889
-3.9098
-3.8660
-3.5302
-3.6190
-3.7863
-3.7107
-4.1800
-3.5997
-3.9920
-4.2922
-4.0989
-4.1082
-3.6090
-4.1615
-4.1091
-3.8728
-4.3758
-4.0318
-4.7506
-4.2957
-4.7184
-4.8594
-5.0021
-4.7188
-5.2939
-4.9022
-5.0271
-4.9221
-5.0647
-4.5683
-4.6964
-4.8456
-5.3066
-4.2450
-4.8886
-4.9500
-4.4409
-4.5680
-4.1179
-4.7997
-4.1693
-4.3594
-4.4993
-4.7025
-4.5352
-4.6533
-4.7006
-4.2702
-4.8033
-5.0180
-4.7088
-5.2282
-4.8975
-5.2625
-4.5088
-4.9051
-4.6094
-4.7274
-4.5649
-3.7689
-4.3192
-3.8984
-4.0695
-4.5217
-4.3253
-4.5455
-4.2868
-4.3810
-4.4266
-3.9875
-3.4032
-3.2376
-3.6733
-3.5356
-4.5812
-3.8298
-4.2879
-3.8774
-3.8124
-3.2344
-3.4275
-3.4420
-3.1846
-3.0221
-3.0375
-2.6151
-2.8330
-2.5354
-2.6411
-2.1543
-2.6418
-2.2539
-2.1504
-2.1824
-2.5289
-2.7511
-2.3715
-2.7285
-2.5043
-2.8402
-2.8287
-2.3801
-2.4998
-2.4972
-3.0159
-3.1222
-3.3044
-3.2871
-3.4310
-2.9761
-3.2527
-2.9425
-2.3563
-2.4025
-2.1835
-2.0647
-1.9006
-1.8854
-1.9709
-2.2952
-2.0871
-2.0348
-1.6638
-1.7176
-1.5383
-0.9771
-0.5878
-0.2635
0.5694
0.2560
1.2783
1.2767
2.4554
2.0257
2.0921
2.1972
2.3291
2.7091
2.4699
2.6158
2.9198
3.3838
3.3126
3.1869
3.8696
3.8625
4.3335
4.6338
4.8802
5.3805
5.2998
5.8189
5.7315
5.9171
6.4017
6.4189
6.9967
7.3056
7.6348
8.0353
8.0478
8.5712
8.5691
8.4604
8.6080
8.7944
9.1802
9.4272
9.4295
9.4750
9.3880
9.8961
10.0680
9.8331
9.6222
9.6171
9.5823
9.8975
10.0637
10.0860
9.6732
9.4465
9.0184
8.9321
8.4060
8.4216
8.3499
8.2266
7.7140
7.6374
7.5998
7.4665
7.1929
6.8038
6.4409
6.1348
5.7592
5.7165
5.2172
4.9618
4.5893
4.5934
4.1527
3.7086
3.5797
3.6263
2.9006
3.0538
2.6961
1.9630
1.8207
1.7373
1.4735
1.3395
1.0206
0.5406
0.7438
0.6164
0.1892
0.9108
0.3577
0.6134
0.4814
0.2521
0.1246
0.2897
0.7602
0.3534
0.1876
0.5617
-0.0457
0.3567
-0.0931
0.1479
-0.6349
-0.7062
-1.0874
-0.3867
-0.9829
-0.1651
-0.4213
-0.5516
-0.7798
-0.6615
-0.1528
-0.4615
-0.4550
-0.3850
-0.2805
-0.3914
-0.2087
0.1832
0.6460
0.3267
0.9765
0.6970
0.5737
0.8116
1.0243
1.1224
1.8289
1.0721
1.5837
1.3987
1.8928
2.0443
1.5604
1.2938
1.0893
1.1681
1.1266
1.6102
1.7646
2.3573
2.4232
2.7795
2.7825
2.4694
2.8298
2.6647
2.4835
2.4785
2.8148
2.7246
2.4479
2.6048
2.2855
1.9689
2.2785
2.5504
2.5020
2.7135
3.2708
3.6614
3.5322
2.9069
2.9408
2.7997
3.4730
3.7410
3.8739
4.2639
4.4237
4.5643
4.4591
4.3425
5.1175
4.6166
4.8205
4.8489
4.8819
5.3385
4.7565
4.9542
5.0217
5.2975
5.9407
5.9104
6.5510
6.8163
6.9724
7.1183
7.9876
7.7208
7.9451
8.3521
8.4080
8.9121
8.7727
9.7322
9.6150
10.7597
10.5960
10.3067
10.7997
9.6741
9.7025
9.6762
8.7218
9.1150
8.9465
9.2831
9.1437
9.5581
9.6079
9.7471
9.1855
9.9229
9.3205
9.8588
8.8410
9.8145
9.9566
10.1281
9.7632
10.1327
9.4119
9.8738
9.2007
9.5989
9.9662
9.4053
10.5439
10.0574
8.7551
9.4477
8.8213
9.5464
8.9317
9.6396
10.3019
9.0601
8.1434
7.9420
7.9279
8.1288
7.5985
7.2295
8.5399
6.6532
7.4378
6.5664
7.4813
6.1287
6.3856
6.1256
6.5443
6.4444
6.6337
6.6448
6.3642
6.7121
7.5245
7.0002
6.4336
7.0347
7.7977
6.4695
6.6232
6.4105
7.0193
6.5043
6.2008
6.3432
7.5301
7.0680
7.5932
7.7592
7.8370
7.9501
7.6845
8.2958
7.3240
7.2690
7.3666
7.4508
7.3554
7.4239
7.1796
6.7765
6.0991
5.6092
5.5570
5.1727
5.2591
4.8731
4.5783
4.2888
3.8536
3.6933
3.6294
3.1669
3.1550
2.6711
2.9597
2.3781
2.2222
1.9254
2.0099
1.3102
1.2504
0.9768
0.9800
0.5717
0.9313
1.5852
1.0675
1.1354
0.7192
0.9079
1.4198
1.2420
0.7770
0.9183
0.9587
1.3726
1.8438
1.9897
2.6092
1.8897
2.0774
2.6607
3.0398
3.3257
3.5923
3.9375
3.9200
4.1281
3.9103
4.9614
4.4706
4.7341
4.5898
4.8930
4.7258
5.4736
5.0927
5.5373
5.3313
6.2239
6.1559
6.4542
6.6906
6.9443
7.0533
7.6399
7.2880
7.5607
7.6303
7.5914
7.7590
7.7156
7.6813
7.6958
7.4997
7.2286
6.8843
6.5957
6.3975
6.2173
6.3355
6.0943
6.0784
5.9356
5.3897
5.0701
5.1175
4.9628
4.3820
4.5163
3.9942
3.7815
3.6166
3.3787
2.8321
2.5981
2.4792
2.1519
2.4225
2.4323
2.5688
2.5081
3.5008
2.7368
2.5796
1.9746
1.8490
1.3794
1.6415
1.5182
1.0871
1.2400
1.1016
0.4643
0.5685
0.0639
0.0281
-0.6203
-0.9083
-1.0085
-1.2443
-1.6018
-1.7112
-1.6138
-1.7910
-1.6080
-1.7839
-1.6933
-1.4856
-1.7371
-1.8170
-1.8937
-1.8654
-1.7197
-1.5714
-1.2460
-0.8536
-0.7211
-0.1201
-0.1585
0.1758
0.5971
0.9387
1.3289
1.6714
1.9727
2.2669
2.6570
2.8575
2.9033
3.0718
3.3732
3.6547
3.9297
3.8430
3.9594
3.6691
3.5210
3.5882
3.1073
3.0019
2.8733
2.4783
1.9770
2.0726
1.4357
1.4117
0.7524
0.4655
0.1808
0.3500
-0.1777
-0.3671
-0.7873
-1.2288
-1.5058
-1.9061
-2.0562
-2.0049
-2.1793
-2.3389
-2.3728
-2.5594
-2.6467
-2.5113
-2.8387
-2.6882
-2.9184
-2.7704
-3.0263
-3.1473
-3.2553
-3.3219
-3.4072
-3.4796
-3.5503
-3.6363
-3.6303
-3.7307
-3.5408
-3.8138
-3.7402
-3.6441
-3.5912
-3.0741
-3.3087
-3.4059
-3.3351
-3.2157
-3.1370
-3.6162
-3.6456
-3.7708
-3.5099
-3.8167
-3.8023
-3.9870
-3.9216
-3.9157
-3.7675
-3.5285
-3.5857
-3.4894
-3.6409
-3.7340
-3.4800
-3.4690
-3.6381
-3.7345
-3.5284
-4.0104
-3.5286
-3.9240
-4.3320
-4.6036
-4.5558
-4.4272
-4.3496
-4.1586
-4.4019
-4.5531
-4.4355
-4.6319
-4.7715
-4.4673
-4.6762
-4.6365
-4.8598
-4.8542
-4.9539
-4.6957
-5.0740
-5.0473
-5.6472
-5.2642
-5.5723
-5.9408
-6.1065
-6.1691
-6.0243
-6.1579
-6.3830
-6.1845
-6.7737
-6.7067
-6.6238
-6.6976
-6.7082
-6.5831
-6.4891
-6.3138
-6.2139
-5.8464
-6.0557
-5.6994
-5.9134
-5.5640
-5.7061
-5.5555
-5.4339
-5.0469
-5.2892
-5.2808
-5.4715
-5.6165
-5.7839
-5.8378
-5.9127
-6.2464
-6.3027
-6.6511
-6.7231
-6.8190
-6.9498
-7.0256
-7.1711
-7.2614
-7.3539
-7.4276
-7.2324
-7.4797
-7.4702
-7.5032
-7.4832
-7.5399
-7.6056
-7.7247
-7.4671
-7.5916
-7.7752
-7.9545
-7.9744
-8.0228
-8.0660
-8.1279
-8.1339
-7.8619
-7.8394
-7.9189
-7.7706
-7.8714
-7.7144
-7.8052
-7.5944
-7.8360
-7.5559
-7.3346
-7.2257
-7.6232
-7.8744
-7.9144
-8.2303
-8.1617
-8.3209
-8.2671
-8.5187
-8.4894
-8.6561
-8.5763
-8.4846
-8.4306
-7.9987
-8.2460
-8.0968
-8.0045
-7.8316
-7.7310
-7.5917
-7.9812
-8.1010
-7.9087
-7.6773
-7.4318
-7.3932
-6.5696
-7.1913
-7.2718
-7.0753
-7.2542
-7.2643
-7.0627
-7.4283
-6.7760
-7.0247
-6.6807
-6.7284
-6.7076
-6.5865
-7.0270
-6.8855
-6.8702
-7.1660
-6.7739
-6.8706
-6.6586
-6.6640
-6.1003
-6.4613
-6.5391
-6.4088
-6.4084
-6.7558
-6.9322
-6.7389
-6.9550
-6.7789
-6.7264
-6.7548
-6.5810
-6.5074
-6.7658
-6.7004
-6.5776
-6.6581
-6.6713
-6.8759
-6.6258
-6.7437
-6.5755
-6.1385
-6.1538
-5.9467
-5.5761
-5.7231
-5.2112
-5.3209
-5.4194
-4.9164
-5.5685
-5.4933
-5.6954
-5.7956
-5.4077
-5.6749
-5.4955
-5.4124
-5.2167
-5.5458
-5.3206
-5.6613
-5.5507
-5.7389
-5.8551
-6.0766
-6.4345
-6.7295
-6.9476
-6.9020
-7.0629
-7.4432
-7.4638
-7.4508
-7.2172
-7.2385
-7.1951
-7.3364
-7.3688
-7.3115
-7.4398
-7.3503
-7.3347
-7.2044
-7.3812
-7.3210
-7.5280
-7.4586
-7.3978
-7.2747
-7.1577
-7.1286
-6.9849
-6.8989
-7.4359
-7.3409
-7.4061
-7.9780
-8.3271
-8.5127
-8.4785
-8.9163
-8.6833
-8.8828
-8.9978
-9.2625
-9.3907
-9.5555
-9.2652
-9.6443
-9.7027
-9.8473
-9.9492
-9.9919
-9.7758
-9.8527
-9.5473
-9.4842
-9.3852
-8.8389
-8.9030
-9.0554
-8.7169
-8.8481
-8.7131
-8.5111
-8.1360
-8.1414
-7.9352
-7.7909
-7.4224
-7.6760
-7.4455
-7.3922
-7.4874
-7.0549
-7.0271
-6.8613
-7.1264
-6.6410
-6.8447
-6.8983
-6.7364
-6.5989
-5.8202
-6.4818
-6.3407
-6.7013
-6.1571
-5.8069
-6.1934
-5.6661
-6.3056
-6.5900
-6.0833
-6.0687
-5.9254
-6.7794
-6.3438
-6.6301
-6.2717
-6.2811
-6.0785
-5.8940
-6.6200
-6.1814
-6.0737
-6.2206
-5.7868
-5.5777
-5.8138
-5.3914
-5.9265
-5.2632
-5.6352
-5.7501
-6.0004
-6.1591
-5.6386
-6.4426
-6.2154
-6.1315
-5.9909
-5.3721
-5.3206
-5.0799
-5.2317
-4.5355
-5.2530
-5.4680
-5.6707
-5.2003
-5.2059
-4.6400
-4.7977
-3.9770
-4.0977
-4.2195
-4.2713
-3.5756
-3.9063
-3.5703
-2.6983
-2.4542
-2.0451
-2.1711
-1.9571
-1.0790
-0.9523
-0.9087
-0.8462
0.0103
0.4527
0.1810
0.6139
0.5392
0.6808
-0.1966
0.3349
0.4672
0.2764
0.4494
0.6091
1.1682
0.7600
0.9374
0.4878
1.1256
0.7793
0.9923
0.6956
2.0999
2.1396
3.0339
2.9698
3.3407
3.1890
3.9908
3.8370
4.5560
5.2515
3.5304
4.2012
4.2399
4.3431
5.1395
4.9162
6.3582
5.5487
6.3003
7.3957
7.5249
7.8111
7.4201
8.4610
8.6745
9.0817
9.2547
9.6942
10.1120
9.8834
9.9452
10.1218
10.6533
11.3556
11.4122
12.6747
11.5631
12.4216
12.7515
13.0834
13.5336
13.9653
14.2672
13.9158
14.4585
15.1092
14.4092
14.7065
15.1126
15.0070
14.8424
14.6822
15.2828
15.1318
14.8171
14.6053
14.8642
14.7214
14.6356
15.0025
14.7994
15.2510
15.0703
14.8510
15.4025
14.9302
14.9356
15.2421
15.6289
15.1867
15.9192
16.6755
16.0747
16.2234
16.5344
16.6821
16.4107
17.3178
16.9481
17.4132
17.0180
16.5880
16.6739
16.1344
15.9880
16.2449
16.6217
17.0074
17.1963
17.2852
17.6127
17.2673
17.6642
17.8577
18.5538
18.7539
19.1501
18.9558
19.9520
19.6142
19.0250
18.9639
19.5080
19.5097
19.9682
19.5489
19.4447
19.6229
19.2547
18.7393
19.2269
18.7014
18.8524
18.7223
19.4181
19.2870
19.2424
19.4202
19.5274
19.6414
19.3289
19.5566
19.6441
19.4141
19.4426
19.5773
18.4031
18.9101
18.4538
19.0858
18.9288
18.6590
19.4208
19.0701
19.4961
20.2809
20.1055
20.1142
20.2650
19.8625
19.9994
19.9622
20.1439
19.7385
19.7935
19.4551
19.5863
19.7129
20.4941
20.7064
20.0788
19.7199
19.2950
18.8487
18.8406
18.7916
18.8454
18.1393
17.6321
17.3637
17.5895
17.3849
17.3806
17.3342
18.6860
17.4134
17.2026
16.6597
16.9816
16.1824
16.5535
15.2471
14.7506
14.7321
14.1083
13.9728
13.7318
13.2674
12.7297
12.1661
11.5118
11.2626
10.8682
10.4589
10.1739
9.5831
9.3689
9.1003
8.5105
7.9892
8.0312
7.1257
7.0454
6.6077
6.5304
5.9841
5.6087
6.0124
5.1957
4.7261
4.1744
4.0710
3.7390
3.5122
3.0636
2.5379
2.5603
2.2263
2.1415
1.5721
1.7495
1.1718
0.8867
0.2816
0.4141
-0.1912
-0.1620
-0.7177
-0.9267
-1.4147
-1.5078
-1.5281
-1.5525
-1.3501
-1.6670
-2.0438
-2.0748
-1.3989
-2.2948
-1.9613
-2.3520
-2.4101
-2.2271
-2.1863
-1.9993
-2.5134
-2.2981
-2.8496
-2.4295
-3.1259
-3.3509
-2.8431
-3.7769
-3.5483
-3.6210
-3.7490
-3.7573
-4.1967
-3.5276
-3.8901
-4.1530
-3.3731
-4.3814
-4.5502
-4.8913
-4.5458
-4.6759
-4.9401
-4.6254
-4.8267
-4.3505
-4.7437
-4.2390
-4.1746
-4.4314
-4.5565
-4.5067
-4.8283
-5.2910
-5.3778
-5.1840
-5.2751
-4.4022
-4.4594
-4.8486
-4.6689
-5.0379
-5.2308
-5.3729
-5.5618
-4.9117
-5.5862
-5.4129
-5.6199
-5.4400
-5.3005
-5.3944
-5.1363
-5.0138
-5.3190
-5.8287
-5.5076
-5.9426
-5.5383
-5.7720
-6.1291
-6.3804
-6.3034
-6.9484
-7.0317
-6.6750
-6.4096
-6.6006
-6.7436
-7.0346
-7.1452
-6.9181
-7.0359
-7.0812
-7.0321
-6.9168
-7.0264
-6.8335
-6.9121
-6.4643
-6.3391
-5.9663
-6.0892
-6.6501
-6.5871
-6.6910
-6.6392
-6.4418
-6.0556
-6.0042
-6.5260
-5.9938
-6.1659
-5.7272
-6.0000
-5.8979
-6.2404
-5.6622
-5.8873
-6.1991
-6.5275
-6.4619
-6.1703
-6.7785
-7.0246
-6.9813
-6.8232
-6.6902
-6.7418
-6.7867
-6.9928
-7.0310
-6.9757
-6.7612
-6.6508
-6.3939
-5.9634
-6.3031
-6.3035
-6.0568
-6.0528
-5.9636
-5.5126
-5.5822
-5.1966
-5.0681
-5.3041
-5.3883
-5.4267
-4.9894
-5.2996
-5.2142
-5.1651
-5.0774
-4.8464
-4.7496
-4.4883
-4.4935
-4.0123
-4.1319
-3.8886
-3.7960
-3.7563
-3.7349
-3.2755
-3.6661
-3.2544
-3.2646
-3.3714
-3.3990
-3.3718
-3.0785
-3.1738
-3.0576
-2.6868
-2.6111
-2.5007
-2.6650
-2.4669
-2.1064
-2.1552
-1.9977
-1.8033
-1.4723
-1.4559
-1.3888
-1.5381
-1.4352
-1.5681
-1.3859
-1.4412
-1.3753
-1.4103
-1.2904
-1.2848
-1.0840
-1.1150
-0.8999
-0.8276
-0.4697
-0.5807
-0.5656
-0.5631
-0.5882
-0.3784
-0.5579
-0.5349
-0.5199
-0.5448
-0.5685
-0.7064
-0.8089
-0.9986
-1.1426
-1.3295
-1.4981
-1.5960
-1.8080
-1.9408
-2.2344
-2.3837
-2.7223
-2.9808
-3.3657
-3.4737
-3.9405
-4.2376
-4.4707
-4.6766
-4.6377
-4.9614
-5.0183
-5.1854
-5.3027
-5.4999
-5.6210
-5.4872
-5.7589
-5.7491
-5.8427
-5.8655
-5.9057
-6.0169
-6.0302
-6.2114
-6.2426
-6.3493
-6.3576
-6.2476
-6.4626
-6.5254
-6.6016
-6.7105
-6.8816
-6.9627
-7.2136
-7.3645
-7.6765
-7.8876
-8.1004
-8.2751
-8.4022
-8.4818
-8.5617
-8.6472
-8.7861
-8.9094
-9.0355
-9.1680
-9.3028
-9.4728
-9.4221
-9.7640
-9.8673
-9.9415
-9.9611
-9.9738
-9.9415
-9.8748
-9.8960
-9.8596
-9.9044
-9.8472
-9.7832
-9.6974
-9.5354
-9.4683
-9.3129
-9.2546
-9.1181
-8.9487
-8.7987
-8.5882
-8.2115
-8.1633
-8.0092
-7.8751
-7.8767
-7.9339
-8.0638
-8.1436
-8.2938
-8.3236
-8.5046
-8.6148
-8.4874
-8.5423
-8.5613
-8.7216
-9.2307
-8.8219
-9.5312
-9.4286
-9.8965
-9.4983
-9.8586
-10.3039
-10.3764
-10.2374
-10.6066
-10.8695
-10.7839
-11.1324
-10.9149
-10.9296
-11.0359
-11.0438
-11.1868
-11.4297
-11.3099
-11.6972
-11.5511
-11.8516
-11.2353
-11.4444
-11.7868
-11.0795
-11.4950
-10.8090
-10.8037
-10.2309
-10.2605
-10.2052
-10.6993
-10.3086
-10.4953
-10.0885
-10.2785
-10.0494
-9.9620
-10.0352
-9.6253
-9.4801
-9.0640
-8.8939
-8.7534
-7.8796
-8.2228
-7.0947
-7.0513
-6.7976
-6.4188
-5.6008
-5.9415
-5.2800
-3.5632
-4.3841
-4.5230
-3.9707
-3.5126
-3.7047
-3.1882
-2.9001
-2.1718
-2.4819
-2.2152
-2.3667
-1.5494
-1.8271
-0.6005
-0.7494
-0.8519
-0.7756
-0.9607
-0.8075
-0.4969
0.2292
0.2854
1.0425
1.1879
1.8336
1.6697
2.0849
1.5772
1.8733
2.4023
2.5111
2.5165
2.7801
3.0294
2.6414
2.9158
3.0446
3.1757
3.4073
4.4026
4.8080
4.5855
5.1699
4.9228
5.2088
5.5638
6.1028
6.4743
6.5480
7.0032
7.3895
7.3243
8.0362
8.3173
8.1779
9.1393
8.7258
8.9973
9.6168
9.5906
9.5574
9.8330
10.1878
10.9664
10.5821
11.1553
10.8564
11.3345
11.0613
11.3002
12.0678
12.2377
12.1169
11.7259
11.4384
11.0336
10.4512
10.0077
9.9779
10.0296
9.8007
9.6070
8.5412
8.1118
8.3669
7.8785
7.8611
8.2280
8.3195
8.0271
7.5603
7.4429
7.2487
7.0794
6.4585
6.4566
6.6799
6.4349
6.2676
6.4034
6.6959
5.9372
5.8040
5.6821
4.9834
4.5495
4.4577
3.7159
3.4864
3.0955
2.5879
2.4038
2.0435
1.5917
1.6754
1.6155
1.7296
1.5290
1.6245
1.4366
1.4385
1.9110
1.7279
1.8930
1.7050
1.0482
1.2889
1.2296
1.1786
1.1633
1.1060
1.4968
1.7082
1.7274
1.7259
1.9615
2.1098
2.1818
1.8354
2.6698
2.2190
1.6615
1.5088
1.7430
1.2270
1.4468
0.7988
0.7628
0.6390
1.0317
0.8341
0.8915
0.2821
0.2394
0.2050
0.4373
0.4098
-0.2174
-0.2691
-0.2504
-0.2721
-0.2794
-0.2441
-0.1840
-0.4804
-0.7223
-0.5949
-0.6670
-0.4807
-0.7359
-0.5437
-0.2422
-0.5660
-0.5873
-1.0576
-0.7131
-0.9585
-1.1343
-1.0562
-0.8847
-1.0862
-1.3969
-1.2705
-1.5067
-1.6872
-1.7005
-1.3378
-1.5994
-1.4834
-1.7886
-1.6953
-1.0570
-1.2267
-1.4048
-1.3078
-1.0596
-1.4852
-1.2520
-1.3337
-0.9680
-0.9164
-1.1988
-1.0723
-1.1901
-1.1093
-1.0927
-1.0469
-0.7148
-0.8151
-0.9433
-0.8482
-1.3112
-1.3806
-1.5510
-1.7634
-1.8487
-1.9607
-2.2063
-2.2988
-2.7034
-2.5197
-2.3030
-2.4142
-2.3188
-2.5567
-2.7280
-2.8477
-2.8261
-2.6913
-2.4343
-2.3121
-2.5908
-2.5528
-2.3819
-2.5589
-2.4338
-2.2845
-2.0763
-1.5813
-1.5003
-1.4229
-1.2468
-1.2692
-1.6854
-1.9873
-1.9147
-2.1288
-2.1906
-2.4118
-2.4228
-2.5284
-2.5965
-2.5161
-2.8037
-2.8015
-2.6084
-2.6390
-2.1448
-2.2112
-1.9224
-2.2723
-2.1717
-2.3727
-2.2411
-2.0098
-1.9831
-1.9036
-1.8989
-2.0042
-1.5953
-1.8656
-1.8975
-1.7243
-1.9112
-1.9461
-2.0450
-1.6217
-1.6357
-1.4742
-1.6766
-1.8730
-2.0320
-2.3676
-2.2609
-2.5169
-2.5809
-2.4947
-2.6042
-2.4582
-2.4280
-2.2057
-2.2456
-2.6026
-2.7623
-2.6817
-3.0367
-2.9412
-3.0067
-2.8505
-3.2745
-3.2560
-3.2986
-3.3011
-3.2733
-2.5776
-3.1495
-2.8939
-3.0413
-2.7101
-2.7396
-2.5092
-2.7262
-2.0622
-2.1738
-2.2753
-2.7612
-2.4232
-2.8562
-3.0039
-3.1269
-2.8131
-2.9055
-2.3286
-2.4505
-2.9491
-3.0845
-3.0482
-2.7939
-2.8749
-2.7988
-2.8435
-2.4807
-2.4300
-2.5853
-2.6167
-3.1414
-3.3268
-3.4747
-3.5944
-3.5863
-3.5964
-3.3962
-3.6144
-3.5155
-3.3234
-3.7485
-3.7654
-3.3228
-3.5676
-3.0595
-3.5963
-3.6449
-3.6215
-3.5134
-3.5169
-3.2359
-3.5535
-3.0980
-3.4781
-3.4782
-3.1891
-3.5328
-3.2815
-3.3527
-3.3292
-2.9145
-2.9262
-3.2229
-3.0463
-3.1297
-2.8681
-2.8377
-2.0107
-2.5906
-2.3109
-2.4792
-2.7838
-2.4870
-2.7580
-2.7130
-2.8129
-2.9217
-3.0091
-2.8396
-2.8861
-2.5797
-2.9155
-2.8890
-2.8789
-2.7514
-2.7722
-2.6432
-2.7440
-2.4526
-2.6830
-2.2711
-2.4894
-2.3693
-2.1470
-2.3873
-2.3374
-2.4041
-2.3865
-2.3550
-2.0987
-2.3234
-2.0141
-2.2972
-2.2007
-2.3205
-2.2720
-2.3178
-2.2483
-2.2264
-2.1981
-2.2168
-2.2056
-2.2768
-2.2403
-2.2341
-2.0858
-1.9583
-1.7643
-1.7318
-1.2151
-1.5215
-1.1337
-1.1348
-0.8076
-0.7394
-0.8168
-0.7392
-0.4043
-0.5328
-0.3806
-0.2865
-0.0550
0.1881
0.2938
0.5875
0.5742
0.6545
0.6578
0.7284
0.7473
0.8051
0.9395
1.0615
1.2097
1.2479
1.4876
1.4317
1.6050
1.5108
1.4230
1.7761
1.3709
1.1417
0.9638
0.6184
0.3427
0.0299
-0.2476
-0.3188
-0.9084
-1.2208
-1.5066
-1.7673
-2.4930
-2.8527
-3.3555
-3.6935
-3.8860
-4.1733
-4.3726
-4.6886
-4.9201
-5.2699
-5.3661
-5.9206
-6.1428
-6.2890
-6.3961
-6.3877
-6.4174
-6.5412
-6.7154
-7.0223
-7.2196
-7.4424
-7.6442
-7.8140
-7.9933
-8.1752
-7.8948
-8.3765
-8.7362
-8.7912
-8.8136
-9.0409
-9.0417
-9.0370
-9.1417
-9.1451
-9.1591
-9.1580
-9.0578
-9.0220
-9.0055
-8.9864
-9.0010
-9.0417
-8.8884
-9.1728
-9.2718
-9.2140
-9.1678
-9.2834
-9.2729
-9.4543
-9.5394
-9.3691
-9.4994
-9.2745
-9.4215
-9.3365
-9.3140
-9.1014
-9.1634
-9.5920
-9.7098
-9.8899
-9.9641
-9.9676
-9.9904
-10.0248
-9.8427
-10.0986
-10.0303
-10.0307
-10.0041
-9.8202
-9.7444
-10.0216
-10.0160
-9.9795
-10.2330
-10.3035
-10.2770
-10.3763
-10.1930
-10.4883
-10.5070
-10.4801
-10.4827
-10.4791
-10.4412
-10.4341
-10.1282
-10.2835
-10.1578
-10.0566
-10.0028
-9.7616
-9.9341
-9.9354
-9.8619
-9.8185
-9.6697
-9.9123
-10.0528
-9.9897
-10.2673
-10.4054
-10.4881
-10.7421
-10.9358
-11.2561
-11.3703
-11.2936
-11.5281
-11.6065
-11.6896
-11.7842
-11.7653
-11.8442
-11.8180
-11.5031
-11.4980
-11.6352
-11.4204
-11.7298
-11.3753
-11.5455
-11.3420
-11.5234
-11.1970
-10.9774
-10.4967
-11.0391
-10.7670
-11.0756
-10.5958
-10.8436
-10.4610
-10.4124
-10.0216
-10.0926
-10.5199
-10.4640
-10.2214
-10.6028
-10.2156
-10.5871
-10.4516
-10.1594
-10.2171
-9.7524
-10.2961
-10.0709
-9.8615
-9.4087
-10.0013
-9.9661
-9.8148
-9.3512
-9.9573
-9.9776
-9.7077
-9.7700
-9.3122
-9.4486
-9.1904
-8.6738
-8.9953
-9.1258
-8.9647
-8.9397
-9.0959
-8.7417
-8.5169
-8.9791
-9.4181
-8.5067
-9.0116
-8.3084
-8.2712
-7.9228
-7.8887
-8.3437
-8.0340
-8.1309
-7.8926
-7.3985
-7.6747
-7.7683
-7.1786
-7.6276
-7.2893
-7.4177
-7.2052
-6.3911
-7.1396
-7.1518
-6.9564
-6.3375
-6.2214
-6.0271
-4.5437
-4.7175
-4.5752
-4.8643
-5.0075
-5.3670
-4.3021
-4.3748
-4.3602
-3.8386
-3.9892
-3.4973
-3.2804
-3.1977
-1.8929
-2.9842
-2.1817
-1.6001
-1.8030
-0.1618
-0.7353
-0.3710
0.1341
1.4457
1.5431
2.5374
2.5678
2.0118
2.7456
3.2808
3.9889
3.4188
4.7766
4.0535
4.6568
6.3442
5.0790
6.4255
7.4520
7.6887
7.4559
7.8214
8.6389
9.2448
9.3626
9.4601
9.9200
10.6902
11.6941
11.3981
12.1988
13.7977
13.5966
14.7875
13.7735
14.6631
14.4258
16.0246
17.4452
18.6146
19.4098
20.2517
20.9484
20.6761
21.2939
21.2612
21.2490
21.4494
21.6029
21.9560
22.0810
21.8803
21.1390
21.5536
20.9680
22.8765
21.7353
22.5613
22.2367
22.9307
23.3873
23.9460
23.7751
24.2749
25.0829
25.2222
25.6478
26.0722
25.3607
25.7630
26.6480
26.2108
26.1992
27.1782
26.5687
26.7099
26.7766
26.5163
27.1111
26.2861
26.7123
26.5220
26.7017
26.9045
27.5841
27.8803
28.0774
27.5017
27.7368
27.4317
27.6852
27.9318
28.0449
28.3767
29.2108
29.1298
29.6524
29.8417
30.2753
30.2277
30.3381
30.1505
30.5040
30.9341
31.7900
31.3009
31.9781
32.3452
32.6078
33.4882
33.9775
34.0769
35.0225
34.9394
36.0347
35.5220
36.0449
36.9793
35.9692
36.5647
36.1446
36.0382
35.7869
36.1374
35.0041
34.1409
34.2812
33.2604
33.6056
33.1571
32.0208
32.1781
31.0769
30.4595
29.6934
29.1051
28.6694
28.4298
27.6112
27.0878
26.2633
25.4346
25.6014
24.4726
24.2701
23.3388
22.9839
22.8297
22.0056
21.1913
20.8090
19.7076
18.9698
18.5170
18.0460
17.2937
16.9205
16.0626
16.2190
15.4440
15.6009
14.9850
14.1430
13.9732
13.6667
12.5681
12.5279
11.8344
11.1733
10.7363
10.4909
9.7501
8.9640
8.1389
7.9882
7.5136
6.9508
6.8089
5.8881
5.7991
5.2616
5.4057
5.3681
5.0808
5.2232
4.5450
4.4342
4.9367
4.4593
4.4814
4.2637
3.8014
3.9372
3.5905
3.5232
3.6983
3.4084
3.6313
3.2316
3.0520
2.8007
2.6995
2.7839
2.9244
2.9342
2.9679
3.0869
3.1468
2.8536
2.3806
2.4519
1.9163
1.8902
2.2114
1.7815
1.7527
1.9131
1.6514
1.5248
1.6471
1.4654
1.9066
1.7660
1.4123
1.2157
0.9409
0.8256
0.6808
0.9281
0.5594
0.6729
0.7504
0.7164
0.5679
0.7579
0.4133
0.3470
0.4402
0.2204
0.1876
0.2986
0.7868
0.5512
1.0798
0.5482
0.2556
0.3203
-0.2453
0.2968
-0.0788
-0.0001
-0.6962
-0.5572
-0.7375
-0.3328
-0.6080
-0.3533
-0.6125
-0.3449
-0.4739
-0.6510
-0.7939
-1.0382
-0.7743
-1.2799
-1.1212
-1.3492
-1.0722
-1.4079
-1.6236
-1.7398
-1.5283
-1.5392
-2.0102
-2.0684
-1.6807
-1.9571
-2.0999
-1.9014
-1.8552
-2.5899
-2.6326
-2.9152
-2.3897
-2.4401
-2.1056
-2.3461
-2.3668
-2.6100
-2.1672
-2.4129
-2.1556
-2.6552
-2.8201
-2.8514
-2.4579
-2.5246
-1.5806
-2.3255
-2.1183
-2.2232
-1.9753
-2.5292
-2.0842
-2.1472
-2.2190
-1.9695
-2.1330
-2.1176
-2.0331
-2.3069
-2.2577
-2.8237
-2.8272
-2.8916
-3.1676
-2.8818
-3.5254
-3.5315
-3.6465
-4.1570
-3.8126
-4.1109
-4.1362
-3.9296
-3.9979
-4.1390
-4.0012
-4.0144
-3.7558
-3.0871
-3.4851
-3.7692
-3.7594
-3.6908
-3.7578
-3.1805
-3.3253
-2.9300
-2.7867
-2.3380
-2.8268
-2.4583
-2.5607
-2.2919
-2.5745
-2.4922
-2.5930
-2.5302
-2.4517
-1.8821
-2.4141
-1.7689
-2.0825
-2.0442
-2.1238
-2.2474
-1.9346
-2.5225
-2.4960
-2.4028
-2.7102
-2.3367
-2.6825
-2.6558
-2.6721
-3.1628
-3.3083
-3.4517
-3.6856
-3.5176
-3.7172
-3.6793
-3.9714
-3.7590
-3.8565
-3.9134
-3.7898
-3.8161
-4.2514
-4.4889
-4.5757
-4.6925
-4.7327
-4.6551
-4.1487
-4.3545
-3.9200
-4.3215
-4.4172
-4.2579
-4.1345
-4.1629
-4.5267
-4.5693
-4.6339
-4.0460
-4.6480
-4.4827
-4.6938
-4.5140
-4.6546
-4.3825
-4.8972
-4.8011
-4.8869
-5.0420
-5.1854
-5.1346
-5.2059
-5.2235
-5.2950
-5.1251
-5.3878
-5.4766
-5.6568
-5.6233
-5.9149
-5.9476
-6.2318
-6.3308
-6.3862
-6.4655
-6.5590
-6.4263
-6.5397
-6.7813
-6.8292
-6.8547
-6.9173
-6.9870
-6.8966
-7.1878
-7.2381
-7.4094
-7.5548
-7.7795
-7.9518
-7.8919
-8.0984
-7.5843
-8.1292
-8.2146
-8.3385
-8.3914
-8.4764
-8.7676
-8.8167
-8.9568
-8.9695
-8.9603
-9.2092
-9.1910
-9.4181
-9.5633
-9.6391
-9.8242
-9.9089
-9.8236
-10.0659
-10.1970
-10.2050
-10.3426
-10.3570
-10.1257
-10.4663
-10.4143
-10.6047
-10.6561
-10.4858
-10.7535
-10.7101
-10.7166
-10.7518
-10.7820
-10.6856
-10.8401
-11.0389
-11.0652
-11.2651
-11.3485
-11.1233
-11.3097
-11.3344
-11.7255
-11.4062
-11.7615
-11.5573
-11.8074
-11.9391
-12.0094
-11.6253
-11.4510
-11.4118
-11.2733
-11.8613
-11.5681
-11.3778
-11.3385
-11.4033
-10.9652
-11.1864
-11.0201
-11.1828
-11.2720
-11.2466
-11.3362
-11.3714
-10.7184
-11.2699
-10.9902
-11.2614
-11.0093
-11.1140
-10.9017
-10.6045
-10.5762
-10.2441
-10.4170
-10.5340
-10.3087
-10.3089
-9.7093
-9.8610
-9.3966
-8.9126
-8.3474
-8.6225
-8.6375
-8.6209
-8.1368
-8.5820
-8.1073
-8.5375
-7.7513
-7.7979
-7.7140
-7.8678
-7.6696
-7.7842
-7.5124
-7.2932
-7.3703
-7.2939
-6.8842
-6.8257
-7.0850
-7.1114
-7.2047
-7.0309
-7.1370
-7.4502
