-2.4021
-2.5624
-2.6107
-2.6350
-2.6457
-2.6010
-2.3885
-2.5220
-2.5549
-2.5435
-2.5775
-2.5754
-2.5653
-2.5750
-2.5796
-2.6548
-2.6567
-2.8439
-2.9381
-3.1696
-3.3053
-3.4486
-3.5862
-3.5167
-3.8780
-4.0311
-4.2479
-4.4231
-4.5804
-4.6064
-4.6969
-4.7197
-4.8179
-4.8583
-4.6546
-4.8626
-4.8136
-4.8083
-4.7461
-4.7735
-4.7476
-4.7830
-4.7883
-4.8169
-4.8433
-4.8547
-4.8816
-4.8057
-4.8466
-4.6163
-4.8793
-4.9328
-4.9543
-5.0056
-4.9326
-4.9768
-4.7188
-4.9954
-4.9742
-4.9655
-4.9254
-4.8906
-4.8267
-4.7994
-4.7656
-4.7616
-4.7505
-4.7259
-4.7235
-4.3815
-4.6411
-4.5323
-4.6660
-4.5116
-4.5619
-4.2137
-4.4685
-4.3797
-4.3388
-4.2574
-4.2122
-4.1489
-4.1308
-4.0764
-4.0575
-4.0007
-3.9269
-3.8498
-3.7853
-3.7048
-3.7999
-3.7951
-3.8201
-3.6249
-3.7440
-3.7870
-3.7546
-3.5349
-3.7195
-3.7009
-3.6948
-3.6700
-3.6378
-3.5425
-3.4672
-3.3562
-3.3609
-3.3447
-3.3580
-3.2713
-3.2626
-3.2312
-3.0064
-3.2421
-3.1820
-3.0216
-3.1904
-3.1250
-3.0491
-2.9372
-2.8139
-2.6737
-2.5546
-2.4198
-2.3383
-2.2148
-2.0355
-1.9592
-1.7962
-1.7833
-1.4935
-1.6055
-1.5630
-1.4879
-1.3567
-1.3211
-1.2051
-1.2475
-1.2308
-1.2780
-1.1408
-1.4302
-1.5093
-1.5813
-1.6433
-1.6870
-1.7557
-1.8357
-1.9599
-2.0894
-2.1789
-2.2793
-2.2481
-2.3433
-2.3504
-2.4382
-2.5039
-2.3280
-2.5913
-2.6251
-2.6681
-2.6307
-2.7307
-2.7617
-2.9385
-3.0403
-3.1232
-2.9963
-3.2124
-3.2604
-3.2297
-3.2770
-3.2299
-3.2530
-3.1978
-3.1484
-3.0886
-3.0191
-2.9719
-2.9050
-2.8178
-2.4039
-2.5092
-2.2836
-2.2271
-2.0352
-1.7910
-1.6329
-1.4089
-1.3023
-1.1132
-0.7234
-0.7252
-0.5281
-0.3318
-0.0954
0.0711
0.2802
0.5564
0.4865
0.6381
0.7240
0.9818
1.0484
1.4751
1.5703
1.6624
1.6878
2.2844
1.6474
2.0145
1.6010
1.8766
2.0614
1.9951
2.4553
2.4849
2.7548
2.5802
2.7271
3.1298
3.1247
3.2734
3.6630
3.8557
3.6418
3.9859
4.1404
4.6230
4.5905
4.9658
4.4139
4.1964
4.9550
4.8244
5.1454
5.2829
5.8072
5.5293
6.1240
6.1211
6.1642
6.0651
6.1002
5.9347
6.1937
6.3783
6.4319
6.8770
6.5369
6.4470
6.5977
6.4704
6.0017
6.1791
5.6970
5.4338
5.5702
5.2895
5.4755
5.6791
5.1667
5.1665
5.4048
5.8347
5.7367
5.1344
5.3562
4.7665
4.9035
4.6202
4.6818
5.0296
4.6593
4.3066
3.7807
3.9244
4.2081
4.1881
4.2930
4.3966
4.3002
4.4720
4.7390
5.3962
6.1695
5.4504
5.7070
5.2204
6.0016
6.0506
6.1114
6.0821
6.0451
5.7694
5.7298
6.3376
7.2728
6.2172
7.3788
6.2778
6.5188
6.4778
6.3994
6.3672
6.5734
6.8352
6.8096
7.0884
6.3811
6.8621
5.8562
5.8718
5.5593
5.3808
5.7952
5.3764
5.9700
4.7768
5.6014
5.0886
6.1770
5.9620
5.7359
5.9127
6.1298
6.0611
6.8214
6.6956
6.7041
6.3262
5.8055
6.0176
5.8491
6.0088
5.5998
5.9552
5.5551
5.9916
6.6958
5.8403
5.7818
6.0953
5.4272
5.9166
6.0888
5.2599
5.1212
4.6897
4.7304
4.2697
4.0844
4.3764
3.4913
3.0940
2.7220
2.4465
2.2123
2.5641
2.4346
2.0948
1.6631
2.5565
2.6678
2.2985
2.0572
2.4978
1.9428
2.5656
2.2986
2.6807
2.6811
2.7192
4.1199
3.1185
2.4428
2.5789
2.1157
2.4919
2.9121
2.7194
2.9517
3.6865
3.8797
3.4996
3.3119
2.4479
2.7477
2.9909
2.1123
2.6187
2.4182
2.7724
2.2590
2.1699
2.0551
1.7739
2.4546
2.4655
3.1864
2.7477
2.4971
2.6287
2.3238
1.9155
2.3003
2.8120
2.7319
2.4164
2.0701
2.4727
1.6072
2.1159
2.1313
1.4842
2.0856
2.5558
1.5520
2.1862
1.6139
2.2102
1.3342
1.4797
1.9518
1.3645
1.0314
1.4835
1.2447
0.9029
0.9775
0.8656
1.7257
0.8527
0.8919
0.7739
1.0490
1.0338
0.7555
0.2475
0.8405
1.3555
0.9683
0.9896
1.0537
1.0868
1.4115
1.8242
1.8116
2.3366
1.7835
1.5497
2.0325
2.0210
2.0371
2.9297
2.4341
2.7598
2.9082
3.2609
3.1742
3.1997
2.8085
3.5912
3.4198
3.5092
3.1806
3.7773
3.7005
3.3923
3.9041
3.6102
3.7219
3.9949
4.0700
4.5196
4.2118
4.3171
3.8742
3.6462
3.3654
3.3731
3.1160
3.3989
3.2183
3.1240
3.2030
3.0913
2.9999
3.3517
3.1449
3.5507
3.4675
3.8862
3.6757
3.5575
3.4076
3.3168
3.0239
2.4379
2.2888
1.6465
1.6168
1.1806
1.2044
1.4296
0.9826
1.0337
1.0302
0.6431
0.4328
0.6008
0.7438
0.8121
1.0343
0.7118
0.9427
0.6020
0.8686
1.0667
0.6006
0.9387
1.0380
1.1994
0.8734
0.6142
0.4181
0.5712
0.2242
0.4134
0.3760
0.5309
0.7680
0.5586
0.3753
0.1964
-0.1929
-0.4497
-0.5077
-0.8795
-0.8649
-0.9943
-1.0903
-1.2782
-1.4059
-1.2635
-1.4862
-1.5798
-1.6884
-1.8268
-1.9528
-2.0176
-2.0282
-1.9057
-1.9949
-2.1129
-2.1367
-2.3729
-2.3715
-2.2892
-2.5614
-2.5130
-2.5294
-2.2797
-2.5278
-2.5647
-2.4017
-2.6103
-2.5648
-2.5688
-2.4787
-2.4093
-2.6067
-2.5792
-2.1211
-2.8736
-2.6173
-2.5989
-2.5740
-2.8455
-3.0229
-2.5778
-2.8622
-2.2538
-2.3145
-2.4094
-2.3013
-2.1236
-1.8021
-2.0158
-1.6444
-1.6918
-0.9037
-1.0936
-1.4154
-0.9276
-1.3933
-1.3503
-0.9673
-0.9561
-0.1628
-0.5469
-0.2092
-0.8825
-0.4592
-0.2679
0.0205
-0.0167
0.1378
-0.1103
-0.0900
0.0733
0.6135
0.6557
0.3348
0.3689
0.6985
0.4434
0.8875
0.9985
1.6031
1.2731
1.2397
1.3709
1.3403
1.0726
1.4893
1.5952
2.0003
1.7596
2.1524
2.4632
2.3494
2.4517
2.4396
2.1900
2.7824
2.1391
1.9236
1.7248
1.5579
1.5039
1.3831
1.2205
0.9769
0.9016
0.9019
0.5160
0.1995
-0.2002
-0.4175
-0.6632
-0.8584
-0.9023
-1.1104
-1.1289
-1.3336
-1.4143
-1.4291
-1.3306
-1.5541
-1.5228
-1.8608
-1.8412
-1.9419
-1.9025
-2.0897
-2.0430
-2.3475
-2.4841
-2.5053
-2.4992
-2.4355
-2.3151
-2.1312
-2.4062
-2.5025
-2.5501
-2.5418
-2.1211
-2.5278
-2.6449
-2.7031
-2.6947
-2.8234
-2.6121
-3.0261
-3.0720
-3.0803
-2.8503
-2.8256
-2.7848
-2.5229
-2.4038
-2.1750
-2.2053
-2.8113
-2.8771
-2.9784
-3.0332
-2.9807
-2.7798
-2.8129
-2.4960
-2.3919
-2.5995
-2.5804
-2.2900
-2.3735
-2.0389
-2.1345
-1.8912
-2.0155
-2.0004
-1.8042
-2.0477
-1.7906
-2.0067
-1.8407
-1.8894
-1.8275
-1.8429
-1.9017
-1.6493
-1.7745
-1.3788
-1.4880
-1.5265
-1.4637
-1.3674
-1.4003
-1.3149
-1.2012
-0.9991
-0.9021
-0.5820
-0.7906
-0.6266
-0.6017
-0.4264
-0.2360
-0.2911
-0.2874
-0.2149
0.0249
-0.1645
0.1822
0.1589
0.1255
0.1327
0.2476
0.2847
0.3628
0.4126
0.3667
0.2413
0.2949
-0.0022
-0.0334
-0.0390
-0.1098
0.0123
-0.2731
-0.1971
-0.4499
-0.4975
-0.3368
-0.4852
-0.7300
-1.0001
-1.0577
-1.0403
-1.4015
-1.4399
-1.4528
-1.8432
-2.0634
-2.2754
-2.0810
-2.4070
-2.4608
-2.6701
-2.5855
-2.8850
-2.9205
-3.0734
-2.9383
-3.2484
-3.1912
-3.1453
-3.0729
-2.3823
-2.8887
-2.8715
-2.8937
-2.9694
-3.0695
-3.0420
-3.1762
-3.2324
-3.3344
-3.3649
-3.0223
-3.4101
-3.2045
-3.4415
-3.3391
-3.4550
-3.1924
-3.4205
-3.2305
-3.4374
-3.4909
-3.4353
-3.5087
-3.5105
-3.5936
-3.6103
-3.5884
-3.5720
-3.2019
-3.4179
-3.2627
-2.9067
-3.3031
-3.1130
-3.2734
-3.2975
-3.2298
-3.0996
-3.3240
-3.1302
-3.3409
-2.8680
-3.0002
-2.5239
-2.7576
-2.8142
-2.9414
-2.8734
-2.7969
-2.4987
-1.9967
-2.1938
-2.2403
-2.3022
-2.2825
-1.9771
-2.2530
-2.2175
-2.0077
-1.7864
-1.7017
-1.4086
-1.4410
-1.6126
-1.4431
-1.3103
-0.9241
-0.8828
-0.7562
-0.4952
-0.3072
-0.0437
0.0878
0.1615
0.1094
0.3455
0.2012
0.6070
0.4852
0.6953
0.6832
0.8702
1.1009
1.0976
1.0804
1.2923
1.3368
1.7110
1.5388
1.6481
1.6744
1.9761
1.7913
1.8145
1.8247
1.9709
1.9795
2.1743
2.1074
2.3989
2.1686
2.3903
2.1710
2.3471
2.2369
2.1793
2.4760
2.1799
2.2304
2.3787
2.3240
2.7908
2.4119
2.4007
2.1487
2.3465
2.0279
2.1674
1.8067
1.7106
1.7084
1.5909
1.6021
1.4328
1.3913
1.3295
1.3420
1.3335
1.3593
1.5052
1.8782
1.2367
1.2350
1.2812
1.4713
1.2975
1.2104
1.1576
1.0618
1.0548
0.9230
0.8809
0.9230
0.6653
0.6011
0.5268
0.5537
0.6171
0.7510
0.9051
1.0637
0.5272
0.5273
0.5782
0.7317
0.7868
0.8603
0.7936
0.9588
0.8593
0.9090
1.0685
1.1581
1.2198
1.2767
1.2748
1.4226
1.2748
1.1152
1.1312
1.0380
1.1439
1.3322
1.6168
1.9723
2.3314
2.5901
2.6973
2.6404
2.5341
2.6762
2.5125
2.7535
2.8419
3.1666
3.1097
3.2932
3.2556
3.3405
3.5469
3.5631
3.7113
3.8943
3.6548
3.7137
3.5532
3.5682
3.3681
3.7246
3.0299
3.4006
2.9919
3.1031
3.0399
3.2368
2.4167
2.7712
2.9789
3.1211
3.0984
3.0991
2.2610
1.9823
1.7717
1.4877
2.2731
1.3475
1.8909
1.6502
1.9136
1.5680
1.9550
2.6172
2.2463
2.9148
3.3101
2.8545
2.6603
2.7061
2.2181
3.1037
2.2609
3.7193
2.9090
3.4572
3.7821
4.4054
4.4979
4.2312
4.9229
5.3551
4.9883
5.6145
5.4853
5.3110
5.4853
6.2186
6.9496
6.4922
6.4378
6.5291
6.8262
6.7941
7.0558
7.5413
6.3706
6.4313
6.2523
7.0719
6.0132
5.7392
5.7642
5.4719
5.8520
4.7749
5.1492
4.7433
4.6204
4.3077
3.7216
3.9247
3.3368
2.8482
2.6134
2.6275
2.1276
2.0557
1.7659
1.7902
2.1601
2.0337
2.1699
1.8976
1.9715
1.9154
2.2592
1.4674
1.5161
1.1789
0.5601
0.4800
0.1400
-0.1546
-0.1240
-0.3493
-0.5705
-0.6180
-0.6488
-0.9612
-0.6387
-0.6341
-0.4562
-0.2950
-0.2974
-0.6707
-0.5513
-0.5769
-0.8557
-0.1742
-0.6228
-0.8764
-0.6155
-0.0249
-0.5644
-0.7669
-0.4539
0.0494
-0.2240
-0.1542
0.4961
-0.4628
0.6735
0.7932
-0.2432
0.4031
-0.3641
-0.3711
-0.6558
-0.0220
-0.8243
-1.6662
-1.2415
-1.0787
-0.8263
-0.9385
-0.7385
-0.6312
1.3405
0.3630
0.0657
0.7339
0.7965
-0.2705
0.0235
0.1653
-0.0499
0.3553
0.6970
0.3881
0.1555
-0.2239
0.9291
-0.2367
0.2783
1.3488
0.4598
0.4515
0.2930
-0.1968
-0.4703
-0.5662
0.4199
-0.6052
-0.9473
-0.4807
-0.8488
0.0388
-0.5781
0.1644
-0.0506
-0.2338
-0.0056
-0.0395
-0.3160
0.2743
0.6580
0.6756
0.4651
0.7045
-0.2165
-0.4584
-0.1430
-0.5717
0.0538
-0.1915
-0.2016
0.5237
0.1538
0.4207
-0.1419
0.0723
0.5918
0.0033
0.7881
0.7056
0.7312
0.6291
0.8129
1.1801
0.5219
0.5335
-0.0132
0.0707
0.4411
-0.1424
0.5151
0.5114
0.8857
1.1514
0.9979
1.0818
1.3885
1.4913
1.6806
1.2945
0.7986
1.1478
0.3910
0.9484
0.7034
1.8756
0.6513
1.1383
-0.0532
0.3479
-0.3546
-0.4251
-0.4189
0.5391
0.2778
0.4370
0.2895
-0.0734
0.8145
0.7168
0.4304
0.3465
0.5683
0.7824
0.8382
-0.0099
0.5912
0.1572
0.5310
0.1639
0.0016
0.1141
0.1570
0.8328
0.3172
1.1486
0.0635
0.2252
0.0278
-0.2753
0.0435
0.0532
-0.0240
-0.0138
-0.0158
-0.0005
0.1769
0.6565
0.4376
0.4526
0.2665
0.2390
-0.0586
-0.1668
-0.0987
-0.2326
-0.5113
-0.8292
-0.6507
-1.1655
-1.1530
-1.0671
-1.8403
-1.7222
-2.0189
-1.9239
-1.7085
-1.5012
-1.2004
-1.5582
-1.5618
-1.2356
-1.1118
-0.6271
-0.7744
-0.7963
0.1081
-0.3563
-0.1756
-0.3441
-0.2261
-0.2393
-0.2811
-0.5704
-0.4957
-0.8916
-0.5230
-1.2027
-1.0833
-1.0161
-0.8778
-0.6327
-0.9171
-0.4466
-0.6765
-0.7939
-1.0032
-0.4920
-0.6188
-0.5476
-0.6874
-0.2851
-0.1164
0.0653
0.3299
0.9111
0.8431
0.6071
0.7031
0.8945
0.9959
0.9533
1.0337
1.5385
1.2871
1.8012
1.6572
1.8016
1.5267
1.7672
1.6887
2.3757
2.1356
2.4670
2.4942
2.7736
3.1327
2.8038
3.0358
2.9515
3.2791
3.3698
3.5232
3.4780
3.4558
3.4678
3.4382
3.7689
3.6414
3.7743
3.7539
3.7076
3.7115
3.5590
3.7068
3.4237
3.3696
3.4145
3.2829
3.2122
3.0131
2.8671
2.7004
2.5309
2.5803
2.2691
2.0675
1.8751
1.5695
1.2778
1.0035
0.7770
0.6319
0.4577
0.2857
0.0160
-0.0234
-0.4823
-0.6973
-0.8695
-0.8986
-0.9620
-0.9621
-0.8191
-1.0533
-1.0498
-1.0803
-1.1057
-1.0933
-1.1617
-1.0960
-1.2975
-1.3531
-1.5487
-1.6282
-1.6448
-1.5118
-1.6993
-1.7187
-1.6025
-1.6355
-1.5866
-1.6717
-1.6603
-1.6665
-1.6446
-1.4808
-1.6647
-1.6842
-1.6407
-1.6274
-1.5823
-1.4813
-1.4734
-1.3681
-1.3654
-1.2381
-1.1196
-0.9698
-0.6531
-0.6874
-0.5159
-0.4210
-0.3977
-0.4627
-0.5442
-0.3592
-0.6058
-0.6022
-0.4522
-0.6408
-0.5060
-0.4234
-0.7500
-0.7455
-0.8786
-0.6242
-0.8681
-0.8849
-0.8395
-1.0566
-1.0729
-1.3873
-1.4290
-1.5331
-1.5830
-1.5108
-1.8167
-1.9486
-1.9673
-2.1043
-1.9048
-2.2249
-2.2199
-2.2377
-2.2129
-2.2525
-2.2321
-2.2605
-2.2275
-2.1771
-2.2156
-1.7499
-2.1791
-2.0204
-2.0260
-1.9881
-2.0800
-2.1083
-2.1287
-2.1877
-2.2563
-2.1666
-2.4085
-2.2008
-2.3255
-2.3571
-2.3382
-2.4363
-2.4158
-2.3944
-2.4696
-2.4629
-2.5192
-2.4708
-1.9693
-2.3274
-2.1738
-2.2498
-2.2256
-2.2404
-2.3251
-2.3083
-2.4966
-2.5562
-2.6233
-2.3071
-2.5582
-2.4422
-2.3328
-2.4545
-2.4356
-2.3191
-2.1230
-1.9071
-1.6013
-1.2252
-0.9977
-0.4688
-0.6015
-0.2429
-0.3196
-0.2039
-0.0976
-0.0542
-0.0525
0.1001
-0.1713
-0.2159
-0.0068
0.0933
0.0357
0.4772
0.1579
0.5679
0.3009
1.3002
0.8037
0.9595
0.9096
1.4683
1.5938
1.7279
1.8033
1.1444
1.0109
0.5637
0.7214
-0.0340
0.9720
0.4552
-0.2582
-0.1601
-0.0206
0.4223
-0.0372
0.7085
0.7571
0.3240
0.7180
0.7141
0.4323
1.3451
1.4420
2.0512
1.7025
2.1405
2.6327
2.9136
3.4881
3.1414
3.6060
3.9195
4.2010
4.2286
4.7950
5.2079
4.6103
4.4306
5.0295
5.4465
5.0124
5.3195
5.8352
5.9193
6.1103
5.4698
5.3014
4.7764
5.2008
5.0500
5.6716
5.7669
6.0739
6.1993
6.6457
6.1124
6.2537
5.8781
6.1417
6.0043
6.1199
5.9731
5.6946
5.7084
4.9754
4.7418
4.5406
4.3166
4.4146
3.8853
3.8190
4.1154
3.7015
3.1081
2.9961
3.0919
2.7805
2.9775
2.7363
2.9161
3.5012
2.7044
3.0028
2.8965
2.5500
2.8128
2.3141
2.6895
2.7795
2.1166
2.3824
2.1212
2.2361
2.3950
1.6257
1.9635
1.5618
1.3140
1.3702
1.2218
1.4884
1.2140
0.7893
1.3408
1.1505
0.2826
0.5602
-0.2715
-0.3270
-0.5811
-0.6496
-0.6565
-1.0061
-0.9506
-1.0879
-0.5590
-0.9707
-0.8386
-0.6931
-1.4380
-1.2363
-1.0755
-1.0244
-1.3345
-1.4753
-1.2008
-1.4623
-1.6365
-1.5638
-1.5279
-1.4543
-1.7101
-1.8497
-1.5893
-1.5906
-1.5573
-1.2510
-1.2886
-1.5870
-1.9648
-2.2237
-2.2517
-2.2187
-1.9519
-1.8341
-1.9426
-2.2165
-1.7315
-2.0346
-1.4273
-1.5677
-1.7734
-2.4152
-2.9085
-2.5848
-2.8808
-2.9370
-2.5577
-2.9316
-2.7772
-3.1424
-3.0574
-3.1733
-3.1618
-3.7586
-3.6977
-3.9273
-3.2234
-3.6540
-3.1656
-3.5146
-3.3246
-3.6916
-3.4448
-3.3943
-3.2856
-3.6276
-3.2926
-3.1439
-3.6348
-3.5760
-3.2425
-3.2772
-3.1470
-3.2854
-2.9568
-3.7165
-2.9871
-3.4341
-3.4099
-2.9349
-3.4655
-3.1246
-3.2547
-2.8601
-2.6478
-2.7172
-2.7766
-3.1406
-2.9068
-3.1322
-3.1460
-2.9248
-3.7075
-3.8191
-4.1940
-4.0276
-3.9894
-3.7585
-3.1561
-3.0580
-3.8169
-3.2672
-3.9043
-3.4608
-3.3558
-3.4780
-2.5595
-3.0783
-2.4267
-2.2099
-1.5048
-1.1315
-1.4957
-0.8852
-1.3873
-1.0430
-0.6605
-0.3741
-0.2022
0.2317
0.5985
0.1460
0.3409
0.3048
0.4288
0.4796
1.0905
1.5112
1.6788
1.5437
1.5899
1.8967
2.1774
2.7490
3.6428
3.3158
4.1387
4.2994
5.0142
5.1171
5.4448
5.5125
6.3816
6.1066
5.7821
6.1900
6.4066
6.0473
6.6391
6.7144
7.0365
7.3164
6.5003
6.8553
6.8786
6.2576
6.6101
6.3891
6.6403
6.7264
6.6370
6.4291
6.1423
6.3297
5.6917
5.6512
5.8216
5.6933
5.1665
4.6179
4.9363
4.2521
4.6383
4.9902
3.8606
3.5287
3.1848
3.2246
2.5199
2.4535
2.1901
2.1788
2.0477
1.9647
2.0924
0.9004
1.0483
0.4001
0.0986
0.4618
-0.0480
0.1496
-0.5073
-0.6563
-1.0283
-1.2837
-1.2234
-1.0148
-1.2614
-1.7177
-1.8606
-2.3485
-2.5373
-2.7903
-3.0832
-3.1387
-3.3978
-3.2916
-3.4639
-3.6378
-3.4960
-3.7602
-4.1236
-4.3107
-4.4907
-4.4869
-4.6612
-4.6315
-4.4873
-4.7639
-4.2800
-4.8782
-4.7524
-4.9380
-4.8724
-5.0432
-4.9661
-5.0646
-5.0071
-4.9099
-5.1194
-4.4452
-5.0662
-5.0987
-5.0589
-5.0477
-5.3177
-4.8491
-5.0010
-5.0227
-4.6353
-4.7771
-4.4825
-4.6530
-5.0125
-5.1733
-4.9109
-5.0195
-4.5822
-3.8582
-4.3748
-4.8790
-4.9232
-4.9684
-4.7798
-4.5368
-4.2518
-4.5387
-4.1117
-3.9030
-4.5378
-4.3077
-4.6151
-3.6161
-4.0587
-3.2398
-3.7330
-4.1073
-3.6593
-4.0036
-3.7179
-3.4918
-3.5023
-4.1781
-3.8643
-3.5410
-4.1322
-4.3943
-3.8216
-2.7594
-3.5838
-3.9274
-3.9844
-3.5418
-3.4616
-4.1196
-3.6918
-4.2152
-3.7953
-3.8197
-3.3325
-3.1866
-3.3524
-3.4471
-3.1107
-3.4785
-2.9586
-3.1753
-3.1530
-2.2806
-2.8240
-1.5545
-1.8191
-1.4647
-1.0840
-1.4779
-1.7213
-0.6965
-0.9339
-0.5874
0.4290
0.9627
1.1829
2.5423
0.9994
1.4532
2.2049
1.9636
2.3692
2.3608
2.7273
2.8682
3.3264
2.7420
3.0439
2.7730
3.0335
3.2341
3.5490
3.3549
3.5534
3.4497
3.5379
3.7009
3.9425
4.1310
4.2983
4.3647
4.0980
3.8682
3.7649
3.6140
3.7388
3.4943
3.6255
3.4652
3.1223
2.8072
2.6752
2.4356
2.5019
2.5411
2.5285
2.5013
2.2898
2.3968
2.0555
1.9785
1.9213
2.0042
2.1580
2.2745
2.7680
2.4285
2.6992
2.5008
2.5356
2.4433
2.7092
2.5346
2.6432
2.7313
2.8693
2.9211
3.2390
3.2339
3.4736
3.6134
3.5572
3.5241
3.6136
4.0228
3.8879
4.0231
4.4485
4.1300
4.1470
4.3312
4.7751
4.9221
5.6346
5.4664
5.6025
5.7878
6.1660
6.2741
6.2790
6.2048
6.4065
6.1424
6.1094
5.9242
5.5278
5.4489
5.1068
4.9542
4.9645
4.5296
4.4486
4.1483
3.9154
3.5283
3.5773
2.9292
2.8341
2.3537
2.4498
1.9359
1.7795
1.8141
1.7839
1.1857
1.3142
0.8618
0.4195
1.1275
0.4490
0.9219
1.0635
0.5846
0.8828
0.9898
1.1273
1.1705
0.4414
1.0960
0.9211
1.4959
1.2562
2.2198
1.9184
1.9051
2.2528
1.8940
2.7177
2.9146
2.9918
3.6871
2.5982
3.0743
2.0794
2.3114
1.9035
2.1312
2.7214
2.9901
3.2432
3.1848
3.2240
3.4010
3.2665
2.9912
3.5420
3.5219
2.9425
3.4174
2.8691
2.9598
3.9229
3.4088
3.3512
3.4491
3.7403
3.7809
4.6182
4.0093
3.9027
3.6154
3.1758
2.9105
3.2814
3.1474
2.9407
2.9802
2.9516
3.4030
2.2100
2.3114
1.7367
1.5011
1.5788
1.1081
1.2676
1.4028
0.8826
1.3193
1.0255
0.6512
0.5695
0.4673
0.4047
0.3452
0.7639
0.5774
0.8665
0.9927
1.0651
0.8655
0.5949
1.0496
0.2244
0.4888
0.7717
0.8197
0.9070
1.1593
0.6341
0.5088
0.4993
0.7175
0.5491
0.5585
0.6201
0.5791
0.8904
0.6625
0.9857
0.7960
0.7724
0.7280
0.7186
0.7917
0.8328
1.0625
1.2014
1.7440
1.6694
2.1473
2.1498
2.5473
2.4923
3.2720
2.8579
3.6071
3.9065
4.5482
5.1054
5.0571
5.5313
5.8620
6.2686
6.6002
7.4790
7.2835
7.4081
7.9072
7.2748
7.3296
7.0545
8.0295
7.4832
7.5549
6.2211
6.4149
5.8108
5.3449
5.1130
4.8951
4.2378
4.0752
3.1293
2.8952
2.7075
2.4982
2.5389
2.3481
2.1790
1.7042
1.1285
0.9128
0.4283
0.5816
0.5656
0.5242
0.5675
0.0979
0.7942
0.2015
0.4185
0.1366
-0.1370
-0.0494
-0.3821
0.2087
-0.4352
0.2351
-0.3190
-0.1507
-0.2651
-0.1492
-0.3242
-0.6368
-0.0786
-0.1938
-0.1916
-0.2073
-0.3716
-0.1413
-0.4495
-0.5185
-0.4205
-0.1537
0.3787
-0.4804
-0.0767
-0.1787
-0.3777
-0.2772
-0.1815
-0.1908
0.0465
-0.4248
0.4948
-0.2368
0.4580
-0.3401
-0.2307
-0.1921
0.0752
-0.2836
-0.4440
-0.3311
-0.9331
-0.7385
-0.6007
-0.9335
-0.4615
-1.0351
-0.8033
-1.1076
-0.5729
-0.4402
-0.5059
-1.3174
-1.1874
-1.3443
-1.3010
-1.1878
-0.9789
-1.2377
-0.9170
-1.7379
-1.7637
-2.0905
-1.7789
-2.0098
-1.9532
-1.7379
-1.8737
-1.9663
-2.4246
-2.4632
-2.4179
-2.5828
-2.7845
-3.0994
-3.0405
-2.9301
-2.9268
-3.0190
-2.8077
-2.6523
-2.9209
-2.9043
-2.5974
-2.8094
-2.8441
-3.2085
-3.1949
-3.2040
-3.7712
-3.6333
-3.7810
-3.1567
-3.5500
-3.0079
-4.0262
-4.1795
-4.2850
-4.7288
-4.1957
-4.5387
-4.4261
-4.2417
-4.3097
-3.7808
-4.3594
-4.2319
-4.5156
-4.1702
-4.3879
-4.3303
-4.5313
-4.4494
-4.5724
-4.6968
-4.4997
-4.5001
-4.2132
-4.3058
-4.1367
-4.0783
-4.3874
-4.0341
-4.0270
-4.2319
-4.4288
-4.5079
-4.4192
-4.6143
-4.6070
-4.6538
-4.3269
-4.4910
-4.2028
-4.9900
-5.1039
-5.0365
-4.8687
-4.4119
-4.7012
-4.7140
-4.8671
-4.8562
-4.6722
-4.4407
-4.8586
-4.8681
-4.8559
-5.0606
-4.9721
-5.0843
-5.2351
-4.9149
-5.3445
-5.1822
-5.4026
-5.0172
-4.9342
-4.9231
-4.7702
-4.7421
-4.7514
-4.7498
-4.5830
-4.5556
-4.3116
-4.6975
-4.5821
-4.4265
-4.2940
-4.3939
-4.1816
-4.6109
-4.4626
-4.3450
-4.6325
-4.7208
-4.6465
-4.7693
-4.6958
-4.8909
-4.4557
-4.8899
-5.0008
-4.5773
-4.5682
-4.7021
-4.6136
-4.7942
-4.2753
-4.5460
-4.0876
-4.2817
-3.7123
-3.8275
-4.1999
-3.7786
-4.1893
-3.9395
-3.4550
-3.6598
-3.6086
-3.7183
-3.7257
-3.6035
-3.3743
-3.0859
-2.6555
-2.4796
-2.3691
-2.4893
-2.1698
-2.1281
-2.0668
-1.8283
-1.8130
-1.5921
-1.5243
-1.3716
-1.1961
-1.1649
-1.3962
-1.3906
-1.3604
-1.3830
-1.3596
-1.3532
-1.3249
-1.3782
-1.4500
-1.5757
-1.3882
-1.7265
-1.5753
-1.9795
-2.0610
-2.2218
-2.3267
-2.2532
-2.5238
-2.5906
-2.6330
-2.6350
-2.6430
-2.5541
-2.3917
-2.1439
-2.0877
-2.5073
-2.5992
-2.6443
-2.6170
-2.5169
-2.5440
-2.3278
-2.5106
-2.5821
-2.6121
-2.5532
-2.7944
-2.6515
-2.7970
-2.8764
-2.8092
-2.6568
-2.7693
-2.6948
-2.9528
-3.2213
-3.3774
-3.3840
-3.7386
-3.8449
-3.9196
-3.9604
-3.9206
-3.9607
-3.9285
-3.8442
-3.8932
-3.7884
-3.8914
-3.9513
-3.9721
-3.7677
-3.9031
-3.7438
-3.6162
-3.4945
-3.3418
-3.1909
-2.9843
-2.5030
-2.3813
-2.1477
-1.7424
-1.8562
-1.7906
-1.7093
-1.7041
-1.6806
-1.6068
-1.4090
-1.5451
-1.5604
-1.5477
-1.5078
-1.4836
-1.5718
-1.3564
-1.7392
-1.6618
-1.8229
-1.6030
-2.0051
-2.0651
-2.2429
-2.3323
-2.1860
-2.5287
-2.5806
-2.5783
-2.8576
-2.8141
-2.5392
-2.4978
-2.8272
-2.9481
-2.9840
-2.7513
-2.9349
-3.0000
-3.1152
-2.8896
-3.0831
-3.3609
-3.4589
-3.5341
-3.4423
-3.5744
-3.3347
-3.6766
-3.6517
-3.7043
-3.5688
-3.8532
-3.8184
-4.1519
-4.1387
-4.0101
-4.1450
-4.2573
-4.3393
-4.1653
-4.5694
-4.2997
-4.7517
-4.7192
-4.5225
-4.7094
-4.5850
-4.5233
-4.3958
-4.1499
-3.3011
-3.6915
-3.4632
-3.3474
-3.1851
-2.5595
-2.8492
-2.6415
-2.5932
-2.4485
-2.1558
-2.2932
-2.3136
-2.1841
-2.1546
-2.1054
-2.0355
-2.3346
-2.4375
-2.2934
-1.9541
-2.0834
-2.3918
-2.3118
-2.3174
-2.3622
-2.4915
-2.5761
-3.0291
-3.2455
-2.4605
-3.1920
-3.1836
-3.6551
-3.4392
-3.8849
-3.6501
-3.7354
-3.3424
-3.6578
-3.4576
-3.5596
-3.1405
-3.3470
-3.1981
-3.4275
-3.5479
-3.7596
-3.4192
-3.9483
-3.3697
-3.3509
-3.3544
-3.2663
-3.0841
-2.8188
-2.6075
-2.7776
-2.2637
-2.1202
-1.8463
-1.5154
-1.5908
-1.6080
-1.7328
-1.6612
-1.2989
-1.3053
-0.9542
-1.7162
-1.0193
-1.9544
-1.4951
-1.0491
-1.0498
-1.2180
-0.6152
-0.7165
-0.3383
-0.0690
-0.1412
0.6650
0.6483
1.2191
0.9792
1.8059
2.8666
2.4103
3.1245
2.8797
3.0847
3.5196
4.0130
2.8516
3.5702
3.5882
3.4594
3.8193
4.6132
4.3155
4.6948
4.7129
5.3559
5.0983
5.7626
5.6289
5.7672
6.5102
7.2429
6.6548
6.7063
6.9653
6.4141
6.5520
6.1685
6.4197
6.9211
6.8034
6.5137
6.6583
7.3443
7.6853
7.0364
6.8427
7.1272
7.6546
8.0751
8.0706
9.0195
8.5958
8.4257
8.3902
8.8670
8.8588
8.5273
8.4023
7.8636
8.0094
7.8093
7.9979
7.9684
8.4650
8.3061
8.3050
8.9056
8.4050
9.0129
9.4497
8.5629
8.5165
9.5702
8.9288
8.4931
8.2335
8.3759
7.6464
8.6013
7.9048
8.3047
8.0935
8.4858
8.2253
8.6002
8.5340
8.1636
7.7010
7.3122
7.5743
6.9212
6.4504
7.0385
6.2148
6.3801
6.2389
6.2636
6.0437
6.6350
6.6332
6.7864
6.3975
7.4286
6.4157
6.6005
5.8093
5.3344
4.8568
4.9736
4.2078
4.3704
4.5450
5.0785
4.7054
4.5674
5.1165
4.6272
5.3021
5.2247
5.6427
5.1703
5.2596
5.0420
4.6412
4.6899
3.8959
4.0994
3.7986
4.2055
4.1191
3.5117
3.9054
3.2669
2.7451
2.6125
3.1131
2.5393
2.1327
2.3345
1.8295
1.7765
1.9595
1.9050
1.1185
1.1918
0.7574
1.0415
0.8465
0.8875
1.5063
0.4790
0.4525
0.1632
0.4446
0.1517
-0.2535
-0.5446
-0.4924
-0.6392
-0.4037
-0.4911
-0.4077
-0.8106
-0.9748
-1.3360
-1.2025
-1.6045
-2.1055
-2.1979
-2.1464
-2.2375
-2.5405
-3.0705
-3.2958
-3.3958
-3.1550
-3.2177
-3.5576
-3.6502
-3.3388
-3.8588
-3.6499
-3.9216
-4.0886
-4.3095
-4.1536
-4.1468
-4.1617
-4.2651
-4.5186
-4.3932
-4.1791
-4.4475
-4.5503
-4.6777
-4.5100
-4.4777
-4.6537
-4.1463
-4.6138
-4.4995
-4.5376
-4.3283
-4.6985
-4.6199
-4.8129
-4.6146
-4.8928
-4.7827
-5.0365
-4.8102
-4.5478
-4.1108
-4.7926
-4.7388
-4.8047
-4.4139
-4.6207
-4.7683
-4.4207
-4.8344
-4.6477
-4.9365
-4.7895
-4.7104
-4.5317
-4.8864
-5.1060
-5.0427
-4.9344
-4.6666
-4.6193
-3.9710
-4.5479
-4.6408
-4.6496
-5.0881
-4.9984
-4.7949
-4.8998
-4.8445
-4.6926
-4.4047
-4.7865
-4.1836
-4.6074
-4.8151
-4.8987
-4.3114
-4.5924
-4.6797
-4.7870
-4.5309
-5.1195
-4.1276
-4.5486
-4.4938
-4.6799
-4.5318
-4.4510
-5.0813
-4.8753
-5.1089
-4.0580
-4.6468
-4.1414
-3.9376
-4.0178
-4.6835
-5.0356
-4.0008
-5.1230
-4.3823
-4.0063
-4.1786
-3.9779
-4.1682
-4.3534
-4.1482
-3.4448
-4.1172
-3.8512
-4.2942
-3.7329
-4.2898
-3.4440
-3.8264
-3.5644
-3.1661
-3.2736
-3.4731
-3.0016
-3.6529
-3.7274
-3.5128
-3.3208
-3.4674
-3.6626
-3.7483
-3.6694
-3.5836
-3.6906
-3.1076
-3.3874
-3.1876
-2.8169
-2.9373
-2.8590
-2.7903
-1.7419
-1.7950
-1.4449
-1.8037
-1.4493
-1.8384
-1.8018
-1.7263
-1.4759
-0.9692
-1.2354
-0.8849
-0.6131
-0.5396
-0.0416
0.1051
0.4100
0.4380
1.1512
0.4093
0.6477
0.2959
0.9307
0.8857
1.2199
0.7734
0.7473
0.2863
0.5259
0.4413
1.0867
0.7183
0.5837
0.9896
0.8131
1.2467
1.0163
1.5995
1.5950
1.6399
1.5616
1.9631
2.0382
2.0392
2.2926
1.8055
2.0781
1.2034
1.3020
1.2864
1.3783
1.4425
1.8274
1.5590
1.9567
2.0393
1.8579
2.1245
2.2370
2.3728
2.9025
3.0257
3.3635
3.9579
3.9945
4.2887
4.8800
4.5727
4.9215
4.8848
4.7949
4.5633
4.7196
4.3135
3.6977
3.5462
3.7971
3.7786
4.1543
4.2374
4.2254
3.7556
3.7955
3.8295
3.3314
2.8015
2.3976
2.1115
1.6559
1.4234
1.1851
0.9407
0.3429
0.2610
0.2120
0.3877
0.2934
0.2741
0.0542
0.0027
-0.0391
-0.1855
-0.3173
-0.2778
-0.3730
-0.7149
-0.7671
-0.8373
-0.6906
-0.8799
-0.7199
-0.7416
-0.9218
-1.0155
-1.0415
-1.1492
-1.2093
-1.2572
-1.3469
-1.0275
-1.4713
-1.5466
-1.5661
-1.6829
-1.7475
-1.8482
-1.9077
-1.8833
-1.9682
-1.9855
-2.1139
-2.2249
-2.3425
-2.3262
-2.6923
-2.8631
-2.8719
-3.0053
-2.8831
-3.0831
-2.8256
-3.1656
-3.0898
-3.0830
-2.9111
-3.1054
-2.8814
-2.6352
-2.4579
-2.6910
-2.5565
-2.1029
-2.3493
-2.1315
-1.9926
-1.7749
-1.7673
-1.7159
-1.8322
-1.7382
-1.8590
-1.7222
-1.6758
-1.6290
-1.6577
-1.7834
-1.9920
-2.2129
-2.4491
-2.5174
-2.7581
-2.6196
-3.1467
-3.3271
-3.4300
-3.8898
-4.1423
-4.4049
-4.6444
-4.8684
-5.0534
-5.2728
-5.4711
-5.7525
-6.0117
-6.2724
-6.2900
-6.6521
-6.7926
-6.8244
-6.9816
-7.0598
-7.2648
-7.1018
-7.4368
-7.4796
-7.6095
-7.4627
-7.6866
-7.6814
-7.6958
-7.6671
-7.7088
-7.5277
-7.6818
-7.7743
-7.5523
-7.8632
-7.8553
-7.6314
-7.5624
-7.1453
-7.0466
-7.3978
-7.4422
-7.5090
-7.4724
-7.1659
-7.2494
-7.5096
-7.3701
-6.9303
-6.9185
-7.4216
-6.9355
-6.9045
-6.1411
-6.5193
-6.3498
-5.8387
-6.0020
-5.8416
-5.4630
-5.3952
-4.6300
-4.0836
-2.8533
-3.1387
-2.9436
-2.8464
-2.6342
-1.2119
-1.7604
-2.1587
-2.1888
-2.0645
-1.5196
-1.9343
-1.2429
-1.5989
-1.7290
-2.1124
-2.1107
-1.7893
-1.0957
-0.5461
-0.3189
0.1340
-0.0034
0.0531
-0.1118
-0.0524
0.3209
0.1496
0.1540
0.8448
0.7236
1.4881
1.7074
2.0064
2.4076
2.3879
2.0655
2.3780
2.3673
2.4683
2.4855
2.5279
3.0286
3.0025
3.3002
3.2274
3.3848
3.8434
3.7418
4.1968
4.0452
3.9136
3.9170
4.4889
4.3866
4.3140
4.4203
4.9352
4.6331
4.7428
4.7799
4.9741
5.2761
5.3061
5.1339
5.0474
4.9871
5.1370
5.0827
4.8152
5.2084
4.9064
4.9284
4.7433
4.8965
4.4970
4.1238
3.7396
3.6070
3.4266
2.8242
2.8044
2.5766
2.2111
2.1223
2.0992
1.9309
2.0230
2.0236
2.3027
2.3464
2.7790
2.8037
2.4046
2.6509
2.5932
2.8213
2.8912
3.2655
3.1536
3.1051
3.3377
3.1600
2.8948
2.8598
2.8303
2.8478
3.1275
2.9252
3.0071
2.9900
2.9445
3.0573
3.0574
2.7472
2.7838
2.7101
2.6603
2.8769
2.8579
2.7317
2.7690
2.6710
2.5437
2.4186
2.5762
2.3592
2.4436
2.4436
2.9109
2.5175
3.1814
3.3449
3.0239
2.7162
2.6208
2.1203
1.9981
2.4695
2.4946
1.9063
2.2344
2.0193
2.1564
1.9856
1.6725
1.9814
1.6871
1.6755
1.5664
1.5975
1.5559
1.5717
1.5152
1.5836
1.3016
1.8244
1.6291
2.1280
1.7584
2.0564
1.8070
1.6186
0.9914
0.9137
1.5833
1.1614
1.1720
1.2132
1.3281
1.3283
1.2564
1.2842
1.0908
0.7430
0.7948
0.7846
0.8143
0.6169
0.5172
0.4054
0.5775
0.2523
0.7687
0.7275
0.2766
0.5899
0.4006
0.5753
0.2276
0.9725
0.0895
-0.0441
-0.3142
-0.0902
0.5016
0.8472
0.8407
0.6609
0.5709
0.9160
1.1202
0.7625
1.1256
0.7215
1.0226
0.8745
0.6272
0.7083
0.4551
0.3168
0.1681
-0.0210
0.0670
0.0414
0.1070
-0.0006
-0.0380
0.0802
-0.2959
-0.7673
-0.8360
-1.1513
-0.8115
-0.7679
-0.1717
-0.1953
-0.0040
0.0413
0.2527
0.0173
0.1731
0.2248
0.8270
0.3285
0.5305
0.3310
0.5067
0.6244
0.4069
0.1246
0.3277
-0.1154
-0.3869
-0.1017
-0.6463
0.1534
-1.0178
-0.7549
-1.2579
-1.4431
-1.5263
-1.2749
-1.1202
-0.6007
-0.7729
-1.0165
-0.8486
-0.6648
-0.5249
-0.4623
-0.2745
0.0869
0.1310
0.2351
0.0737
0.2514
0.2089
0.3997
0.3102
0.4547
0.4900
0.5012
-0.1435
-0.3681
-0.4023
-0.2422
-0.3102
-0.1535
-0.1898
0.1247
-0.1515
-0.4814
-0.6995
-0.7036
-0.8976
-0.5516
-0.8199
-0.4893
-0.5752
-0.6248
-0.5952
-1.2512
-1.1391
-1.2872
-1.1111
-1.1690
-0.7070
-1.0683
-0.7681
-1.1329
-1.2867
-1.3631
-1.6602
-0.9781
-1.6384
-1.4976
-1.2634
-1.6302
-1.3655
-1.5127
-1.7524
-1.6587
-0.9229
-1.4117
-0.7393
-0.8733
-1.2154
-0.8108
-1.0880
-1.6439
-0.1731
-0.9018
-0.8714
-1.2405
-1.4084
-1.9148
-1.6538
-1.3819
-1.3435
-1.0779
-1.5727
-1.6534
-1.7028
-1.1173
-1.5755
-1.7301
-1.5461
-2.1370
-2.0082
-1.7516
-1.6804
-1.6297
-1.0808
-1.4101
-1.1218
-1.7173
-1.3209
-1.9723
-2.0411
-1.6651
-1.8293
-2.0734
-2.0833
-1.6590
-1.3860
-0.8826
-1.3070
-1.1506
-1.1040
-1.1149
-0.8566
-1.1145
-1.1569
-1.3889
-1.2211
-1.1962
-1.5131
-0.6006
-1.2291
-1.1245
-0.2669
-1.2671
-1.5999
-1.4404
-1.3985
-1.4986
-1.5610
-1.5055
-1.1833
-1.2351
-0.8382
-0.5123
-0.7445
-0.5843
0.1150
-0.1993
-0.4484
-0.3030
-0.6472
0.1403
-0.1512
-0.1136
0.3280
0.2517
-0.0604
0.5281
0.2129
0.3621
0.0731
1.0209
0.7367
0.1281
1.0685
0.3309
0.6344
0.9171
0.8099
0.2265
0.2621
0.0397
0.1244
0.4826
0.7096
0.8553
1.2699
1.5160
1.8107
1.4158
1.2689
1.5702
1.0734
1.3171
2.2765
2.3752
2.4852
2.5353
2.9084
3.2558
2.8038
2.9311
2.9385
3.3091
3.3393
3.8778
4.5339
3.6924
3.3828
4.1039
3.7801
3.7525
4.3780
3.8888
4.0286
4.2408
4.9459
4.9086
5.0452
5.1887
4.8424
5.1178
4.9911
5.0098
4.0042
4.0186
3.3775
2.7684
2.0161
1.7418
1.6195
1.2637
0.8961
0.8091
0.0781
-0.6047
-0.8726
-1.2424
-1.6229
-1.7794
-2.2578
-2.4697
-2.8229
-3.2526
-3.2957
-3.8666
-3.5812
-4.0321
-4.3389
-4.4310
-4.2140
-4.4455
-4.3991
-4.2769
-4.8693
-4.9814
-4.9504
-5.3665
-5.4677
-5.5464
-5.3908
-5.6042
-5.5505
-5.5085
-5.5323
-5.5426
-5.6186
-5.3453
-5.5175
-5.4223
-5.3401
-5.2677
-5.2265
-5.1932
-5.2799
-5.3289
-5.4574
-5.3278
-5.5727
-5.5187
-5.5761
-5.5057
-5.4968
-5.4755
-5.2138
-5.4031
-5.4249
-5.3741
-5.2758
-5.4760
-5.5921
-5.6100
-5.5234
-5.5542
-5.7924
-5.7842
-5.7580
-5.5570
-5.6918
-5.5661
-5.6226
-5.6046
-5.6849
-5.6688
-5.5587
-5.5808
-5.6554
-5.7679
-5.9298
-5.8239
-6.1180
-5.9919
-6.2670
-6.3131
-6.2661
-6.3441
-6.2771
-6.4778
-6.5571
-6.6591
-6.6412
-6.5196
-6.3694
-6.5844
-6.4580
-6.6341
-6.5146
-6.5253
-6.4805
-6.3837
-6.6001
-6.3325
-6.5320
-6.4155
-6.3394
-6.1999
-6.4747
-6.2870
-6.7984
-6.4405
-6.6829
-6.6415
-6.9525
-6.7591
-6.7917
-7.2269
-7.2309
-7.0914
-7.4462
-6.6105
-7.3640
-7.1775
-6.9427
-7.3173
-7.2072
-7.3429
-7.0369
-7.1593
-7.0285
-6.9052
-6.8752
-6.8703
-6.8746
-6.9459
-6.7216
-6.9402
-6.5987
-6.4830
-6.4967
-6.4349
-6.3880
-6.1590
-6.3357
-6.2574
-6.0045
-6.0984
-6.0189
-5.8521
-5.6596
-5.5961
-5.9602
-5.8774
-5.9459
-5.8882
-5.6410
-5.8149
-5.8190
-5.8288
-5.9224
-5.8558
-5.6545
-5.7975
-5.6968
-5.6870
-5.5914
-5.6035
-5.5306
-5.4836
-5.4491
-5.4409
-5.4386
-5.4393
-5.4340
-5.4212
-5.4023
-5.3779
-5.2713
-5.2814
-5.2028
-5.2533
-5.2139
-5.1895
-5.1923
-5.2043
-5.2767
-5.3281
-5.3860
-5.4127
-5.2035
-5.3904
-5.3454
-5.3126
-5.2670
-5.2352
-5.1997
-5.1694
-5.1417
-5.1169
-5.0973
-4.8798
-5.0635
-5.0443
-4.9414
-4.9441
-4.8741
-4.9075
-4.9001
-4.8869
-4.9149
-4.9395
-4.9459
-4.9845
-4.9706
-4.9451
-4.7659
-4.7280
-4.9574
-4.9185
-4.8626
-4.7369
-4.6594
-4.4677
-4.4291
-4.2674
-4.0031
-3.9856
-3.8624
-3.6377
-3.5224
-3.1069
-3.2603
-3.1904
-3.2368
-3.2170
-3.0894
-2.8478
-2.7406
-2.9108
-2.8112
-2.6046
-2.5098
-2.1350
-2.1508
-1.9974
-1.6824
-1.4106
-1.1083
-0.7285
-0.4829
-0.1406
0.0851
0.3722
0.7075
0.7684
0.8760
1.4309
1.2935
1.5907
1.6406
1.9314
2.1317
2.4801
2.6622
2.9577
3.1355
3.4726
3.4601
3.4468
3.7199
3.6319
4.0677
3.3621
3.6904
3.6217
3.4797
3.7297
3.8469
3.8670
3.8594
4.6068
4.1743
4.6089
4.8446
5.0164
5.4255
5.8326
6.7242
6.9982
7.0997
7.4581
7.3512
6.5470
6.5933
6.3095
6.5997
6.3470
7.0283
5.6917
5.4810
5.2261
4.8800
4.5053
4.3699
5.1244
5.3895
5.2207
5.1107
5.3709
4.5152
4.8125
4.3743
4.8546
5.5441
5.9034
5.6205
6.2806
6.1408
6.4937
7.0039
7.4090
7.7176
7.7655
8.6502
8.7377
9.0975
9.8837
10.3039
10.7453
10.5548
11.0904
11.6970
13.3296
14.2678
15.2974
14.6683
15.4041
14.6564
16.6083
16.2164
16.7692
16.4977
18.0483
17.5849
19.0745
19.1513
18.6377
18.4869
19.4074
17.9174
16.2124
17.4980
17.7993
18.0213
19.2519
18.0032
15.6570
16.1496
15.9185
15.8318
16.0172
14.1084
14.7211
14.6831
14.8468
14.3132
13.7981
13.8117
13.2822
12.3309
12.5314
12.7526
12.1418
12.3381
11.9838
12.1362
11.6035
11.6820
11.8638
11.0213
10.7131
10.5359
10.3648
9.6441
10.1392
9.6384
9.5227
9.9169
8.8491
8.6784
7.4390
8.4398
7.2212
7.3592
6.9439
6.8718
6.2124
5.5104
5.8391
5.4779
5.7129
5.6488
4.9416
4.9939
4.8032
4.7280
4.9289
5.0035
4.4941
4.3098
4.2186
4.0861
4.0574
3.5392
3.2839
3.0566
3.0146
3.0589
2.8924
2.8090
2.8890
3.2779
2.9833
2.7742
2.7338
2.4975
2.4992
2.9740
2.8048
2.7324
2.9691
3.1769
2.6553
2.9497
2.5422
2.4702
2.4649
2.3266
2.8040
2.3360
2.3742
2.6843
2.4756
2.6984
2.3651
2.7247
2.2657
2.1790
2.0289
1.8516
2.1249
1.4753
1.8342
1.2200
1.4507
1.0753
1.2054
1.0510
1.1924
1.7000
1.7903
1.4963
1.5046
1.2443
1.2895
1.0335
0.8190
1.1353
1.0369
0.9826
1.0969
0.9134
1.0348
1.0447
0.9373
1.3823
1.2324
0.9147
1.2325
0.6226
0.5786
0.1543
0.1068
0.0036
0.2104
-0.0860
0.3789
-0.0692
-0.1633
-0.1992
0.4545
0.7943
0.4172
0.6885
0.5010
0.2473
0.3876
-0.0284
-0.4106
0.4358
-0.0155
0.0832
-0.1160
-0.3202
-0.2321
0.3445
-0.0478
0.0146
0.4140
0.6022
0.5604
0.3857
0.6230
0.5509
0.6976
0.4934
0.8364
0.8527
0.6064
0.5611
0.4288
0.2596
0.3530
0.2159
-0.1373
-0.0102
0.0874
0.3143
0.6642
0.6006
0.2528
0.3374
0.7579
0.9585
0.8151
1.3838
0.7042
0.4689
0.7340
0.6325
0.4900
0.6977
0.5872
0.5881
0.7265
0.7687
0.3507
0.5169
0.1875
0.2797
0.4808
0.7050
0.7945
0.8915
0.9754
1.0178
0.9271
0.7783
1.0647
1.2601
1.2134
1.0570
1.3526
1.6461
1.4504
1.5152
1.7200
1.8205
2.2079
2.3640
2.0460
1.9148
2.2401
2.1301
2.2776
2.5257
2.6409
2.5750
2.3553
2.4629
2.5890
2.3774
2.1375
1.8920
2.0423
1.8625
1.7697
1.7386
1.5241
1.6703
1.2188
1.1174
0.8729
0.8730
0.8354
1.0366
0.8607
0.7920
0.9279
0.8890
0.9273
0.7563
0.8572
0.5479
0.5107
0.4811
0.4439
0.5601
0.3270
0.2207
0.2056
0.1998
0.2550
0.5489
0.5687
0.5455
0.4017
0.4976
0.3107
0.4421
0.8441
0.4007
0.3205
0.4264
0.2059
0.1242
0.0337
-0.0895
-0.1195
-0.1385
-0.0547
0.1540
-0.0370
-0.1353
-0.0679
-0.3647
-0.5355
-0.1469
-0.5344
-0.5278
-0.9255
-0.8082
-1.0408
-1.4050
-1.5224
-1.4100
-1.2846
-1.4320
-1.5457
-1.3867
-1.9554
-1.8414
-1.8579
-1.8950
-1.9463
-1.9514
-2.1492
-1.8640
-2.2396
-2.2462
-2.1436
-2.0454
-2.1916
-2.0810
-2.3285
-2.7364
-2.5847
-3.1034
-3.0228
-3.2598
-3.1336
-3.3160
-3.2558
-3.4032
-3.2865
-3.4519
-3.8234
-3.9921
-4.1148
-3.9461
-4.1561
-4.2113
-4.2274
-4.0868
-4.2141
-4.4398
-4.5223
-4.4426
-4.6728
-4.8725
-4.8602
-4.9559
-5.0927
-5.2899
-5.2531
-5.2264
-5.1155
-5.0767
-5.0413
-5.4466
-5.5415
-5.5543
-5.7308
-5.5171
-5.7362
-5.8752
-5.8079
-5.9442
-6.0754
-6.0307
-6.0214
-5.8804
-5.7758
-5.6853
-5.7329
-5.8173
-5.8926
-5.8486
-5.8679
-5.8312
-5.8216
-5.6233
-5.4279
-5.6905
-5.2798
-5.6067
-5.4353
-5.5379
-5.0771
-5.5191
-5.3404
-5.5341
-5.5029
-5.5475
-5.4348
-5.1800
-5.2785
-5.1935
-5.0787
-4.7208
-4.7616
-4.5642
-4.5349
-4.3994
-4.1381
-4.0695
-4.1138
-3.9847
-3.8102
-3.6467
-3.4539
-3.1615
-3.1598
-3.1523
-2.6870
-2.7919
-2.4106
-2.2475
-2.0357
-1.9774
-1.9979
-1.9946
-2.0292
-1.8188
-1.9725
-1.7376
-1.8542
-1.7863
-1.4866
-1.3637
-1.7901
-1.7781
-2.0257
-2.0714
-2.1326
-2.2618
