12.34980680
12.26834924
12.21867338
12.60845443
12.01957656
12.64103702
12.07196523
12.01520611
11.97953384
12.00761447
11.78261833
11.68560294
11.65678186
11.75057166
11.89376262
11.29176756
11.65280752
11.55985603
12.06391768
12.00287252
11.81614467
12.18872167
12.17373365
12.50401065
12.61169987
12.70152391
12.86876866
13.43347628
13.58940199
13.87962797
14.12467731
13.82600243
13.95611405
14.98916709
15.17777989
15.81881171
15.89050879
16.02663910
16.09654619
16.22198932
16.41544807
16.53313765
14.28668556
15.19071267
14.39163381
15.81391682
15.88326721
15.93638344
15.83386909
14.25076545
15.37466328
15.68292332
15.94866455
15.50671335
15.52548564
17.09490935
16.08905188
14.70762045
17.32078044
17.43854678
19.48753729
18.80174727
19.91226259
16.47970674
17.72231258
18.55350088
20.58635432
20.69040554
18.96792132
19.07211832
18.52521757
18.43494389
18.54191129
17.30634067
17.53986116
