-8.4703
-6.8869
-7.2570
-6.7082
-5.6292
-5.3082
-4.2327
-4.0328
-3.7162
-2.8994
-3.0785
-2.4824
-2.2536
-1.6674
-1.4915
-0.8761
-1.4182
-1.4225
-0.5185
-0.5282
-0.1930
-0.6593
-0.3836
-0.5221
-0.4078
-0.1772
-1.0795
-0.9602
-1.0471
-1.3664
-1.4934
-1.8912
-2.0644
-1.8896
-2.1811
-2.0156
-2.0511
-2.3719
-2.2608
-2.4539
-2.5915
-2.2372
-2.1872
-1.6021
-1.9229
-2.2052
-2.0165
-2.1084
-1.8885
-1.9320
-1.8057
-1.8409
-2.0730
-2.0943
-2.1224
-1.3255
-1.7056
-1.6956
-1.1659
-1.5836
-1.3458
-1.2363
-1.1072
-1.3397
-0.9827
-1.1399
-1.1014
-0.8003
-0.7014
-0.4860
-0.7348
-0.5365
-0.0729
-0.5119
-0.5861
-0.3681
-0.4338
-0.5295
-0.4674
-0.0590
-0.1281
1.2325
0.5494
0.3085
-0.1166
0.0552
0.0101
0.2023
-0.1124
-0.1765
-0.6877
-0.7708
-0.9184
-1.1840
-1.0208
-1.7278
-1.7995
-2.0741
-2.2162
-2.0869
-2.5221
-2.5971
-2.4757
-2.6802
-2.7682
-2.6420
-2.8592
-2.4451
-2.7944
-3.0394
-2.9493
-2.8988
-3.0869
-3.2284
-3.2176
-3.1707
-2.9717
-3.0870
-2.7166
-2.9006
-2.8364
-2.9846
-2.8867
-2.7703
-2.8765
-2.9738
-2.7306
-3.0501
-3.0067
-3.1980
-3.1504
-3.3264
-3.3961
-3.4930
-3.3660
-3.6216
-3.4848
-3.8182
-3.9537
-4.1961
-4.1294
-4.3301
-4.5239
-4.6969
-4.6371
-4.5952
-4.7141
-4.7808
-4.8874
-5.0420
-5.2366
-5.1100
-5.3029
-5.3523
-5.3551
-5.2998
-5.4939
-5.6826
-5.6407
-5.6825
-5.8995
-6.0465
-6.1643
-6.3473
-6.3794
-6.8072
-6.9705
-7.1153
-7.2685
-7.1516
-7.5293
-7.5369
-7.5221
-7.7627
-7.9112
-8.0310
-8.0389
-8.2040
-8.1341
-8.2825
-8.2762
-8.3599
-8.2173
-8.3998
-8.3904
-8.1992
-8.0578
-7.9338
-8.3629
-8.3481
-8.4514
-8.4307
-8.4331
-8.4412
-8.4513
-8.5561
-8.6618
-8.7813
-8.9245
-8.9696
-8.5799
-9.0197
-8.6434
-9.0213
-8.9264
-9.1832
-8.9381
-9.3246
-9.3458
-9.5776
-9.6839
-9.6544
-9.9653
-10.0566
-10.1708
-10.0666
-10.1051
-10.4503
-10.3981
-10.5760
-10.5851
-10.7018
-10.6499
-10.6136
-10.3535
-10.5840
-10.4191
-10.6398
-10.4570
-10.6538
-10.6740
-10.6037
-10.9217
-11.1127
-10.8597
-10.9558
-10.6892
-10.9277
-11.0741
-11.1600
-11.1724
-11.0772
-11.0452
-10.9038
-10.3215
-10.8308
-10.7503
-10.7445
-10.5243
-10.6824
-10.7762
-10.7262
-10.8059
-10.7975
-10.6494
-10.6952
-10.5052
-10.8365
-10.7313
-10.8460
-10.9552
-10.6048
-11.0022
-10.8941
-10.6049
-10.3739
-10.2011
-10.3663
-9.9113
-10.1334
-10.0339
-9.9703
-9.2045
-9.5546
-8.7943
-8.4529
-7.7869
-7.2812
-6.3181
-6.3630
-5.7315
-4.9968
-4.9521
-3.7519
-3.6558
-3.5432
-2.4370
-2.8650
-2.1661
-2.0760
-2.1445
-2.1707
-1.8966
-1.7584
-1.6473
-1.6797
-1.6520
-1.5909
-1.2625
-1.5883
-1.1933
-1.4025
-1.2448
-1.3406
-1.2390
-1.0941
-1.0471
-0.5669
-0.5972
-0.7172
-0.8216
-0.6826
-0.8788
-0.8879
-0.8751
-0.7412
-0.5985
-0.7455
-0.7400
-0.5920
-0.9228
-0.9248
-1.0334
-1.1458
-1.5243
-1.5569
-1.8081
-2.4408
-2.7349
-3.2154
-3.4359
-3.8040
-4.0104
-4.1149
-4.5054
-5.1446
-5.5788
-5.7319
-5.9609
-6.0347
-6.2578
-6.0174
-6.3771
-6.6494
-6.5774
-6.6527
-6.9822
-7.0826
-7.1347
-7.0327
-7.1108
-6.7811
-7.1109
-6.8329
-6.8981
-6.6558
-6.4936
-6.6621
-6.1645
-6.2212
-5.8338
-5.4785
-5.7219
-5.5290
-4.9958
-4.9691
-4.8019
-4.7990
-4.1063
-4.3404
-3.8862
-3.9362
-2.8721
-3.2709
-2.7209
-2.4049
-2.1155
-2.0212
-1.8634
-0.4860
-0.7201
0.6620
0.5078
0.8617
0.5493
1.1031
1.4049
1.6358
2.4751
2.5094
3.6470
5.3620
4.8587
5.4379
5.7035
7.5224
7.1774
8.5705
9.5268
9.7478
10.1042
10.0612
11.0374
10.9514
10.9644
11.0449
11.1699
10.5373
9.7461
9.8180
9.6021
9.3199
9.4993
8.8793
8.8779
8.9921
8.7354
9.5461
9.8715
10.4307
10.5539
11.1542
11.4440
11.9415
12.6807
13.0794
14.0571
13.8937
14.0605
14.3152
14.3286
14.5470
14.2582
14.1318
14.2246
13.7512
13.7116
13.8502
13.3292
13.0372
12.7300
12.3379
12.1780
11.5134
11.4258
10.6436
10.4928
9.7848
9.3693
9.1429
8.4389
8.0121
7.7144
7.6394
7.2991
7.3747
7.2572
7.5869
7.5061
7.6877
7.7361
7.9998
7.9698
7.6505
7.6189
7.5188
7.6790
7.6582
7.7866
7.3219
7.1109
6.9126
6.6390
6.5938
6.4447
6.4318
6.3370
6.5006
6.4782
6.6013
7.1122
7.1018
7.3629
7.6048
7.9837
8.2368
8.1559
8.2810
8.3527
8.5832
9.3696
9.2812
9.7656
10.1492
10.7956
11.5077
11.5501
12.4302
12.5244
14.0188
13.5499
14.0431
14.2977
15.3578
15.3841
15.5864
15.6546
16.5509
16.6776
17.9414
18.3594
19.3287
19.4304
19.1051
19.8188
20.0976
21.1594
21.5410
22.2958
23.7409
23.9381
24.4258
24.9307
25.4758
26.1600
26.7360
27.5033
26.9657
28.0602
27.5825
28.1649
28.3770
27.9656
27.5429
27.3811
28.1837
26.7662
26.0515
25.4581
24.5361
23.7923
22.3998
21.5927
20.1498
19.2190
17.9737
16.7309
15.5108
14.3508
12.8268
11.4902
10.5931
9.7612
9.4158
8.8607
9.0450
7.7896
7.5897
7.5432
7.1920
6.6396
6.9426
6.0157
6.2745
5.8461
5.7000
6.0054
5.6602
5.7972
5.6721
5.8749
5.5435
5.6611
5.5470
5.1739
5.3352
5.3068
4.8687
4.9865
5.2646
5.0133
5.0599
5.4977
5.5684
5.5801
5.6862
5.7131
6.7367
6.9900
6.0942
7.0507
7.0109
6.9885
7.3527
7.3413
7.0420
7.7310
7.9377
8.3476
7.9096
8.4808
8.0634
8.2379
8.4235
8.9641
9.4017
10.3745
10.0613
10.6647
11.8066
12.8422
12.4341
12.2925
12.8489
13.0151
12.5727
12.1354
11.7134
11.6350
10.8943
10.5653
9.9060
9.5288
8.6339
8.3366
7.5614
7.0730
6.7650
6.3452
6.1660
5.9376
5.5544
4.9331
4.3766
3.9615
3.9047
3.1354
2.6253
2.2313
1.8126
1.5603
1.2064
1.1143
0.3905
0.0164
-0.5185
-0.6151
-1.0044
-1.3612
-1.5200
-1.5363
-1.7957
-2.0093
-2.0204
-2.0888
-2.0563
-2.2353
-2.4484
-2.2810
-2.6621
-2.5371
-2.6914
-2.9935
-2.8787
-2.9859
-2.7581
-3.0067
-2.6741
-3.2483
-3.2862
-3.1565
-3.6761
-3.8082
-3.9626
-3.9358
-4.3054
-4.1257
-4.4255
-4.7039
-4.9774
-4.8682
-4.8814
-5.2249
-5.4976
-6.0097
-6.2550
-6.3695
-6.6994
-6.8178
-7.0320
-7.3580
-7.6864
-7.5684
-8.0911
-7.8257
-8.3098
-7.9724
-8.5977
-8.2224
-8.6857
-9.2684
-9.5432
-9.3890
-9.4139
-9.3690
-9.5187
-9.3262
-9.4910
-10.0809
-10.4637
-10.5197
-10.8965
-11.0212
-11.4384
-11.5233
-11.5412
-12.0724
-11.9743
-12.2988
-12.5625
-12.6506
-12.7367
-12.5685
-12.5802
-12.6651
-12.9909
-13.3030
-12.9698
-13.4581
-13.6011
-13.3409
-13.4462
-13.7184
-13.8630
-14.0318
-13.9971
-14.1823
-14.3427
-14.3753
-14.4055
-14.4532
-14.1523
-14.2382
-14.4019
-14.3203
-14.4415
-14.2707
-14.3058
-14.2633
-14.3056
-14.6666
-14.0610
-14.2841
-14.1006
-13.7817
-14.0488
-13.8224
-14.0708
-14.1466
-14.1218
-14.1638
-13.7551
-13.8363
-13.5891
-13.6327
-12.5999
-13.1718
-13.1526
-12.8605
-13.1516
-13.1408
-13.3615
-13.2554
-13.2451
-12.5976
-12.8672
-12.6773
-12.8619
-12.2508
-13.0022
-12.7942
-12.6750
-12.7329
-13.1970
-13.2804
-13.3331
-12.9449
-12.7211
-12.9586
-12.9471
-12.9612
-12.9579
-13.2002
-13.1448
-12.9775
-13.2168
-12.8283
-13.2433
-12.8426
-12.6362
-12.2259
-12.1342
-12.0826
-11.7511
-12.3706
-11.8012
-12.3711
-12.5594
-11.9764
-12.1922
-11.5124
-12.2302
-11.8640
-12.2642
-11.9623
-11.7030
-11.8358
-11.6836
-12.1953
-12.0360
-11.8843
-12.0621
-12.2006
-12.2558
-12.1577
-12.1413
-12.1174
-12.0029
-12.0530
-12.0484
-12.4348
-12.3438
-12.1617
-12.2300
-12.1932
-11.8857
-12.0229
-12.0483
-12.3257
-12.2014
-12.3576
-12.1089
-12.1427
-12.3433
-12.1879
-12.2572
-12.1501
-12.2203
-12.0455
-12.0584
-12.0035
-11.8564
-11.8727
-11.9947
-12.0024
-11.9226
-11.8053
-11.7559
-11.6242
-11.6405
-11.3579
-11.5297
-11.4346
-11.3566
-11.1509
-11.1150
-10.9965
-10.8103
-10.9360
-10.8463
-10.7985
-10.7404
-10.6790
-10.6066
-10.4255
-10.3540
-10.2056
-10.1352
-9.8227
-9.8501
-9.6796
-9.4523
-9.2022
-8.9232
-8.3918
-8.2762
-7.7979
-7.4744
-6.9457
-6.4756
-5.6813
-5.1520
-4.6413
-4.0052
-3.5540
-2.9711
-2.4249
-1.8825
-1.2810
-0.8282
-0.3392
0.1716
0.3030
0.7596
0.8057
1.1435
1.1174
2.0263
1.7378
2.2812
2.4705
2.5150
2.9846
3.5496
3.0366
3.4957
3.9039
4.3945
4.8258
5.6101
6.6443
7.3520
8.2509
8.9643
9.9682
10.5817
11.8000
12.8838
13.7498
14.8102
16.0039
17.4848
18.7776
19.2043
20.5146
20.6187
20.8847
20.9899
22.1158
22.0353
22.8378
23.0484
23.5892
24.1698
24.5569
24.7962
25.3136
26.0348
26.0807
26.7365
27.0830
27.4060
26.9766
26.8758
26.8277
26.6977
26.8087
26.9304
26.6723
26.3009
26.1454
25.8128
25.6449
25.1257
24.3405
23.9573
23.6680
23.4321
22.3377
21.4622
20.3541
19.9372
18.5806
17.7534
16.5582
15.8395
15.0088
14.8111
14.7553
14.3262
14.1721
14.4215
13.8466
13.8914
14.1280
13.9794
13.9119
14.3074
13.9063
13.9422
14.0978
14.0449
14.2121
14.1973
15.0026
14.7582
15.0685
15.7484
15.5446
16.2963
16.8399
17.2514
16.0732
16.1545
16.7258
15.4915
15.5085
15.3878
14.6480
15.3293
14.3260
14.4179
13.9373
12.4305
13.6170
13.8644
13.1725
13.6378
12.8636
12.2584
13.7393
12.7779
12.8035
11.5035
9.7676
10.4260
9.9867
10.0240
10.6530
9.3402
10.1433
9.5361
9.7527
8.8455
8.7579
7.7023
7.8825
7.1815
6.9398
7.0156
6.5439
6.5711
7.2632
6.4158
6.0048
6.7855
5.1390
5.9539
4.6284
4.5663
4.0373
3.7482
3.3554
3.6026
4.1055
3.1443
4.1523
3.9676
3.6292
4.5458
4.1132
4.7909
5.1305
5.3941
5.1140
5.4284
4.0648
4.3552
3.6011
1.9562
1.0179
0.5747
0.6145
-0.3938
-0.2131
-1.1441
-0.8915
-1.7982
-1.6997
-1.9507
-1.8157
-1.6913
-1.3532
-2.1655
-2.3377
-2.4888
-2.3286
-1.4180
-1.9951
-1.0043
-1.6335
-1.1696
-0.9830
-0.2930
-0.3686
0.0828
0.1167
0.3108
0.5398
0.7617
0.7606
1.1602
0.7979
0.8783
0.7389
0.3555
1.2085
0.4266
0.9371
0.9386
0.8644
0.6508
0.8750
0.7154
1.0066
0.7264
1.1431
1.1495
1.0965
0.9949
1.1132
0.7864
0.8599
0.7136
0.5024
0.1325
-0.0524
-0.3340
0.3298
-0.8691
-0.1754
-0.7090
-0.9892
-1.2313
-1.7320
-2.2962
-2.1934
-2.2909
-2.0882
-2.2352
-2.1853
-1.8724
-1.6302
-2.0156
-2.0111
-1.8226
-1.9693
-1.9332
-1.5878
-1.4174
-1.3015
-1.8547
-1.4943
-1.9378
-1.7145
-1.8098
-1.7295
-1.9899
-2.1262
-2.1074
-2.1943
-2.1729
-2.3916
-2.2102
-2.6571
-2.8050
-2.7752
-3.0693
-3.1912
-2.9776
-3.5030
-3.3499
-3.5905
-3.5825
-3.3650
-3.3877
-3.1832
-2.6409
-2.7419
-2.8908
-2.2438
-2.5260
-2.9324
-2.6973
-2.2720
-2.1675
-2.0709
-2.4104
-1.4910
-1.8152
-1.7199
-1.2661
-1.4523
-1.1276
-1.2046
-0.9389
-0.4362
-0.3413
-0.0946
-0.1051
-0.1494
-0.0845
0.1375
0.5697
0.7396
0.8867
0.9715
1.2456
1.0935
1.2744
1.6990
1.7919
1.6600
1.7063
1.7321
1.6500
1.6527
1.5437
1.7105
1.4902
1.4092
1.3003
1.1153
0.9220
0.7375
0.6484
0.5104
0.6179
0.2620
0.1817
0.1449
0.1340
0.1463
0.1474
0.1613
0.1417
0.1310
0.1056
0.0696
0.0287
-0.0231
-0.0439
-0.0154
0.0168
0.3528
0.0793
0.0964
-0.0458
-0.0716
-0.0834
-0.0819
-0.0622
-0.0672
-0.0947
-0.1694
-0.2640
-0.3484
-0.4289
-0.2756
-0.5458
-0.5947
-0.6836
-0.7457
-0.8286
-0.8716
-0.9322
-0.9685
-0.9718
-1.0566
-1.1247
-1.2701
-1.4204
-1.5721
-1.7724
-1.9909
-2.1988
-2.2111
-2.5796
-2.7937
-2.9235
-3.2500
-3.5022
-3.8577
-4.1219
-4.3533
-4.5786
-4.8243
-5.0273
-5.2668
-5.4654
-5.6279
-5.8825
-5.9305
-6.2233
-6.2781
-6.3171
-6.6193
-6.7334
-6.5984
-6.8738
-6.8511
-6.9309
-7.0560
-7.2542
-7.5004
-7.6374
-7.7880
-7.6985
-7.8496
-8.1703
-8.2445
-8.3930
-8.2691
-8.4392
-8.7352
-8.8287
-8.8972
-8.9760
-9.0076
-9.0676
-8.7798
-9.0420
-8.9765
-9.1350
-9.2117
-9.3699
-9.4619
-9.5452
-9.3509
-9.5120
-9.5364
-9.2556
-9.5649
-9.4707
-9.5508
-9.6178
-9.7269
-9.8736
-9.9354
-10.0036
-10.1149
-10.0269
-10.1444
-10.4070
-10.5421
-10.6859
-10.8797
-11.0560
-11.1739
-11.2979
-11.3349
-11.4735
-11.5762
-11.5474
-11.9045
-11.9779
-11.9264
-12.2045
-12.3103
-12.3690
-12.3724
-12.4055
-12.3706
-12.4606
-12.4979
-12.4106
-12.6703
-12.6473
-12.7250
-12.7164
-12.8168
-12.8655
-12.8697
-12.9470
-12.8821
-13.0345
-13.0496
-13.2169
-13.2715
-13.1237
-13.3794
-13.4291
-13.4389
-13.4819
-13.4801
-13.5754
-13.6267
-13.7130
-13.7590
-13.8008
-13.8422
-13.9010
-13.8835
-14.0320
-14.0938
-13.9743
-14.1891
-14.0224
-14.1414
-14.1128
-14.2390
-14.1955
-14.2557
-14.1841
-14.2389
-14.2075
-14.2623
-14.2179
-14.1772
-13.7872
-13.8071
-13.6773
-13.6741
-13.7819
-13.4027
-13.3134
-13.4588
-13.3288
-13.3554
-12.9269
-12.4625
-12.4617
-11.4328
-11.1738
-10.2542
-10.2717
-9.7128
-10.2030
-10.0115
-10.4837
-10.7432
-10.7382
-10.4410
-10.7481
-10.1149
-10.3166
-10.2270
-10.3161
-9.8542
-9.7894
-9.5046
-9.4337
-8.9945
-8.6553
-9.0110
-8.8079
-8.8737
-8.7085
-8.5517
-7.9625
-8.5015
-8.1707
-7.9862
-7.2243
-7.2233
-7.0601
-6.4274
-6.9959
-6.7935
-7.1006
-6.8241
-6.6700
-6.6580
-5.6446
-6.3117
-5.8773
-5.8878
-6.0438
-5.8395
-6.0637
-5.6147
-5.2295
-5.1948
-4.7392
-4.8236
-4.5708
-4.1585
-3.9617
-3.5936
-3.5454
-3.0031
-2.9062
-2.8873
-2.7662
-2.5997
-2.4214
-1.9842
-2.0879
-1.6755
-1.4660
-1.1502
-1.3659
-0.9813
-1.0095
-0.6725
-0.4014
0.1656
0.6119
0.8721
1.0594
1.5488
1.9513
2.2825
3.0565
3.5067
4.0452
4.7244
5.2594
5.4980
6.0346
6.6691
7.1798
7.8876
8.1491
8.5788
9.0464
9.6667
9.8659
10.2121
10.6444
10.6451
10.9606
10.8738
10.9384
11.0682
11.0894
11.1525
11.0365
11.2146
11.0917
11.0998
11.2131
11.3692
11.4141
11.3681
11.6483
11.7739
11.7614
12.1957
12.0545
12.2568
12.5675
12.5637
12.5869
12.2369
12.8924
12.4572
12.7348
12.6911
12.6614
12.8843
12.9758
13.3409
13.3226
13.8206
14.0021
14.5227
14.6924
15.3006
15.7407
15.7685
16.3669
17.4161
17.3742
17.6259
18.1790
18.0246
17.9367
18.3963
17.8743
18.6287
18.0622
18.2450
19.3373
19.6321
20.3724
21.1832
21.4714
22.3122
22.0325
22.8774
22.7029
23.9941
24.3214
24.3543
24.6780
25.4513
25.5606
25.2698
25.7826
25.7213
26.0712
26.9984
26.4922
27.0075
26.9525
27.4152
28.3717
27.4329
28.3639
27.8554
28.5221
28.3330
27.7749
28.0064
27.5701
27.4108
26.9199
27.6549
26.4705
27.0641
26.7402
25.3054
25.8239
24.5417
23.8567
23.6223
22.2866
21.6806
21.2123
21.4002
20.6078
20.6241
20.2931
20.4909
19.6891
20.3840
19.9036
20.2715
19.7158
18.8834
18.6343
18.3152
18.1325
17.6630
17.3294
16.9738
17.3676
17.6997
17.3826
17.3618
17.6651
17.5380
17.5701
17.3467
16.9912
16.3150
16.1677
16.0818
16.1083
16.8517
15.8150
15.7961
15.5822
15.4648
15.1606
14.4815
14.7738
14.9398
15.8325
15.7444
15.8657
15.5977
15.5830
16.4592
16.5506
17.0275
17.5639
17.9079
17.1418
17.4718
16.7685
16.5549
17.3778
18.1490
18.5894
18.5015
17.6261
18.6943
18.8895
17.8414
18.1302
17.3575
16.9241
16.5785
16.2224
16.1867
14.7739
14.3473
13.7132
13.2003
12.2909
11.7070
11.1900
10.6117
10.2764
9.8631
8.3976
8.8553
8.4532
9.5550
9.0998
8.6608
9.4260
9.0634
9.2200
9.1564
9.1978
9.2266
8.1587
8.4371
7.5171
6.6653
6.2502
5.4668
5.2164
4.0710
4.1918
2.3870
1.4605
0.8700
0.7283
-0.1209
-1.2922
-1.9673
-2.5498
-3.1305
-3.7317
-4.0745
-3.7943
-4.0568
-4.3924
-4.3969
-4.3709
-4.7151
-4.8450
-4.7271
-4.7435
-4.6137
-3.8362
-4.0693
-4.4802
-4.5781
-4.6759
-4.8123
-4.8496
-5.0473
-4.8480
-5.0197
-4.9061
-4.8414
-4.6973
-5.1044
-5.0593
-5.0700
-5.0945
-5.0981
-5.2459
-5.3338
-5.2001
-5.4290
-5.0276
-5.4069
-5.3220
-5.3728
-5.3705
-5.4893
-5.3808
-5.6183
-5.7530
-5.6449
-5.8162
-5.7576
-5.9241
-5.7041
-5.8654
-5.8271
-5.7842
-5.5400
-5.7309
-5.6835
-5.7421
-5.7398
-5.6558
-5.8396
-6.0265
-6.0140
-6.2942
-6.3642
-6.3903
-6.6728
-6.7980
-6.8849
-6.9969
-7.1228
-7.1684
-7.4032
-7.5419
-7.4034
-8.0057
-8.2014
-8.4229
-8.7176
-8.9256
-9.1011
-9.6143
-9.9578
-10.3380
-10.3435
-10.8377
-11.3716
-11.8945
-11.9223
-12.4961
-12.6076
-13.0459
-13.2535
-13.4279
-13.7974
-14.0613
-14.2198
-14.2686
-14.6368
-14.7911
-14.9783
-15.0848
-15.2706
-15.2640
-15.4794
-15.5341
-15.6520
-15.7797
-15.7697
-15.6995
-15.6966
-15.9117
-15.9564
-15.9662
-15.9718
-16.0264
-16.0152
-16.0192
-16.0527
-16.0261
-16.1106
-15.6930
-16.0796
-16.0383
-16.0006
-15.9489
-15.9199
-15.9116
-15.9471
-15.9573
-15.9614
-15.8495
-15.7706
-15.7411
-15.5494
-15.8243
-15.8258
-15.8531
-15.6568
-15.8683
-15.8374
-15.8535
-15.8266
-15.8728
-15.8188
-15.7736
-15.7427
-15.7276
-15.7493
-15.7230
-15.5453
-15.3078
-15.3575
-15.3836
-15.2853
-15.2477
-15.1441
-15.1044
-15.0065
-14.9282
-14.6183
-14.7024
-14.5154
-14.4459
-14.3178
-14.2985
-14.2252
-14.0876
-14.0248
-13.8864
-13.8818
-13.8072
-13.8053
-13.7534
-13.7193
-13.6718
-13.6244
-13.3714
-13.5176
-13.4671
-13.3860
-13.2634
-13.2301
-13.2066
-13.2796
-13.2948
-13.2907
-13.2463
-13.2308
-13.1677
-13.1441
-13.0735
-13.0316
-12.9573
-12.9022
-12.6294
-12.6877
-12.6568
-12.5501
-12.5520
-12.4519
-12.3387
-12.1543
-12.0191
-11.8142
-11.7128
-11.5439
-11.4099
-11.2447
-11.0910
-10.9772
-10.8811
-10.8418
-10.5848
-10.8182
-10.8186
-10.9356
-10.9286
-11.0816
-11.1084
-11.2483
-11.2726
-11.3054
-11.2965
-11.3455
-11.3672
-11.4514
-11.5134
-11.3231
-11.6470
-11.6829
-11.8411
-11.8522
-11.9133
-11.8970
-11.9678
-11.9616
-11.9712
-11.9350
-11.8838
-11.8274
-11.7590
-11.6820
-11.3961
-11.4700
-11.3612
-11.2090
-11.1223
-10.9175
-10.8462
-10.6602
-10.5565
-10.3860
-10.1767
-10.0256
-9.8469
-9.7192
-9.5588
-9.4106
-9.2442
-9.0773
-8.8154
-8.4606
-8.3916
-8.2100
-7.9125
-7.5262
-7.1467
-6.6932
-6.3183
-5.9401
-5.5487
-5.1429
-4.3700
-3.1259
-2.9972
-2.5657
-2.1471
-2.3120
-2.4494
-2.9413
-3.5175
-3.1379
-3.7303
-4.1980
-4.5398
-4.4739
-4.8354
-4.5446
-4.9388
-4.6874
-4.7008
-4.5390
-4.2525
-4.4715
-4.2192
-4.2945
-4.8800
-4.6970
-5.2233
-5.4298
-5.6669
-5.5969
-5.9281
-6.2180
-6.3321
-5.9295
-6.6017
-6.2374
-6.1663
-6.3854
-6.6015
-6.9399
-6.9231
-7.6002
-7.5853
-7.8041
-7.2617
-7.3990
-7.9213
-8.1802
-8.0037
-8.4134
-8.4243
-7.8968
-8.1596
-7.8638
-8.3121
-8.1413
-7.8224
-8.1298
-8.5683
-9.1549
-9.0385
-9.4005
-8.8890
-9.3325
-9.5956
-9.6223
-9.8929
-9.7567
-10.1983
-9.9985
-10.2239
-10.2748
-10.7836
-10.5781
-10.8818
-10.8661
-10.9448
-10.4028
-10.8343
-10.6826
-10.7312
-10.8667
-10.4872
-10.5684
-10.4316
-10.4925
-10.1191
-10.7988
-10.7393
-10.6607
-10.4802
-10.8774
-10.8425
-11.1097
-11.2009
-11.0628
-11.0282
-11.2658
-11.4608
-11.3163
-10.9823
-11.2363
-11.0983
-11.2056
-11.1602
-11.2289
-11.2608
-11.0808
-11.4237
-11.2386
-11.1228
-11.0375
-11.2458
-11.0966
-11.3235
-11.3588
-11.3235
-11.3613
-10.9994
-10.9401
-10.8810
-10.7482
-10.5642
-10.3481
-10.5741
-10.4161
-10.5472
-10.1331
-9.9968
-9.9667
-9.9835
-9.7158
-9.8470
-9.9670
-9.9508
-9.8597
-9.5109
-8.9508
-8.9531
-8.9714
-8.5603
-8.7219
-8.1567
-8.0973
-8.0281
-7.9207
-7.5662
-7.8119
-7.7189
-7.7821
-7.2687
-7.4345
-7.7723
-7.6204
-7.7781
-7.2809
-7.4564
-7.2018
-7.2568
-6.9702
-7.3026
-7.2711
-7.3359
-7.1802
-7.2969
-7.6137
-7.4098
-7.7030
-7.6486
-7.8615
-7.6387
-7.8125
-7.5303
-7.5305
-7.3879
-7.2093
-7.0456
-6.6462
-6.6279
-5.8208
-5.7987
-5.3618
-4.8557
-4.4565
-3.6895
-3.4402
-3.0086
-2.4708
-2.3048
-1.9026
-1.7359
-1.4988
-1.1260
-1.2324
-1.1739
-1.2843
-1.2294
-1.0643
-1.8704
-1.9229
-1.6680
-1.9927
-2.7877
-2.6798
-2.9383
-2.9923
-3.3241
-3.6410
-3.8993
-3.9358
-4.3124
-4.5142
-4.7858
-4.7785
-4.9757
-5.1039
-5.1172
-5.4747
-5.5436
-5.7608
-5.7846
-5.8123
-6.1131
-6.1109
-6.1371
-5.9338
-6.2152
-6.2390
-5.8788
-6.3082
-6.1752
-6.3585
-6.3770
-6.0568
-6.2613
-6.2354
-6.2355
-6.1922
-5.9985
-6.0307
-5.8735
-5.6836
-5.7421
-5.3733
-5.5275
-5.4309
-5.1224
-5.3387
-5.2026
-5.1469
-4.9931
-4.6971
-4.5685
-4.0694
-4.0682
-3.8410
-3.4568
-3.4113
-2.8413
-2.9839
-2.9023
-2.7312
-2.7305
-2.7311
-2.8524
-2.8679
-2.9091
-2.8836
-2.5770
-2.6636
-2.5860
-2.5433
-2.7814
-2.3220
-1.9728
-2.2753
-1.1605
-0.8230
-0.0088
-0.6945
-0.3885
0.5624
0.4916
0.8741
1.0335
1.7987
2.1248
2.9749
3.7687
4.3561
4.5023
4.9994
5.5778
5.3895
5.9750
6.3612
6.8542
7.2318
8.7776
8.3983
9.2276
9.2424
10.0748
9.8104
10.1407
10.0794
11.4358
10.7914
10.9930
10.9984
11.2110
11.4290
10.8216
11.8446
12.0253
12.4334
13.3448
13.4307
13.4580
14.6391
15.1258
15.1849
16.1640
16.3974
16.8097
17.1294
17.9195
17.5927
17.3909
17.3577
17.8755
17.8290
17.8445
18.3599
18.3743
18.6503
19.1170
19.7259
19.6399
20.7774
20.3627
22.3350
21.2479
21.7530
20.9197
21.4624
21.2801
20.8117
21.3758
20.4199
20.3635
20.0282
20.0899
19.9288
19.9894
20.3494
19.6977
19.7623
19.7399
20.5210
20.6019
20.6525
20.0012
20.5156
19.7069
19.8142
19.7751
19.4005
18.2035
17.3643
16.6831
16.0193
15.7180
15.0806
14.7757
14.2900
14.8198
14.1957
14.3247
15.2715
15.5732
15.0044
15.3893
15.4813
15.7486
15.3304
15.6709
15.6044
15.9718
16.7181
16.2811
16.5390
17.5954
17.3035
17.8806
17.1465
17.7676
18.0229
17.4708
18.4515
18.0940
18.1759
18.4979
18.8022
18.6444
18.3312
18.2184
18.2262
17.8423
18.1405
17.5421
17.0123
17.4534
17.4167
18.1745
17.8650
18.7675
18.4176
18.2054
17.6119
17.7799
16.7283
16.5412
15.8633
15.6192
15.1361
14.0732
13.9440
13.3029
13.0964
13.4602
12.3343
11.4762
11.1530
11.2860
10.5238
10.3609
10.9076
9.7164
9.6315
9.2018
8.8537
9.2378
8.7808
8.4996
9.0307
8.4867
8.9785
8.5165
8.8669
8.5410
8.5970
8.3815
8.6800
8.3048
8.7077
7.7794
7.8706
7.4620
7.4747
7.0958
7.0054
6.8842
6.6392
6.3422
6.3851
5.9523
6.0130
5.8477
6.1163
5.8387
5.9169
5.9706
5.5264
5.5372
5.1597
5.2213
5.4602
4.9806
5.4032
4.8148
4.3040
4.4120
4.1224
4.2888
4.1795
4.3390
3.5504
3.4581
2.8519
2.9814
2.6631
2.0790
2.0164
1.4764
1.3792
1.0651
0.8109
1.1933
0.4185
-0.3171
-0.2763
-0.4804
-0.2616
-0.3497
-0.2638
-0.4111
-0.0041
-0.1736
-0.0570
0.1962
-0.3241
-0.2634
0.5548
-0.2871
-0.3510
-0.0760
-0.1269
0.5745
-0.0582
0.4489
-0.0196
-0.0287
0.3900
0.3802
-0.0139
-0.1689
-0.2645
0.1319
-0.2628
-0.3412
-0.4060
-0.9501
-0.8940
-0.9997
-1.1776
-0.8471
-1.4686
-1.5204
-1.9426
-2.1703
-2.2950
-2.3818
-2.0306
-2.4528
-2.5113
-2.4094
-2.4893
-1.9596
-2.3935
-2.4068
-2.4843
-2.4895
-2.2756
-2.1268
-2.1915
-2.0508
-1.9570
-1.9639
-1.7720
-1.8523
-1.9233
-2.1276
-2.0706
-2.2002
-2.5128
-2.6387
-2.7784
-2.7403
-2.8283
-2.4792
-2.7276
-2.3881
-2.9720
-3.1119
-2.8934
-2.9634
-2.7372
-2.7219
-2.9566
-3.0208
-2.9483
-3.0588
-2.7303
-2.9837
-3.0604
-2.6662
-3.1759
-3.0767
-3.3247
-3.3575
-3.2444
-3.2340
-3.5172
-3.4297
-3.4324
-3.6401
-3.5342
-3.5910
-3.5827
-3.4087
-3.3932
-3.5330
-3.5337
-3.5510
-3.7680
-3.7513
-3.9541
-3.5470
-3.8774
-3.9344
-3.6907
-3.7174
-3.5304
-3.6858
-3.7002
-3.9079
-4.1111
-4.1509
-4.3255
-4.5780
-5.2347
-5.2669
-5.2394
-5.7679
-5.8930
-6.0895
-6.4818
-6.3455
-6.9026
-7.2062
-7.7906
-8.1533
-8.4256
-8.6540
-8.6620
-9.0091
-9.1796
-9.1614
-8.5310
-8.9542
-9.2078
-8.9688
-9.2231
-9.4419
-8.9237
-9.3082
-9.2074
-9.0562
-9.2554
-9.1089
-9.2692
-9.1885
-8.7150
-8.8883
-8.6471
-8.5404
-8.2518
-8.3221
-8.2690
-8.4043
-8.3015
-8.2239
-8.0408
-7.7918
-7.6665
-7.4306
-7.3870
-7.0359
-7.1527
-7.0404
-6.9080
-6.8261
-6.4977
-6.7122
-6.6403
-6.6632
-6.5687
-6.4981
-6.3411
-6.1934
-5.9813
-5.8375
-5.4622
-4.6870
-5.1524
-4.5741
-4.4786
-4.2026
-3.5719
-3.4272
-2.7812
-2.7765
-2.1264
-1.4465
-1.3320
-0.9721
-0.9216
-1.0269
-1.1285
-0.6713
-0.5030
-0.2510
-0.4414
-0.4091
-0.6960
-0.7743
-0.7082
-0.7231
-0.5735
0.1236
0.0003
0.1380
0.5088
-0.0752
0.0601
0.0661
0.0230
-0.1088
0.0058
-0.2524
-0.3643
-0.4648
-0.1735
-0.4124
-0.0719
-0.6392
-0.5882
-0.7125
-0.7656
-0.6462
-0.1593
-0.6919
-0.3995
-1.0884
-0.9661
-1.2877
-1.6427
-1.8168
-1.9434
-2.3899
-2.7271
-2.6834
-3.2608
-3.1972
-3.5578
-3.3682
-3.5376
-3.7059
-3.9468
-3.5980
-3.6167
-4.0330
-4.1291
-4.4262
-4.4745
-4.3828
-4.3151
-4.5004
-4.4343
-4.0883
-4.1805
-4.3000
-4.1077
-3.9242
-4.3277
-4.1050
-4.3479
-3.9101
-4.3176
-4.2459
-3.9530
-5.0309
-4.7633
-5.3754
-5.1510
-5.6995
-5.7711
-5.8194
-5.9000
-5.6476
-5.6967
-5.3101
-5.1408
-4.1684
-4.7320
-4.8953
-4.8551
-5.0907
-5.0257
-5.3849
-5.0983
-5.3939
-5.3989
-5.5627
-5.3041
-5.6112
-5.7716
-5.5772
-5.7041
-5.8753
-5.7305
-6.0493
-5.8311
-6.1927
-6.5329
-6.9287
-6.2936
-7.3004
-7.1859
-7.3356
-6.8027
-6.8445
-6.9971
-7.2958
-7.6863
-7.6562
-7.4777
-7.7555
-7.8937
-7.3200
-7.7533
-7.3532
-7.4416
-7.2438
-7.0902
-7.1624
-7.0199
-7.5022
-7.4421
-7.0834
-7.0904
-6.9698
-7.3399
-6.6685
-6.3880
-7.1936
-7.2139
-7.0284
-7.4417
-6.8876
-7.0685
-6.5185
-6.2632
-7.1013
-6.9553
-6.9619
-6.8975
-6.7199
-6.7771
-6.7238
-6.5097
-6.6495
-6.3866
-6.3403
-6.0642
-6.2694
-6.1198
-5.9531
-5.9979
-5.4949
-5.2490
-5.4207
-4.8614
-5.5144
-5.3671
-5.0866
-4.7794
-5.1536
-5.1456
-4.6422
-4.7266
-4.3567
-4.1587
-4.0052
-3.5749
-3.6425
-3.2667
-3.2560
-3.1085
-2.8720
-2.7101
-1.8434
-2.3303
-2.0189
-1.6669
-1.3127
-1.3211
-1.0166
-1.2461
-0.7599
-0.7028
-0.3644
-0.3578
0.1527
0.0118
0.1694
0.0333
0.3682
0.1160
0.4933
0.5294
0.4526
0.7617
0.7596
0.9083
1.0069
1.5509
1.6668
1.7536
2.0242
2.2522
2.6027
2.5752
2.7711
3.3050
3.1486
3.7521
3.4260
3.7570
4.0321
3.8477
3.7607
4.4133
3.8386
3.8218
4.0174
3.8974
3.9417
4.0419
4.4726
4.4540
4.6907
5.2560
5.3142
5.3405
4.9013
4.8341
4.6398
4.5833
4.8820
5.1413
4.6590
4.6495
4.3481
4.6736
4.7802
4.9299
4.8049
5.3388
4.7519
4.7709
5.0219
5.3369
5.5111
5.6885
5.7590
6.0096
6.0087
6.3313
5.9747
5.7947
5.3187
5.3421
5.0019
4.8867
5.1412
5.2695
5.0109
5.0451
5.2216
5.2819
5.3832
5.6152
5.7198
6.2763
6.2251
6.7688
6.7485
7.0190
7.0764
7.1672
7.1045
7.1064
7.4080
6.9351
6.8123
6.7250
6.9900
6.6427
6.6567
6.4544
6.4220
6.2405
6.2159
5.6712
5.3353
5.0984
5.1730
4.6783
4.5383
4.3546
4.0477
3.8838
4.1256
3.8076
3.7434
3.5341
3.7694
3.4083
3.6333
3.8248
3.3433
3.5594
3.5105
3.1288
3.3678
2.8057
3.5893
3.2825
3.7231
3.6174
3.3358
3.2065
3.5692
3.7699
3.6904
3.5475
3.4026
4.1059
3.5188
4.1730
4.0507
3.6654
3.3859
2.7107
3.5219
2.4222
2.9739
2.5493
2.7284
2.6726
2.4998
2.8371
2.6801
3.3746
3.1409
3.0179
3.0522
3.3477
3.3368
3.4444
3.2457
3.5851
3.5531
3.7405
3.3933
3.9032
3.5981
3.9218
3.9219
3.9455
3.8015
3.5711
3.3429
3.3739
2.8583
2.9320
2.6694
3.2920
2.7162
3.6327
3.2146
4.1145
3.4268
3.4277
3.0246
2.5016
2.6406
3.1605
1.9492
2.0551
1.6260
1.3225
1.7462
1.1749
1.0126
0.6104
0.3661
0.2084
-0.2342
-0.4171
-0.4065
-0.6105
-1.2004
-1.2793
-1.5240
-1.5532
-1.7210
-1.7854
-1.6945
-1.9542
-1.9215
-2.4152
-2.5680
-2.7099
-2.5682
-2.5654
-2.4765
-2.2187
-2.4320
-2.0611
-2.5673
-2.4980
-2.0720
-1.7682
-1.0206
-0.8366
-1.1241
-0.9015
-0.8843
-0.3661
-0.5587
-0.4388
-0.1762
-0.1486
-0.0547
0.0626
-0.3062
0.0837
-0.2696
0.0749
-0.1565
0.0226
-0.3943
-0.5218
-0.2733
-0.2819
-0.3432
-0.5344
-0.8153
-0.7518
-0.9776
-0.7072
-1.0345
-0.6063
-1.1550
-0.8476
-1.1892
-1.2351
-1.2230
-1.3171
-1.4493
-1.4376
-1.3193
-1.2252
-1.2737
-1.2895
-1.1771
-1.5161
-1.5364
-1.6515
-1.2279
-1.5243
-1.0372
-1.3986
-1.5240
-1.2999
-1.1169
-1.2219
-1.1930
-1.4264
-0.9944
-0.8560
-0.9274
-0.6537
-0.9411
-0.5615
-0.3795
-0.2334
-0.6412
0.1291
-0.6420
-0.0624
-0.6023
-0.5780
-0.4868
-0.7422
-0.7291
-0.6987
-0.5984
-1.1704
-0.8768
-1.0022
-0.9389
-1.0161
-0.9481
-0.8030
-0.9167
-1.1013
-1.0654
-0.6492
-0.4991
-0.5209
-0.5211
-0.3712
-0.6638
-0.7465
-0.8175
-0.7776
-1.1287
-1.2572
-1.4076
-1.4465
-1.3732
-1.4269
-1.7354
-1.5569
-1.8497
-1.9251
-1.9650
-2.0340
-1.6563
-1.8673
-1.6932
-1.7126
-1.3543
-1.2871
-1.5787
-1.3953
-1.5659
-1.6822
-1.7814
-1.8056
-2.0048
-1.9580
-2.3058
-2.3529
-2.4745
-2.5406
-2.6746
-2.5905
-2.6578
-2.9424
-2.8314
-2.9914
-3.0939
-3.0538
-3.0786
-3.0951
-2.7614
-3.0366
-2.9021
-2.7629
-2.5237
-2.5072
-2.5211
-2.3351
-2.1531
-1.6921
-1.8262
-1.5217
-1.5745
-1.6379
-1.3984
-1.4247
-1.4177
-1.1912
-1.0141
-0.8899
-0.7740
-0.6485
-0.7266
-0.3517
-0.5617
-0.4241
-0.3878
-0.2554
-0.1654
0.1128
0.1934
0.7236
0.5096
0.4555
0.2311
0.1744
0.2551
-0.0240
-0.1724
-0.3547
-0.3785
-0.0711
-0.1700
-0.0400
0.1894
0.3045
0.3782
0.2860
0.5025
0.3728
0.4478
0.6406
0.2167
0.1113
-0.1550
-0.6053
-0.4432
-0.8250
-0.9068
-1.1694
-1.4881
-1.7134
-2.3024
-2.7065
-2.9437
-3.3582
-3.9699
-4.2955
-4.6526
-4.9440
-5.1272
-6.1141
-6.2882
-7.0195
-7.3345
-7.7230
-7.7423
-8.1467
-8.2088
-8.7497
-9.2194
-9.6965
-10.0674
-10.3269
-10.4712
-10.2526
-10.6290
-10.8368
-11.1166
-11.0759
-11.4270
-11.4678
-11.6318
-11.6935
-11.8533
-11.6393
-11.8820
-11.5129
-11.5532
-11.4992
-10.5600
-10.6427
-10.7021
-11.1019
-9.7333
-10.3370
-10.3343
-11.0965
-10.5161
-10.1477
-9.1800
-10.0567
-8.8859
-9.9616
-9.7045
-10.0896
-9.3558
-10.3107
-10.1552
-10.0081
-10.0100
-9.7975
-9.3206
-9.3462
-9.6901
-9.3647
-9.6193
-9.2347
-9.3919
-8.8596
-9.2999
-9.0632
-7.9010
-8.0873
-7.8194
-6.8104
-7.5692
-6.6071
-6.7327
-6.1671
-6.4920
-6.1208
-6.4818
-6.0289
-6.1526
-5.8738
-5.6421
-5.4970
-5.7437
-5.5569
-5.5095
-5.8170
-5.8449
-5.6325
-6.1112
-5.4034
-5.8011
-5.5280
-5.7936
-5.0432
-5.2372
-5.1733
-5.4660
-4.9944
-5.0857
-4.8761
-4.3092
-4.3479
-4.1555
-4.3619
-4.0673
-2.9337
-3.0551
-2.7050
-1.2475
-1.2399
-0.4008
-0.1481
-0.4218
-0.6923
0.2494
-0.3415
0.0425
0.9131
0.1565
0.9127
0.2376
1.0427
0.9118
1.6070
1.8683
2.3947
2.9001
3.1348
3.6323
3.9103
4.4438
4.4670
5.2576
5.7441
6.4869
7.7198
8.2836
8.7460
8.2671
8.3124
8.2561
9.0254
9.0978
8.9770
8.8461
8.5923
8.5379
8.5674
8.9570
8.8986
9.5532
10.2257
10.4062
10.4576
11.2892
11.0042
10.7748
10.8599
10.3920
11.1102
11.1619
11.4309
11.8917
10.5014
10.6463
10.4703
11.2450
11.5090
11.2147
11.2899
11.2635
11.0530
10.7887
10.8582
10.5214
10.4680
10.8208
10.3345
10.8505
10.8742
10.6356
10.9686
11.6386
10.7271
10.8519
11.0130
11.0684
11.2804
10.7612
11.2555
10.7366
11.1697
11.0955
11.5233
10.7894
10.8217
11.0108
11.5219
11.4191
11.7076
11.1141
11.2241
10.7230
10.7265
10.7014
10.3747
10.4655
10.4504
10.3691
10.3782
10.5186
10.7059
10.2677
10.1126
10.1241
10.1601
9.9417
9.8191
9.6597
9.9515
9.4095
9.5765
9.2952
9.0918
8.7531
8.4201
8.4167
8.1949
7.6892
7.1384
7.0586
7.0405
6.2665
6.3179
6.1650
5.6225
5.7543
5.3485
5.2363
4.8238
4.8516
5.1663
5.1386
5.1145
5.1730
5.0671
4.8485
4.5187
4.3690
4.3210
4.4310
4.4550
4.2232
3.8721
3.8272
4.0532
4.3705
4.6772
4.1168
3.8473
4.0651
3.7897
3.5864
3.9008
3.1197
3.5091
3.2001
3.3302
3.4059
3.0957
3.0680
2.7717
3.5939
3.1487
2.9243
2.5990
3.4093
3.9072
3.9642
3.2157
2.8621
4.3857
3.7599
4.7193
4.2316
4.3283
4.0843
5.2748
5.2059
4.5404
5.2395
4.7548
5.1479
5.0415
5.5627
5.6185
5.6039
5.9741
5.9289
7.4550
6.5758
7.0759
6.3521
6.8484
7.0536
6.8986
6.8120
6.9158
7.0331
7.4800
7.4830
8.1297
7.9983
7.8772
7.4663
7.4141
7.5581
7.4703
6.6951
6.8456
6.3018
6.4624
6.5183
6.2949
6.1111
6.2598
5.8892
5.4450
5.8041
5.4933
5.3644
4.9099
4.9541
4.9933
4.9460
5.0914
4.6143
4.1104
4.1732
4.2112
3.5116
3.1567
3.2815
3.2554
3.0760
3.2744
3.5226
3.0636
3.0591
3.0743
3.3240
3.2638
3.2815
3.3609
3.2247
3.3726
2.9744
2.8279
2.7691
2.6494
2.2362
1.8277
1.7576
1.2206
0.9291
0.4832
0.1604
-0.0883
-0.3077
-0.3599
-0.6793
-0.6129
-1.0377
-1.1125
-1.2378
-1.2480
-1.3859
-1.7465
-1.4528
-1.7475
-1.6418
-1.5787
-1.5295
-1.2069
-1.4640
-1.5324
-1.5249
-1.4035
-1.3355
-1.2898
-1.4386
-1.6257
-1.4979
-1.4353
-1.6888
-2.0043
-1.6299
-2.1223
-1.8354
-1.8861
-1.9179
-2.0755
-1.8075
-2.4735
-2.8139
-2.8296
-3.5349
-3.4473
-4.3593
-4.4857
-5.0595
-4.8653
-5.7214
-5.8578
-5.8636
-6.8142
-7.0584
-7.3563
-7.3057
-6.8008
-6.7558
-6.2548
-6.1971
-6.7928
-7.0077
-7.3017
-6.9318
-7.1824
-7.8198
-7.9858
-7.7706
-8.1103
-7.7207
-7.7739
-7.3393
-6.6741
-7.1461
-6.7300
-7.2595
-7.5685
-7.6039
-7.6513
-6.8099
-7.3386
-6.8129
-7.4029
-6.8863
-7.1971
-6.5245
-6.6764
-6.7173
-7.1055
-6.9503
-6.7084
-6.4447
-6.9143
-7.1960
-7.3484
-7.1003
-7.2591
-7.3584
-7.2563
-7.1477
-7.5142
-7.5077
-7.3781
-7.4677
-7.8843
-8.1192
-8.4775
-8.6003
-8.3167
-8.6875
-8.4803
-8.9800
-8.8240
-9.0067
-8.7924
-8.2815
-8.8442
-8.5560
-8.8314
-8.4115
-8.5269
-8.3413
-8.2986
-8.0917
-8.1870
-7.6649
-7.6030
-7.2684
-7.4821
-7.3799
-7.4022
-6.6221
-7.4533
-6.5718
-6.9920
-6.8854
-6.5728
-6.5563
-6.1276
-5.9401
-5.8188
-5.9612
-5.9396
-5.0463
-5.7202
-5.5562
-5.6508
-5.4872
-5.0426
-4.9484
-4.8416
-5.0081
-4.5871
-4.4934
-4.5733
-4.5693
-4.4043
-4.5773
-4.2332
-4.5006
-4.6462
-4.3735
-4.3243
-4.3241
-4.3961
-4.5100
-4.2622
-4.3896
-4.2949
-3.9089
-3.8336
-3.6860
-3.8977
-3.9008
-3.6672
-3.6888
-3.8729
-3.6623
-3.4072
-3.4444
-3.5522
-3.4194
-3.4125
-3.2439
-2.8631
-3.4634
-3.2849
-3.7434
-3.3661
-3.6208
-3.7555
-3.5986
-3.4953
-3.3112
-3.5104
-3.2713
-3.2615
-3.2569
-3.0129
-3.1707
-3.4097
-3.5304
-3.2580
-3.4417
-3.5015
-3.6018
-3.5697
-3.2786
-3.6555
-3.7603
-3.7974
-3.6242
-3.9186
-3.8434
-3.8505
-3.9806
-3.9782
-3.9890
-4.1165
-4.0277
-4.6612
-4.5017
-4.6678
-4.6309
-4.4012
-4.9753
-5.0762
-5.1796
-5.1935
-5.4803
-5.5499
-5.5860
-5.8811
-6.0097
-6.0068
-6.1662
-6.3148
-6.2110
-6.7148
-6.8979
-7.0723
-6.9722
-6.4464
-7.2857
-7.3221
-7.2259
-7.3780
-7.3960
-7.7063
-7.9202
-7.8330
-7.9360
-8.0336
-8.3606
-8.3337
-8.4320
-8.2061
-8.7107
-8.5460
-8.6269
-8.6849
-8.5715
-9.1567
-9.3385
-9.1933
-9.4402
-9.2867
-9.1388
-9.6987
-9.5705
-9.8214
-8.7598
-8.7441
-8.4157
-8.4667
-7.6832
-7.7278
-7.3590
-7.7314
-7.4139
-7.6132
-6.9506
-6.8769
-6.5577
-7.2563
-6.2489
-6.7954
-6.1979
-6.5565
-5.9763
-5.7797
-5.5893
-5.6559
-4.8982
-4.5689
-4.8842
-5.3430
-4.7951
-4.7283
-4.6617
-3.8703
-4.1756
-5.0293
-4.3736
-4.6694
-4.2701
-3.6768
-4.2059
-4.7147
-3.9907
-4.0301
-4.0164
-3.9176
-3.5457
-3.3935
-3.3120
-3.3460
-2.8170
-3.1997
-2.9560
-3.0964
-2.6293
-2.5386
-2.3124
-2.1755
-1.7916
-2.0356
-1.4008
-1.4921
-1.1022
-0.3878
-0.2293
0.3645
0.9600
1.6567
1.9437
2.5632
3.2617
3.6094
4.2231
4.5942
4.6764
4.9262
5.2955
5.1815
5.4920
5.4803
5.1966
5.2527
5.2822
5.2535
4.8077
4.5948
4.3727
4.3167
4.3416
4.2649
3.8143
3.7591
4.1560
3.9566
4.3116
3.7524
4.0095
3.3821
3.3417
3.2222
3.2260
3.4068
3.0552
2.8032
2.8544
2.6899
2.6479
3.0761
2.3555
2.1959
2.2305
1.7900
2.0134
2.0195
1.4105
1.9474
1.3594
1.9814
1.5651
1.3766
1.3338
1.4412
1.4393
1.7230
1.5944
1.7971
1.6575
2.1894
2.4764
2.6176
2.9150
3.2216
3.6486
4.0492
4.6505
4.8285
5.1139
5.4749
6.0246
6.2382
6.4493
6.7258
6.7042
7.0462
6.9764
7.1310
7.2111
7.3452
7.2467
7.0383
7.0508
7.1669
7.2887
7.0909
7.0508
6.9768
7.0530
7.1219
7.0885
7.1467
7.3762
7.4697
7.4742
7.7782
8.1332
8.3487
9.0271
9.3030
9.8757
10.2214
10.5875
11.1494
11.4950
12.2170
12.5810
13.4032
13.6711
14.5699
14.5218
15.5320
15.9997
16.9247
17.2326
17.6384
17.8773
17.0086
17.5841
16.7685
17.3832
17.6020
17.5426
18.0495
18.3385
17.8880
17.2280
17.0348
16.9836
17.6328
16.1799
16.4656
15.6549
15.4142
15.3915
15.5631
15.3381
15.4425
14.7753
14.6273
14.5799
14.1281
14.6440
13.6456
13.5018
13.0559
13.1531
12.5988
12.6005
11.8744
11.5380
11.2622
11.6655
11.1390
10.4973
10.6030
10.0081
10.0938
11.1989
10.7668
11.6433
11.3418
11.7060
11.5430
11.8739
12.5863
12.9223
13.2872
13.7688
14.8004
15.2928
15.6321
15.4034
15.7737
15.1271
15.3475
15.0530
15.1906
15.3438
14.6608
15.4804
14.2710
14.5788
14.8902
14.6571
14.4049
14.5855
14.9909
13.9424
14.4637
13.1332
12.8712
12.4530
12.0832
11.6177
11.2049
11.6093
11.2654
11.3869
10.8516
10.8658
10.1652
9.9777
10.0737
9.8913
9.4743
9.2576
9.0755
9.0394
8.9874
8.6911
8.8607
7.9985
8.2072
7.9611
7.8901
8.0021
8.4594
8.4266
8.5751
8.1837
8.8615
8.6030
8.0028
8.1063
8.0830
8.1024
7.9310
8.5011
7.8054
7.9953
8.1694
8.3457
8.5895
8.7440
8.6542
8.3346
8.7595
8.6725
8.9035
8.6223
8.4983
8.7223
8.3366
8.8804
8.6272
8.7890
9.0945
9.1450
8.9570
8.9164
8.9350
8.8602
9.1524
9.1249
8.9678
9.1952
8.9361
8.5229
8.5026
8.5630
8.5509
8.4208
8.5754
8.6402
9.2527
9.2247
9.6095
9.7193
10.1905
10.2824
10.4723
10.2974
10.4320
10.5989
10.8765
10.5581
10.3514
10.5291
10.6547
10.3269
10.0671
9.6194
9.4283
9.0171
8.5670
8.4887
8.1351
8.6197
8.4178
7.8339
7.8802
7.5548
7.8519
7.7041
8.0731
8.0681
7.9303
7.7313
7.5074
7.3217
6.9940
6.7285
6.1487
6.2529
5.7630
5.7251
5.7309
5.5116
5.3487
5.3171
5.1663
5.0266
5.1218
4.6159
4.5830
4.3197
4.2295
4.0436
4.0496
3.7545
3.8380
3.4516
3.4419
3.0604
2.8360
2.7996
2.7976
2.5632
2.6218
2.3966
2.3134
2.3604
2.2015
2.1487
1.8377
1.6812
1.4228
1.2520
1.2065
0.7853
0.5074
0.6032
0.0108
-0.1903
-0.4675
-0.9836
-1.2051
-1.5739
-1.8920
-2.4111
-2.7674
-2.9659
-3.3650
-3.6881
-3.8990
-4.0747
-4.2608
-4.4457
-4.7012
-4.6256
-4.9047
-4.7594
-4.7948
-4.4909
-4.7981
-4.5529
-4.8155
-4.9425
-5.0584
-5.2497
-5.1988
-5.2909
-5.1246
-5.3096
-5.5986
-5.7776
-5.9466
-6.1723
-6.4282
-6.5506
-6.5767
-6.8655
-6.9382
-7.0192
-6.7881
-6.8652
-5.6198
-6.9345
-7.2716
-7.5123
-7.6131
-6.7034
-6.5903
-7.0024
-7.3246
-7.4859
-7.9427
-7.8975
-8.1258
-8.5760
-8.4845
-8.7832
-9.5204
-9.7413
-9.1912
-10.0039
-10.0504
-10.8574
-10.9661
-10.1463
-10.8483
-11.0733
-10.9246
-11.0352
-11.3438
-11.1061
-11.3591
-11.3551
-11.4144
-11.2368
-11.1156
-11.1351
-10.8448
-10.2623
-10.7655
-11.0912
-11.0266
-10.1182
-11.0007
-10.6816
-11.0110
-10.2760
-10.0713
-9.6281
-9.5436
-9.3250
-8.6142
-8.9408
