-6.1242
-5.6956
-5.2159
-4.7174
-4.1815
-3.7351
-3.3008
-3.0332
-2.5415
-2.5133
-2.1987
-1.8139
-1.4145
-1.1566
-0.8240
-0.8302
-0.3775
-0.5273
-0.2431
-0.1950
-0.1621
0.2422
0.2160
0.8757
1.0747
0.9503
0.9081
1.1964
1.0599
0.5951
0.7844
0.2237
0.1094
-0.2262
-0.0582
-0.2739
-0.1163
-0.1426
0.2005
0.4703
0.4449
0.1568
0.4933
0.2244
0.1951
0.2973
0.4316
0.4762
0.8445
0.6435
0.6118
0.5180
0.7980
0.8947
0.9424
1.1387
1.3685
1.7981
1.4521
1.6866
1.5626
2.0566
1.9260
2.2074
2.5254
2.5354
2.6867
2.9867
3.0687
2.9268
3.1457
3.2826
3.6788
3.5799
3.6505
3.7228
3.9168
3.9377
4.0345
3.9369
4.1670
4.0481
4.0898
4.0108
4.1686
4.0541
4.1466
3.8008
3.7718
3.6728
3.1238
2.8518
2.6320
2.2924
2.1290
2.7515
1.9469
1.8017
1.4588
1.5820
1.5458
1.1735
1.0743
0.8148
0.8533
0.8594
0.6889
0.8343
0.6443
0.5359
0.6774
0.4206
0.4792
0.5379
0.2226
0.2745
0.1362
0.3980
0.3577
0.2316
0.4313
0.5086
0.3221
0.2995
0.2071
0.4250
0.3174
0.5331
0.2625
0.5043
0.2659
0.5509
0.4760
0.4099
0.3899
0.1549
0.3274
-0.0132
0.0003
0.1232
-0.0766
0.0235
-0.0061
0.0201
0.2947
-0.2015
-0.2853
-0.3842
0.1764
0.0572
0.3807
-0.1983
-0.3791
-0.3975
-0.4108
-0.2871
-0.2780
-0.3618
0.0512
-0.4887
-0.4772
-0.5432
-0.4446
-0.6159
-0.9073
-1.0738
-0.9057
-1.1827
-1.2186
-1.3223
-1.4204
-1.6619
-1.6781
-1.7246
-1.6934
-2.0666
-2.0388
-2.1098
-2.0810
-2.0142
-2.0038
-1.9015
-1.7661
-1.7539
-1.9957
-1.9999
-1.9568
-1.7733
-1.7981
-1.6733
-1.5785
-1.7905
-1.6695
-1.8316
-1.8173
-2.0366
-2.1437
-2.2276
-2.0021
-2.5150
-2.6174
-2.7121
-2.6830
-2.8345
-2.8719
-2.8046
-3.0666
-3.0075
-2.9135
-3.1164
-2.9730
-3.2548
-3.2421
-3.4702
-3.5762
-3.6514
-3.7574
-3.6407
-3.6039
-3.7886
-3.8185
-3.9090
-3.8281
-3.9843
-3.8370
-4.1565
-4.2927
-4.3410
-4.1998
-4.2033
-4.3733
-4.3854
-4.3387
-4.3500
-4.2901
-4.2234
-4.2349
-4.2073
-4.2681
-4.1587
-3.9450
-4.0207
-4.0103
-3.8966
-3.7932
-3.6669
-3.5798
-3.5132
-3.4772
-3.4903
-3.2792
-3.4954
-3.5063
-3.4979
-3.5675
-3.5271
-3.6639
-3.6969
-3.8484
-3.9149
-3.6888
-3.9540
-3.9314
-3.9810
-3.9132
-3.8341
-3.7103
-3.6951
-3.6128
-3.6626
-3.3482
-3.5279
-3.3826
-3.2306
-3.0982
-2.8840
-2.8829
-2.6194
-2.5958
-2.2217
-2.1027
-1.2665
-1.1026
-0.4007
-0.1551
0.1613
0.8110
0.9818
1.6076
1.5567
1.8679
2.3240
1.3014
1.1287
1.5649
2.7621
2.1175
2.5081
2.7913
1.8256
2.7901
2.0772
2.2673
2.0508
2.6582
2.6617
2.5522
2.7458
2.4286
2.4403
2.6729
2.2946
2.6535
2.6519
2.8344
2.5937
2.8763
2.9016
2.4331
2.5587
2.3395
2.5204
2.7090
2.2955
1.7561
1.3789
1.6009
0.7103
0.3078
-0.3127
-0.8205
-0.5028
-1.0505
-1.4896
-2.1895
-1.9263
-2.3006
-2.6143
-2.7298
-2.9880
-3.3404
-3.5121
-3.8651
-4.0897
-4.3779
-4.4546
-4.5845
-4.4869
-4.3380
-4.2912
-4.4161
-4.3907
-4.2693
-4.1456
-4.0565
-4.0105
-4.0761
-3.6125
-3.6040
-3.5522
-3.8057
-3.7595
-3.6727
-3.5106
-3.3886
-3.0373
-2.9673
-3.0382
-2.4876
-2.4968
-2.5243
-2.1279
-1.6714
-1.6618
-1.3848
-1.2709
-1.4525
-1.1211
-1.0616
-0.6263
-1.1307
-1.2767
-1.5789
-1.5051
-0.3865
-0.7838
-0.7049
-0.7479
-0.8423
-0.6247
-1.2871
-0.9165
-0.5544
-1.0339
-0.4391
-0.2055
-0.4598
0.6645
0.4428
0.3969
0.2828
0.5863
-0.0580
0.1995
0.0760
-0.4032
0.2498
0.2979
0.9978
-0.1320
-0.3582
-0.1126
0.0320
0.1395
0.3968
0.4888
0.8478
0.7122
1.6755
1.5896
2.3774
3.3899
3.3852
3.1976
3.9890
3.6444
3.9886
4.6720
3.9162
4.4459
3.7646
3.7758
3.0373
2.5859
2.2257
1.9040
0.4983
-0.1657
-0.2519
-1.4237
-1.2929
-1.6064
-1.5818
-2.1954
-2.0298
-1.7481
-1.9035
-2.0697
-1.9395
-2.1083
-1.6962
-1.6320
-1.6604
-1.5202
-0.7832
-1.0880
-0.9594
-0.6075
-0.3728
0.1201
0.3819
0.8854
0.9859
0.9435
1.1261
1.3030
1.5743
1.4290
1.6902
1.4965
1.4549
1.4147
1.3784
1.6513
1.6104
1.8177
1.8640
2.0006
2.4572
2.3088
2.2544
2.3819
3.1110
2.9334
3.0198
3.0441
3.3873
3.8506
3.7014
3.9564
4.5676
4.6312
4.6909
4.5404
4.6694
4.6229
4.5966
4.2926
4.8866
4.7391
4.8574
5.5080
4.8834
4.7941
4.7498
4.7477
5.0557
6.1832
6.0910
6.6862
6.9454
7.1411
7.6451
8.2597
9.8292
8.8129
9.2212
9.2758
8.8234
8.6678
8.8686
8.1616
8.6344
9.3166
9.1365
8.8733
9.4553
8.4477
9.4625
8.6703
8.6936
8.6289
8.4025
8.5212
8.8141
7.6180
8.4378
7.2194
7.3148
6.8677
6.9940
5.7544
6.1557
5.2344
5.2176
4.7367
4.4274
3.6497
4.1423
3.5386
3.6487
3.2783
3.9968
3.5989
4.1436
4.0883
4.7142
4.5151
4.5793
4.6738
4.7605
5.0658
5.2427
5.2729
4.7174
4.7861
4.4184
4.5512
5.4855
4.9450
6.0197
5.2040
5.3851
5.5836
5.3246
5.3514
5.2283
5.5103
5.3993
5.2733
5.1651
5.0236
5.0669
4.6436
4.4479
4.3777
4.1640
4.5007
4.4519
4.3813
4.2020
4.1961
4.3174
4.2197
4.3738
4.4588
4.7353
4.4034
4.8241
5.4644
5.4059
5.2667
5.3231
5.1680
5.4931
5.6549
5.6752
6.4276
6.0889
6.8260
7.1370
7.3912
7.4385
7.4557
7.7153
7.9745
7.7245
7.5481
8.3612
7.8446
8.1070
8.4531
7.9534
7.5499
7.1284
7.0331
7.3514
6.8366
6.6480
6.6457
6.2113
6.3661
6.0978
6.1255
5.9313
5.4389
5.1959
4.9944
4.7823
4.5904
4.4765
4.2552
4.3176
3.8463
3.6631
3.4646
3.2980
3.1863
3.0517
2.9876
2.8899
2.9424
2.6566
2.5080
2.5040
2.5115
2.5763
2.6305
2.8795
2.7762
2.7377
2.7704
2.7524
2.7347
2.8016
2.6740
2.6425
2.4934
2.5068
2.3387
2.4685
2.1150
1.9660
2.0454
1.6570
1.4644
1.3174
1.2204
1.0164
0.8929
0.5852
0.4330
0.1304
-0.0896
-0.0071
-0.6217
-0.8575
-1.0233
-1.2962
-1.4892
-1.7417
-1.9395
-2.0309
-2.2484
-2.1177
-2.5710
-2.5959
-2.8324
-2.9297
-2.9667
-3.3015
-3.4084
-3.5576
-3.7103
-3.9347
-4.1737
-4.4219
-4.6511
-4.8639
-4.9760
-5.1655
-5.2618
-5.4416
-5.3130
-5.7238
-5.8577
-6.1188
-6.2828
-6.4598
-6.4095
-6.8415
-6.9349
-7.0146
-7.3108
-7.2928
-7.3053
-7.4351
-7.7391
-7.9129
-8.0439
-8.0803
-8.2016
-8.1886
-8.3467
-8.3679
-8.5025
-8.5146
-8.4649
-8.4993
-8.3172
-8.6098
-8.6308
-8.6239
-8.5946
-8.6385
-8.6623
-8.7049
-8.7311
-8.7075
-8.6535
-8.6506
-8.4037
-8.6250
-8.6052
-8.4765
-8.5062
-8.3775
-8.4547
-8.3720
-8.4097
-8.3568
-8.1168
-8.2173
-7.9983
-7.9375
-7.7289
-7.7283
-7.1634
-7.4262
-7.3309
-7.1684
-7.1169
-6.9867
-6.7714
-6.6923
-6.9663
-6.9688
-7.0584
-7.0588
-7.1327
-7.1873
-6.9929
-7.3364
-7.1064
-7.5475
-7.5768
-7.7080
-7.6651
-7.7450
-7.6747
-7.7160
-7.5403
-7.7906
-7.7527
-7.7032
-7.5642
-7.2772
-7.4553
-7.1071
-7.3920
-7.1954
-7.2896
-7.0222
-7.1359
-6.7583
-7.0074
-6.9442
-6.5696
-7.0168
-6.9481
-6.8535
-6.5537
-6.7411
-6.7760
-6.9002
-6.7409
-6.8308
-6.9635
-6.8987
-6.7044
-6.6586
-6.5385
-6.5969
-6.5685
-6.5648
-6.2228
-6.4262
-6.2979
-6.3071
-6.2428
-6.1630
-6.0737
-5.8423
-5.9815
-5.9916
-5.9638
-5.8970
-5.8723
-5.7949
-5.7754
-5.7280
-5.7093
-5.6865
-5.4778
-5.6417
-5.5620
-5.5291
-5.4847
-5.4742
-5.4278
-5.3261
-5.2422
-5.1477
-5.0446
-4.9592
-4.8650
-4.6941
-4.6652
-4.5115
-4.3503
-4.4279
-4.3800
-4.2634
-4.2116
-4.1188
-4.0506
-3.8810
-3.6296
-3.6844
-3.6763
-3.5650
-3.5232
-3.4572
-3.2125
-3.3783
-3.3128
-3.3000
-3.2540
-3.1390
-2.8754
-3.0110
-2.9670
-2.8651
-2.6072
-2.2949
-1.6015
-1.2553
-0.9374
-0.6617
-0.1530
-0.0447
0.7723
1.1857
1.7258
2.1265
3.2603
3.8781
3.8415
5.0624
5.2193
6.0128
6.2923
6.3374
7.0702
6.7074
6.9438
7.1071
7.0657
7.0300
7.1640
7.5272
7.5021
7.5032
7.4443
7.5988
7.3597
7.2488
7.4627
7.5944
7.9559
8.3299
8.7882
9.5654
10.4011
11.5110
11.9416
12.3129
13.2824
13.5240
15.0300
15.5330
15.4491
16.4934
16.7566
16.6999
16.5885
17.8790
16.7888
16.6065
16.3483
16.0030
16.7469
15.9137
16.4210
16.5013
16.2771
17.2302
16.8220
17.8591
17.4889
16.6986
16.6078
16.5166
15.7503
15.7079
15.5750
15.1540
15.9557
15.0488
15.2165
15.1494
14.7566
14.8882
14.4728
14.1550
14.3500
14.3799
13.7844
13.5727
12.8772
12.9201
12.3275
11.8527
11.9599
11.0382
10.4995
10.7261
9.8594
9.2532
9.1614
8.5331
8.2974
8.7715
8.6579
7.9086
7.8900
8.1279
8.4675
7.5805
7.6384
8.2760
7.8381
8.3450
8.0543
8.2822
8.3308
7.8408
7.3897
6.5717
6.8234
6.4191
5.9567
5.6868
5.2793
5.2790
4.2677
4.3839
4.0907
4.3615
3.3700
2.7653
2.8683
2.2899
2.2911
1.7819
1.4031
1.6202
1.3462
1.0215
1.0677
0.7890
0.7317
0.3789
0.5006
0.1662
0.1690
0.2875
-0.1443
-0.5027
-0.3744
-0.4770
-0.8485
-1.2553
-1.2466
-1.2737
-1.8746
-1.9140
-2.1826
-2.2563
-2.6477
-2.6796
-3.1224
-2.7750
-3.3098
-3.1906
-3.0654
-3.2376
-3.0606
-3.3109
-3.2438
-3.1514
-3.2402
-3.2550
-2.9784
-3.5916
-3.6577
-3.9420
-3.5275
-3.7627
-3.6746
-3.1602
-2.8765
-2.7360
-2.7586
-2.7305
-3.1595
-2.4839
-2.4878
-2.8792
-3.1369
-3.4325
-4.0999
-4.4637
-5.2541
-5.6417
-5.8230
-5.9541
-6.2856
-6.6510
-7.0830
-7.2671
-6.8061
-7.2759
-7.0150
-7.1054
-6.2937
-6.6258
-6.5181
-6.3515
-6.8955
-7.0412
-7.0615
-6.1048
-6.2891
-5.7494
-5.9646
-5.1914
-5.3304
-4.0733
-4.7734
-4.4520
-4.0461
-4.9309
-4.7818
-4.8296
-4.9592
-4.1470
-4.0505
-4.3116
-3.9676
-4.1895
-4.1506
-4.9379
-4.6446
-3.7164
-4.0866
-3.7656
-3.9590
-4.2298
-3.1367
-3.7174
-3.6181
-3.9510
-3.9486
-4.4510
-5.3879
-6.1980
-6.6265
-6.8799
-6.7940
-7.2436
-7.2140
-7.4075
-7.1534
-7.2125
-6.5853
-6.7949
-6.3782
-6.2357
-6.2438
-6.4859
-6.0249
-5.9089
-5.6586
-5.4099
-4.8054
-5.0002
-4.8030
-4.1815
-4.2181
-4.4632
-4.5286
-4.4727
-4.6155
-4.6627
-4.6386
-4.5401
-5.1123
-4.4115
-4.7863
-4.4277
-3.8691
-4.0868
-4.0716
-3.4121
-2.6267
-2.6331
-2.7206
-1.7369
-1.9864
-1.4201
-1.1429
-1.0343
-1.1707
-0.8873
-0.9640
-0.9864
-0.6021
-0.5208
-0.0646
-0.5502
-0.0978
-0.1367
0.4913
0.2908
-0.7099
0.0836
-0.8381
-0.0512
-0.5757
0.6425
0.0901
0.7600
0.9032
1.2863
1.6586
1.8372
2.2494
2.7740
2.4003
3.2037
3.0971
3.2904
3.9498
4.1901
4.0685
4.5192
4.5423
4.5162
4.9485
4.5347
4.3163
4.2182
4.7473
4.1938
4.2583
4.6522
4.3114
4.3093
3.9956
3.9697
4.0075
4.0534
4.2740
3.9943
3.9589
3.8810
3.9059
4.0746
4.1015
4.0222
3.8183
3.7983
4.1081
3.9355
4.3542
3.9359
3.9941
4.0575
4.0014
4.1271
3.7440
3.9313
3.9028
3.6726
3.7425
3.7582
4.0999
3.9190
4.4201
4.2378
4.0880
4.0142
4.1787
3.9900
4.5638
4.0255
4.4691
4.5210
4.4969
4.3692
4.3582
4.3994
4.3501
4.0888
4.1314
4.0368
4.0043
4.0940
3.8526
3.7707
3.9658
3.6611
3.8206
3.8316
3.1716
3.1871
2.8025
2.5109
2.7102
1.8503
1.6604
1.4810
1.1884
0.7889
0.2805
0.4056
0.0953
0.3631
-0.2195
-0.3983
-0.3008
-0.1982
-0.4022
-0.6638
-0.5421
-0.9084
-0.6426
-0.9265
-1.1513
-1.0665
-1.2752
-0.8528
-0.8870
-1.0479
-1.2484
-1.4574
-1.2251
-1.7693
-1.5819
-1.7128
-1.9861
-2.1119
-2.2512
-2.3641
-2.1830
-2.1878
-2.3130
-2.4196
-2.0169
-2.4645
-2.3254
-2.6964
-2.4754
-2.8475
-2.6086
-2.7353
-2.5908
-2.6001
-2.5299
-2.5280
-2.4123
-2.2386
-2.2000
-2.5437
-2.7636
-2.7516
-2.8476
-2.8486
-2.8745
-2.9286
-2.9214
-3.2502
-3.2466
-3.5849
-3.6886
-3.9083
-4.1434
-4.4588
-4.6837
-4.9487
-4.9225
-5.3506
-5.4489
-5.5665
-5.6723
-5.8473
-5.9796
-6.0701
-6.1136
-6.0203
-5.8690
-6.0208
-6.0099
-6.0957
-5.8911
-6.2819
-6.3172
-6.3599
-6.2367
-6.2279
-6.0165
-6.1875
-5.9998
-5.9660
-6.5258
-6.4062
-6.2710
-6.7620
-6.7192
-6.9211
-6.6116
-6.8902
-6.7242
-6.8476
-6.6651
-6.3410
-6.9260
-6.7996
-6.9537
-7.0685
-6.9782
-7.0024
-7.0198
-7.1528
-7.1034
-7.4364
-7.4858
-7.5409
-7.6645
-7.7785
-7.7572
-8.0935
-8.2310
-8.3495
-8.3572
-8.3911
-8.4922
-8.1135
-8.8081
-8.8603
-9.1208
-9.0156
-9.0554
-9.2729
-9.3672
-9.1271
-9.5047
-9.2543
-9.5708
-9.5906
-9.6713
-9.7489
-9.8407
-9.8797
-9.6150
-9.8060
-9.7774
-9.7202
-9.8018
-9.7501
-9.6317
-9.8087
-9.6969
-9.7128
-9.6357
-9.6629
-9.4865
-9.1819
-9.2300
-9.0634
-9.2284
-9.2674
-8.9569
-8.8245
-8.5977
-8.6514
-8.2310
-8.3101
-7.7496
-7.4357
-7.3665
-7.0460
-6.9106
-6.5418
-6.4003
-6.0863
-5.6981
-5.6167
-5.4371
-5.2479
-5.2341
-5.0941
-5.0138
-4.5819
-4.6282
-4.4712
-4.4752
-4.3333
-4.2165
-3.9732
-3.8059
-3.2605
-3.2640
-2.9802
-2.9009
-2.7344
-2.5628
-2.4474
-2.3804
-2.2188
-2.1468
-2.1399
-1.7940
-1.5835
-0.9515
-1.3453
-1.3508
-0.8270
-0.8300
-0.0955
-0.3898
0.1010
0.1055
0.3435
0.8801
1.2496
1.1095
1.1632
1.6847
2.6569
2.8327
3.5750
3.3822
4.1829
4.3442
5.5272
5.6458
6.0154
6.3837
7.2405
8.2710
8.2392
9.1376
10.0844
10.4261
10.6353
11.6357
12.1645
12.6060
12.5805
12.9626
12.7572
13.3131
12.8827
13.5105
12.7446
13.6218
12.7848
13.1034
12.4778
12.6346
12.7345
12.6184
12.5998
12.7302
13.4044
12.9022
14.0005
13.8941
14.5794
14.8707
14.8490
13.9708
13.8927
14.0169
13.6048
14.2357
14.2029
13.6847
14.2473
13.9310
14.0798
14.2894
14.5398
14.0172
15.3489
14.6034
14.9829
14.7139
15.1639
15.1596
16.2915
15.6274
16.4198
17.5183
15.7672
17.2005
15.3091
15.0093
14.5608
14.3998
14.5170
13.8982
13.8219
14.0544
13.5761
14.7393
13.6138
13.3794
13.2096
15.1477
15.3149
14.6331
14.2301
14.0545
14.0120
13.3172
13.0421
12.9325
13.2079
13.1968
12.8901
12.3889
12.9907
12.2029
12.0150
11.7324
11.3525
11.3197
11.6139
11.4780
11.1087
11.3585
11.1202
10.8164
10.9403
10.5098
10.4802
10.3132
10.5844
10.8190
10.2108
10.2225
9.5884
9.7586
8.7916
8.1335
8.2495
7.4711
7.0997
7.4940
7.3990
7.7347
7.0845
7.7485
6.6442
7.4190
7.1094
7.6537
7.5842
7.2160
6.3050
6.6573
6.6980
6.9594
7.0418
6.2997
6.8346
6.2567
6.7128
5.7274
5.6231
5.6791
4.5224
4.6840
4.6360
4.1894
5.0869
3.8420
3.5556
4.9099
3.9541
3.9956
3.7322
3.5521
4.3694
3.8326
3.6463
3.6465
3.0923
3.6818
2.9921
3.1619
2.3286
2.7631
2.3785
2.7628
2.3452
2.7597
2.8737
2.3682
2.2974
2.5871
2.2872
1.4517
2.4593
1.6026
3.1983
2.6178
2.1644
1.5152
1.6097
1.0280
0.7920
0.5250
0.2736
0.6028
0.8490
0.5386
0.2825
-0.0798
-0.2335
0.1779
-0.2015
-0.5757
-0.5174
-0.8706
-0.8437
-1.2458
-1.2127
-1.2652
-1.3169
-1.3074
-1.3480
-1.6490
-1.3960
-1.1706
-1.3406
-0.6543
-1.1851
-0.9249
-0.9354
-1.0318
0.2099
-0.3619
-0.2416
-0.5443
-0.5573
0.0272
-0.2334
-0.8282
-1.0416
-0.5579
-1.3473
-1.8075
-1.5458
-1.8952
-2.0552
-1.8842
-1.6079
-1.6930
-1.2278
-1.6393
-1.4775
-1.2886
-1.1480
-1.1099
-1.2131
-0.4675
-0.8323
0.1888
0.2839
0.0678
0.0426
0.1589
0.3968
0.2428
0.1979
0.1080
0.2695
0.4134
0.0442
0.3107
0.6553
0.4569
0.6352
0.6778
0.6411
0.5381
0.9875
1.2939
1.9953
1.2620
1.0023
0.4824
1.2111
0.6177
0.8627
0.6179
0.5104
0.5917
0.5484
0.6628
0.6699
1.0473
0.9745
1.2571
1.2054
1.2781
1.0117
0.9734
0.8957
0.9032
0.8996
1.0078
0.7033
0.6032
0.4027
0.2484
0.1170
-0.1001
-0.1456
-0.4109
-0.5074
-0.6570
-0.7818
-0.7316
-0.6347
-0.6434
-1.1758
-1.2150
-1.4130
-1.6295
-1.6631
-2.2255
-2.4586
-3.1431
-3.1044
-3.7672
-4.3283
-4.7915
-4.8994
-5.4990
-5.6254
-6.0492
-6.2079
-6.5129
-6.7010
-6.9967
-7.1665
-7.3418
-7.4719
-7.6066
-7.4756
-7.8288
-7.8609
-8.0120
-8.0596
-8.1642
-8.2364
-8.3290
-8.3960
-8.4760
-8.5530
-8.6350
-8.5037
-8.6602
-8.7160
-8.6457
-8.6757
-8.6421
-8.5934
-8.6229
-8.6083
-8.6241
-8.5925
-8.5611
-8.5184
-8.4796
-8.4383
-8.4131
-8.1934
-8.3817
-8.3314
-8.2904
-8.2037
-8.1667
-8.0429
-8.0591
-8.0368
-8.1352
-8.2103
-8.2691
-8.3355
-8.3776
-8.4116
-8.4273
-8.4399
-8.4395
-8.4391
-8.4290
-8.4148
-8.3910
-8.1397
-8.2011
-8.1311
-7.9796
-7.9386
-7.8244
-7.7466
-7.6372
-7.5217
-7.3665
-7.1965
-7.0318
-6.8756
-6.7482
-6.6494
-6.5830
-6.5380
-6.4903
-6.4435
-6.3291
-6.2643
-6.0535
-6.0747
-5.9638
-6.0101
-5.7593
-5.9033
-5.8778
-5.8488
-5.8303
-5.8188
-5.8038
-5.7983
-5.7863
-5.7712
-5.7504
-5.7234
-5.7167
-5.6486
-5.7090
-5.5790
-5.6465
-5.5378
-5.4951
-5.4579
-5.3011
-4.9791
-4.7666
-5.0537
-4.9567
-5.0769
-4.9276
-5.0624
-4.7994
-4.8118
-4.5070
-4.4318
-4.8950
-4.3840
-4.5406
-4.0472
-3.8012
-3.2082
-3.1389
-3.5457
-3.5138
-4.1418
-4.4702
-4.8649
-4.9370
-5.4581
-4.9559
-5.3957
-5.3041
-5.1520
-5.3566
-4.9011
-5.3822
-5.3311
-5.5964
-5.9499
-6.2181
-6.0546
-6.4066
-6.4032
-6.6282
-6.4806
-6.6418
-6.5240
-6.7216
-6.5641
-6.4744
-6.9047
-6.9661
-7.1237
-6.9388
-7.0300
-6.9048
-6.8823
-6.9583
-7.0981
-6.8996
-6.7456
-6.5358
-6.5493
-6.5009
-6.3273
-6.3683
-6.2494
-6.0169
-5.7084
-5.7625
-5.6919
-5.6360
-5.5311
-5.3551
-5.2653
-4.9188
-5.1440
-5.0605
-5.0086
-4.9262
-4.4703
-4.7695
-4.7001
-4.7155
-4.6716
-4.7089
-4.6788
-4.6240
-4.5238
-4.6131
-4.6034
-4.4097
-4.5866
-4.5415
-4.7076
-4.7789
-4.6196
-4.6899
-4.3599
-4.6307
-4.5468
-4.5763
-4.4547
-4.1674
-4.5043
-4.6312
-4.7562
-4.8951
-4.8454
-5.2191
-5.2271
-5.5077
-5.3930
-5.8824
-5.9840
-6.1142
-5.9634
-6.1654
-6.0857
-6.1735
-5.8525
-6.2506
-5.7357
-6.2328
-6.1472
-6.1762
-6.2180
-6.2384
-6.4189
-6.3552
-6.2394
-6.2652
-6.3638
-6.3509
-6.5858
-6.5900
-6.4853
-6.6894
-6.4916
-6.5566
-6.5291
-6.7298
-6.7219
-6.7116
-6.4080
-6.7138
-6.6162
-6.8170
-6.6462
-6.7264
-6.9644
-7.0298
-7.0644
-7.1465
-6.9254
-6.8659
-7.2818
-7.0574
-7.1531
-7.3146
-7.2023
-7.1997
-7.2150
-6.9627
-7.2121
-7.0389
-6.9546
-6.8339
-7.0437
-6.9009
-6.8026
-6.9205
-6.8735
-6.8554
-6.7764
-6.6788
-6.6206
-6.7528
-6.6093
-6.7977
-6.7291
-6.5917
-6.4413
-6.7038
-6.6004
-6.6325
-6.2728
-5.9806
-6.3553
-6.2197
-5.9474
-5.7459
-5.7702
-6.3376
-6.1239
-6.4830
-6.1403
-6.3409
-6.0783
-5.9044
-5.6698
-5.5996
-5.3690
-5.6932
-5.5244
-5.2545
-5.4225
-5.2018
-5.0992
-5.3027
-5.1429
-5.1690
-4.7943
-4.6282
-4.6200
-4.7300
-4.3437
-4.5223
-4.1160
-4.2156
-3.5737
-3.7405
-3.3355
-3.3200
-3.3355
-2.7366
-3.0723
-2.8740
-3.1882
-3.2606
-3.3677
-3.3393
-3.7256
-3.8843
-2.7400
-3.8141
-3.8313
-3.8796
-3.8959
-4.0471
-4.0824
-5.0432
-4.7232
-5.4426
-5.1699
-5.5841
-6.0218
-6.2057
-6.1157
-6.2638
-6.5946
-6.6216
-6.5748
-6.3749
-6.2426
-6.0315
-5.8002
-5.5188
-4.9430
-4.6520
-4.3299
-3.6377
-3.5513
-2.8579
-2.5575
-2.0298
-1.0203
-0.3862
0.1119
0.2004
1.0871
0.5286
1.1470
0.9484
1.1651
0.3041
0.5736
0.4755
0.2208
-0.0234
-0.1733
-0.5790
-0.3034
-1.0526
-1.5465
-1.3588
-1.5542
-2.0078
-1.9721
-2.1684
-2.0653
-2.1343
-2.2030
-2.0976
-2.5225
-2.9219
-3.1450
-3.0515
-3.3076
-3.2578
-2.9516
-3.1438
-3.0457
-2.6506
-2.6547
-3.2432
-3.0872
-3.4931
-2.9455
-3.2874
-3.0696
-3.1787
-3.1362
-2.8745
-2.4028
-2.2457
-1.7526
-2.0508
-1.8083
-1.8875
-1.3060
-1.5169
-1.2134
-1.2163
-0.9971
-1.1237
-1.0787
-0.6785
-0.9458
-1.0139
-0.9574
-0.9424
-0.6905
-0.4734
-0.1120
-0.2428
0.1005
0.0682
-0.2421
-0.2903
-0.4443
-0.1097
-0.1015
0.3394
0.1017
0.1992
0.2074
0.2721
0.2748
0.2970
0.5531
0.7471
0.7367
1.1866
1.1560
1.7558
1.4407
1.4799
1.7345
1.4915
2.0153
1.9990
2.1564
2.4872
2.7842
3.2977
4.1132
3.8670
4.4451
4.5158
4.9773
5.7878
5.7398
6.4860
6.2491
6.2540
6.2640
7.3925
7.0049
7.4082
7.7575
7.2267
7.5615
7.8512
7.6657
7.4744
8.0190
7.7314
8.1158
7.6867
7.6520
7.2974
6.9002
7.1788
6.9463
6.9575
6.5060
6.7130
6.3542
6.6286
6.3676
6.4204
6.1920
6.5494
6.7888
6.9655
6.9583
7.3323
6.9249
7.2681
6.8715
7.1724
7.2685
7.0725
7.3174
7.1340
7.2004
7.2223
7.1613
7.4659
7.5964
7.1716
7.0799
6.7523
7.2831
7.5686
7.3309
7.0576
6.8577
6.9038
7.2504
6.8663
6.6857
7.0997
6.6928
6.9580
6.5244
6.3322
6.4958
5.8127
6.4044
5.6978
5.6080
5.3483
5.3853
5.3034
5.4653
5.0390
4.8910
4.4358
4.6372
4.1322
4.5404
4.0080
4.1542
3.9919
3.3004
3.9363
3.2058
3.3656
2.3217
2.5321
2.0727
2.1723
2.6098
1.7654
1.6826
1.7997
2.2447
2.1175
2.1731
1.7903
2.0445
2.0556
1.7064
1.4061
2.1966
1.8875
2.2487
2.0304
1.6851
1.7255
1.0458
1.6101
1.4512
0.8179
0.5028
1.0777
0.9240
0.6190
0.9232
0.2870
0.4794
0.3902
0.3340
0.5399
0.2420
-0.1088
0.0883
-0.0940
0.1627
-0.3734
-0.1853
-0.7940
-0.4318
-0.7414
-0.8885
-0.7732
-1.1058
-1.0778
-1.3423
-1.4595
-1.6767
-1.3021
-1.4076
-1.3901
-1.1357
-1.3143
-1.3979
-1.4845
-1.4149
-1.4426
-1.1756
-1.3940
-1.2100
-1.3349
-1.5416
-1.6266
-1.7410
-1.7917
-1.7881
-1.6098
-2.2021
-2.2533
-2.1586
-2.1665
-2.1710
-2.2974
-2.3220
-1.7949
-2.5806
-2.0927
-2.1042
-2.7104
-1.7784
-2.0885
-2.1885
-1.8340
-1.8119
-1.8141
-2.4542
-1.9772
-2.2877
-2.2413
-2.0750
-1.1102
-2.1563
-0.6434
-1.0007
-1.5152
-0.6426
-1.0784
-0.2366
-1.4788
-1.3277
-0.5422
-0.5886
-0.9007
-0.4077
-0.1952
0.1799
-0.0849
0.5787
0.1117
-0.1748
-0.2385
0.9348
1.3404
0.3870
0.8854
1.4540
0.8893
0.6743
0.6358
1.0750
0.7249
0.4863
1.9246
1.6420
1.8553
1.6379
1.9323
1.8922
2.6050
3.0889
3.3191
3.3112
3.4971
3.0337
3.3790
3.6583
3.3983
3.5731
3.6371
3.9635
3.8889
4.1757
3.9742
3.3991
3.4182
2.9690
3.0347
3.1908
3.2397
3.4115
3.7086
4.0393
3.5679
3.6709
3.3712
3.2263
3.2004
3.2243
2.6319
2.7892
2.5108
2.7316
3.0115
2.9295
3.1817
3.4201
3.6321
3.4112
3.3630
3.1621
3.5348
3.3556
3.7324
3.5674
3.8198
3.2836
3.0867
2.6234
2.4001
2.0280
1.8010
1.5623
1.3286
1.2215
1.1823
1.0327
1.3986
0.8161
0.7865
0.5856
0.8325
0.1129
0.0332
-0.0732
0.1248
-0.0124
0.3818
0.6086
0.5476
0.5983
0.6168
0.7364
0.5967
0.8340
0.7322
1.0064
0.9282
0.8893
0.8580
1.5188
1.2483
1.5627
1.1909
1.3865
1.3126
1.1469
1.0866
0.6221
0.7076
0.6704
0.5489
0.5000
0.8585
0.1729
0.8848
0.2620
0.2494
0.4209
0.3635
0.7390
0.5389
0.4326
0.7774
0.5996
0.4059
0.3400
0.1440
0.0004
-0.6185
-1.0613
-1.5429
-1.9963
-2.2433
-2.7387
-3.1972
-3.5104
-3.7974
-4.2446
-4.2461
-4.7190
-4.7497
-4.9116
-5.1003
-5.3042
-5.3215
-5.1125
-5.2073
-5.4589
-5.6063
-5.6574
-5.7390
-5.5249
-5.4017
-5.6488
-5.5775
-5.3815
-5.2594
-5.1969
-4.9790
-5.0147
-5.2417
-5.1304
-5.1230
-4.6952
-4.9695
-4.7912
-4.6543
-4.7477
-4.5954
-4.5313
-4.2649
-4.4083
-4.1891
-4.0321
-3.9307
-3.9829
-3.5548
-3.5677
-3.0912
-2.7676
-2.4096
-2.4369
-2.1482
-2.0821
-2.2943
-1.9308
-1.5277
-1.7479
-1.7194
-1.8452
-1.8480
-1.5941
-1.6830
-1.1039
-1.7103
-1.3533
-1.1986
-0.7778
-0.8746
-0.5743
-0.5596
-0.3619
-0.2620
-0.2421
0.2623
0.6273
0.3759
0.2765
0.5139
0.1639
0.2937
-0.0231
-0.1514
0.6640
-0.0190
-0.2457
-0.0528
-0.3402
-0.2175
-0.1181
0.6870
0.1924
0.0068
0.2182
0.3471
0.4145
-0.0039
0.0645
0.4156
0.2766
0.4353
-0.1478
-0.0980
-0.5043
-0.0326
-0.3347
-0.4260
0.1503
-0.1367
0.0575
-0.0935
0.5333
-0.1552
0.0737
0.0606
-0.4327
0.4916
-0.4888
-1.1453
-0.8725
-1.9314
-2.0823
-2.2792
-2.2306
-2.9247
-2.7906
-2.8108
-3.1941
-2.7479
-2.5257
-2.7577
-2.9750
-2.6254
-3.2395
-3.4130
-3.3713
-3.5459
-3.4154
-3.5205
-3.8333
-3.8422
-3.9444
-4.2186
-4.1864
-4.3487
-4.1813
-4.5934
-4.5832
-4.6883
-4.5342
-4.8874
-4.8302
-4.8969
-4.5688
-4.6104
-4.7275
-4.4780
-4.5596
-4.5487
-4.3205
-4.6307
-4.5396
-4.6259
-4.5230
-4.5208
-4.7222
-4.8076
-4.5483
-4.8363
-4.8648
-4.8663
-5.1028
-5.2941
-5.1334
-5.5657
-5.7559
-5.9912
-5.9837
-6.3694
-6.4686
-6.4881
-6.7895
-6.9218
-6.5994
-6.9177
-6.8577
-7.0024
-7.0418
-7.0244
-7.1301
-7.1436
-7.2080
-6.8716
-6.9988
-6.8974
-6.8953
-6.6645
-6.8745
-6.8777
-6.8679
-6.6751
-6.5711
-6.6896
-6.7333
-6.7141
-6.8037
-6.7492
-6.7936
-6.8626
-6.9200
-6.7891
-7.0145
-7.0875
-7.1465
-6.9152
-7.1166
-6.7053
-7.0621
-6.9880
-7.0103
-7.1176
-7.4171
-7.5245
-7.4014
-7.2696
-7.3258
-6.6294
-6.7741
-7.0964
-6.1609
-6.3360
-6.9925
-6.8190
-6.6181
-6.6494
-6.4483
-6.5999
-5.4502
-6.6263
-6.2330
-6.2466
-5.3718
-5.8547
-5.4410
-4.9975
-4.9221
-5.1304
-4.1829
-4.5864
-4.5435
-3.8727
-3.8457
-3.6625
-3.3698
-3.0328
-2.8769
-2.5581
-2.6001
-2.1405
-1.9682
-1.7796
-1.9382
-2.0943
-1.7141
-1.2347
-1.2779
-0.7375
-0.5611
-0.3923
-0.4123
-0.6197
-0.4083
-0.1841
-0.1181
0.4159
0.2538
0.5268
0.1762
0.5989
0.4144
0.4586
0.6767
0.9416
0.9610
1.2971
1.8447
2.2720
2.6766
2.4221
2.8140
3.1688
3.5886
3.3478
3.5560
3.4170
3.4135
3.7800
3.7746
4.2409
4.5582
4.7436
5.2636
4.3664
4.6533
5.1363
5.3123
5.5464
5.3244
5.2494
5.2413
5.7048
5.6135
5.4897
5.2232
5.4807
5.5558
5.6675
5.4038
5.4721
5.7676
5.7681
5.8390
5.9017
6.2397
6.1050
5.9954
6.0685
5.7542
5.5571
5.2990
5.5605
5.6572
5.6247
5.2471
5.4320
4.9565
5.4682
5.0015
5.1451
5.8251
5.1511
5.2542
6.0735
6.0411
6.5728
6.7333
6.9176
6.5662
6.8665
7.9128
7.9548
8.4091
9.6234
8.8069
9.0592
9.2395
9.1570
9.3722
9.4502
9.8590
9.6747
10.0055
10.3031
10.0824
9.6491
9.4963
8.9061
8.4225
8.3597
7.6979
8.1390
7.6644
7.6879
8.0594
7.1741
7.1554
6.5869
6.4892
6.0407
5.8896
5.3674
5.2653
5.1863
4.8241
4.9260
4.6304
4.2566
4.2923
4.6439
3.9532
3.8883
3.3502
3.2343
2.9846
3.3418
2.4744
2.9164
2.7891
2.8420
2.5393
2.5498
1.8750
1.6436
1.5038
1.0523
0.9708
0.6245
0.6849
0.2188
0.2730
0.3261
-0.3379
-0.2064
-0.8492
-0.7762
-0.9851
-1.3485
-1.0828
-1.4567
-0.9848
-1.7056
-0.8729
-1.4784
-0.9743
-1.7277
-1.4236
-1.4735
-2.0058
-1.7005
-1.8792
-1.9921
-1.7504
-1.7807
-1.9688
-1.5811
-2.0698
-1.4385
-1.6201
-1.4237
-0.6705
-1.0479
-1.3443
-1.2003
-0.1674
-0.6338
-0.4393
-0.5565
-0.0530
0.6706
0.7873
0.5996
0.5943
0.2935
0.9983
1.4048
0.9907
0.6762
0.5932
0.3425
0.6258
0.1869
0.2556
-0.7427
-0.6247
-0.1756
-1.0092
-0.3330
-0.5676
-0.4729
0.0115
-0.7323
-0.3638
-1.4772
-0.6825
-1.4466
-1.1307
-1.4698
-0.9705
-0.6974
-0.7034
-0.9846
-1.5446
-1.3690
-1.1679
-1.6389
-1.6855
-1.6685
-1.4277
-1.4741
-1.1906
-1.2247
-1.0365
-0.6379
-0.0560
-0.2395
0.1806
0.5157
0.9524
0.7126
1.4484
1.2951
1.6474
1.5859
1.4634
1.7081
1.5462
1.3400
1.1345
1.3278
1.2406
1.0632
1.0571
1.0413
1.1214
1.1789
1.1566
1.0279
1.0285
1.1097
1.6306
1.3977
1.6231
1.6521
1.6551
1.9618
1.8181
1.9619
1.9289
1.8185
1.9442
2.3958
2.2633
2.1863
1.9572
2.2179
2.2137
2.5517
1.9805
1.7958
2.0827
1.8444
2.2582
2.1429
2.0493
2.0638
2.0808
2.1430
2.3434
2.0897
3.1090
2.5283
3.1857
2.9638
3.2687
3.6064
3.3600
3.1376
2.8381
2.7601
2.8099
2.7192
2.5645
2.5677
2.1570
2.3681
2.0682
2.3354
2.0511
1.7549
1.6307
1.5100
1.5579
1.6467
1.4747
1.8999
1.5552
1.6385
1.7176
1.8315
2.1170
2.1432
2.1851
2.3719
2.3365
2.4065
2.4109
2.4098
2.4011
2.3832
2.4070
2.6468
2.5796
2.5577
2.5649
2.4185
2.3604
2.3102
2.3016
2.2830
2.4954
2.3358
2.3595
2.4584
2.6655
2.9039
3.0825
2.9389
2.6503
2.8969
2.5487
2.3400
2.3766
2.3018
2.1561
2.0089
1.6542
1.4173
1.4334
1.1440
1.4171
1.1860
0.6330
0.8617
1.2685
0.8440
0.5948
0.4683
0.4493
0.8458
0.5465
0.6225
0.6476
1.2581
0.5686
0.8237
0.8603
1.1270
1.5513
1.7470
2.1297
2.5794
2.4858
2.7542
2.9083
3.3722
3.1172
3.1811
3.3250
3.4499
3.7192
3.8069
3.6194
3.9122
3.8420
4.5440
4.4253
4.7386
4.8417
5.1017
5.3021
5.2874
5.3132
5.0329
4.8026
4.3448
4.0916
4.1515
3.9450
3.4488
3.8331
2.9114
2.6845
2.5754
2.7184
2.9618
3.8087
3.4781
2.6255
2.6997
2.8971
2.0678
1.5355
1.2397
0.4947
0.8681
-0.1261
-0.4586
-0.9163
-0.7363
-0.9027
-1.0196
-0.8863
-0.3630
-0.7313
-0.8690
-1.7114
-1.7524
-1.9524
-2.6039
-3.2873
-4.3739
-5.3366
-6.1216
-6.5889
-7.0995
-7.4498
-7.8294
-8.5897
-8.5312
-8.7826
-8.3249
-9.5272
-9.3385
-10.0963
-10.2265
-10.2387
-10.2035
-10.3743
-10.4461
-10.3571
-10.4405
-10.6262
-10.2801
-10.5993
-11.0043
-10.9493
-10.9288
-10.8384
-11.0685
-10.7070
-11.3595
-11.0930
-11.4380
-11.5248
-11.0842
-11.2811
-11.5533
-11.6482
-11.9487
-11.4903
-11.6892
-11.5239
-10.5547
-11.4506
-11.2505
-11.5792
-11.2351
-11.5273
-11.5159
-11.1761
-11.2865
-11.1407
-11.4862
-10.4723
-11.1883
-11.2703
-11.2232
-11.0177
-10.8089
-10.3783
-10.0787
-9.9163
-9.7213
-9.1563
-8.9367
-8.7636
-8.4770
-8.5911
-8.4606
-8.6203
-8.3550
-8.2642
-7.7479
-8.0413
-7.9958
-8.0867
-7.9426
-7.5925
-7.5807
-7.2976
-7.1604
-7.4426
-7.2386
-7.1538
-7.1179
-7.0448
-6.8700
-7.1040
-7.1290
-6.9272
-7.2630
-7.2176
-7.2996
-7.2339
-7.1123
-7.0846
-6.6302
-6.6254
-5.9665
-6.0545
-5.9335
-5.5366
-5.5922
-5.3401
-5.1780
-4.9680
-4.5906
-4.6497
-4.3255
-4.1412
-3.6227
-3.6173
-3.4785
-3.3572
-3.0617
-3.0981
-2.8466
-2.2845
-2.0569
-1.9191
-1.7623
-1.5616
-1.2551
-1.3451
-1.0713
-0.9697
-0.6841
-0.5526
-0.5966
-0.3312
-0.3013
0.1276
1.0637
0.3647
0.8076
0.5903
0.7685
0.6297
0.5628
0.7851
0.6774
0.8015
0.8622
0.9641
0.6717
0.6689
0.9663
1.3399
2.3403
1.5059
1.4642
1.5835
1.6925
1.7244
1.7393
2.1190
2.3259
2.1647
2.4820
2.1806
2.2819
2.5468
2.2928
2.4857
2.6925
2.7231
2.9725
3.4433
3.3649
3.5804
3.6442
4.1779
4.3652
4.3942
4.3703
4.4961
5.0199
5.2026
5.3216
5.9709
5.8158
6.4248
6.5508
6.4708
6.6321
6.7519
6.8797
7.3159
8.3504
7.8303
7.6763
7.8685
7.9889
7.8288
7.9358
8.6425
8.3386
8.3039
8.2082
8.3127
7.5714
7.6304
8.0290
7.1921
7.5408
7.6097
7.1063
7.1844
6.4553
6.7913
5.9581
6.2995
5.7387
6.1193
6.0662
5.9284
5.6904
5.8111
6.4578
6.5859
6.7383
7.0533
6.8307
7.2131
6.2033
6.2377
6.3034
6.3115
5.9430
5.6433
6.2340
5.7409
6.0915
6.3340
6.1782
5.8455
5.5817
5.1331
6.0016
5.2754
4.9141
4.7521
4.5410
4.3717
4.4014
4.0739
4.4568
4.2634
4.0102
3.9818
4.0633
4.0595
3.8141
3.9530
3.7351
3.8837
3.5466
3.6705
3.4177
3.5901
3.2768
3.1081
2.8637
3.0385
2.8706
3.1699
2.9273
2.4744
2.4301
2.4970
2.3959
1.9221
2.3981
1.7717
1.4795
2.1881
1.3613
2.3845
2.1507
2.2171
2.0910
2.2764
2.8193
2.0291
1.9962
2.4059
2.6864
3.3899
3.5320
2.7562
2.7388
2.9186
3.1326
3.4976
3.4836
4.0141
3.6683
3.8674
4.0576
4.3298
4.5710
4.3180
4.8864
5.2078
5.1577
5.1987
5.0071
5.0800
5.5789
5.4031
5.3936
5.1571
5.2058
5.6401
5.2443
5.0156
4.9323
5.1448
4.7375
5.1607
4.5133
4.4314
4.3642
4.3016
3.6940
3.9690
3.1815
3.1889
3.2659
2.7820
2.6991
2.4132
2.5261
2.3983
3.0719
2.6122
2.9521
2.8349
3.0150
3.0891
3.1552
3.9063
3.8473
3.8007
3.9861
4.1286
4.0808
4.2626
4.0959
3.5036
3.8818
3.0461
2.7954
2.2866
1.9261
1.5838
0.8073
0.2431
0.3306
-0.5958
-0.3579
-0.7438
-0.0533
-0.0741
-0.3936
-0.5808
-0.1136
-0.1596
0.5662
0.2810
0.4949
0.0365
-0.2334
-0.4912
-0.5629
-0.5798
-1.0930
-0.1516
-0.2135
-0.2867
0.0007
0.1786
0.9544
0.9385
1.3056
1.8561
1.9367
1.8217
1.3539
1.0399
0.7511
-0.0356
-0.1272
-0.4588
-1.2325
-1.5826
-2.2047
-2.1667
-3.1217
-3.1805
-3.5055
-3.8858
-4.1313
-4.3519
-4.5745
-4.5775
-4.4332
-4.9491
-4.6120
-4.5537
-4.1527
-3.8915
-4.3113
-3.6523
-3.5559
-3.3230
-3.3094
-3.2699
-3.2868
-3.8231
-4.0478
-4.0809
-3.6658
-3.6410
-3.8741
-3.7323
-3.6561
-3.2875
-3.4513
-3.8516
-3.9710
-3.5384
-3.8870
-3.7677
-3.8565
-3.5357
-3.7151
-3.7597
-3.5278
-3.6741
-3.8850
-3.2947
-3.5966
-3.7573
-3.6802
-3.9913
-3.9100
-4.0625
-3.8908
-4.3402
-4.5671
-4.6177
-5.0147
-5.2773
-5.3442
-5.8437
-5.6368
-6.1596
-6.0531
-6.3151
-6.3309
-6.4562
-6.4930
-6.6696
-6.6950
-6.7705
-6.7506
-6.6386
-6.5481
-6.1664
-6.2672
-5.9445
-6.0058
-5.8395
-5.7775
-5.6765
-5.6470
-5.5873
-5.0533
-5.3198
-5.2409
-5.0904
-4.9922
-4.9266
-4.8782
-4.9127
-4.8685
-4.7424
-4.5292
-4.1881
-4.2191
-4.1439
-4.0026
-3.8961
-3.7523
-3.4658
-3.4312
-3.3194
-3.1403
-3.0668
-3.0160
-2.9300
-2.8589
-2.8574
-2.7857
-2.7819
-2.4752
-2.5596
-2.4691
-2.3965
-2.1529
-2.2575
-2.1886
-2.0064
-1.9521
-1.7190
-1.7375
-1.5961
-1.6125
-1.3114
-1.4296
-1.2453
-1.2206
-1.0891
-1.0818
-0.9805
-0.6764
-0.8142
-0.7925
-0.7099
-0.7625
-0.7407
-0.8367
-0.8028
-0.6583
-0.8060
-0.8839
-0.7450
-0.6382
-0.7826
-0.8817
-0.8525
-0.7970
-0.7958
-0.5814
-0.7781
-0.7689
-0.7184
-0.5958
-0.6027
-0.5257
-0.6397
-0.6278
-0.4542
-0.6449
-0.6538
-0.5940
-0.6201
-0.6052
-0.6493
-0.7040
-0.4980
-0.7660
-0.7870
-0.8474
-0.8865
-0.9353
-0.9189
-1.0370
-1.0786
-1.2847
-1.3675
-1.5507
-1.6666
-1.7679
-1.9343
-2.0163
-2.0420
-2.3577
-2.5311
-2.6661
-2.8044
-2.8640
-3.0267
-3.1409
-3.3476
-3.4866
-3.6039
-3.5550
-3.8924
-4.0836
-4.2144
-4.4035
-4.4981
-4.6706
-4.7365
-4.8818
-4.8733
-5.0794
-5.1560
-5.3848
-5.4803
-5.5870
-5.6835
-5.7924
-5.6336
-5.9927
-6.0995
-6.3094
-6.4138
-6.5343
-6.5976
-6.7495
-6.8356
-6.9827
-7.0825
-7.0059
-7.3225
-7.4372
-7.3457
-7.2524
-7.3545
-7.6402
-7.5889
-7.1900
-7.8375
-7.5674
-7.7742
-7.5638
-7.0621
-7.7781
-7.9695
-7.6957
-7.2554
-7.3240
-7.2523
-7.0200
-7.1384
-7.2725
-7.2285
-6.7502
-6.5733
-6.5333
-6.5779
-6.4713
-5.9146
-5.9271
-5.4344
-5.7862
-5.5363
-5.2488
-5.6046
-5.6303
-5.4649
-5.6196
-5.3601
-5.5666
-4.9797
-4.7888
-5.4532
-5.0380
-5.7398
-4.7566
-5.1778
-5.0187
-4.9107
-4.8229
-4.5361
-4.3595
-4.0949
-3.5541
-3.3855
-3.1432
-2.9457
-3.2683
-2.9431
-3.1191
-3.3209
-3.5439
-3.6325
-3.4046
-3.6855
-3.4123
-3.4266
-3.0957
-2.9125
-2.5443
-1.6081
-1.0637
-0.2079
1.0997
1.3302
1.8195
2.4898
3.2119
3.4161
3.7804
4.3986
4.5820
4.6212
4.9746
5.0165
5.1604
5.4989
5.0034
4.5278
3.6016
3.0096
2.5196
1.8823
1.5261
0.9333
0.5655
0.5939
0.8011
1.3294
1.3510
1.5505
0.8844
1.1330
1.3515
1.0909
0.8319
0.0890
0.0559
-0.4172
-0.0260
-0.4831
0.6805
-0.8630
-0.5825
-0.7072
-0.2985
-0.9156
-0.7183
-0.8786
-0.5187
-0.5030
-0.6070
-0.4133
-0.6493
-0.5285
-0.9487
-0.4817
-0.5926
-0.6077
0.3784
-0.2763
0.2629
0.4777
0.6636
1.0863
1.3682
2.3719
2.2392
2.0739
2.7360
3.4774
4.1599
4.0729
5.2807
5.0818
5.6053
6.0922
6.3951
6.5224
6.2235
6.0806
5.9098
6.5942
6.0521
6.0946
5.8295
6.0833
5.8284
5.4106
5.5457
5.3221
5.2802
5.4616
5.1014
6.2619
5.6327
4.8570
5.3732
5.3664
6.0178
5.1524
4.8524
4.6279
4.9083
5.3032
5.3630
5.8615
5.7562
6.4378
7.7475
7.7074
8.5531
9.3874
11.2350
11.2937
11.9296
12.0528
12.4941
12.2928
13.2869
12.1909
13.1194
12.6444
12.2573
12.0723
12.1635
11.9858
12.5131
12.1333
12.6900
12.8890
14.1125
13.2605
13.9092
13.5182
14.0275
13.4927
12.6633
12.4433
12.4985
11.6933
11.8663
12.3427
11.6687
11.6885
11.7551
11.6468
11.8546
10.8862
10.5239
10.6790
11.1004
10.7985
9.9618
10.4649
10.3428
10.0641
9.8347
9.3923
9.6596
8.9078
8.7636
8.4116
8.1472
8.2425
7.7287
7.4908
7.8612
7.6827
7.3347
7.4394
7.4053
7.3449
7.4381
7.9168
7.3798
7.7245
7.5033
7.3341
7.4004
7.3207
6.9542
6.5512
6.5178
6.2565
5.7420
5.2150
5.1815
4.7597
5.0695
4.4077
4.5725
4.3650
4.1163
3.8960
4.2073
3.6865
3.5398
3.5087
3.0204
3.2877
2.9726
2.7220
3.2269
3.0796
4.0093
3.7169
4.7626
5.1074
4.9633
5.6019
5.4673
5.9041
5.7334
4.8984
5.6451
5.5275
6.5659
6.9678
6.5666
7.0812
7.4948
7.1048
7.6092
7.4608
7.0977
7.8531
8.4414
7.7564
7.2675
7.9641
7.0429
8.0722
7.5072
8.0465
7.6823
7.7304
7.3328
7.7810
8.6652
8.1418
8.1372
8.1074
8.3549
8.5460
8.3985
8.3869
8.1899
8.4157
7.9968
7.9721
8.0045
8.0698
7.8868
7.8921
8.0339
7.9906
7.8493
7.2913
7.5391
7.5232
7.9804
7.5907
7.8919
7.6238
7.8868
7.5777
7.4703
7.6545
8.2293
9.0904
8.9876
9.3447
9.8931
11.2065
11.6457
11.5690
11.6163
11.6213
11.0904
10.8574
10.4357
10.1401
10.3978
9.7600
8.9340
8.6638
8.5515
8.1659
8.0459
8.0799
7.3972
7.1868
7.1672
6.7500
7.2574
6.4785
6.3511
6.4771
5.5889
5.5989
5.2610
5.2575
5.5257
4.9038
4.6880
4.5153
3.9276
3.9425
4.1882
3.7876
3.4009
3.2985
2.8596
3.0665
2.9357
2.9316
3.1591
2.7647
2.8035
2.9137
2.3179
2.8589
2.7568
2.9327
2.5441
2.6043
2.3253
2.4972
2.0701
2.0977
2.1087
1.6851
1.7700
2.2604
2.3398
2.0048
1.6576
1.2328
1.2021
1.1758
0.7281
0.9112
0.7390
0.5676
0.3897
0.3955
0.4743
0.1578
0.0130
0.3949
-0.7127
-0.7320
-1.3339
-1.6569
-2.2064
-2.1578
-2.3754
-2.7092
-2.5573
-2.7308
-2.6587
-2.9955
-3.0015
-2.8424
-2.8074
-2.7908
-2.9491
-2.5756
-2.6615
-2.4047
-2.0619
-1.6738
-2.1649
-2.0036
-2.0938
-2.5408
-2.7735
-3.1172
-3.2799
-3.5366
-3.5246
-3.3348
-3.7289
-3.6249
-3.4565
-3.2603
-3.5315
-3.3925
-3.7443
-3.3994
-3.6840
-3.4016
-3.7073
-3.7113
-3.8346
-3.7446
-4.2379
-4.6898
-5.0085
-5.5646
-6.1304
-6.5675
-6.8241
-7.2125
-7.4363
-7.6886
-7.8966
-8.0874
-8.2858
-8.4482
-8.3415
-8.7176
-8.7581
-8.9119
-8.9010
-8.9417
-8.8869
-8.8643
-8.7577
-8.4922
-8.5820
-8.5072
-8.3832
-8.2841
-8.1753
-8.0109
-8.0247
-7.9745
-8.1358
-8.1852
-8.2373
-8.2056
-8.1139
-7.9639
-7.5839
-7.6051
-7.4330
-7.1827
-7.0225
-6.7304
-6.4991
