-2.2351
-1.4077
-0.5977
-0.2367
-0.3106
-0.0062
-0.1917
0.1437
0.4854
0.2154
0.5270
0.4502
0.8274
0.7350
0.7065
1.1818
1.0100
1.0255
1.5757
1.4032
1.6086
1.3837
1.8324
2.1480
2.0348
2.4821
2.3424
2.2069
2.4998
2.3043
2.3870
2.8877
2.6758
3.1927
3.1024
3.2905
3.2617
3.3741
3.7921
3.6724
3.8177
3.8840
3.9087
4.3004
4.0631
4.4082
4.2525
4.4094
4.5409
4.6884
4.7807
5.0844
5.2739
5.3763
5.2837
5.2916
5.3241
5.4587
5.8182
5.9410
6.0591
6.3122
6.2831
6.4199
6.3318
6.5712
6.2942
6.3798
6.4456
6.5703
6.6736
6.8831
6.9746
7.0651
7.2766
7.1027
7.2264
7.3365
7.4886
7.8120
7.8699
7.9087
8.2185
8.2440
7.9589
8.0958
8.0996
8.1087
8.0604
7.9946
7.5762
7.3932
7.2019
7.1349
6.9454
6.7615
6.6197
6.3873
6.2159
5.9545
5.9308
5.5762
5.5272
5.4366
5.6051
5.3246
5.3292
5.4791
5.2079
5.3331
5.0661
5.2825
5.1241
5.2871
5.2544
4.9230
5.0852
4.8784
4.8932
4.8599
4.8749
4.7147
5.1437
4.7027
4.9318
5.0228
4.8407
4.5722
4.5687
4.4101
4.4284
4.6803
4.3877
4.2295
4.0320
3.9118
4.1280
3.8709
4.0160
3.9126
4.2612
4.2303
3.9590
3.9039
4.1598
3.7707
3.7676
3.7003
3.6440
3.6418
3.5471
3.5722
3.4281
3.4148
3.3499
3.4025
3.3056
3.5073
3.2031
3.2204
3.3117
3.4207
3.5678
3.6336
3.6457
3.5783
3.5450
3.5846
3.3399
3.1580
3.1150
2.9977
2.9443
2.8644
2.8487
2.8973
3.1213
2.9375
2.9597
2.8557
2.9716
2.9329
2.9820
3.0988
3.3579
3.0784
2.9307
2.9861
2.9977
2.8684
2.7736
2.7131
2.5763
2.2231
2.3398
2.0870
2.1282
2.1225
2.1983
2.1383
2.1935
2.2403
1.9571
1.7699
1.6299
1.5779
1.4939
1.4902
1.4819
1.4794
1.4568
1.3848
1.2689
1.2603
1.2669
1.0768
0.8540
0.8653
0.9699
0.8035
0.9918
0.7934
0.8428
0.7899
0.8133
0.8945
0.7011
0.6585
0.7635
0.6603
0.8002
0.4108
0.3314
0.3817
0.3512
0.4034
0.5430
0.3411
0.3690
0.3715
0.3791
0.3106
0.2439
0.2195
0.1216
0.0848
0.3493
-0.1125
0.2593
-0.0809
0.4048
-0.0027
0.0309
0.1708
-0.1718
0.3241
-0.3034
-0.0581
-0.5429
-0.4514
-0.1853
-0.8923
-0.6813
-1.6168
-1.6596
-2.0245
-1.4367
-2.0856
-2.5421
-2.2214
-2.5829
-2.0127
-1.8883
-2.3682
-2.0199
-2.4311
-2.3529
-1.8593
-2.8895
-3.5916
-3.0272
-3.6456
-3.8131
-4.0945
-4.4409
-4.2334
-4.0997
-4.1583
-4.4819
-4.1334
-4.2209
-4.0586
-3.9690
-3.9500
-3.8231
-4.3800
-4.3650
-4.3625
-3.3523
-3.9532
-3.8561
-3.8173
-3.9346
-3.8549
-3.2870
-3.4011
-3.5603
-3.6964
-3.8002
-4.2078
-4.0574
-4.9136
-4.9563
-4.9640
-5.3448
-5.5358
-5.2952
-6.3008
-5.6006
-6.5712
-6.4803
-6.7366
-6.2006
-6.9015
-7.1555
-7.4717
-7.5404
-7.6630
-7.5853
-8.0204
-8.2792
-8.5290
-8.4098
-9.1515
-9.7942
-9.5750
-9.1400
-9.0933
-9.0377
-8.9167
-8.7891
-8.2759
-8.7968
-8.1202
-8.2394
-7.9288
-7.7835
-7.5581
-8.0381
-7.6679
-7.6473
-7.4698
-7.7759
-7.6660
-7.5537
-7.5077
-7.4378
-7.5107
-7.3995
-7.0615
-7.1379
-6.7117
-6.2115
-5.8774
-6.1087
-6.0901
-4.9426
-5.3624
-4.9247
-5.2538
-4.5547
-5.2486
-3.8585
-4.5127
-3.0853
-2.5493
-2.3542
-1.5738
-0.5402
-1.2246
-1.2912
-0.9977
-1.0581
-0.0845
-0.5145
-0.9797
-1.0353
-0.9457
-0.7972
-1.4551
-1.7999
-2.2244
-2.4047
-2.0414
-2.6117
-2.2207
-2.5807
-2.3130
-2.0089
-1.6279
-1.4352
-1.4651
-1.3462
-1.1034
-1.0631
-1.4011
-1.3899
-1.0496
-1.5793
-1.4092
-1.4838
-1.0716
-1.1554
-0.8679
-0.6668
-0.2474
-0.5514
-0.6140
-0.4363
0.6087
-0.0129
0.0213
0.0710
0.2731
0.3471
0.2033
0.8701
0.9793
0.8143
0.3714
0.1956
0.1797
0.1247
-0.1288
-0.1839
-0.2581
-0.3802
-0.5192
-0.4252
-0.6605
-0.6100
-0.6291
-0.5658
-0.5834
-0.5174
-0.4164
-0.3509
-0.2507
-0.2164
-0.0750
-0.0056
0.2459
0.3779
0.6547
0.7144
1.1029
1.1636
1.4887
1.6669
2.3394
2.2842
2.5548
2.4015
2.5610
2.7665
2.6164
2.8316
2.9911
2.7762
3.4316
3.2153
3.4712
3.4350
3.9167
3.7251
3.7740
3.9595
3.8917
4.2384
3.8203
4.2685
4.3458
4.3520
4.5452
4.6279
5.0565
5.0202
4.9745
5.3666
5.5085
5.3073
5.4012
5.8687
5.8245
5.7533
5.7801
5.8085
5.6301
6.3694
5.9239
5.8762
5.7749
5.5740
5.7642
5.6662
6.0246
5.9887
5.9235
5.9783
6.5487
6.0174
5.8931
6.1300
5.7281
5.5050
5.3039
4.9755
5.0716
4.6677
4.6117
4.4291
4.4808
4.4960
3.9012
3.9259
3.5971
3.4067
3.3269
3.3138
3.2578
3.0564
2.7545
2.6592
2.7638
2.4177
2.3284
2.4559
2.1818
1.8669
1.7701
1.7143
1.8128
1.4906
1.3827
1.2803
1.2567
1.5164
1.3600
1.3346
1.3172
1.3203
1.2280
1.1801
1.0267
0.9642
1.0240
0.9573
0.9954
0.8998
0.8515
0.8205
0.6995
0.8181
0.5094
0.4429
0.4025
0.3787
0.5642
0.3548
0.3460
0.6530
0.3481
0.6341
0.2033
0.4246
0.3518
0.3565
0.1655
0.0681
0.3860
0.4381
0.4171
-0.0064
0.3134
-0.0695
-0.0203
0.2108
-0.0512
0.1240
-0.0019
0.3451
0.0974
0.1213
0.1699
0.1809
0.2818
0.5601
0.7129
0.6490
0.8308
1.0551
0.8882
0.9428
1.1487
1.3872
1.2245
1.4484
1.3348
1.2246
1.7467
2.5198
1.8145
2.5998
2.6189
2.4556
3.4971
2.8513
3.5603
3.1284
3.8970
3.5163
3.5903
3.3733
3.3039
3.6944
4.1064
3.7803
3.8633
4.0579
4.2002
3.6114
3.7594
3.6877
4.3450
3.3900
3.3465
3.9671
4.1404
3.5691
4.3172
4.1120
4.5585
3.7870
3.5539
4.1230
3.9267
4.0643
3.9923
3.9627
3.7215
3.5021
3.8255
3.2952
3.5213
2.9583
3.0780
2.8506
2.8102
3.0688
3.1068
3.6169
3.2086
3.6643
4.1649
3.6368
3.5541
3.3608
4.3782
4.0845
3.9117
4.0139
5.2174
4.2032
5.3031
4.8680
5.0183
4.5276
4.8252
4.7143
4.6459
4.0140
3.3080
2.6157
2.1144
1.8577
1.5583
1.3585
1.5269
1.2535
1.5548
1.4958
1.4767
1.2960
1.3798
1.2928
1.0297
1.2078
1.4568
1.6757
1.7144
0.5742
0.8020
1.0461
1.2200
0.9471
0.4210
0.2092
0.3383
-0.1984
-0.3911
-0.7063
-0.3158
-0.8894
-0.9484
-1.2259
-1.6522
-1.6920
-1.7651
-1.5409
-2.0337
-1.9151
-2.3545
-2.4523
-2.6340
-2.7620
-2.5463
-3.0566
-3.2160
-3.4838
-3.5841
-3.3349
-3.6559
-3.6570
-3.3806
-3.6524
-3.5070
-3.5081
-3.7143
-3.7122
-3.6957
-3.6050
-3.7162
-3.6220
-3.6210
-3.7377
-3.8083
-3.7366
-3.7947
-3.8213
-3.6875
-3.4036
-3.3478
-3.5806
-3.7013
-3.8514
-3.6028
-3.6966
-3.6054
-3.6665
-3.5354
-3.4024
-3.2664
-3.3364
-3.4188
-3.4522
-3.2228
-3.3711
-3.2396
-3.1043
-3.2731
-3.2107
-3.1807
-3.0649
-3.1028
-3.1006
-2.9943
-3.2046
-3.1476
-2.8918
-2.8370
-2.6107
-2.8494
-2.8672
-3.0273
-2.9695
-2.7360
-2.6822
-2.7865
-2.5912
-2.5816
-2.7698
-2.8242
-2.8222
-2.8344
-2.5556
-2.7940
-2.7414
-2.7173
-2.4885
-2.4986
-2.5502
-2.4427
-2.5239
-2.2588
-2.3918
-2.3992
-2.3362
-2.2627
-2.0313
-2.0997
-2.1778
-2.0930
-2.0838
-1.7623
-1.8281
-1.9708
-1.5782
-1.8127
-1.8011
-1.7758
-1.6302
-1.8953
-1.8960
-1.8587
-1.7736
-1.4699
-1.4763
-1.3207
-1.4040
-1.0578
-1.2655
-1.1982
-1.2301
-0.9990
-1.1399
-1.0893
-0.8492
-0.2238
-0.8159
-0.6719
-0.4726
-0.0383
-0.6068
-0.3154
-0.3935
-0.2176
-0.4456
-0.3865
-0.0500
-0.1927
-0.1134
0.1322
-0.0419
0.0670
0.4739
0.2808
0.7024
0.5220
0.7378
0.9632
1.0705
1.4792
1.2112
1.3144
1.3135
1.3127
1.6426
1.3332
1.5019
1.4922
1.6057
1.6457
1.6541
1.6070
1.6923
1.6901
1.9765
1.7369
1.7054
1.8197
1.8412
2.0827
2.1083
2.2580
2.3027
2.2636
2.2677
2.1951
2.2639
2.5267
2.4122
2.5659
2.6553
2.9023
3.0763
3.6460
3.8808
4.2412
4.5492
4.4776
4.8344
5.4753
5.7410
5.7361
6.2104
5.6179
5.7434
6.1673
6.1793
5.8511
5.9699
5.7423
6.0008
6.0736
5.9284
6.0361
5.6056
5.5409
5.8323
6.2617
6.8758
7.1432
8.3424
7.5347
7.3991
6.5071
6.7213
7.1624
7.2309
7.2466
8.2082
7.7243
8.2630
7.9129
8.1691
7.7372
8.4364
7.1785
7.4188
7.1102
6.7417
6.8083
6.3509
6.3036
6.6797
6.6319
5.8216
7.0540
6.3537
6.2799
5.6721
6.5227
6.0685
6.5303
6.4003
6.6242
7.1714
7.5341
7.4106
8.2909
6.9011
6.7350
6.7080
6.3177
5.6867
6.0086
5.7075
5.2471
5.6884
5.0127
5.0642
4.1794
4.1222
3.9675
4.1388
4.4086
3.7449
4.2161
3.8356
3.7840
3.7244
3.7533
3.3649
3.6328
3.4040
3.0537
3.0937
3.2586
2.9160
2.9570
2.7574
2.7279
2.6295
2.6967
2.7690
2.5317
2.4298
2.2306
1.8969
1.7441
2.0633
1.9263
1.5564
1.2147
1.3671
1.0605
0.9390
1.1713
0.7533
0.7730
0.5639
0.7650
0.6300
0.6596
0.4219
0.8138
0.0983
0.2981
-0.1314
-0.3351
0.0079
-0.2659
0.4281
-0.0134
0.6779
1.0209
1.2729
1.3359
1.0874
0.6328
0.2869
0.6545
0.2962
0.1118
-0.2591
-0.4356
-0.8032
-1.0798
-1.6019
-1.5699
-1.4678
-1.4339
-1.8704
-1.9524
-2.4561
-2.6577
-2.4227
-2.7927
-2.7582
-2.8633
-2.8409
-2.8127
-3.3405
-3.2328
-3.2922
-3.1775
-3.4345
-3.3937
-3.1767
-3.4900
-3.5806
-3.3925
-3.6449
-3.8688
-3.8115
-4.0782
-4.0024
-3.9978
-4.2617
-4.4392
-4.5125
-4.5130
-4.6448
-4.6646
-4.5816
-4.9201
-4.6804
-5.2166
-5.0839
-5.3691
-5.2627
-5.4097
-5.5022
-5.3075
-5.5081
-5.3299
-5.4701
-5.4581
-5.5883
-5.6392
-5.1481
-5.5341
-5.3129
-5.5099
-5.1602
-5.5028
-5.6229
-5.3438
-5.4979
-5.3810
-5.5033
-5.4768
-5.2521
-5.3704
-5.0481
-5.5583
-5.7234
-5.7768
-5.8151
-5.8613
-5.8114
-6.2393
-6.3662
-6.0970
-6.5567
-6.3411
-6.2372
-6.4581
-6.2705
-5.8892
-6.2467
-6.1617
-6.3685
-6.5735
-6.5329
-6.1978
-6.1667
-5.7942
-6.2375
-6.0196
-5.8817
-5.4694
-5.2191
-5.0474
-4.9756
-4.8199
-4.8940
-4.7802
-4.6670
-4.5184
-3.6578
-4.0797
-3.5867
-3.9903
-3.8725
-3.8148
-4.1980
-3.7831
-3.8951
-3.6631
-3.7733
-3.3535
-3.4510
-3.1707
-3.2568
-3.1259
-3.2818
-3.2582
-3.1894
-3.6475
-3.6459
-3.4435
-3.1566
-3.1180
-2.9411
-2.7891
-2.0667
-2.8045
-2.8728
-2.9354
-2.8758
-2.9042
-2.6217
-2.7607
-2.4652
-2.3445
-1.9567
-2.1862
-1.8894
-1.7839
-1.5842
-1.3093
-1.4209
-1.1032
-1.0824
-1.3065
-0.8731
-1.3324
-1.0507
-1.1715
-0.8370
-0.9252
-0.7962
-0.7218
-0.6342
-0.2548
-0.0711
-0.2811
0.0797
-0.0111
0.8405
0.9392
1.0356
0.9619
2.0780
1.8121
2.0239
1.8534
1.8951
2.2282
2.6009
2.4782
2.9242
2.7114
2.5644
2.7363
2.5007
2.4829
2.6010
3.6585
2.9978
3.5868
3.9542
3.9761
4.0431
4.5617
4.3316
4.5765
4.5243
4.2173
4.9160
4.8672
4.7092
4.5422
4.7371
5.0163
4.4592
4.9267
4.9022
5.4598
5.0844
4.7894
4.8046
4.7081
4.8476
4.7204
5.1244
4.7707
4.7781
5.2902
5.1836
5.0787
5.0573
5.0766
5.0455
5.1172
5.3369
5.1127
5.2562
5.6962
5.2800
5.5339
5.4586
5.6360
5.3252
5.4181
5.2254
5.3191
5.5294
5.6339
5.4852
5.3414
5.2843
5.2511
5.0528
5.2662
4.8873
4.9711
4.4312
3.8157
3.7727
3.5764
3.3249
2.9894
2.8276
2.8124
2.8207
2.4316
2.9035
2.3863
2.1811
1.8083
1.7401
1.5943
1.4550
1.1520
1.6155
1.1870
1.6627
1.6584
2.3003
2.6828
2.4885
2.1780
2.4717
2.3348
2.5356
2.3289
1.9714
1.7398
1.7754
1.4393
1.5017
1.3973
1.4168
1.6221
1.3012
1.4262
1.2035
1.6568
1.2503
1.3618
1.7288
1.3832
1.7045
1.1617
1.1364
1.2248
0.8851
0.8541
0.8178
0.7826
0.8625
0.7344
0.7696
0.8723
0.8516
0.9512
0.7765
0.7656
0.4442
0.3246
0.1828
-0.1315
-0.3988
-0.4028
-0.6407
-0.6011
-0.6951
-0.7778
-0.9934
-1.0248
-1.0525
-1.4070
-1.4957
-1.1760
-1.6813
-1.5921
-1.9591
-2.0178
-2.2342
-2.0860
-2.3927
-2.3289
-2.3096
-2.3077
-2.2486
-2.1700
-2.0717
-2.0571
-1.9254
-1.9472
-2.2084
-2.2386
-2.3570
-2.4368
-2.3674
-2.5740
-2.6305
-2.4222
-2.6046
-2.6596
-2.6473
-2.6840
-2.5139
-2.6678
-2.6247
-2.1879
-2.2270
-2.4062
-2.5913
-2.7603
-2.8073
-3.0034
-2.9882
-3.1213
-2.8860
-3.2513
-3.2204
-2.8239
-3.1640
-3.3798
-3.8360
-3.9740
-3.8919
-3.8184
-3.5492
-3.6016
-3.5591
-3.5967
-3.7578
-4.1056
-4.3377
-4.5085
-4.4752
-4.7711
-4.6422
-4.6588
-4.7728
-5.0673
-5.1973
-5.2550
-5.1387
-5.1555
-5.0426
-5.0338
-4.9409
-4.8254
-4.6162
-4.7949
-4.8511
-4.8428
-4.8481
-4.7905
-4.7554
-4.6108
-4.3987
-4.5442
-4.6128
-4.6718
-4.5864
-4.5998
-4.4296
-4.3681
-4.1836
-4.0801
-3.9590
-3.9176
-3.2256
-3.5824
-3.1904
-3.0024
-2.6825
-2.3725
-2.5203
-1.8784
-1.8116
-1.9390
-1.2904
-1.9065
-1.1947
-2.2016
-1.7808
-2.2264
-2.7551
-2.2725
-3.0253
-2.5108
-2.9431
-2.3396
-2.3235
-2.3792
-2.3845
-2.4377
-2.0892
-2.4742
-2.2604
-2.2610
-2.0447
-1.8921
-1.3900
-1.4366
-0.9107
-1.0820
-1.2886
-1.4911
-1.4490
-1.1847
-1.0694
-0.6949
0.3075
0.3088
0.5137
0.5526
0.7240
1.2572
2.1120
1.1964
1.3813
1.3905
2.2681
1.8719
1.9184
1.4302
1.1261
2.1370
2.2359
3.1831
3.7408
3.7754
4.2292
3.8456
3.8440
3.7041
4.0748
4.4115
4.8637
4.5370
4.5439
4.6769
3.9512
4.1538
5.3547
4.7933
5.0830
5.0364
4.3581
4.7527
4.4421
4.9326
4.8100
4.5761
5.4146
5.0675
5.2476
5.1490
5.8284
6.4096
5.8082
6.2513
5.9042
5.9866
5.7374
6.1092
6.3710
6.0858
6.2262
5.5950
6.7814
6.2996
6.0416
5.8511
6.1353
6.1784
6.8072
6.6048
6.9843
6.9670
6.6342
6.9914
6.7295
7.1886
6.8207
7.2352
7.3305
7.3711
8.0167
7.5071
7.6656
7.7554
8.1572
7.5192
7.9167
7.5811
7.2701
7.2962
7.1426
7.6338
7.2732
7.3995
6.9933
7.0249
7.1039
7.3295
7.3301
7.3849
7.7069
7.2660
7.8589
7.3463
7.6048
7.2849
7.1807
7.0355
7.7720
7.1616
6.9158
6.4780
6.5927
6.2425
6.1622
6.3401
5.8891
6.1675
6.1131
5.7967
6.0048
5.5066
5.6225
5.1724
5.2480
5.6018
5.4159
5.8299
5.8333
5.8694
5.8280
5.8946
5.6234
5.6184
5.6369
6.8019
5.8151
5.4720
5.1906
5.4533
5.0654
4.8420
4.5701
4.9878
4.2925
4.6990
4.5830
4.6813
4.2561
4.0860
4.0451
3.8322
3.9361
3.8995
4.1318
4.2675
4.3876
3.9361
3.7163
3.6640
3.5255
3.7150
3.9380
3.7579
3.6967
3.7266
3.7843
3.3801
3.2552
3.1382
3.2015
3.3041
3.2300
3.1441
3.2925
3.2479
2.7973
2.6508
2.6707
2.7732
2.4532
2.4379
2.4703
2.6139
2.3895
2.1458
2.4619
2.2000
1.8419
1.7619
1.8222
2.0110
2.1523
1.8724
2.2258
2.0554
1.7455
2.1463
1.9828
2.0172
1.6982
1.7473
1.7067
1.6668
1.6398
1.4627
1.6785
1.3242
1.2779
1.2165
1.0748
1.0352
0.8441
0.7302
0.6295
0.2460
0.0692
-0.0309
-0.0436
0.0241
0.0407
0.1450
0.1632
0.5321
0.3541
0.5490
0.5529
-0.0827
0.0844
-0.5017
-0.6620
-0.4632
-0.8307
-0.9126
-1.0504
-1.0717
-0.6911
-0.9238
-0.8330
-1.0003
-0.9718
-1.1483
-1.3167
-1.3507
-1.7590
-1.7807
-1.8592
-1.9532
-1.8411
-1.8904
-2.0123
-1.8796
-1.4765
-0.9611
-1.1975
-1.0284
-1.0191
-1.2509
-0.9878
-0.9796
-1.1918
-1.5846
-1.7539
-2.0281
-1.3764
-1.8392
-1.9408
-2.3003
-1.6251
-1.5768
-2.1403
-2.1428
-1.7451
-0.9040
-1.6625
-1.6457
-2.2281
-2.2762
-2.2804
-2.3308
-2.3930
-2.7196
-2.7662
-2.0182
-2.4243
-2.1439
-2.0071
-2.8998
-2.2921
-2.8690
-2.7321
-1.9201
-2.2525
-2.1765
-1.9212
-2.4806
-1.3292
-1.8982
-1.3131
-1.2617
-0.6416
-1.4905
-1.4165
-1.7007
-2.2883
-1.9992
-2.5453
-2.6763
-2.4182
-2.7535
-2.8211
-2.9015
-2.6860
-2.6663
-2.7230
-3.3261
-3.3882
-3.3146
-4.0836
-4.0838
-3.7071
-4.2275
-4.7061
-3.9914
-4.9731
-5.2050
-5.6048
-5.4564
-6.0191
-5.6087
-6.4109
-6.3492
-6.7391
-6.2294
-6.6800
-6.8598
-7.0512
-6.5977
-7.2605
-7.0900
-6.5065
-6.8878
-6.8778
-6.6972
-6.9136
-6.7599
-6.8716
-7.3660
-7.3619
-7.1932
-7.5524
-7.4565
-7.4596
-7.1725
-7.3743
-7.3603
-6.1539
-5.9566
-6.4763
-6.8624
-6.4153
-6.4305
-6.2014
-6.1284
-6.5174
-6.8100
-6.5534
-6.2103
-6.4236
-5.9256
-6.1617
-6.1305
-6.4045
-5.8129
-5.9219
-6.1313
-5.9704
-5.9147
-5.8895
-6.3114
-6.1208
-6.2829
-6.0834
-6.0444
-6.2446
-6.0471
-6.1119
-6.1802
-5.7819
-5.7497
-5.5477
-5.5002
-5.4306
-5.6017
-5.1045
-4.5127
-4.3510
-4.0498
-4.3196
-4.2619
-4.0321
-3.4489
-3.3190
-2.8997
-2.5745
-3.2548
-2.8887
-3.1674
-2.4517
-2.8591
-2.4887
-2.1640
-2.4152
-2.4662
-2.6164
-2.4184
-2.3521
-1.9258
-2.1180
-2.1305
-1.7541
-1.9640
-1.9639
-1.7666
-1.9247
-1.6366
-2.2190
-2.0919
-2.2395
-2.3643
-2.6478
-2.6172
-2.6526
-2.5133
-2.4804
-2.6987
-2.8719
-2.9237
-2.9541
-2.7138
-2.6319
-2.8205
-3.1277
-2.9676
-3.2630
-3.1864
-3.1509
-3.0181
-3.2496
-3.3600
-3.3354
-3.0840
-3.1421
-3.0999
-2.9566
-2.9615
-2.6568
-2.8178
-2.6896
-2.3911
-2.3954
-2.2487
-2.0643
-1.8454
-1.7564
-1.4428
-1.3009
-1.7113
-1.7142
-1.7276
-1.7149
-1.7282
-1.7783
-1.8316
-1.9770
-2.0071
-2.1744
-2.1941
-2.1876
-2.1826
-2.1232
-1.8118
-2.1976
-2.0775
-2.2459
-2.2972
-2.0978
-2.1257
-1.7762
-1.9138
-2.0185
-1.8775
-1.8448
-1.7244
-1.5221
-1.5755
-1.2889
-0.8499
-0.7804
-0.6831
-0.5243
-0.4930
-0.1594
-0.3106
-0.0615
-0.0309
-0.2301
-0.2680
-0.0705
-0.2796
-0.2294
-0.1517
0.1360
0.0309
0.1472
0.1220
0.3107
0.0092
0.0132
0.0566
0.1136
0.1147
0.1036
0.0903
-0.0137
-0.0682
-0.1596
-0.1674
-0.0754
-0.0466
0.3666
0.1389
0.2663
0.1817
0.1584
0.1422
0.0341
0.0618
-0.1434
-0.2503
-0.5503
-0.5675
-1.0349
-1.2653
-1.5164
-1.5656
-1.5389
-1.7348
-1.9160
-1.9435
-1.6724
-1.8787
-1.7540
-1.8294
-1.7782
-1.5960
-1.7990
-1.8606
-1.8276
-1.9524
-1.8988
-2.0062
-1.6577
-1.6513
-1.6909
-1.8076
-1.8386
-2.0205
-2.1075
-2.1761
-2.1130
-2.1146
-2.0185
-1.9731
-1.8571
-1.5091
-1.6690
-1.4979
-1.8076
-1.8943
-2.1839
-2.4014
-2.5439
-2.5688
-2.6546
-2.8750
-2.9302
-2.6460
-2.7512
-3.0702
-2.9692
-2.5879
-3.0042
-3.1720
-3.4231
-3.4459
-3.3316
-3.1496
-3.3011
-3.3354
-3.1272
-3.3140
-3.3019
-3.2590
-3.1600
-3.1537
-3.0089
-3.0824
-3.0113
-3.1258
-2.9037
-3.2205
-3.0851
-3.3917
-3.5462
-3.5888
-3.6596
-3.6584
-3.4752
-2.6092
-3.5333
-3.1872
-3.7234
-3.6030
-3.9352
-3.7845
-3.8361
-3.7607
-3.9323
-3.8050
-3.7898
-3.7492
-3.7637
-3.8519
-3.8717
-4.0632
-3.9333
-4.3109
-4.3881
-4.3942
-4.4482
-4.4169
-4.4445
-4.3892
-4.3920
-4.2570
-4.2941
-4.0581
-4.3542
-4.4220
-4.4351
-4.4930
-4.5113
-4.5653
-4.4349
-4.3271
-4.5578
-4.3952
-4.6192
-4.0469
-4.2700
-3.7176
-3.8786
-3.7664
-3.7856
-3.2267
-3.4064
-3.2906
-3.0583
-3.9036
-3.6602
-4.1704
-4.1744
-3.7737
-4.0850
-4.0321
-4.3830
-4.4392
-4.4883
-4.7816
-4.7787
-4.9828
-4.9079
-4.9713
-5.1015
-5.2971
-4.3409
-5.3529
-5.0162
-4.8814
-5.1977
-5.5151
-5.2074
-4.6281
-5.3795
-4.8496
-4.7941
-4.4729
-4.4343
-3.8480
-4.1160
-4.4352
-5.1333
-5.0658
-5.4106
-5.5323
-5.8818
-5.5752
-5.8518
-5.3710
-5.8361
-5.7852
-6.1043
-6.0047
-5.4080
-6.0226
-5.6388
-5.4477
-5.5131
-4.8058
-3.7245
-4.3368
-4.0247
-4.2591
-4.4841
-4.3734
-4.6877
-4.5099
-5.3577
-5.3721
-5.4715
-4.8251
-4.6092
-4.5082
-4.3169
-3.6102
-3.8281
-3.5054
-4.0819
-3.9564
-4.0885
-3.4305
-3.9013
-3.3556
-3.0131
-3.5506
-2.9846
-3.0745
-3.6391
-2.9976
-3.9367
-4.3122
-4.4612
-4.1863
-3.7612
-3.9236
-3.2759
-3.9571
-3.5728
-3.2246
-3.3855
-3.0136
-3.1849
-3.2345
-2.8599
-2.8661
-2.3629
-2.4303
-2.3673
-1.9802
-2.0014
-1.6331
-1.9262
-0.8431
-1.6238
-1.1966
-1.5620
-0.7633
-1.3196
-0.6128
-1.1727
-1.5558
-1.2483
-0.9901
-1.5172
-1.2265
-0.9041
-0.9503
-0.8418
-0.9304
-0.3594
-0.3351
0.0021
0.0544
0.9085
0.2849
0.4779
0.4982
0.7223
0.7191
1.1507
1.2544
1.4879
1.2775
1.5930
2.1545
1.8848
2.5887
2.6977
2.8116
2.2647
2.8688
2.4078
2.9491
2.7782
3.3126
3.0979
3.5232
3.1363
3.4814
3.4298
3.9968
3.7035
3.7741
3.9124
4.3015
4.4455
4.2934
4.2706
4.6398
4.5892
5.0918
5.0268
4.8367
5.0425
5.1365
5.1264
5.3167
5.3285
5.5302
5.6900
5.9309
5.7900
6.1548
6.3663
6.1104
6.2969
6.3018
6.3658
6.3262
6.4069
6.5908
6.5286
6.4763
7.2082
6.9420
7.6548
6.4710
6.1213
6.0762
6.1461
6.2666
5.9806
6.2105
6.2850
6.4051
6.6917
6.6859
6.0403
6.3603
6.1050
6.0988
5.6171
5.0968
4.7196
4.8993
4.6229
4.3742
4.4033
4.5563
4.4663
4.4009
3.8659
3.6584
3.4205
3.2502
3.0384
2.8991
2.9442
3.2129
3.2402
3.0957
3.0235
3.2409
2.9128
3.0126
2.7459
2.6780
2.8265
2.9415
2.8277
2.7386
2.9346
2.7405
2.9702
2.9040
2.9948
2.7770
2.7079
2.8316
2.5097
2.6115
2.3768
2.4145
2.4055
2.4123
2.2235
2.1459
2.2182
2.1417
2.2997
2.5498
2.7675
2.2507
2.3858
2.5719
2.3613
2.5671
2.2381
2.3281
2.4510
2.0578
1.8686
2.1817
1.8730
1.8997
1.9187
2.0218
2.0294
1.7294
1.7073
2.3350
1.6002
1.4861
1.6545
1.4412
1.6127
1.7806
2.0849
2.2283
1.9139
2.2575
2.0949
2.0582
1.9912
1.8542
1.5456
1.6646
1.4223
1.4979
1.8777
1.3495
1.3011
1.3152
1.1366
1.0272
1.4467
1.0895
0.8838
1.1635
0.7445
0.9326
1.0787
1.0277
0.5734
0.7580
0.5532
0.5803
0.3256
0.4580
-0.0201
0.0111
-0.2456
-0.3547
-0.5669
-0.7087
-0.3723
-0.9530
-1.1917
-0.8657
-1.2974
-1.2325
-1.3381
-1.0673
-1.5408
-1.3159
-1.3865
-1.6172
-1.2436
-1.4711
-1.8919
-2.2619
-2.3303
-2.4150
-2.5561
-2.7450
-3.0588
-2.9141
-2.8236
-3.2286
-3.3878
-3.1995
-3.3318
-3.1708
-3.2174
-3.3709
-2.6497
-3.0957
-2.6565
-3.1538
-2.8814
-3.0931
-2.9466
-3.2243
-2.6383
-3.3025
-3.1029
-3.1874
-3.3032
-2.8580
-4.0167
-3.3919
-3.8374
-3.2169
-3.8775
-4.1770
-4.5958
-4.2264
-4.8316
-5.0922
-5.3501
-5.4790
-4.7141
-5.1900
-4.9946
-5.1165
-4.9910
-5.1188
-5.3675
-5.2174
-5.2458
-5.6519
-5.5333
-5.2053
-5.2040
-5.2445
-5.1016
-5.0570
-4.8809
-4.8411
-4.8102
-3.9318
-4.6185
-4.3417
-4.6370
-3.8678
-4.5888
-4.0066
-4.8373
-4.7232
-5.0670
-5.6081
-5.3784
-5.8118
-5.9701
-6.2213
-6.1996
-6.4099
-6.6142
-6.8382
-7.0846
-7.0608
-6.7470
-7.4063
-7.6152
-7.6353
-7.7624
-7.6868
-7.6012
-7.9556
-7.9671
-8.1019
-7.9932
-8.1511
-8.1632
-7.8529
-7.6612
-7.4888
-7.1234
-7.1253
-7.2706
-7.3003
-7.2491
-7.2945
-7.3768
-5.9640
-6.1132
-5.5157
-5.5017
-4.0082
-4.5191
-3.4194
-3.1575
-3.6107
-2.3308
-2.2384
-2.5623
-2.7478
-2.4879
-0.9376
-0.2412
-0.2018
1.3384
0.4733
0.9430
0.6744
0.1477
1.5447
0.8679
1.0130
0.1724
1.1193
0.0674
0.4329
-0.1129
-0.3994
-0.5836
-0.9228
-0.9863
-1.7269
-1.5029
-2.0724
-1.9650
-2.0469
-2.0388
-2.1318
-1.8321
-2.3418
-2.4768
-2.2825
-2.5267
-2.7890
-2.7292
-2.9710
-2.8152
-2.5422
-2.4138
-2.6086
-2.5425
-2.6960
-1.9551
-2.3696
-2.1270
-2.4221
-2.1704
-2.2534
-1.9562
-2.0381
-1.8135
-1.5515
-1.4285
-1.6342
-1.7682
-1.6949
-1.6107
-1.3019
-1.5531
-1.0527
-1.4226
-0.8594
-1.1010
-0.8836
-0.3500
-0.8093
-0.8693
-0.1330
-0.1867
0.4387
-0.0922
-0.0280
-0.2433
-0.1313
0.3164
0.0048
-0.0701
-0.0463
0.1961
0.2789
0.2000
0.3704
0.7587
0.5472
0.4017
0.4979
0.4699
0.8035
0.7194
1.0970
0.7242
0.6725
0.9148
1.3554
0.9313
0.9127
0.9497
0.8111
0.8886
1.0155
1.1042
1.2277
1.4031
1.5833
1.7371
1.8839
2.1705
2.0775
2.3311
2.2542
2.4464
2.6633
2.9779
3.0091
2.9832
3.0851
2.8080
2.5517
2.7176
2.6132
2.5831
2.7020
2.7522
2.5821
2.4564
2.4365
2.6150
2.4024
2.3959
2.4415
2.3951
2.3953
2.2938
2.2594
2.1174
2.2167
2.0570
1.8179
1.6330
1.4326
1.0930
1.0897
0.7344
0.7431
0.4962
0.1027
0.1918
-0.2383
-0.5429
-0.5721
-0.6630
-0.6685
-0.9259
-1.0898
-1.1793
-0.9807
-1.4592
-1.6423
-1.7640
-1.7658
-1.9186
-1.9081
-1.9963
-1.9686
-2.0901
-1.9562
-2.2732
-1.9113
-2.1329
-1.8219
-2.0774
-2.3240
-1.7015
-1.7993
-2.0272
-2.1811
-1.5797
-1.6354
-1.7181
-1.9151
-1.3877
-1.5805
-1.4389
-1.4353
-1.5901
-1.6740
-1.2551
-1.1994
-1.9049
-1.8341
-2.1225
-2.4513
-2.4646
-2.5687
-2.2727
-2.3749
-2.2862
-2.0905
-2.3548
-2.4945
-2.5423
-2.5692
-2.5460
-2.3844
-2.3942
-2.0747
-2.3498
-2.4012
-2.4531
-2.5824
-2.4231
-2.6521
-2.6268
-2.5792
-2.4948
-2.4084
-2.3194
-2.2011
-2.0225
-2.2368
-2.2750
-1.9662
-2.0327
-1.9408
-1.9349
-2.0537
-2.1062
-2.0679
-2.3164
-2.3188
-2.0970
-2.2968
-2.3071
-2.3605
-2.4090
-2.4938
-2.5905
-2.7161
-2.7781
-2.8579
-2.6098
-2.8723
-2.8805
-2.9997
-3.0619
-3.0879
-3.1535
-3.1471
-3.1591
-3.1069
-3.0796
-2.9359
-2.7502
-2.8639
-2.9718
-3.0003
-2.9693
-3.0470
-2.9834
-3.0699
-2.9938
-2.7592
-2.8080
-2.6915
-2.5143
-2.3067
-2.2638
-2.1353
-2.1914
-2.1527
-2.1252
-2.0347
-1.8176
-1.8742
-1.9065
-1.5497
-1.7801
-1.3318
-1.4881
-1.6750
-1.3951
-1.5489
-1.5311
-1.3434
-1.3365
-1.2389
-1.2147
-0.8291
-1.1324
-1.1170
-0.9607
-0.7362
-0.6745
-0.5979
-0.5129
-0.7091
-0.5241
-0.6889
-0.6338
-0.5226
-0.3702
-0.2573
0.0674
0.0089
0.1490
0.3504
0.1781
0.1504
0.2611
0.5210
0.6331
0.7603
0.6890
0.6724
0.8515
0.7338
0.8911
0.7803
0.6304
0.6731
0.5890
0.6876
0.7567
1.4351
1.4879
1.1338
1.8482
2.3934
2.5074
2.7496
3.3179
3.2874
3.0966
3.9252
4.1777
4.1103
3.7842
3.5845
3.9613
4.3521
4.2041
4.9702
4.2326
4.0701
3.6769
3.9061
3.4318
3.1291
3.5232
3.4721
3.2929
2.6792
2.8609
2.8464
2.7125
2.3016
2.5218
2.3801
2.7829
2.6891
2.3597
2.4731
2.5540
3.0184
2.3658
2.2385
2.3735
2.2121
2.5403
2.5392
2.5276
2.4012
2.0442
2.0388
2.4122
1.9821
2.2597
2.2374
2.3065
2.4464
2.1934
2.8903
1.8866
2.4009
2.1855
2.7581
3.1717
3.0944
2.9740
2.6236
2.5187
2.5508
3.0133
2.2132
2.8241
2.9524
2.6257
3.2441
2.2221
2.3587
2.1061
2.1302
2.2816
1.8300
2.7013
2.3442
2.6698
2.3800
2.3711
1.9762
2.3303
2.2451
2.2688
2.1296
2.0217
1.9999
1.3339
1.7156
1.0655
1.2143
1.1672
0.9848
0.7163
0.2749
0.1763
0.1072
0.2698
0.2086
0.2395
-0.4250
-0.7248
-0.7035
-0.5478
-1.0352
-0.8935
-1.3754
-1.1478
-0.6937
-0.7700
-1.4094
-1.3446
-1.0816
-1.3185
-1.4158
-1.2647
-1.1583
-1.2922
-0.9970
-1.0250
-1.2468
-1.6124
-1.3716
-1.4761
-1.1649
-1.4985
-1.0068
-1.4940
-0.7844
-0.9574
-0.1200
-1.2008
-0.9700
-0.9511
-1.1419
-0.2729
-0.1483
0.4005
0.1765
-0.1267
-0.7912
-0.3426
-0.5245
-0.9420
-1.6060
-0.5672
-1.7949
-1.6579
-2.1479
-1.5836
-1.6955
-2.1369
-2.7039
-2.8609
-2.2822
-1.6003
-1.7098
-2.0300
-2.4711
-2.1472
-2.3014
-2.1330
-1.9297
-1.7205
-2.1245
-2.2301
-2.0589
-1.4291
-1.8479
-2.2411
-2.7043
-2.2707
-2.6748
-2.0029
-2.6644
-2.4517
-2.5926
-2.3109
-2.2810
-2.4187
-2.5127
-2.1490
-2.2982
-1.9125
-2.1848
-1.7707
-1.4897
-2.2748
-1.7379
-2.0204
-1.2587
-1.5414
-1.5021
-1.1245
-1.1933
-0.9979
-0.8184
-0.3003
-0.4157
-0.2317
-0.3375
-0.0738
-0.0353
-0.1067
-0.0916
-0.2853
0.2708
-0.0565
-0.0254
0.1958
0.3683
0.6514
0.8592
0.6682
0.9331
1.5660
1.0764
1.6233
1.5570
1.7460
1.4104
1.4042
1.6859
1.7897
2.3798
1.7840
2.0913
2.0235
2.2847
2.2311
2.3531
2.5562
2.3826
2.6134
2.6046
2.6748
2.8619
2.9200
3.1882
3.3172
3.2567
3.6402
3.5245
4.0337
3.8243
4.6361
4.5870
4.7422
4.6214
4.7445
4.8178
5.3345
5.0113
5.0676
5.3868
5.1637
5.2166
5.1677
5.2158
5.5949
5.4904
5.8740
5.7346
5.8146
5.9896
6.2116
6.2377
6.3968
6.4078
6.5352
6.4160
6.3650
6.4284
6.7681
6.6400
6.7508
6.7601
6.7271
6.6703
6.6404
6.6974
6.8538
6.5068
6.6910
6.6287
6.7357
6.8729
6.9780
7.2520
7.0843
7.1928
7.0307
6.7350
6.5180
6.0925
5.8302
5.6165
5.6342
5.2595
5.0121
4.7857
4.3861
4.0335
3.6167
3.4739
3.0457
2.9024
2.7723
2.9654
2.7254
2.7875
2.8018
2.8073
2.8002
2.9031
2.8751
2.5411
2.6967
2.7096
2.9299
2.5118
2.3776
2.2312
2.4976
2.3153
2.3855
2.0768
1.9119
2.2224
1.9459
1.7269
1.4456
1.3296
1.4963
1.1843
1.4772
1.2784
1.2705
0.8377
0.9023
1.1087
1.5001
1.2077
2.0537
2.5348
1.6573
2.9152
2.7852
2.6902
3.2368
3.1073
2.5708
2.6899
1.5905
2.4855
0.8783
1.2060
0.0396
0.8092
-0.3402
-0.6958
-0.1527
-1.5359
-1.0412
-1.8575
-1.0496
-1.8916
-1.1059
-1.7708
-2.0694
-2.5121
-2.9228
-3.0446
-2.9452
-3.2601
-3.1594
-2.5114
-3.2598
-3.5279
-3.8133
-3.6440
-3.4990
-3.2373
-3.7904
-3.5932
-3.8132
-3.6951
-3.9479
-4.0653
-4.2073
-4.3080
-4.4922
-4.4332
-4.5606
-4.8654
-5.0061
-5.0064
-5.7523
-6.3552
-6.5927
-6.9531
-7.3395
-7.3246
-7.4026
-7.3690
-7.0966
-7.6606
-7.5294
-7.6786
-7.5616
-7.2402
-7.5333
-7.4753
-7.9013
-7.8407
-7.7797
-7.9279
-8.2535
-8.1452
-8.6661
-9.0489
-9.4377
-9.6913
-9.7815
-9.8611
-10.0506
-10.0315
-10.0428
-10.3148
-10.1860
-10.5061
-10.7586
-10.0502
-10.7539
-10.7684
-10.1587
-11.1384
-10.8300
-11.0487
-10.6718
-10.9875
-11.1195
-11.2339
-10.7993
-10.4980
-10.6833
-10.5818
-10.7863
-9.9252
-10.5829
-9.6615
-10.5867
-9.6212
-9.4672
-9.9834
-8.6440
-9.2728
-9.1023
-9.1498
-9.1411
-8.4379
-8.8697
-8.6102
-8.4454
-8.5258
-8.5744
-8.0276
-8.2245
-7.6977
-7.6751
-7.2422
-6.6173
-6.5895
-6.3531
-6.0569
-5.5612
-6.1565
-5.2929
-5.8499
-5.4356
-5.3881
-4.8305
-5.0100
-4.9475
-4.5160
-4.1968
-3.4309
-3.5980
-4.2698
-3.5679
-3.9749
-4.0468
-3.4967
-3.1188
-3.2538
-2.9578
-2.8295
-2.8041
-1.8957
-2.1407
-1.5692
-1.4681
-1.7713
-0.9023
-0.8826
-0.3009
-0.0499
0.0555
0.6784
0.5220
0.8153
0.1090
0.8115
0.2924
0.8135
0.7484
1.3219
0.9878
1.1309
1.3968
1.4221
1.6682
1.9517
2.0658
1.4582
1.4977
1.3741
1.9157
2.2245
2.6832
2.0840
2.0815
2.6066
2.6565
3.2196
3.6405
3.2050
3.6611
3.1941
4.1091
3.5235
4.2042
4.5642
4.2048
4.3497
4.1274
4.3773
4.7805
4.7182
4.8776
4.8559
5.3490
5.1415
6.1038
5.5452
5.9019
6.1073
6.1340
6.4476
6.6878
6.7125
6.9541
6.8633
7.0759
7.4376
7.4880
7.9431
7.7771
7.9400
7.9558
8.2053
8.3577
8.2920
8.5266
8.6703
8.7198
8.8577
8.9420
9.1704
8.8731
8.9646
8.9418
9.0563
9.2178
9.0645
9.0574
9.0966
9.2752
9.1244
9.0313
9.2187
8.9755
8.8641
8.8400
8.7921
8.4597
8.2412
8.0733
7.9287
7.7053
7.7423
7.1666
6.9093
6.6621
6.4478
6.2796
6.1353
5.8607
5.3979
5.3426
5.0986
5.1912
4.8659
4.5779
4.4062
4.2538
4.0117
3.8080
3.6573
3.7195
3.5544
3.5565
3.3125
3.2514
3.1281
3.2826
2.9796
2.9978
3.0993
2.8859
2.8002
2.7490
2.7534
2.7294
2.7660
2.7837
2.9142
2.8539
2.9065
2.7319
2.7057
2.5922
2.5634
2.7206
2.5233
2.5740
2.5741
2.6340
2.7383
2.4751
2.2768
2.1078
1.9060
1.7550
1.6250
1.5601
1.5355
1.5381
1.3886
1.3119
1.0762
1.0388
0.9477
1.0838
1.0445
0.6124
0.3997
0.1537
-0.0034
-0.1131
-0.2334
-0.4354
-0.4588
-0.5875
-0.5742
-0.6319
-0.4388
-0.3292
-0.5690
-0.5291
-0.4363
-0.6721
-0.7035
-0.6356
-0.5800
-0.4067
-0.3979
-0.3425
-0.3198
-0.2697
0.6581
-0.0468
0.0302
0.5611
0.7506
0.5745
0.7952
0.7961
0.2139
1.4638
0.6337
0.5186
0.2370
0.1689
0.4969
-0.3477
-0.2870
-0.4261
-0.3128
-0.4949
-0.6074
0.1069
0.2246
-0.8119
-0.3047
-0.1362
-0.7091
-0.3119
-1.2476
-1.1264
-0.6157
-0.7015
-0.3932
-0.1674
-0.0627
-0.1800
-0.2997
0.0270
0.0774
-0.4787
-0.7928
-0.7047
-0.6374
-0.6775
0.0083
-1.1085
-0.9886
-0.3160
-0.6580
-1.0208
-0.2667
-1.1949
-1.1635
-1.3670
-1.7090
-1.5325
-2.0144
-2.1281
-2.1095
-2.9613
-2.5671
-2.8921
-3.6626
-3.9603
-4.0679
-4.3728
-4.6015
-4.2682
-4.5712
-4.2668
-4.5513
-4.8054
-5.1947
-4.5967
-4.7633
-4.7002
-4.5553
-4.3837
-3.7561
-3.4910
-2.2174
-2.0527
-2.0562
-1.9920
-1.4840
-2.2577
-1.0989
-1.9816
-1.4384
-2.4628
-2.1809
-3.0797
-3.1626
-2.9019
-3.6720
-3.7810
-4.0075
-4.8106
-4.7302
-4.8921
-5.2434
-5.4807
-5.7412
-5.6452
-5.5725
-5.3555
-5.7390
-5.7766
-5.0888
-4.9801
-4.4968
-4.5483
-3.8142
-4.5794
-4.1415
-4.3747
-3.9400
-3.7866
-4.1300
-4.1019
-4.7316
-4.0562
-4.7907
-4.5102
-4.2415
-3.7975
-2.8618
-3.5039
-3.0479
-3.3742
-2.8148
-3.1338
-3.1753
-3.1814
-3.0865
-2.8664
-3.1941
-3.0181
-2.9711
-3.0107
-2.5999
-2.5203
-2.2843
-2.3804
-2.2562
-2.0067
-1.8877
-1.7468
-1.6813
-2.1691
-1.4220
-1.6899
-1.8048
-1.8676
-1.9911
-2.2607
-2.2971
-2.3806
-2.3940
-2.3472
-2.3662
-2.2600
-2.1421
-1.8376
-1.9221
-1.8705
-1.7708
-1.7030
-1.3742
-1.2447
-0.7429
-0.9734
-0.6669
-0.2015
-0.5243
-0.5154
-0.5166
-0.3187
-0.0775
0.2222
0.2896
0.5131
0.1987
0.1912
0.2295
0.4943
0.4208
0.6391
0.7691
0.9880
1.0696
1.2357
1.3495
1.4702
1.6015
1.7568
1.9093
2.2612
2.1233
2.1939
2.2959
2.3221
2.4017
2.3609
2.5429
2.3405
2.4420
2.4540
2.6183
2.6457
2.8896
3.1835
3.1764
3.2192
3.3315
3.4075
3.4920
3.7817
3.6774
3.8740
3.9062
4.0516
4.0204
4.1158
4.2428
4.2941
4.3938
4.3690
4.3731
4.3873
4.3231
4.6065
4.3115
4.3667
4.2270
4.3700
4.3006
4.6638
4.3970
4.3656
4.4068
4.2792
4.3784
4.2905
4.3925
4.4120
4.4493
4.4843
4.5802
4.5852
4.8833
4.6310
4.7434
5.0945
4.9110
4.7750
4.6120
4.5238
4.5969
4.4293
4.4330
4.3676
4.2924
4.3715
4.3200
4.0769
3.7628
3.6309
3.3986
3.2207
3.0938
3.0904
2.7759
2.5593
2.3977
2.4726
2.4781
1.9420
1.7573
1.8296
1.4891
1.3962
1.3172
1.2664
1.2314
1.1773
1.1592
1.1537
1.1148
1.0247
0.9102
0.7263
0.8531
0.5028
0.4373
0.3164
0.2531
0.1742
0.1408
0.0483
-0.0234
-0.1989
-0.3058
-0.4739
-0.4789
-0.6025
-0.6466
-0.7418
-0.7081
-1.0382
-1.1996
-1.4582
-1.5667
-1.7770
-1.8325
-1.8048
-1.8871
-1.9311
-2.0918
-2.2063
-2.3403
-2.4057
-2.6281
-2.6275
-2.8798
-2.8664
-3.0186
-2.7862
-3.0200
-2.9666
-2.9861
-2.5664
-2.9583
-3.0543
-3.0473
-3.0548
-3.0242
-2.8691
-2.8185
-2.7747
-2.4033
-2.3827
-2.7205
-1.8996
-2.1040
-1.9527
-1.6740
-1.2293
-1.6113
-1.1507
-1.1941
-1.3164
-1.4942
-1.1898
-1.9584
-2.3782
-2.4327
-2.4273
-2.9022
-3.1566
-3.2508
-3.7806
-3.5996
-3.9641
-3.8015
-4.2601
-4.6311
-4.0448
-4.9887
-4.8062
-5.4940
-5.4424
-5.3276
-5.1510
-4.5513
-5.0645
-4.7780
-4.5414
-4.9096
-5.2903
-5.2755
-5.5574
-5.2955
-5.3865
-5.1422
-5.0882
-5.0474
-5.3515
-5.4994
-5.8916
-6.1735
-6.2348
-6.0063
-5.7993
-6.0459
-5.7619
-5.6606
-5.2330
-5.7165
-5.4015
-6.0981
-6.5449
-6.5928
-6.3607
-6.0492
-6.3828
-6.0028
-5.5812
-5.1037
-4.1888
-5.1138
-4.2962
-4.0645
-3.6654
-4.4888
-4.1510
-4.0312
-4.6722
-4.0531
-4.5218
-4.2292
-2.4811
-3.1905
-4.3901
-4.1922
-3.7451
-3.8309
-4.7978
-4.0330
-4.2612
-4.6774
-3.9120
-4.4535
-3.8453
-4.8549
-4.2788
-4.6622
-4.9657
-4.2944
-4.3461
-4.3419
-5.0022
-4.4470
-4.8476
-4.7590
-4.4566
-4.9566
-4.3452
-3.9822
-3.6997
-3.0931
-3.4977
-3.6512
-3.7427
-2.4207
-3.1776
-3.1542
-2.3479
-1.7596
-1.6143
-0.4779
-0.9489
-0.1748
-1.5562
-0.8582
-2.1334
-1.6900
-2.3663
-2.5614
-2.2927
-2.9102
-2.8770
-2.2784
-1.6530
-1.2505
-1.2707
-0.5718
-0.1980
-0.7400
-0.4081
-0.8390
-0.5313
-0.4912
0.3361
0.1392
-0.5408
-0.2759
0.1419
0.0418
0.1148
0.8576
0.7986
1.4939
0.8772
1.2546
1.2616
2.0440
2.2074
2.1943
2.1940
2.6639
2.0356
2.3298
2.0126
2.2058
1.7515
2.6549
2.0292
3.0755
2.7010
3.3753
2.6711
2.8682
2.7556
2.3707
2.3268
2.4922
2.4066
2.5141
2.7974
3.7387
3.5042
3.7790
3.9574
4.1216
4.1533
4.3742
4.3200
4.4737
4.0886
4.1807
4.4981
4.5497
4.4406
4.3474
4.0992
4.0936
4.0637
4.2425
4.3807
4.5417
4.8473
4.9124
4.8029
4.8667
5.0106
5.1179
5.3765
5.2613
5.2163
5.2689
5.2999
5.7407
5.3899
5.7359
5.6720
5.9364
6.5446
6.2493
6.3496
6.3887
6.2793
6.2791
6.1648
6.3410
6.8700
6.2996
6.6367
6.2946
6.0716
6.0995
5.0581
5.5145
4.9987
4.3877
4.4027
4.6158
4.1578
4.0368
3.9516
3.6070
3.4937
3.5208
3.3752
3.6693
3.5820
3.4598
3.4946
3.5252
3.7442
3.4927
3.8070
3.6320
3.6672
3.7109
3.8956
3.8566
4.0019
4.2043
4.4935
4.3482
4.3686
4.3815
4.4424
4.4815
4.6050
4.8415
4.7632
4.7404
4.9257
4.8776
5.1753
4.9048
4.9070
4.9231
4.8413
4.8251
5.0712
4.8641
4.9713
4.9817
5.1351
5.1741
5.2130
5.3419
5.1104
5.1022
5.1563
5.5161
5.3401
5.3759
5.5514
6.9132
6.0492
6.5350
6.4548
6.2097
6.3716
6.5090
6.8444
7.0191
6.7960
6.7428
7.0754
7.0202
6.9038
7.2455
6.5988
6.3536
6.4041
6.3275
6.5937
6.2206
6.3965
6.0477
5.9283
5.7155
5.6023
5.7667
5.7988
5.5122
5.5301
5.4889
5.4820
5.6008
5.2311
5.0445
4.9584
4.8255
4.8537
4.6741
4.6467
4.4695
4.6526
4.3658
4.4003
4.1765
4.0951
3.8360
3.7196
3.6197
3.7527
3.5528
3.4487
3.3616
3.1809
3.0862
2.9693
2.8847
2.8103
2.8531
2.5881
2.3877
2.5274
2.1837
2.2024
1.9984
1.9823
1.7205
1.8253
1.4696
1.4686
1.1140
1.0152
0.8449
0.8067
0.7377
0.6645
0.6818
0.3088
0.4518
1.0205
0.3191
0.2206
0.5209
0.7607
0.3482
1.1949
1.5405
0.8173
1.1594
1.0914
0.7520
0.9726
1.6817
0.9822
1.6728
1.9053
2.0766
1.1202
1.3485
1.4986
2.2402
2.5798
1.8047
1.8620
1.9151
1.7934
1.8586
1.0174
0.6724
0.7136
0.9630
1.5111
1.0234
0.5740
-0.6007
-0.8114
-0.8654
-0.7158
-1.4784
-0.7452
-0.9612
0.0392
-1.7225
-1.5649
-1.8018
-2.1162
-2.4678
-2.9250
-3.1798
-3.9829
-3.9150
-3.3041
-3.7643
-3.1963
-3.8572
-3.6635
-4.1559
-3.9691
-3.0811
-3.8863
-3.7979
-3.9562
-3.9953
-3.7844
-4.2541
-3.8273
-3.5310
-4.1228
-3.6223
-4.0621
-3.3401
-4.0261
-3.5272
-3.2619
-3.6058
-3.4951
-3.9430
-3.7920
-4.2000
-4.3644
-4.6192
-4.8812
-4.9026
-4.9819
-4.7975
-5.5560
-5.5708
-5.7554
-5.6137
-5.9606
-6.0703
-5.9964
-5.9998
-5.9750
-6.2980
-6.6163
-6.7455
-6.7337
-6.7826
-6.8154
-6.7792
-6.5666
-6.7076
-6.5186
-6.3330
-6.3556
-6.3745
-6.2439
-6.1193
-6.0189
-5.8206
-5.5514
-4.7777
-3.8841
-3.0333
