2.55320763
2.83600251
3.12738547
3.39981663
3.64338839
3.73030463
4.00143699
4.36196324
4.75961277
4.53513125
5.08025124
5.25937036
5.56859262
5.77539934
6.12091869
6.44248027
6.56219054
6.66381360
6.69012001
6.66371784
6.86421103
6.99545150
7.54292189
7.71538211
7.64273602
7.92388091
8.02605966
8.54927414
8.77003523
9.01887026
9.08546079
9.15833852
9.47867653
9.83577236
10.55574250
10.07242411
10.69604746
9.85104671
11.18214810
10.38480981
11.32344620
10.69343107
11.80980482
12.02778028
12.01336999
12.14380096
12.34614360
11.75914342
12.49956456
11.97601718
12.35899355
11.92330288
12.61208740
12.72657987
12.14818742
12.53438159
12.96658166
13.10863505
13.17906210
13.74360199
13.98151073
14.30857106
14.54588381
14.76952721
15.00314736
15.28496300
15.47643923
15.00224869
15.77325262
15.99492236
16.08893991
16.24394310
16.35209752
16.44368549
15.73096363
16.51717547
16.60747056
16.72111187
16.92428984
17.76413036
17.89657765
16.93681345
17.04204108
17.80997261
17.91553660
16.93706311
18.03399543
17.06236558
17.81636709
17.28847898
17.43396450
17.22969169
19.13420992
18.56741459
18.69549908
18.53829753
19.66790030
19.67855660
18.71720871
18.08629771
18.75596643
19.71009466
18.49976056
18.55054218
18.63057464
18.81442295
18.69812856
19.51531806
19.54522542
19.49111480
19.63026566
19.62257344
19.63441665
19.66889571
19.74282827
19.80315420
20.20474305
20.00562284
20.14175497
20.23640392
20.14627122
19.88646077
19.86959365
19.50616982
19.50083525
19.45136950
19.59779380
19.94163786
19.96072518
20.01192112
19.67202391
20.10935128
20.16797380
20.22526604
20.30295540
20.21324960
20.08822471
20.11362359
20.19499765
20.58794231
20.14314896
20.07060328
20.04256982
19.33743721
19.34544270
20.01124902
20.04713322
20.05846424
19.02279211
18.48251052
