1.6570
1.7381
2.0546
2.4097
2.9012
3.1035
4.4600
4.0638
5.8274
5.1590
4.9211
5.2687
5.1332
4.8647
4.2489
3.6612
4.1173
3.8642
3.7710
3.1605
3.1826
3.5230
3.6250
3.8001
3.7140
3.6543
3.2677
4.2635
3.5642
4.0922
4.3957
3.6617
4.5794
4.2019
4.1288
4.1343
3.7567
4.2216
3.5886
3.7260
3.4367
3.3295
2.7545
2.4556
2.5425
1.8854
1.6397
1.5346
1.3698
1.2882
1.0199
1.0481
0.6736
0.5197
0.3542
0.1638
0.0098
0.0247
-0.2953
-0.3675
-0.5594
-0.5573
-1.0671
-1.3156
-1.1074
-1.3600
-1.3802
-1.1694
-1.3487
-1.3628
-1.5420
-1.5260
-1.6013
-1.7370
-1.7170
-1.9382
-1.7395
-1.9513
-1.8324
-2.2039
-1.7536
-1.9993
-2.0151
-2.0907
-1.9381
-1.8325
-1.9479
-1.6348
-1.4345
-1.1389
-1.0068
-0.5886
0.2148
0.7510
0.1762
0.5401
0.6194
0.9102
0.6785
0.4566
0.8507
0.2809
0.3723
-0.1568
0.0139
-0.3159
-0.7334
-0.9015
-0.7357
-1.1320
-0.9756
-1.3193
-1.4591
-1.2733
-1.6096
-1.6835
-1.4402
-1.8076
-1.9437
-1.6919
-1.7497
-1.6863
-1.2832
-1.0795
-1.3261
-1.1636
-1.0374
-0.5117
-0.5234
-0.6969
-0.5634
-0.7128
-0.8473
-0.7577
-1.1855
-1.2249
-0.9501
-1.4460
-1.5206
-1.5208
-1.0405
-1.6188
-1.5048
-1.6160
-1.4782
-1.2732
-1.2470
-0.9425
-0.9877
-0.8974
-0.7846
-0.4119
-0.2875
0.0761
0.0723
0.1044
0.3549
0.4867
0.5091
0.5927
0.9628
1.4694
0.8632
0.9220
0.6736
1.2611
1.3454
1.2957
0.9192
0.3169
-0.7538
-0.7209
-0.5870
-1.2320
-1.5517
-1.3845
-1.8352
-1.5784
-1.3213
-1.1322
-1.6269
-1.3914
-1.5568
-1.2716
-1.3788
-0.4836
-0.6001
-0.3490
-0.1335
0.0412
-0.6280
-0.2519
-0.6232
-0.7960
-0.7821
-0.4507
-0.4484
-0.5361
-0.0364
-0.2916
-0.2843
-0.7454
-0.7230
-0.9973
-1.0909
-1.1883
-1.1623
-1.2879
-1.3193
-1.3919
-1.4459
-1.3496
-1.5158
-1.4116
-1.3231
-1.6577
-1.3106
-1.3674
-1.3095
-1.4641
-0.9605
-0.7698
-0.5179
-0.3478
-0.2173
0.8217
0.1269
-0.0838
0.5905
0.4347
1.2161
1.7125
0.8304
1.3432
2.1538
2.4995
3.4248
2.8205
3.1337
3.1952
2.9321
2.5525
2.4484
2.4371
2.2155
1.6289
1.2818
1.1948
0.8273
0.4057
0.1818
-0.3148
-0.4876
-0.6103
-0.8574
-0.7791
-1.2100
-1.2773
-1.3587
-1.2837
-1.1749
-1.3208
-1.3856
-1.3618
-1.2257
-1.0807
-1.2232
-1.3177
-1.0597
-1.2847
-0.9556
-0.7660
-0.7492
-0.7279
-1.3951
-0.3624
-1.2452
-1.2690
-1.2712
-1.1907
-0.5775
-0.9712
-0.8579
-0.7703
-0.5497
-0.6149
-0.6373
-0.4647
-0.1366
-0.1518
0.0783
0.3684
0.2761
0.4168
0.1153
0.0209
0.0633
0.0772
-0.2471
-0.1477
0.0131
-0.3235
-0.5391
-0.5956
-0.4980
-0.7346
-0.7699
-0.6521
-0.4096
-0.5327
-0.4960
-0.4948
-0.4037
-0.1599
-0.1232
-0.0991
0.7505
0.9016
1.1075
0.8746
1.2182
1.4458
1.9537
2.5566
2.8746
2.8940
3.4581
3.1758
3.1966
3.1098
3.1834
2.7241
3.0863
2.9948
3.3493
3.0589
3.0496
2.5560
2.5799
2.2898
2.5945
2.4290
2.4864
1.7555
1.7635
1.9671
2.0724
2.1511
2.1115
2.6995
2.4981
2.4502
2.5319
2.3779
2.4957
2.1409
2.1196
2.0069
2.0977
1.6989
1.6319
0.8138
0.2431
-0.5486
-0.2259
-0.5764
-1.1687
-1.3207
-1.5824
-1.6448
-1.6606
-1.8971
-2.1235
-2.1850
-2.2802
-2.0947
-2.3497
-2.3484
-2.3566
-2.4359
-2.4783
-2.6152
-2.6872
-2.7649
-2.7350
-2.8519
-2.8363
-3.0296
-3.0668
-2.8982
-3.0651
-2.9757
-2.9384
-2.8708
-2.8196
-2.7071
-2.5950
-2.3721
-2.1402
-2.2147
-2.1837
-2.1895
-1.7142
-1.7851
-1.6621
-1.3778
-0.9452
-0.5408
-1.3471
0.3068
-0.0400
0.4857
0.1132
0.9385
0.3439
0.8790
0.7888
0.4149
0.5191
1.1929
0.7184
1.1419
1.6901
1.6907
1.4996
1.5673
2.5024
1.9022
2.1145
2.8842
2.2511
2.1012
2.6898
2.4006
2.2534
1.2643
1.8455
1.6050
1.7790
2.4525
1.9911
1.5510
1.7830
1.1701
1.0596
0.2269
0.2813
-0.3059
-0.5865
-0.9210
-0.7263
-1.4461
-1.6707
-1.8125
-2.1838
-2.3306
-2.3791
-2.5873
-2.8985
-2.8396
-2.6699
-2.7420
-2.7260
-2.8405
-2.4571
-2.6604
-2.3936
-2.2830
-2.2620
-2.1925
-1.6819
-1.9334
-1.6721
-1.4951
-1.5220
-1.4643
-1.6964
-1.3967
-1.8548
-1.5932
-1.8708
-1.9009
-1.7782
-2.0430
-1.9258
-1.8842
-2.0385
-2.1830
-1.8077
-2.1531
-2.1238
-1.8582
-2.2767
-2.3641
-1.7266
-1.8175
-1.6271
-1.7875
-1.4087
-0.9049
-1.1174
-0.8685
-0.7451
-0.4928
-0.1535
0.3418
0.4184
0.6796
0.8233
1.0881
1.1514
1.3655
1.5961
1.6096
1.6040
1.9856
2.4448
3.2687
2.3598
2.6617
1.6877
1.8279
1.8920
1.2750
1.4082
0.7175
0.8438
1.1654
0.3827
0.7263
0.5465
0.9852
1.6040
1.8319
1.9606
2.6806
2.3154
2.1867
1.5338
1.1233
0.9958
1.0336
0.9304
1.2359
0.8364
0.2970
0.5973
0.6107
1.0648
1.6993
1.3973
1.0814
1.4020
1.4100
1.0445
1.2926
0.9772
0.7044
0.9329
1.0849
1.2407
0.8066
0.4277
0.9075
0.5981
0.9522
-0.0456
0.2337
0.1910
0.0080
-0.5424
-0.2562
-0.7914
-0.6829
-0.7123
-0.7156
-0.5231
-1.0860
-1.2183
-1.0849
-1.3557
-1.3746
-1.5139
-1.5943
-1.7472
-1.4135
-1.7893
-1.7272
-1.4281
-1.2559
-0.6344
-0.7212
-0.2957
-0.1828
0.3050
0.5947
0.8992
0.8331
1.1397
1.4311
1.4025
1.2604
1.3017
2.1257
2.2081
1.8601
2.5266
2.3596
2.5320
2.7341
3.3861
3.4044
3.2422
3.7021
2.2660
3.3247
2.2074
2.3661
2.6361
3.3106
2.9560
3.1877
2.2014
2.1699
1.9801
1.9728
2.2623
1.8493
1.9954
2.2645
1.4993
0.7729
0.4647
0.6593
0.4812
0.2322
0.0231
0.0100
-0.2833
-0.4940
-0.4490
-0.5535
-0.9548
-1.1268
-1.1517
-1.2939
-1.1799
-1.5507
-1.3505
-1.5543
-1.5796
-1.5806
-1.3049
-1.4395
-1.3158
-1.2074
-0.9495
-1.0132
-1.0122
-0.7017
-0.8601
-0.6693
-0.6031
-0.5853
-0.3195
-0.8154
-0.5341
-0.7942
-0.6122
-0.9391
-0.5168
-1.0106
-0.8011
-0.5711
-0.5283
-0.5669
-0.4955
-0.4366
-0.2307
0.2147
0.6627
0.7006
0.8213
0.9824
1.1007
1.3222
1.0855
0.8154
0.6339
0.3435
0.0966
-0.1021
-0.1237
-0.1647
-0.3721
-0.4508
-0.3066
-0.5971
-0.3342
-0.2428
-0.3636
-0.4205
-0.4567
-0.5750
-0.5637
-0.4315
-0.6487
-0.4465
-0.6681
-0.6307
-0.6601
-0.5034
-0.1342
0.0118
0.3887
0.7087
1.1465
1.2988
1.4532
1.2127
1.2687
1.1035
0.7851
0.7526
0.5628
0.7580
0.7893
0.5971
0.4101
0.5137
0.7010
0.5191
-0.1259
-0.0367
-0.4571
-0.4433
-0.2755
-0.4168
-0.5084
-0.3835
-0.1261
-0.4573
-0.6542
-0.1191
-0.8753
-0.4321
-0.8630
-0.6560
-0.5934
-0.4693
0.1595
0.1072
0.3965
1.6675
1.2235
0.9000
1.7427
1.9108
1.5237
1.6461
1.9809
1.6897
2.9745
1.6189
1.7295
2.7088
2.4273
2.2747
2.0629
2.1869
1.8747
2.4966
3.1900
3.2980
3.4337
3.5429
3.6941
3.9901
3.9251
3.4198
3.1088
2.6416
2.8161
2.3538
2.8210
2.9709
2.4977
2.4862
2.1252
2.5802
2.2811
1.7795
1.5657
1.5229
1.2641
1.2877
1.0354
1.1816
0.6634
0.6327
0.4267
0.6053
0.3694
0.4575
0.4248
0.3764
0.4510
0.1641
0.1420
0.5541
0.2566
0.5804
0.4215
0.4422
0.6887
0.6292
0.9032
0.5804
0.3717
0.0467
-0.0243
-0.2511
-0.6238
-0.7219
-0.6962
-0.9898
-0.9270
-1.0666
-1.1706
-0.9090
-1.1431
-1.1773
-1.1446
-1.1933
-1.2641
-1.0345
-1.3065
-1.2336
-1.2258
-1.1765
-1.1446
-1.2031
-0.9851
-1.2441
-1.1798
-1.1114
-1.0725
-1.0363
-1.0323
-0.9182
-0.7225
-0.5343
-0.0657
-0.1779
0.1529
0.0870
0.2200
0.0638
0.1184
0.6246
0.7795
-0.1142
0.5345
0.4469
0.4164
0.8970
0.9324
0.9306
0.4695
1.1817
0.8827
1.3771
0.9640
0.7926
0.7294
0.9164
0.9770
1.2471
1.5275
1.0494
0.8633
0.9527
1.1501
0.9798
1.3169
1.2964
0.9513
1.0925
0.8668
0.9171
1.2819
1.0580
1.1727
1.4628
1.0970
0.8633
1.1845
0.7279
1.2458
0.7033
0.7742
1.0325
0.8518
0.9770
1.2003
1.4599
1.0752
1.5390
1.5437
1.3904
1.7364
1.3571
1.4414
1.6718
1.4158
0.5863
0.6157
0.6278
0.8524
1.0485
0.9555
0.7174
0.6994
0.8388
1.4417
0.9950
1.0712
1.2808
0.9336
1.6629
2.0268
2.1370
1.4895
1.4754
1.9153
2.7158
2.4523
3.4137
3.0888
2.5041
2.8746
2.8237
2.4185
1.8413
2.5024
0.9588
1.3872
-0.0011
0.9985
0.0362
0.0376
0.3301
-0.1184
-0.7689
-0.4878
-0.4725
-0.9694
-1.1536
-1.2407
-1.3477
-1.4099
-1.3648
-1.3798
-1.1595
-1.6019
-1.0677
-1.8356
-1.6081
-1.6883
-1.9360
-1.5478
-1.4920
-1.9233
-1.8853
-1.8356
-1.9563
-1.5320
-1.6013
-1.7627
-1.6074
-1.1876
-0.7574
-0.3782
0.1350
0.5931
0.6320
1.2770
0.7873
0.9768
0.7777
0.4746
0.7379
0.1891
0.1978
0.0321
0.2485
0.3080
0.2434
0.4702
1.0143
1.4345
2.0614
2.0818
2.6220
3.2035
2.7742
2.7143
3.6692
3.2521
2.6398
2.6814
2.0751
2.6231
2.0237
2.2941
1.8211
1.6540
1.5131
1.1035
0.7608
0.3608
0.0766
-0.0212
-0.0443
0.1977
-0.2436
-0.3044
-0.4872
-0.4578
-0.9000
-0.7383
-1.1359
-0.8062
-1.1680
-1.1075
-1.2870
-1.3784
-1.3610
-1.4270
-1.3821
-1.3737
-0.9362
-1.2540
-1.3185
-1.2681
-1.4353
-1.1559
-1.1452
-1.6137
-1.8181
-1.8565
-1.9164
-1.8943
-1.9318
-1.6642
-1.9244
-1.8422
-2.0301
-1.8040
-1.7216
-1.9079
-1.3729
-1.7632
-1.4499
-1.4618
-1.3263
-1.5804
-0.9836
-0.9949
-0.6593
-0.0339
-0.1633
0.3707
0.5819
0.9490
1.3487
0.9758
1.1502
1.4813
1.3021
0.9589
0.7213
0.6813
0.4334
0.2633
-0.0796
0.1221
-0.2048
-0.2617
0.0454
-0.2672
-0.4109
-0.5318
-0.2479
-0.6816
-0.6981
-0.8660
-1.0897
-0.9895
-1.4158
-1.4322
-1.1911
-0.6502
-1.0814
-1.2604
-1.1373
-1.5392
-1.6886
-2.0393
-1.6547
-1.8676
-1.5232
-1.5915
-1.6466
-1.9146
-1.9378
-1.9032
-2.0694
-2.1323
-1.6118
-1.8135
-1.1893
-1.1725
-0.2540
-0.5750
0.4935
0.4793
0.9205
1.3210
1.8047
1.4430
1.8747
1.5489
1.4497
1.2850
0.6806
0.6217
-0.0825
-0.4461
-0.7089
-1.0471
-1.2533
-1.1083
-1.4322
-1.2372
-1.5881
-1.6346
-1.5858
-1.6687
-1.0278
-1.5757
-0.8741
-0.4459
-0.7112
0.4630
-0.0817
-0.1836
-0.0887
0.3528
0.1817
-0.0911
0.5547
0.4007
0.2869
0.1692
-0.1041
-0.3310
-0.1617
0.0154
-0.1658
-0.0356
-0.2178
0.2090
-0.0301
0.8714
0.2941
1.0116
0.9335
1.1985
1.6308
1.7473
2.1153
1.8971
1.8829
1.9396
2.2436
2.0528
2.0220
2.0878
2.2794
2.1063
2.3386
2.5948
2.9716
3.1301
3.1128
3.4690
3.5114
3.4442
3.0127
3.3054
3.1174
3.0710
3.3101
3.3307
3.2208
3.2286
3.0189
2.9312
2.1516
2.1379
1.5403
1.5053
0.9011
0.9562
0.6364
0.8633
0.2490
0.6232
0.2345
0.2385
0.3550
-0.2671
0.4008
0.3408
0.6378
0.5794
0.4424
0.8371
1.3891
0.8382
1.2519
1.2110
1.3243
1.3023
1.7199
1.8248
1.9069
2.3570
2.1284
1.9375
2.3777
2.3021
2.3441
2.1618
2.4443
2.3620
2.0666
1.6816
1.5402
1.5535
1.3758
1.6816
1.8608
1.2330
1.3472
0.9124
1.4620
1.0807
1.3361
0.9851
1.0021
0.7493
0.8608
1.4677
1.6496
2.5245
2.5921
3.4039
1.9824
2.1638
1.9660
1.1230
1.0593
1.0572
1.0082
1.0813
0.7724
0.6850
0.8574
0.7488
0.7506
0.6729
0.3690
0.3188
0.3256
0.0549
0.2167
0.4453
0.5416
0.4861
0.6596
0.6791
0.1154
-0.0407
0.2043
0.0235
-0.1483
-0.6559
-0.4384
-0.2019
-0.3181
-0.4266
-0.0876
-0.3485
-0.1056
-0.5950
-0.2761
-0.7104
-0.9245
-0.9667
-1.2831
-1.2460
-1.7796
-1.6695
-1.7371
-1.4985
-1.7638
-1.7810
-1.6355
-1.6969
-1.5972
-1.6828
-1.4351
-1.6710
-1.5998
-1.7299
-1.7271
-1.8272
-1.8566
-1.8545
-1.7295
-1.9643
-1.9824
-1.9017
-1.8701
-1.8120
-1.8285
-1.8482
-1.6375
-1.8529
-1.7391
-1.7708
-1.6748
-1.7216
-1.6502
-1.6085
-1.4032
-1.6227
-1.6104
-1.5119
-1.4081
-1.3310
-1.2783
-1.1081
-1.1660
-1.1577
-0.9796
-0.7013
-0.7482
-0.6828
-0.6147
-0.5300
-0.4823
-0.3712
-0.0295
0.1615
0.3345
0.3614
0.2178
0.5046
0.5848
1.5326
1.3015
1.0799
2.0453
1.5609
1.5024
1.8849
1.4751
1.7222
2.3296
1.7777
2.5444
1.6172
2.0634
2.0028
1.4465
1.4011
2.7358
2.1685
2.4027
2.2918
2.6841
3.0843
3.5968
3.7659
3.1574
2.6898
2.3436
2.1191
2.5897
3.1991
3.0461
2.9291
2.6084
2.5701
1.2859
1.2866
0.9305
0.6211
-0.2910
-0.5811
-0.5231
-1.0652
-1.0251
-1.4362
-1.7416
-1.9012
-1.9474
-1.7594
-1.9303
-1.9094
-1.8295
-1.8373
-1.7852
-1.8138
-1.7777
-1.7392
-1.5185
-1.4840
-1.2959
-1.0938
-1.1653
-1.0506
-0.7564
-0.8190
-0.7003
-0.5030
-0.4423
-0.2072
-0.0926
0.1431
0.6855
1.0728
1.3373
1.4988
1.2303
0.9151
1.5687
0.9478
1.6025
1.3562
1.3283
0.9786
1.1336
0.7077
0.3121
0.4744
0.5072
0.2640
0.4198
0.2972
0.5938
0.7725
0.7113
1.1907
1.3239
1.4680
1.5158
1.2376
1.8409
2.1475
2.2911
3.1975
3.1119
3.2465
2.5606
2.6664
2.1561
1.7023
1.4082
1.3355
1.1331
0.8575
0.4280
-0.0025
-0.0807
-0.0603
-0.1526
-0.3481
0.0844
-0.1663
0.7152
-0.2064
0.2920
0.2349
-0.0018
-0.1609
-0.6929
-0.4867
-0.6304
-0.7923
-0.4771
-0.4224
-0.7228
-0.7388
-1.0900
-1.0174
-1.0670
-1.3362
-1.6235
-1.6249
-1.7663
-1.5764
-1.5960
-1.0209
-1.8152
-1.8048
-1.8114
-1.0815
-1.3656
-0.5570
-0.2336
-0.7273
-0.3277
0.0772
-0.1595
0.0543
-0.2446
-0.1662
-0.0829
-0.0851
0.2520
-0.0722
0.5379
0.7567
1.0657
1.0714
1.2312
1.7614
1.4771
1.9114
1.2328
1.3772
1.2573
1.2915
1.2014
0.9663
0.5547
0.0989
-0.1180
-0.6367
-1.1382
-0.8585
-0.8199
-1.0338
-0.1163
-0.1311
0.1845
0.0751
0.4794
0.8935
0.7877
0.1742
1.0270
0.9557
1.5044
2.0853
1.8519
1.2623
1.2923
0.8381
1.2732
0.3424
0.6518
0.0378
-0.0105
-0.3015
-0.4844
-0.6080
-0.9780
-0.8812
-1.0676
-1.3900
-1.5674
-1.6394
-1.6945
-1.6786
-1.6975
-1.4099
-1.4419
-1.2709
-0.9911
-0.7232
-0.2645
-0.1073
-0.0866
0.0770
-0.1686
-0.1507
-0.4702
-0.2451
-0.5543
-0.6189
-0.6168
-0.9559
-0.8564
-1.2046
-0.8772
-1.3614
-1.4011
-1.6330
-1.5701
-1.9173
-1.6328
-1.8372
-1.8184
-1.9321
-2.0240
-2.1893
-1.9594
-2.0438
-1.7929
-2.1275
-1.9295
-1.7373
-1.8507
-1.6134
-1.3888
-1.2932
-1.3816
-1.3426
-1.4177
-1.3117
-0.5700
-0.8480
-0.2972
-0.7172
-0.7646
-0.7104
-0.2471
-0.2797
-0.7521
0.0285
-0.1402
0.8606
-0.0598
0.4455
0.1572
0.2339
1.1201
0.8614
1.0811
1.9396
1.6763
1.7003
2.4653
2.3254
3.5043
3.3303
4.2107
4.1275
4.7129
4.6871
4.8738
4.9200
5.5645
5.3090
5.3283
5.4677
4.2583
3.9925
3.4078
2.7134
2.2152
1.7064
1.5397
0.8033
0.8644
0.3693
0.1471
0.0085
-0.0562
-0.0364
-0.5433
-0.5854
-0.0761
0.0254
0.3627
0.3440
0.5905
0.6003
0.4651
0.5029
1.4269
0.5690
0.5046
0.3692
0.1893
0.0250
-0.0112
0.0201
0.1965
0.0110
-0.0194
-0.1345
-0.2719
-0.5553
-0.8506
-0.7326
-1.3671
-1.6020
-1.7820
-1.8741
-2.0432
-1.9567
-2.0263
-2.0930
-2.5796
-2.2173
-2.6329
-1.8205
-2.4464
-2.2655
-2.2557
-2.0500
-1.8566
-1.6304
-1.1082
-0.8941
-0.4948
0.0335
0.0904
0.9550
0.9638
1.4412
1.4170
1.6097
2.0217
1.6085
2.3087
1.8629
2.1879
2.0930
2.6071
3.2707
2.6989
3.0672
3.1286
3.0435
3.0430
2.8726
2.5865
2.4493
2.5849
3.8564
3.4308
5.4228
5.3494
5.4081
6.3919
5.8722
5.9265
6.5597
5.2145
5.6379
4.6000
4.5527
4.4616
3.0273
3.3525
1.9752
2.0340
1.5487
0.8477
1.0756
0.7115
0.7809
0.3969
0.3529
-0.1693
-0.0048
-0.3351
-0.1517
-0.6778
-0.9532
-1.2679
-1.3241
-1.1587
-1.6741
-2.2058
-2.4354
-2.0297
-2.6866
-2.4895
-2.8461
-2.9142
-2.9124
-2.9259
-2.6322
-2.7015
-2.7150
-2.6848
-2.7745
-2.4006
-2.7414
-2.8255
-2.8300
-2.9715
-2.8722
-2.7230
-2.6435
-2.8222
-2.4841
-2.4997
-2.7367
-2.9191
-2.8734
-2.8993
-2.7553
-2.7926
-2.7098
-2.2584
-2.4641
-2.5302
-2.1439
-1.8028
-2.1832
-2.1582
-2.4872
-2.4124
-2.4732
-2.5798
-2.1168
-2.4513
-2.0844
-1.6804
-1.7677
-2.1397
-0.9880
-1.9437
-1.0068
-0.8183
-0.7927
-0.7723
0.3557
0.4178
0.8944
0.6013
1.0250
0.8122
0.7288
0.9194
0.8639
1.2038
1.3722
1.6422
1.1898
1.5172
0.9599
1.3474
0.9829
1.0583
1.0578
1.0813
1.1480
1.1567
0.7694
0.8686
0.9149
0.6020
0.3340
0.1859
-0.1892
-0.3176
-0.8319
-1.0354
-1.2156
-1.3596
-0.9691
-1.1877
-1.6024
-1.2338
-1.2547
-1.0102
-1.1637
-1.5854
-1.7825
-1.9846
-1.9044
-2.0635
-1.9733
-2.0605
-1.1788
-1.5626
-1.5912
-0.7992
0.1984
0.5788
1.0964
1.7800
2.0968
2.7113
2.0018
2.8121
2.4476
2.5943
2.0737
2.4351
1.8929
1.6123
1.3767
2.2257
1.7212
1.5480
1.3397
0.6669
0.6232
0.3001
-0.0767
-0.3027
-0.3374
-0.8275
-0.7648
-1.3999
-1.6026
-1.7701
-1.6108
-1.7113
-1.5737
-1.6862
-1.8389
-1.9033
-1.5524
-1.9640
-2.0941
-1.9423
-2.1943
-2.1948
-1.7483
-1.8562
-1.9550
-1.5128
-2.0508
-1.3606
-1.7837
-1.3536
-1.5890
-1.6028
-1.4497
-1.4150
-1.0871
-1.2543
-0.6605
-0.8855
-0.7346
-0.6911
-0.5536
-0.2683
-0.8812
-1.0944
-1.0129
-0.9929
-0.6773
-0.6616
-0.2857
-0.2576
-0.1231
-0.1619
-0.0490
-0.1945
0.0392
0.0850
0.2328
0.3543
0.1687
0.3246
0.7420
0.6828
0.7864
0.7075
0.6677
0.3393
0.0290
0.2555
0.1950
0.0594
0.5982
1.0831
0.7231
0.2331
0.1560
-0.0095
0.5582
-0.2945
0.2646
-0.2968
-0.7238
-1.1624
-1.2270
-1.5867
-1.6968
-1.3816
-1.6912
-1.6253
-1.4725
-1.5966
-1.2578
-1.7272
-1.7074
-1.5688
-1.7587
-1.5777
-1.6889
-1.7085
-1.6493
-1.7150
-1.7531
-1.8016
-1.8471
-1.6859
-1.8965
-1.7920
-1.8291
-1.7167
-1.8324
-1.7965
-1.8563
-1.5779
-1.8529
-1.8373
-1.9215
-1.9219
-1.9003
-1.8888
-1.6839
-1.8084
-1.6588
-1.5202
-1.4156
-1.3785
-1.0834
-0.7246
-0.8158
-0.6788
-0.4605
-0.6966
-0.8599
-0.0313
-0.2509
0.4190
0.4495
0.1724
0.7616
0.3442
0.4663
0.9305
0.8047
0.8783
1.1278
0.8831
0.9832
0.6120
1.0023
0.2798
-0.0183
0.0640
-0.4855
-0.2127
-0.7141
-0.7505
-0.8299
-0.5084
-1.0497
-0.9063
-1.0513
-1.2430
-1.2628
-1.3653
-1.6590
-1.4141
-1.9772
-1.9072
-2.0385
-1.5889
-1.9046
-2.0005
-2.2776
-2.1314
-2.2313
-2.5036
-2.2670
-2.4946
-2.2818
-2.2797
-2.0444
-2.0653
-2.3770
-1.9383
-2.1545
-2.0815
-1.5032
-1.1300
-0.9482
-0.2723
0.0115
0.5106
1.8297
1.4085
1.8614
1.8914
1.7423
1.2646
1.8113
1.7648
1.8708
3.7393
3.9401
3.4330
2.7188
2.4193
3.2322
3.0471
3.7554
3.6121
3.4382
3.4902
3.1090
2.6833
1.5734
1.4040
1.3516
0.6010
-0.2968
-0.6021
-0.1598
-0.6198
-0.4873
-0.5691
-0.5148
-0.1244
-0.5942
-0.6662
-0.7857
-0.7810
-0.5305
-0.7860
-0.8677
-0.7144
-0.6609
-0.9387
-0.9606
-0.9552
-1.1077
-0.8054
-1.1137
-0.9669
-0.9678
-0.6435
-0.8317
-0.6023
-0.5836
-0.6149
-0.5426
-0.5713
-0.3289
-0.3594
0.0153
0.0112
0.0815
0.1331
0.1817
0.2984
0.0624
0.1629
-0.0865
0.0154
0.1491
0.0944
0.2517
0.4748
0.3264
0.3175
-0.0235
-0.2012
-0.1892
-0.5611
-0.7265
-0.7384
-0.9472
-0.7644
-1.0114
-1.0532
-0.9892
-1.0145
-0.7859
-0.8461
-0.8666
-0.8598
-0.9116
-0.6491
-0.6905
-0.3830
-0.5883
-0.1595
-0.1983
-0.4794
-0.0124
0.0613
0.2853
0.3465
0.7140
0.9460
0.8455
1.3115
1.2569
1.2438
1.4003
1.4436
1.6029
1.7358
1.5432
1.3188
1.4300
1.8031
1.4209
1.9274
1.4399
1.4367
2.0955
1.6549
1.9775
2.1695
1.9395
2.3957
2.2272
2.5348
2.3436
2.3818
1.7366
1.6782
1.7589
1.3367
1.4992
0.8470
1.4026
1.0356
0.7047
0.7676
0.3415
0.4276
0.7787
0.2985
0.0277
0.0011
-0.4426
-0.3548
-0.6712
-0.6588
-0.3572
-0.3358
-0.4577
-0.5340
-0.3527
-0.5404
-0.1347
-0.1221
-0.1205
-0.4765
-0.1046
-0.3033
-0.1349
-0.3565
-0.4338
-0.2647
-0.0380
-0.1778
-0.3932
-0.4185
-0.7072
-0.2211
-0.1316
-0.6828
-0.4091
-0.9316
-0.8862
-0.9882
-0.4544
-0.7105
0.1182
-0.0601
-0.1110
0.1032
0.3222
1.1509
0.7771
1.6489
1.5397
1.4810
1.4289
0.5677
0.9824
0.1996
0.6117
0.5843
0.5467
0.6377
0.9156
0.7936
0.5323
0.9115
1.3302
2.5819
2.3809
3.4170
3.5446
3.1730
2.5807
3.1251
3.2605
2.9482
2.5697
2.1313
2.2928
1.7631
1.5975
1.4290
1.4433
1.1841
1.8270
0.7548
0.7262
0.3454
0.4240
0.1357
0.1064
0.1815
0.1511
0.2363
0.5094
0.4230
0.5631
0.7324
0.8505
0.6761
0.6594
0.9686
0.6906
0.0715
0.0964
-0.6309
-1.2088
-1.4125
-1.6629
-1.9643
-1.8113
-2.0012
-1.7149
-1.9536
-2.1185
-2.1634
-2.1894
-1.7311
-1.5943
-1.6390
-1.7437
-1.6103
-1.8251
-1.9554
-1.9918
-1.9753
-1.7651
-1.6719
-1.4978
-1.3040
-1.5209
-1.2990
-1.3335
-1.1390
-0.4878
-0.5925
-0.5792
-0.2148
-0.4034
-0.4136
-0.9364
-0.9213
-0.1371
-0.7930
-0.6153
-1.0540
-1.1140
-0.5757
-1.1892
-1.4368
-1.2488
-1.3041
-0.7989
-0.7985
-1.0113
-0.0988
0.2307
-0.2146
0.6294
0.6426
1.0168
0.8567
1.1962
0.6892
1.4673
1.0803
1.2104
1.8294
1.6927
2.4915
2.0079
1.8415
1.8507
1.9082
1.6616
2.4486
2.4021
1.9360
1.7269
1.5746
1.9173
1.5613
1.6657
0.3313
0.8013
0.3174
0.3057
0.3417
0.1037
0.1077
-0.2480
-0.3107
-0.0875
-0.0321
0.1008
0.2605
0.1655
0.1889
-0.0720
-0.1706
-0.3116
-0.4516
0.2430
-0.9146
-0.7408
-1.0082
-0.8791
-0.5612
-0.4952
-0.6394
-0.7203
-0.8047
-0.8608
-0.9050
-1.0016
-0.9768
-1.2013
-1.2491
-1.4957
-1.5673
-1.6898
-1.7599
-1.8602
-1.7151
-1.9193
-2.0043
-1.8424
-2.2013
-2.3061
-2.4390
-2.5488
-2.6272
-2.6860
-2.7015
-2.5353
-2.7770
-2.7387
-2.8586
-2.6497
-2.9490
-2.7285
-2.8778
-2.7330
-2.6731
-2.4931
-2.0402
-2.0046
-1.9982
-1.7207
-1.9143
-1.9883
-1.3563
-1.0805
-1.3306
-1.5096
-1.5357
-0.9260
-0.9363
-0.4044
-1.1672
-1.0025
-0.7666
-0.8276
-0.6942
0.1508
-0.1094
-0.2681
0.6410
0.2083
1.5290
0.8673
1.2402
1.1659
1.8151
2.3389
2.6169
2.7763
2.4809
2.7048
2.7313
3.5451
3.3488
3.4059
3.4800
3.6508
3.6448
4.3832
3.7596
4.3257
3.4714
3.7432
3.1134
2.6306
2.2220
2.3700
1.3042
0.7315
0.1574
-0.4432
-0.6162
-0.4138
-0.9821
-1.1050
-1.3164
-1.4287
-1.4161
-1.6577
-1.6060
-2.0427
-2.1785
-2.2525
-2.2768
-2.5473
-2.3086
-2.4705
-2.3144
-2.1270
-2.1279
-2.4127
-2.2659
-2.1308
-2.0172
-2.0347
-2.2752
-1.7250
-1.8797
-1.0423
-1.5521
-1.4596
-1.5639
-1.6992
-1.4684
-0.9204
-1.2384
-1.1758
-1.3141
-1.0730
-0.3030
0.6371
-0.3822
-0.3357
-0.6006
-0.2201
-0.4057
-0.3116
0.2366
-0.1389
0.8801
0.4688
0.8014
0.5936
0.6940
1.0817
1.8159
2.5545
2.8619
3.2607
4.1471
4.6569
5.2276
6.1859
6.7373
6.5550
6.0182
5.8911
5.4190
4.8927
4.3863
4.3198
3.7859
4.0146
3.4025
2.7926
2.4786
2.5503
1.9158
2.0102
1.8195
1.4505
1.4058
0.8359
1.3163
0.9277
1.3046
1.2093
1.8401
1.1655
1.3622
0.9370
0.7604
0.3681
0.3473
-0.1945
-0.4294
0.2311
-0.2804
-0.4792
-0.4644
-0.4971
-0.8800
-0.4210
-0.5610
-0.3543
-0.9403
-0.9411
-0.9495
-0.8726
-0.9859
-0.8131
-1.2586
-1.3449
-1.1876
-1.4746
-1.5397
-1.6107
-1.7297
-1.6139
-1.9330
-2.0848
-1.9176
-2.1908
-2.1648
-2.0247
-2.0718
-1.6426
-2.0366
-1.7158
-1.3716
-1.1403
-0.8080
-0.5981
-0.3494
-0.4118
-0.2086
-0.1215
0.1099
-0.3450
-0.4807
0.0260
-0.3149
-0.0025
-0.0079
0.6441
0.8811
0.8031
0.6143
0.4237
0.5952
0.5069
0.5200
0.3580
-0.3206
-0.3295
-0.3395
-0.5444
-0.7598
-1.2700
-1.5839
-1.6336
-1.1697
-1.1191
-1.3718
-1.1715
-1.2569
-1.1688
-0.7756
-1.0539
-0.1198
-0.6775
-0.5447
-0.0828
-0.2186
-0.1747
1.0797
0.8445
0.7482
-0.3298
-0.0245
-0.2994
-0.3370
-0.0271
-0.1815
0.0903
-0.1584
0.0846
0.6176
0.4620
0.5872
0.8835
0.7504
1.3941
1.1933
1.6576
1.4907
1.8826
1.3675
1.5961
1.5103
1.4054
1.2944
1.3787
1.3812
1.6408
1.6163
1.6283
1.4120
1.5556
0.9329
0.9222
0.6477
0.3834
0.1953
0.3354
-0.0125
0.0196
0.2785
0.0682
0.2280
0.0971
-0.3353
-0.4484
-0.3681
-0.7185
-0.5431
0.5100
0.4561
0.4303
0.4757
0.0311
0.4612
-0.3467
-0.4255
-0.9953
-1.4592
-1.6981
-1.5754
-1.6980
-2.0509
-2.0637
-2.0934
-1.9073
-2.5887
-2.5021
-2.7717
-2.7790
-2.6199
-2.6430
-2.5987
-2.5794
-2.5726
-1.8765
-2.0534
-1.4296
-1.2081
-1.8163
-1.3676
-1.0777
-0.8329
-1.5018
-1.8146
-0.4645
-1.3414
-0.7079
-0.1191
-0.6354
-0.8753
-0.4139
-0.0063
-0.0779
0.5182
0.1597
1.1659
0.1437
1.2722
0.4774
0.5658
0.6447
0.4870
1.1132
0.1748
0.7948
1.3517
1.0682
0.7445
0.0255
-0.0852
-0.6276
-0.7045
-0.8945
-0.8151
-1.2385
-1.3315
-1.5950
-1.4244
-1.6609
-1.9149
-1.9461
-1.7885
-1.6571
-1.7892
-1.9067
-1.9073
-1.7929
-1.7570
-1.6549
-1.5255
-1.4305
-1.2534
-1.5243
-1.6418
-1.5496
-1.3879
-1.8982
-1.5333
-1.7248
-1.8427
-2.0926
-2.0567
-2.0730
-1.6444
-1.8142
-0.8947
-1.0292
-1.0872
-1.0516
-0.5805
-0.6687
0.2859
0.7206
1.5589
2.1902
2.8243
3.5294
4.3540
5.3439
5.5787
6.1524
6.1913
6.7384
6.7905
6.8081
5.9683
5.9519
4.9971
4.0897
3.1847
2.4294
2.5370
1.8267
1.4186
0.9790
1.1063
0.9195
0.9033
0.7033
0.2917
0.1283
0.4953
0.1135
0.0687
-0.2379
-0.3354
-0.1911
-0.3833
-0.6008
-0.5401
-0.5319
-0.8849
-0.8793
-0.9562
-1.0231
-1.2460
-1.4220
-1.5927
-1.7286
-1.5670
-1.9181
-2.0072
-2.1660
-2.2179
-2.1817
-2.0545
-1.7883
-1.9778
-2.0352
-2.1238
-2.1152
-2.1896
-2.1846
-2.2438
-2.3077
-2.3800
-2.4211
-2.4597
-2.4559
-2.2997
-2.4025
-2.5740
-2.5223
-2.7208
-2.6373
-2.5153
-2.3797
-1.9740
-2.2025
-2.0340
-1.7717
-1.3136
-1.5692
-1.1804
-2.0838
-1.3917
-0.7266
-0.6690
-0.7675
-0.5235
-0.8150
-1.0413
-1.0516
-1.1422
-1.2232
-0.9451
-1.2674
-0.8588
-0.8843
-0.7244
-0.8198
-0.6546
-0.8342
-0.9719
-1.2282
-1.4455
-1.6344
-1.8354
-1.2924
-2.0319
-2.1183
-1.9190
-2.2610
-2.1832
-2.0875
-2.2114
-2.1258
-2.1840
-1.9076
-2.2000
-2.1635
-2.0416
-1.8107
-1.8143
-1.8379
-1.4445
-1.5496
-1.3932
-1.1110
-1.6819
-1.4840
-1.4921
-1.8441
-1.3570
-2.0192
-2.3207
-1.1491
-1.6594
-0.8932
-1.2675
-0.4311
-0.8039
-0.3873
-0.7834
-0.8715
-0.3834
-1.0453
-1.2297
-1.0431
-0.8524
-0.6804
-0.4700
-0.9300
-1.2317
-1.3836
-1.2645
-1.5523
-1.6195
-1.5717
-1.7737
-1.8094
-1.7802
-1.7624
-1.8407
-1.8345
-1.6274
-1.6117
-1.5718
-1.3932
-1.3694
-1.4427
-1.2917
-1.6745
-1.7104
-1.8849
-2.0490
-2.2443
-2.4678
-2.3119
-2.6574
-2.7001
-2.7687
-2.8254
-2.6820
-2.6962
-2.9593
-2.9794
-2.9298
-2.9347
-2.7963
-2.8968
-2.9014
-2.7805
-2.9871
-2.9233
-2.6735
-2.6653
-2.5373
-2.3107
-1.8788
-1.7410
-1.3630
-0.9407
0.1076
0.2193
1.0065
1.4992
1.8260
2.1955
2.6426
3.1736
2.9557
3.2462
2.2350
2.3129
1.9911
2.2184
2.2443
1.1543
2.0009
2.0182
1.7410
1.2410
2.2866
1.1695
1.1801
1.6533
1.9680
3.1728
2.5809
2.7091
2.5487
2.9780
2.3670
2.4898
1.9115
1.2725
1.3544
0.7120
-0.1510
-0.6385
-1.3809
-1.5725
-1.3633
-1.1522
-1.4777
-1.0528
-1.3501
-0.9503
-0.7820
-0.8083
-0.7631
-0.7129
-0.8285
-0.7322
-1.1008
-1.2228
-1.4035
-1.4952
-1.5179
-1.2660
-1.2113
-0.9113
-0.7115
-0.1513
-0.3338
0.7909
0.1584
0.3502
0.6239
-0.2317
-0.7127
-0.8764
-0.4193
-1.1112
-1.2079
-1.4596
-1.4198
-1.1045
-1.7198
-1.5733
-1.4317
-1.0917
-0.5877
-0.9694
-0.1520
0.0570
0.0232
0.4282
0.6491
0.8167
1.2651
1.4116
1.4348
2.1250
1.7868
2.1986
3.0682
3.2586
3.5264
4.6887
3.5167
3.4783
2.7495
2.2150
2.0083
2.0350
2.3159
1.6846
1.0817
1.5254
0.9340
1.2186
0.8915
1.8508
1.2931
1.4700
1.7188
2.4274
2.4308
2.3055
2.5002
2.0550
1.6783
2.2716
2.5135
2.6274
1.2143
1.0467
0.7665
0.4799
0.0117
-0.3963
-0.3847
-0.5080
-0.2472
-0.3491
-0.6437
-0.6528
-0.9155
-1.3949
-1.4794
-1.8290
-1.8914
-1.7157
-1.8402
-2.1604
-2.2175
-2.2415
-2.5679
-2.6467
-2.5862
-2.7290
-2.5390
-2.9394
-2.9516
-3.0484
-3.0717
-3.1775
-2.9962
-3.0570
-3.2612
-3.2764
-3.2458
-3.1361
-2.8911
-2.9239
-2.9227
-2.8505
-2.8275
-2.7969
-2.6944
-2.3914
-2.4381
-2.2939
-2.1414
-1.0140
-1.0943
-0.9844
-1.4767
-0.5313
-0.9121
-0.4157
-0.9660
0.3991
-0.4377
-0.1415
0.5395
0.1905
1.2557
1.2212
1.6617
1.7613
2.8796
2.6444
3.2233
2.3802
2.8478
3.0677
2.4598
2.4040
2.3460
2.2611
1.7584
1.9353
2.1649
2.0047
1.7739
1.5704
1.6571
1.8396
1.6547
1.8949
1.8363
1.8081
2.7690
2.5799
2.7980
2.1525
1.6182
0.8255
0.5580
0.4120
-0.2363
-0.6392
-0.7907
-0.9981
-1.1465
-1.0081
-1.2206
-1.1903
-0.9743
-1.2792
-1.2514
-1.2284
-1.1657
-1.5112
-1.3979
-1.3545
-1.4507
-1.3493
-1.3157
-1.3185
-1.3638
-1.1121
-1.2918
-1.1879
-1.2558
-0.9516
-1.3005
-1.2858
-1.4304
-1.2878
-1.4898
-1.5176
-1.5622
-1.7074
-1.8271
-1.7085
-1.1477
-1.9211
-1.7983
-1.9839
-0.9700
-1.1952
-1.0688
-1.1883
-1.2186
-1.3535
-1.4127
-1.2884
-0.9672
-1.0174
-0.8227
-1.0398
-0.7900
-0.2648
-0.4577
0.3685
-0.0628
0.3136
0.2570
0.7675
0.2743
0.6056
0.4845
0.7612
0.5388
0.3848
0.6648
0.5646
0.0450
0.1427
0.3314
0.1783
0.4125
0.4209
0.1702
0.3088
-0.0252
-0.0435
0.1892
0.0215
-0.0082
0.3946
0.1357
0.3930
0.3391
0.3423
-0.1217
-0.1897
-0.3444
-0.4556
-0.5405
-0.9268
-0.8982
-0.9820
-1.1291
-1.2577
-1.2315
-1.3775
-1.2654
-1.5849
-1.5616
-1.7832
-1.8328
-1.7122
-1.6756
-1.6108
-1.6282
-1.3591
-1.4968
-1.2107
-1.3610
-1.1882
-0.7128
-1.3730
-0.8270
-1.3038
-1.1133
-1.0602
-1.3210
-1.2434
-1.1692
-1.2078
-0.9452
-0.7793
-1.1914
-0.9109
-0.9016
-0.9156
-0.7725
-0.7104
-1.0256
-1.0950
-1.1410
-0.9678
-0.8514
-0.6024
-0.8263
-0.7706
-1.0664
-1.1833
-1.0838
-1.1102
-1.1636
-0.8320
-0.4202
-0.2769
-0.4063
-0.6921
-0.4029
-0.4457
-0.1352
-0.4698
-0.0366
-0.3936
0.1026
-0.5180
-0.7752
-0.2754
-0.2006
0.0005
0.2695
0.7324
0.6048
0.9190
1.7713
1.6835
1.9998
2.0211
2.5984
2.4591
2.3309
2.3707
2.3464
1.9886
1.9015
1.8252
1.9825
1.9564
2.0676
2.5749
2.3755
2.2985
2.2787
2.4002
2.8290
2.5615
2.1442
1.9707
1.9786
1.8299
1.2762
1.6612
1.0762
0.8413
1.0054
1.0453
0.7959
0.2212
0.1072
-0.2932
-0.1856
-0.3871
-0.7159
-0.3440
-0.7804
-0.5997
-0.2310
-0.5837
-0.3736
-0.6873
-0.5222
-0.6465
-0.5260
-0.5685
-0.5000
-0.5291
-0.0684
0.0590
0.1549
0.1523
-0.3684
-0.0700
0.1585
1.0314
1.1025
2.0590
1.7650
1.8283
1.5543
1.8800
1.7745
1.7813
1.3334
1.3434
1.0919
1.1901
1.4221
0.7761
0.8359
0.7458
0.4184
0.1565
-0.0444
-0.3473
-0.8393
-1.0775
-0.8500
-1.4138
-1.1839
-1.0798
-1.2960
-1.3136
-1.5287
-1.4087
-1.4122
-1.3285
-1.4006
-1.2891
-1.5802
-1.9157
-1.8675
-1.7057
-1.0410
-1.1012
-1.3028
-1.3525
-1.1000
-1.4115
-0.7821
-0.9414
-0.3490
-0.4225
-0.1002
-0.0880
-0.7433
-0.7653
-0.7222
-0.4794
-0.7813
-0.9430
-0.8902
-1.1404
-0.6603
-1.0435
-0.9294
-0.8241
-0.3678
-0.6732
0.0868
-0.3338
0.2067
0.6716
1.0349
2.0068
2.5273
3.0456
3.1523
4.0251
4.4876
4.8111
5.5294
5.2472
5.2333
4.4691
4.4882
3.5014
3.6642
2.8915
3.3357
2.8879
2.7552
2.7467
2.2771
2.4760
1.5061
2.0135
0.9029
0.9686
0.5229
0.6083
0.0979
-0.3470
-0.1977
-0.5045
-0.7301
-0.6584
-0.7336
-0.7549
-0.8538
-0.8918
-0.8637
-0.8690
-0.7764
-0.2631
-0.2475
-0.5502
-0.4908
-0.4163
0.8794
0.1220
0.6007
0.1542
0.2722
0.6563
0.3129
0.4853
-0.0441
0.3018
0.5474
0.2880
-0.1607
-0.5129
0.0098
-0.4631
0.0831
0.3968
0.2630
0.2910
0.0323
-0.2679
0.0186
0.1827
-0.0357
-0.0655
0.2770
0.2409
0.1292
0.1862
-0.5321
-0.8857
-1.3244
-1.3619
-1.7662
-1.7588
-1.9096
-2.0711
-1.8613
-2.0436
-2.2752
-2.0766
-1.9992
-2.1915
-2.1275
-2.1137
-2.1109
-2.1551
-2.2296
-2.3249
-2.4241
-2.2830
-2.5771
-2.5320
-2.6429
-2.4493
-2.7680
-2.8396
-2.8697
-2.9143
-2.9188
-2.9424
-2.9623
-3.0210
-2.9993
-3.1162
-3.1561
-3.3065
-3.1952
-3.4410
-3.5401
-3.5889
-3.3238
-3.7896
-3.6826
-3.5848
-3.4988
-3.5834
-3.2957
-3.5658
-3.7395
-1.8064
-2.0496
-2.7662
-2.1857
-2.1977
-1.5766
-1.2501
-0.7499
-1.1508
-1.0550
-0.3915
-0.2284
-0.7720
-0.2440
-0.5091
-0.0767
0.4748
0.6844
0.8033
2.0632
1.8667
2.1788
2.7308
2.4087
2.5884
2.9958
2.6478
2.0190
2.0438
1.5179
1.0547
1.3085
0.7745
0.3369
-0.0351
0.0618
-0.4567
-0.8423
-1.0544
-1.5980
-1.8758
-2.1357
-2.0868
-2.1956
-1.9260
-2.1154
-1.9389
-1.4414
-1.4329
-1.2907
-1.7547
-1.5316
-1.0031
-1.2447
-0.7200
-1.2969
-0.2450
-1.1075
-0.4927
-0.6048
-0.4364
-0.4811
0.0200
0.1315
0.4565
1.2090
1.0660
1.4229
0.8160
0.8282
1.2202
1.1803
0.7683
0.4961
0.1117
0.6783
-0.1487
-0.1778
-0.2788
-0.2070
-0.5980
-0.7948
-1.1171
-0.9831
-0.8023
-0.7435
-0.6509
-0.9144
-0.9474
-1.0577
-0.5969
-0.3458
-0.2520
-0.1418
-0.0067
0.0338
0.3758
0.3235
0.1126
0.0180
-0.1085
-0.1890
-0.2024
-0.4776
-0.5699
-0.6657
0.2198
1.0374
-0.1195
0.2713
1.4706
1.3211
0.8443
1.3038
1.4606
0.6726
1.0152
1.1455
1.5563
1.0465
1.7884
0.6234
0.6115
0.8936
0.8840
0.9176
1.3404
1.0636
1.0361
0.6674
0.6259
0.6567
0.9411
0.6619
0.8155
0.8258
0.3999
0.6836
0.1278
0.2552
0.3769
0.0213
-0.1896
-0.3205
-0.4663
-0.3881
-0.5186
-0.4891
-0.3479
-0.7676
-0.8369
-1.2686
-1.3652
-1.4072
-1.3252
-1.5938
-1.7258
-1.7732
-1.7465
-1.5290
-1.6575
-1.6535
-1.6074
-1.5935
-1.5568
-1.3245
-1.5229
-1.4783
-1.4356
-1.4460
-1.5335
-1.6685
-1.8142
-1.8739
-1.9469
-1.9707
-1.9934
-1.9745
-1.9542
-1.8971
-1.7652
-1.7163
-1.5586
-1.4821
-1.2769
-0.8955
-0.9084
-0.7525
-0.6454
-0.5217
-0.5163
-0.4719
-0.5373
-0.3779
-0.6949
-0.6196
-0.6825
-0.9508
-0.5275
-0.8224
-0.6349
-0.6987
-0.5498
-0.5919
-0.4940
-0.1961
-0.3631
-0.2109
-0.2926
-0.1718
-0.2201
0.1053
0.2537
0.5995
0.7224
0.5976
0.7929
1.0595
1.0056
1.3296
1.2436
1.2839
1.4915
1.7277
1.2389
1.9263
1.0983
1.5708
1.1860
1.3527
0.9823
1.6291
0.9622
1.8346
1.2907
1.3717
2.0942
1.8014
1.3044
1.6940
1.3112
1.4533
0.9200
1.2412
1.3442
1.6664
1.1994
0.5389
1.1088
0.2043
0.2092
0.1767
0.1672
-0.2533
-0.0075
-0.4717
-0.4687
-1.0753
-0.8523
-1.0252
-1.2439
-1.2349
-0.9407
-1.5000
-1.5282
-1.6460
-1.4596
-1.6574
-1.5609
-2.0248
-2.1306
-1.8718
-2.1957
-2.2183
-2.0863
-1.1516
-1.1119
-1.6028
-1.2951
-0.7617
-1.3664
-0.7750
-1.3681
-0.9203
-0.8519
-0.2478
-0.2617
0.1038
0.4522
1.2017
0.9625
0.8929
1.0696
1.3653
1.0374
1.4902
1.4052
1.7055
1.8663
1.9046
2.1499
2.6568
3.3216
3.1679
3.6857
3.5502
3.8295
3.5548
3.2213
3.1847
3.5572
4.4028
4.2899
4.0170
4.0860
4.1131
4.0670
3.5725
3.3991
3.1663
2.8245
2.1509
2.0607
1.4847
1.0200
0.8311
0.7565
0.3652
-0.0369
-0.5152
-0.6807
-1.0089
-0.8746
-1.1572
-0.8323
-0.5103
-0.9302
-0.7198
-0.8700
-0.2744
-0.0536
0.0402
0.0170
-0.2040
0.3199
0.0073
-0.0697
-0.0662
0.1891
-0.0023
0.3171
-0.2946
-0.4697
0.1462
-0.5357
-0.3588
-0.8691
-0.4246
-0.8549
-1.1195
-1.2718
-1.3129
-1.6705
-1.6574
-1.9139
-2.2026
-2.2826
-2.5435
-2.4841
-2.3520
-1.9543
-2.5009
-2.4705
-2.4706
-2.7367
-2.7727
-2.7014
-2.3640
-2.5302
-2.4187
-2.3222
-2.2009
-1.9665
-1.9112
-1.7649
-1.6830
-1.5350
-1.3936
-1.2954
-0.8384
-0.5433
-0.7191
-0.1396
0.1228
0.2332
0.3172
0.1400
0.3144
0.7408
0.7684
1.1695
1.3061
1.0245
1.4742
1.4077
0.9633
1.2101
1.6976
1.9880
1.4153
1.4859
1.8842
1.9698
1.7427
1.5152
1.3238
1.3404
1.4558
1.1757
0.9915
0.7536
0.7885
0.4583
1.1833
0.9214
1.4887
1.6439
1.5563
1.7947
1.2841
1.7839
1.2197
1.8788
1.3047
1.4406
1.2531
1.2679
1.6299
2.1868
2.4329
1.9645
1.5865
1.1731
0.9563
1.4545
0.8648
0.6207
0.6153
0.4353
0.2776
0.0877
0.0625
-0.5080
-0.5855
-0.7658
-0.9223
-1.1000
-1.4505
-1.4726
-1.5600
-1.6668
-1.7017
-1.5945
-1.8250
-1.7902
-1.7978
-1.7880
-1.5495
-1.7717
-1.6205
-1.6555
-1.4634
-0.9257
-1.3431
-1.3549
-1.0342
-0.7280
-1.4994
-0.6456
-1.0223
-0.4848
-0.2774
-0.3642
0.1791
0.4627
0.2085
0.5594
0.2870
0.2970
0.8700
1.2017
1.7811
1.7958
2.1303
2.1707
2.1268
1.8802
1.8735
1.9455
1.7439
1.6165
1.1083
0.9083
1.1696
0.7332
1.1463
0.4523
0.4798
0.7727
0.4873
0.4178
0.1908
0.4641
0.2866
0.0375
-0.1564
-0.1287
-0.2241
0.3241
-0.1642
-0.4669
-0.6555
-0.5421
-0.1347
-0.6184
-0.6788
-0.7657
-0.3057
-0.6633
-0.4711
-0.5559
-0.4798
-0.5185
-0.5695
-0.6275
-0.6669
-0.6342
-0.6192
-1.0701
-1.1103
-1.3540
-1.3165
-1.3059
-1.3474
-1.5633
-1.8297
-1.6070
-1.6526
-1.3601
-1.3542
-1.0377
-0.5637
-1.1624
-0.8104
-0.5869
-0.6801
-0.8820
-0.9375
-1.0443
-1.0699
-1.2662
-1.1798
-1.1964
-1.3111
-1.3453
-1.4453
-1.4932
-1.4362
-1.4509
-1.3589
-1.3165
-1.0736
-1.1847
-1.1615
-0.9869
-0.9587
-0.8376
-0.7142
-0.6149
-0.2805
-0.4323
-0.3610
-0.3501
-0.3476
-0.3788
-0.4490
-0.5480
-0.6631
-0.8097
-0.8613
-1.0413
-0.8558
-1.0610
-0.9520
-0.4842
-0.4176
-0.2759
0.0454
0.3564
0.7073
0.5465
0.7540
0.5636
0.7931
0.7799
0.7464
1.0705
1.3103
1.6555
1.6982
2.1603
1.6894
1.5931
1.2340
1.5638
1.5074
1.3471
0.7382
0.6253
0.5453
0.4433
0.6145
1.3060
0.5580
1.2651
0.3035
0.4089
0.7323
0.6409
2.0841
0.6566
1.4016
1.3008
1.1662
1.4297
0.9484
1.5689
1.3357
1.4655
0.8620
1.0219
1.8581
1.9321
1.4959
2.1730
2.0216
2.3243
2.6333
2.4600
2.3057
2.4740
2.5735
1.8334
1.7783
1.2083
0.9931
0.5491
1.0297
0.4882
0.6136
0.6859
0.0561
0.1702
-0.1967
-0.0749
0.6053
0.2455
1.4916
0.8191
1.6826
1.4940
1.6448
0.9508
1.2530
1.1133
0.7406
0.6917
0.0780
-0.1160
0.0225
-0.2547
-0.4150
-0.4804
-0.4690
-0.3872
-0.6754
-0.8225
-0.8796
-0.8199
-1.0598
-1.2955
-1.3971
-1.5838
-1.4653
-1.5865
-1.6563
-1.6082
-1.7110
-1.7502
-1.7718
-1.8109
-1.7083
-1.5875
-1.7366
-1.8958
-1.9035
-1.9194
-1.8879
-1.8544
-1.8241
-1.7571
-1.7872
-1.8058
-1.8898
-1.7258
-1.8944
-1.8553
-1.7354
-1.4598
-0.8860
-0.4630
-0.2727
0.1010
-0.0014
-0.3426
0.0409
0.1686
-0.0366
0.0398
0.0873
0.3874
0.5875
0.6711
1.0308
1.6935
1.5108
