-0.1678
-0.1290
-0.1529
0.0604
0.0961
0.3278
0.2391
0.0805
0.6941
1.0008
0.7988
0.9101
1.0209
2.1939
1.0307
1.1076
0.5761
0.2481
0.1418
0.3740
0.3755
0.1309
0.1170
-0.1398
-0.2776
0.2791
0.2173
0.8384
0.9135
1.1251
1.0208
1.1968
1.1875
1.5255
1.4772
1.4126
0.8542
1.0465
1.0149
1.7066
1.8872
0.9316
2.4109
2.4870
2.5298
2.6149
2.5634
2.8125
2.6416
2.5663
2.4093
2.3614
2.4998
2.2260
2.0705
1.9527
1.6249
1.3921
1.1424
0.8601
0.7049
0.5349
0.4307
0.2018
0.0686
-0.1580
-0.1439
-0.2143
-0.1619
-0.1942
0.0248
-0.0210
-0.2701
-0.3090
-0.3536
-0.2868
-0.3218
-0.3184
-0.3363
-0.4556
-0.4909
-0.5614
-0.6006
-0.6450
-0.7228
-0.7591
-0.7373
-0.7191
-0.5782
-0.6096
-0.2583
-0.3489
-0.2256
-0.3130
0.2242
0.5021
0.5079
0.6459
1.1505
0.7230
0.7576
0.6606
1.1964
0.4034
0.6255
0.3049
0.2262
-0.0034
-0.3715
0.0230
-0.4033
0.0660
0.0384
-0.2497
-0.4865
-0.7699
-0.7747
-0.9359
-0.7540
-0.9195
-0.5163
-0.7802
-0.9974
-0.9469
-0.6485
0.0036
-0.0212
0.3303
0.3148
0.0626
-0.0577
-0.6009
-0.2208
-0.5141
-0.6619
-0.7554
-0.8336
-0.9567
-0.7978
-0.8212
-0.6072
-0.9663
-0.6083
-0.3173
-0.2908
-0.0423
-0.4187
-0.5127
-0.4736
-0.3592
-0.4419
0.0893
0.0069
0.3413
0.1888
0.1099
-0.0106
-0.1412
0.2785
0.9677
-0.2002
0.0328
-0.1527
0.0341
-0.2284
0.0261
-0.3067
-0.0176
-0.2237
-0.5607
-0.4969
-0.6697
-0.6900
-0.8104
-0.8127
-0.6233
-0.4783
-0.3694
-0.3483
-0.0137
-0.3596
0.4528
-0.4110
-0.1200
-0.2781
-0.3678
-0.1976
-0.2037
-0.5399
-0.2052
-0.3657
-0.5162
-0.9702
-1.0962
-1.0189
-1.1580
-0.7885
-0.8542
-0.5813
-0.9950
-0.8620
-0.9632
-0.9571
-0.7297
-0.8760
-0.9931
-1.1267
-0.8557
-1.1186
-0.7399
-0.8264
-0.7963
-0.4325
-0.7794
-0.9019
-0.3713
-0.7014
-0.4200
-0.5411
-0.3639
-0.3344
-0.2429
0.1728
-0.0175
0.2026
0.1590
-0.1553
0.0887
-0.0653
-0.1311
-0.1579
-0.1452
-0.0755
0.1642
0.3515
0.9793
0.3243
0.6552
0.5699
0.5410
0.3528
0.0092
-0.4048
-0.4716
0.1944
-0.0088
-0.2416
-0.0765
0.1243
0.1735
0.6022
0.5511
-0.0052
0.2189
-0.0557
-0.1889
-0.2038
-0.5012
-0.5904
-0.4569
-0.8034
-0.6357
-0.6490
-0.0904
-0.5329
0.1544
-0.3611
0.0420
0.2543
0.3573
0.1124
0.4507
0.3857
0.2740
0.1912
-0.2443
-0.5685
-0.4033
-0.6057
-0.4558
-0.5660
-0.3116
-0.3641
0.2297
-0.2599
-0.0438
-0.1986
0.0288
0.2280
0.5006
0.5662
0.5301
0.3821
0.9382
0.5313
0.8256
0.3508
0.0635
0.0652
0.2101
0.2370
0.6939
-0.1491
-0.1560
0.2700
0.1615
0.0461
0.7100
0.7166
0.8294
0.9589
0.9715
0.8428
0.7944
1.0940
1.1749
1.2926
0.4389
0.8051
1.0187
1.5098
1.3092
1.4789
1.2901
1.2282
0.9845
1.1983
1.9659
1.7575
1.7503
1.9430
2.3924
2.0492
1.6876
1.6699
0.9736
0.9463
0.7022
0.5968
0.7869
0.6304
0.3192
0.2506
0.2229
0.3505
0.7578
0.9967
0.5731
1.1947
1.1880
2.1894
2.5589
3.0283
1.7774
2.2182
1.2236
1.6695
1.5879
1.0698
1.2086
1.0310
0.9857
0.8112
0.9508
0.7080
0.5161
0.4350
0.2517
-0.2351
-0.2957
-0.2554
-0.4059
-0.5785
-0.4520
-0.6017
-0.4354
-0.7121
-0.7326
-0.4912
-0.7860
-0.7031
-0.8697
-0.7805
-0.8368
-1.1425
-1.3272
-1.3613
-1.2822
-1.4062
-1.5883
-1.3820
-1.6950
-1.5434
-1.4128
-1.3098
-1.2162
-1.0859
-0.6625
-0.8545
-0.7697
-0.7936
-0.9237
-0.6987
-0.7727
-1.1218
-1.0420
-0.8817
-1.3635
-1.3900
-1.1052
-0.7660
-0.8499
-0.7150
-0.5238
0.0133
-0.5200
0.4531
-0.0664
0.2412
-0.0518
-0.2582
0.3104
0.0463
0.8273
0.6297
0.9369
1.2176
1.5350
0.9391
1.2586
0.7309
1.2647
0.5551
0.3385
-0.3786
-0.6556
-0.4752
-0.8006
-0.6767
-0.5773
-0.7311
-0.7708
-0.5429
0.5250
-0.0458
0.0790
0.5656
0.4422
0.0998
0.1940
-0.1758
-0.5329
-0.7308
-0.9124
-1.4666
-1.2276
-1.9252
-2.0901
-2.2863
-2.2899
-2.1573
-2.0953
-2.0645
-2.0409
-2.2378
-2.1731
-1.8243
-2.2672
-2.2263
-2.1467
-1.9850
-1.7372
-2.0714
-1.8512
-2.1820
-2.1366
-1.9496
-1.6779
-1.4107
-1.6237
-1.1440
-1.1661
-1.2981
-1.1245
-1.3723
-1.3146
-1.3992
-1.1824
-1.4395
-1.2349
-1.2772
-0.7088
-1.2176
-0.7530
-1.0217
-0.4916
-0.5852
-0.5357
-0.2118
0.0611
0.5089
0.5988
0.5647
0.9516
0.6164
0.7936
0.7221
1.0446
0.5583
0.6147
0.6275
0.8886
0.9269
1.6053
1.4522
1.7001
1.6712
1.6999
1.8235
2.2490
2.4614
1.7074
2.1029
1.9248
1.4894
0.9056
0.9913
1.0717
0.6687
0.6476
0.6197
0.3612
0.4144
0.4595
0.5569
0.7223
0.2832
0.1088
0.0922
-0.0910
-0.0808
-0.2616
-0.2570
0.0563
-0.2886
-0.2048
-0.1743
0.1001
0.0055
0.0944
0.1216
0.0773
0.2313
1.0728
0.6956
1.3005
1.8887
0.6244
1.2301
0.6949
0.5472
0.8307
1.1944
1.1624
1.0431
0.2718
-0.0364
0.1535
-0.1469
-0.1095
-0.2270
-0.1424
0.3525
-0.4335
-0.4453
-0.2026
-0.2152
-0.1044
-0.0455
0.4483
0.3137
-0.0122
0.0107
-0.1699
-0.4130
-0.4329
-0.1631
-0.4179
-0.1090
-0.2097
0.2130
0.8631
1.7960
1.2480
1.0499
0.7950
0.8934
0.5490
0.3367
0.1372
0.6378
-0.0279
0.7029
0.7168
0.8395
1.4469
0.4439
0.9507
0.2373
0.5356
0.7996
0.8554
0.4709
0.3666
0.3206
0.3387
-0.0201
-0.1327
-0.1950
0.0711
0.2329
0.0234
-0.0388
0.4343
0.8801
0.8109
1.0901
1.4860
1.0634
0.6513
0.4191
0.3281
0.8092
0.7800
0.8611
0.6745
1.0737
1.1031
0.4709
0.4539
0.5664
0.5524
0.1812
0.4313
-0.0232
0.0447
-0.1487
-0.1813
-0.1885
-0.1932
-0.3504
-0.1791
-0.0813
-0.1499
-0.1568
0.2288
0.1832
0.2712
0.4850
0.4435
0.6917
0.7686
0.8241
0.6997
0.5687
0.4726
0.2141
0.1462
0.0880
0.1145
0.1034
-0.0291
0.1280
-0.0448
0.1558
0.1125
0.1030
0.2729
0.2387
0.7262
0.4216
0.9098
1.1278
0.7330
2.0444
1.1042
1.5540
1.1877
1.1194
0.6084
0.7812
0.4015
0.3812
0.4267
0.2120
0.1278
0.3900
0.7078
0.5336
0.5681
0.7926
1.0871
0.2206
0.6937
0.1704
0.0730
0.3367
0.4850
0.6458
0.5070
0.4371
0.2362
0.5610
0.4672
0.6326
0.3947
0.1131
0.1140
0.2528
-0.1196
0.0250
-0.6196
-0.2985
-0.1289
-0.0838
0.3227
0.5670
0.7404
1.2281
1.2476
1.1994
0.8882
0.9217
0.8103
0.5348
0.6350
0.1728
0.3854
0.3083
0.3476
0.3645
0.1144
0.6716
0.1952
0.0432
0.1180
-0.1922
-0.1751
-0.1125
0.2575
0.3482
0.7111
0.8790
1.0500
1.4054
0.9086
1.3877
0.6403
0.4648
0.3419
0.8032
0.4876
0.3640
0.6653
0.3779
0.1267
0.3220
0.2332
-0.0079
0.0953
0.2783
0.3554
0.6909
0.8196
0.6227
0.8062
0.9064
1.2892
1.5637
1.3595
1.0969
0.9719
0.7365
0.8411
0.9339
0.8497
1.5107
1.2143
1.4237
2.1797
1.7120
2.2612
1.6200
2.1803
1.6867
1.8875
1.1828
2.0288
1.4568
1.8486
1.7059
1.9905
2.5313
1.7313
1.8586
2.1617
1.7629
1.8111
1.6957
1.5405
1.3838
1.3338
1.5428
1.3251
1.3182
1.6926
1.4758
1.5044
0.9958
1.2568
0.5803
0.7021
0.4505
0.6809
0.7483
0.3673
0.1359
0.3307
0.3706
0.0488
0.2283
0.4395
0.2035
0.4790
0.4098
0.3072
0.0880
0.0601
0.1196
0.1219
0.0054
0.1645
-0.0976
0.0266
-0.0702
0.0009
-0.0083
-0.0386
0.1558
0.4429
0.5374
0.5551
0.5674
0.3277
1.2070
1.2174
1.2060
1.4135
1.2507
1.0115
0.9699
0.9115
0.8697
0.5749
0.1888
-0.0912
-0.0565
0.4190
-0.0445
0.3158
0.2865
0.4508
0.3685
0.3332
0.2524
0.3723
0.3304
0.1815
0.3266
0.1496
0.4176
0.1029
0.7137
0.4612
0.5228
0.4813
0.6906
0.7019
0.4223
0.4654
0.5953
0.7751
0.8105
0.8399
0.8231
0.4464
0.3069
1.4989
0.5623
1.7636
1.4200
1.2760
1.4086
1.8664
2.0410
1.9394
2.2172
1.9405
1.4871
1.2601
1.3594
0.9143
0.6790
0.7186
0.2508
0.3563
0.1252
0.1460
-0.2158
-0.2237
-0.3350
-0.4673
-0.4404
-0.8754
-0.5566
-0.5920
-0.6380
-0.2010
-0.4140
-0.1697
0.4582
0.0605
0.6338
0.1552
0.9131
0.4324
0.6858
0.1141
0.5950
0.3101
-0.4170
-0.3142
-0.2129
-0.3206
-0.9166
-0.8930
-0.7453
-0.9839
-0.4307
-0.9442
-0.3200
-0.6621
-0.5276
-0.9778
-0.8740
-0.6727
-0.0756
-0.6862
-0.6109
-0.7087
-0.9705
-1.0513
-0.7488
-1.1220
-1.3535
-1.4822
-0.9025
-1.0677
-0.6817
-1.0118
-0.5123
-0.8750
-0.9332
-1.1479
-1.0712
-1.2724
-1.1183
-1.3330
-1.1327
-0.9396
-0.9498
-0.8559
-0.7447
-0.5099
0.0955
0.6332
0.4007
0.5423
0.0431
0.2765
1.1615
0.6138
0.7853
0.1423
-0.1149
-0.2403
0.1760
0.4180
0.3731
0.7646
0.9961
1.4102
1.1146
1.3066
2.0691
0.7097
1.1855
1.9155
1.4969
1.1974
1.1009
1.4928
0.5087
1.0557
0.4126
0.4462
0.3426
0.3482
0.7163
0.6541
0.5741
0.4429
0.3994
0.4089
1.2281
0.5239
0.8243
0.5326
0.5258
0.6942
0.4997
0.1699
0.5153
0.0565
0.1876
-0.0335
0.0150
0.0074
-0.2502
-0.3962
-0.4164
-0.4142
-0.3488
-0.1981
-0.3678
-0.4123
-0.1981
-0.4561
-0.3018
-0.6586
-0.5463
-0.9250
-0.8610
-0.7520
-0.4566
-0.5817
-0.3946
0.1638
-0.3295
-0.5802
-0.5749
-0.8334
-0.7596
-0.1465
-0.4141
-0.3241
-0.5116
-0.3860
-0.1754
-0.1268
-0.2346
-0.1023
-0.4173
-0.3814
-0.6104
-0.5353
-0.9524
-0.2760
-0.2995
-0.6407
-0.9557
-0.5663
-0.4884
0.2852
0.2317
0.0463
0.0128
-0.6916
-0.6660
-0.5767
-0.4235
-0.5237
-0.8456
-0.8988
-0.6154
-0.6271
-0.8640
-0.8720
-0.8556
-0.6785
-0.4815
-0.7734
-0.7291
-0.7470
-0.6520
-0.6489
-1.0169
-0.9117
-0.8374
-0.6317
-0.3921
-0.7624
-0.4954
-0.7471
-0.5679
-0.6276
-0.5769
-0.6763
-0.6999
-0.4501
-0.5054
-0.2203
-0.2783
-0.0365
-0.0514
0.4142
0.4673
1.1662
0.7126
1.0856
1.2218
1.0092
0.7648
0.3156
0.1805
0.4079
-0.0864
0.2023
0.1759
-0.0172
0.0098
-0.0898
-0.1344
-0.2758
-0.2115
-0.2001
-0.4046
-0.5434
-0.4751
-0.3473
-0.2418
-0.0574
-0.1460
-0.1869
0.1797
-0.0925
0.1058
0.2119
0.5471
0.3081
0.2356
-0.0237
0.4850
0.2586
-0.0535
-0.0456
-0.2231
-0.4271
-0.4912
-0.3004
-0.5200
-0.4473
-0.1831
-0.3324
-0.3061
-0.2265
-0.1619
-0.0892
0.3052
0.4011
0.1603
0.0962
0.6485
1.4775
1.4205
0.7220
1.1219
1.1205
1.3130
1.5706
1.0838
2.4504
1.5313
2.4969
2.1286
3.2761
2.1290
2.6056
2.7695
2.6868
2.2662
2.6325
2.6825
3.3643
2.5402
2.4086
1.3535
1.6475
1.5160
1.2413
1.6242
1.6707
1.5103
1.5347
1.0169
1.3107
0.7087
0.5709
0.3571
0.3031
0.1474
0.1089
0.4919
0.4972
0.2784
0.4617
0.1037
0.5332
0.1122
0.1311
0.3107
0.2989
0.4702
0.3069
0.3355
0.4448
0.2980
1.1036
0.8804
1.3307
1.4614
1.8869
1.7784
2.0318
2.3288
2.5452
2.5161
1.9421
1.2720
1.9363
1.1905
2.0401
1.1509
1.4665
1.4131
1.6310
1.7532
1.7563
1.3403
1.3103
0.7997
0.8128
1.1314
1.0983
0.6169
0.9901
0.6245
0.3724
0.5237
0.2416
0.4112
0.4224
0.6866
0.6968
0.0442
0.0145
0.4023
0.0331
-0.0122
0.3167
0.4757
0.4205
0.1843
0.3634
0.8529
0.2255
0.7813
0.1054
0.3214
0.5191
0.6029
0.6515
0.9058
0.3460
0.2646
0.3528
0.1613
0.3715
0.2453
0.3085
0.2526
0.3101
0.6240
0.3163
0.3570
0.4228
0.4764
0.4646
0.3407
0.4062
0.2371
-0.1169
-0.1882
-0.2008
-0.2145
-0.1510
0.0795
-0.0399
-0.0481
-0.0220
0.1448
0.0170
0.1013
0.2508
0.2415
0.2794
0.0112
0.0828
-0.3134
-0.3576
-0.3025
-0.2659
-0.2026
-0.1793
-0.2404
-0.2988
-0.3908
-0.3605
-0.1630
-0.2638
-0.2354
0.0199
-0.0991
-0.2352
-0.3100
-0.3526
-0.2104
-0.0838
-0.2889
-0.0861
-0.2763
-0.4100
-0.1723
-0.0560
0.0683
-0.0346
-0.1947
-0.1476
-0.3929
-0.5094
-0.7900
-0.7697
-0.5853
-0.6144
-0.1481
-0.2606
0.7896
0.1649
0.8379
0.6183
1.1146
1.2212
0.9059
1.6865
1.8543
2.0778
2.2844
1.8731
2.2729
1.9276
1.1259
1.1944
1.0289
0.6224
1.0719
0.2886
0.6388
0.1723
0.3930
0.2335
0.3121
0.5345
0.6663
0.2730
1.2096
0.5685
1.1285
1.1488
0.7622
0.5938
0.1182
0.0675
0.2711
0.1971
-0.0900
-0.0253
0.4715
-0.0287
0.4089
0.5418
0.5668
0.8000
0.7190
0.2896
0.1104
0.2002
0.0118
-0.2790
-0.3180
-0.3414
-0.2282
-0.2101
-0.1288
-0.0977
-0.0912
-0.1247
0.0943
-0.0113
0.0541
0.3241
0.0407
0.3905
0.4051
0.1873
0.4305
0.6661
0.3228
0.2440
0.1879
-0.0403
0.3961
0.1703
0.2194
0.2789
0.4544
0.6219
0.7188
1.1773
1.3628
0.7197
1.2516
0.6578
1.6417
0.6513
1.0430
0.9179
0.6755
0.5355
0.1067
-0.1715
-0.3799
-0.3290
-0.3905
-0.2157
-0.2172
-0.0608
0.0118
0.1198
0.6042
0.7098
1.1963
0.7867
1.1541
1.2593
1.7047
1.1854
1.2517
1.6446
1.3678
1.5409
1.2371
0.9891
0.3157
0.2618
-0.0622
-0.2192
-0.4551
-0.0482
-0.5975
-0.6302
-0.7447
-0.6001
-0.5507
-0.4220
-0.3068
-0.2799
-0.4815
-0.4403
-0.4932
-0.3655
-0.1219
0.4826
-0.0048
0.0819
-0.1584
0.1686
0.2367
0.6897
0.6808
0.7262
0.5843
0.1530
-0.0985
-0.2372
-0.0155
-0.5212
-0.4181
-0.5297
-0.5548
-0.6344
-0.7694
-0.3616
-0.4435
-0.4974
-0.4781
-0.3212
-0.4302
-0.3713
-0.4614
-0.2500
-0.3317
-0.3854
-0.2418
-0.2364
0.5383
0.3849
0.5501
0.1661
1.3423
1.0732
1.1357
1.2501
1.4867
1.6086
0.8402
0.6086
0.6336
0.5271
0.3592
0.4434
0.8421
0.3885
-0.1277
0.0130
-0.1119
0.0531
-0.1091
-0.4148
-0.3594
-0.4748
-0.4040
-0.3060
-0.4959
-0.3359
-0.4601
-0.3253
-0.5292
-0.3581
-0.2777
-0.1300
-0.0827
0.3639
0.3458
0.4773
0.1144
0.5936
0.6678
0.6820
0.6892
0.7371
0.4126
0.3765
0.7226
0.0555
0.5059
-0.3092
-0.3730
-0.3938
-0.1891
-0.1172
-0.2243
-0.0971
-0.0768
-0.1826
-0.3879
-0.6272
-0.6877
-0.8317
0.0706
0.1263
0.6879
-0.0376
0.1371
0.1075
-0.3789
-0.2153
-0.3063
-0.0130
-0.2353
-0.5600
-0.3077
-0.5053
-0.3582
-0.3771
0.2625
-0.3831
-0.3923
-0.7971
-0.8504
-0.6116
-0.7879
-0.7444
-0.7694
-0.7810
-0.4418
-0.6816
-0.6362
-0.4497
-0.1530
-0.1929
0.0943
0.0896
-0.0929
-0.0785
-0.3736
-0.2324
0.1467
-0.1804
0.3454
-0.0370
0.0597
-0.1465
-0.2193
-0.5784
-0.7415
-0.6972
-0.5382
-0.3589
-0.4504
-0.5398
-0.5163
-0.4383
-0.4207
-0.0766
0.3642
0.5643
0.5025
0.5326
0.2108
0.2049
1.1967
0.8980
1.5406
2.6196
2.3425
1.9960
1.8730
2.0388
2.2011
2.4728
1.9623
2.2031
1.8187
2.6506
2.2092
2.2447
1.9302
1.5847
1.1752
1.0848
1.1351
1.2520
0.7906
0.7996
0.4640
0.4790
0.5396
0.3993
0.2123
0.4997
0.1377
0.5301
-0.1148
-0.0912
0.3356
0.0889
0.4366
0.4154
0.4917
0.8018
0.1825
0.2449
0.1906
0.4718
0.0669
0.1747
-0.0000
-0.2450
-0.0106
-0.6144
-0.4009
-0.2105
-0.5505
0.0878
-0.8156
-0.5444
-0.5885
-1.0552
-1.2233
-1.5010
-0.9421
-1.4570
-1.1625
-1.0456
-0.9974
-0.9251
-0.8612
-0.4328
-0.4360
0.2580
0.5713
0.5798
1.0246
0.7003
1.3049
1.5138
0.9807
1.4284
1.7900
1.3112
1.7141
1.2659
1.5140
2.0599
2.3166
2.5683
3.1916
2.9230
2.6503
2.4738
2.7520
2.3230
1.8441
1.3794
1.5354
1.0269
0.9537
0.8930
1.6122
0.9537
0.8424
0.8625
1.1669
1.1067
1.4012
1.0752
0.6320
0.8293
1.0536
1.2959
0.7599
1.2168
1.6853
0.4744
0.3111
0.3346
0.1853
0.9030
0.6196
0.2729
0.0402
0.1902
0.1609
-0.0756
-0.0833
-0.0420
-0.3871
-0.3909
-0.6858
-0.5628
-0.9486
-0.8802
-0.8629
-1.0972
-1.2611
-1.3855
-1.0271
-1.4972
-1.1770
-1.6284
-1.4866
-1.2876
-1.1791
-0.9402
-1.0454
-0.9853
-1.0962
-0.9958
-0.7131
-1.0390
-1.1318
-1.4076
-0.9982
-1.4459
-1.4377
-1.2972
-1.4535
-0.9879
-1.3154
-1.2619
-0.9610
-1.1493
-0.9936
-1.2959
-1.5188
-1.6841
-1.6104
-1.6432
-1.7474
-1.6587
-1.9641
-1.9674
-2.0256
-2.0136
-2.0926
-2.1032
-2.0362
-2.0984
-1.8656
-1.9683
-1.8722
-1.7950
-1.7670
-1.5818
-1.7328
-1.5623
-1.6045
-1.6719
-1.5463
-1.5787
-1.1094
-1.5182
-1.1526
-1.5078
-1.3000
-0.8285
-1.3225
-1.5540
-1.5890
-1.1530
-1.7596
-1.2091
-1.0933
-1.1817
-1.0668
-0.3517
-0.8950
0.0431
0.9442
0.1339
1.1109
0.7584
0.8838
1.1374
0.2693
-0.0914
-0.1612
-0.8729
-0.8611
-1.2845
-1.0471
-0.3962
-0.8234
-0.9210
-0.6736
-0.3421
-0.4132
-0.9107
-0.9020
-0.7923
-1.2955
-1.2631
-1.5672
-1.2700
-1.2476
-1.1918
-1.0146
-0.8101
-0.7968
-0.3265
-0.3265
0.0045
0.5624
0.6531
0.9046
0.9932
0.7297
1.0219
0.6708
0.2187
0.0999
-0.1080
-0.0705
0.0782
-0.1503
0.2149
0.3206
0.3337
0.0028
-0.1352
-0.2455
-0.1840
-0.6197
-0.6083
-0.8799
-0.7522
-0.9233
-0.5882
-0.7580
-0.7476
-0.3451
-0.5051
0.0992
-0.0756
-0.0392
-0.2530
-0.3881
-0.7126
-0.7947
-0.5429
-0.8525
-0.7280
-0.8298
-0.6390
-0.7370
-0.6726
-0.8866
-0.4570
-0.8379
-0.5180
-0.4993
-0.5530
-0.4451
-0.4359
-0.6160
-0.6614
-0.4988
-0.7381
-0.8792
-0.9450
-0.9422
-0.9541
-0.8614
-0.7024
-0.8501
-0.3266
-0.1398
-0.0854
0.8483
-0.0642
0.8828
0.8760
0.7494
0.2638
0.5722
0.5946
0.6800
0.1519
0.5250
0.2888
0.9732
0.1580
0.1701
0.0597
0.3268
0.0443
-0.0975
-0.0450
0.5103
0.7491
0.6111
0.8552
1.5854
0.6976
0.5301
0.4510
0.0542
0.1454
0.1415
-0.0184
-0.0914
-0.0968
-0.2364
-0.0251
-0.1954
-0.0762
0.0965
-0.0653
-0.0805
-0.2956
0.2069
-0.0849
0.0371
-0.0346
-0.0099
-0.0944
-0.0145
0.0113
0.1485
0.2432
0.0935
-0.0729
-0.0425
-0.0782
-0.1171
0.2191
-0.1551
-0.1360
0.0842
0.0779
-0.0732
-0.1814
-0.2256
-0.3825
-0.4213
-0.3790
-0.3153
-0.0599
-0.2165
-0.0328
-0.0873
-0.2848
-0.2156
-0.2589
0.0302
-0.2463
0.0528
0.2140
0.2813
0.0590
0.0712
0.0174
0.0339
0.1101
0.5351
0.3387
0.5205
0.3589
0.2772
0.6753
1.0660
1.0159
0.9948
0.2606
-0.1824
-0.7843
-0.9345
-1.1309
-0.2203
-0.2754
-0.8687
-0.7061
-0.8005
-0.7628
-0.4399
-0.6633
-0.4801
-0.9651
-0.8395
-1.0729
-1.0104
-1.0362
-0.8956
-0.8596
-1.1407
-1.1787
-1.5390
-1.4084
-1.1970
-1.8531
-1.5172
-1.7161
-1.4389
-1.4416
-1.2788
-1.4603
-1.2778
-1.4352
-1.8066
-1.8789
-1.8747
-1.8315
-1.6293
-1.4011
-1.4929
-1.2304
-0.7912
-1.0428
-1.9622
-0.5004
-1.7996
-1.2776
-1.8871
-1.2080
-2.1087
-1.7873
-2.0847
-1.4665
-1.3520
-1.2596
-1.3085
-1.3275
-1.6743
-2.1648
-2.1597
-2.5220
-2.2851
-2.6339
-2.5228
-2.1488
-2.1962
-1.5808
-1.3567
-1.7166
-1.6389
-0.9946
-1.5388
-1.0424
-1.0501
-0.5892
-0.8534
-1.0473
-0.7882
-0.6134
-0.7825
-0.6787
-0.7818
-0.5185
-0.3676
-0.4277
-0.4194
-0.6088
-0.0338
-0.6115
-0.4261
-0.2232
-0.3217
-0.3118
-0.2045
-0.3306
0.1718
-0.3161
0.2645
0.1889
0.6087
0.2896
0.2772
0.0338
0.5935
0.1501
-0.1441
0.5045
0.2138
1.0524
0.9875
1.1832
0.6909
1.1262
1.4216
1.4320
2.0131
1.7156
1.5149
1.4844
1.3071
1.1770
0.8892
1.0618
0.7551
0.7346
0.8619
0.5734
0.5759
0.5180
0.5658
0.5949
0.5994
1.0924
0.6495
0.7480
0.7223
0.7487
0.8995
0.9331
1.1820
0.9289
0.9132
0.9037
0.9895
0.9824
1.2931
1.2077
1.3465
1.7477
1.5340
1.6241
1.4725
1.5434
1.5164
1.6784
1.4524
1.6042
1.5791
1.6896
1.5784
1.4700
1.2768
1.4317
1.3718
1.3714
1.0469
0.6678
0.8613
0.8954
1.9259
1.3988
0.5872
1.4438
0.9496
1.7055
0.7469
0.4908
0.7186
0.4575
0.3278
0.6557
0.5984
0.4795
0.1589
-0.0175
0.7150
0.4590
0.3838
0.6774
0.1111
0.1665
0.0967
-0.0594
0.1657
-0.1558
-0.0117
-0.1459
0.5103
0.3787
0.2459
0.0328
0.2433
0.1984
0.3779
0.7789
0.0672
0.1446
0.1533
0.1701
0.2481
0.5354
0.3776
0.3497
0.1198
-0.1117
0.1316
-0.0671
-0.1489
-0.2749
0.0892
-0.0052
0.1072
0.1972
-0.1964
0.1119
0.0807
0.2032
0.3591
0.0087
-0.0360
0.0802
-0.0295
0.3933
-0.0044
0.1634
-0.1565
-0.1813
-0.3039
-0.5701
-0.1587
-0.1833
-0.0570
0.3012
0.6872
0.0460
0.3251
0.1791
0.3502
0.3839
0.9705
1.5278
1.7924
1.6040
2.2252
1.0999
2.0735
0.8429
1.2500
0.5858
0.7889
1.1038
0.8277
1.3139
0.5500
0.3519
0.4355
0.0394
-0.1658
0.0193
-0.1783
0.0952
-0.0223
-0.0842
0.2176
0.4668
0.1509
0.1161
0.3559
0.4897
1.2447
1.1997
0.4148
1.1292
0.1376
0.6450
-0.0057
-0.4102
-0.6745
-0.5678
-0.8270
-0.9330
-0.9187
-1.0345
-1.0708
-0.8992
-1.1253
-1.0017
-1.0666
-1.0450
-1.1095
-1.1876
-0.7707
-0.9362
-0.9487
-0.9987
-1.0503
-1.0779
-1.1708
-1.2521
-1.2300
-1.2222
-1.1472
-0.9075
-0.9687
-0.5057
-0.3132
-0.3471
0.8100
0.2371
0.1474
0.4787
-0.0968
-0.7096
-0.7094
-0.7593
-0.0387
-0.7579
-0.4172
-0.9898
-1.3782
-1.4077
-1.2228
-1.3256
-1.2636
-1.4593
-1.3629
-0.8844
-0.7938
-0.7700
-1.0902
-1.2096
-1.1011
-1.3630
-1.1444
-0.8701
-1.2586
-1.2382
-0.8925
-0.4895
-0.2703
-0.0707
0.5641
0.4006
0.5588
0.1392
0.6816
0.2398
-0.2978
-0.1409
-0.1661
0.2081
0.2455
0.2620
-0.1968
-0.1045
0.2889
-0.3047
0.0002
0.0817
-0.0827
0.6965
0.3341
0.3443
0.4145
-0.0009
0.4272
0.0566
0.7823
0.3943
0.5055
0.2259
0.0128
-0.3089
-0.3467
-0.6900
-0.6133
-0.4539
-0.3617
-0.5403
-0.6452
-0.4798
0.1412
-0.4409
0.0263
-0.1066
0.1358
0.0135
-0.2774
-0.3177
-0.2582
-0.1508
-0.4965
-0.4098
-0.1101
0.5712
-0.4995
-0.5611
-0.1313
-0.3586
-0.6291
-0.5972
-0.7075
-0.8050
-0.9109
-1.0217
-1.0875
-1.1298
-1.0036
-1.1966
-1.0129
-1.1201
-1.1095
-1.1295
-1.1421
-1.1870
-1.1570
-0.8011
-0.8123
-0.6851
-0.0326
-0.2516
-0.3741
-0.1460
-0.2231
-0.1758
-0.3803
-0.7461
-0.8692
-0.8769
-0.8928
-0.8205
-0.7229
-0.6054
-0.4999
-0.4635
-0.4410
-0.2880
-0.2433
-0.1142
0.0136
0.2056
0.7838
0.8723
0.9221
1.4482
1.6808
1.5737
1.5324
1.8871
2.2103
1.8983
2.7871
2.7047
3.2541
2.9005
3.6351
3.2908
3.8301
2.6570
2.5191
3.0934
2.0794
2.6406
1.5429
1.8776
1.4267
0.4481
0.6680
0.1832
0.4462
-0.1544
-0.0423
-0.3769
-0.4925
-0.4863
-0.6204
-0.6702
-0.6047
-0.8162
-0.9919
-0.9877
-1.1666
-1.1764
-1.3258
-1.3531
-1.4622
-1.4365
-1.3658
-1.3953
-1.3668
-1.2668
-1.5187
-1.4477
-1.6050
-1.5555
-1.7442
-1.4475
-1.6129
-1.5518
-1.5164
-1.6492
-1.7417
-1.6735
-1.9058
-1.7393
-1.3940
-1.3817
-1.2866
-1.1471
-1.0899
-1.0529
-1.0071
-1.2259
-1.3412
-1.0329
-1.1694
-0.5733
-0.7274
-0.5016
-0.4538
-0.4420
-0.3110
-0.1831
0.1096
0.8423
0.6420
0.7781
1.4202
2.0640
1.8927
2.0398
2.6180
3.0261
2.5515
3.0537
1.5567
2.7758
2.6401
1.8208
1.3284
2.1085
2.1674
1.4834
1.4599
1.1925
1.2421
1.3042
0.8820
0.8225
0.8207
0.5634
0.7850
0.6353
0.8557
0.9652
0.9871
1.1369
0.9245
1.1534
0.4260
0.5317
0.4599
-0.2845
-0.1327
-0.1891
0.5351
-0.1507
-0.0851
-0.0699
0.8322
0.6179
1.0828
0.5109
0.3263
-0.1681
0.0481
-0.0653
0.4234
0.2063
0.0622
0.0700
-0.1477
-0.1867
-0.3574
-0.4245
-0.5785
-0.3665
-0.6957
-0.6858
-0.7266
-0.7571
-0.7456
-0.8313
-0.8627
-0.8413
-0.7767
-0.6877
-0.3939
-0.5680
-0.5260
-0.5198
-0.4940
-0.4443
-0.4994
-0.5439
-0.7958
-0.4479
-0.8312
-0.9124
-0.8160
-0.2875
-0.2464
-0.0230
-0.0671
0.0175
0.0311
0.1199
0.2465
0.4670
0.3192
0.2943
0.0245
0.3769
0.5832
0.5634
-0.3760
-0.4302
-0.5112
-0.5893
-0.3914
-0.5326
-0.6571
-0.7080
-0.5645
-0.6450
-0.4030
-0.2462
-0.6927
-0.4508
-0.5302
-0.5907
-0.5061
-0.6206
-0.7199
-0.6739
-0.6304
-0.6431
-0.6135
-0.4626
-0.3986
-0.5282
-0.4419
-0.3680
-0.3425
-0.2535
0.0556
0.0393
0.7101
0.0389
0.2555
0.5440
0.7757
1.0745
0.6104
1.1496
0.9980
0.6755
0.9686
1.2224
0.7990
1.0376
0.5657
0.8691
0.5333
0.8459
1.1844
1.0816
1.0658
0.9546
0.6665
0.4769
0.6779
0.6554
0.8371
0.6710
0.4963
0.4315
-0.1133
0.0811
0.3373
0.0975
0.0295
-0.1763
0.0600
0.6121
0.3726
0.9126
0.1071
0.8273
0.0884
0.3176
0.2644
0.1637
-0.1930
-0.0216
-0.5018
-0.5650
-0.7732
-0.8632
-0.8996
-0.9162
-1.0139
-1.2866
-1.2485
-1.4243
-1.3689
-1.2001
-1.2403
-1.2140
-1.1852
-1.2052
-1.0906
-1.2449
-1.3053
-0.9573
-1.2195
-1.0888
-1.1542
-0.8547
-0.8387
-1.0089
-1.0809
-1.4673
-1.8059
-1.8598
-1.7719
-1.6609
-1.6263
-1.5579
-1.4585
-0.3902
-0.6110
-0.1262
-0.4980
-1.2027
-1.6205
-1.5880
-1.8784
-1.8397
-1.8014
-1.4643
-1.4308
-1.2043
-0.2595
-0.4180
-0.1181
-0.4032
-0.5999
-1.0642
-1.6749
-1.3313
-1.6219
-1.5102
-1.9121
-2.0690
-1.9100
-2.2187
-2.2172
-1.9276
-1.5075
-1.3901
-1.5503
-1.3098
-1.4576
-1.5913
-1.1993
-0.7410
0.0209
-0.5284
-1.1549
-0.8023
-0.8417
-0.8769
-0.8814
-1.0632
-1.2255
-0.9414
-0.8775
-0.8157
-0.4764
-0.3804
-0.6493
-0.6541
-0.1973
-0.6495
-0.3777
-0.1731
-0.2648
-0.2582
-0.1274
0.3382
0.6264
0.9314
2.1981
1.4915
1.8553
2.8054
3.4375
3.0319
3.1980
3.5941
3.1170
4.1127
4.0901
2.9878
3.2001
3.6498
2.4146
2.2875
1.9348
1.4618
1.5312
1.0171
0.7017
0.6207
0.6311
0.9605
0.4132
0.5842
0.1298
0.2775
0.2222
-0.1912
-0.0428
0.0065
-0.1951
-0.0668
0.0435
0.0116
-0.3262
-0.3838
-0.7084
-0.4382
-0.6265
-0.8665
-0.9002
-0.9346
-0.9567
-1.1223
-0.9571
-0.9200
-0.9872
-1.0554
-0.8471
-0.9210
-0.5517
-0.9043
-0.7213
-1.0319
-1.0420
-1.1237
-1.1885
-1.1727
-1.0640
-1.3227
-1.0599
-1.3286
-1.3377
-1.3596
-1.6944
-1.8103
-1.6779
-1.3226
-1.4606
-1.4768
-1.3464
-1.3980
-1.6322
-1.4667
-1.7218
-1.4616
-1.3165
-1.0482
-1.1128
-1.0127
-1.1430
-0.8470
-1.1215
-1.2703
-1.1846
-1.3851
-1.3389
-1.0305
-0.7013
-0.8854
-0.6934
-0.7046
-0.6639
-0.5309
-0.6959
-0.1309
-0.6463
-0.6733
-1.1841
-1.2887
-1.0325
-1.3399
-1.2474
-1.3193
-1.2374
-1.1280
-1.0874
-1.0365
-0.9770
-0.9080
-0.8118
-0.7034
-0.7467
-0.7663
-0.3623
-0.7605
-0.7265
-0.8066
-0.5136
-0.3613
-0.9258
-1.0941
-1.1292
-0.9598
-0.9814
-1.3216
-1.3239
-1.0993
-1.1844
-1.0465
-1.0303
-1.0704
-1.0575
-1.2148
-0.7324
-1.1515
-1.0173
-1.0652
-0.9881
-1.0630
-1.1054
-1.2550
-1.3557
-1.2726
-1.3866
-1.6280
-1.6787
-1.5329
-1.6209
-1.3495
-1.5734
-1.6100
-1.5493
-1.6715
-1.6698
-1.4999
-0.8707
-0.8026
-0.6228
-0.7199
-0.4865
-0.2734
-0.7736
-0.0791
-0.3712
-0.4124
-1.1413
-0.6802
-1.0876
-1.2979
-1.5203
-1.6501
-1.6883
-1.7910
-1.4316
-1.5211
-1.6134
-1.1887
-1.4671
-1.3099
-1.5596
-1.5489
-1.1737
-1.6214
-1.4927
-1.3978
-1.1645
-1.2261
-1.2179
-0.8966
-0.8159
-1.0163
-1.1268
-0.8169
-0.4507
-0.1427
-0.0198
0.4552
1.0891
1.1847
2.2847
0.6651
1.4531
1.4803
1.9417
0.6857
1.0758
0.6080
0.2621
-0.2322
-0.3821
-0.4114
-0.7654
-0.6164
-1.0542
-0.9611
-0.8658
-0.9304
-1.0984
-1.0197
-0.9531
-0.5962
-0.6578
0.3195
0.4037
0.7616
1.4014
0.5099
0.6250
-0.2777
-0.6431
-0.7478
-0.8427
-0.7574
-0.1364
-0.3194
-0.1080
-0.8192
-0.1923
-0.8114
-0.7122
-0.2436
0.2522
0.2846
0.5951
0.4547
0.1735
0.4738
-0.0977
-0.1202
-0.6524
-0.5591
-0.9099
-0.8958
-0.8571
-0.6458
-0.3918
-0.3697
-0.4622
-0.4588
-0.5808
-0.0985
-0.5366
-0.7476
-0.8897
-1.0436
-0.8529
-0.9866
-0.8301
-1.0440
-1.0864
-1.0512
-0.8488
-0.8525
-0.4073
-0.5841
-0.2814
-0.3994
-0.1527
-0.1210
0.2079
0.5833
0.8482
0.7318
0.9884
1.1671
1.2262
1.3523
1.3681
2.1689
2.6066
1.8270
2.5095
1.9438
1.5608
1.5323
0.8328
1.3761
0.1205
0.1536
-0.1842
0.7649
0.2936
0.7456
0.1470
0.6852
0.5499
0.2774
0.1140
0.3476
0.5172
0.6783
0.5659
0.8967
0.8637
0.3916
0.6002
0.2649
0.3302
0.3856
0.1252
0.0185
-0.0991
0.0713
-0.0416
-0.2675
-0.3192
-0.5353
-0.4190
-0.4641
-0.3650
-0.7622
-0.8932
-1.2295
-1.2063
-1.4635
-1.3690
-1.5040
-1.3150
-1.3453
-1.3663
-1.1595
-1.2051
-1.0717
-1.0067
-1.2039
-1.3386
-1.3534
-1.3698
-1.3539
-1.3340
-1.4592
-1.5207
-1.7205
-1.5254
-1.4838
-1.5260
-1.3691
-1.1144
-1.1110
-1.0095
-1.1853
-1.1376
-1.2348
-0.8112
-1.0860
-0.5999
-0.8379
-0.5700
-0.3367
0.1148
0.0960
-0.3676
-0.1549
-0.9981
-1.1900
-1.1074
-1.1516
-1.1914
-1.2562
-1.2125
-1.0027
-1.2454
-1.1533
-0.8229
-1.3154
-0.6743
-0.3910
-0.2565
-0.5620
0.9459
-0.0997
0.0021
-0.2768
-0.0445
-0.3158
0.0296
0.1533
0.0525
-0.2707
-0.4153
-0.5165
-0.3055
0.0436
-0.4845
0.3711
1.1429
1.4390
1.2494
1.2138
2.1025
1.4016
1.8546
0.8189
0.2419
0.2995
-0.3698
-0.4672
-0.4229
-0.3089
-0.3637
-0.3603
-0.4234
-0.3615
-0.2642
-0.4899
-0.6243
-0.7004
-0.7030
-0.7817
-0.8672
-0.3300
-0.4982
0.0197
-0.0934
0.1351
-0.1457
-0.0048
0.3070
0.1019
0.3084
0.4569
0.1439
0.1557
0.4687
0.1577
-0.1047
-0.2964
-0.1276
-0.1295
-0.4360
-0.1873
-0.5793
-0.5123
-0.4901
-0.3275
-0.5366
-0.4836
-0.7564
-0.6977
-0.7306
-0.4892
-0.7468
-0.7727
-0.6916
-0.5518
-0.7670
-0.9301
-0.9943
-1.0546
-1.0163
-0.8417
-1.0466
-1.0445
-1.0831
-1.0674
-1.0244
-1.0766
-0.8912
-0.5450
-0.7063
-0.7163
0.3394
-0.3939
0.2850
0.9562
0.2955
0.9147
0.6664
1.1161
1.3239
1.1902
0.8836
0.9251
0.8852
1.1242
1.2453
1.1032
1.0738
1.2788
1.3168
0.6488
0.7887
0.6554
0.2666
-0.1114
-0.2453
-0.4464
-0.2741
-0.4771
0.1057
-0.3052
0.0460
-0.2591
-0.3152
-0.3561
-0.7609
-0.6778
-0.8678
-0.9611
-0.6618
-0.6422
-0.4304
-0.5934
-0.7867
-0.1889
-0.4543
-0.4687
-0.3077
-0.5268
-0.5735
-0.1558
-0.2535
-0.0432
0.2685
-0.1073
-0.3821
-0.4876
-0.5269
-0.1800
-0.3618
-0.3141
-0.0980
0.0533
-0.0649
-0.0917
-0.0672
-0.0651
-0.0586
-0.1816
-0.0986
0.1261
-0.1094
-0.1069
-0.2672
-0.2116
-0.2754
-0.1270
-0.0184
0.1156
0.1857
0.3541
0.5286
0.6332
0.7471
0.8839
0.8295
0.4860
0.4195
0.3596
0.3377
0.2934
0.1398
0.3583
0.2729
0.3862
0.3642
0.1659
0.2753
0.0845
0.4384
0.7163
0.5692
0.6960
1.2946
0.6708
0.9719
0.5142
0.3265
1.2672
0.2678
0.6380
0.8417
0.8172
0.3730
0.2013
0.5680
0.0684
0.4824
0.6745
0.8027
0.4847
0.4346
1.1330
0.7386
0.3798
0.4195
-0.1387
0.1908
0.2089
-0.3289
0.0759
-0.2461
0.7103
-0.0191
-0.1928
0.2822
-0.2181
0.5599
0.0658
0.3147
0.0895
-0.1318
-0.3718
-0.4473
-0.5573
-0.5250
-0.1988
-0.3616
-0.3137
-0.4272
-0.4399
-0.6701
-0.1933
-0.8234
-0.7654
-0.5733
-0.5416
-0.6263
-0.3697
-0.3315
0.2000
0.7126
0.2441
0.6200
0.1366
0.6465
0.1894
0.5056
0.1751
-0.1968
0.1251
0.2866
0.0042
-0.0870
-0.0603
-0.2265
0.2388
-0.3674
0.2863
-0.4086
0.0005
-0.4236
-0.4137
-0.1867
-0.4899
-0.4177
-0.2870
-0.4084
-0.3919
-0.1727
-0.1161
-0.3712
-0.2798
-0.2160
-0.4613
-0.3789
-0.4668
-0.1159
-0.4398
-0.4047
-0.4100
-0.4459
-0.2304
-0.4110
0.0982
-0.1117
-0.3258
-0.3706
-0.2733
-0.5100
-0.6033
-0.6902
-0.6200
-0.7165
-0.5791
-0.4203
-0.5510
-0.5786
-0.6385
-0.5990
-0.5645
-0.6454
-0.2157
-0.6922
-0.0388
-0.1934
0.6164
-0.0126
0.1437
1.0780
0.8151
0.7471
1.0873
1.6654
1.2649
1.9143
1.4284
2.6321
1.4639
1.4066
1.0187
0.5440
0.7577
1.4510
1.8289
1.1305
1.8754
1.5173
1.2851
0.5172
0.7277
0.7458
0.5831
0.5288
0.0131
0.0537
-0.1139
-0.0676
-0.4884
-0.5881
-0.5649
-0.5188
-0.3779
-0.0404
0.0550
-0.3310
-0.2160
-0.4491
-0.3118
0.0659
0.2461
-0.1586
-0.0589
-0.1145
0.1990
0.0197
-0.2075
-0.3476
-0.1193
-0.2546
-0.1659
-0.5733
-0.5067
-0.4444
-0.6702
-1.0028
-0.9116
-0.7558
-0.4426
-0.5401
-0.5078
-0.4800
-0.3833
-0.1101
-0.0424
0.1079
0.1741
0.2244
0.1223
-0.1218
-0.1348
-0.6582
-0.1534
-0.7842
-0.8139
-0.9240
-0.8834
-0.7739
-0.9331
-0.8111
-1.0093
-1.0304
-1.0092
-1.0888
-0.6183
-1.0986
-1.0707
-0.8238
-0.8929
-0.8178
-0.7216
-0.6473
-0.5561
-0.9669
-0.5460
-1.2199
-1.2930
-1.1622
-1.2260
-1.3669
-1.2996
-1.0455
-1.1465
-1.1273
-1.2135
-1.3036
-1.3977
-1.3060
-1.5009
-1.5709
-1.6043
-1.3336
-1.6317
-1.6897
-1.8305
-1.9760
-2.0270
-2.1381
-2.1920
-2.2276
-2.1734
-2.2048
-2.1762
-2.0828
-2.3218
-2.3519
-2.1529
-2.2886
-2.2276
-2.1986
-2.1811
-2.3198
-2.5070
-2.7405
-2.9219
-2.9735
-2.9567
-2.7393
-2.2563
-1.8613
-1.2405
-1.6412
-0.4483
-0.4019
-0.3952
0.4417
-0.2107
1.3663
1.5959
1.7812
0.6821
0.3118
-0.0791
-0.5743
-0.0776
1.4046
0.1564
0.5894
-0.0325
-0.4204
-0.9049
-0.9783
-1.4096
-1.5579
-1.7737
-1.9926
-1.9251
-1.7235
-1.7054
-2.0489
-1.9794
-1.9794
-1.6387
-1.5394
-1.5282
-1.6370
-1.0040
-1.0484
-1.0076
-0.7493
-0.8741
-1.0778
-0.8572
-0.5183
-0.9279
-1.0686
-0.8402
-0.7047
-0.6535
-0.5155
-0.1524
-0.6055
-0.0641
-0.2301
-0.3805
-0.6954
-0.1603
0.1695
0.0594
0.2223
-0.2251
-0.1521
-0.6571
-0.6370
-1.1541
-1.0971
-0.9077
-0.8873
-0.7398
-0.8831
-1.0441
-0.8495
-0.7043
-1.0537
-0.9875
-0.0255
0.3129
0.4692
0.5017
0.7428
0.3687
0.4397
0.3676
-0.1962
-0.3926
-0.2293
-0.3934
-0.5907
0.3683
-0.5540
-0.9301
-0.6420
-0.5949
-0.3115
-0.0388
0.3074
0.1705
0.1037
0.4150
-0.0315
0.0115
-0.1813
-0.0754
0.0027
-0.0559
0.2020
-0.0787
-0.1026
-0.0908
-0.0827
0.2743
-0.0312
0.1957
0.2600
0.2365
0.6255
0.6582
0.7152
0.6577
0.5922
0.4876
0.4579
0.0602
0.4326
0.8828
-0.0197
0.6913
-0.0849
-0.2068
-0.0779
0.2521
0.2294
0.4456
0.3980
0.2122
0.2174
-0.1763
-0.2137
-0.3869
-0.0751
-0.0885
-0.1836
-0.2596
-0.2124
-0.2117
-0.0293
0.2281
0.3844
0.6389
0.3261
0.3252
0.3742
0.2217
0.1011
0.1642
-0.1799
-0.1468
-0.1199
-0.1396
0.0616
-0.1817
-0.0962
-0.0624
-0.0336
-0.0772
-0.0763
-0.0520
0.3587
0.1159
0.3467
0.3381
0.7067
0.6108
0.9445
1.1811
0.8030
1.0655
0.8639
0.9182
0.0840
0.3244
-0.1074
0.1605
0.3237
0.2029
-0.0935
0.0954
0.0287
0.2569
0.1179
0.0724
0.0460
0.7522
0.1953
0.3571
0.1809
0.7463
0.1837
0.6300
0.3520
0.9462
0.3201
0.6655
0.7122
0.9069
0.2972
0.4943
-0.0350
-0.1912
0.9853
-0.2801
-0.1540
-0.3927
-0.0538
0.2274
0.2313
0.1353
-0.0710
-0.1592
0.1583
0.3597
0.5126
0.4678
-0.0546
0.3693
0.4637
0.2388
0.6436
0.4844
0.6295
0.9378
0.7606
0.5859
1.0138
0.6709
0.4864
0.1454
0.1709
-0.0748
-0.0569
0.0198
-0.0983
-0.3274
-0.1877
-0.5011
-0.3339
-0.3483
-0.4096
-0.3703
-0.4906
-0.2439
-0.4701
-0.2636
-0.5785
-0.6038
-0.7007
-0.7009
-0.7665
-0.7057
-0.7656
-0.7103
-0.7355
-0.5739
-0.5420
-0.4218
-0.2237
-0.3397
-0.1788
-0.0675
0.0741
0.4377
0.3131
0.5570
0.6877
0.7362
1.0133
1.3624
0.9582
0.3269
0.3379
0.4765
0.7568
1.1116
1.6431
1.5150
2.7571
2.5651
2.7780
2.5052
2.8227
2.2424
1.7138
1.3629
1.3460
2.1706
2.3890
1.8428
2.0997
1.8672
1.0797
1.1051
1.6351
1.0478
1.1258
1.1546
1.5937
1.1080
0.7638
0.5248
-0.1131
-0.1589
-0.3949
-0.3590
-0.3425
-0.0254
-0.3473
-0.3397
-0.3772
-0.6996
-0.2852
-0.2623
0.4377
-0.0722
0.5068
-0.2413
-0.3284
0.0545
-0.6272
-0.3325
-0.4519
-0.4901
-0.3265
-0.3322
-0.4324
-0.5415
-0.2887
-0.0763
-0.0554
-0.2572
0.1309
-0.1421
-0.1123
-0.3650
-0.3824
0.1599
-0.4543
-0.3309
-0.5188
-0.7390
-0.8434
-1.0075
-1.0674
-1.0304
-1.0541
-1.0314
-1.0466
-0.8046
-1.0759
-1.1400
-1.1023
-1.0349
-1.0197
-0.7266
-0.8707
-0.9072
-0.4490
-0.3830
-0.3484
-0.2030
-0.2976
-0.2805
-0.6052
-0.3597
-0.1174
-0.4121
-0.1985
-0.1650
-0.3481
-0.3057
-0.1783
0.1416
-0.0655
0.0455
-0.0840
-0.0033
0.0617
0.2658
0.5545
0.3827
0.0796
0.1715
0.5587
0.7381
0.9929
1.0311
0.8739
0.8525
0.8116
0.6191
0.7231
0.5533
0.5018
0.2307
0.3294
-0.0399
-0.0357
-0.2130
0.1079
0.0817
0.3516
-0.1093
-0.1533
0.4900
-0.0715
0.0264
0.0530
0.4320
0.0322
-0.0006
0.2158
0.8120
1.0678
0.7749
1.1679
1.5579
2.0284
1.3259
2.0067
1.7570
1.9006
1.2588
1.4763
1.4069
1.4526
1.0136
1.1868
0.6437
0.3187
0.1250
-0.0018
0.1423
-0.1087
0.0943
-0.3052
-0.3884
-0.1041
-0.3866
-0.1574
-0.2142
-0.1156
-0.1628
-0.2393
-0.3649
-0.4948
-0.5510
-0.4813
-0.4875
-0.3577
-0.6782
-0.8326
-0.8337
-0.8751
-0.7747
-0.7565
-0.5342
-0.7739
-0.8010
-0.6994
-0.4862
-0.6071
-0.6157
-0.4740
-0.3417
0.0758
0.3498
-0.3499
-0.1717
0.0249
0.3215
0.1995
0.3685
0.5789
1.0862
0.3351
0.6255
-0.0281
0.1747
0.2746
-0.0723
-0.0787
-0.4271
-0.2907
-0.3815
-0.5527
0.1344
-0.1555
0.7710
0.1686
0.2045
0.0248
-0.0892
-0.3835
-0.3362
-0.4539
-0.5749
-0.6634
-0.1108
-0.3239
-0.6505
-0.4386
-0.3736
-0.5837
-0.1573
-0.2187
-0.0218
0.3235
0.2469
-0.0933
0.2214
-0.3195
-0.3110
-0.3607
-0.4417
-0.5603
-0.5648
-0.3622
-0.6108
-0.7049
-0.1891
-0.3634
-0.2210
-0.4881
-0.5427
-0.5276
-0.1866
-0.4715
-0.4777
-0.5954
-0.4918
-0.6398
-0.8120
-0.8614
-0.6962
-1.0160
-0.7379
-0.9326
-0.9073
-0.8243
-0.8194
-0.5712
-0.6177
-0.4987
-0.3789
-0.3762
-0.0580
-0.2069
-0.3102
0.0895
0.8905
0.1490
0.9076
1.4894
1.0142
1.1492
2.1555
1.3784
1.7540
1.6214
1.5145
1.0139
1.3721
1.0015
0.4127
0.2252
0.2458
0.8116
-0.0065
-0.2169
0.3198
-0.2163
-0.3263
-0.4800
0.0517
-0.3898
-0.2217
-0.1796
0.2405
0.3246
0.2388
0.3902
-0.0332
0.6035
0.3711
0.1292
0.6266
0.2677
0.2996
0.8375
0.8490
0.7388
1.1615
0.6464
0.4813
0.7725
0.2897
0.2070
0.1952
0.2672
0.4012
0.2438
0.1738
0.0448
0.3150
0.1714
0.5929
0.2752
0.4036
-0.0592
0.1161
0.0152
-0.1093
-0.3071
-0.3628
-0.2568
0.0709
0.0917
0.1918
0.3463
0.0686
0.8235
0.0848
0.6933
0.9344
1.0255
1.3449
0.7785
1.0320
0.2155
-0.0480
0.3132
0.1505
0.3278
-0.1993
0.0700
0.2657
-0.2548
0.1255
0.3173
0.1184
0.1558
0.2073
0.5488
0.7705
0.5689
0.5355
0.6983
0.6037
0.5765
0.9492
0.8062
0.7020
0.7122
0.9841
0.7420
0.9272
0.6423
0.5661
0.5216
1.0669
0.8922
0.8657
0.6074
0.3990
0.2244
0.0516
0.1709
0.0331
0.0040
0.0596
-0.0681
-0.0560
-0.2301
0.0612
0.1405
-0.0887
-0.1722
-0.1898
-0.2678
-0.0268
-0.1732
-0.1437
-0.1697
0.0717
-0.1604
-0.1443
-0.2054
-0.0890
-0.2926
-0.3477
-0.4118
0.0535
0.0473
-0.2587
-0.1189
0.1474
0.5667
-0.0222
0.2205
0.0352
-0.1044
0.0344
-0.1522
0.0017
0.1376
0.8168
0.5409
0.7012
1.1011
0.5240
