9.8529
10.4656
11.6193
11.7027
11.6494
12.3778
11.9732
12.5111
11.6871
10.7957
10.5538
10.2817
9.6856
9.8060
8.6559
8.5111
8.3998
8.2460
7.6209
7.6601
7.6525
7.5840
7.1577
6.7518
6.7460
6.2462
6.4442
6.0451
5.6351
5.1395
4.5130
4.4033
3.8591
3.5808
3.2948
3.5596
2.9537
2.6850
2.7280
2.2401
1.7135
1.2504
0.8388
0.5920
0.0967
0.0162
-0.1989
-0.4274
-0.5700
-0.5826
-0.7414
-1.0435
-1.0227
-1.5707
-1.2988
-1.9924
-1.8105
-2.4905
-2.4372
-2.7734
-2.8115
-2.8668
-2.6434
-3.0495
-2.5789
-2.9457
-3.5371
-3.4303
-3.3246
-3.6886
-3.8875
-3.9579
-3.9024
-4.3079
-4.0247
-4.3371
-4.4754
-4.4152
-4.1892
-3.9974
-3.9175
-3.3967
-3.8348
-3.6296
-3.3494
-3.0828
-2.9506
-2.9458
-2.7061
-2.5990
-2.3949
-2.3435
-2.1327
-1.9263
-1.4077
-1.4115
-1.3282
-1.1705
-1.4722
-1.3963
-1.5274
-1.5896
-1.8310
-1.9788
-2.0652
-1.9260
-2.2244
-2.2499
-2.4773
-2.5801
-2.7654
-2.6175
-2.9296
-2.6627
-3.1112
-3.0202
-2.9648
-2.1829
-2.5204
-2.6802
-2.4616
-2.1667
-1.3761
-1.7974
-1.4621
-2.0640
-1.4084
-1.6674
-0.8443
-1.2213
-1.2620
-1.2615
-1.2836
-1.4812
-1.4152
-1.7064
-1.9450
-2.2106
-2.2968
-2.4738
-2.3381
-2.4706
-2.5230
-2.3021
-1.9669
-1.4815
-0.1647
-0.9469
0.0911
0.8466
1.5398
1.3894
2.4457
2.6443
2.5080
3.1477
3.3579
4.0705
5.0959
4.2249
4.8368
4.7025
4.7860
3.9339
3.7360
3.7213
2.7305
2.7178
1.6560
1.1608
0.6895
0.6720
0.1900
0.2709
0.6831
0.3887
-0.1670
0.0840
-0.0328
-0.5163
1.0724
-0.3775
0.0883
0.3523
0.9557
0.6373
0.9838
0.7026
1.1032
0.6677
0.9547
0.8034
0.8371
0.4464
0.1885
0.1715
0.1133
-0.0207
0.1749
0.1951
0.4037
-0.4073
-0.1730
0.1107
-0.3526
-0.0301
-0.2236
-0.4474
-0.5553
-0.1825
-0.6075
-0.6343
-0.7220
-0.5102
-0.3078
-0.5659
-0.4248
-0.1868
0.2172
-0.1391
0.0353
0.1759
0.6335
0.3509
1.0923
0.9591
1.2386
1.6441
1.3105
1.1568
1.5654
2.0766
1.9346
2.9197
2.7362
3.1232
2.9837
3.3041
3.9670
4.1885
3.6096
3.7756
3.3090
3.8311
2.9043
2.7243
2.3133
1.8656
1.8615
1.3955
0.8415
0.7762
0.8616
0.5932
0.5451
0.1128
-0.2857
-0.0967
-0.2298
-0.7136
-0.7161
-0.8780
-0.8701
-1.4064
-1.5788
-2.0048
-1.9798
-2.3445
-2.1553
-2.2352
-2.4990
-2.3154
-2.4489
-2.1616
-2.3542
-2.7023
-2.6189
-2.9330
-3.1928
-3.1463
-3.2753
-3.4366
-3.2543
-3.0210
-3.4397
-3.2428
-3.1953
-2.9671
-3.0340
-2.8637
-2.6631
-2.5063
-2.3828
-2.6160
-2.6067
-2.8037
-2.7400
-2.8715
-2.6330
-3.0244
-2.8510
-3.0673
-2.9633
-3.2167
-3.3736
-3.4115
-3.3808
-3.3916
-3.1809
-3.4044
-3.3420
-3.2054
-3.0457
-2.8632
-2.4503
-2.3711
-2.1604
-1.9102
-1.7056
-1.4144
-0.8808
-0.7236
-0.4084
0.1982
0.2683
0.7058
1.0149
0.8605
2.0518
2.0115
1.8140
3.0297
2.9118
4.1474
4.0572
4.4076
4.3008
5.6517
4.8678
6.0375
5.9678
5.4467
5.8649
6.0924
6.5021
6.2834
6.3873
6.4294
6.5495
6.7869
6.5538
6.0368
5.7970
4.9828
4.8707
3.4719
2.9252
2.2143
1.6952
1.4025
0.5834
0.1761
-0.2102
-0.8292
-0.9764
-1.3963
-2.0021
-2.0993
-2.5511
-2.7799
-2.8031
-3.3998
-3.6954
-4.1194
-4.4635
-4.6532
-5.1136
-5.3619
-5.5288
-5.6858
-5.8048
-5.9078
-6.0549
-6.1474
-6.2669
-6.3438
-6.2995
-6.4085
-6.1800
-6.4287
-6.3284
-6.1463
-5.8832
-5.5734
-4.9435
-4.7028
-4.2095
-3.5821
-3.0597
-2.3868
-1.6895
-1.2022
-0.5225
-0.3026
0.3953
0.4963
1.1967
1.1846
1.1949
1.4500
1.5480
1.8845
1.0986
1.3037
0.9685
0.8883
0.9910
1.1206
1.4210
2.3012
2.7684
3.0562
3.3143
4.3218
4.4282
4.5373
4.5081
4.1910
4.6784
4.4733
4.2658
4.0211
4.1466
5.0068
4.4695
4.3485
4.0540
3.8311
3.0391
2.7580
2.2394
2.2799
1.3395
1.0068
0.7469
-0.2307
-0.8867
-1.3114
-1.5608
-1.9253
-2.2083
-2.8747
-2.6380
-3.1697
-2.8088
-2.7187
-2.3153
-2.5334
-3.4836
-2.9517
-3.5283
-2.2023
-3.6631
-3.0402
-2.9330
-2.6716
-2.4393
-1.5977
-1.8279
-1.4228
-1.5860
-1.5340
-1.7085
-0.6088
-2.0258
-1.6282
-2.0134
-1.8995
-2.1253
-2.5259
-2.8455
-3.0555
-2.7644
-2.7854
-2.8871
-3.2723
-3.2371
-2.8979
-3.4678
-2.7145
-2.9421
-2.7048
-2.7724
-2.6485
-1.9241
-2.3600
-2.2738
-2.5502
-2.0567
-1.9729
-1.8232
-2.0573
-2.1390
-2.0713
-1.8895
-1.6829
-1.4161
-1.1069
-0.6174
-0.5451
-0.0794
0.1364
0.5235
0.5917
0.7910
0.8907
1.2132
1.0843
1.1454
1.1342
1.1619
1.1264
1.2622
1.2263
1.3712
1.3597
1.5032
1.5605
1.8400
1.6063
1.7224
1.6759
2.0431
1.7960
2.1136
2.2186
2.3043
2.4785
1.6908
1.5967
1.7331
1.5188
1.6283
1.4876
0.9037
1.2832
0.9400
1.7799
1.3502
1.7145
1.3134
2.1958
1.3556
2.2955
2.1781
2.2633
2.2653
1.8575
2.3431
2.2060
2.2219
1.9504
1.5412
1.4810
1.5144
1.6520
1.6815
1.1394
0.9680
1.0563
1.0597
1.2881
1.4800
1.5821
1.8118
2.0290
2.2398
2.5379
2.4406
3.8175
2.8230
3.6214
2.5178
2.9206
2.9701
2.8559
2.5224
2.3857
2.7014
2.1764
2.6342
2.7295
2.9700
2.8680
3.5074
3.1417
3.3010
3.3895
3.3623
3.6345
3.7985
4.2176
4.3786
4.5199
4.3520
4.7416
4.5922
5.2950
4.7690
4.6382
4.4664
4.3249
4.6883
4.6315
4.0931
4.4457
4.3972
4.6549
5.0441
4.9045
5.4339
5.5351
5.3649
4.2587
3.7063
3.6344
2.5875
2.8096
2.0954
2.3495
1.3033
1.2634
1.1880
0.5914
0.4653
0.0620
-0.0517
-0.3842
-0.8987
-0.7518
-1.1551
-1.2323
-1.2751
-1.1005
-1.4859
-1.2878
-1.5284
-2.0326
-2.4460
-2.7187
-2.8096
-3.0070
-3.4938
-3.4577
-3.9219
-3.8773
-3.8290
-3.3242
-3.3522
-3.5856
-3.2854
-3.5060
-3.6518
-3.7920
-3.8407
-3.9851
-4.0454
-4.1463
-4.1259
-4.1981
-4.1948
-4.1725
-3.3579
-3.6812
-3.0497
-2.8195
-3.1111
-2.7555
-2.8129
-2.6608
-2.2797
-2.2581
-2.1001
-1.9965
-1.6229
-1.7759
-1.9014
-2.0028
-1.9877
-2.2481
-2.4352
-2.3080
-2.3348
-2.6090
-2.3858
-2.6087
-2.6424
-2.7231
-2.8467
-2.5251
-2.8387
-2.7764
-2.6158
-2.4884
-2.4490
-2.2124
-2.3012
-2.1360
-2.3085
-1.9196
-1.6936
-1.6087
-1.2575
-1.0259
-0.9666
-0.8320
-0.6786
-0.5182
-0.2607
-0.3464
-0.1571
-0.3962
-0.2760
-0.3207
-0.5860
-0.3977
-0.4422
-0.0759
-0.1774
-0.1113
-0.0236
0.0059
-0.0508
0.1753
0.0860
0.0447
-0.0463
-0.1305
0.1605
0.0645
0.4786
0.2938
0.4401
0.2605
0.0780
0.3638
0.2071
0.4411
1.0929
0.9924
1.4681
1.4723
1.5662
1.9457
1.9134
2.2127
2.3839
2.5245
3.1172
2.8548
3.2244
3.5590
3.3198
3.3595
3.0408
3.0352
2.8715
2.8784
2.3742
2.5156
2.5813
2.7155
2.4538
3.0739
2.9844
3.0668
3.0916
2.8949
2.7759
3.2021
3.1917
3.1932
3.2205
3.3823
3.1625
2.7982
3.3809
2.9690
2.8338
3.3306
2.6375
3.6559
3.1714
2.7235
2.5165
2.4829
1.8472
1.9101
1.7634
1.9419
1.9279
1.3070
0.7229
0.4528
0.6942
0.8129
0.7666
0.6637
0.5056
0.6685
0.8472
0.7814
1.6000
0.8796
0.5866
0.3175
0.3932
-0.0038
-0.6206
-0.1085
-0.6938
-0.9231
-1.4186
-1.7820
-1.7834
-1.6309
-1.9193
-1.8988
-2.2960
-2.4676
-2.6123
-2.0378
-2.5795
-2.6129
-2.6463
-2.8590
-2.5494
-2.8154
-2.4556
-2.6685
-2.3065
-2.3774
-2.5791
-2.5653
-2.5815
-2.1258
-2.2297
-2.1947
-2.0233
-1.8418
-1.6921
-1.1863
-1.3264
-0.9020
-0.9342
-0.4876
-0.6807
-0.3213
-0.4547
-0.4855
-0.6052
-0.3808
-0.6912
-0.7264
-0.5237
-0.6756
-0.2929
-0.4037
-0.0638
-0.3501
-0.5268
-0.3226
-0.1013
0.1991
1.1657
1.3108
1.1655
1.5577
1.3438
1.2860
1.4008
1.2205
1.3965
1.2114
0.9901
1.1190
1.2930
1.6810
1.6845
1.7967
1.6898
1.7831
1.7780
1.8126
1.8731
1.8881
1.9431
2.1473
2.0366
1.9220
1.4242
1.7806
1.1803
1.6520
1.3781
1.4056
1.3801
1.2420
1.1005
1.2294
1.1093
0.9978
1.2701
1.3900
0.8992
1.1360
1.6626
1.5152
1.6530
1.4169
2.1317
1.9766
2.4040
2.4694
2.6746
3.2030
3.4161
3.9458
4.5003
4.5400
4.6606
4.5826
4.4981
4.7757
4.7100
4.3089
4.0887
3.9375
3.7437
3.1223
2.7954
2.1617
1.7825
1.5086
1.1440
0.7316
0.6088
-0.2603
-0.7170
-0.9094
-1.1002
-1.0741
-1.2868
-1.5803
-1.8467
-1.9467
-2.2523
-2.5386
-2.3783
-3.0599
-3.2536
-3.2685
-3.4149
-3.3325
-3.1216
-3.1264
-2.7968
-2.4906
-2.0104
-2.0257
-1.9513
-1.8670
-1.6427
-1.5624
-1.7261
-1.7964
-1.8089
-1.9735
-1.8227
-1.4609
-1.4566
-1.0421
-1.1596
-1.0593
-0.8964
-0.8517
-0.6048
-0.2168
-0.5103
-0.4574
-0.7538
-0.6516
-0.7102
-0.5214
-0.6211
-0.0657
0.1177
0.6616
1.1565
1.6494
1.4587
1.8552
2.5374
2.9568
3.0999
3.6713
3.7745
3.8425
4.4581
3.6395
3.6333
3.4298
3.3217
3.3644
3.4052
3.6008
3.1960
3.8493
3.1066
3.5670
3.3299
3.5972
2.8605
2.8453
1.9409
1.7192
1.9513
2.4332
1.9969
2.0543
1.8609
0.5524
0.1652
0.0961
-0.6661
-0.5704
-0.7506
-1.6352
-2.0162
-1.8939
-2.1663
-2.0120
-1.8067
-1.7421
-0.6207
-0.6599
-1.1654
-0.4120
-1.0045
-0.6927
-0.0124
-0.8879
-0.3826
-0.7170
-0.3907
0.4624
0.1344
-0.1523
0.5861
0.0985
1.0538
0.8695
2.2643
0.6807
2.3425
1.3256
1.2947
2.0038
1.5984
2.2625
1.9452
2.0546
2.3481
2.4102
2.0442
2.0806
2.1171
1.8754
2.5718
1.8988
2.2505
1.6871
1.7160
1.0298
1.9004
1.3113
1.3609
0.6331
0.8863
0.8345
0.3199
0.2367
0.6133
0.7798
0.3570
0.7642
0.0953
0.5253
0.1120
-0.1910
0.0338
0.1956
-0.5099
-0.3732
-0.3358
-0.7389
-0.7939
-0.4186
-1.0336
-0.8095
-0.4184
-0.7455
-0.5715
-0.9158
-0.9769
-1.0014
-1.3576
-1.3105
-1.2048
-0.7564
-1.1703
-0.7802
-0.6780
-0.3789
-0.0500
0.2413
0.2837
0.4890
0.7045
1.0706
1.1559
1.3870
0.9101
0.4261
0.4629
0.2571
0.0162
-0.3243
-0.7332
-0.6772
-1.1228
-1.0265
-1.5659
-1.4767
-1.4257
-1.8975
-1.8606
-2.3451
-2.1389
-2.0852
-2.2249
-2.3788
-2.2927
-2.4968
-2.2720
-2.4681
-2.4753
-2.4177
-2.4848
-2.1827
-2.2773
-2.2010
-2.4995
-2.4661
-2.5613
-2.6442
-2.6586
-2.7443
-2.2066
-2.7013
-2.4733
-2.3080
-2.2338
-2.0855
-1.7942
-1.2797
-1.5434
-1.3746
-1.0954
-1.0208
-1.0946
-0.9214
-0.8924
-0.5051
-0.3557
-0.4299
-0.2384
-0.1377
-0.0519
0.1336
0.1406
0.4601
1.0055
0.8514
1.1060
1.3971
1.9897
2.2163
2.6855
2.7372
2.7322
2.8889
2.4665
2.5249
2.6123
2.5193
1.9496
1.9439
1.7560
2.0232
1.5937
1.1670
1.4626
1.0703
1.1268
0.9258
1.1355
1.0445
0.8690
1.2899
1.9829
1.8518
1.8137
2.0456
2.0901
2.1255
2.5859
2.5272
2.5313
2.2702
2.4457
2.4740
2.2326
2.1686
2.2006
2.1039
2.3607
2.5984
2.7530
3.3298
3.4116
3.5667
3.1535
3.4192
3.0597
2.6606
2.9126
2.9845
2.9271
3.3723
2.7368
3.0812
3.8296
3.3849
3.7167
3.0556
3.1414
3.1209
3.3103
3.5185
4.0114
3.5741
3.4697
4.5092
4.5931
5.3990
5.7281
5.2236
4.8246
4.4894
4.5595
3.4511
3.0223
2.6465
2.1080
1.2239
0.9509
0.3107
0.1743
0.0293
0.4579
0.3675
-0.0924
-0.1667
-0.2006
-0.5610
-0.7177
-0.4970
-0.9552
-1.0990
-1.0711
-1.4854
-1.3946
-1.4602
-1.5796
-1.9977
-2.0363
-2.2605
-2.1373
-2.4942
-2.3873
-2.3925
-2.1271
-2.4514
-2.1522
-2.1044
-2.4776
-2.7373
-2.7194
-2.7960
-2.8825
-3.2145
-3.2092
-3.2604
-3.5368
-3.2206
-3.5484
-3.7046
-3.2063
-3.4648
-3.0000
-3.6316
-3.6076
-3.6861
-3.5718
-3.5008
-3.7066
-4.0362
-3.6682
-3.7500
-3.9694
-3.9675
-4.1973
-4.1275
-4.2983
-4.3531
-4.4177
-4.3084
-4.1547
-4.0052
-4.2775
-4.2302
-4.2002
-4.2869
-4.1022
-4.1972
-4.4254
-4.1206
-4.0879
-3.9751
-3.8549
-3.5719
-3.9067
-3.5301
-2.9178
-2.3115
-2.7744
-2.3627
-2.1105
-2.2406
-2.0524
-1.9431
-2.2415
-1.8464
-2.3253
-2.3965
-2.1079
-2.1861
-1.8906
-1.6915
-1.0130
-0.9406
-0.4957
-0.1520
0.0656
0.4154
0.7563
0.7185
1.4331
1.3845
1.8758
1.9696
2.7947
2.3909
2.7329
3.1647
3.5799
4.0083
3.8179
4.1499
4.0784
4.9339
4.3628
4.8534
5.0857
4.9818
5.5984
5.5153
5.6060
5.2408
5.7073
5.3327
5.2993
5.6701
5.1740
6.5144
5.5027
5.8995
5.6122
4.7830
4.3363
3.8014
3.0243
2.0958
1.1999
0.5538
0.0459
-0.2988
-0.2522
-0.6181
-0.9164
-0.9036
-1.6297
-1.4296
-1.2866
-1.2918
-1.2956
-0.4880
-0.8664
-1.1922
-0.9062
-1.6412
-1.5932
-0.7920
-1.2311
-1.1205
-0.8343
-0.8965
-0.5750
-0.4707
0.1921
0.0637
0.2309
0.3118
1.6567
1.1985
1.1893
1.3204
1.6182
1.5902
1.3773
1.2854
1.0637
1.0244
0.7646
0.8966
0.6372
0.3884
0.3612
0.2489
0.8215
0.7162
0.9109
1.0898
1.3936
2.2772
2.3988
2.4955
2.4036
3.4930
2.6507
3.2026
3.3697
3.5201
3.2153
3.1644
3.1349
2.8009
2.1941
2.0739
1.9151
1.8093
1.0953
0.7767
0.7625
0.5403
1.1844
0.0103
-0.0609
-0.1008
0.0824
-0.0629
-0.1953
-0.1183
-0.1790
-0.1523
0.0906
-0.3679
0.2541
-0.2958
-0.2601
-0.1270
-0.4595
-0.6474
-0.9881
-0.8494
-0.8703
-1.1997
-1.1237
-1.4380
-1.2190
-1.6085
-1.6534
-1.5502
-1.8019
-1.8807
-1.4695
-1.8926
-1.3877
-1.7040
-1.5088
-1.5065
-1.3023
-0.8909
-0.6964
-0.9806
-1.1553
-0.7814
-0.6478
-0.4557
-0.0736
0.1004
-0.1415
0.2800
0.5035
0.0589
0.4760
0.0773
0.1444
0.1896
0.3151
1.0457
1.1511
1.6876
0.2677
0.2212
-0.3224
-0.1148
-0.7447
-0.8013
-1.0149
-0.7545
-0.5518
-0.5043
-0.6330
-0.2930
-0.7389
-0.3137
-0.6019
-0.3872
-0.0824
-0.1734
0.6647
0.0038
-0.1319
0.3419
0.2770
0.1527
-0.0429
0.0858
-0.0053
0.2721
0.0105
0.0757
-0.0805
-0.4222
-0.6318
-0.7332
-1.2871
-1.7170
-1.6804
-2.2550
-2.1545
-2.3073
-2.5160
-2.6269
-2.8919
-3.1628
-3.0610
-3.3821
-3.3545
-3.4040
-3.3819
-3.3756
-3.3258
-2.9162
-2.9261
-2.5190
-2.3723
-1.8302
-1.7143
-1.4216
-1.3335
-1.4483
-0.8694
-1.5432
-1.8206
-1.9098
-1.7959
-1.5770
-1.2758
-1.8956
-2.0115
-1.7974
-2.0636
-2.4690
-2.0545
-2.8333
-2.6215
-2.5898
-2.4388
-2.3919
-2.4178
-2.3082
-2.0152
-1.8771
-0.8214
-0.7271
0.2432
0.4300
0.7028
1.1108
1.6468
1.9168
2.2424
2.4705
2.3909
2.4514
2.6487
1.8764
1.9759
1.3736
1.4338
0.6386
0.9115
1.1002
1.1865
1.0884
0.8697
1.6530
2.0628
3.2152
2.4769
2.9589
2.9879
2.8386
2.9356
3.4434
3.3833
4.2229
4.6688
4.1457
4.8110
4.9700
6.1160
5.8853
5.5971
5.7550
5.7563
5.6077
5.4281
5.7757
5.0131
4.8616
4.7251
4.1386
3.8077
4.0680
3.2891
2.9786
1.7169
1.6702
0.7864
0.0711
0.0193
-0.5567
-0.9764
-1.2220
-1.4254
-1.2070
-1.4978
-1.4012
-1.2757
-1.4344
-1.4205
-1.2224
-1.2189
-1.3425
-1.4887
-1.5254
-1.7518
-1.8408
-1.9061
-1.9066
-1.9261
-1.8171
-1.9452
-1.9427
-2.1367
-1.9766
-2.2420
-2.2631
-2.3273
-2.4497
-2.6796
-2.7696
-3.3970
-3.2705
-3.4772
-3.8721
-3.9135
-4.1227
-4.0143
-3.6430
-3.6032
-2.9500
-3.1144
-2.5853
-2.3472
-1.8119
-1.7469
-1.5285
-1.0910
-0.6500
-0.0828
0.1928
0.5769
0.7799
1.1775
1.4671
1.6046
2.1299
2.2748
1.9871
2.1530
1.9501
2.1487
2.1762
2.7408
2.3393
2.6016
2.5280
3.1593
3.2524
3.5308
3.9766
4.5338
4.7026
5.4127
6.4152
6.4244
7.0765
7.4380
7.9491
8.5956
8.5092
9.1975
9.0344
8.4782
7.6417
7.3885
7.2268
7.2435
6.4807
5.8690
5.0039
4.0543
3.1539
2.4238
1.5085
1.1813
0.5695
0.7765
-0.5958
-0.8173
-1.5883
-1.6133
-2.2833
-2.5555
-2.9587
-3.0361
-3.2744
-3.5785
-3.4444
-3.5721
-3.9635
-3.8025
-3.6831
-3.8165
-3.7054
-3.8089
-3.6358
-3.9626
-3.4489
-3.5437
-3.3903
-3.3411
-2.6673
-2.6348
-2.6516
-1.9521
-1.8546
-1.5716
-1.8431
-1.3864
-1.6343
-1.2245
-1.2812
-1.2014
-1.7740
-1.7170
-1.3049
-1.6757
-1.7645
-1.7297
-1.0283
-1.3176
-0.9898
-1.3415
-1.0717
-0.6780
-0.7529
-0.5948
-0.6032
-0.3347
-0.3775
-0.4406
-0.7872
-0.7469
-0.6249
-1.1110
-0.7625
-0.8933
-0.8609
-0.7136
-0.7882
-0.4331
-0.4885
0.1880
-0.2147
0.7382
0.0614
0.2257
0.3343
0.3262
-0.0101
0.0785
-0.2882
0.2863
-0.0124
0.1028
0.1763
0.5737
0.5697
1.2641
0.8620
0.8347
0.3454
0.5100
-0.1232
-0.2879
-0.7893
-1.2967
-1.8689
-1.8647
-2.6908
-2.8144
-3.2009
-2.9587
-3.4572
-3.3945
-3.2410
-3.4408
-3.1398
-3.1095
-3.0061
-2.4984
-3.0416
-2.6972
-2.2584
-2.1640
-1.5305
-1.2397
-0.6988
-0.4651
0.0291
0.1405
0.9079
0.9573
1.1416
1.1462
1.3044
1.7840
1.9475
2.3665
2.5315
3.1194
3.4563
3.8864
4.0503
4.4437
4.2026
4.1521
4.0897
3.8194
4.2127
3.7913
3.8442
4.4481
4.8036
4.4487
5.2879
5.2807
6.8018
5.3430
3.7825
3.6935
3.4049
1.8551
1.3329
1.4896
-0.0812
-0.1314
-0.3373
-0.8242
-1.6589
-0.0879
-1.1295
-1.1719
-1.3844
-1.4271
-1.4877
-1.7095
-1.1391
-1.2132
-1.1259
-1.3912
-1.5028
-1.5537
-0.9890
-1.4478
-1.5772
-1.1362
-1.5372
-1.4529
-1.5541
-1.1755
-1.3780
-1.7078
-1.5490
-1.7622
-1.6194
-1.5423
-1.2809
-1.3078
-1.5831
-1.5257
-1.1632
-1.0503
-0.8698
-0.9155
-0.6006
-0.3665
-0.5230
-0.3375
-0.3481
-0.6485
-0.2155
-0.5558
0.1116
-0.3454
-0.2057
-0.1156
-0.2242
0.0299
0.0317
0.1412
0.3256
-0.1967
-0.3208
-0.5795
-0.4683
-1.0614
-1.1516
-1.7923
-2.2004
-2.5583
-2.8455
-3.0125
-3.4385
-3.8509
-4.0074
-4.1094
-4.4050
-4.6053
-4.6123
-4.3906
-4.6307
-4.6598
-4.8007
-4.7884
-4.8755
-4.6188
-4.7960
-4.7876
-4.5430
-4.7777
-4.8358
-4.5734
-4.8569
-4.7993
-4.7212
-4.7692
-4.5430
-4.6998
-4.9110
-4.9092
-4.8806
-4.8467
-4.7884
-4.7814
-4.7704
-4.4899
-4.7268
-4.6205
-4.7083
-4.6949
-4.4779
-4.6105
-4.4946
-4.2964
-4.0655
-3.8802
-3.5547
-3.5966
-3.5473
-3.3212
-3.2416
-3.0122
-2.8431
-2.4420
-2.4768
-2.2187
-2.0787
-1.8242
-1.7171
-1.5083
-1.3875
-1.0846
-1.2224
-1.0990
-1.1011
-1.0130
-0.3868
-0.1081
-0.2672
1.6290
1.2959
1.2420
2.1716
2.3537
2.0694
2.0253
2.3372
1.7237
2.5322
2.8207
3.1141
2.4097
3.0960
3.1476
2.4481
2.6763
2.0584
2.0903
1.8235
2.4281
1.5454
1.1200
1.0901
0.8150
0.3846
0.8979
1.4039
1.0861
0.8768
1.2902
1.2675
1.0108
1.3502
1.4684
2.0503
2.3896
3.3274
3.4658
4.7231
5.2655
5.8525
6.9337
7.2515
8.3583
9.6265
10.2634
9.6905
10.6969
10.1641
10.1223
9.9086
10.2456
9.8639
9.8807
9.5333
8.8882
8.2566
7.7591
6.8910
5.8605
5.2090
3.8331
3.1532
2.0604
1.4195
1.1580
0.4288
0.1466
0.0286
-0.6147
-0.5381
-1.0551
-0.8731
-0.7052
-0.9752
-0.6333
-0.7569
-0.8092
-1.6633
-1.5576
-1.8252
-1.7715
-2.5390
-2.6042
-2.7649
-2.6591
-2.7806
-2.9703
-2.7522
-2.4778
-2.5606
-2.8750
-2.8766
-2.6445
-2.6170
-2.6481
-2.7711
-2.2075
-2.5623
-2.2971
-2.3614
-2.4683
-2.3400
-2.4627
-2.5115
-2.0867
-2.3276
-2.4827
-2.4085
-2.2771
-2.1715
-1.9157
-1.6462
-1.4503
-1.5233
-1.5055
-1.6351
-1.5556
-1.7826
-1.6177
-1.7925
-1.7065
-1.9876
-1.9558
-1.8733
-1.8994
-2.2459
-2.3617
-2.1901
-2.2191
-2.2725
-1.9565
-1.9670
-1.6832
-1.4177
-1.2271
-1.3310
-1.2361
-1.4556
-1.2136
-1.4969
-1.3009
-1.0768
-1.4813
-1.0818
-1.3506
-1.5424
-1.2608
-1.3130
-0.6862
-0.9285
-0.6835
-0.7703
-0.4893
-0.8574
-0.5164
-0.7549
-0.6352
-0.8414
-0.8717
-0.4316
-0.2255
-0.2868
-0.2178
-0.4186
-0.3776
-0.2221
-0.3860
-0.2707
-0.2431
-0.0712
-0.1900
-0.0210
-0.2526
-0.3466
-0.2829
-0.4811
-0.6441
-0.9097
-0.8832
-0.7054
-0.8152
-1.0472
-1.1931
-1.1707
-1.1600
-1.1446
-0.9933
-1.2402
-1.1787
-1.2833
-1.6435
-1.4977
-1.9822
-2.2222
-2.2058
-2.2748
-2.2864
-2.3854
-2.2038
-2.5083
-2.0815
-2.1284
-2.5600
-2.6034
-2.6061
-2.6779
-2.5467
-2.7014
-2.8465
-2.4443
-2.8384
-2.7565
-2.8861
-2.6772
-2.8635
-2.6837
-2.6852
-2.4339
-2.5265
-2.1616
-2.0635
-1.7955
-1.1863
-0.6796
-0.2936
0.3181
0.9509
1.3817
2.1375
2.9927
2.6030
3.0607
2.9728
3.3007
3.6152
3.5316
4.0974
4.1415
3.8063
4.4152
4.4952
4.2168
4.1764
5.4413
5.4412
5.7730
5.7712
5.3280
5.6023
5.6227
7.6335
6.7238
7.9430
7.6965
7.4619
7.4958
6.7713
6.7901
6.2407
5.5698
5.0560
5.2264
4.8150
4.3650
4.1481
3.1739
2.9031
2.5574
2.0029
1.3740
1.2208
0.7310
1.1075
1.0114
0.8859
1.1150
1.7802
0.4821
1.2596
0.4389
0.7273
1.4875
1.2251
0.6298
0.5821
0.5610
0.3950
0.7730
1.0401
1.3925
2.0228
1.9774
2.7920
1.9915
2.3823
2.1490
1.8717
2.1389
2.5380
1.5978
1.0977
1.4186
1.5769
0.7022
0.2134
-0.3431
-0.0334
0.0431
-0.1089
-0.8230
-0.6100
-0.7628
-0.4740
-0.2155
-0.4077
0.0494
-0.0839
0.7918
0.7953
1.4653
1.4654
2.6691
2.2701
2.4904
2.6143
3.0764
2.9661
2.9633
3.2027
2.9964
3.0506
2.8572
2.0458
2.6476
2.0282
2.1169
1.9713
1.5759
1.3164
1.3303
1.1400
1.1027
1.0201
1.0024
0.8302
0.9264
0.6222
0.4560
0.3879
0.2384
0.1406
0.0057
-0.1652
-0.3362
-0.5124
-0.6794
-0.7779
-1.0030
-1.1438
-1.4280
-1.6179
-1.6461
-2.0427
-2.2461
-2.4417
-2.6048
-2.7967
-2.9128
-3.0225
-3.0674
-3.0801
-3.1172
-3.1374
-3.0281
-3.3020
-3.3924
-3.4106
-3.5441
-3.6257
-3.8066
-3.9025
-3.9671
-3.9556
-4.0302
-4.0601
-4.1719
-4.2090
-3.9655
-4.0771
-3.4473
-3.6849
-3.8695
-3.9499
-4.0388
-4.3373
-4.1952
-4.0877
-4.0266
-4.2999
-4.3646
-4.3427
-4.1895
-4.4219
-4.1796
-4.4745
-4.3388
-4.4719
-4.4546
-4.2453
-3.9225
-3.6390
-3.3859
-3.2897
-3.0765
-3.0556
-2.8374
-2.6446
-2.7447
-2.4293
-1.9424
-2.3034
-2.2826
-0.3002
-1.4429
-1.8176
-0.3268
-0.1720
0.8305
-0.1995
0.0904
0.4057
1.0080
1.0182
1.6059
1.2926
1.6522
1.7453
2.1257
2.2039
2.1500
2.1420
2.2625
1.8189
2.0179
1.9975
2.5381
2.0529
1.9206
2.7900
1.8802
2.0022
2.0507
2.0948
1.9465
2.5031
1.9426
1.9547
1.8866
1.9198
1.9654
1.9394
2.0151
2.0899
2.1479
2.3447
2.2514
1.9156
2.2702
2.1943
1.8776
2.5437
2.3562
2.1109
2.0399
1.7069
1.1075
1.2141
0.4445
0.4328
-0.1607
-0.1921
-0.2789
-0.5058
-0.8487
-0.7049
-1.3250
-1.1854
-1.8804
-1.8372
-2.3684
-2.2385
-2.0917
-2.4977
-2.3277
-2.9440
-2.7064
-2.7210
-2.6571
-1.8560
-2.6103
-2.6363
-2.7131
-2.5343
-2.4650
-2.5505
-2.2458
-2.1225
-2.2179
-1.9439
-2.2353
-2.0222
-1.8231
-1.9000
-1.7981
-2.1259
-1.9173
-1.6696
-1.3822
-1.3683
-1.1296
-1.1487
-1.2604
-1.1329
-0.8973
-0.5057
-0.5339
-0.4064
-0.0829
-0.0997
-0.0824
0.4969
0.9033
1.7784
1.9565
2.9332
3.6017
3.9627
4.1027
4.6451
5.1007
5.7566
6.0321
5.9044
5.6981
5.9132
5.7797
5.7545
5.4782
4.8156
4.5092
3.5292
3.1909
3.2545
2.6178
2.4011
2.0874
1.7121
1.6979
1.2394
0.7102
0.9031
0.3126
-0.1062
0.1522
-0.5681
0.0783
-0.4284
0.0599
-0.4826
-0.0412
0.2296
0.1603
0.4567
0.2339
0.0303
0.2175
0.0204
-0.1846
-0.1919
-0.2860
-0.2878
-0.4030
0.1004
-0.1657
-0.5071
-0.1654
-0.1893
-0.6176
-0.3473
-0.9027
-0.6462
-0.8986
-1.2313
-1.2915
-1.9395
-2.3331
-2.5194
-2.6705
-2.5263
-2.1357
-2.3410
-2.3587
-2.0808
-1.8879
-1.1729
-1.2835
-1.0447
-1.2126
-1.2792
-1.3935
-1.2702
-0.9154
-0.8320
-0.2011
-0.4043
-0.3920
-0.1450
-0.5550
-0.2827
-0.1965
0.3181
0.1379
0.4695
0.5355
0.6238
0.3447
0.3549
0.6410
0.3349
0.6365
0.7590
0.8498
1.2311
0.8183
0.9844
0.6898
0.9376
1.1580
2.0250
1.9258
2.5741
2.3172
2.5067
2.4382
2.1572
2.0749
2.4601
2.2370
2.3505
1.8029
1.4624
1.1381
1.0576
0.8306
0.6316
0.5884
0.2103
-0.4585
-0.4964
-0.4767
-0.4256
-0.0260
0.1757
0.1744
0.5454
1.5585
1.5262
1.6674
1.7468
2.1407
2.1335
2.3225
2.9707
2.4977
2.4415
2.8365
3.0346
2.7578
3.8546
3.1236
3.4399
3.2420
3.1943
3.6196
2.9339
2.8448
2.5213
2.8268
3.4417
2.6965
3.2096
2.3762
2.6915
1.9371
2.2592
1.8026
1.7704
1.2878
1.2746
1.3751
1.0360
1.4106
1.3021
1.0355
0.8897
0.9561
0.6422
0.6855
0.6788
0.1486
0.1825
0.2555
0.1330
-0.2193
-0.4124
-0.6690
-0.2451
-0.9129
-0.8566
-0.8556
-0.5550
-0.7254
-0.7359
-1.0798
-0.3324
-0.1181
-0.6010
-0.6948
-0.7426
-0.7254
-0.3039
-0.0703
-0.2169
-0.0390
-0.0484
0.3183
0.4222
-0.1421
-0.0909
0.2088
0.3511
0.1657
0.5478
0.4904
0.6152
0.9595
0.9023
1.3329
1.3336
1.5783
1.0463
1.0389
0.7610
0.8053
0.4507
0.8237
0.4467
0.4024
0.1501
0.1022
-0.2087
-0.1302
-0.5159
-0.7285
-0.3860
-0.9898
-1.8658
-2.3288
-2.5928
-2.6409
-2.9621
-3.1040
-3.4778
-3.4372
-3.8907
-3.8034
-4.3371
-4.4911
-4.5906
-4.4434
-4.6303
-4.6150
-4.4261
-4.6567
-4.7292
-4.5335
-4.7523
-4.6482
-4.2328
-4.2652
-3.9334
-3.4697
-2.8760
-2.8428
-2.2838
-1.9865
-1.4594
-1.2164
-0.7514
-0.5495
-0.4648
-0.3910
0.2039
0.4037
0.5086
0.8335
1.1234
1.7189
2.1030
2.6625
3.0156
3.4482
3.5310
3.5942
3.8134
3.9320
3.9714
4.1966
3.8407
3.6613
3.3877
2.9449
2.5567
2.0172
1.5113
1.0441
0.5115
0.0849
-0.2826
-0.5191
-0.4719
-0.7693
-0.6749
-0.9555
-1.1255
-1.2795
-1.5393
-1.7837
-2.0443
-2.1995
-2.4487
-2.6201
-2.9258
-3.1740
-3.3863
-3.5587
-3.7061
-3.9147
-4.0179
-3.5408
-3.5024
-3.7132
-3.6932
-3.7809
-4.0539
-3.6617
-3.7002
-3.4936
-3.1186
-2.8841
-2.5505
-2.5051
-2.4151
-2.0200
-1.7704
-2.4372
-2.3808
-1.9685
-2.6213
-2.3510
-2.5636
-2.7682
-1.9300
-1.3272
-2.0432
-1.6684
-1.9402
-1.2026
-1.6905
-1.3602
-1.2199
-0.7675
-0.9002
-0.4660
-0.8703
-0.9180
-1.0531
-1.0008
-0.6116
-1.2955
-0.7810
-1.5082
-1.8309
-1.8718
-1.6883
-1.9914
-2.0349
-1.9536
-2.6017
-2.5074
-2.4341
-2.3457
-2.8154
-2.4097
-2.4818
-1.9836
-1.7478
-1.5987
-1.5910
-1.8158
-1.8489
-1.2509
-0.7536
-1.3120
-1.1990
-0.7688
-0.5292
0.0955
-0.1343
-0.0374
0.0023
-0.2147
-0.5740
-0.8248
-1.3106
-1.4748
-1.8398
-1.9596
-2.5240
-2.3968
-2.6525
-2.4483
-2.3737
-2.0021
-2.0076
-1.7995
-1.4181
-1.4688
-1.9839
-1.8371
-1.7100
-2.0511
-2.2087
-2.1972
-2.1426
-2.1527
-2.1830
-2.4374
-2.4334
-2.6996
-2.7449
-2.8743
-2.9648
-3.0239
-2.8949
-3.1024
-3.2522
-3.4068
-3.5442
-3.2715
-3.4266
-3.2340
-3.3175
-3.2208
-2.8927
-3.5576
-3.7295
-3.3633
-3.4387
-3.2551
-3.6687
-3.7215
-3.6660
-3.1384
-1.9913
-2.8227
-2.5857
-2.8458
-2.4123
-2.2160
-2.1390
-2.5388
-2.4734
-2.2441
-2.6408
-2.0292
-1.9744
-2.1629
-1.8237
-2.1169
-1.0995
-1.4772
-0.8309
-0.9486
-0.9676
-1.0939
-0.9047
-0.6477
-0.7049
-0.4034
-0.2213
0.3104
0.7410
1.3099
2.0205
2.1603
2.6402
3.2008
3.6657
4.0308
4.3261
4.7335
4.6432
4.6350
4.5819
4.4284
4.2271
3.9108
3.6218
3.3228
3.0776
3.0797
2.6870
2.8102
2.4267
2.5401
2.1001
1.7757
1.5131
1.2086
1.0821
0.9493
0.8330
0.6846
0.5471
0.3356
0.0908
-0.1512
-0.1187
-0.8031
-1.1392
-1.4943
-1.8907
-2.3123
-2.7910
-2.8025
-3.4437
-3.6376
-3.7658
-4.0943
-4.1458
-4.1430
-4.0269
-4.0491
-4.0412
-4.0836
-4.1775
-4.1975
-4.3128
-4.1811
-4.1185
-4.3436
-4.2101
-3.8927
-3.7289
-3.4321
-2.9852
-2.6486
-2.3416
-2.0772
-1.9847
-1.6980
-1.8746
-1.9200
-1.8071
-1.9384
-2.2704
-2.4016
-2.4153
-2.4722
-2.3785
-2.4167
-2.3406
-2.3562
-2.2983
-2.1963
-2.0410
-1.7723
-1.3257
-1.1885
-0.6579
-0.2840
-0.1824
0.1082
0.4165
0.8736
1.3350
2.3485
2.2388
2.8383
2.9357
3.6168
3.4190
4.1591
4.0414
3.8426
4.2994
3.9821
3.9609
4.1988
4.2975
4.8586
4.4942
4.2884
4.1023
3.6157
2.9553
2.5770
2.6402
3.5985
3.4822
4.5932
4.4947
4.6985
4.3408
4.4141
4.4749
4.3506
4.1037
3.4225
4.5656
5.0313
4.7353
3.8082
4.1315
3.3078
3.0792
2.1059
2.6194
1.9579
1.6462
1.0179
0.7384
1.2660
0.4592
0.6235
0.7339
0.2741
0.0530
-0.0949
-0.1075
-0.2288
-0.4475
-0.8260
-1.0655
-1.2625
-1.1937
-0.4018
-0.4470
-0.7878
-0.6853
-0.9419
-0.8859
-0.3361
-0.1324
0.0748
0.3003
0.1859
0.9498
0.6956
0.8400
0.4857
0.4496
0.5229
0.4808
0.4652
0.6151
0.3220
0.1443
0.6849
0.4335
0.6973
0.8330
0.8423
1.7369
2.4090
1.9796
2.0959
2.5035
2.3960
2.8190
3.5178
3.3900
3.8340
4.1179
4.2939
4.4670
4.7303
4.4404
4.7805
4.7519
3.9961
4.3658
3.7342
3.5684
2.9888
2.3827
2.8999
1.5191
1.6956
1.5600
1.4270
1.2019
1.4119
1.2391
1.1536
1.1242
1.2003
1.0315
0.8018
0.6551
0.4980
0.3252
0.0644
-0.6199
-0.9958
-1.2806
-1.9971
-2.4114
-2.9062
-3.0537
-3.2322
-3.4340
-3.5666
-3.6071
-3.7683
-4.1095
-4.0518
-4.2374
-4.0838
-4.2401
-4.3810
-4.2860
-4.4122
-4.1297
-4.4257
-4.0003
-4.4842
-4.5285
-4.5853
-4.5560
-4.3904
-4.6315
-4.7044
-4.5661
-4.7450
-4.7636
-4.5041
-4.3945
-4.3191
-4.1125
-3.8855
-3.3985
-3.2116
-2.6916
-1.7954
-1.4961
-1.3168
-1.1553
-0.8886
-0.3211
-0.2488
-0.3495
0.0532
-0.4753
-0.0031
-0.3768
-0.3479
-0.8079
-0.6828
-0.5650
-0.4424
-0.6079
-0.5106
-0.5292
-0.3102
0.0782
0.0728
0.1114
0.1188
0.3869
-0.1564
0.1078
-0.2629
-0.2411
0.2378
0.0563
-0.1723
0.4180
0.5085
0.4471
0.5848
0.2229
-0.2354
-0.4017
-0.5104
-0.8748
-0.4253
-1.0458
-0.8768
-1.1119
-1.4871
-1.4031
-2.0644
-2.1035
-1.6388
-2.1528
-2.4920
-2.0612
-2.3288
-2.1556
-2.3709
-2.4737
-2.2698
-1.7924
-1.6991
-1.8196
-2.1562
-2.3270
-2.5390
-2.4675
-2.5127
-2.4548
-2.1940
-2.3182
-2.0746
-2.5512
-2.5021
-2.0414
-2.0302
-1.9962
-1.2200
-1.8878
-1.3560
-1.3118
-1.3343
-1.5490
-1.0760
-1.5407
-1.8348
-1.6597
-1.9497
-1.6520
-2.2184
-2.2715
-2.3412
-2.2956
-2.3754
-2.1486
-2.3347
-2.1897
-2.0340
-1.8500
-1.6527
-1.4740
-1.2351
-1.1033
-0.6289
-0.6944
-0.2110
-0.4050
0.0133
0.1683
0.2026
-0.1001
-0.0074
0.0398
0.1923
0.2935
0.0430
0.1128
0.5115
0.4019
0.7813
0.3535
1.1898
0.9668
1.4445
2.0395
2.2448
2.7742
2.7958
3.3110
2.7770
3.8272
3.7802
3.5897
4.0112
4.2810
4.8152
3.6724
3.6045
3.7223
2.7701
3.0992
2.5230
2.6477
1.7442
2.3362
1.8507
1.6602
1.3897
1.2431
0.9629
0.6488
0.3192
0.5600
0.1868
-0.1640
-0.2642
-0.7296
-0.9559
-1.0677
-1.0766
-1.0816
-0.9653
-0.9637
-0.7812
-0.7821
-0.7594
-0.3237
-0.3556
-0.3561
-0.2516
-0.3992
-0.2414
-0.5012
-0.5727
-0.4527
-0.5232
-1.1088
-1.1386
-1.3163
-1.3862
-1.2404
-1.2153
-1.0617
-0.8763
-0.2868
-0.3087
-0.3294
-0.1165
0.1444
0.3955
0.4336
0.9879
0.6043
0.8090
0.9010
1.1179
0.7695
0.4354
0.8199
0.1327
-0.1359
-0.2287
-1.0268
-1.2323
-1.8580
-2.2647
-2.3392
-2.6773
-2.7591
-2.9011
-2.7220
-2.5210
-2.9541
-2.3101
-1.7853
-2.2836
-1.9459
-1.8099
-1.1244
-0.8535
-0.8869
-0.6253
-0.0883
0.0857
-0.0693
-0.4714
-0.6320
-0.8482
-0.8192
-0.7157
-0.1280
-0.3437
-0.4421
-0.6282
-0.6993
-0.2957
-0.8889
-0.8716
-1.2295
-0.8330
-0.7260
-1.1861
-1.2432
-0.8261
-0.1056
-1.0892
-0.6686
-0.2737
0.3207
0.7935
1.8382
2.4170
3.2866
3.9518
5.2116
5.5335
6.4684
7.5577
8.2619
9.5026
10.7942
11.1032
11.6099
11.7520
11.9271
11.9416
11.2282
10.5560
9.4148
8.4827
8.6597
7.8564
7.1605
6.1051
5.8138
4.6478
4.1688
4.0591
3.6285
3.5671
2.7720
2.6572
1.9308
2.0466
2.2241
2.1371
1.5753
1.3171
1.0910
1.1133
0.4552
0.5662
0.0318
0.3596
0.8668
0.7168
0.3144
0.2435
0.1068
0.5019
0.3952
0.0288
0.6077
1.0708
0.9952
0.3999
0.7260
0.3642
0.1899
-0.4870
-0.5856
-0.6942
-0.7628
-0.3975
-1.4120
-1.3176
-1.6190
-0.7288
-1.3691
-1.0853
-0.7559
-0.9422
-0.8777
-0.5903
-0.2884
0.1478
-0.0469
0.6127
1.5074
2.4254
1.1078
1.4353
1.0681
0.7948
1.5467
0.4463
0.7437
-0.2179
-0.9439
-1.5484
-1.7960
-2.0620
-1.9244
-2.4761
-2.5932
-3.2449
-3.2217
-3.1838
-3.1632
-3.1276
-3.4787
-3.3176
-3.4707
-3.5227
-3.3696
-3.4328
-2.9373
-3.4116
-3.1751
-3.0228
-2.8834
-2.9840
-2.8591
-2.7498
-2.6482
-3.1281
-2.7014
-3.3845
-3.0593
-3.2199
-3.3112
-3.2588
-3.4909
-3.4671
-3.6155
-3.5410
-4.1023
-3.7110
-3.8589
-3.9273
-3.9028
-4.0663
-3.7948
-3.7597
-3.5653
-3.6032
-3.2887
-3.1379
-2.8801
-2.2938
-1.5423
-1.5076
-1.4585
-1.0807
-0.9214
-0.4614
0.0410
0.3244
0.5241
0.6125
0.4370
0.3502
0.3492
0.1440
0.1603
0.3498
0.4947
0.2794
-0.1585
0.3794
0.6814
-0.1065
0.3458
0.0886
-0.1197
-0.4258
-0.1462
-0.1779
0.0583
-0.0481
-0.1829
0.1514
0.0219
0.6347
1.1260
0.6689
1.2273
1.0488
0.6031
0.4619
0.3426
0.0252
0.0395
-0.0033
0.0291
0.1167
0.3973
0.3536
-0.2238
-0.1966
-0.3683
0.0163
-0.0465
0.0085
-0.0173
0.3403
0.7039
0.6235
0.4291
1.1775
1.7391
2.3788
2.6510
3.0889
3.7641
5.0994
4.5388
5.4190
5.2590
6.1720
4.9264
4.9906
4.3872
4.2797
4.6089
4.0000
3.6452
3.2573
2.9253
2.4594
2.9784
2.6335
2.6652
2.5229
2.5856
2.5762
2.6893
2.8970
3.0045
2.8905
3.0369
2.9639
3.4724
2.9544
2.8846
2.9868
2.2896
2.2743
2.1337
2.0357
1.9376
1.9504
1.3473
1.0525
1.0880
0.9122
0.5744
0.1523
0.1022
-0.4141
-0.6011
-0.9854
-1.2159
-1.4545
-1.6218
-1.6768
-1.8218
-1.8674
-2.0093
-2.0690
-2.1261
-2.1748
-2.1827
-2.2380
-2.1133
-2.1978
-2.5302
-2.5887
-2.6496
-2.7474
-2.7644
-2.9406
-2.6670
-3.0466
-3.2443
-3.3370
-3.0633
-3.1959
-3.2533
-2.8993
-3.3299
-3.2364
-3.3357
-3.6251
-3.3558
-3.9311
-3.6608
-3.9161
-3.9434
-4.1690
-3.9614
-4.1877
-4.1660
-4.0777
-3.9978
-4.2794
-4.0412
-3.8638
-4.0680
-3.9815
-4.0286
-4.0233
-3.8525
-4.0090
-3.9276
-4.1060
-4.2079
-3.8774
-3.9754
-3.8664
-3.8621
-3.8511
-3.6218
-3.7544
-3.7098
-3.2587
-3.2595
-3.2610
-3.3139
-3.1991
-3.0119
-2.9286
-2.7398
-2.5175
-2.4316
-2.4167
-2.5193
-2.4994
-2.4667
-2.5506
-2.5674
-2.2594
-2.6797
-2.7563
-2.5941
-2.6027
-2.2596
-2.5139
-2.2951
-1.7147
-2.1930
-1.8508
-1.9871
-1.0519
-1.7876
-0.9462
-0.5200
-1.1809
-0.6450
-0.9347
-0.4766
-0.4026
-0.3661
-0.3622
-0.1324
0.2689
0.4490
0.1212
0.5007
0.2713
0.6464
0.4169
0.3489
0.5881
0.1700
0.0232
0.3659
0.0822
0.3665
0.1620
0.6332
0.4792
0.4337
0.0629
0.2850
-0.0635
0.0079
-0.1432
-0.3276
-0.1227
-0.4240
-0.5609
-0.8221
-0.5482
-0.9095
-0.6677
-0.9325
-0.5177
-0.8943
-0.8062
-1.1051
-0.7503
-1.0606
-0.9015
-1.0223
-0.7781
-0.7546
-0.5887
-1.0693
-0.9974
-0.7613
-0.9637
-1.2124
-1.1509
-1.0306
-0.9004
-1.0969
-0.7217
-1.0752
-0.7683
-1.1052
-0.8785
-0.5256
-0.6274
-0.7662
-0.5541
-0.6661
-0.5713
-0.0684
-0.2898
0.4085
0.4553
0.9109
1.1221
1.0767
0.9802
1.2671
1.0347
1.2145
1.2233
1.7120
1.5057
2.1343
2.1148
2.0733
2.4696
2.7222
2.4369
2.6381
2.8487
3.0497
3.0245
3.3648
3.1434
2.6242
2.3934
2.4827
2.0037
2.2088
1.9901
2.2605
2.2597
1.7394
1.5856
1.1597
0.6638
0.6514
0.2034
0.1483
0.3000
-0.1037
0.3155
0.5989
-0.1166
0.0080
-0.3980
0.8729
0.1310
0.4943
0.4061
0.3227
0.9282
0.5778
0.7543
1.0082
0.9829
1.1076
1.1271
1.2589
1.3274
1.8097
2.1356
1.9097
2.1104
2.4507
2.6920
2.2766
2.1931
2.0653
1.8750
1.4719
1.2293
0.8715
0.8612
0.1635
0.6495
0.2056
1.0821
0.9857
-0.1461
-0.2471
-0.5803
-0.4546
-1.5609
-1.4734
-1.7603
-1.7479
-1.2056
-2.0817
-1.0993
-1.7353
-1.4501
-1.5864
-1.0474
-1.0492
-0.6287
-0.7878
-0.9185
-0.8770
0.0084
-0.1353
-0.3674
-0.0439
-0.4066
-0.6243
-0.4649
-0.5037
-0.0905
-0.4033
-0.6131
-0.4747
-0.7520
-0.1104
-0.5378
-0.2454
-0.3128
-0.1775
-0.0474
-0.2790
0.0570
-0.1129
-0.1993
-0.3565
-0.5261
-0.6652
-0.9560
-1.1198
-0.9633
-0.9732
-0.4187
-0.2051
0.1013
1.1566
1.3912
1.9447
1.8660
2.4527
2.4427
2.4300
2.7030
2.7449
2.5068
2.5992
2.5309
2.4921
2.6071
2.3548
2.0143
1.9155
2.0443
2.4029
2.9252
2.8819
3.4689
3.4826
3.4578
3.4145
4.1112
3.4877
4.4129
4.1912
3.7453
2.9981
3.1678
2.4584
2.0629
2.3574
1.5834
1.8503
1.3158
1.0806
1.3948
0.0430
0.4865
-0.4683
-0.8210
-0.7839
-0.4624
-0.6785
-0.3479
-0.1306
1.4599
0.8580
1.7385
3.2750
2.6305
2.6333
2.9915
2.8458
2.8182
3.8063
3.0281
3.6908
3.2792
3.5567
4.2237
3.8145
3.3787
3.2357
3.3215
3.1647
3.0847
3.3557
3.2744
2.8486
2.4278
1.7549
2.2531
1.3203
1.0342
0.7935
0.3633
0.2485
-0.2528
-0.5220
-0.8224
-1.0912
-1.0768
-1.5333
-1.7232
-1.8186
-2.0007
-1.8418
-2.2650
-2.2610
-2.4169
-2.4153
-2.3905
-2.6468
-2.7688
-2.8079
-2.9081
-2.8474
-3.0216
-2.8624
-3.2554
-3.3557
-3.3479
-3.3264
-3.5809
-3.7735
-3.8378
-3.9161
-3.8641
-3.9743
-3.6274
-4.0050
-3.9580
-4.1092
-3.9488
-4.1328
-4.1532
-3.9529
-4.0789
-3.9144
-4.2348
-4.2581
-4.2494
-4.2577
-4.3700
-4.1885
-4.0683
-3.9221
-3.7983
-3.4059
-3.6231
-3.6784
-3.4072
-3.4083
-3.0132
-3.0466
-3.2808
-3.1073
-3.4832
-3.1854
-3.5508
-3.6751
-3.1863
-3.7884
-3.8483
-3.4510
-3.6182
-3.2443
-3.1663
-2.6070
-2.2023
-2.0833
-2.0828
-2.1677
-2.1555
-2.6807
-2.7413
-2.9441
-3.0323
-2.7891
-2.3358
-2.2767
-2.6913
-2.8079
-2.6342
-2.3163
-2.5339
-2.6508
-2.5747
-1.8270
-0.7233
-1.0688
-0.1945
-0.4079
0.5901
0.8226
0.9187
1.3898
1.1733
2.1716
2.2522
2.4265
2.5180
2.1404
2.8419
2.6082
3.1406
3.2344
3.2406
3.4681
3.1407
3.2489
3.2859
3.3016
3.4281
3.0515
3.5626
3.4154
3.8957
3.8126
4.0402
3.9997
3.9285
3.9899
4.3961
4.2471
4.0317
3.3407
3.4203
3.2101
3.1487
2.5108
2.6717
2.6255
2.4252
2.7687
2.4771
2.6636
2.8628
2.4218
2.8294
2.6291
2.6266
2.8038
2.5717
2.6534
2.5766
2.1497
2.3722
2.0606
2.3793
1.9278
1.8881
1.3744
1.4380
1.5230
1.5075
1.1042
0.9965
1.2363
1.5987
1.2697
1.8702
1.7619
2.5174
2.5840
2.7045
2.1733
2.2174
2.0239
1.8829
1.6762
1.5418
1.1987
0.8927
0.3847
0.0040
-0.3628
-0.9951
-1.5250
-1.9093
-2.2882
-2.6435
-3.0033
-3.3478
-3.6951
-4.0567
-4.1812
-4.6584
-4.8499
-4.9897
-4.9965
-5.1165
-5.1259
-5.2600
-5.3029
-5.3365
-5.1442
-5.3578
-5.3641
-5.3467
-5.4400
-5.4553
-5.5513
-5.5364
-5.4880
-5.4135
-5.2909
-5.1528
-4.9634
-4.7705
-4.5097
-4.2357
-3.6400
-3.1678
-2.8379
-1.9736
-1.3009
-0.7895
-0.7422
-0.0651
-0.0156
1.0023
2.0203
2.6697
2.6965
3.8601
4.3664
5.5118
5.9226
6.1282
7.9347
8.7174
