6.8969
7.1682
7.7301
8.2977
8.2316
8.3847
8.2147
8.4432
8.1860
7.8167
7.7025
7.2698
7.1044
6.5313
6.9837
6.3193
5.6163
5.4888
4.8870
4.8440
4.6723
4.4057
3.7369
3.8431
3.2375
2.9159
2.9972
2.2590
2.1944
1.6710
1.7462
1.7060
1.4778
1.7051
1.6698
1.3035
1.5078
1.7559
1.3622
1.0314
0.4777
0.6507
0.8287
0.2932
0.6007
0.7590
0.5266
0.3939
-0.2115
-0.6215
-0.9753
-1.0155
-1.3431
-1.5697
-1.7248
-1.8079
-1.8801
-2.0387
-2.2532
-2.0989
-2.5005
-2.3248
-2.0878
-1.9887
-2.6167
-3.0615
-3.0193
-3.3451
-3.0033
-2.6281
-2.9138
-2.4634
-2.8455
-2.7609
-2.8914
-3.0105
-2.4729
-2.4649
-2.4653
-2.4235
-2.6327
-2.5564
-1.7599
-2.1756
-1.6365
-2.3023
-2.3776
-2.2700
-2.5501
-2.5793
-2.5608
-2.6983
-2.4831
-2.6772
-2.7385
-2.5396
-2.9464
-3.0216
-2.9019
-3.1110
-2.3911
-2.8716
-3.0264
-2.6436
-3.2193
-3.2795
-3.2176
-3.4760
-3.3022
-3.0859
-3.4534
-3.4491
-3.1171
-3.4202
-3.2903
-3.2301
-3.0121
-2.9847
-2.4784
-1.9932
-1.6190
-0.2891
-0.2058
0.1982
0.8652
1.4181
1.7978
1.3621
1.4676
1.3584
1.4253
1.0023
1.5834
0.3466
0.4024
0.0117
0.1942
-0.1490
0.0006
-0.5600
-0.2193
-0.0389
0.0517
0.4464
1.1101
1.4023
0.9972
1.2580
1.7145
1.3804
2.0608
2.7081
2.9703
3.5288
3.8257
4.2690
4.7097
5.5207
5.7211
6.2912
6.7098
7.1039
6.7220
7.0215
6.9570
7.3944
6.8431
6.5615
6.1614
5.7282
4.7902
4.7164
4.2041
3.6573
2.8762
2.5514
2.2984
2.7180
2.9206
1.8347
1.2245
0.7484
1.2995
1.3422
1.4188
1.4739
1.6069
2.0169
1.7566
2.4595
2.3496
4.4701
4.3851
4.7196
4.7984
5.4806
5.3336
5.2573
5.8471
5.8238
5.6089
5.0606
4.8755
4.4796
4.6361
3.7787
3.2645
2.7156
3.5117
3.7634
2.9798
3.3333
2.5529
3.7119
2.9537
3.6568
3.4706
3.2135
3.2004
3.3956
3.5932
3.8949
4.4118
4.4965
4.8706
5.5013
5.4167
6.0322
6.3293
6.5277
6.7361
6.9876
7.1541
7.0547
6.9525
7.4079
7.4651
7.3591
7.0183
7.0318
7.0703
7.0847
6.8002
6.5989
6.6384
6.0019
6.0715
5.5445
5.2601
4.8998
4.9702
4.3584
4.6954
3.7125
3.6277
2.9642
2.9930
3.1306
2.4686
2.3383
2.3337
2.3861
1.7024
1.6711
2.0923
1.1923
1.8409
0.9487
0.9447
0.9972
0.7968
-0.0261
-0.4804
-0.3694
-0.9135
-0.5732
-0.9266
-1.3643
-1.0526
-1.3163
-1.4024
-1.2041
-1.6275
-1.8001
-1.4301
-1.9387
-1.6116
-1.5790
-1.3983
-1.8348
-1.6415
-1.3575
-0.9913
-1.4415
-1.5489
-1.7016
-1.5855
-1.6061
-1.8605
-1.7873
-1.2510
-2.0834
-2.0863
-2.1910
-2.5826
-2.8421
-3.3260
-3.2968
-3.4515
-3.1411
-3.0709
-3.1580
-3.2747
-2.8826
-2.9735
-2.7372
-2.8217
-1.9164
-2.0587
-2.1172
-1.7708
-1.7622
-1.3365
-1.0943
-1.1065
-0.2529
-0.3145
-0.0512
0.2794
0.8009
0.0816
0.4506
0.5937
0.4971
0.6484
0.6680
0.8535
0.5889
0.6560
0.7192
0.8895
0.7634
0.9406
0.8943
0.6651
0.4649
0.6811
0.2839
0.1472
0.2500
-0.3026
-0.1557
-0.8439
-0.9329
-1.4678
-2.1595
-2.5294
-2.8527
-3.5393
-3.7591
-4.2710
-4.8926
-5.4780
-5.9621
-6.0454
-6.7196
-7.1879
-7.5515
-7.8599
-8.2131
-7.7810
-8.3341
-9.0047
-9.1712
-9.3012
-9.5010
-9.8219
-10.1408
-10.3051
-10.5774
-10.9096
-11.2593
-11.5301
-11.7303
-11.9309
-12.0403
-12.1168
-11.9203
-12.1406
-12.0734
-11.9774
-11.6767
-11.4624
-11.0842
-10.5662
-10.4142
-10.0333
-9.6727
-9.3309
-8.8829
-8.3355
-8.0154
-7.6755
-7.2236
-6.9701
-6.5230
-6.3041
-5.9363
-5.8468
-5.4264
-5.5067
-5.3080
-4.9339
-4.9180
-4.6682
-4.5543
-4.3627
-4.2952
-4.0871
-3.7853
-3.5516
-3.2424
-3.0079
-2.7330
-2.4207
-2.1786
-1.5186
-1.6757
-1.2950
-1.0561
-0.6988
-0.5069
-0.3491
-0.2127
0.0441
0.1191
0.4373
0.3509
0.6726
0.7298
0.6010
0.7781
1.4224
1.4003
2.1791
2.3865
2.3933
2.4076
2.9358
3.5969
3.8947
4.6674
5.2294
5.7101
5.8726
6.1501
6.6733
6.4859
6.3560
6.2560
6.2052
6.5580
6.5412
6.5340
7.1205
7.2607
7.5098
7.3693
7.8478
7.6416
7.2361
7.7425
8.0797
8.5579
7.1181
7.7182
7.0263
7.2006
7.3074
6.6771
5.9934
5.0289
4.4413
4.0775
2.9377
2.3189
2.0496
0.8455
0.8848
0.0885
0.1130
-0.3300
-0.2150
-0.6743
-0.0784
-0.3885
-0.5490
-0.4310
-0.4447
-0.1821
-0.2411
-0.0698
0.0090
0.3058
0.7779
0.8589
1.1970
1.3552
1.8687
2.8768
2.7051
3.1947
4.0992
4.3148
4.0740
4.7071
5.0699
5.6088
5.7435
6.4365
5.7669
6.4600
5.6719
6.3833
5.8309
5.7384
5.8752
5.2162
5.1826
5.0472
5.3809
4.8065
5.2049
4.2695
4.3070
3.8701
3.5468
2.7450
2.2681
2.0262
1.6492
1.8109
0.8771
0.5483
0.5441
0.4088
-0.0245
0.1808
-0.2714
-0.1728
-0.1281
-0.4935
-0.3999
-0.5996
-0.4755
-0.6384
-0.4128
-0.7374
-0.7531
-0.4438
-0.6634
-0.3510
-0.6664
-0.6166
-0.6481
-0.2855
-0.3465
-0.0617
0.0313
0.1711
0.4570
0.2486
0.7064
0.1228
0.0170
-0.1157
-0.0781
-0.1721
-0.0874
-0.3008
-0.1140
-0.6128
-0.5572
-1.0569
-1.1284
-1.2659
-1.3222
-1.4578
-1.5075
-1.2191
-1.4589
-1.6363
-1.6720
-1.5263
-1.0324
-1.3101
-1.0438
-0.9894
-0.7331
-0.4484
-0.1546
-0.0758
0.1648
0.4810
0.5967
1.0217
1.0533
1.3097
1.2329
1.5550
1.6073
1.7168
1.5713
1.5888
1.8007
1.4702
1.3918
1.5273
1.2796
1.2321
1.0942
0.9156
0.7266
0.6009
0.5477
0.3023
0.1170
0.0241
-0.3002
-0.6250
-0.5620
-0.6585
-0.2625
-0.8449
-0.7530
-0.6859
-1.1349
-0.9046
-1.0248
-1.1313
-1.6881
-1.8881
-1.6921
-2.0487
-2.4701
-2.8632
-3.0382
-3.0565
-3.3352
-3.6402
-3.7918
-3.9107
-3.6098
-3.3558
-3.5052
-4.0771
-4.3446
-4.4081
-4.3744
-4.3087
-4.5022
-4.4417
-4.5925
-4.5739
-4.4195
-4.5505
-3.9801
-4.1233
-4.5014
-4.0837
-4.1829
-4.2898
-3.9601
-3.8335
-4.0016
-3.4466
-3.7762
-3.6612
-3.8408
-3.6173
-3.4515
-3.6802
-3.6446
-3.5190
-3.9049
-3.9280
-3.8275
-4.2939
-4.3932
-4.1204
-4.5025
-4.8477
-4.7315
-5.1073
-4.6403
-4.6183
-4.6995
-4.9666
-5.0906
-4.9480
-5.0990
-5.0282
-5.2095
-5.2192
-5.1582
-5.0487
-5.1703
-4.6768
-4.8944
-4.5428
-4.7508
-4.4509
-4.5883
-4.4273
-4.3383
-4.1483
-3.7524
-3.4831
-3.2793
-3.3319
-3.1640
-2.9676
-3.1107
-3.2069
-3.3641
-3.2894
-3.2673
-2.8394
-2.7714
-2.4184
-2.5731
-2.7110
-2.2270
-2.5439
-1.9431
-1.5082
-1.0044
-0.3087
0.0697
0.5437
0.6944
0.7092
0.8454
1.2225
1.3634
1.7429
1.8214
2.1758
2.5518
2.8398
3.1381
3.2685
3.6411
4.4785
4.7182
3.8977
3.6441
3.1466
3.4033
3.7180
3.8691
4.5371
5.5627
5.2021
6.8123
6.8599
7.2572
7.3171
7.9664
7.1543
7.0974
8.1485
8.8272
8.8715
9.4880
9.6553
9.1157
9.6192
10.7549
10.1416
11.1472
10.9813
11.0874
10.1684
10.4603
10.3035
9.9837
9.5889
9.6407
9.1257
8.8993
8.5086
8.3528
8.3908
7.5197
8.0623
6.8786
6.7713
6.1698
5.8455
5.2672
4.7719
4.2153
3.6440
3.0701
2.4686
1.9769
1.4582
1.1640
0.8780
0.3863
-0.1085
-0.4324
-0.8057
-1.1066
-1.3904
-1.6038
-1.7667
-1.6594
-1.9400
-1.9825
-1.9926
-1.9384
-1.9705
-2.3599
-2.3222
-2.0481
-2.6108
-2.9853
-3.3549
-3.5483
-3.4382
-3.5692
-3.3495
-2.9755
-3.0929
-3.0219
-2.2859
-3.1976
-3.1736
-3.7174
-3.6673
-4.4026
-4.5356
-4.5044
-4.7927
-4.9239
-4.7041
-4.5871
-5.1675
-4.6545
-4.8052
-4.8962
-4.6485
-4.3638
-4.2394
-3.8203
-2.7583
-1.4587
0.1534
0.4845
2.2536
2.0067
3.5391
3.9027
3.8535
4.9487
5.5009
6.6351
6.6250
6.7426
6.4435
5.8178
5.3748
4.7554
3.7561
3.6537
2.6317
2.4862
1.7385
1.7780
0.9624
0.7254
0.4143
0.2268
-0.1337
-0.1555
-0.6185
-0.8367
-0.7095
-1.2975
-0.8510
-0.8434
-1.4760
-1.2216
-1.5797
-1.2486
-1.1452
-0.8045
-1.1059
-0.7399
-0.7903
-0.7393
-0.5714
-0.7430
-0.5072
-0.8509
-0.8424
-0.7936
-0.7870
-0.5271
-0.5491
-0.4466
-0.4501
-0.2941
-0.6255
-0.2050
-0.5036
-0.5043
-0.3742
-0.3191
-0.2094
-0.0626
0.2564
0.1979
0.2709
0.3392
0.7349
0.3288
0.5000
0.2809
0.1675
0.1130
0.1283
-0.0845
-0.3140
-0.4988
-0.8764
-0.9043
-1.5314
-1.6787
-1.9201
-2.3224
-3.0121
-2.7182
-3.6758
-3.5197
-3.9129
-4.3827
-4.6589
-4.7914
-5.2263
-5.4522
-5.7176
-5.3954
-5.5831
-5.6391
-6.0035
-6.0247
-6.6074
-6.4109
-6.3054
-6.1526
-6.7023
-6.1629
-6.5714
-6.4180
-6.1955
-6.3786
-6.3333
-5.7769
-6.1218
-5.7986
-5.8780
-5.8517
-5.4787
-5.8757
-5.6902
-5.5172
-5.2110
-5.0214
-4.6162
-4.9816
-5.0512
-4.7569
-4.8249
-4.8344
-4.7093
-4.0386
-3.6933
-4.1256
-3.6323
-3.7463
-3.2242
-3.0498
-3.2012
-2.9921
-2.5938
-2.1091
-1.5806
-1.1345
-0.0575
0.6352
1.1384
1.7447
2.8661
3.3402
4.7115
5.5744
6.7389
7.2501
7.9353
8.9400
8.9774
9.4931
10.0168
10.5179
11.0459
11.1535
11.9938
11.7411
11.8285
11.9329
11.6220
11.0146
10.7200
10.2488
9.8441
9.6777
9.0070
8.2976
7.7636
7.2448
7.1575
6.8842
6.5008
6.1610
5.7085
5.3779
5.0249
5.1714
4.7776
5.0179
4.8917
4.4508
4.0746
4.1484
3.6964
3.9051
3.6931
3.5492
2.8532
3.1437
2.6201
2.6794
2.8755
2.5847
2.5052
3.3523
3.2077
3.4696
3.3760
3.1684
3.1065
2.7786
3.3806
3.6112
3.3101
3.9756
4.2284
4.1120
5.1675
5.3139
5.8297
5.6080
5.6695
6.1688
5.9383
6.5623
6.2382
6.2643
5.4122
5.1010
5.4744
5.8722
5.2949
5.6940
5.7236
5.2818
6.0355
6.2347
6.1379
5.4763
4.8707
4.1852
4.3734
3.5768
3.2101
3.0637
3.1668
3.2867
2.9428
2.4705
1.5306
1.3284
1.8546
1.2842
0.8797
0.7253
0.7637
0.6370
1.0253
0.7850
0.3176
0.2333
-0.1856
-0.3327
-0.8544
-0.3000
-0.7553
0.3207
0.3854
0.4017
0.9135
0.0666
0.3844
0.1696
0.3023
0.1208
0.9687
0.4416
0.4210
0.5579
-0.0006
-0.2764
0.2411
-0.2384
-0.8481
-1.0850
-1.6984
-2.1728
-2.3820
-2.4444
-2.1082
-2.8503
-1.9930
-3.2057
-2.4950
-2.9968
-2.9258
-2.4633
-3.1437
-3.3166
-3.2151
-2.9635
-3.3894
-2.8858
-2.8860
-2.8395
-3.0411
-2.9436
-3.0457
-2.7639
-2.3830
-2.5461
-2.6808
-3.0823
-3.1302
-3.2837
-3.4093
-3.3066
-3.0924
-2.8863
-2.5709
-2.6142
-2.6402
-3.1054
-2.6448
-2.5002
-2.5576
-2.0575
-1.4571
-1.4550
-2.1097
-1.0234
-1.6664
-1.1933
-0.7196
-0.7289
-0.3069
-0.0663
-0.6768
-0.7570
-0.8502
-1.0169
-0.7075
-1.2084
-1.1347
-1.2054
-1.0181
-0.8975
-1.2015
-1.3114
-1.2754
-1.5228
-1.4413
-1.4500
-1.4373
-1.6561
-1.4145
-1.8071
-1.5908
-1.8895
-1.4801
-1.9862
-1.7692
-1.8599
-1.8513
-1.7218
-1.7052
-1.3225
-1.4288
-0.7256
-0.9915
-0.4560
0.0349
-0.3453
0.0479
0.2522
0.1915
-0.4357
-0.3151
-0.6272
-0.9294
-1.1050
-1.0086
-0.9212
-1.0226
-0.9139
-0.7417
-0.5312
-0.3871
-0.2209
-0.1037
0.0282
0.4054
0.4450
0.5509
0.7596
0.8032
1.2064
1.1388
1.3383
1.4197
1.6261
1.8698
1.8309
1.9178
1.9669
2.2180
1.9780
2.2460
2.0481
2.0671
2.2585
1.9502
1.8728
1.6979
1.7260
1.4628
1.2634
1.3219
0.7828
0.4777
0.1783
0.0928
-0.4460
-0.8197
-1.1812
-1.5215
-1.8235
-2.0789
-2.2368
-2.6466
-2.9771
-3.0411
-3.3986
-3.4855
-3.5733
-3.6688
-3.5165
-3.8969
-3.6530
-4.0732
-4.1495
-4.2557
-4.3941
-4.4215
-4.4924
-4.4859
-4.4744
-4.2875
-4.4329
-4.3240
-4.0650
-3.8763
-3.5780
-3.4297
-3.0246
-2.6437
-2.2451
-2.2320
-2.0681
-1.9434
-1.4160
-2.7631
-2.9289
-3.1428
-3.5412
-3.6428
-4.0425
-3.8311
-4.1622
-4.4940
-4.5389
-4.7948
-4.7169
-4.7764
-4.8576
-5.0178
-4.7983
-5.2169
-5.2552
-5.1394
-5.6137
-5.6835
-6.0382
-5.9931
-6.3537
-6.3833
-6.4425
-6.1208
-6.4881
-6.7729
-6.5137
-7.0271
-7.1081
-7.2224
-7.3610
-7.2917
-7.1303
-7.0095
-7.0186
-6.8766
-6.9853
-6.8843
-7.0761
-7.0282
-7.0369
-6.9925
-6.6841
-6.8004
-6.6469
-6.6879
-6.5567
-6.7157
-6.6151
-6.6604
-6.3971
-6.0040
-5.5108
-4.9585
-5.2659
-4.3023
-4.2890
-4.2227
-3.3293
-3.2801
-2.4139
-2.0974
-1.4236
-0.9378
-0.6189
0.6646
0.9814
2.6430
2.1063
4.0090
4.3481
5.1348
5.2148
5.1868
6.3292
6.7040
7.3096
7.4161
9.3165
9.5984
11.1926
12.1882
13.1342
13.7870
14.0854
15.7217
15.5230
15.4781
14.8812
15.5220
15.3172
15.3039
16.2955
16.2322
16.1556
15.7467
16.3129
15.1159
14.3230
13.7522
13.3204
12.7208
11.7760
11.5484
11.2465
11.0286
11.2424
11.4315
11.4733
11.6415
11.9505
11.6999
11.8906
11.0990
11.2685
10.9893
10.3879
10.0419
9.6712
8.9500
8.5831
7.7828
7.2029
7.0029
6.3816
6.7266
6.2155
6.5921
6.3706
6.4920
7.1294
6.8172
6.2640
6.2659
5.8472
5.9076
5.5829
4.9448
4.9845
4.3995
3.6639
3.7324
2.9910
3.2658
3.4280
3.5944
2.6912
2.2963
2.4800
2.7791
2.9557
2.7470
2.4655
2.0269
2.0261
2.8093
2.1317
1.5652
1.4732
1.5631
2.3446
1.4864
1.3771
0.7276
0.9788
0.2894
0.0004
0.0709
-0.3250
-0.2881
-0.6148
-0.5983
-1.1203
-1.1638
-1.3104
-1.3003
-1.4014
-1.3503
-1.2341
-1.4065
-1.4096
-1.4709
-0.9643
-1.3960
-1.0354
-1.1429
-1.3641
-1.6100
-1.5588
-2.0682
-2.2569
-2.7028
-2.9422
-3.3353
-3.5436
-3.6988
-3.8327
-3.8093
-3.7274
-3.8881
-3.9334
-3.8586
-3.7260
-3.6207
-3.4690
-3.3471
-3.1763
-3.0066
-2.8386
-2.4862
-2.6007
-2.4510
-2.4412
-2.3477
-2.3398
-2.2424
-2.1052
-1.9325
-1.7968
-1.6522
-1.5497
-1.3670
-1.5625
-1.6846
-1.7400
-1.8585
-2.0046
-2.1791
-2.3716
-2.5015
-2.6571
-2.7153
-2.8046
-2.7285
-2.5552
-2.6979
-2.7366
-2.7702
-2.7619
-2.7044
-2.6335
-2.3711
-2.1403
-1.7009
-1.4592
-1.6371
-1.4759
-1.4865
-1.3628
-2.0891
-2.1837
-2.8377
-2.8649
-2.7987
-2.8362
-2.7916
-3.2481
-3.2689
-3.3117
-3.1391
-2.7996
-2.8093
-3.1830
-2.9601
-3.8283
-3.3722
-4.2915
-4.2709
-4.4205
-4.8111
-4.3787
-4.9040
-5.2101
-5.1215
-5.4060
-5.3469
-5.3713
-5.2765
-5.2338
-4.8661
-4.9740
-5.0222
-4.8767
-4.6949
-4.8302
-4.9714
-4.6469
-5.1151
-4.2925
-5.1271
-5.0709
-5.1747
-5.0011
-4.5636
-4.9947
-4.8530
-4.5626
-4.9161
-5.0207
-4.9560
-5.0271
-4.9761
-4.8566
-4.9759
-4.7428
-4.3634
-4.1524
-3.9176
-3.2582
-3.0729
-2.1402
-1.9894
-1.3254
-1.2222
-0.7726
-0.5313
-0.1800
-0.3900
-0.1723
0.2206
0.2185
0.5972
0.9866
0.7993
0.5772
1.0754
1.1713
1.3082
1.9916
2.3542
1.9508
2.6913
2.8448
2.7785
2.8778
3.2780
3.6429
4.0961
3.6354
4.5212
4.3538
4.1030
4.1224
4.5955
4.6495
5.0398
5.1049
5.4216
6.2769
5.5570
5.3459
5.0443
4.8540
4.7367
4.4727
4.0667
3.4219
3.0929
2.3981
2.0188
1.9423
1.8358
0.6871
0.3159
0.1895
-0.4030
-0.5132
-0.9539
-0.9316
-1.2063
-1.3153
-1.9242
-1.3498
-1.8334
-1.0823
-1.6840
-1.7636
-1.5696
-2.0600
-1.4134
-1.9005
-1.6672
-2.0119
-2.1117
-2.5174
-2.4358
-2.2831
-1.7773
-2.2639
-2.2724
-2.1437
-2.3851
-2.1182
-2.6522
-2.6993
-2.5027
-2.2739
-2.3364
-1.8580
-1.7564
-1.2557
-0.8221
-0.9406
-0.0687
-0.5267
-0.4556
-0.4225
0.1684
0.2596
0.9088
1.6312
2.0103
2.7815
2.7302
3.4869
3.9522
4.4922
4.3185
4.6055
5.0363
4.7941
4.9743
4.7825
5.7480
5.0504
5.2337
5.5029
5.3020
5.1258
5.1498
5.2931
4.9778
5.5034
5.8909
6.2981
5.9228
6.8039
6.7921
7.3887
7.7479
8.1290
8.9012
8.9914
9.0341
9.2707
9.3827
9.7213
9.9069
10.1885
10.0239
9.1619
8.7083
8.4778
7.5066
6.9851
5.8676
5.0241
4.2072
3.5659
2.7841
2.2414
1.9569
0.9384
0.2784
-0.6853
-1.2132
-1.8183
-2.2091
-2.4397
-3.0173
-3.2742
-3.5856
-3.6742
-3.8410
-3.1596
-3.8900
-3.9570
-4.5883
-5.0501
-5.2001
-5.2122
-5.2759
-5.2840
-5.3983
-5.0222
-5.2800
-5.0291
-4.2553
-4.6524
-4.3640
-4.1117
-4.2312
-4.4590
-4.7212
-4.7529
-5.0206
-5.0882
-5.1322
-5.2167
-5.6382
-5.7528
-5.7880
-5.7185
-5.4943
-5.2010
-5.2065
-5.2010
-5.7153
-5.6346
-5.8215
-5.8344
-5.9058
-6.1892
-5.8709
-6.2573
-6.4718
-6.5518
-6.6947
-6.3982
-6.6858
-6.1006
-6.4292
-6.4039
-5.9029
-6.2894
-6.5339
-6.5304
-6.3240
-6.2247
-6.3414
-6.2997
-5.9294
-6.0886
-6.2179
-6.2349
-6.2723
-6.0078
-6.0966
-5.9392
-5.7009
-6.0507
-6.0712
-5.8384
-6.0529
-6.0748
-6.1564
-6.2595
-6.4089
-6.5779
-6.7821
-7.0080
-7.2581
-7.3218
-7.7496
-8.0164
-8.1361
-8.4804
-8.6684
-9.0109
-9.1808
-9.3053
-9.3881
-9.4319
-9.4685
-9.4718
-9.4562
-9.3988
-9.3071
-9.1710
-8.9848
-8.7343
-8.4087
-7.9991
-7.5054
-6.7327
-6.2581
-5.4767
-4.6983
-3.8678
-3.0368
-2.1496
-1.2088
-0.3241
0.7273
1.5496
2.7702
4.3810
4.9423
5.9607
6.6726
6.7727
7.3632
8.0977
8.4330
9.2319
10.2541
10.5744
11.2553
12.0972
12.7897
13.3138
13.7019
14.1954
14.5182
14.7227
14.6247
14.8373
14.4577
13.9168
13.5477
12.6561
12.2969
11.7517
11.3309
10.3589
9.8545
8.3455
7.6711
7.2080
6.3367
6.0809
5.3420
5.3706
5.1352
4.8555
5.1733
5.6861
5.7995
6.2701
6.8764
6.7827
7.3606
7.8903
8.4140
8.9725
9.5164
8.8775
9.0040
8.8078
9.0532
8.2728
8.2019
7.1587
6.2888
5.5905
4.2305
3.9020
3.4395
2.5498
1.9531
0.7446
0.7580
-0.4307
-0.7112
-1.0354
-1.3064
-0.8913
-1.2926
-0.8206
-1.0459
-1.1605
-1.6312
-2.0200
-2.0759
-2.7437
-2.7031
-2.9991
-2.7041
-3.2752
-3.6060
-4.0671
-3.9715
-4.3224
-4.3258
-3.9197
-4.6914
-4.7833
-4.6435
-4.5560
-4.2354
-3.4019
-3.2995
-2.6569
-2.1747
-2.5592
-3.0198
-3.3954
-3.0809
-3.8362
-4.4202
-4.3679
-4.6504
-4.4073
-4.2512
-4.8755
-4.4012
-5.3585
-5.0593
-5.6913
-6.0909
-6.3554
-5.9589
-6.5037
-6.2759
-6.3291
-5.6867
-5.6704
-5.2719
-5.2699
-4.8308
-4.9725
-4.4165
-4.3994
-4.0528
-3.7437
-3.3688
-2.5657
-1.4905
-1.0375
0.4057
0.4658
1.5937
2.3665
3.0882
3.5656
4.9670
4.3738
5.1552
5.4911
5.9301
5.8468
6.4915
5.5679
6.3683
5.3322
5.2523
5.0052
4.9729
4.7547
5.0436
5.3316
5.7698
5.8697
6.5466
7.0421
7.5335
7.7548
8.3405
8.5825
8.6263
8.7924
8.8285
8.9381
8.7056
8.5167
7.9402
7.5134
7.6547
7.1841
6.2403
6.3436
5.6620
5.7253
5.4573
5.4067
5.4255
5.3839
5.3017
5.4222
4.9237
4.5223
4.2405
3.9224
3.5874
2.8844
2.3892
2.3686
2.2435
2.7263
2.4455
2.8147
2.4582
2.8725
2.8949
3.4449
3.7090
4.6574
4.3738
4.4673
4.9906
5.3426
5.6765
6.1996
6.2594
6.6287
7.1014
7.3492
7.5094
7.2547
6.9820
6.7539
6.4216
5.6741
5.7122
5.1888
4.3122
3.7167
2.9544
2.0562
1.6510
1.2801
0.6534
0.2014
-0.4332
-0.6147
-1.1599
-1.3577
-2.1485
-1.9689
-2.5243
-2.9142
-2.6283
-2.7269
-2.7436
-3.4725
-3.7907
-3.8540
-3.9238
-4.1739
-4.6161
-4.6777
-5.1370
-5.3305
-5.6649
-5.7858
-5.9413
-6.0675
-6.1601
-6.2229
-6.0587
-6.2425
-6.2130
-6.2365
-6.3035
-6.3997
-6.4768
-6.4729
-6.5026
-6.4750
-6.5090
-6.4970
-6.3721
-6.6103
-6.6642
-6.6742
-6.6573
-6.6233
-6.5854
-6.5322
-6.5000
-6.4450
-6.4503
-6.4436
-6.5014
-6.5359
-6.5850
-6.6106
-6.5492
-6.4025
-6.5669
-6.6555
-6.6573
-6.6757
-6.6861
-6.7195
-6.7001
-6.7367
-6.7061
-6.7770
-6.7003
-6.7807
-6.5241
-6.7799
-6.7364
-6.6792
-6.5875
-6.4876
-6.3464
-6.2366
-6.0714
-5.9749
-5.8203
-5.7532
-5.6513
-5.5867
-5.5175
-5.4606
-5.2172
-5.3992
-5.3715
-5.3228
-5.3766
-5.4051
-5.5117
-5.5476
-5.5422
-5.5511
-5.5516
-5.5862
-5.6215
-5.3626
-5.6501
-5.6108
-5.7721
-5.8041
-5.8906
-5.9511
-6.0460
-6.0352
-6.1939
-6.2116
-6.4324
-6.4880
-6.5879
-6.6147
-6.6618
-6.7031
-6.7621
-6.8287
-6.8563
-6.9089
-6.7156
-7.0158
-7.0045
-7.1648
-7.2039
-7.3283
-7.3867
-7.4002
-7.0901
-7.5481
-6.8396
-7.4663
-7.4123
-6.8611
-7.5463
-7.3957
-7.4844
-7.0441
-7.4435
-7.3829
-7.0983
-7.1816
-7.0179
-7.0423
-6.8303
-6.2986
-6.5630
-6.4600
-6.1456
-5.9502
-5.8850
-5.4962
-4.8611
-3.6232
-3.1710
-2.2976
-1.4885
-0.7475
0.4716
0.6092
1.4352
1.9157
2.8814
3.1732
3.7982
3.8570
4.3797
4.7294
5.4036
4.9295
5.8181
6.2158
5.7042
6.6393
6.2778
6.8266
7.8532
6.9258
7.2607
7.8208
7.6642
8.2610
8.5578
8.2809
8.2966
8.4894
9.3177
9.6474
10.5365
11.0150
11.4122
11.2659
12.2061
12.0910
11.5551
10.9119
11.2194
12.1019
11.6272
10.9424
11.9983
10.8393
11.5335
10.8891
11.2392
12.2157
12.0227
13.1969
12.1271
12.4235
12.7417
13.3149
14.1443
15.0064
14.8503
15.3548
15.6466
14.5650
14.1057
13.2953
13.1154
12.2189
11.1860
11.4103
11.0383
10.5689
10.2191
9.8452
9.9030
9.3450
9.3468
9.2725
9.0037
9.0525
8.9673
8.5626
8.4195
8.4017
7.9710
7.5677
7.2637
6.8911
6.9254
6.5121
6.4156
5.9602
5.6867
5.6353
5.6069
5.8259
5.9068
5.5724
5.5258
5.3265
5.3916
5.0760
4.9418
4.8893
4.9818
5.2427
5.0646
5.0356
4.9209
5.0537
4.7303
4.7115
4.3122
3.6381
3.0447
2.4875
2.0483
1.4646
1.0450
0.4184
0.3155
-0.6080
-0.9518
-1.4638
-1.9678
-1.8626
-2.4278
-2.4975
-3.2533
-3.6000
-3.9901
-4.3575
-4.5684
-4.9650
-4.7897
-5.3936
-5.6291
-6.2075
-6.0537
-6.3906
-6.6991
-6.8356
-7.2555
-7.4366
-7.5059
-7.7127
-8.1191
-8.3118
-8.0892
-8.6700
-8.8615
-8.6833
-8.9800
-9.0339
-9.1626
-8.9427
-9.1166
-9.4023
-9.6087
-9.7311
-9.7593
-9.7270
-9.6124
-9.7526
-9.6456
-9.6998
-9.5922
-9.3802
-9.2936
-9.1976
-9.1172
-8.9909
-8.8962
-8.2302
-8.3220
-8.2563
-8.1575
-7.9996
-7.8125
-7.5935
-7.2434
-7.1676
-6.9209
-6.3489
-5.9503
-5.0648
-4.5862
-4.0937
-3.1546
-2.3265
-1.1547
0.1469
1.6386
2.9727
3.6306
4.6208
4.7600
5.8087
5.6752
4.8960
5.0096
4.1044
4.0368
4.0864
2.8272
2.8171
2.2107
1.8485
1.8074
0.9780
0.8696
0.3811
0.6774
-0.0218
0.1911
-0.1647
-0.3063
-0.6330
0.0344
-0.4665
0.3057
-0.6101
-0.2828
-0.3275
0.0503
0.1885
0.8468
1.1406
0.7443
0.6448
1.6268
0.9405
1.8853
2.0854
1.7734
3.4082
3.9054
4.7715
4.4003
4.6329
5.2277
5.0776
6.5122
5.0572
5.8774
5.2431
5.8391
5.1400
5.1022
5.0544
5.0003
5.2097
5.3951
4.2196
5.1311
5.0020
5.1696
4.3909
4.9866
4.2204
4.1955
4.4379
3.5039
3.4504
3.6391
3.1610
3.2523
2.7900
2.2921
1.3771
1.1447
1.1734
0.4786
0.1280
0.1220
0.0430
-0.4830
-0.8858
-1.1002
-1.2972
-1.3757
-1.6424
-1.7919
-1.4454
-1.8943
-1.8048
-1.7989
-1.5115
-1.4952
-1.2437
-1.5132
-1.3919
-1.3473
-1.6734
-1.2957
-1.0075
-0.9650
-0.7418
-0.4580
-0.7351
-0.5142
-0.4688
-0.5245
-0.2701
-0.3356
-0.1306
-0.1837
0.7572
0.3280
0.8973
0.7303
0.7950
1.1276
1.3571
2.1221
2.4232
3.0622
3.3404
3.5198
3.9165
4.0741
4.5608
4.8538
5.4754
5.6656
6.0012
6.2987
6.6236
7.0267
6.9895
6.6415
6.8618
6.7766
6.3783
5.9421
5.3342
5.1628
4.4606
3.8182
3.4216
2.6002
2.3740
1.6546
1.3121
0.8969
0.8268
0.5511
0.2735
0.1782
-0.0787
-0.1806
-0.2639
-0.3771
-0.5659
-0.7136
-0.7391
-0.9027
-1.3245
-1.4056
-1.6492
-1.6444
-1.8874
-1.6589
-1.8175
-2.1360
-2.3077
-2.4787
-2.7205
-2.9615
-3.2658
-3.5171
-3.5183
-3.9304
-3.8771
-4.1132
-4.1327
-3.9940
-4.0432
-4.2261
-4.0739
-3.9241
-3.7505
-3.5861
-3.3192
-3.0985
-2.7271
-2.8703
-2.8448
-2.7914
-2.4659
-2.4644
-1.7821
-1.8396
-1.4445
-1.0765
-0.6635
-0.0615
0.5705
0.5554
0.8567
0.9438
1.4020
1.0523
1.1823
1.5068
1.5646
1.5689
1.6791
1.5705
1.0263
0.9382
1.1405
0.5071
0.6402
0.8379
0.8355
1.1212
0.7142
0.7022
1.5556
0.6082
1.1682
0.4535
0.7123
0.9017
0.8320
0.7992
0.9413
0.9821
1.1660
1.1167
1.1470
1.3463
1.4337
1.4143
1.1045
0.7354
0.9598
0.4197
0.4787
0.7129
-0.0030
0.0598
-0.3895
-0.3600
-0.6439
-0.2494
-0.4566
0.5278
0.2014
-0.0079
-0.0115
0.4455
0.2243
0.6298
1.2011
0.8674
1.4962
1.7264
1.6306
1.7179
1.5900
1.6952
2.1081
1.9578
2.0047
2.0369
2.2194
2.5020
2.3601
2.4694
2.3278
2.2078
2.4060
2.1184
2.2243
2.2449
2.7238
2.1881
2.2175
2.2552
2.0567
2.0264
1.6954
1.4591
1.6235
1.0235
0.8489
0.7235
0.7477
1.0025
1.1369
1.2214
1.3456
0.9879
1.1515
0.7296
0.5624
0.0229
-0.3264
-0.7969
-0.7298
-1.1436
-1.2160
-1.4296
-1.6100
-1.6639
-1.6658
-1.8176
-1.9483
-2.1396
-2.1616
-2.4569
-2.5862
-2.4610
-3.0026
-2.8635
-3.0640
-3.0353
-2.9127
-2.9100
-2.2719
-2.8606
-2.9022
-2.9722
-2.7666
-2.8366
-2.7606
-2.5237
-2.3926
-2.4658
-2.3942
-2.6059
-2.6122
-2.8700
-2.5640
-3.1072
-3.2898
-3.3727
-3.7574
-3.8675
-4.0207
-4.2961
-4.5648
-4.9170
-5.1422
-5.2172
-5.4929
-6.0268
-6.2977
-6.5800
-6.8186
-7.1195
-7.4635
-7.7963
-7.9361
-8.2217
-8.3589
-8.6698
-8.7168
-8.9998
-9.0764
-8.7357
-8.9559
-8.9973
-8.7627
-8.9807
-8.4093
-8.8031
-8.6006
-8.4483
-7.5336
-7.6292
-6.4693
-6.5994
-5.6406
-4.9875
-5.2015
-5.1559
-4.6827
-4.0565
-3.1729
-3.7034
-2.8265
-2.2995
-1.5511
-1.1754
-1.0034
-0.2053
0.6385
1.2853
1.3456
1.8077
2.1551
2.5424
3.0732
3.0213
3.5747
3.3122
3.6725
3.5033
3.1475
2.7856
2.6797
3.2046
2.7236
2.8183
2.1843
2.4268
1.9090
1.5680
1.5556
0.6171
0.6575
-0.1870
-0.4264
-0.0383
-0.1870
-0.5097
-0.2666
-0.4851
-0.4929
-0.6067
-0.8013
-0.2253
-0.9925
-1.2330
-1.1279
-1.6414
-1.8043
-1.7063
-2.1838
-1.8508
-2.2732
-1.5054
-1.5670
-1.9030
-1.9230
-0.7383
-1.0151
-1.6783
-1.8532
-1.2420
-0.6350
0.1601
-0.3212
0.2891
0.9972
0.2464
0.3858
1.1793
1.1289
1.3797
1.4431
1.9248
1.7679
1.5364
1.5285
1.5722
2.2093
1.9423
2.5686
2.4221
2.4077
2.3319
2.9405
2.6333
2.5066
2.5709
3.1324
2.8487
3.1016
3.0505
3.5659
3.2913
3.0577
3.1804
3.0302
2.9882
2.6299
2.8328
2.6955
2.9615
2.8192
2.6964
3.0370
3.1312
3.2366
2.8571
2.5436
2.7996
2.7933
3.3752
3.5424
3.1801
3.3416
3.8050
3.4702
3.0525
2.9823
3.4412
3.9461
3.6765
3.8051
3.5205
2.9986
2.3991
2.3406
1.5039
1.2700
0.8414
0.5329
0.8580
0.7115
0.3625
0.4676
0.3405
0.3866
-0.0330
-0.1273
-0.0065
0.3022
0.2745
0.2431
-0.0763
-0.1507
-0.0848
-0.0537
-0.0824
0.3876
0.1030
-0.2135
-0.2312
-0.2049
-0.3717
-0.4149
-0.0747
0.1462
0.6713
0.5678
0.2986
-0.0763
-0.1456
-0.5336
-0.7267
-0.8175
-1.0461
-1.5848
-1.4939
-1.7124
-2.1950
-2.9521
-3.0905
-3.0028
-3.1686
-3.2696
-3.2199
-3.7388
-3.5789
-3.8955
-4.0442
-4.0934
-3.9594
-4.4587
-4.1428
-4.3471
-4.0409
-4.3341
-3.7024
-4.0044
-3.7314
-3.9216
-4.0955
-3.6918
-3.8548
-3.9255
-4.0422
-4.2257
-3.4303
-3.4430
-4.0592
-3.8614
-3.0622
-2.3035
-2.2083
-1.7248
-2.3190
-1.7215
-1.6344
-1.3697
-0.5328
-0.1481
0.5748
0.7161
1.2801
1.2159
1.2205
1.7186
1.5728
1.8305
1.2703
0.9926
1.2135
0.6521
0.4806
0.5779
-0.1096
-0.0634
-0.7229
-1.0994
-1.2080
-1.3318
-1.7637
-1.9279
-2.0750
-2.2672
-2.2750
-2.4119
-2.6040
-3.0132
-3.4705
-3.4508
-3.9756
-4.0214
-4.1766
-3.7927
-4.2653
-5.0448
-5.3079
-5.0931
-5.0710
-5.3306
-5.6187
-5.5711
-5.4264
-5.6860
-5.5281
-5.5286
-5.6045
-5.7986
-5.9797
-5.7395
-5.9761
-6.0214
-5.9762
-5.9705
-5.7443
-5.9535
-5.6288
-5.9549
-5.6337
-5.8299
-6.0265
-5.8941
-5.5289
-5.2738
-5.3970
-5.3304
-5.0450
-5.1063
-5.0216
-5.0310
-5.0463
-5.0815
-4.8143
-4.8683
-5.0923
-5.0038
-4.8196
-4.6866
-4.3386
-4.5119
-4.2996
-3.8799
-3.7713
-3.4379
-3.0420
-2.7969
-2.4851
-2.1062
-1.9824
-1.6752
-1.1380
-1.0349
-0.6835
-0.1722
-0.1078
0.2735
0.4686
0.8114
0.9725
1.3806
1.2928
1.5342
1.5507
1.6963
1.8140
1.6316
1.5713
1.5687
1.8859
1.6348
2.0428
1.7135
1.8681
1.8908
2.0769
2.2660
2.6380
2.6644
2.7450
2.3989
2.7117
2.4188
2.5382
2.4940
2.6185
2.3575
2.1397
2.2284
1.8712
1.7926
1.4691
1.0521
1.0619
0.5382
0.4677
0.2496
0.1714
0.0153
-0.2960
-0.4652
-0.6903
-1.0697
-1.2653
-1.6234
-1.8673
-2.0096
-1.6668
-2.0704
-2.1886
-2.3304
-2.4028
-2.5354
-2.5077
-2.5979
-2.6310
-2.3163
-2.5970
-2.5464
-2.3964
-2.5555
-2.3924
-2.3100
-1.9685
-2.0995
-1.9948
-1.8978
-1.7627
-1.5293
-1.4969
-1.7024
-1.7121
-1.5766
-1.4971
-1.2170
-0.8440
-0.6105
-0.7624
-0.7461
-0.7651
-0.7075
-0.5718
-0.2698
-0.2656
-0.1129
0.2281
0.1889
0.2163
0.5280
0.3608
0.6511
0.4712
0.6065
0.5054
0.5477
0.3134
0.2442
0.2518
-0.0192
0.0004
-0.4347
-0.7469
-1.0695
-1.0190
-1.2845
-1.6080
-1.8959
-1.9474
-1.9745
-2.3069
-2.5956
-2.8688
-2.9292
-3.3970
-3.3771
-3.7451
-3.6844
-3.9312
-3.9200
-4.2912
-4.4123
-4.5549
-4.9948
-5.3244
-5.3257
-5.4752
-5.5958
-5.6007
-5.3379
-5.2208
-4.6049
-4.5735
-4.0858
-3.8587
-3.4389
-3.0737
-2.7202
-2.6260
-1.9482
-1.9137
-2.0993
-1.8461
-2.0021
-1.8576
-1.4188
-1.3810
-1.4223
-1.1409
-1.2921
-0.9079
-0.3054
0.0835
-0.0738
-0.0947
0.5482
1.0607
1.0908
1.4835
2.2022
2.3800
3.7213
3.4276
4.5536
3.8731
4.7902
4.8696
5.0315
5.6615
5.3439
5.8784
5.5575
6.0365
5.6613
5.1703
5.0833
5.2356
5.4135
4.9174
4.8715
5.6071
5.2690
5.8203
6.2603
6.1681
7.4275
6.9920
6.7204
6.7468
6.9340
6.8314
6.5716
6.6058
6.3367
5.7864
5.2712
5.0526
4.7462
4.7874
3.8559
3.3831
3.0514
2.8720
2.4569
2.2551
2.2215
1.8168
1.3676
0.8137
0.4539
0.4140
0.0620
0.2825
-0.1272
-0.6252
-0.6218
-0.7043
-1.0675
-1.2049
-0.8269
-1.2942
-0.3442
-0.4754
-1.2754
-0.6102
-0.7120
-1.3626
-1.2213
-2.0873
-1.9761
-1.3521
-0.7450
-1.2096
-1.6666
-2.4403
-2.1740
-1.7758
-1.9366
-1.4966
-2.0486
-2.5981
-2.6235
-3.4102
-3.2433
-3.8713
-4.1757
-4.0085
-4.4130
-3.7664
-3.6054
-3.8233
-3.6695
-3.5727
-3.3861
-3.3860
-3.5919
-3.1453
-3.5024
-3.0175
-2.8215
-2.9398
-2.1946
-2.5777
-2.1986
-2.6167
-2.2374
-2.5769
-2.1146
-1.3946
-2.0826
-2.0953
-2.7204
-2.1323
-2.4276
-1.6520
-1.4967
-1.7759
-1.5917
-1.2383
-0.3366
-0.8489
0.1285
-0.0008
0.6796
0.9478
0.8199
1.9953
2.3655
2.5762
2.2269
3.5667
2.9860
3.1528
3.4264
3.4101
3.4297
2.8123
2.8685
2.9241
2.3977
2.3364
2.7952
1.7036
1.5945
1.3741
1.3668
0.7935
0.6585
-0.0505
0.0301
-0.1905
-0.8675
-1.2622
-1.3498
-1.7913
-2.0955
-2.3414
-2.3033
-2.4908
-2.4057
-2.4619
-2.0990
-2.4268
-2.2015
-2.5658
-2.5127
-2.4402
-2.2606
-2.0606
-1.8301
-1.2115
-1.0856
-0.7517
-0.7567
-0.3119
0.1386
0.3860
0.7636
0.8777
0.9797
1.1195
0.9547
0.8844
0.6986
0.7903
0.7212
0.7118
0.6178
0.4898
0.6779
0.4519
0.6486
0.6752
0.4438
0.6332
0.0370
-0.3403
-0.5262
-0.9783
-1.4195
-1.5136
-1.7730
-1.9301
-1.3527
-1.3090
-1.0680
-0.3869
-0.6975
-0.0628
-0.0930
-1.1729
-0.3780
-0.8091
0.1815
0.5297
1.6922
1.4448
2.1056
1.3242
0.9522
1.5731
1.3300
1.5139
1.8087
1.2982
2.2126
1.7761
2.2185
2.1222
3.4429
3.9391
3.8896
3.6688
3.4764
3.5040
2.8915
3.1987
3.9575
4.1982
3.6942
3.1389
3.5976
4.3100
4.4188
3.9112
4.6789
4.6632
4.4492
5.2428
5.6029
6.0412
6.5038
6.7057
7.3098
7.7211
9.3044
9.8531
10.8605
11.0679
12.1034
12.2114
13.1264
13.2198
13.9861
13.7796
13.8494
13.3046
13.1026
12.6267
11.7550
11.0187
9.9652
9.0349
8.3208
7.6624
7.1704
6.7928
6.6987
6.5394
5.7950
5.6246
5.7141
5.4716
5.8529
5.6168
6.2119
6.4189
6.3310
5.5828
5.1674
4.9453
4.1587
4.3746
3.7977
4.0921
3.2819
3.1674
3.0366
3.1927
2.5297
2.3314
2.0032
1.6519
2.2730
1.4410
1.4183
1.0753
0.9294
1.4579
0.9449
0.6175
1.1050
0.8357
0.9310
0.7846
0.7004
0.7253
1.0890
1.0047
1.2611
1.5108
1.7960
2.1018
2.3034
2.5078
2.6575
2.7403
2.8278
2.9213
3.0347
3.1640
3.5234
3.3356
3.3656
3.1934
3.0548
2.8062
2.5364
2.2129
1.8498
1.6574
1.0101
0.5569
0.0868
-0.3826
-0.8615
-1.3060
-1.7317
-2.0724
-2.4495
-2.8071
-3.1970
-3.4448
-3.7644
-3.8729
-3.9429
-4.3384
-4.4402
-4.3246
-4.5933
-4.6818
-4.8239
-3.9274
-4.6204
-4.6800
-4.8544
-5.4962
-5.7569
-5.9435
-5.8138
-5.9261
-6.3680
-6.5532
-6.7936
-6.8055
-6.8173
-7.0004
-7.0682
-6.6058
-6.2818
-6.1833
-5.7132
-5.5922
-5.7494
-5.8346
-4.9080
-5.4561
-5.3791
-5.8902
-5.8332
-5.8223
-4.9955
-5.1812
-5.1302
-4.8592
-4.6847
-4.4736
-4.2505
-3.6937
-3.8165
-3.6457
-3.6138
-3.6248
-3.4828
-3.4911
-3.2308
-3.8725
-3.6320
-3.9054
-3.9151
-3.8058
-3.6557
-3.6947
-3.6814
-3.3440
-3.3231
-3.2494
-3.0154
-2.8126
-2.8259
-2.7522
-2.4449
-2.1507
-1.9797
-1.7409
-1.2604
-0.6455
-0.3879
0.2253
0.4301
0.5176
0.5364
1.0021
1.3514
2.0781
2.3998
2.6015
2.8319
3.1426
2.9663
2.9589
2.9332
3.7022
3.1824
4.0298
3.5668
4.3763
4.2863
4.2716
4.9928
5.0799
5.2535
5.9411
6.6316
6.7078
7.1084
7.1866
7.5139
7.6742
7.0994
7.1358
6.6238
6.6389
6.2397
6.0907
6.1371
5.8042
6.1357
6.4604
6.3758
6.9482
6.6299
7.0904
7.4852
7.7077
7.9133
8.2679
8.0196
7.8292
7.9549
7.7332
7.8796
7.5555
6.9951
7.2091
6.8497
7.8203
6.4895
6.2008
5.3527
5.5842
4.6433
4.6254
4.1052
4.4795
3.0980
3.1807
2.7770
2.7459
3.5024
2.5611
2.4231
1.7910
2.7195
2.3117
2.7455
2.1703
2.1668
2.6272
2.0886
2.4306
2.0527
2.0701
1.5187
2.1455
1.9427
2.4799
2.3786
2.6116
3.9157
3.6761
4.1201
3.8250
4.5346
3.5094
3.0639
3.4482
3.0238
2.8279
1.5423
1.8746
1.2352
0.0266
-0.2281
-0.7402
-1.8550
-2.9626
-3.7798
-4.4287
-4.3247
-4.2353
-4.3250
-4.4448
-4.2405
-4.5628
-4.8168
-4.6223
-5.2082
-5.1210
-5.4491
-5.0198
-5.3866
-4.8130
-5.2026
-5.0456
-5.1098
-4.8670
-4.9840
-4.7571
-4.5249
-4.7339
-4.6195
-4.4399
-4.8168
-4.7848
-4.6850
-4.6270
-4.4972
-4.2999
-4.0529
-4.3762
-4.2865
-4.5596
-4.6029
-4.8076
-4.8828
-4.9398
-4.6475
-4.9980
-5.0974
-4.8614
-5.2290
-5.0863
-5.5132
-5.5053
-5.6125
-5.3733
-5.0333
-5.4950
-5.4160
-5.2475
-5.3286
-5.2216
-5.1715
-5.0163
-5.2511
-5.2085
-4.8134
-4.9280
-4.3605
-4.6265
-4.7398
-4.5383
-4.7851
-4.8854
-4.4049
-4.8008
-4.6002
-4.2965
-4.8878
-4.7285
-5.0631
-4.9301
-5.1029
-5.0528
-5.2355
-5.0769
-5.3726
-5.4245
-5.4289
-5.5271
-5.5695
-5.6929
-5.7980
-5.6607
-6.0177
-6.1117
-6.1737
-6.3143
-6.3569
-6.5489
-6.6033
-6.5350
-6.7894
-6.8766
-6.8993
-6.8610
-6.9096
-6.9259
-7.0321
-6.9186
-7.1745
-7.2184
-7.2461
-7.2304
-7.1582
-7.2208
-7.2231
-7.3988
-7.2476
-7.5098
-7.4241
-7.4903
-7.4103
-7.5202
-7.4686
-7.4980
-7.2690
-7.4543
-7.4360
-7.3931
-7.2556
-7.2322
-7.0735
-7.0990
-6.7792
-6.6101
-6.0930
-6.0351
-6.0007
-4.9845
-5.0293
-4.3226
-4.2690
-3.6551
-3.9262
-3.7141
-3.5005
-2.8446
-2.8766
-2.4763
-2.5596
-2.2383
-2.1092
-1.8716
-1.5358
-1.3816
-1.1026
-0.4480
-0.1965
0.0200
0.5720
0.4456
1.2425
0.7856
1.4124
1.2781
1.8548
1.9127
2.4944
2.4880
2.6302
2.9319
3.4070
4.0080
3.2726
3.8899
4.0983
4.5536
4.5325
4.6845
4.7103
4.3622
4.0937
4.1311
4.1811
3.6672
3.4334
3.5103
2.3794
2.4631
1.6200
1.6096
1.9859
1.3253
1.9103
1.4660
1.6222
1.8699
1.6810
1.3777
1.5255
1.7980
2.0584
1.9923
1.8994
1.7413
1.6823
1.5557
1.1303
1.7869
1.1837
1.2426
1.1995
1.0858
1.2607
1.0256
1.0189
0.5192
1.1669
0.8128
0.3185
0.6198
0.8452
0.1970
0.3701
0.6585
0.3482
0.4664
0.2829
0.1636
0.3024
0.7491
0.7512
1.0190
0.7000
1.2133
1.1973
1.7141
1.6953
2.2498
1.9036
2.3372
2.0519
3.1362
2.2836
2.7148
2.3697
2.4819
1.7961
1.5954
1.8359
1.1958
1.3739
1.3263
1.2250
1.1320
1.2425
1.1256
1.1696
1.1092
0.8051
0.6356
0.5103
0.3877
0.1799
0.2593
-0.1294
-0.1394
-0.1770
-0.0318
0.2010
0.4617
0.7839
1.1253
1.3611
1.6938
1.9277
2.2106
2.5848
3.0557
3.4780
3.6571
4.2558
4.6412
5.1569
5.4197
5.8899
5.8729
5.9970
6.1797
6.8395
7.2807
7.2819
7.8729
7.9402
8.4588
8.5173
8.7973
9.3612
9.1745
9.1065
9.0528
9.0926
9.3136
8.8692
8.5178
8.4410
8.3626
8.0554
8.1141
8.2524
8.5520
8.6378
8.9516
8.6910
9.2983
9.6301
9.4534
9.1873
9.0939
9.2704
9.2224
9.3197
9.2478
9.0253
9.2397
9.6582
8.2773
8.1709
6.9932
7.0205
6.7886
5.7936
5.3432
4.7682
4.2895
3.7180
3.3651
2.7406
2.1231
2.4885
1.6074
1.0503
0.2483
0.1807
-0.6728
-1.3326
-1.8656
-2.2918
-2.4283
-2.9368
-3.3561
-3.7000
-3.7133
-4.1661
-4.4578
-5.1505
-5.0595
-5.1926
-5.3466
-6.1542
-6.3274
-6.3426
-6.2298
-6.3831
-6.6590
-6.7317
-6.6178
-7.1650
-7.3794
-7.4818
-7.4355
-7.3960
-7.7138
-7.7920
-7.9204
-7.7200
-8.1421
-7.8836
-8.1213
-8.0082
-8.0576
-7.9712
-8.0332
-7.7346
-7.7220
-7.7860
-7.4845
-7.5890
-7.4135
-7.3054
-7.0558
-7.0120
-7.2833
-7.3056
-7.2935
-7.0839
-6.8438
-6.1726
-5.8687
-5.8793
-5.2671
-5.5191
-5.2994
-4.8022
-5.6720
-5.5049
-5.8490
-4.9382
-5.9601
-5.7536
-5.9474
-6.0502
-6.0548
-6.2157
-6.0853
-6.1276
-5.4170
-5.8798
-5.6807
-5.8029
-5.4865
-5.1773
-4.4944
-4.2462
-3.9383
-3.3608
-3.0302
-3.0197
-2.6521
-2.3284
-1.3827
-1.9876
-1.4669
-1.5403
-1.1835
-1.0538
-0.7170
-0.6292
-0.1160
-0.7094
0.4357
-0.3293
-0.3558
0.2147
-0.0292
0.1740
0.4971
0.2689
0.1830
0.4374
0.6465
1.0355
1.4826
1.5947
2.0471
1.9145
1.7523
2.5753
2.1427
2.5432
2.7181
2.4718
2.4264
2.0793
2.4991
2.4077
2.8410
2.3985
2.8161
2.1538
2.4794
2.8586
2.8332
3.0895
3.1968
3.3816
3.6121
3.3305
3.4029
3.5598
3.4146
2.5975
2.9791
2.9277
2.2842
2.3294
2.2986
2.5162
2.4361
2.4010
1.8553
1.8123
2.2779
1.7573
1.3980
1.7973
1.5441
2.0151
1.7701
1.8578
2.3015
1.6328
2.3245
1.5701
1.5881
1.6214
1.5543
1.9547
1.7116
1.7417
1.5764
1.2869
1.1467
0.7917
1.0352
0.5950
0.3534
0.4817
-0.0734
-0.0439
0.1306
0.1945
-0.1012
-0.3658
0.0112
-0.1897
-0.0710
-0.4054
-0.5590
-0.9378
-0.9577
-1.5544
-1.9957
-2.7758
-2.8014
-3.7761
-4.3338
-4.9074
-4.7044
-5.3258
-5.6042
-5.9012
-6.3617
-6.7238
-6.4544
-6.9707
-6.1688
-6.8240
-6.6511
-6.4003
-5.6519
-5.5041
-5.3093
-4.9636
-4.9772
-4.5546
-4.2594
-4.7518
-4.7216
-4.3577
-4.3434
-3.7036
-3.3607
-3.0092
-2.4476
-2.0715
-1.7431
-1.6957
-1.1949
-1.1596
-0.8638
-0.1635
0.2046
0.6128
1.0371
1.7910
1.8238
2.5304
2.7232
3.1792
3.9209
4.3656
5.4257
5.6531
6.2648
