2.05585864
2.47368520
2.68822556
2.92769051
3.35088904
3.64841332
4.14892055
4.27634193
4.80387517
5.15580151
5.25720532
5.54984636
5.77633458
6.31657792
6.14555229
7.17829105
7.20700812
6.93365259
7.06673221
6.99472790
7.67818181
8.42052485
8.29086199
8.74598422
9.10371632
9.33754573
8.97474911
9.84900364
10.03919675
9.78596806
10.31011882
10.78814450
10.83855584
11.51404438
11.58156379
11.63550034
11.81767145
12.08979244
12.31496009
12.50549598
12.71286085
12.83814942
12.98728316
13.10620105
13.28342453
13.45181943
12.94278694
13.14684026
13.91342043
14.09147739
13.55659991
14.38512172
14.64973613
14.87404843
15.38733829
15.62943413
15.81762777
15.82674860
16.10597633
16.36163420
16.62366120
16.80291104
16.18950928
16.48372607
17.83908256
16.78185490
16.91619959
17.41897452
18.42483869
18.55642932
17.93944740
17.72313872
17.82613527
19.04344545
19.20059497
19.67128914
19.93577985
20.07794395
20.24438132
20.37047535
20.39652614
20.19574627
20.27727557
20.37455138
20.47334978
20.58878139
20.63385457
20.87735443
20.64712350
20.68261696
20.91734938
20.95024985
20.80356991
20.89604368
20.99498632
21.26677672
19.75565239
21.05349341
21.17643824
21.11110655
21.42946103
21.52822403
21.37900729
21.79841841
21.61585228
21.58036537
21.70908988
21.93190738
21.83505105
21.78510448
21.97349934
21.12058097
21.84790236
21.93493513
21.96160374
20.65474991
22.01754430
21.63197113
21.65086176
21.69986929
21.80541679
21.83689620
21.87697344
21.93488233
21.94218881
21.96343909
21.14732991
21.97627001
22.01767934
21.27845062
21.29809705
20.87821559
21.75647764
21.77304544
22.60005482
22.32879155
21.55074455
21.50444695
22.61695694
21.74903139
22.71149819
21.88193109
21.94388699
21.93241233
22.83116599
21.89427054
21.96745912
21.99034765
21.90347243
22.05119098
