9.0659
8.9519
9.1174
9.5779
9.6441
9.5382
9.7077
9.9368
10.2362
10.2304
10.9622
11.1414
10.8849
11.5531
12.1162
11.4817
11.2988
11.7275
11.9097
11.4751
11.3771
11.1200
10.9470
10.2441
10.1388
9.5906
8.6256
7.8457
7.4946
7.3762
7.5978
6.7351
5.4602
5.1196
3.8756
3.6908
3.3094
2.3890
1.2857
1.0442
0.7489
0.3936
-0.1265
-0.5348
-0.5310
-0.4860
-1.0377
-1.1443
-1.2347
-1.2980
-1.3371
-1.4136
-1.6174
-1.8891
-1.8232
-2.4907
-2.8067
-2.9759
-3.6011
-4.0754
-4.6162
-5.1693
-5.8313
-6.3189
-6.6264
-7.1813
-7.6778
-8.0277
-8.4876
-8.7354
-9.1928
-9.4548
-9.3098
-9.8455
-9.6364
-9.6136
-9.4901
-9.3364
-9.5091
-9.6105
-9.3690
-9.5361
-9.4002
-9.7446
-9.3257
-8.8819
-9.2117
-8.9906
-9.4620
-9.3769
-9.6999
-9.4275
-9.2865
-9.3963
-9.2557
-9.4192
-9.7706
-9.5131
-9.5265
-9.0286
-9.5623
-8.5674
-9.2835
-9.1780
-9.1199
-8.7790
-8.8508
-8.6517
-8.7080
-8.6889
-8.8379
-8.8669
-8.6982
-8.6808
-8.3600
-7.9541
-7.6225
-7.2652
-7.1649
-6.5949
-6.4595
-5.8193
-5.6035
-5.3063
-5.1498
-4.8706
-4.7947
-4.6924
-4.5448
-3.9271
-3.6866
-3.7249
-3.7115
-3.2583
-3.1028
-3.0649
-3.2218
-3.1016
-3.2050
-2.9490
-2.9593
-3.1211
-2.8419
-2.5225
-2.3370
-2.2436
-1.8855
-1.6598
-1.0419
-0.9397
-0.5450
-0.2848
-0.0961
0.3070
0.3476
0.1824
0.2235
0.3132
0.1058
-0.0530
-0.1997
-0.4408
-0.4332
-0.9242
-1.1231
-1.3731
-1.5103
-1.5082
-1.8954
-2.0140
-2.2287
-2.0057
-2.2985
-2.1643
-2.1640
-2.0012
-1.8510
-1.8725
-1.6100
-1.3544
-1.3151
-0.8812
-0.5717
-0.1132
0.2612
0.8426
1.3015
1.8383
2.3831
2.6753
3.3732
3.7885
4.3105
4.8703
5.2699
5.8055
6.1683
6.7797
6.8200
7.4310
7.2606
7.3573
7.3550
7.2491
7.0414
6.9645
6.7466
6.6154
6.6519
6.0721
5.7419
5.5491
5.2069
4.9828
4.6348
4.6530
4.2739
4.0568
4.2432
4.0781
3.7743
3.8642
3.4459
3.4464
3.3383
3.3462
3.7681
3.4490
3.8072
3.8968
4.4258
4.2089
4.3759
4.8857
4.6625
4.9457
5.0317
4.7960
4.9404
4.7299
4.7720
4.7962
5.5474
5.1964
5.2973
5.1209
4.4858
4.7778
4.4922
4.6132
4.5621
4.3388
3.9106
4.2099
3.4813
3.3537
3.0961
3.1652
3.4405
2.8334
2.5852
2.0328
1.4306
1.1784
0.6596
0.5804
-0.4589
0.2234
-0.3553
-0.2113
-0.6816
-0.5204
-1.1633
-1.0294
-1.2970
-1.4998
-1.9441
-1.7444
-2.0903
-2.5438
-3.3832
-3.2912
-3.6369
-4.4788
-4.3718
-4.9732
-4.4984
-4.6102
-4.2987
-3.6771
-4.0206
-3.8576
-4.2098
-3.8140
-4.5339
-4.4689
-4.3200
-4.5328
-4.4220
-4.2459
-4.4145
-4.5110
-4.5040
-4.5527
-4.3867
-4.6096
-4.5466
-4.7275
-4.5190
-4.8122
-4.7400
-4.4453
-4.6420
-4.4173
-4.7825
-4.9690
-4.8189
-5.1168
-5.0574
-5.5436
-5.8237
-5.9675
-5.5126
-5.6237
-6.1804
-6.4832
-6.7234
-6.9061
-7.0565
-6.8767
-6.8882
-6.5310
-6.6786
-6.9025
-6.8164
-7.0856
-6.9431
-7.1087
-7.0942
-7.0358
-7.2511
-7.3213
-6.9909
-7.2398
-7.2383
-7.3877
-7.1090
-6.9855
-6.9120
-7.2325
-6.9559
-6.2391
-6.2473
-6.3961
-6.1225
-6.2732
-6.0139
-6.0158
-5.8923
-5.6573
-5.0895
-5.6058
-5.7195
-5.7787
-5.5769
-5.5386
-5.0870
-5.6031
-5.6886
-5.8469
-5.3981
-5.8823
-5.5043
-5.1995
-6.0929
-6.1747
-6.0688
-5.9284
-5.3741
-5.7126
-5.1090
-5.2153
-5.2416
-4.4298
-4.3001
-3.7139
-3.1010
-2.6089
-1.8772
-1.3295
-0.6831
0.6348
1.4175
1.9682
2.1577
3.2037
3.5926
3.8606
5.3720
5.8430
5.4291
7.0148
7.4753
8.1347
8.7253
9.5824
10.0153
10.8344
11.0476
11.3911
11.5280
11.5652
11.7309
11.7982
11.4933
12.0528
11.6769
11.8166
10.9351
9.9427
9.0938
8.7032
8.5454
7.7479
7.5633
7.1942
6.7987
6.3444
5.9654
6.2364
6.1060
6.6308
6.2418
5.8820
5.7344
5.5918
5.2625
5.2644
5.4198
5.4371
5.0303
4.9381
4.8676
4.4821
4.1813
4.2846
4.1410
4.4139
4.3923
4.1174
4.4729
4.9415
5.3051
5.7684
6.6435
6.5544
7.6864
7.4433
8.3039
9.0179
8.2893
8.3610
7.5044
7.1347
7.0099
6.7058
6.9645
6.0267
6.2197
5.8772
6.2532
5.8910
5.5327
5.9983
5.1248
5.4064
4.8850
4.9628
5.1034
4.9929
4.8622
4.9968
5.0892
4.5169
4.7811
4.4065
4.6223
4.4751
4.6015
5.1137
4.9219
5.5307
4.9650
4.9256
4.3316
4.3897
3.8493
3.6968
3.5243
3.4068
3.1288
3.1380
3.0910
3.1398
3.1340
3.1899
3.0677
3.2176
2.8723
2.9463
3.2228
3.3271
3.2861
3.5749
3.7371
4.0116
4.3128
4.3252
4.5860
4.7173
4.8851
5.1457
5.2971
5.5794
5.5598
5.5208
5.1412
5.3235
4.6831
4.8338
4.5083
4.8601
4.5372
4.3469
4.6414
4.6602
4.9939
4.7519
4.7614
4.9907
4.3503
4.7975
4.5457
4.7004
4.7138
4.8179
4.7332
4.5909
4.4018
3.6848
3.1112
3.3601
2.5567
2.6981
1.8461
1.7806
1.6788
1.4400
1.2278
0.9915
0.4290
0.6466
0.2242
-0.5161
-0.7417
-1.1921
-1.2907
-0.4935
-1.2331
-1.7644
-1.9448
-1.7777
-2.8044
-3.3660
-3.7217
-4.2070
-4.3510
-4.4366
-4.5705
-5.5507
-5.7474
-6.7127
-7.2278
-7.6219
-7.7107
-7.8816
-8.0187
-8.4287
-8.3566
-8.6030
-8.8268
-9.1372
-9.3794
-9.4413
-9.5745
-9.6300
-9.6623
-9.5780
-9.6921
-9.5332
-9.6647
-9.1065
-9.2969
-8.5814
-8.7193
-8.7093
-9.0500
-9.1580
-8.8459
-8.6949
-8.9056
-8.8473
-8.8126
-8.4333
-8.6218
-8.3094
-8.6717
-8.5117
-8.5755
-8.4485
-8.5465
-8.4469
-8.0578
-7.1399
-7.3186
-6.6863
-6.6939
-6.0012
-5.8663
-5.7314
-5.2863
-5.0145
-4.7982
-4.4430
-3.8455
-3.6644
-3.1919
-2.8814
-2.7533
-2.8061
-2.6791
-2.4333
-2.0517
-1.9328
-1.8354
-1.7392
-0.8374
-0.9628
-0.7281
-0.7052
-0.7336
-0.1084
-0.2211
0.1304
-0.2003
-0.0017
0.0623
0.2033
0.2482
0.2839
0.3149
0.3388
0.4868
0.8306
0.9184
0.9965
0.6806
0.7944
0.6349
0.7357
0.5273
0.6863
0.2764
0.2265
0.0560
0.0521
0.1881
-0.2740
-0.5430
-0.6350
-0.8241
-1.0100
-1.0010
-1.5446
-1.5638
-1.8262
-2.0647
-2.1217
-2.2663
-2.6235
-2.3221
-3.0208
-3.1893
-3.4745
-3.6197
-3.8430
-3.7678
-4.2815
-3.8871
-4.4732
-4.4898
-4.6501
-4.7417
-4.9681
-5.0439
-5.0076
-5.0373
-5.1589
-4.8927
-4.9397
-4.9027
-4.9017
-4.8612
-4.8796
-4.4325
-4.8825
-4.9273
-4.9186
-4.9829
-4.9210
-4.7050
-4.7815
-4.5120
-4.6509
-4.6495
-4.5145
-4.2971
-3.8965
-3.7046
-3.2997
-2.8717
-2.7990
-2.4255
-2.1653
-1.8968
-1.7327
-1.3621
-1.3404
-0.9286
-0.6108
0.0236
-0.3044
-0.0733
-0.1026
0.2068
0.2234
0.3520
0.6368
0.4518
0.4834
0.6405
0.7660
0.8651
0.9586
1.3490
1.4052
1.5622
1.3095
1.5471
2.1374
2.7965
2.5431
2.3182
2.5292
2.6064
2.5402
2.7926
2.8901
3.3485
3.5109
3.3475
3.2578
3.2122
3.0604
3.4735
3.7854
3.8319
4.0579
4.5983
4.1199
3.9997
3.2446
2.9627
2.8205
2.2307
2.4201
1.8190
1.6568
1.5207
1.5593
1.1361
0.8582
1.4890
1.5526
1.9641
2.5130
2.5995
3.3731
3.9277
3.7488
4.5124
4.4293
4.9157
5.0531
5.3964
4.9734
6.1414
6.5513
6.9754
8.0670
8.7961
8.9302
10.3929
10.8906
11.8290
10.3734
10.9350
10.2267
9.9400
9.1712
8.4587
7.6527
7.5839
6.8890
6.3977
5.9021
5.3020
5.3542
5.5449
5.1546
4.3852
4.8039
4.2745
3.8579
3.3781
3.6411
3.8082
3.6243
3.7878
2.7925
3.2118
3.1086
3.5616
3.5811
3.2175
3.4430
3.8380
3.9297
4.0205
4.6627
4.2788
4.0471
4.4807
4.1878
4.7817
4.9786
5.8234
4.5382
4.5243
4.8897
5.0291
4.6953
5.8537
5.4159
5.8786
6.0603
6.6759
7.1802
6.7147
6.5723
6.4184
7.0165
6.5611
6.5532
6.7314
6.3473
6.1648
6.2094
5.1766
5.0019
4.6645
4.5411
3.9031
4.0960
4.0686
3.6864
3.6686
3.7442
3.4712
3.0165
2.7714
2.3610
2.1299
2.0518
1.8578
1.9163
1.3768
1.1105
1.2960
0.8442
0.9018
0.4914
0.3998
-0.1284
0.4414
-0.1271
-0.4450
-0.1268
-0.4098
-0.6113
-1.0171
-1.0921
-1.3228
-1.5072
-1.3956
-1.7743
-1.8496
-1.9536
-1.8117
-1.9618
-2.0580
-2.0631
-2.1469
-2.0403
-2.3055
-2.4750
-2.5039
-2.6828
-2.7570
-2.7454
-3.0534
-3.2790
-3.4917
-3.8079
-4.0332
-4.2801
-4.4939
-4.7871
-5.0339
-5.1155
-5.5435
-5.6909
-5.9711
-6.1688
-6.5129
-6.7463
-6.9429
-7.0923
-6.9358
-7.2736
-7.3554
-7.5261
-7.6004
-7.6612
-7.3562
-7.6279
-7.3403
-7.6061
-7.4805
-7.7308
-7.8400
-7.8866
-7.7829
-7.6817
-7.8073
-7.9276
-7.5580
-7.7744
-7.5948
-7.5376
-7.3606
-7.0643
-6.7500
-6.7412
-6.6009
-6.5414
-6.1551
-6.2108
-6.0777
-5.6554
-5.5610
-5.7020
-5.3962
-5.5265
-5.3656
-5.2832
-5.2171
-5.0382
-5.2501
-5.2046
-5.1989
-5.0059
-5.1965
-5.3323
-5.1286
-5.3554
-5.2943
-4.9564
-5.1209
-5.1487
-5.1314
-5.2081
-4.8485
-4.6202
-4.4935
-4.8227
-3.8363
-3.8831
-3.6821
-3.0174
-3.2104
-3.2111
-3.0475
-3.2149
-2.7669
-2.6105
-2.4295
-2.4573
-2.2771
-2.0116
-1.5900
-1.7802
-1.4825
-1.3551
-1.2461
-0.6281
-0.3589
1.0480
0.8247
1.5318
2.1889
2.8451
3.6745
4.9385
5.4180
6.1473
6.3814
6.9499
7.5875
7.4100
8.5535
8.4297
8.8996
8.7569
9.3301
9.5789
9.4970
10.1898
9.3197
8.7863
8.6383
7.8005
7.4365
6.4957
5.8046
5.2706
4.4650
4.0173
3.2828
2.7594
2.8933
2.5328
2.0445
1.7737
2.5899
2.2500
2.7043
2.7516
2.3263
2.5401
2.3768
2.0893
2.1063
2.2970
2.0402
2.2731
2.5910
2.4709
2.9615
2.9598
3.4720
3.1921
3.2150
3.1315
3.0298
3.0032
2.9299
2.4234
2.5352
2.1820
2.0887
2.3081
2.0327
1.2643
1.2163
2.1580
1.6723
2.9670
2.0691
3.1304
3.4643
3.7888
3.7965
4.5711
4.9073
6.2840
6.2648
6.5892
6.3963
6.7414
6.4836
6.8547
7.0712
7.3524
7.1235
7.4825
7.3174
7.7156
7.9682
7.6843
7.4720
7.5237
7.8057
7.8281
8.2021
7.4954
7.7038
7.3543
7.8529
8.0440
8.4312
7.8469
8.3664
7.5851
8.1680
8.1320
8.0823
7.9253
8.0282
8.4810
8.0413
8.0094
7.4952
7.1270
7.3872
7.1420
7.4102
7.0404
7.0951
6.9655
6.3314
6.9476
6.1462
6.0964
6.1166
5.4515
5.7938
5.5977
4.9671
4.0994
3.8536
3.4532
3.0538
2.7932
2.4687
2.6178
2.4515
2.5691
1.7044
1.5665
1.4491
1.0849
0.5524
0.5481
0.8691
0.5279
0.2422
0.4994
0.2703
-0.2022
-0.4414
-0.8786
-0.9759
-1.5183
-1.8329
-2.1888
-1.6941
-2.0966
-2.1138
-1.6251
-2.2980
-2.0480
-1.5618
-1.8105
-1.4786
-1.5099
-1.5091
-1.3253
-0.9023
-1.5019
-1.5539
-1.5015
-1.7875
-1.7930
-2.5597
-2.7650
-2.8567
-3.2263
-3.5755
-3.7385
-3.9128
-4.3812
-4.2273
-4.7088
-4.4361
-4.4782
-4.9596
-4.8578
-4.9484
-4.8899
-4.8147
-4.6783
-4.3584
-4.4562
-4.3096
-4.1973
-4.2410
-4.0397
-3.8869
-3.7191
-3.4098
-3.5996
-3.6625
-3.0422
-3.9553
-3.8416
-4.1145
-3.7521
-3.9019
-3.8775
-4.2790
-4.9442
-5.1702
-5.3149
-5.5082
-5.6926
-5.8217
-5.9078
-6.1170
-6.1714
-6.4674
-6.5441
-6.7736
-6.8595
-6.9999
-6.5908
-7.1608
-7.1282
-7.3856
-7.2850
-7.4721
-7.8128
-7.5177
-7.7785
-7.8028
-7.9309
-8.1024
-8.1182
-8.1412
-7.9256
-8.0614
-7.8337
-7.9512
-7.7808
-7.6071
-7.2303
-7.3065
-7.1798
-6.9860
-6.7461
-6.2990
-6.2085
-5.8287
-5.5272
-5.1618
-4.8863
-4.3606
-4.2144
-3.8751
-3.5865
-3.3272
-3.1835
-3.0600
-2.9817
-2.9296
-2.8623
-2.8999
-2.6963
-3.0247
-3.0796
-3.2143
-3.2098
-3.3621
-3.4079
-3.5771
-3.6478
-3.4973
-3.3348
-3.3311
-3.3655
-2.8945
-2.4824
-2.6798
-2.3800
-2.1608
-2.2191
-2.2241
-1.6426
-1.9209
-1.3593
-1.2160
-1.1073
-0.8700
-0.4855
-0.2167
0.5474
0.8893
1.5372
1.5375
1.6870
2.3030
2.1650
2.6427
2.3182
2.6599
3.0257
3.1595
3.2874
3.9292
3.1619
3.2092
2.8090
3.5657
3.1528
3.6257
3.1753
3.5114
3.5879
3.4413
3.3716
3.0431
2.7282
2.7983
2.7405
2.7580
3.2635
2.9554
3.4093
3.6753
2.9293
3.5192
4.5373
4.2487
4.4776
4.9490
5.2965
5.3017
6.5521
6.0824
6.6199
6.7954
7.0804
6.3616
6.3690
5.6557
6.1392
5.4021
5.2977
5.0435
5.5525
5.1601
5.2338
5.2746
5.5837
6.1869
6.4484
6.1211
6.7667
7.0906
6.8643
7.1403
7.8209
7.4799
7.6445
7.6536
7.7824
7.8926
8.2313
7.6901
7.6203
7.8624
7.9422
8.5016
8.2876
8.8217
8.9375
9.2019
9.5235
9.2003
8.7307
8.5658
8.1646
7.2796
6.7827
5.9673
5.1641
4.8344
4.3541
3.8036
3.1290
2.5971
2.1715
1.8850
1.6899
1.5684
0.9921
0.9050
0.8476
0.7898
0.5443
0.2927
0.2448
0.0987
0.0950
-0.0130
-0.0967
0.2049
0.7018
0.1564
-0.2588
-1.2850
-1.3676
-1.6929
-2.2911
-2.5879
-2.3264
-2.8749
-3.5568
-3.1818
-2.4843
-3.0059
-2.6498
-2.8162
-2.9729
-2.8870
-2.9730
-2.9037
-2.8539
-2.3629
-2.5383
-2.0586
-2.2423
-1.4424
-1.7482
-1.1556
-0.9051
-0.9799
-0.7534
-0.5090
-0.1615
-0.2529
0.0300
0.3935
0.8947
1.5270
0.7410
0.8959
0.9531
1.0507
1.0684
1.2921
1.4386
1.5164
1.5936
0.7720
0.6753
0.5328
0.4236
0.7868
0.5962
0.4931
0.6133
1.0853
1.4812
1.5669
2.1935
2.3595
3.4557
3.5463
3.9501
4.8032
5.3842
5.6270
5.9415
6.3136
6.8729
7.0461
6.8736
7.1233
6.6087
6.6403
5.4266
4.9178
4.7858
4.1711
3.8777
3.1563
2.7490
2.3162
2.2316
1.9120
1.9143
1.4742
1.5822
1.2376
1.7294
1.7192
1.2958
1.3360
0.6023
-0.2711
-0.0012
-1.2681
-1.8480
-2.2264
-2.8507
-3.3983
-3.6804
-3.9308
-4.4135
-4.9148
-5.0961
-5.7646
-5.9967
-6.7691
-7.1485
-7.4713
-7.6639
-7.9203
-8.0759
-8.2756
-8.1486
-8.3530
-8.2877
-8.1929
-8.0402
-7.8617
-7.6933
-7.5211
-7.2210
-7.3086
-7.1103
-7.0077
-6.7724
-6.6747
-6.4280
-6.1490
-5.7789
-5.3560
-4.8042
-4.1345
-3.6854
-3.1862
-2.4699
-1.9048
-1.1612
-0.5799
-0.0205
0.3117
0.5253
0.8675
0.7633
0.7897
0.8385
0.6642
1.0774
0.7766
0.3340
0.3915
0.8295
0.9885
0.4839
0.9700
0.4271
0.3535
0.3047
0.1631
0.1092
-0.3986
-0.2839
0.0455
-0.2465
-0.2430
-0.3379
-0.0306
0.1704
0.4435
0.2362
-0.2567
-0.1199
-0.0966
0.1989
0.3642
0.4342
1.1965
0.7692
0.6721
1.1372
1.1974
1.2101
1.3802
0.9234
0.7983
1.5934
1.4807
1.4117
2.3684
2.6335
2.2273
1.8870
1.6855
1.7105
1.8903
1.9208
2.3611
1.8455
1.9731
1.5951
1.9243
1.6030
1.8957
2.0503
1.6003
1.8592
1.3334
1.1636
1.4520
1.0671
0.7115
0.4632
0.5173
0.1939
0.4963
0.4716
0.5448
0.6246
1.1217
1.3379
1.7577
2.1027
1.6365
1.8632
2.1272
1.9317
1.8598
1.1358
1.3121
1.5494
1.3095
1.5651
1.8782
1.1602
1.5022
0.8737
0.7732
0.6833
0.1858
0.0720
-0.2992
-0.2702
-0.9276
-1.3035
-1.0449
-1.2901
-1.4417
-1.7894
-1.8120
-1.5245
-2.0824
-1.9489
-2.1256
-2.1115
-1.8836
-1.8391
-1.9275
-1.9305
-2.0243
-1.8403
-1.5815
-1.0417
-1.2517
-1.1415
-0.9308
-1.3176
-1.3184
-1.3980
-1.1589
-1.3720
-1.1305
-1.5095
-1.4505
-1.8767
-1.7222
-1.9273
-1.3922
-2.2657
-2.5391
-2.2596
-2.3145
-1.7449
-2.2098
-2.3157
-2.5711
-1.7070
-2.0039
-1.9359
-1.7949
-1.2304
-0.6920
-0.2278
0.2151
1.3623
0.2669
0.5219
0.9032
0.6091
0.8508
1.0733
0.9759
1.1043
1.4449
1.1763
1.2449
1.6836
1.6091
1.3920
1.9540
1.7109
1.6361
1.5882
1.3998
1.3452
1.4295
1.5516
0.9969
0.7195
0.5232
0.3099
-0.0366
-0.2241
-0.4590
-0.5963
-0.9383
-1.6002
-1.9355
-2.2540
-2.1128
-2.5795
-2.8515
-3.1559
-3.2357
-2.9087
-3.0797
-2.7293
-2.1907
-2.5038
-2.0969
-2.6557
-2.2416
-2.7166
-2.6169
-2.4102
-2.0786
-1.8227
-1.9671
-1.3679
-1.4756
-0.9246
-0.5555
-0.6608
-0.5819
0.2706
0.4933
1.0900
0.8005
1.4217
1.6918
2.1762
2.4715
3.2463
3.2614
3.4827
4.0078
4.0156
4.2480
4.2681
4.6643
5.1891
5.1520
5.0512
5.4627
5.3771
5.1735
5.8505
5.3102
5.0720
4.7525
5.1415
4.3533
4.0965
3.8009
4.0311
2.4757
1.7504
1.4620
0.4045
0.3717
-0.0962
-0.7026
-1.0753
-2.0216
-2.3823
-3.2463
-3.2491
-4.0837
-4.4913
-5.3840
-5.7279
-5.7766
-6.2299
-6.4149
-6.4626
-6.9002
-7.0810
-7.1711
-7.0528
-6.9866
-7.1404
-6.7418
-6.4180
-5.4893
-5.4736
-4.9124
-4.0697
-3.5473
-2.0795
-1.6419
-0.4772
-0.1074
1.1038
1.8678
2.7835
3.8055
5.4620
6.7952
7.0515
8.2785
8.8472
9.4202
9.9448
9.6057
9.8979
10.1049
10.4789
9.8341
9.7877
9.3311
9.7547
10.5096
10.6484
10.8677
11.3651
11.3880
10.1137
11.6616
10.8498
11.6253
11.4777
11.0073
11.4179
11.1743
12.1593
11.9019
12.0651
13.0916
12.8511
12.9929
12.5841
12.1751
12.0493
12.4435
11.4434
12.0150
11.6989
12.0175
12.1315
11.9941
12.0054
11.5591
11.2014
9.9911
9.6084
8.2835
7.7556
6.1625
5.4094
3.7246
3.1007
1.9546
2.4685
1.1910
0.4578
0.0207
-0.8338
-0.9910
-1.3000
-1.2227
-1.7962
-2.1151
-2.3069
-2.6038
-2.9972
-3.1306
-3.4410
-3.8577
-4.0633
-4.4782
-4.1311
-4.4931
-4.6560
-4.1234
-4.2857
-4.6745
-4.4696
-5.1723
-4.8616
-5.1276
-4.9550
-5.0892
-4.7848
-4.7353
-5.0539
-4.9032
-5.2740
-5.1262
-5.2049
-4.8540
-5.1169
-5.2434
-4.9782
-4.9334
-5.0304
-5.1287
-5.1266
-5.0641
-4.9633
-4.9429
-4.9623
-4.7216
-5.1256
-5.1301
-5.0077
-4.8960
-5.0852
-5.2772
-5.0445
-4.9437
-4.8153
-4.8331
-4.0618
-4.3171
-4.2854
-4.1334
-4.1733
-4.0719
-3.8128
-2.9808
-3.6294
-3.4899
-2.9549
-2.9396
-2.8736
-2.5834
-2.4352
-1.9800
-1.9258
-1.6002
-1.7154
-1.0109
-0.7170
-0.7175
-0.2804
0.3848
0.7562
1.2799
1.2194
1.3780
2.2694
2.1900
2.3684
2.3082
2.3551
2.1083
2.2350
2.0904
2.0228
2.1628
1.8481
1.8567
1.9527
1.7807
1.6896
1.2630
1.1725
0.5855
0.1241
-0.1697
-0.9095
-1.4472
-2.0598
-2.4218
-2.9520
-3.6499
-4.0629
-4.3506
-4.9169
-5.1142
-5.5046
-5.4858
-6.1039
-6.2885
-6.1594
-6.5636
-6.3987
-6.9249
-6.9803
-7.2713
-7.1162
-7.3335
-7.4210
-7.1650
-7.2205
-6.7537
-6.3593
-6.5200
-5.2694
-5.6416
-4.9280
-5.4092
-5.4357
-4.9071
-4.0203
-4.0871
-3.7046
-3.2606
-2.6586
-2.9629
-3.0349
-2.6823
-2.7022
-2.7196
-2.5003
-3.0021
-3.1050
-3.2134
-2.8682
-2.3696
-2.3338
-1.9514
-2.3053
-2.3969
-2.6669
-2.6348
-2.2455
-2.2793
-1.9120
-1.3122
-1.6996
-1.3556
-1.2442
-1.2149
-0.7466
-0.7395
-0.7847
-1.1316
-0.9107
-0.5139
-1.0211
-0.6609
-1.2805
-0.8655
-0.6906
-0.4314
-0.6284
-0.3142
0.2685
0.4017
0.9434
1.0393
1.7660
2.8532
2.7976
2.9962
3.2034
3.2320
3.7894
3.9504
4.7402
4.5932
4.9899
5.1082
5.0974
5.2828
5.7278
5.0787
4.7914
4.7059
4.9018
4.9294
4.9854
5.0112
4.8284
5.3433
5.0881
4.8436
4.4735
4.4466
4.2216
4.1618
3.9555
4.1817
4.4899
5.1879
4.8254
4.7192
4.6889
4.7829
4.7180
3.8376
4.2612
3.9903
3.3633
3.5677
3.3868
3.8079
3.5686
3.7986
3.1690
3.1130
3.1324
2.8102
2.7267
2.5256
2.8770
2.5210
2.5148
2.0935
1.9602
1.8153
1.9403
1.8770
1.6505
1.6832
1.4083
1.2781
1.0915
1.0182
1.0344
1.1852
1.2287
1.1960
1.0488
1.0371
0.9560
0.6960
0.8540
0.7167
0.7734
0.6329
0.7186
0.8510
0.9362
1.0090
1.3786
1.0617
1.2748
1.2882
1.0670
1.0213
1.1773
0.8090
0.7107
0.8104
0.5322
0.5175
0.6448
0.2881
-0.3016
-0.5081
-0.8496
-1.1273
-1.5785
-1.9338
-1.6663
-2.0871
-2.3146
-2.5856
-2.6844
-2.6019
-2.6701
-2.6128
-1.7699
-2.0584
-2.0371
-1.5851
-1.7107
-1.7761
-1.6324
-1.7110
-2.0488
-2.5645
-2.5795
-3.1246
-3.4393
-3.6635
-3.8597
-3.6104
-3.5618
-2.8158
-3.3046
-2.9407
-3.3050
-3.2200
-3.0538
-3.3594
-3.0241
-2.7355
-2.8389
-2.7055
-2.5650
-1.9323
-2.5121
-2.3905
-2.4855
-2.1904
-1.9593
-2.2850
-2.6314
-2.8342
-2.5633
-2.9098
-3.0928
-3.0968
-3.1496
-3.3079
-3.6148
-3.6714
-3.7346
-4.1713
-4.2238
-3.9791
-4.0276
-4.5242
-4.4843
-4.9171
-4.5791
-4.9061
-4.9494
-4.7987
-4.6561
-4.2781
-3.8174
-3.0683
-2.8244
-2.5916
-1.3496
-0.7481
-0.8095
-0.4242
-0.3206
-0.4372
-0.3918
-0.0043
-0.3702
-0.0604
-0.3482
0.3079
-0.1442
-0.2104
-0.6282
-1.4234
-1.4973
-2.4816
-3.1327
-3.7553
-4.3333
-4.8125
-5.3050
-5.3419
-6.1213
-6.5564
-6.7651
-7.5746
-7.8295
-8.3584
-9.1571
-8.8479
-9.5036
-9.3979
-9.4136
-9.4843
-9.0690
-9.4861
-9.5425
-9.4547
-9.3840
-9.1373
-9.4646
-9.4644
-8.7258
-8.9154
-8.8600
-8.4183
-8.4387
-8.6477
-8.7092
-8.6521
-8.4159
-8.7483
-8.9311
-8.6701
-8.6116
-8.2299
-8.7403
-8.7515
-9.0492
-9.1158
-8.9348
-9.1905
-8.5870
-8.8465
-8.7601
-8.6677
-8.5218
-7.9675
-7.3836
-6.9638
-6.2699
-6.1927
-5.9024
-5.2492
-5.1126
-5.2932
-3.9855
-3.3899
-3.2703
-2.8723
-1.9200
-1.6592
-0.4320
-0.4569
-0.0828
0.5200
1.3319
2.0059
2.1693
2.4451
3.1210
3.1730
3.6089
3.7579
4.3935
4.8234
5.8528
6.9412
7.6848
7.8328
8.5930
9.8944
10.4584
11.5994
12.7788
14.0247
14.1498
14.7839
15.0754
15.3613
15.7058
15.6778
15.4923
15.5522
16.0644
15.4686
14.8572
15.2374
14.6996
14.5520
14.4219
14.0250
14.0929
13.8301
13.4131
13.6510
13.0841
13.3499
13.4579
12.7833
13.4390
12.9042
13.1049
13.0886
13.2152
14.1014
14.6224
14.7170
15.6045
15.3674
16.6984
16.4176
15.9760
17.5420
17.4903
17.5222
18.1816
17.6028
17.7434
17.8858
19.2953
19.1949
19.6404
18.9588
19.8293
19.0908
19.9438
19.3893
19.2445
19.4463
19.9828
20.1579
20.6507
20.4705
20.5446
20.1820
19.9079
19.6706
18.7388
16.5857
16.3548
14.1678
13.6763
11.9458
11.9282
10.8372
9.8375
9.2478
8.4843
7.9907
7.1310
7.0846
6.4211
5.8356
5.5806
5.4728
4.8920
4.4984
4.1037
3.4554
2.9086
2.0485
1.2675
0.4384
-0.1598
-0.7299
-1.7934
-2.4819
-3.0539
-3.6291
-4.2261
-4.4306
-5.1616
-5.2072
-5.5172
-5.9313
-6.1513
-6.4215
-6.7085
-6.9021
-7.1203
-7.3140
-7.6613
-7.3308
-7.5582
-7.8016
-8.3566
-9.0507
-9.3709
-9.5924
-9.5281
-9.7326
-9.3873
-9.2972
-9.4137
-9.4229
-9.3400
-9.7447
-9.6850
-9.0672
-9.4425
-9.7523
-9.3245
-9.7010
-9.2280
-9.3685
-9.0654
-9.2446
-9.4994
-9.6293
-9.3346
-9.6430
-9.0628
-9.3074
-8.9526
-8.4590
-8.3507
-8.4368
-8.7992
-9.3061
-9.3493
-9.5744
-9.4521
-9.4958
-9.6525
-9.4760
-9.2157
-9.0558
-9.0844
-8.8103
-9.0178
-8.4492
-7.6953
-8.3952
-8.1902
-7.7642
-7.5395
-7.4080
-7.0783
-6.9220
-6.9075
-6.8345
-7.2743
-7.7678
-7.7609
-7.8528
-7.5964
-7.8025
-7.8121
-7.2277
-7.8764
-7.7103
-7.7961
-7.8150
-7.4891
-7.3587
-7.4255
-7.6677
-7.7571
-7.4423
-7.7375
-7.8108
-8.0028
-7.7608
-7.5356
-7.7527
-7.7906
-8.1754
-7.9835
-8.1383
-8.1683
-7.9446
-7.8814
-7.9163
-7.5983
-8.0645
-8.0242
-8.2606
-7.8256
-8.2330
-7.9312
-7.8805
-7.7052
-7.8058
-7.6377
-7.8702
-7.9629
-8.0182
-7.8203
-7.6203
-7.9744
-7.5763
-7.5320
-7.4335
-7.1920
-6.3485
-6.7363
-6.9200
-6.8605
-6.9282
-7.0288
-7.0964
-7.1018
-7.3111
-6.7507
-6.6325
-6.3915
-5.8986
-5.4843
-5.0294
-4.7511
-4.1705
-3.7517
-3.4994
-3.4930
-2.5964
-1.8503
-2.0132
-1.6241
-1.7500
-1.3131
-0.8713
-0.0474
0.4379
1.1831
1.6918
1.9856
2.0136
2.4825
3.1899
4.0783
4.1896
4.7218
5.5841
5.7981
5.9164
6.1551
6.4145
6.5452
6.9823
6.7320
6.7429
6.7048
6.7206
6.9380
6.7875
6.8067
6.8438
7.0585
7.0556
7.6400
7.5771
7.7825
8.2155
8.3426
8.6739
9.0859
8.7086
8.6262
8.6514
8.6452
8.3007
8.5358
7.8745
7.9199
7.9129
7.6529
7.5888
7.3613
7.6681
7.3604
7.3507
7.1898
7.0081
6.8451
6.7185
6.9879
6.4046
6.4697
6.0147
5.8966
5.8327
5.5879
5.5652
5.1617
5.0285
4.7010
4.5214
4.4060
3.9612
3.6649
3.5179
3.0446
2.5678
2.1981
1.9480
1.2894
0.8956
0.7095
0.2209
-0.0318
-0.3231
-0.6120
-0.9065
-1.0901
-1.2839
-1.1083
-1.3564
-1.3142
-1.1568
-1.4193
-1.4272
-1.6541
-1.4393
-1.9396
-2.0063
-2.1542
-2.3459
-2.4644
-2.5983
-2.7412
-2.5639
-2.8657
-2.7081
-2.9025
-2.9826
-3.0545
-3.1863
-3.2703
-3.1709
-3.2052
-3.5081
-3.5522
-3.5549
-3.6268
-3.5323
-3.6873
-3.6322
-3.7564
-3.6321
-3.7026
-3.1505
-3.6785
-3.6293
-3.6609
-3.7009
-3.7182
-3.8773
-3.5697
-4.1386
-4.4081
-4.6966
-5.0699
-5.3319
-5.4849
-5.7464
-5.8592
-6.1479
-6.0972
-6.1473
-6.7332
-6.9434
-7.0778
-7.1244
-7.1594
-6.8002
-7.0055
-6.8030
-6.8660
-6.8409
-6.8943
-6.9325
-6.7973
-6.5691
-6.6634
-6.7877
-6.8284
-6.9034
-6.8578
-6.7586
-6.6471
-6.0942
-6.3889
-6.0783
-6.3824
-6.4174
-6.6882
-6.8062
-6.8158
-7.1639
-6.9766
-7.3980
-7.4569
-7.5974
-7.7124
-7.7643
-7.7497
-8.1022
-7.8956
-8.0204
-8.2393
-8.3323
-8.1247
-8.6421
-8.7567
-8.8634
-8.8488
-8.7420
-9.0334
-8.7810
-8.9701
-8.7785
-9.0450
-8.7969
-8.7336
-8.9559
-8.9575
-9.0075
-9.0455
-8.9679
-9.0262
-8.8270
-9.1483
-9.2041
-8.8629
-8.6629
-9.4496
-9.0750
-9.3413
-9.1921
-8.9853
-8.2076
-8.9416
-8.3576
-8.2834
-8.3542
-6.6831
-6.9435
-7.0166
-6.6390
-7.1611
-6.3200
-7.2941
-5.7993
-6.4696
-5.8332
-5.2118
-4.5557
-4.8419
-4.6062
-4.6352
-4.6005
-4.5623
-4.0355
-4.1184
-3.5755
-3.3168
-2.7310
-2.5894
-2.3291
-1.5389
-1.4603
-1.7193
-1.4164
-1.6300
-1.6823
-1.5622
-1.1440
-0.8300
-0.7950
-0.7620
-0.5300
-0.2259
0.0428
0.0356
0.5251
0.1335
0.5945
1.3570
1.4239
2.4336
2.6958
2.2436
2.8265
3.2612
3.5665
2.9284
3.1745
3.1739
3.3890
3.4557
3.1990
3.6913
3.2921
3.1096
3.2975
3.2245
3.5003
3.8581
4.1557
4.1465
4.6936
4.8828
4.9676
5.1651
5.9448
6.2244
6.5350
7.1074
7.6262
8.0358
8.7913
8.4933
8.6097
9.1437
9.3933
9.8451
10.3928
10.5569
10.6860
10.7624
11.3906
12.3216
11.9052
12.2187
12.0728
12.8110
12.4347
12.3178
12.2663
12.1333
12.6887
12.8223
13.3588
13.3684
13.0993
13.0003
13.2383
13.6092
14.2087
13.5954
13.8599
14.4317
14.2579
14.4357
14.4277
14.6038
15.2754
14.8281
14.6891
14.7256
14.2728
13.8913
13.7297
12.8716
12.5285
11.7342
11.2174
9.9788
9.2353
8.3100
7.7706
7.1035
7.2336
6.0828
5.3089
4.6359
4.0027
3.3633
2.8639
2.2756
2.1278
1.4557
1.1777
0.4659
0.1778
0.0478
-0.0093
-0.1902
-0.1389
-0.3285
-0.0945
0.0949
-0.0061
-0.3347
-0.4528
-0.6376
-0.8081
-0.3899
-0.7901
-0.4484
-0.5594
-0.2916
-0.4588
-0.2992
-0.2183
-0.4475
-0.5619
-0.3072
-0.5402
-0.6298
-0.9902
-1.0341
-1.0635
-0.7684
-0.8259
-0.9074
-0.7564
-0.2162
-0.2514
-0.3082
-0.0733
0.0879
-0.0145
0.5353
0.3768
-0.2159
0.0254
0.0707
-0.2350
0.1910
0.1973
-0.1756
-0.3297
-0.8418
-0.7530
-1.2806
-1.6056
-1.9783
-1.9589
-2.0492
-2.1817
-2.8885
-3.1206
-3.1983
-2.8570
-3.6609
-3.7369
-4.0019
-4.1362
-4.5482
-4.4904
-4.9223
-4.8080
-4.5226
-5.0082
-5.3006
-5.1896
-5.3442
-4.8130
-5.2712
-5.4434
-5.5454
-5.3826
-5.9003
-6.0003
-5.4479
-5.8570
-5.3232
-5.0536
-4.6243
-4.8425
-4.7200
-4.4078
-4.7542
-4.6690
-4.4419
-4.1070
-4.0187
-3.8329
-3.4585
-3.3599
-3.0924
-3.3560
-2.9012
-2.8312
-2.7558
-2.5157
-2.5334
-2.0714
-2.3783
-2.1962
-2.2965
-2.2247
-1.9376
-1.7022
-2.0078
-1.8102
-2.0888
-2.5763
-2.7444
-2.8680
-3.1631
-3.3989
-4.0269
-4.2912
-4.7086
-4.9027
-5.6663
-6.1420
-6.7324
-7.1619
-7.2161
-7.8312
-8.3491
-8.6077
-9.1671
-9.1870
-9.4366
-9.7997
-9.5062
-9.5825
-9.8461
-8.9097
-9.6016
-9.6587
-9.5001
-9.5668
-9.5459
-9.7292
-8.9690
-9.2298
-9.1318
-9.5140
-9.7122
-9.5441
-9.5622
-8.9672
-9.1922
-9.0995
-9.1761
-8.7452
-9.0734
-8.4410
-8.6498
-8.3043
-8.1379
-7.7830
-7.0235
-6.4892
-5.9092
-5.0737
-4.4689
-4.6603
-4.2516
-3.6250
-3.1615
-3.1887
-2.5466
-2.8309
-2.2531
-2.9166
-3.2906
-2.8964
-3.4629
-3.8447
-3.8928
-3.9066
-3.9201
-4.0093
-3.3008
-3.6209
-3.1290
-3.2810
-2.9944
-2.4651
-2.2764
-2.1687
-2.1119
-1.9019
-1.2192
-1.0496
-1.3321
-1.2117
-0.8847
-0.6963
-0.9046
-0.8896
-0.8082
-0.2702
-0.1992
-0.4105
-0.1132
0.0920
0.2871
1.0402
1.0579
0.9631
1.5250
1.2762
1.3361
2.1383
1.6391
2.5241
2.9292
3.0274
2.7519
3.4477
3.4573
3.4969
3.6617
5.4776
4.4748
5.1117
5.7402
6.9798
6.5524
6.9410
7.1772
7.1105
6.8883
7.5479
7.9244
7.9467
7.9254
8.2955
8.5137
8.3794
8.3246
8.7244
8.6136
9.2597
9.0093
9.4477
9.3051
10.1160
10.2251
10.9833
10.4820
11.2438
11.0223
11.2865
11.6423
12.6474
12.4638
13.2969
13.1661
12.9383
12.7580
12.6724
12.5512
12.2531
12.1786
12.5744
12.4170
11.9624
11.7977
11.4575
11.0784
11.1565
10.6218
10.0888
9.5283
9.6160
9.0808
9.1350
9.2389
8.8644
8.8519
8.9000
8.4272
8.5169
8.5498
9.0836
8.8948
8.9181
8.9338
8.3400
8.3402
8.0870
7.8944
7.4287
6.8556
6.2787
5.7144
5.3514
4.8261
4.3127
3.7379
3.2069
2.7128
2.3675
1.6485
1.3333
0.9649
0.9527
0.9242
0.8329
0.7494
0.1552
-0.2074
-0.2546
-0.5232
-0.6114
-0.5884
-0.6235
-0.8923
-0.9654
-1.1189
-0.8392
-1.1774
-1.5290
-0.9545
-1.1522
-1.1251
-1.1870
-1.6542
-1.6904
-1.9215
-2.1363
-2.4064
-2.5058
-2.8696
-2.9500
-3.1850
-3.7853
-4.0713
-4.4163
-4.8086
-4.9462
-5.5834
-5.5996
-6.0998
-6.2925
-6.5835
-6.8543
-7.0137
-7.1896
-7.5658
-7.7408
-8.1313
-8.1941
-8.3594
-7.8738
-8.3701
-8.1120
-8.3470
-8.3979
-8.4349
-8.5784
-8.6939
-8.6686
-8.7250
-8.6007
-8.2814
-8.7866
-8.8966
-8.9917
-9.2177
-9.1267
-9.3706
-9.2255
-9.4940
-9.5999
-9.5946
-9.4490
-9.5649
-9.7156
-9.5200
-9.6016
-9.4568
-8.1732
-9.3140
-8.6044
-8.0788
-8.5839
-8.0478
-7.6240
-6.9289
-7.2511
-6.7083
-6.7310
-6.2664
-5.9278
-5.6742
-5.8014
-5.8516
-6.0739
-5.6951
-5.7880
-5.3156
-5.4846
-5.1583
-5.4916
-5.5345
-5.7348
-5.6306
-5.4763
-5.5217
-5.0708
-5.3590
-4.5370
-5.3387
-4.4860
-4.9200
-5.0430
-5.1076
-4.7989
-4.0240
-4.2031
-3.4882
-3.7649
-3.3928
-2.9780
-2.4149
-2.4819
-2.1593
-1.8983
-1.8148
-2.0943
-1.7806
-1.8353
-1.5665
-0.9101
-1.4359
-1.1541
-1.3028
-0.6232
-1.2590
-0.8104
-0.9201
-0.6134
-0.6963
0.4625
-1.0072
-0.6161
-1.0131
-1.3198
-1.5828
-1.6726
-2.0306
-1.9404
-2.1480
-2.3821
-2.2849
-2.3813
-2.0882
-2.5736
-2.1671
-2.2969
-1.8695
-2.1938
-1.7711
-2.0929
-1.8352
-1.6899
-1.3002
-0.8781
-0.4331
-0.8408
-0.5759
0.0963
0.1386
0.2027
-0.3582
-0.1961
-0.1567
0.0653
0.6400
0.7602
0.8787
0.5481
0.6849
0.8386
0.7617
0.2762
0.4254
0.2545
0.3402
-0.1257
-0.3405
-0.3798
-0.3304
-0.8098
-0.8621
-0.7751
-0.8462
-0.4494
-0.2911
-0.4009
-0.2372
-0.5139
-0.4833
-0.2834
-0.9221
-0.4243
-0.0836
-0.2144
-0.6465
-0.1734
-0.5202
1.1212
0.7362
0.7686
1.3335
1.1250
1.6999
1.8547
1.9667
2.1297
1.2480
1.5465
1.7625
2.5096
2.0036
2.3991
1.9939
2.3543
2.7929
3.0454
3.5689
4.2323
4.1735
4.4501
4.7316
4.7725
4.9555
5.0004
5.3357
5.3245
5.5735
5.9357
5.9307
6.1235
6.5377
6.9479
6.7258
6.9989
7.1540
7.0760
6.8039
6.8946
6.4144
6.2348
6.0146
6.1556
5.7879
5.5202
5.4504
5.3661
4.9207
4.9598
4.6445
4.5064
4.3985
4.1506
4.3835
3.8806
4.0182
3.4249
3.2535
3.0052
3.1737
2.7799
2.9011
2.3981
2.2547
2.2131
2.0228
1.7632
1.6839
1.4208
1.3343
1.5037
0.9239
0.7566
0.5762
0.5868
0.0011
-0.3740
-0.8309
-0.8717
-1.2003
-1.2943
-1.6179
-1.4981
-1.7665
-1.8017
-1.5451
-1.9556
-2.0717
-2.1586
-2.0221
-2.3369
-2.0131
-2.1972
-2.1945
-1.9713
-2.0217
-2.0211
-1.9175
-1.6966
-1.0583
-1.5817
-1.4843
-1.3757
-1.3136
-1.3160
-1.3591
-0.9318
-1.2247
-0.5954
-0.3475
-0.5451
0.3625
0.3930
0.5922
1.4392
1.7162
2.3360
3.2284
3.5452
3.2139
3.5508
3.5659
3.9831
3.5567
3.2709
3.2345
2.7867
2.7720
2.3059
2.0307
1.7271
1.7385
1.3946
0.7450
0.4512
0.3656
0.5228
0.0214
-0.1962
-0.5141
-0.2959
-1.0100
-1.2241
-1.0959
-1.2810
-1.6140
-1.5996
-2.0088
-2.1550
-2.3698
-2.4360
-2.7966
-2.8151
-3.2453
-3.3840
-3.7928
-3.9507
-4.1900
-4.5370
-4.2655
-4.6408
-5.0409
-5.2303
-5.2805
-5.6703
-5.8224
-5.7034
-5.9715
-6.2358
-6.2604
-6.4926
-6.4727
-6.1907
-5.5665
-5.7043
-4.9407
-5.1996
-4.8418
-4.4958
-3.9510
-2.9340
-2.4396
-0.4572
-0.1343
2.1045
2.5745
2.4813
3.9221
3.4807
3.5227
3.9488
3.4076
3.4519
3.6740
2.8591
2.6704
2.3548
1.2077
1.0045
0.6131
0.6126
0.5048
0.5418
0.1818
-0.5712
-0.5877
-1.3242
-1.3467
-1.5650
-1.7294
-1.6094
-1.6904
-1.7384
-2.0830
-1.8657
-2.4886
-2.6465
-2.9203
-3.1572
-2.9549
-3.3590
-3.4243
-3.6068
-3.4599
-3.3906
-3.5361
-3.5548
-3.3535
-3.7203
-3.7139
-4.0236
-3.8963
-4.3141
-3.9787
-4.2664
-4.3541
-4.7988
-5.2295
-5.4840
-5.4306
-5.9870
-6.0418
-6.2569
-6.2114
-5.9243
-6.2709
-5.9816
-6.8752
-6.4798
-7.0985
-6.6438
-7.5621
-7.8658
-7.6989
-7.8630
-7.2518
-7.8380
-7.9697
-7.9101
-7.5324
-7.5177
-7.0359
-6.8921
-6.8197
-6.5164
-6.9479
-5.7592
-5.8368
-6.0027
-6.0429
-5.7136
-5.9688
-5.5111
-4.9666
-5.2448
-5.1384
-4.4232
-4.5170
-4.2638
-4.3573
-3.7351
-3.8307
-3.6835
-3.7396
-3.1740
-3.1024
-3.1168
-2.9023
-2.9080
-2.5562
-2.2573
-2.7217
-2.1712
-1.9305
-1.7197
-1.3417
-0.4969
0.3930
0.1382
0.4831
0.5243
1.0002
1.1024
1.5099
1.0943
1.2495
1.4982
1.3107
1.7529
1.5500
1.9996
2.2866
2.4780
2.7698
2.8407
2.7717
3.9330
3.2853
3.4638
3.0678
3.2208
3.4520
3.3969
3.3023
3.6405
3.5140
4.0637
4.8646
5.3013
4.8203
4.9833
5.5650
5.3673
5.8305
5.6106
5.9638
6.0215
6.3158
6.1896
5.9592
6.0490
6.5500
6.9435
6.8868
7.6767
7.6799
8.1084
8.5871
9.4917
9.7837
10.1882
10.5499
10.3371
11.1589
11.6603
13.0598
12.9442
12.7896
12.4682
13.1155
13.5068
14.6668
14.8163
15.4518
15.3123
15.9782
17.2532
17.5963
18.3562
18.5128
18.5019
18.6000
19.6046
19.1908
19.8260
19.2100
18.7733
18.0920
16.9170
16.7702
15.9550
15.4991
14.7496
14.0229
12.9010
13.2166
12.2277
11.9518
11.7950
11.1438
11.0703
10.6680
9.8350
9.7639
9.1950
9.3413
9.2720
8.3083
8.6447
7.8112
7.3429
6.3208
6.3545
5.9420
5.0433
5.0101
4.5325
4.7510
3.7282
4.1033
3.0181
3.2927
2.6435
2.9869
2.1243
2.3039
2.1570
1.7190
1.7269
1.1873
1.1601
1.1339
0.5078
0.2625
0.4276
0.1806
0.5833
0.4579
0.5256
0.8756
0.9380
1.5713
1.3469
1.4964
1.9811
1.7733
2.0312
2.1744
2.2284
2.0207
2.0680
1.8236
1.6761
1.5432
1.3694
1.3627
1.0582
0.7322
0.6622
0.4420
-0.0303
-0.4886
-0.6734
-1.1307
-2.0679
-2.3440
-2.9273
-3.3196
-3.8328
-4.3288
-4.6683
-5.0529
-5.5552
-5.9660
-6.0210
-6.5026
-6.7172
-6.6997
-6.8234
-7.3413
-7.5309
-7.7701
-8.0152
-8.1354
-8.3832
-8.3584
-8.8052
-8.9359
-9.0622
-9.3543
-9.3469
-9.4311
-9.5946
-9.6762
-9.6881
-9.4832
-9.4247
-9.1171
-8.5866
-9.4283
-9.1783
-8.8736
-8.6377
-9.1420
-9.0680
-9.2803
-9.2433
-9.0076
-8.5227
-8.5694
-8.4306
-8.4961
-8.6587
-8.5420
-8.3267
-7.7094
-7.9618
-7.7986
-7.2729
-7.5012
-6.6549
-6.9561
-6.7445
-6.5727
-6.0951
-5.9300
-5.8127
-5.2989
-5.2184
-5.0425
-4.9049
-4.6859
-4.6382
-4.0179
-4.2176
-4.1752
-3.9163
-4.0722
-3.3948
-3.8748
-3.7597
-3.9270
-3.5846
-3.4600
-3.2691
-3.8114
-4.0273
-3.9486
-4.1611
-4.2808
-4.1920
-4.1231
-4.7125
-4.7720
-5.0614
-4.8352
-4.9123
-5.8044
-5.9171
-5.7831
-5.7183
-5.3030
-5.9755
-6.0047
-5.8153
-6.1905
-6.3165
-6.2779
-5.7642
-5.7364
-5.7526
-5.3309
-5.0376
-4.7048
-4.3388
-3.6683
-3.3967
-2.9681
-2.3411
-1.7019
-1.4396
-0.9239
-0.3172
-0.1038
0.4711
0.9811
1.4451
2.0493
2.2751
2.4636
2.7900
3.0811
3.0710
3.2242
3.6733
3.4469
3.6002
3.6805
3.5757
3.6815
3.4290
3.5736
3.3099
3.3575
3.4821
3.6403
3.1099
2.9218
2.7754
2.4527
2.3032
2.0648
1.9456
1.9555
2.0761
2.0762
1.7173
1.5587
1.8120
1.8660
2.0331
1.4059
2.3465
1.5635
1.9061
1.7235
1.5767
1.3861
1.5847
1.5653
1.3664
1.1398
1.0056
0.6328
0.6616
0.4199
0.3435
-0.2699
-0.3251
-0.7166
-0.7875
-1.1158
-1.2555
-1.6539
-1.8852
-1.8794
-1.7254
-1.4665
-1.0242
-0.8636
-0.6118
-0.4050
-0.5041
-0.4137
0.2045
0.1744
0.3317
0.6081
1.0091
1.2348
2.2464
2.9366
3.4641
4.0548
3.9386
4.4696
4.6810
4.1337
4.3385
3.9119
4.2455
3.6049
4.0960
3.9789
4.2581
4.3370
4.3582
4.6350
4.3882
4.3359
4.0901
3.7719
4.1913
4.2334
3.8960
3.9137
3.5882
3.7608
3.7184
2.8754
3.2326
2.2367
2.2245
1.6291
1.4000
1.5250
0.8635
0.5732
0.2753
1.2136
0.1000
0.1608
0.3261
0.0088
0.0922
0.3845
0.6757
0.5045
0.7326
0.2166
1.0320
0.3829
1.0336
0.4065
1.4233
0.5606
1.1787
1.1772
1.1865
0.8969
1.1442
0.8701
1.4727
1.0448
1.4463
1.2741
1.2892
1.3837
1.2498
1.2613
1.3729
1.1825
1.1790
1.5482
1.0630
1.1517
1.3880
0.9935
0.7307
0.6173
0.5757
0.4041
0.3090
0.1577
-0.1291
-0.5745
-0.3546
-1.1494
-1.2446
-1.5613
-1.5750
-2.2016
-2.4364
-2.6831
-2.9263
-3.2779
-3.2104
-3.8051
-3.8556
-4.1040
-4.2946
-4.8047
-4.9387
-5.1638
-5.3531
-5.6730
-5.9419
-6.1777
-5.9363
-6.3024
-6.2083
-6.4325
-6.6250
-6.7555
-6.7824
-6.8723
-6.7192
-7.0523
-7.2018
-7.2517
-7.4616
-7.5117
-7.6980
-7.6172
-7.7845
-7.6488
-7.8736
-8.0245
-8.1456
-8.3858
-8.4945
-8.7031
-8.7692
-8.3363
-8.7850
-8.7403
-8.7872
-8.5574
-8.5612
-8.7569
-8.7548
-8.7245
-8.4853
-8.0410
-8.2810
-8.3506
-8.3967
-8.3842
-8.4226
-8.3249
-8.3470
-8.2964
-7.9883
-8.3436
-8.3204
-8.0975
-7.6806
-7.4540
-8.2135
-7.6859
-7.8115
-6.9974
-7.4301
-7.0605
-6.7379
-6.9487
-6.9306
-6.4045
-6.4807
-5.9076
-6.2330
-5.3240
-4.7921
-5.2075
-4.2098
-4.4463
-3.8294
-3.2371
-1.9053
-0.8042
0.2045
1.9755
1.8945
3.3168
4.0591
5.3306
5.3952
6.3292
6.9279
7.3403
7.3357
7.2283
6.6906
6.5334
6.5311
6.7550
6.6278
6.5086
6.5611
6.2145
6.0319
5.8508
6.7169
6.5253
6.0385
6.2377
6.4303
6.3024
6.6022
6.4197
6.3501
6.9337
6.5355
6.9302
6.7448
7.1575
6.5420
8.2056
7.7425
8.9912
8.6364
8.9692
7.7380
7.9731
8.3164
7.9631
8.0695
7.3816
7.6443
7.3789
7.1967
7.0929
7.4055
7.0490
7.5136
7.2582
7.1655
7.0710
7.0927
7.4588
7.4946
6.9211
6.9748
6.5544
6.4055
5.9247
5.3048
5.2096
5.0282
4.8725
4.9212
4.2338
4.3455
3.9099
3.8987
3.9089
3.8761
3.4595
3.5842
3.8555
3.7583
3.6961
3.7647
3.9175
4.4336
4.5847
4.8090
5.4323
5.2179
5.3804
5.6870
6.0240
7.1205
6.6905
6.8524
6.3950
7.1083
6.6977
7.3406
7.3712
7.5302
7.2314
8.1874
7.8422
8.1219
8.1979
8.3629
8.5077
9.1041
8.9213
