2.1832
2.4339
3.0636
3.2430
4.1564
4.7839
5.1814
4.8409
5.8391
6.1300
6.2468
6.6311
7.3087
7.7048
8.7818
7.6015
8.7186
8.4732
9.2437
9.0963
9.0273
8.5660
8.2515
7.9028
7.5084
7.6021
6.9984
6.4678
6.3949
6.2292
5.8180
5.6900
5.1741
4.5932
3.9753
3.8072
3.1651
3.0888
3.4853
2.3292
2.1905
1.9066
1.6415
1.1258
0.8380
0.5956
0.1737
0.0177
0.0741
0.0170
-0.6449
-0.9134
-1.0425
-1.0815
-1.2333
-1.2628
-1.7578
-1.7998
-2.1411
-2.2711
-2.1179
-2.5556
-2.8024
-3.1572
-3.2061
-3.5206
-3.4695
-3.6757
-3.6074
-3.5220
-3.4062
-3.5125
-3.8405
-4.2367
-3.7966
-4.2912
-4.2059
-4.2594
-4.5146
-4.1792
-4.2678
-4.4052
-3.8501
-4.5500
-4.6832
-4.8712
-4.8431
-4.8065
-4.8653
-4.9158
-4.8841
-4.9095
-4.9076
-4.9277
-4.9844
-5.0507
-5.1368
-5.2154
-5.2010
-5.3188
-5.3359
-5.3231
-5.5653
-5.6591
-5.6523
-5.7012
-5.6764
-5.6615
-5.6185
-5.5192
-5.3987
-5.1533
-4.8132
-4.3860
-3.8434
-3.3471
-2.8537
-2.4522
-2.1416
-1.6531
-1.4353
-0.8753
-0.8519
-0.2959
-0.1316
0.4128
0.1808
0.3829
0.2873
0.4443
1.1170
0.7525
0.3522
0.8279
0.3359
0.4108
0.1382
0.0331
-0.0005
-0.1856
-0.2528
-0.4011
0.0753
0.3163
0.5933
0.5591
1.0318
1.1386
1.9394
2.0212
2.5915
2.5313
3.0931
3.6447
3.4122
3.5188
3.7385
3.6536
3.5933
3.8736
3.3933
2.6368
2.2144
2.1095
1.5248
1.2371
1.3682
0.7100
0.7870
0.2766
0.1434
0.0599
-0.2993
-0.3371
-0.0977
0.2544
-0.1354
-0.1947
-0.4319
-0.5653
-0.4850
-0.5268
-0.6923
-0.7606
-0.5410
-0.7821
-0.9200
-0.3308
-1.0110
-0.8070
-0.6687
-0.1768
0.2761
1.2362
2.4224
2.8815
4.4107
4.8382
6.1943
6.6962
6.6931
7.8188
8.9449
7.7268
8.4012
6.7068
5.6762
5.5041
4.7158
3.7119
2.4419
1.9985
1.3899
0.9195
1.2125
0.2766
0.4145
0.9249
0.5398
0.8236
0.7698
1.1739
0.8239
0.8815
1.2044
1.3605
1.8490
1.4478
1.3679
1.3545
1.5274
1.3496
1.5526
1.4973
1.7176
1.6487
1.8415
2.1227
2.3932
2.4615
2.5151
2.6191
2.8088
2.9324
3.5082
3.3062
3.5663
3.4899
3.5833
4.0872
3.8719
4.1489
3.8522
4.1313
4.0679
4.1463
4.0973
3.9085
3.7682
3.1737
2.7578
2.3505
2.0944
1.7232
1.0629
0.8252
0.1736
0.1720
-0.1649
-0.2199
-0.1637
-0.5300
-0.3348
-0.6403
-0.3312
-0.8283
-0.7917
-1.3879
-1.5422
-1.7492
-1.7036
-1.8978
-2.3052
-2.4164
-2.2976
-2.5283
-2.5018
-2.4736
-2.5355
-2.5552
-2.7036
-2.4909
-2.5026
-2.5281
-2.2579
-2.2563
-2.1012
-1.6820
-1.7693
-1.6974
-1.7268
-1.6503
-1.7788
-1.7426
-1.7686
-1.9171
-1.9209
-2.1261
-2.2786
-2.3592
-2.1877
-2.4124
-2.2630
-2.7518
-2.4801
-3.0159
-3.1246
-3.1893
-3.1589
-3.0062
-3.1080
-2.7888
-3.1279
-3.0350
-2.7822
-2.6669
-2.7901
-2.8990
-2.8244
-2.7501
-2.4708
-2.5378
-2.5499
-2.5502
-2.1529
-2.5476
-2.3318
-2.4193
-2.0255
-2.2045
-1.9703
-2.1049
-2.3526
-2.5317
-2.7422
-2.8897
-2.9023
-3.0433
-2.9831
-3.3180
-3.4517
-3.4935
-3.0662
-2.8625
-2.7893
-3.2602
-2.5788
-2.6002
-2.5350
-2.2731
-1.7974
-1.7893
-1.1435
-1.8743
-1.6848
-1.4836
-1.7792
-1.7148
-1.6361
-1.8953
-2.0600
-2.0056
-2.0451
-2.1552
-2.4486
-2.6738
-2.9836
-3.1022
-3.2988
-3.4351
-3.4512
-3.7517
-3.4398
-3.5552
-3.7309
-3.7487
-3.7712
-2.8520
-2.0257
-2.0974
-0.8570
-0.9355
-0.3534
0.3051
1.2157
2.1096
1.7881
2.2166
2.7750
2.9639
3.5231
4.1161
4.8542
5.0080
5.9485
6.3085
6.0463
6.0104
6.1688
6.3516
6.2470
6.3153
6.2301
5.7108
5.1906
4.8113
4.2578
3.5243
2.8728
2.3465
1.5062
1.3721
0.7638
0.3336
0.0134
0.0899
-0.4144
-0.6936
-0.6401
-0.9859
-0.4114
-0.9742
-0.4607
-0.9979
-0.9616
-0.9045
-1.1905
-1.0972
-1.0378
-0.6896
-0.8253
-0.8604
-0.9282
-0.8529
-0.6288
-1.0301
-0.7669
-0.9077
-0.8201
-1.4129
-0.9189
-0.9052
-0.7463
-0.4635
-0.5427
-0.6786
-0.3317
-0.6103
0.5004
0.2434
0.5640
0.8727
0.3778
0.0365
0.0284
0.0094
0.0951
0.0139
0.4183
0.3730
-0.0480
0.0322
0.3807
0.1779
0.4985
0.4071
0.7435
0.7770
0.3668
0.8701
-0.3932
1.0351
1.1409
1.1307
2.7792
2.2244
3.7364
3.9152
4.1422
4.9995
4.8847
4.5774
4.8667
4.3628
4.4613
4.7482
4.8160
5.1957
4.7826
4.6492
4.5868
4.4273
4.0498
4.0859
4.2114
4.4505
3.7972
3.5122
3.2166
3.1602
3.3630
3.2190
3.2320
2.4552
2.4531
2.3993
2.4902
2.7034
3.2035
3.2418
3.0950
2.9239
3.4045
3.7584
3.3707
3.1952
3.4814
3.1425
3.1602
2.9559
3.2455
3.5852
3.1347
3.5425
3.4137
3.6716
4.3964
4.6514
5.3960
5.2144
5.6887
6.1959
6.1821
6.1604
6.5313
6.0659
6.1018
5.5878
6.0529
5.7700
5.0349
5.1137
4.8854
4.7081
4.7774
4.5640
4.3182
4.2262
4.3922
4.2945
4.1282
4.1844
3.4114
3.2918
2.6934
2.1887
1.9924
1.7995
1.8109
1.5437
1.5302
1.4162
0.8075
0.3286
0.1302
-0.0691
-0.1556
-0.3659
-0.5021
-0.8315
-1.0864
-1.3750
-1.6417
-1.9055
-2.1531
-2.1746
-2.6085
-2.7946
-2.8279
-3.1235
-3.3494
-3.4546
-3.6664
-3.7887
-3.8910
-3.9718
-4.0386
-4.0889
-4.1614
-4.2425
-4.3203
-4.4333
-4.4966
-4.6226
-4.6849
-4.7613
-4.6050
-4.7689
-4.8698
-4.8952
-5.0301
-5.0808
-5.0919
-5.1247
-5.1245
-5.1659
-5.1829
-5.2107
-5.0654
-5.3192
-5.4421
-5.5283
-5.5369
-5.6126
-5.5872
-5.6599
-5.6357
-5.5817
-5.2906
-4.9876
-4.3321
-4.3800
-4.0373
-3.6227
-3.2510
-2.6456
-2.8639
-2.4133
-2.1229
-1.8109
-1.9158
-1.8234
-1.3225
-0.9868
-0.0371
-0.4338
0.0648
0.9897
0.9506
1.0046
1.1328
1.4871
1.1387
1.4058
1.4514
1.5786
1.6727
2.2452
2.3311
2.5419
2.8504
3.2075
3.5834
3.5982
3.6441
4.2233
3.9969
3.9409
3.7080
3.5246
3.1443
2.9062
2.7513
2.6038
2.5976
2.4671
2.6009
2.2276
2.2892
1.7164
1.4780
1.4538
1.5353
1.1888
0.5329
0.4122
0.4379
-0.3483
-0.4237
-0.8964
-0.6808
-1.0840
-1.6026
-1.6693
-1.8955
-2.1564
-2.7047
-2.6843
-2.9329
-2.9454
-3.0955
-3.2642
-2.8823
-3.3449
-3.4204
-3.2195
-3.1255
-3.1657
-3.2077
-3.5761
-3.6514
-3.4711
-3.7089
-3.7002
-3.8016
-3.8397
-3.8053
-3.6710
-3.7410
-2.8516
-2.4132
-2.2983
-2.3038
-2.9588
-2.3035
-2.3973
-2.3696
-2.1124
-2.5721
-2.0072
-1.9471
-1.6771
-1.6492
-1.5253
-1.2304
-0.7618
-0.1908
0.1335
0.5070
0.7487
0.9052
1.8391
1.7582
1.5451
1.7625
1.8825
2.5015
2.1282
2.2364
2.2658
2.5888
2.5954
2.6405
3.2728
3.3859
3.1376
3.5106
3.0376
3.1559
2.9158
2.8398
2.9414
3.1807
2.9489
3.3010
3.1490
2.8480
3.0238
2.9470
2.8488
2.9152
2.7826
2.6858
2.3493
2.4862
1.9591
2.1197
1.6468
1.7557
1.3823
0.9905
0.9762
0.7783
0.9152
0.8000
0.7662
0.8648
1.6257
1.2725
1.9879
1.1706
1.8490
1.8079
1.6233
2.7478
2.2868
3.0736
3.1487
3.9571
4.3753
4.8309
5.3039
5.7802
6.7715
6.6630
6.6589
5.8208
5.9785
6.5845
5.9688
5.7237
5.7466
5.5138
4.7337
4.5810
4.2540
4.5159
4.2349
5.0278
3.6116
3.6603
3.1309
3.2489
3.2170
2.8862
2.8661
2.8343
2.1960
1.6473
1.7299
1.1624
0.6799
0.3305
0.0352
-0.2955
-0.3942
-0.5620
-0.2453
-0.6978
-0.6925
-0.7052
-1.0155
-0.9167
-1.0216
-1.2098
-1.4500
-1.4966
-1.8527
-1.5161
-1.8416
-0.8782
-0.8155
-1.5397
-1.4892
-1.2979
-1.6449
-1.4281
-1.6945
-1.6748
-1.4836
-1.4237
-1.4479
-1.7529
-1.6614
-1.3938
-1.4245
-1.5280
-1.5951
-1.1202
-0.7810
-0.5531
0.0451
-0.0418
1.0920
1.1922
1.3265
0.8323
0.8077
0.8824
0.8999
0.4361
-0.0826
-0.0547
0.5333
0.1792
0.3505
0.5558
0.7629
1.3859
1.4463
1.7577
1.7359
1.7877
1.8823
2.3349
1.8404
1.6172
1.3877
1.2706
1.2316
1.6405
1.4738
1.2143
0.7466
1.0197
0.5752
0.0657
-0.1218
-0.2117
-0.3912
-0.4353
-0.1857
-0.2443
0.1477
0.1123
0.0595
0.3610
0.3771
0.4235
0.6919
0.8338
1.1870
0.9354
1.2027
0.8732
1.0988
0.7771
0.7932
0.8628
0.7344
0.4993
0.1577
-0.0814
-0.2137
-0.5788
-0.8646
-0.6632
-1.6211
-1.9273
-1.8728
-2.1279
-2.5134
-2.7442
-2.7681
-3.1127
-3.3578
-3.2178
-3.6484
-3.5865
-3.6493
-3.6470
-3.9137
-3.5631
-3.5899
-3.4319
-3.2174
-3.3129
-3.4160
-3.0959
-2.9522
-2.5672
-2.6886
-2.5234
-2.3554
-2.4885
-2.2338
-1.7031
-1.4262
-1.0524
-1.2019
-1.0430
-0.7810
-0.8171
-0.3299
0.2397
0.1709
0.3276
0.5754
0.9577
0.8465
0.8926
1.1832
1.2648
1.7019
1.5030
1.5407
1.6161
1.4487
1.4460
1.1299
0.9744
0.8388
0.3845
0.0294
-0.1976
-0.2986
-0.6165
-0.8092
-0.7788
-0.8874
-0.6513
-0.8308
-0.6848
-0.4837
-0.2657
-0.1188
0.1498
-0.0620
-0.1235
-0.1480
-0.1134
-0.4809
-0.6816
-0.9929
-1.1747
-1.4946
-1.5637
-1.5807
-1.9767
-1.9373
-2.0146
-1.6723
-1.8711
-1.8539
-1.9670
-0.9523
-1.3401
-1.3406
-0.3742
-1.0709
-0.6811
-0.2530
-0.0281
-0.3896
0.1883
0.8949
1.3313
1.6067
2.5046
3.2073
3.0012
3.2951
3.5314
3.6193
2.9793
3.2233
4.8376
3.5415
4.5060
3.6658
3.5721
3.8895
3.3924
2.6432
1.9053
1.8928
1.8487
1.4118
1.2660
0.9578
1.0681
0.7693
0.5652
0.2702
0.5159
0.3531
0.4097
0.6355
0.7083
1.3905
1.0284
1.1525
1.2182
1.2760
1.5756
1.7016
1.8090
2.0550
2.2649
2.3821
2.5251
2.5554
2.2228
1.9443
1.5369
1.7311
1.0660
0.8827
0.3040
0.0067
0.7116
-0.2099
-0.3220
-0.3769
-0.8079
-0.7676
-0.9554
-1.3752
-1.3386
-0.9175
-1.5085
-1.4309
-1.5278
-1.1512
-1.2165
-0.5004
0.2298
0.6761
0.7971
0.9641
1.3670
1.9654
1.8965
2.8064
2.4266
2.7957
3.2010
3.2734
3.2225
2.8066
3.0193
3.2579
3.2272
3.8067
3.1876
3.3551
3.0857
3.1391
2.9720
2.7825
3.5586
2.7079
2.9778
3.0816
3.4668
3.3189
3.4418
3.7019
3.5083
3.6610
3.4151
3.2759
3.8275
3.5070
2.8443
2.6437
2.1558
1.9113
1.7709
1.2863
1.8672
1.6236
1.4263
1.7181
1.5923
1.1451
1.0392
1.3839
0.7725
1.4790
0.6761
0.9540
0.4595
0.2480
0.1162
-0.3284
-0.3426
-0.9550
-0.4863
-0.9948
-1.2417
-1.2736
-1.4289
-1.9739
-2.0780
-2.3939
-2.2173
-2.6646
-2.6528
-2.7272
-2.7515
-2.7347
-2.7889
-2.5255
-2.6703
-2.5147
-2.2195
-1.9933
-1.8014
-1.8356
-1.6512
-1.6608
-1.2017
-0.9161
-1.3286
-1.4292
-1.3792
-1.5600
-1.3951
-1.2931
-1.6285
-1.0512
-1.4698
-1.1229
-0.9305
-1.0103
-0.8903
-0.9887
-1.0343
-0.7318
-0.7783
-1.0984
-0.5621
-0.6333
-0.6968
-1.0087
-0.4558
-0.6851
-0.3790
0.0841
0.3239
0.3967
0.9378
1.2289
1.2790
1.8909
1.6678
2.0283
2.7273
2.2298
2.8810
2.7338
2.9297
3.0063
3.0088
2.6383
2.7661
3.0715
2.5799
2.3634
2.0749
1.6971
1.9819
1.9396
1.3205
1.7354
1.2953
1.3949
1.0870
0.9078
0.7504
0.7492
0.4717
0.3556
0.1196
0.0815
0.2521
0.0660
0.0322
-0.0589
-0.1357
-0.4303
-0.6597
-1.0190
-1.0784
-1.4903
-1.7000
-1.8534
-1.9876
-2.0641
-2.1035
-2.0895
-2.0862
-2.0550
-2.0711
-1.9921
-1.8921
-1.5794
-1.4095
-1.1509
-1.0787
-0.8201
-0.6037
-0.2479
0.1359
0.3640
0.2115
0.7544
1.3327
0.7498
1.3409
0.8253
0.4891
0.7834
0.7213
0.6969
0.6330
-0.0772
-0.1489
-0.7013
-0.7880
-0.7280
-0.1561
-0.0991
-0.1096
-0.4274
-0.3783
-0.0625
-0.0371
0.2191
-0.0850
0.0878
-0.4280
-0.6190
-0.7063
-0.0863
-1.0007
-0.6849
-0.9469
-0.3000
-0.2220
-0.2849
-0.4897
-0.5495
-0.3323
-0.6218
-0.5763
-0.4195
-0.0902
-0.5661
-0.5301
-0.3100
-0.7347
-0.2366
-0.7309
-0.1334
0.1784
-0.1063
0.1415
1.0725
1.1014
1.4498
1.2853
1.4796
1.4012
1.1052
1.7296
0.8938
1.2645
0.7759
0.6927
0.7566
0.0293
0.1332
0.3554
0.2925
0.0090
0.1849
0.6067
1.0647
1.2405
1.4968
1.4381
1.7768
2.0582
1.4511
1.6884
1.6085
1.7745
1.9545
2.6063
2.2005
2.2492
2.0796
2.2251
2.4890
2.7611
2.7585
2.8333
2.6820
3.2410
2.8510
3.1008
3.9878
3.7631
4.0501
4.7206
4.1115
3.9395
4.5846
4.7415
5.2610
5.3016
5.3960
5.9508
6.3372
6.6699
6.9352
6.2664
6.0654
5.3480
4.8692
4.0116
3.7615
3.8936
3.4273
3.4152
2.5288
2.6531
1.7569
1.1282
1.1128
0.6548
1.1192
0.1225
-0.4546
-0.6747
-0.9660
-1.0760
-1.5381
-1.7305
-2.0333
-2.1051
-2.4961
-2.2187
-2.6291
-3.0244
-2.7915
-3.1958
-3.0536
-2.5955
-2.9973
-2.8227
-3.0914
-2.7831
-2.8383
-3.3942
-3.3548
-3.6548
-3.6603
-3.6804
-3.3229
-3.7845
-3.8180
-3.9125
-3.5489
-3.7433
-4.0355
-3.9971
-3.9218
-3.6226
-4.0044
-3.5204
-3.8732
-3.2223
-3.4705
-2.6420
-2.9325
-2.3848
-2.1905
-2.0449
-1.5498
-1.2274
-0.9380
-0.5666
-0.4462
-0.4534
-0.4938
-0.5261
-0.3452
-0.7339
-0.5322
-0.3935
-0.2774
0.0915
0.3325
0.1812
0.5070
0.8237
1.7287
1.2696
1.8900
1.7048
2.0030
2.0116
2.6004
2.5242
2.2986
2.1266
2.6015
2.5936
2.8245
2.8663
2.8236
3.2167
3.2367
4.0109
4.2378
4.1467
4.0402
4.3439
4.1243
3.5159
3.2837
3.2087
3.1508
3.0442
2.8554
2.6052
2.4641
2.4069
2.4206
2.3158
2.4263
2.4075
2.8460
2.7653
2.6927
3.0774
2.8003
2.5932
2.0462
1.3810
0.9623
1.8325
0.8652
0.7754
0.7361
0.8026
0.3315
0.3536
0.0369
0.4370
0.3655
0.0317
-0.2460
-0.6191
-0.9756
-1.2558
-1.6568
-1.7015
-2.4632
-2.6037
-2.8688
-2.8945
-2.8753
-3.1393
-3.2223
-3.3180
-3.2538
-3.2154
-3.0897
-2.9893
-2.6133
-2.5949
-2.4115
-2.1682
-1.7586
-1.8356
-1.6455
-1.6131
-1.4723
-1.3639
-1.0273
-0.9924
-0.8315
-0.5935
-0.1942
-0.1587
0.2129
0.4310
0.6864
0.6420
0.6720
0.9673
0.9311
0.7080
0.5049
1.3334
1.8526
1.4452
1.8631
2.2808
2.3826
1.9574
1.8147
1.8653
2.1657
1.8226
1.8677
1.1606
0.8177
0.5238
0.1659
-0.1405
-0.4598
-0.6259
-0.6658
-0.5262
-0.3152
-0.6993
-0.6585
-0.8900
-0.9490
-1.2144
-1.0400
-0.8000
-0.4336
-0.8008
-0.6120
-0.6154
-0.7127
-0.5166
-0.2849
-0.6969
-0.5662
-0.3475
0.3048
0.0701
0.7134
0.6278
1.3110
1.5493
1.7258
1.4820
1.5930
1.6012
1.9661
2.3500
2.6943
3.2641
3.1601
3.3231
3.3323
3.5960
3.6183
3.8589
3.4990
3.6237
3.2242
3.1697
2.7936
3.4456
2.4467
2.5070
2.5503
2.2081
1.7381
1.5889
1.4695
0.8178
0.7218
0.6754
0.7205
0.7394
0.6107
0.7600
0.6532
0.3961
0.2545
0.0267
-0.1811
-0.1089
-0.6688
-0.4571
-1.0311
-0.7160
-1.0071
-1.1322
-1.3106
-1.5256
-1.4400
-1.4090
-1.5658
-1.3383
-1.6124
-1.4963
-1.5192
-1.3478
-1.6751
-1.7241
-1.4262
-1.1030
-1.6840
-1.5255
-1.6043
-1.5395
-1.9576
-1.9285
-1.7445
-2.2347
-2.0934
-1.7100
-1.7265
-1.3286
-1.2294
-0.9579
-0.7740
-0.4662
-0.7789
-0.2626
-0.2963
-0.3196
-0.8489
-0.2307
-0.5917
-0.1353
-0.1556
-0.1845
-0.3843
-0.5245
-0.4869
-0.6994
-0.9026
-0.6713
-1.1713
-1.7431
-1.8697
-2.0448
-2.1070
-2.2895
-2.4381
-2.3396
-2.0844
-2.4994
-2.2282
-2.0960
-2.1741
-1.9804
-1.7888
-1.4651
-1.3379
-0.6189
-0.2057
0.4529
0.8454
1.2470
1.7801
2.1013
2.4215
2.7904
2.7885
3.3291
4.0915
4.3276
4.0990
4.3083
3.9257
3.5996
3.2895
3.9261
2.6812
2.8218
2.4116
2.5576
2.5778
2.5980
2.7828
2.5499
2.0051
2.0960
1.9718
2.0843
1.6828
1.9042
1.5125
0.7911
0.2608
-0.5116
-0.5458
-1.0370
-1.1409
-0.9760
-1.3123
-1.0573
-0.8815
-1.0580
-0.6682
-0.4846
-0.1679
-0.0254
-0.4873
-0.6982
-0.7444
-0.5216
-0.6265
0.1762
0.4266
0.1505
0.6464
0.0933
0.1181
0.3916
-0.5173
-0.4199
-0.6930
-0.4946
-0.6296
-0.3930
0.5909
0.4923
0.5025
1.0005
1.5253
2.9720
3.0124
3.4053
3.7070
3.5061
4.3493
4.2030
4.1803
3.9863
3.6617
3.1212
2.6234
1.8788
1.6949
1.4259
1.1876
0.9523
1.0560
0.4329
0.3786
0.1560
0.3166
-0.0253
-0.5438
-0.9146
-1.3741
-1.3513
-1.8830
-1.6495
-2.2216
-2.3884
-2.9262
-3.4384
-3.6389
-3.8875
-4.0011
-3.9853
-3.7580
-4.0042
-4.7653
-4.9084
-5.1055
-5.0695
-5.0807
-4.7178
-4.7114
-4.7367
-4.5887
-4.1477
-4.0387
-3.8248
-3.5440
-3.2594
-2.2850
-1.9338
-1.9350
-0.7461
-0.0251
0.4835
0.4020
1.0949
1.3512
1.3256
2.2749
1.6312
1.5089
1.8567
1.1392
1.3171
0.9883
1.0208
0.6686
1.0479
1.0645
1.2329
1.8086
1.8538
1.5524
1.6580
1.8493
1.7110
2.0251
1.8277
2.5483
2.6924
3.1658
3.6759
3.9391
3.3299
3.6933
3.5541
3.4509
3.5597
4.1866
3.4556
4.4505
4.6199
4.9210
4.9287
5.2345
4.9428
5.0034
5.5110
5.5799
5.5088
5.1613
5.0526
4.8227
4.8633
4.4877
4.0197
3.5250
3.0047
2.5618
1.7056
1.1551
1.1360
0.9598
0.6963
0.9773
0.3525
0.3695
0.2752
-0.0546
0.1593
-0.2640
-0.1798
-0.6399
-0.8091
-0.9320
-0.7949
-1.2807
-1.4477
-1.5086
-1.9541
-2.2589
-2.3626
-2.5098
-2.6388
-3.0518
-3.1561
-3.3694
-3.2306
-3.2385
-3.2201
-3.0297
-3.0494
-2.9199
-2.6801
-2.8395
-2.7305
-2.6822
-2.9816
-3.2874
-3.2970
-3.6779
-3.3516
-3.5399
-3.3017
-3.5940
-3.2044
-2.8924
-2.7082
-3.0651
-2.0773
-3.0786
-3.0863
-3.3033
-3.2258
-3.2461
-3.4174
-2.9914
-3.0441
-3.3920
-3.0323
-2.8821
-2.3758
-2.5179
-2.3534
-2.0625
-1.3049
-1.6478
-1.6288
-1.6545
-1.4843
-1.2245
-0.8469
-0.5796
-0.6967
0.1169
-0.3512
0.0189
-0.1715
0.1012
0.8802
1.1558
1.2377
1.6746
2.5234
2.9115
3.0420
4.0906
3.2233
3.2390
3.4690
3.0675
2.7927
3.3164
2.9734
2.6032
3.1614
2.8935
3.2479
3.7938
3.5547
3.3829
3.6583
3.3440
3.3579
3.3092
3.1360
2.8990
1.5880
0.9792
0.2268
-0.8071
-1.5285
-2.2842
-3.1738
-3.4817
-3.6063
-3.8429
-4.0687
-3.8883
-4.2423
-4.3176
-4.6461
-4.6375
-4.2561
-3.9432
-4.1849
-4.0107
-3.9373
-3.7885
-3.4609
-3.5878
-3.0333
-3.1829
-3.0696
-3.3512
-2.8467
-3.1446
-3.2315
-3.4821
-3.1329
-3.4923
-3.3237
-3.7249
-3.6353
-3.5303
-3.4082
-3.5667
-3.5295
-3.4830
-3.3678
-3.0637
-3.2481
-3.1425
-3.0875
-2.7140
-2.9156
-2.6931
-2.7776
-3.0231
-3.1433
-3.3291
-3.5061
-3.6545
-3.2710
-3.5871
-3.6041
-3.4819
-3.4435
-3.3223
-3.1469
-3.1439
-2.7060
-2.3951
-2.6025
-2.6882
-2.8114
-2.2791
-2.4092
-2.2933
-2.1213
-1.9064
-2.4099
-2.1409
-1.6537
-2.0413
-1.4952
-1.3493
-1.2062
-1.5350
-1.3051
-0.9231
-0.0353
-0.0749
1.3218
1.4081
2.3345
2.5554
2.9700
3.5133
3.2913
3.4294
2.2153
2.8808
2.0973
2.5417
1.9842
2.4565
2.2066
2.5867
2.7351
2.6196
2.5523
2.4613
3.0319
2.5405
2.8607
2.7341
2.9567
2.9498
3.7135
3.3894
3.6131
3.4500
3.4962
3.4603
3.9026
4.0907
3.9300
4.3968
4.9466
5.4991
5.7142
6.3538
5.9633
6.1260
6.0694
5.4591
4.9329
4.4714
4.3194
4.8042
4.7099
4.3342
4.3258
4.3057
4.1916
3.6094
3.2053
3.6208
2.5524
2.3807
1.8785
1.9592
1.7574
0.8558
0.6932
0.1939
0.3698
0.5188
0.0702
-0.2313
-0.0617
-0.3683
-0.1580
0.2375
0.5245
0.1577
0.1056
-0.0223
0.5319
0.0122
-0.2556
0.1245
-0.0750
-0.4609
-0.2330
-0.3197
-0.7913
-0.1038
-0.6535
-0.7923
-0.9576
-0.8829
-1.6039
-1.0970
-1.4473
-1.2593
-1.5616
-1.6514
-1.8383
-2.2271
-2.8419
-2.5161
-2.5814
-2.5383
-2.4993
-2.4103
-2.6043
-2.3613
-2.3223
-2.5024
-2.8679
-2.6048
-2.3651
-2.0597
-2.3909
-1.5722
-2.0956
-2.0719
-2.1988
-1.4908
-1.1966
-0.5119
-1.7978
-2.0394
-1.6561
-1.5279
-1.2821
-1.1596
-0.7007
-0.5147
-0.1922
0.1286
0.4077
0.7165
0.1859
0.4531
0.9733
0.6737
0.4851
0.3160
0.7576
0.5037
0.2079
0.3563
0.2137
0.1394
0.2785
0.5552
0.4667
0.6502
0.9334
0.8563
0.5273
0.3956
0.2646
-0.2808
-0.4542
-0.6927
-0.7906
-1.2802
-1.9235
-2.2093
-2.6816
-2.9448
-2.9147
-2.8900
-3.2251
-3.2453
-3.3271
-3.4470
-3.4919
-3.7501
-3.7781
-3.6070
-3.6261
-3.8586
-3.7063
-3.8809
-3.8536
-3.7923
-3.0484
-3.1961
-3.0366
-3.3237
-3.3419
-3.3966
-2.7639
-3.1234
-2.8407
-3.0206
-3.4860
-3.3095
-3.1621
-3.8941
-4.0770
-4.3458
-4.6098
-4.8653
-4.9175
-5.1165
-5.3159
-5.0412
-5.6668
-5.8600
-5.7377
-5.6556
-5.5774
-5.6527
-5.9363
-5.7299
-5.3487
-5.5301
-5.3991
-5.3452
-5.4403
-5.4424
-5.3979
-5.1095
-5.3151
-5.2689
-5.3770
-5.4241
-5.5447
-5.5939
-5.6395
-5.6475
-5.6476
-5.5441
-5.5619
-5.4801
-5.5161
-5.4520
-5.3707
-5.2861
-5.1951
-5.1475
-5.1124
-5.1120
-5.0980
-5.0421
-5.0033
-4.6361
-4.8684
-4.5666
-4.8183
-4.7315
-4.6547
-4.5041
-4.3636
-4.1379
-3.9397
-3.6938
-3.4037
-3.0692
-2.5770
-2.0724
-1.3936
-0.7333
0.3515
0.8077
1.6107
2.1900
3.3628
3.3025
3.7536
4.0217
4.1456
4.5707
5.1349
5.7945
5.8369
5.1236
5.0265
3.9837
3.8724
3.8042
3.9262
4.1167
4.2437
4.0262
4.5280
3.8038
3.9570
3.8618
3.4401
3.3900
3.9532
3.5739
4.2748
4.0015
4.2329
4.6449
4.8762
4.7121
3.5320
3.3770
3.3939
4.3557
3.1207
4.6043
3.2799
4.0979
4.0646
3.9384
4.6021
5.1249
5.2368
5.0387
5.0869
5.8333
6.4748
5.5475
5.2780
5.6101
5.6505
5.5627
5.5969
5.1820
5.1847
5.9096
6.2800
5.9825
5.6470
6.8528
6.9821
7.5299
6.8937
7.3001
7.3979
6.6717
7.4351
7.4974
6.5498
6.7904
6.5928
5.6751
5.0631
4.9116
3.8795
4.5455
3.3321
3.1736
3.0522
3.3540
3.1167
3.2803
3.5381
3.6922
3.9202
3.5697
3.9361
3.6075
3.6758
3.3626
3.7850
2.9857
2.6156
1.9686
2.2981
1.6651
1.2663
1.5003
1.5100
2.0520
1.6214
1.6528
1.4665
1.1166
1.4361
0.7224
0.5526
0.0807
-0.6422
-1.3778
-1.4915
-0.7100
-1.0912
-0.7584
-0.5203
-0.9459
-0.7288
-0.4468
-1.0362
-0.9018
-0.7579
-1.1132
-0.6115
-1.6951
-1.6942
-1.8565
-2.0080
-2.5229
-2.5190
-2.6711
-2.5639
-2.8015
-2.9388
-2.6506
-2.7042
-3.0127
-3.3879
-3.4913
-3.5072
-3.6682
-3.7276
-3.8295
-3.7010
-4.0069
-4.0900
-4.1594
-4.1374
-4.1756
-4.1461
-4.1886
-4.2000
-4.2148
-4.2421
-4.2843
-4.0825
-4.2298
-4.2678
-4.2761
-4.3935
-4.4253
-4.4469
-4.4174
-4.4268
-4.4089
-4.4295
-4.4472
-4.4860
-4.3205
-4.5612
-4.5790
-4.5999
-4.5013
-4.5695
-4.5238
-4.6760
-4.7106
-4.7433
-4.7711
-4.7556
-4.7835
-4.7634
-4.7734
-4.7458
-4.5268
-4.6028
-4.5918
-4.4961
-4.4831
-4.4134
-4.2949
-4.2187
-4.1148
-4.0010
-3.8892
-3.7519
-3.6510
-3.5674
-3.5259
-3.5385
-3.3873
-3.6867
-3.8027
-3.9464
-3.9849
-4.1912
-4.2819
-4.5769
-4.7398
-4.9246
-5.0360
-5.1495
-5.2130
-5.3196
-5.3760
-5.4647
-5.4902
-5.5192
-5.5086
-5.5023
-5.4755
-5.1660
-5.3627
-5.2489
-5.2947
-5.2242
-5.2627
-5.2581
-5.3398
-5.3773
-5.4513
-5.4955
-5.5404
-5.5836
-5.6303
-5.7008
-5.5598
-5.7349
-5.7945
-5.7491
-5.7917
-5.6996
-5.6243
-5.4958
-5.4466
-5.3651
-5.3206
-5.2742
-5.2166
-5.1727
-5.0946
-5.0123
-4.9151
-4.8279
-4.7435
-4.6554
-4.2555
-4.3800
-4.2075
-4.2039
-4.1060
-4.0060
-3.8783
-3.7212
-3.5457
-3.3157
-3.0406
-2.6897
-2.2909
-1.7478
-1.0778
-0.6977
-0.1934
0.3702
0.9649
1.9029
2.5957
2.3812
3.6828
3.5880
3.9021
3.4504
3.9932
4.7774
3.9940
3.9923
4.5289
4.2505
4.8948
5.0184
5.0848
5.2933
6.6986
6.0641
6.7041
6.8611
7.4498
7.7412
7.7821
8.1663
8.5949
8.4807
8.4050
8.3129
8.1956
7.9833
7.3238
6.8851
7.3836
6.9775
6.8971
6.7053
6.9010
6.2135
6.8902
6.5240
5.9993
5.4743
5.3249
5.5496
5.6825
5.8157
5.7952
5.1707
5.9699
5.8842
6.1946
6.7271
7.1993
7.5253
9.4039
7.4408
7.9165
8.3406
7.6924
7.6689
6.5460
6.4422
5.9456
5.7706
5.1099
4.5757
4.9804
3.9749
3.7278
3.0835
3.2347
3.1993
2.8010
2.9665
3.0433
2.7501
2.5807
2.2687
2.2399
2.4132
2.4006
1.9444
2.3572
1.7584
1.5120
1.6933
1.1966
1.1698
1.4385
1.2891
1.2122
1.1647
0.5704
0.7896
0.7300
0.0824
0.2246
0.2104
0.4481
0.3063
0.1308
0.3529
0.2538
-0.4405
-0.2842
-0.2341
-0.5640
-0.1674
-0.9376
-0.3009
0.1386
0.0496
-0.1590
0.1244
-0.3437
-0.5802
-0.7531
-0.1745
-0.9490
-1.3291
-1.6812
-1.5782
-2.1261
-2.3712
-2.5005
-2.4252
-2.1475
-2.4993
-2.5810
-2.3198
-2.4533
-2.2667
-2.3835
-2.5808
-2.5843
-2.6028
-2.4866
-2.3302
-2.3779
-2.2628
-2.2802
-2.2120
-2.1439
-2.3166
-2.0593
-1.9958
-1.9495
-1.4961
-1.7787
-1.6886
-1.8281
-1.7597
-1.6619
-1.7080
-2.0961
-2.1939
-2.0912
-2.3906
-2.4049
-2.7955
-2.4755
-2.6119
-3.1676
-2.7591
-3.1543
-3.6674
-3.7570
-3.9175
-4.0237
-4.1868
-4.3010
-4.3619
-4.4755
-4.5452
-4.6007
-4.6393
-4.4264
-4.5490
-4.5316
-4.4323
-4.3706
-4.2580
-4.0787
-3.9729
-3.8353
-3.7308
-3.6554
-3.6021
-3.4147
-3.6587
-3.6597
-3.8239
-3.9309
-4.1561
-4.3466
-4.4928
-4.7343
-4.9123
-5.1569
-5.3436
-5.5581
-5.7318
-5.7127
-5.9834
-6.1822
-6.2822
-6.4578
-6.5633
-6.5939
-6.6820
-6.6831
-6.6799
-6.6055
-6.4963
-6.1879
-6.2737
-6.1719
-5.9929
-5.9169
-5.7660
-5.7132
-5.5623
-5.4318
-5.2660
-5.1537
-4.9954
-4.8286
-4.6496
-4.2353
-4.2582
-4.0538
-3.8842
-3.6388
-3.5489
-3.3775
-3.3826
-3.2918
-3.2847
-3.2411
-3.2135
-3.1538
-3.0744
-2.8146
-2.9460
-2.8914
-2.7443
-2.7042
-2.5739
-2.5525
-2.4495
-2.3134
-2.2025
-2.0665
-2.0140
-1.9777
-1.8025
-2.0587
-2.1602
-2.3075
-2.4373
-2.7133
-2.9385
-3.2383
-3.4654
-3.6141
-3.7927
-3.8638
-3.7158
-3.8524
-3.7751
-3.6360
-3.4975
-3.2407
-3.0883
-2.8402
-2.6908
-2.4112
-1.9456
-1.7972
-1.5229
-1.1475
-0.5408
0.2389
0.4943
0.7043
1.2443
2.6188
2.9191
3.5192
4.3983
4.7015
5.4446
5.7288
7.1197
6.3605
6.1115
6.4658
6.5085
6.7681
6.4628
7.1509
7.5456
7.9477
7.6187
8.4411
8.2532
8.1121
8.4545
8.5204
9.2673
10.1948
11.5534
12.1831
12.9135
12.5499
13.2433
12.2377
11.6683
10.7965
9.8189
9.0658
7.9707
7.3914
6.1015
5.7543
4.8634
4.7094
4.0396
3.3430
3.1610
3.1565
3.1046
2.9080
2.6808
2.9398
2.7585
2.8509
1.5713
1.8786
1.4569
2.0077
1.5062
1.3082
1.4033
1.1581
1.5104
1.7428
2.2362
1.9167
1.8291
1.6301
1.8024
1.7090
1.4449
1.1706
1.1693
1.5931
1.5410
1.3492
1.3515
1.5119
2.2546
2.3959
2.1910
2.3774
2.3949
2.8939
2.7522
2.9046
2.5932
3.3243
2.8245
3.1351
2.2223
2.1136
2.2748
2.0206
2.1099
2.0386
1.8650
2.1470
2.0527
2.3622
1.7295
1.8624
1.3865
1.0343
1.1700
0.6756
0.4875
0.5036
0.0680
0.1130
-0.6339
-0.5398
-0.8528
-0.9263
-0.8907
-1.4779
-1.3064
-1.8707
-1.5663
-1.8035
-1.9954
-1.7698
-1.9426
-2.1397
-1.5306
-2.5618
-2.7723
-3.0955
-3.0437
-3.2635
-3.1434
-3.4271
-3.3141
-3.2842
-3.5343
-3.7103
-3.2480
-3.1080
-2.7945
-3.1748
-3.4023
-3.2730
-3.1179
-3.0556
-3.2375
-3.2427
-3.5692
-3.0788
-3.0257
-2.4813
-3.3215
-3.1011
-3.3925
-3.2613
-3.0845
-3.3507
-3.3854
-3.2827
-3.2463
-3.2458
-3.0376
-3.0382
-3.0995
-3.0948
-2.8943
-2.9021
-2.4216
-2.7972
-2.5951
-2.6851
-2.6816
-2.6054
-2.5493
-2.4095
-2.3446
-2.0484
-2.2079
-1.9588
-2.0740
-1.9691
-1.9752
-1.9562
-2.0217
-2.0848
-1.8839
-2.1808
-2.2374
-2.3286
-2.4427
-2.4424
-2.6559
-2.7267
-3.0273
-2.9778
-3.3787
-3.4226
-3.6027
-3.6424
-3.8222
-3.8740
-3.9165
-3.9518
-3.9704
-4.0315
-3.9005
-4.1854
-4.1999
-4.3279
-4.3458
-4.5241
-4.5727
-4.6958
-4.7776
-4.6632
-4.9431
-4.9145
-5.0162
-5.0142
-5.1104
-5.0925
-5.0734
-4.9963
-4.9731
-4.8804
-4.6468
-4.7608
-4.6293
-4.5739
-4.4142
-4.3646
-4.2065
-4.0977
-3.9459
-3.8095
-3.6281
-3.4836
-3.3307
-3.1580
-3.0866
-2.7727
-2.9251
-2.8363
-2.6897
-2.6014
-2.4791
-2.3664
-2.2659
-2.1528
-2.0684
-1.9749
-1.8770
-1.8011
-1.5230
-1.6043
-1.5793
-1.5377
-1.5888
-1.6468
-1.6788
-1.7128
-1.7238
-1.6541
-1.5517
-1.3525
-1.1460
-0.9036
-0.6965
-0.3454
0.0319
0.4035
0.5360
0.8854
1.0778
1.1639
1.3769
1.7590
1.6880
1.3825
1.2205
0.8530
1.1462
1.2722
1.4709
1.3183
1.6051
1.8287
1.5205
1.3995
1.5107
0.8762
0.7676
0.6475
1.1092
1.3523
1.2752
1.0045
1.1697
1.0067
1.0001
0.9112
1.2122
1.0141
2.1249
1.1549
1.6915
1.6825
2.0297
2.5483
2.7736
3.1759
3.3560
3.7840
3.1745
2.9098
3.6278
3.5091
3.9439
3.3200
3.4857
3.0470
3.6649
4.1838
5.0115
4.4908
4.5979
5.2440
6.0127
5.5425
5.7945
5.3154
4.6428
4.4558
4.4122
4.4111
5.1649
4.6727
3.4149
3.8575
3.5023
3.2175
4.0004
3.0719
3.4198
3.5155
4.2051
3.4677
4.3349
3.9500
3.8637
4.0879
3.5422
4.5950
3.8348
4.5914
4.0774
4.5432
4.4687
5.1097
5.2676
5.3859
4.8307
5.8306
5.3753
5.7262
4.9795
4.8723
4.5800
4.2388
4.1531
4.1430
4.3418
3.4838
3.3797
3.2620
3.0444
3.5230
3.0672
2.8618
3.0491
3.2902
3.2710
3.2877
3.5383
3.9423
3.7510
3.6792
3.5300
3.3719
3.5521
3.1838
3.1109
3.8319
3.1206
3.3534
3.2381
3.1010
2.9033
2.6314
2.0006
1.7199
1.0923
0.6662
-0.0488
-0.6695
-0.8487
-1.4081
-1.7370
-1.6629
-2.3179
-2.5663
-2.8147
-2.6017
-3.3814
-3.4029
-3.2092
-3.6648
-3.8037
-3.6645
-3.9673
-3.9430
-4.0004
-3.6132
-3.7097
-3.8098
-3.6584
-3.9840
-4.0052
-3.9076
-4.0776
-4.3345
-4.0626
-4.3757
-4.3146
-4.2303
-4.6363
-4.5021
-4.8171
-5.0563
-5.2144
-5.0014
-5.3266
-4.9625
-5.2339
-4.7199
-5.4739
-5.6755
-5.3815
-5.4326
-4.9699
-5.1696
-5.2888
-5.5855
-5.4733
-5.4424
-5.2479
-5.0028
-5.1142
-5.0922
-4.8227
-4.6316
-4.4009
-4.0606
-4.1076
-4.0482
-3.9929
-3.7382
-3.7488
-3.6293
-3.8235
-3.7268
-3.4248
-3.4293
-3.2441
-3.2256
-3.4458
-3.4997
-3.5012
-3.4058
-3.3595
-3.3344
-3.3445
-3.4257
-2.7681
-3.1390
-2.8556
-2.7840
-2.5705
-2.1006
-2.0657
-1.8165
-1.6537
-1.3852
-1.0874
-1.0997
-1.0559
-0.9586
-0.7945
-0.8343
-0.8117
-0.9203
-0.7475
-0.8947
-0.8822
-0.8597
-0.5925
-0.7820
-0.7857
-0.5425
-0.9059
-1.1051
-1.2042
-1.7423
-1.9352
-1.9419
-2.4185
-3.0758
-3.1636
-3.2246
-3.5112
-3.6465
-3.5036
-2.8733
-3.0094
-2.1063
-2.6753
-2.5842
-2.3492
-1.8457
-2.1600
-2.6376
-2.1084
-2.6402
-2.5481
-2.3789
-2.4647
-2.4437
-2.7508
-2.7862
-2.5993
-2.7079
-2.3445
-2.0785
-1.8390
-1.6453
-2.0554
-1.6040
-1.3087
-1.3408
-1.6130
-2.1073
-2.0106
-1.8469
-1.6826
-1.8528
-1.7852
-1.5668
-1.2907
-1.1674
-0.5329
-1.0633
-1.0505
-1.3286
-1.1800
-0.8503
-0.9088
-0.6578
-0.4269
-0.4051
-0.3295
0.4174
0.1494
0.3371
0.5933
0.5842
0.8773
0.8883
0.7416
0.9512
1.1436
0.9944
1.1099
1.2826
1.3900
1.8312
1.5012
1.5503
1.8016
2.3425
2.7811
2.9302
3.0378
3.0947
3.4338
3.3013
3.8770
3.8443
4.6147
4.6401
4.9149
5.9552
5.6894
6.0420
5.7732
6.3019
6.6761
6.6339
6.8464
7.5581
7.3222
7.7041
8.7388
8.4286
8.3798
8.6847
8.7783
8.8412
8.8938
8.1584
7.9834
7.8643
7.2396
6.9046
6.4098
6.5780
6.0713
6.0082
5.6248
5.0855
5.1866
4.3488
4.5624
4.3939
4.3912
4.5067
4.7675
5.5161
5.0712
5.1646
5.2076
5.2089
5.6356
5.5974
5.0886
4.7901
4.1441
3.8730
3.1164
2.9427
2.5731
2.2085
2.1673
1.0629
1.4669
0.1582
-0.5107
-1.2155
-1.4341
-1.9625
-1.9640
-2.1242
-2.8097
-2.7191
-3.0955
-2.7360
-2.6166
-2.4709
-3.1555
-3.1121
-3.2645
-3.5425
-3.1694
-3.4296
-3.5522
-3.8874
-3.6027
-3.6277
-3.3125
-3.0975
-3.4344
-2.7737
-2.4628
-2.2636
-1.6725
-1.8920
-1.3051
-0.5381
-0.6009
-0.5704
-0.1873
-0.3053
0.5411
1.4576
1.0506
1.8226
1.2476
0.7841
1.0950
0.4136
-0.1933
-0.3700
-0.1376
0.5206
-0.2815
-0.4504
-0.2403
-0.4787
0.2519
-0.0477
0.4469
0.7325
0.8075
1.1436
0.8577
1.1005
0.9491
1.2002
1.1017
1.2124
1.9869
1.6224
1.9993
2.0085
2.2020
2.0051
2.0102
1.6095
1.4609
1.3878
1.0863
0.7577
0.8746
0.1447
-0.0258
-0.2466
-0.5224
-0.6004
-0.9271
-1.3831
-1.5098
-1.7639
-1.8298
-2.1389
-2.2206
-2.4396
-2.2902
-2.6494
-2.7314
-2.9032
-2.7618
-2.8666
-2.6766
-3.1436
-3.0580
-3.0944
-3.0046
-3.0220
-2.8367
-2.8240
-2.4633
-2.7392
-2.6403
-2.6147
-2.2594
-2.3837
-2.0375
-2.0502
-1.6023
-1.8270
-1.3782
-1.4406
-1.2794
-1.2132
-1.1271
-1.0611
-0.8167
-1.1271
-1.2096
-1.3176
-1.5104
-1.6196
-1.6877
-2.0382
-2.1554
-2.0544
-2.3195
-2.3960
-2.4681
-2.4772
-2.4810
-2.2565
-2.0126
-1.6722
-1.1800
-1.0386
-0.8101
-0.4110
-0.2240
-0.1668
-0.3375
-0.2371
-0.4813
-0.3342
-0.6263
-0.6064
-0.7310
-0.7425
-0.5486
-0.0908
-0.0103
-0.4803
-0.3272
-0.3313
-0.4540
-0.8281
-0.7525
-0.8188
-1.1505
-1.1579
-2.0514
-1.8580
-2.6574
-2.6585
-2.9095
-2.9140
-2.9989
-3.1519
-3.3945
-2.9924
-3.6051
-3.3024
-3.3137
-3.0240
-3.1754
-3.0654
-3.3691
-3.3821
-2.9720
-3.0226
-2.6986
-3.0702
-2.6490
-3.0557
-2.7835
-3.0512
-3.2122
-3.3956
-3.4540
-3.5191
-3.4473
-2.9334
-3.0710
-3.3096
-3.3168
-3.2928
-2.8695
-3.0442
-2.8317
-2.7595
-2.2677
-2.3438
-1.9170
-2.0082
-1.8891
-1.7229
-1.6550
-1.4993
-1.2951
-1.1109
-0.5549
-0.9125
-0.9982
-1.0297
-0.8997
-0.5282
-0.6003
-0.8536
-0.8886
-0.8355
-0.9860
-0.9046
-0.9713
-0.4104
-0.6983
-0.4881
-0.5915
-0.5215
-0.5706
0.0082
-0.3676
-0.2888
-0.1090
-0.3237
-0.1467
0.0072
-0.0473
0.1522
-0.0180
0.3152
0.0345
0.2353
0.1433
0.4033
0.6675
1.1799
1.6671
1.2712
1.8328
1.8246
1.9228
2.1200
2.3860
2.0022
1.8334
2.1096
1.6528
1.6221
1.4373
1.1287
0.7605
0.6369
1.6910
1.2402
1.1822
1.4950
1.3553
1.4568
1.0384
1.3542
1.3926
1.3109
0.9852
1.7474
1.3781
1.8043
1.6477
1.7215
1.7345
1.6220
1.8730
1.5637
1.4760
1.7696
1.5422
1.8600
1.5277
2.1890
1.8788
1.6219
2.1752
1.6338
1.8827
1.4130
1.7804
2.5676
3.5056
3.1852
3.1708
3.4895
3.6443
3.9728
3.5580
3.2563
2.7755
3.3210
2.8646
2.9252
2.9932
2.5631
2.2922
2.4592
2.1597
2.3068
2.8631
2.3629
2.1049
1.5230
1.6186
1.4747
1.6568
0.7108
0.2580
0.6714
0.3671
0.5113
0.5818
-0.2217
0.2666
0.2505
-0.2352
0.2294
0.3168
0.5185
0.6536
0.5569
1.1580
1.3817
1.1413
0.9684
1.1396
1.2285
1.3630
1.4471
1.4083
1.6354
1.7135
2.1842
2.7992
3.4917
4.3303
4.7971
5.4648
5.4019
4.9787
5.5968
5.7944
6.8595
7.0933
6.8750
6.1979
6.5585
6.5787
7.0659
6.7407
7.3239
6.5264
6.5681
6.1695
6.0014
5.6425
5.9228
4.7698
4.2611
3.6833
2.6609
2.1507
1.8711
1.1396
0.9296
0.6593
0.2759
-0.0601
-0.2585
-0.2705
-0.6366
-0.7732
-0.9783
-1.1663
-1.2113
-1.5713
-1.6155
-1.9861
-2.2866
-2.4533
-2.6534
-2.7085
-3.1836
-3.5560
-3.7954
-4.1752
-4.1713
-4.7104
-4.7672
-4.9985
-5.1193
-5.1457
-5.4556
-5.6120
-5.7107
-5.8289
-5.6351
-5.2514
-5.5380
-5.6200
-5.8780
-5.3060
-5.8010
-5.4963
-5.5237
-4.4563
-5.3278
-4.8962
-4.4961
-4.7509
-4.4498
-4.3065
-3.8116
-3.7244
-3.5711
-3.3859
-2.9463
-2.6826
-2.3279
-2.1610
-1.6139
-1.5091
-0.9244
-0.7411
-0.4813
-0.2310
-0.0953
0.2680
0.2188
0.3646
0.2162
0.0037
0.3548
-0.1870
-0.6540
-1.0268
-1.3588
-1.4326
-1.3122
-1.8460
-2.2754
-2.5883
-2.6305
-2.9182
-3.1607
-3.1550
-3.4632
-3.6453
-3.4271
-3.4379
-3.5345
-3.5720
-3.5957
-3.3011
-3.2974
-3.3942
-3.3785
-3.3580
-3.3614
-3.1370
-3.3426
-3.3989
-3.2481
-3.5087
-3.4040
-3.3717
-3.2047
-3.1680
-2.9825
-2.6268
-2.2012
-1.8761
-1.4638
-0.5760
-0.0224
0.7631
1.3714
2.0153
2.3982
2.9143
3.3659
3.7467
4.3115
5.0859
5.3260
4.8074
5.4496
5.1946
5.7500
5.8443
6.2835
6.7913
7.4181
7.3703
7.1614
6.9865
6.2481
6.1445
5.1132
5.1642
4.1515
4.1235
3.9518
3.6098
2.7410
2.3704
2.3324
2.2376
2.6711
2.6513
2.7309
2.7884
3.0283
3.3953
3.3827
3.7220
3.7428
3.9672
4.4916
4.2422
4.5505
4.2770
4.0320
4.6425
4.1523
4.0174
3.3071
3.3333
3.3630
2.9380
2.4704
1.9900
1.7023
1.8730
0.8536
1.0704
0.4897
0.5408
-0.1235
-0.3565
-0.4706
-0.8442
-1.1357
-0.8926
-0.9816
-1.2333
-0.8087
-1.0848
-1.0031
-1.0894
-0.9044
-1.0887
-1.1790
-1.1966
-1.2981
-0.8921
-0.9984
-0.5821
-1.3385
-0.9281
-0.9140
-0.9288
-0.8405
-0.9515
-1.0861
-1.1568
-1.5050
-1.5503
-1.5055
-1.3739
-1.9000
-1.8723
-2.0991
-2.3392
-1.9136
-2.5574
-1.4299
-2.5930
-2.0242
-2.2173
-2.0064
-1.7672
-1.9677
-1.3284
-1.5560
-1.3909
-1.5529
-1.2661
-1.2016
-0.8081
-0.8735
-0.8934
-0.5045
-0.0855
-0.8478
-0.0176
-0.3913
-0.0257
0.3591
0.1059
0.2044
0.8673
0.8540
0.7864
1.2214
1.4709
1.5280
2.1347
1.3765
1.6749
1.6610
1.9416
1.5226
1.5460
1.8304
1.7699
1.7938
1.9550
1.9755
2.3394
2.1930
2.2035
2.6251
2.7206
2.6218
2.9544
2.9958
3.1802
2.9672
3.0608
2.8935
2.9356
3.4773
3.0610
3.3146
3.2906
3.0799
3.0210
3.0556
2.6766
2.5327
2.2996
2.8470
1.7493
1.4839
0.9922
0.8394
0.4781
-0.0162
-0.0578
-0.1140
0.0402
-0.7197
-0.0267
-0.7675
-0.4154
-1.0974
-1.1388
-1.3267
-1.5929
-1.3887
-1.6753
-1.8921
-1.7450
-1.8618
-1.7406
-2.0336
-1.9847
-1.8150
-1.7759
-1.9983
-2.1163
-1.9808
-2.0709
-2.3778
-2.6360
-2.8259
-3.2595
-3.2672
-3.7403
-3.7356
-3.6814
-3.7568
-3.8489
-3.9956
-4.3331
-4.4934
-4.3348
-4.5066
-4.2737
-4.5049
-4.4825
-4.5697
-4.5181
-4.5242
-4.4018
-4.1159
-4.2978
-4.0292
-4.0367
-4.0099
-3.5343
-3.6355
-3.7579
-3.4740
-3.6267
-3.4621
-3.0699
-3.4226
-3.4593
-3.2561
-3.1323
-3.1625
-3.4217
-3.0316
-3.4946
-3.3112
-3.0674
-3.1993
-3.1464
-3.1359
-2.9345
-3.1251
-2.6996
-2.9536
-2.6792
-3.0659
-2.9966
-3.3387
-3.1567
-3.3220
-3.1179
-2.6617
-2.1709
-1.4578
-0.5151
0.5523
1.5326
2.4718
3.3607
4.4815
4.3657
4.1228
4.7234
4.4033
3.7953
4.1822
4.7433
4.7722
4.0294
4.7854
4.2280
3.9532
4.2287
3.4211
3.3742
3.2352
2.7923
3.1090
2.7162
2.7956
2.5263
2.4721
2.5122
2.3331
2.5358
2.4577
2.5232
2.1881
2.1222
2.1753
2.2378
2.5376
2.3097
2.2522
2.3611
2.8548
2.2995
2.3380
2.5705
2.2637
2.5042
2.1559
2.2990
1.9753
1.5755
1.8247
1.3126
1.6701
1.2056
0.5936
0.5239
0.2383
0.4304
0.0704
-0.0925
-0.2466
-0.4943
-0.9697
-0.8786
-1.0853
-1.3075
-1.6934
-1.8078
-2.2478
-2.2824
-2.1588
-1.7921
-2.3031
-2.1727
-2.2010
-2.2188
-1.9270
-2.6957
-2.4375
-2.3626
-2.6087
-1.9106
-1.9069
-1.8172
-1.8976
-2.3956
-1.8063
-2.1343
-2.1479
-2.1151
-1.8196
-1.8252
-2.1794
-1.4445
-1.9223
-0.3401
-0.9240
-0.8446
-0.8827
-0.6500
-0.7146
-0.8130
-0.3554
-0.1477
-0.5520
-0.1402
-0.0464
0.4656
1.5507
