-0.2175
0.1719
0.0903
0.6094
1.0795
1.0904
1.4716
1.5606
1.4225
1.7959
1.9781
2.4000
2.7971
3.5075
3.7531
4.2930
5.0433
5.0337
5.9367
5.4917
6.1352
6.1010
6.3479
6.1601
5.0910
4.8624
5.2162
4.1613
3.8329
3.6398
2.7557
3.1176
2.7188
1.6771
2.1605
1.4215
1.0976
0.4978
0.6272
0.1717
-0.2050
-0.0589
-0.1232
-0.2895
-0.2085
-0.2438
-0.1291
-0.3284
-0.3932
-0.3522
-0.9533
-0.9862
-1.3757
-1.3919
-1.1260
-1.1294
-1.5608
-1.4511
-2.1206
-2.1024
-2.4646
-2.3024
-2.5315
-2.5609
-2.6581
-2.6365
-1.8528
-2.6073
-2.5521
-2.5026
-2.7513
-2.1506
-2.5192
-2.5077
-2.6269
-2.9640
-2.5619
-2.5714
-2.8316
-3.2235
-3.0600
-3.4451
-3.1595
-3.4420
-3.3094
-3.2730
-2.9680
-3.0708
-2.8391
-2.7700
-2.4757
-2.6047
-2.6669
-2.5795
-2.6459
-2.3974
-2.5606
-2.4726
-2.5388
-2.2928
-2.5561
-2.5167
-2.3971
-2.4377
-2.4192
-2.5115
-2.2974
-2.4657
-2.3133
-2.3150
-2.2065
-2.1649
-2.0990
-1.8623
-1.9198
-1.8097
-1.7565
-1.7783
-1.6036
-1.2302
-1.3382
-1.2994
-0.9378
-0.5863
-0.8744
-0.3944
-1.0219
-0.6104
-0.9573
-0.2330
-0.4790
-0.0186
-0.0330
-0.3275
-0.1066
-0.6950
-0.2992
-0.1840
-0.0636
0.3407
0.5150
0.3077
0.5187
0.2287
1.4186
0.8380
1.0191
1.3300
1.6618
1.7191
1.8443
2.8785
3.3761
3.2837
3.6672
3.6950
4.3315
4.2077
4.5072
4.1164
3.6633
3.2930
2.9727
2.8278
2.1775
2.0278
1.7165
1.5037
0.9598
1.0946
0.9357
1.0665
0.9851
0.9104
0.9821
0.4641
0.4401
0.6444
0.4594
0.3641
0.6293
0.5951
0.4133
0.6790
-0.0772
0.2595
0.1671
-0.0755
0.0743
-0.0359
-0.6207
-0.5823
-0.2812
-0.3236
-0.1819
0.3636
1.6326
0.6091
1.5752
1.0317
0.5408
0.1502
0.0652
-0.2860
-0.3148
-0.8781
-1.0362
-1.1617
-1.3167
-1.3936
-1.3925
-1.4124
-1.0926
-1.2403
-0.8527
-0.6743
-0.1343
0.0733
0.3980
0.3054
0.3750
0.8158
0.9584
0.6231
0.5755
0.0539
0.4274
0.8584
0.5125
0.6769
0.6887
0.5209
1.3764
0.7018
0.8135
0.8082
0.9062
1.0211
0.6771
1.1445
1.4144
1.6746
2.1135
2.4813
2.8222
2.8024
3.6314
3.8698
3.7824
4.2270
4.3522
4.2994
4.7278
4.2602
4.7925
4.4269
3.9383
5.2120
4.0405
3.5525
2.8294
3.2044
2.1353
2.0753
1.3602
1.5023
0.7889
0.8779
0.5848
-0.0813
0.3588
0.0579
0.2482
-0.0875
0.2134
-0.0560
0.0079
-0.2167
0.2704
0.1565
0.0664
-0.1369
-0.1331
0.1353
-0.0251
-0.0388
-0.1126
-0.2800
-0.4941
-0.5340
-0.6874
-0.7568
-0.5205
0.1877
0.0261
-0.0715
-0.1018
0.4377
0.2560
0.7502
0.8952
0.9634
1.2395
1.0805
1.3181
0.9753
0.5659
0.3592
0.0710
0.1084
-0.0567
-0.4344
-0.3093
-0.6833
-0.1966
-0.6827
-0.4503
-0.7878
-0.8744
-0.7772
-0.7184
-1.0078
-0.8086
-0.8803
-0.6588
-0.2425
-0.4342
0.1517
-0.0791
0.3890
-0.0725
-0.3975
-0.2757
-0.3130
-0.3057
-0.2513
-0.0755
0.3640
0.6497
0.7345
1.4275
0.7956
0.9140
0.7575
0.2740
-0.3132
-0.7007
-0.8678
-0.6201
-1.4068
-1.4886
-1.4175
-1.7257
-1.7853
-1.8198
-1.8430
-1.6573
-1.6222
-1.7956
-1.5933
-1.5390
-1.7669
-1.5516
-1.4290
-1.1096
-0.6823
-1.0536
-1.1036
-1.0242
-1.1728
-0.8953
-1.2678
-1.6602
-1.8203
-1.8342
-1.7986
-1.6340
-1.6185
-1.8258
-1.7480
-1.5256
-1.7478
-1.6114
-1.8307
-1.7057
-1.6978
-1.3592
-1.6916
-1.7335
-1.8893
-1.7502
-1.9633
-1.9282
-1.8143
-1.6798
-1.4343
-1.0249
-0.8453
-0.4020
-0.0010
0.6816
1.2009
1.8066
2.1639
1.9292
2.6252
2.2174
3.0339
4.5643
4.4192
4.7345
5.0468
5.9277
5.9321
6.1632
5.0965
4.5703
4.0712
3.0649
2.8910
2.0771
2.2424
1.7749
1.1440
0.7111
0.4681
0.0948
0.0685
0.2836
0.1030
-0.2141
-0.2471
-0.5547
-0.3825
-0.3397
-0.0891
-0.1290
-0.2574
-0.2049
-0.0554
0.2554
0.3632
0.5197
0.4317
0.8882
0.6460
0.5244
0.2777
0.1553
0.4648
0.1613
0.5965
0.0173
0.3856
-0.2179
-0.2632
-0.2279
-0.1066
-0.6457
-0.6419
-0.4943
-0.1493
0.1555
-0.2567
-0.3862
-0.2337
-0.5039
-0.2709
-0.3188
-0.3250
-0.6016
-0.7201
-1.0607
-0.7521
-0.9190
-1.0640
-0.9437
-1.2886
-1.2293
-1.3794
-1.3139
-1.3099
-1.2852
-1.3105
-1.2931
-1.1224
-0.8875
-0.4836
-0.8687
-0.4215
-0.2901
-0.0287
-0.1726
0.2288
0.6391
0.7241
1.3445
1.8067
1.5553
2.5748
2.2846
2.5277
2.1463
2.3559
1.6112
1.5708
1.8360
1.1456
0.9467
0.7566
0.5039
0.2726
1.0638
0.2502
0.3439
0.4116
0.7445
0.3648
0.5519
0.7374
1.1763
1.1791
1.2731
1.5725
1.2505
1.3911
1.6206
1.0814
1.1347
0.8411
1.0371
0.7771
0.6511
0.5125
0.5716
1.2196
1.1968
2.3931
1.9611
2.5532
2.6263
3.1545
2.9834
3.5404
4.3976
4.0464
3.6954
3.6736
3.4668
3.1360
2.8781
3.0245
2.6780
2.7204
2.0324
2.3774
1.7713
3.3137
2.6708
2.7110
3.4297
2.4326
3.0242
2.6687
2.7446
2.4233
1.9822
2.3290
2.8830
2.3022
2.1769
2.5286
1.9002
1.6868
1.8516
1.3821
1.4306
1.1361
1.3948
1.3830
1.1650
1.0668
0.4674
0.4199
-0.0443
0.2589
-0.4569
-0.4178
-0.5370
-0.5167
-0.5996
-0.3831
-0.5202
-0.5210
-0.5449
-0.5055
-0.6110
-0.5983
-0.7420
-0.8220
-0.7091
-0.9130
-0.9950
-1.0076
-1.0922
-1.1724
-1.1783
-1.0768
-1.2832
-1.2655
-1.3200
-1.3233
-1.4406
-1.4303
-1.4685
-1.4506
-1.5580
-1.3855
-1.6290
-1.7025
-1.7832
-1.9152
-1.9742
-1.9838
-1.9495
-1.9340
-1.8974
-1.8851
-1.8180
-1.6433
-1.8669
-1.9597
-2.0660
-2.1198
-2.2096
-2.2701
-2.3646
-2.4457
-2.5028
-2.5279
-2.3958
-2.2075
-1.6282
-1.6920
-1.2734
-1.0860
-0.8097
-0.9011
-0.7152
-0.6445
-0.1207
0.2034
0.1939
0.5891
0.8318
0.8218
1.2194
0.8462
0.9842
0.6443
0.6492
0.4460
0.6054
0.3462
0.5844
0.6281
0.6104
1.3185
1.2740
0.6604
1.2797
1.2273
0.7922
2.5877
2.3891
2.9575
2.6528
2.8015
3.0125
3.4174
3.6801
2.6726
3.0858
1.7615
1.6822
1.4437
1.0845
0.9519
0.9534
1.4522
0.8892
0.9097
0.5741
0.3224
0.2934
0.1223
0.1835
0.1898
-0.0040
-0.0471
-0.0277
0.0312
-0.0684
-0.4656
-0.6053
-0.5469
-0.6489
-0.4361
-0.3844
-0.3180
-0.4917
-0.4946
-0.7424
-0.5634
-0.5889
-0.5279
-0.5096
-0.7774
-0.8888
-0.8895
-0.7451
-0.7253
-0.2236
-0.7100
-0.7426
-0.8168
-0.7525
-1.0563
-1.1372
-0.8206
-0.8221
-0.7901
-0.8348
-0.6718
-0.6505
-0.4065
-0.0075
0.5633
1.0442
1.2931
1.8455
1.7480
1.7215
1.7097
2.0556
1.8442
2.0880
1.9521
1.9979
1.5931
1.8574
1.6843
2.4027
2.2344
1.7269
2.1198
1.3546
1.3781
1.4976
0.8961
0.9379
0.6696
0.1234
0.1620
0.2763
0.5936
0.2107
-0.1734
-0.3783
-0.4945
-0.9899
-0.0393
-1.1516
-1.1350
-1.0268
-1.1912
-1.3245
-1.3059
-1.3857
-1.3585
-1.3225
-1.1146
-1.3152
-1.3466
-1.3647
-1.3503
-1.3408
-1.2075
-1.2405
-1.1449
-1.1453
-0.7961
-0.7587
-0.5122
-0.2155
0.0492
0.3628
0.8422
1.6009
1.9073
3.1882
3.2649
4.1953
4.8954
5.6042
4.6795
4.7228
4.6793
4.6049
4.4561
4.8435
3.5709
4.5067
3.8486
4.1869
4.0291
3.7780
3.7889
4.5606
4.6930
4.9976
5.2836
5.7401
5.3513
5.7148
4.2120
3.9237
3.4205
3.0030
1.7351
1.7241
1.3050
1.1914
2.4786
0.7934
1.0941
0.9361
0.8655
1.4956
0.8334
0.7236
0.7337
0.2009
0.1844
0.0555
0.2313
-0.2261
0.1112
-0.3235
-0.6204
-0.4155
-0.7067
-0.6600
-0.8203
-0.8436
-0.9980
-1.0809
-0.9901
-1.1506
-1.2308
-1.2233
-1.3850
-1.4315
-1.4743
-1.5038
-1.2403
-1.5679
-1.5845
-1.7626
-1.7697
-1.8330
-1.8047
-1.9008
-1.7210
-1.9346
-1.9983
-1.9440
-1.9946
-1.9010
-1.6466
-1.7303
-1.5203
-1.3463
-1.0323
-0.7875
-0.4651
-0.1632
0.0943
0.2734
0.7448
0.7042
1.1146
1.4776
1.5987
1.0332
1.1571
1.1698
0.6942
0.6903
-0.1134
-0.2573
-0.1025
-0.2781
-0.1062
-0.5138
-0.3727
-0.6121
-0.7434
-0.7624
-0.8245
-0.7353
-0.7743
-0.4982
-0.5459
-0.3914
-0.0988
-0.0344
0.6698
1.3104
1.3891
2.3318
1.6440
2.6958
2.9290
2.3274
2.9672
2.9051
3.4932
2.7972
3.5614
2.7170
2.5079
2.6313
1.9907
1.7569
1.3344
1.3139
0.8408
0.2429
0.2764
0.2264
0.0109
-0.2640
-0.2748
-0.4286
-0.4452
-0.9608
-1.1370
-1.2283
-1.2962
-1.5496
-1.6396
-1.7203
-1.8258
-1.8640
-1.6776
-1.6977
-1.5596
-1.4017
-1.4552
-1.0911
-1.2631
-1.1498
-1.0353
-0.8978
-0.8829
-1.0001
-0.7640
-0.6681
-0.1606
0.2062
0.5605
-0.0295
0.4127
0.4047
0.5877
1.1652
1.1308
1.4189
1.6238
1.8432
2.1846
2.5388
2.1177
2.3509
2.5145
2.6926
2.8691
2.2898
2.0644
1.7331
1.6947
1.4394
1.2182
1.5225
1.3112
0.9836
1.2189
0.7563
0.5634
0.7511
0.9202
1.2010
1.1372
1.2624
0.6164
0.8029
0.3321
0.0789
0.2226
0.2367
0.1688
-0.1303
-0.3001
-0.3172
-0.0406
-0.2569
-0.4252
-0.5499
-0.8239
-0.9836
-1.0827
-1.1128
-1.2134
-1.1707
-1.2584
-1.0231
-1.2309
-1.2097
-1.0737
-1.0374
-0.8257
-0.7643
-0.5266
-0.3638
-0.1481
-0.0498
0.0176
0.2204
-0.1534
-0.3191
-0.6005
-0.7387
-0.8888
-0.9377
-1.0839
-1.1375
-1.0252
-1.2340
-1.2080
-1.1757
-0.4890
0.4906
-0.0169
0.5888
0.8466
0.5640
1.6005
1.2413
1.1544
1.9829
1.2457
1.8045
1.6468
1.3130
1.2391
1.3430
1.5429
1.6718
2.0531
1.5059
1.8801
2.4093
2.1220
3.9319
2.9646
3.5871
3.1993
3.2938
3.5442
3.4025
3.4732
3.8048
3.3292
3.2230
2.9328
2.9619
2.7154
2.3658
2.1840
1.8994
1.2559
0.8746
0.6039
0.4880
0.1806
0.1235
0.1221
-0.2487
-0.4493
-0.7129
-0.8683
-1.1219
-1.0901
-1.2103
-1.3021
-1.5123
-1.5943
-1.5313
-1.5364
-1.4652
-1.3435
-1.4705
-0.5921
-0.4121
-0.2959
0.2731
0.5910
0.5182
1.1429
0.6311
0.7048
1.2192
1.0647
0.9519
0.5018
0.8161
0.0242
0.4708
-0.0733
0.2069
0.2056
-0.2524
-0.5370
0.0288
-0.5011
0.1911
-0.0284
1.1523
0.5352
1.0670
0.4439
0.6498
0.3577
1.0777
0.8115
0.9236
1.0630
0.9503
0.9126
0.8178
0.7159
1.1947
1.7103
1.8405
2.2671
2.0344
2.1333
2.4435
1.8103
1.4895
1.4508
1.3503
1.1428
1.2793
0.7416
0.9195
0.2720
0.9165
0.4435
0.1059
0.0305
-0.4704
-0.6973
-0.2592
-1.0624
-0.8995
-1.5051
-1.5335
-1.1692
-1.6459
-1.7392
-1.5186
-1.5292
-1.6551
-1.7573
-1.6880
-1.6946
-1.5373
-1.3540
-1.3734
-1.2147
-1.2920
-1.2276
-1.3801
-1.4666
-1.0709
-1.4394
-1.3499
-1.2326
-0.7403
-1.0771
-0.8784
-1.2742
-0.9833
-0.4845
-1.2382
-1.1657
-1.1761
-0.9698
-1.0231
-0.8705
-0.8740
-0.5348
-0.4791
-0.5517
-0.1176
-0.3888
0.0319
0.5919
0.7983
0.9518
1.2881
2.1561
1.5911
2.2481
2.3273
2.7499
3.2016
3.1130
2.7098
2.6379
2.8126
2.6284
2.3140
2.0031
1.7466
1.9086
1.2521
0.9889
0.7332
0.7685
0.8522
1.4761
0.9665
1.0724
1.2859
1.3485
1.3633
0.7205
0.7387
0.7871
0.5410
0.7411
0.4642
0.6174
0.0069
0.8843
0.4515
0.5263
0.8121
0.4545
0.4047
0.5335
0.9431
0.7385
0.8634
0.6641
0.2377
0.1201
-0.0600
-0.1194
-0.1154
-0.2015
-0.2025
-0.3564
-0.3904
-0.4604
-0.2264
-0.4284
-0.3439
-0.4717
-0.3932
-0.4763
-0.2249
-0.0091
0.3798
0.6541
0.9714
1.1166
1.2553
1.3872
1.0525
0.9548
0.7820
0.2785
0.0813
0.0523
-0.6172
-0.0162
-1.0055
-0.8280
-0.6153
-0.6575
0.0301
-0.5300
-0.3686
-0.6155
-0.4290
0.0357
-0.2829
-0.0059
-0.4927
-0.4372
-0.3014
0.0996
-0.0721
0.1540
0.4221
0.7783
0.6639
1.2736
1.0730
1.2926
1.3754
1.3648
1.3336
1.4948
1.2724
1.5450
1.1422
1.4749
1.1344
1.0241
1.3390
0.9789
1.3299
1.2995
1.7842
2.3698
2.6391
2.6549
2.8840
2.5616
2.3009
1.4388
1.4882
0.8281
0.3910
0.6950
0.1462
-0.5627
-0.2494
-0.9430
-0.5863
-0.8211
-0.5568
-0.9467
-0.6323
-0.9871
-0.8157
-1.1460
-0.8899
-0.6716
-0.2700
-0.2331
0.4269
-0.0015
0.1483
0.5083
0.9335
1.0736
0.9907
2.0879
1.3707
0.9136
0.7645
1.3917
1.0193
1.7335
1.4481
2.8903
0.9503
1.4267
1.5890
1.7865
1.7568
1.8146
1.1917
2.0665
1.3541
1.1848
1.1747
1.0544
1.2004
1.9800
1.4079
2.1804
1.6152
1.2458
2.3775
1.4646
1.5457
1.7128
1.8915
1.5572
1.1603
0.8724
0.2791
0.6139
0.2994
0.2254
0.1120
0.2104
0.3120
0.5201
0.3756
0.4270
-0.0859
0.0641
-0.4241
-0.3065
-0.7209
-0.5191
-0.8927
-0.7215
-0.8372
-0.5339
-0.6357
-0.5989
-0.5682
-0.2683
-0.3538
-0.2884
-0.2796
-0.3633
-0.3395
-0.2081
-0.2141
-0.3261
-0.3120
-0.3242
-0.6899
-0.8355
-0.9531
-1.1262
-1.1465
-1.2928
-1.2506
-1.3023
-1.1791
-1.0183
-1.1068
-1.1305
-1.0016
-0.7951
-0.5285
-0.1653
0.1097
0.5079
0.8368
0.8487
0.7658
0.7464
0.6820
0.5267
0.4030
0.3904
0.3317
0.7590
0.5317
0.7329
0.6539
0.5972
0.9861
0.7760
1.3184
0.5870
1.1268
0.8419
0.5232
0.4043
1.0634
0.6745
0.6030
-0.0003
0.3224
0.2038
0.0103
0.9992
0.3777
1.3594
1.0484
1.0100
1.0415
1.2522
1.3599
1.0978
1.4402
0.8947
1.4727
1.3967
1.5795
1.6497
1.7576
1.5003
1.3744
1.4742
1.6905
1.2925
0.8772
0.9879
0.1464
0.0641
-0.2738
0.0224
-0.1830
-0.1602
-0.1053
0.0763
-0.0502
0.2262
-0.0292
0.2495
0.1748
0.2348
-0.0282
-0.1842
-0.3000
-0.2185
-0.0689
-0.1313
0.3100
-0.4458
-0.1925
-0.1339
0.0431
-0.1486
-0.0771
-0.5585
-0.5505
-0.3947
-0.6365
-0.8039
-0.5904
-0.9955
-0.8975
-1.1862
-1.1456
-1.1963
-1.0039
-1.2066
-1.1347
-0.8189
-0.1233
-0.1381
-0.4433
-0.4908
-0.1108
-0.1835
-0.0525
0.6152
0.4800
0.3886
0.2104
0.1780
0.2110
0.2435
0.2045
-0.2420
-0.1443
-0.1081
0.0483
0.9015
0.7865
0.5983
0.3910
0.7436
1.2435
1.2841
0.8312
0.8201
1.2810
1.3065
1.2357
1.4915
1.3619
1.1379
1.4174
1.2352
0.7518
0.4229
0.1528
0.1744
-0.3028
-0.3293
-0.5135
-0.4714
-0.4023
-0.4881
-0.1526
-0.4744
-0.6060
-0.5493
-0.4641
-0.6240
-0.5127
-0.6478
-0.7738
-0.5467
-0.8953
-0.6987
-0.7680
-0.3700
-0.2662
-0.8049
-0.8999
-0.7516
-0.7427
-0.8362
-0.4963
-0.8273
-0.0641
0.1228
0.4340
0.6484
1.6590
1.3588
1.9412
2.2031
2.0487
2.3029
2.7722
2.7925
2.9166
2.5477
2.6344
2.1851
1.8875
1.8224
1.4918
1.2346
1.6183
1.6100
0.9476
0.6862
1.3255
0.6824
0.9487
1.9002
2.0342
1.2490
1.2555
0.6619
1.3259
1.2232
1.3951
0.8050
1.2383
1.1766
0.7590
0.5233
0.5145
0.3589
0.2263
0.0292
0.1399
-0.0290
0.0360
0.0849
0.2305
0.1441
0.1067
-0.0667
-0.2323
-0.3658
-0.3255
-0.6619
-0.6939
-0.8419
-0.8885
-1.0572
-1.1356
-1.0401
-1.3284
-1.4476
-1.5544
-1.6370
-1.6226
-1.6514
-1.5014
-1.3879
-1.0171
-0.4378
-0.0574
0.3215
0.7551
1.4074
1.6380
1.6385
1.5289
1.5704
2.2423
1.3119
1.7303
1.5949
1.6292
1.5250
0.6811
0.9574
0.3194
0.1903
-0.4338
-0.5218
-0.4161
-0.8279
-0.4589
-0.7583
-1.0974
-1.3530
-1.4850
-1.5295
-1.7516
-1.7365
-1.4543
-1.3666
-1.5548
-1.4717
-1.4380
-1.1415
-0.9109
-0.8489
-0.6166
-0.6894
-0.9440
-0.9411
-1.2216
-1.3310
-1.3476
-1.3727
-1.4984
-0.5214
-0.3400
0.2046
1.2886
1.8163
1.4430
1.2322
1.5682
1.8473
1.5289
1.6679
1.3449
1.5516
0.9240
1.3199
0.7650
1.2198
1.1222
1.4439
1.4136
1.2929
0.9737
1.0522
0.9053
1.1976
0.8748
0.9444
1.1643
1.0105
0.6123
0.4539
0.1788
0.1015
-0.2787
-0.4803
-0.5081
-0.4626
-0.5662
-0.5901
-0.5372
-0.5365
-0.5527
-0.5902
-0.3885
-0.6239
-0.2726
-0.6479
-0.5160
-0.2052
0.6389
0.7445
0.2652
0.2170
-0.2526
-0.2396
-0.8092
-0.9752
-1.3848
-1.3843
-1.4973
-1.1923
-1.1136
-1.2480
-1.1760
-1.0432
-0.7645
-0.2877
-0.9648
-0.4268
0.0506
0.1645
0.5982
1.6213
0.9970
2.2636
1.5426
1.7496
2.0889
1.2137
1.2796
1.4800
1.6693
1.5568
1.4915
1.4765
1.1001
1.3734
1.1561
1.2653
1.3609
0.5406
0.3318
-0.1333
0.2297
-0.3543
-0.4432
-0.9495
-0.9165
-0.8897
-1.4276
-1.2885
-1.5076
-1.5653
-1.9186
-2.0775
-2.1665
-2.1983
-2.2352
-2.1855
-2.1749
-2.2158
-2.2137
-2.2739
-2.2267
-2.1591
-1.8521
-1.6789
-1.6672
-1.3890
-1.1108
-0.7816
-0.5504
-0.3615
-0.2497
-0.1230
-0.0983
-0.0881
-0.1977
-0.0863
-0.0546
0.2314
0.4165
0.2670
0.3845
0.4459
0.6091
0.9511
1.2839
2.2896
2.6238
2.3219
3.3759
3.0314
3.0366
3.0520
2.8033
3.3510
2.5906
2.5192
2.1648
2.5169
2.1288
2.0104
2.1284
1.6505
1.3712
1.6524
0.3679
0.4397
0.4137
0.9808
0.5281
0.6097
1.2508
2.1608
2.5572
3.3802
4.4806
4.8740
4.5226
4.4607
4.0448
3.5550
2.7156
2.4460
2.0232
1.0607
1.2743
0.8743
0.2416
0.1233
-0.1572
0.3181
0.6151
0.7729
0.5143
0.7073
0.4898
1.0870
0.8503
0.9066
0.3734
-0.0818
-0.1690
0.1491
-0.5233
-0.8925
-0.7757
-1.1264
-1.4068
-1.7253
-1.6411
-1.7133
-1.9143
-1.9199
-1.7670
-2.0650
-1.8454
-1.9409
-1.6978
-1.5792
-1.4178
-1.3927
-1.0233
-0.8084
-0.6865
-0.7113
-1.3423
-1.0912
-1.8879
-1.8500
-2.3665
-2.4376
-2.3620
-2.5619
-2.6388
-2.6711
-2.5883
-2.5989
-2.4316
-2.5801
-2.5233
-2.7847
-2.7706
-3.0048
-2.8534
-2.8235
-2.6991
-2.9971
-2.9418
-2.9427
-2.8386
-2.8281
-2.5037
-2.6917
-2.6084
-2.0321
-1.9475
-1.8859
-1.5181
-1.7360
-1.1950
-0.6062
-1.5636
-1.3047
-1.2074
-1.3932
-0.5329
-1.4951
-1.0017
-1.3340
-0.9049
-1.3531
-0.5418
-1.3832
-0.8980
-0.9063
-0.6553
0.0806
0.3177
0.4907
0.2678
0.6460
0.5289
0.8205
1.4871
1.6765
1.7432
1.8106
2.7670
1.7683
1.6452
1.6598
0.9474
0.5690
0.2406
-0.3649
-0.5661
-1.0132
-0.9718
-1.9140
-1.9412
-2.6450
-2.2156
-2.6008
-2.8493
-2.9267
-3.1118
-3.1974
-3.1960
-3.1660
-3.1254
-2.8036
-2.5082
-2.3496
-2.2390
-2.0595
-1.7528
-1.4286
-1.4029
-1.6494
-1.3315
-1.6991
-1.7593
-1.7333
-1.7894
-1.5822
-1.7836
-1.6548
-1.8356
-1.7694
-1.5024
-1.7445
-1.4922
-1.3481
-1.4681
-1.7846
-1.8514
-1.7333
-1.6132
-1.4348
-1.3849
-1.2105
-1.7097
-1.7634
-1.3939
-2.0575
-2.3423
-2.3311
-2.4091
-2.1842
-2.4452
-2.2867
-2.3371
-2.0174
-1.7163
-1.7161
-1.5912
-1.0013
-0.9518
-0.4751
-0.8627
-0.9458
-0.6015
-0.5652
-0.6086
-0.7587
-0.8434
-0.9628
-1.4042
-1.4271
-1.7541
-1.8311
-2.0914
-2.1814
-2.2479
-2.2499
-1.9904
-2.0020
-1.9556
-1.7954
-1.8535
-1.7229
-1.6605
-1.3859
-1.0604
-0.8121
-0.7977
-0.4712
-0.6822
-0.6761
-0.5796
-0.0071
1.0345
0.3837
0.9117
1.2355
1.0881
2.2810
1.6987
2.1922
1.7702
1.8138
2.8225
2.6182
3.1698
3.2697
3.6733
3.6236
3.0920
3.4250
3.5025
3.6148
3.6739
4.0016
3.7123
4.7405
4.1486
4.0124
4.2003
3.5824
2.9998
3.4105
3.0412
3.0680
2.6802
2.5253
2.0526
2.0575
1.8001
1.8483
1.9182
1.3236
1.1233
1.2249
0.1793
0.6359
-0.3817
-0.0348
-0.3504
-0.4805
-0.8444
-1.0995
-1.2155
-0.8112
-1.2770
-1.0988
-1.1195
-0.4594
-0.6219
0.1464
-0.0999
0.3487
0.4342
0.4010
0.4738
0.5357
0.4115
0.7385
0.6382
0.5025
0.3815
0.4260
0.8860
1.0176
0.3448
0.2906
-0.3753
-0.6324
-1.0192
-1.2055
-1.2214
-1.7689
-1.6923
-1.6125
-1.7824
-1.9088
-2.0257
-2.2804
-1.9786
-2.2337
-2.5869
-2.6437
-2.6843
-2.4982
-2.7048
-2.5991
-2.7154
-2.9380
-2.9414
-2.8108
-2.8670
-2.8713
-2.9913
-3.0277
-3.0092
-2.9308
-3.0672
-2.6786
-2.8960
-2.5429
-2.3404
-2.2628
-2.1011
-1.5340
-1.5616
-1.5898
-1.6286
-1.5598
-1.2541
-1.0803
-1.5564
-1.5208
-1.6120
-1.8245
-1.2227
-1.5597
0.0399
0.3042
-0.8579
-0.4546
-0.4720
-0.2008
-0.2897
-0.7382
-0.5004
-0.6435
-0.7959
-0.5977
-0.7807
-0.7509
-1.2973
-1.3155
-1.8668
-2.1113
-2.2792
-2.3773
-2.7100
-2.5170
-2.6519
-2.7624
-2.7351
-2.7561
-2.9640
-2.8621
-2.9200
-2.9231
-2.6710
-2.7168
-2.9648
-3.0147
-2.6386
-3.2545
-2.6561
-2.9820
-2.8483
-3.0563
-3.0725
-3.0510
-3.2713
-2.3241
-2.7810
-2.0954
-1.5682
-1.4202
-1.4225
-0.8570
-0.9048
-0.7848
-0.5460
-0.8285
-0.6125
-0.7752
-1.0440
-1.2489
-1.3560
-1.9848
-2.1384
-2.3873
-2.2915
-2.5344
-2.6148
-2.6252
-2.6562
-2.6697
-2.6387
-2.5960
-2.5557
-2.3811
-2.3627
-1.9719
-1.9454
-2.0094
-1.9318
-1.8210
-1.5964
-1.1153
-1.2023
-1.4946
-1.7292
-1.6929
-1.7657
-2.0947
-1.9924
-2.1910
-2.1664
-2.2368
-2.2057
-2.0601
-2.0293
-1.8351
-1.8583
-1.7203
-1.7192
-1.6445
-1.6175
-1.3636
-1.4833
-1.4476
-1.3564
-1.2885
-1.2223
-1.1751
-1.0853
-1.1014
-0.8322
-1.1123
-1.1195
-1.1832
-1.1895
-1.2780
-1.3406
-1.3782
-1.4018
-1.2257
-1.1516
-0.9215
-0.4185
0.2433
0.8289
0.7244
0.7300
1.1021
1.5779
3.3536
4.0218
3.2617
2.9782
3.0759
2.8179
2.3102
3.3228
2.7306
2.6982
3.1731
2.7365
2.5368
2.4692
1.8930
2.4148
2.4345
3.4317
2.5748
2.3825
2.4686
2.2688
2.8483
2.4145
2.1134
1.7699
1.1599
1.4948
1.2552
0.6024
0.8900
0.5419
1.0105
0.5069
0.8504
1.0130
1.7286
2.3192
2.8235
3.2613
3.8346
3.6480
3.5314
3.2907
2.3548
1.9814
1.4851
1.4196
1.4001
0.9096
0.9492
0.9005
0.9699
0.3662
0.7857
0.9728
1.1844
0.6936
1.5196
1.2024
0.7257
1.4981
1.2624
1.3418
1.4859
1.4265
1.0948
0.8936
0.8045
1.0278
0.4502
0.1990
0.5798
0.2027
0.7461
0.2757
0.2077
0.0533
-0.0342
-0.4122
-0.1764
-0.0675
-0.2787
-0.2883
-0.1554
-0.4305
-0.6491
-0.2518
-1.0484
-1.2574
-1.3021
-1.5235
-1.6788
-1.5063
-1.5546
-1.5710
-1.6171
-1.6386
-2.0520
-2.1720
-1.9851
-1.5626
-2.0374
-2.4181
-2.3403
-2.4548
-1.9912
-2.0725
-1.7001
-2.0240
-1.3033
-1.3208
-1.0983
-0.5123
-0.2526
-0.1930
-0.0476
-0.1259
-0.0763
-0.1849
-0.3165
-0.6516
-1.0518
-1.0525
-0.9343
-0.9092
-1.0478
-1.1303
-0.5979
-1.3358
-1.1964
-0.8977
-1.1532
-0.8307
-1.1834
-1.0446
-0.5597
-1.1835
-1.0560
-1.2935
-0.9345
-1.3210
-1.3246
-1.4026
-1.3013
-1.6051
-1.4994
-1.0920
-1.4970
-1.4776
-1.5165
-1.5247
-1.2836
-1.2290
-1.4181
-1.3186
-1.6746
-1.6137
-1.7059
-1.5385
-1.5608
-1.7129
-1.4057
-1.5887
-1.3280
-1.4366
-1.4763
-1.2656
-1.3923
-1.1640
-1.3683
-1.4732
-1.4593
-1.6678
-1.6096
-1.8346
-1.9043
-1.6703
-1.6783
-1.1571
-0.6900
-1.3522
-1.2451
-1.1664
-0.8229
-0.7324
-0.8218
-0.7948
-0.8807
-0.8687
-0.7350
-0.5476
-0.3919
-0.0047
0.3291
0.5568
0.5486
0.7175
0.5937
0.5007
0.3321
0.3035
-0.1087
-0.4753
-0.7818
-1.1131
-1.2963
-1.3303
-1.4654
-1.5298
-1.7256
-1.8170
-1.9155
-1.7662
-1.9813
-1.9639
-1.8918
-1.7090
-1.6452
-1.4768
-1.4857
-1.4036
-1.1652
-1.3386
-1.3886
-1.4679
-1.6295
-1.7675
-1.8941
-1.8985
-1.7818
-1.9740
-2.0692
-2.0650
-2.0691
-2.0255
-1.8617
-1.9286
-2.0703
-1.9693
-2.1241
-2.0154
-1.9972
-1.8666
-1.7784
-1.4541
-1.4495
-1.3872
-1.2078
-1.1781
-1.0330
-0.9604
-0.8701
-0.7677
-0.7164
-0.6002
-0.5070
-0.1838
-0.2577
-0.3997
-0.5230
-0.8628
-0.8892
-0.7266
-0.7605
-0.4627
-0.1191
-0.8721
-0.4336
-0.3433
0.4548
0.3165
1.2936
1.7587
2.7343
2.9833
3.6231
4.4221
4.4974
4.5944
3.3777
3.2383
3.6736
2.7721
2.4998
1.7142
1.9895
1.7189
1.5456
1.5442
1.3997
1.6429
2.2119
2.3972
2.4769
2.4304
2.1295
1.7942
2.9695
2.4224
1.5659
1.1602
1.2578
0.7565
0.9138
0.4341
0.0206
0.0485
0.0558
-0.4278
-0.0047
-0.3998
-1.0195
-1.3414
-1.6791
-1.7131
-1.9377
-2.1407
-2.0977
-2.1082
-2.0361
-0.7094
-0.4756
-0.1007
0.9340
1.0498
0.7625
1.1488
1.8091
1.5834
1.6101
1.0735
1.4423
1.5140
1.1339
0.7288
0.9111
-0.0110
0.2496
-0.0355
-0.4963
-0.0610
-0.2856
-0.2315
-0.5095
-0.5264
-0.4909
-0.3421
-0.4105
-0.6072
-0.6430
-0.7406
-0.6540
-0.6407
-0.5894
0.0182
-0.0656
-0.3256
-0.3282
-0.5005
-0.5174
-0.3683
-0.1287
-0.4246
-0.3662
-0.4226
-0.5845
-0.4499
-0.4915
-0.5606
-0.8007
-0.7254
-0.9967
-1.0580
-1.1849
-1.2800
-1.0981
-1.3120
-1.2795
-0.9602
-1.1605
-1.1798
-1.2993
-1.3508
-1.2885
-1.2452
-1.0822
-1.1124
-1.3215
-1.5272
-1.3618
-1.3658
-1.3402
-1.5850
-2.0251
-1.8598
-1.4800
-1.3068
-1.9784
-1.2709
-1.8839
-1.2799
-1.5552
-1.6733
-1.7262
-1.7778
-1.8991
-1.9380
-1.2767
-0.9560
-1.5286
-1.5722
-0.6977
-1.4480
-0.6793
-0.1949
-0.3464
-0.1954
0.1844
0.7038
0.4154
0.5340
0.6472
0.6762
0.8242
1.0290
1.5049
0.9074
0.6236
0.4001
0.9207
0.2967
0.0778
0.1838
0.0961
0.0452
-0.1346
-0.2490
-0.2416
-0.4753
-0.9227
-1.0334
-1.2499
-1.0104
-1.2249
-1.1019
-1.3085
-1.5778
-1.6346
-1.5608
-1.8211
-1.8578
-1.6215
-1.7352
-1.5880
-1.2068
-1.1243
-0.7159
-0.3153
-0.3084
-0.0746
-0.2184
-0.1419
-0.1916
0.2814
-0.2401
-0.7967
-0.8482
-1.2254
-1.1196
-1.6804
-1.2152
-1.3504
-2.1387
-2.5286
-2.0800
-2.6010
-2.5234
-2.6899
-2.7944
-2.9050
-3.0543
-3.2174
-3.3053
-3.2455
-3.2516
-3.1419
-3.2367
-3.2183
-3.0314
-3.2169
-2.9847
-2.8254
-2.6433
-2.1254
-2.3263
-2.2346
-2.2988
-2.1826
-1.9540
-1.6004
-1.6948
-1.3614
-0.9731
-0.7318
0.1088
-0.2530
-0.0062
-0.0726
0.1025
-0.0032
0.3460
0.0411
0.1273
0.2550
0.2523
-0.0109
0.0344
0.0262
0.0202
0.0011
0.0322
0.4974
0.7735
0.6517
0.9444
0.8738
1.1150
1.0107
1.3514
1.2433
1.0518
0.9565
1.0852
0.2361
-0.0067
-0.7231
-0.7583
-0.8939
-1.3330
-1.5357
-1.6343
-1.7090
-1.3942
-1.2999
-0.9590
-1.4368
-1.0320
-1.4415
-0.3786
-0.9226
-0.1162
-0.7795
-0.1419
-0.6586
-0.2552
-0.2130
0.9887
0.7199
0.3953
0.9485
0.9803
1.2117
1.9880
1.7134
1.6459
1.5594
1.3044
1.3101
2.2638
1.6921
2.2750
1.9462
2.1413
1.6742
2.6752
2.0664
1.8756
1.4203
2.1008
1.7666
2.1232
2.4589
2.7572
2.6598
2.4037
2.9385
2.3748
2.1223
1.9345
1.6482
1.2623
1.1187
1.1423
1.1354
0.9764
0.8131
0.5329
0.6273
0.3109
0.1399
0.1183
-0.3559
-0.3456
-0.7116
-0.8115
-1.0171
-1.1622
-1.1511
-1.3690
-1.2793
-1.4695
-1.5697
-1.6365
-1.6965
-1.8494
-1.8708
-2.0148
-2.0271
-2.1142
-2.1406
-2.1557
-2.1538
-2.1556
-2.0821
-2.0314
-1.7267
-1.8562
-1.6715
-1.5974
-1.2018
-0.8514
-0.4561
-0.3386
0.2368
0.1379
0.9687
0.7115
1.8822
2.2083
2.6308
2.4013
2.5925
2.3606
2.0139
1.9508
2.0839
2.1713
1.8809
1.8352
1.7651
2.3621
1.6596
2.1897
2.9732
3.1783
3.0252
2.8683
2.7238
2.3517
2.5037
1.6683
1.8923
1.8192
1.9454
1.2841
1.0043
0.6626
0.6541
0.6518
0.7146
0.3016
-0.4397
-0.1411
-0.5863
-0.7814
-0.5868
-0.7485
-0.5865
-0.5118
-0.6233
-0.2538
-0.8229
-1.1970
-1.5382
-1.4685
-1.9232
-1.9437
-2.0979
-2.1136
-2.1869
-2.2341
-2.2106
-2.1963
-1.9666
-2.1386
-2.1503
-2.0397
-2.0784
-1.9820
-2.0767
-2.0809
-2.1378
-1.9162
-2.2233
-2.2394
-2.3677
-2.3875
-2.3944
-2.3362
-2.1050
-2.2087
-2.2220
-2.1788
-2.2056
-2.0698
-2.1083
-2.0165
-1.9930
-2.0318
-1.8481
-1.5254
-1.5238
-1.3674
-1.7161
-1.7484
-1.8218
-1.4739
-1.5831
-1.1808
-1.6701
-1.4006
-1.2393
-1.1420
-0.3935
-0.3007
-0.1111
-0.2757
0.8841
-0.4947
-0.0688
0.2462
0.8901
0.4066
0.4849
-0.1612
0.0149
-0.2176
-0.2689
-0.3812
-0.8378
-0.9921
-1.0526
-1.1179
-1.5431
-1.4244
-1.4203
-0.9209
-1.0024
-1.0393
-1.2758
-0.9367
-1.3362
-0.9461
-1.3050
-1.5678
-1.7178
-1.7939
-1.8598
-1.6766
-1.7178
-1.4868
-2.0095
-1.7572
-2.1265
-1.9091
-1.8316
-1.6597
-2.0413
-2.2242
-2.2932
-2.2872
-2.3330
-2.1676
-2.4324
-2.4050
-2.2480
-2.4108
-2.3813
-2.3875
-2.3068
-2.3010
-2.2105
-2.1621
-1.3673
-1.3636
-1.0225
-1.0890
-0.3982
-0.0583
-0.0664
0.0994
0.1475
0.3966
0.2071
0.6190
0.5300
0.5169
0.8765
0.5102
1.1103
0.9604
1.0472
1.2838
0.8389
0.7805
0.9472
0.4012
0.0903
-0.0775
-0.1850
0.3223
-0.2144
-0.4695
-0.1374
0.0844
-0.2367
0.1838
0.4882
0.5049
0.2705
0.8200
0.3864
0.7330
0.4487
0.3699
0.0128
0.1266
-0.4746
-0.0157
-0.8293
-0.6203
-0.2088
-0.6914
-0.5161
-0.8115
-0.7745
-0.4288
-0.4167
-0.1317
-0.4641
-0.4550
-0.9983
-0.8711
-0.7850
-1.0260
-1.0011
-1.1081
-1.1150
-1.5937
-1.3902
-1.1119
-1.0441
-0.3448
-0.4443
0.1406
0.3540
0.5061
0.4455
0.6132
0.7127
0.5644
0.3456
0.2454
0.2925
0.2300
1.4720
0.9383
1.6345
2.4862
3.3473
3.5499
3.5323
3.9150
4.8503
4.8172
4.9712
4.8404
4.3943
3.9151
3.1565
3.1074
2.1940
2.1760
1.9320
2.1889
1.9661
1.6449
1.5846
1.8117
1.9825
2.2207
1.5039
1.4092
1.2713
0.9994
1.6647
1.3954
1.7345
1.2769
1.2983
1.5548
1.5757
1.1205
1.1229
0.9910
1.2398
1.5612
1.4691
1.6026
1.7531
2.0771
2.0014
1.5331
1.2490
1.2072
0.3197
0.1821
-0.5012
-0.6517
-0.5350
-0.8849
-1.0592
-1.0473
-0.8761
-0.4895
-0.5135
0.1327
0.0164
-0.0537
-0.0982
0.0723
0.1044
-0.0435
-0.0100
0.2003
0.7377
-0.1965
0.2494
1.2149
1.7599
3.1054
4.4564
5.3590
4.3968
3.6412
2.4228
1.6886
1.0468
0.5568
0.6711
0.4383
0.2192
-0.0778
0.6101
-0.2209
-0.3996
-0.4001
-0.6691
-0.9054
-0.8282
-0.8038
-0.9330
-0.6823
-1.2625
-1.2717
-1.2101
-1.1150
-1.0788
-0.9956
-1.1092
-1.0592
-0.9532
-1.0617
-1.1369
-1.1260
-1.3067
-1.4006
-1.5136
-1.6740
-1.6094
-1.9439
-2.1211
-2.1994
-2.4008
-2.5154
-2.5847
-2.6106
-2.6249
-2.6783
-2.7999
-2.9265
-2.8337
-3.0760
-2.9643
-2.9646
-2.6975
-2.9342
-3.0081
-3.0129
-3.0039
-3.0177
-2.5583
-2.8906
-2.6185
-2.7870
-2.5535
-2.3748
-2.3927
-2.3323
-2.2213
-2.2012
-2.2102
-1.9481
-2.1667
-2.0905
-2.0952
-2.0804
-2.0269
-1.8972
-1.7647
-1.9562
-2.2340
-2.5291
-2.4175
-1.9243
-2.3558
-2.7773
-2.7477
-2.8666
-2.7355
-2.8654
-2.4623
-1.8380
-1.5227
-0.8181
-0.5704
-0.7707
-0.6909
-0.5645
-0.2447
-0.3302
-0.5722
-0.9610
-0.0292
-0.0319
-0.2843
-0.6274
0.1140
-0.1487
-0.2175
0.1034
0.1080
0.3463
0.7308
0.2308
0.4655
0.1982
-0.1696
-0.2690
-0.3977
-0.5775
-0.4399
-0.6964
-0.8967
-0.9923
-1.1691
-1.2632
-1.3234
-1.4512
-1.5108
-1.2912
-1.5486
-1.4735
-1.5585
-1.4951
-1.4199
-1.2114
-1.3455
-1.3492
-1.3007
-1.1526
-0.9518
-0.7649
-0.3414
-0.3023
0.6736
-0.0094
0.8389
0.4434
0.2874
0.4791
0.3406
0.0813
-0.0121
-0.3707
-0.6285
-0.8429
-1.1116
-1.4327
-1.6506
-1.5925
-1.8352
-1.8652
-1.8175
-1.8128
-1.7315
-1.6595
-1.5265
-1.3819
-1.1556
-1.0524
-0.9052
-0.8890
-0.6697
-0.8576
-0.9123
-0.9303
-0.9213
-0.5218
-0.4266
-0.1083
-0.1300
-0.1180
-0.0807
0.1720
0.2536
0.6995
0.1223
0.1622
-0.0712
-0.1591
0.0265
-0.1071
-0.2363
0.1305
-0.0770
0.3249
0.2841
0.2688
0.4244
0.3084
0.5935
1.1471
0.6244
0.7956
1.6726
0.1812
0.5238
0.5765
1.9090
1.7241
2.0253
2.2696
3.2049
3.7633
3.9099
4.4202
4.4330
4.4708
5.0529
5.2377
5.2018
5.3311
5.7382
5.2513
5.4274
5.4782
5.5165
5.9452
5.9485
6.6194
5.7994
5.0439
5.3359
4.3064
4.1513
3.7433
3.9165
3.8039
3.0945
2.7161
3.1889
2.7527
3.3594
3.1544
3.1263
3.3723
3.7114
3.0109
3.0629
3.0808
2.3870
2.1240
1.6838
2.5131
1.6796
1.9729
1.7799
1.8392
0.9643
0.7349
0.2623
-0.0157
-0.3882
-1.0612
-1.2826
-1.7384
-1.8133
-1.6960
-1.9931
-1.9633
-2.3269
-2.3036
-2.3678
-2.4171
-2.5195
-2.6737
-2.3442
-2.8833
-2.9337
-2.9525
-2.7680
-2.7391
-2.3194
-2.2617
-2.1185
-2.0892
-1.9199
-1.7545
-1.3994
-1.2391
-1.2862
-1.2783
-1.4033
-1.3063
-1.1607
-0.9102
-0.3738
-0.8256
-0.5022
-1.2666
-1.1362
-1.1768
-1.2612
-1.3004
-1.5015
-1.3480
-1.1694
-1.2144
-1.3423
-1.0726
-1.3438
-1.1330
-1.5521
-1.4246
-1.7212
-1.7664
-1.6584
-1.2908
-1.6279
-1.0918
-1.2243
-1.4203
-1.3464
-1.2321
-0.8281
-1.1157
-0.8825
-1.1219
-0.1384
-0.3550
-0.4871
-0.1178
-0.1867
-0.0786
0.1027
0.3150
0.1325
0.7247
0.4223
0.1647
-0.0726
0.8915
0.0789
0.3124
-0.1354
0.0416
0.0462
0.0385
-0.2647
-0.3853
0.0147
-0.4359
-0.4194
-0.5028
-0.5083
-0.7693
-0.6953
-0.4922
-0.1213
-0.3839
-0.5182
-0.5326
-0.2962
-0.4985
-0.3528
-0.3619
-0.2376
0.5013
0.4839
0.1439
0.2781
0.1625
0.5577
0.9010
1.1246
2.1429
2.1080
2.2607
2.4581
2.7455
2.4001
2.6435
2.0386
2.0720
1.4033
1.2242
1.0650
0.6423
0.4955
0.3621
0.2786
0.2199
0.1939
0.2255
0.5360
0.5160
0.3156
0.2617
0.2102
0.2623
0.2673
0.4592
0.4102
0.0566
-0.0646
-0.2955
-0.1961
-0.2697
0.6628
0.4952
-0.0756
0.3667
0.0233
0.0343
0.1548
0.4233
0.3578
0.3640
0.5230
0.2541
0.6268
0.2830
-0.1081
-0.9501
-1.0901
-1.5671
-1.7516
-1.6606
-1.8044
-2.0819
-2.2682
-2.2666
-2.2761
-1.9783
-1.3994
-1.8869
-1.7637
-1.4364
-1.5733
-1.6283
-0.9999
-1.1956
-1.4406
-1.4787
-1.6491
-1.3689
-1.6704
-1.4984
-0.9825
-1.5770
-1.4056
-1.7496
-1.4512
-1.4710
-1.3747
-1.4173
-1.0384
-1.3736
-1.2587
-1.0240
-0.7466
-0.6217
-0.5444
-0.4454
-0.1656
0.2458
0.2197
0.4961
0.5994
0.8684
1.2449
1.5634
1.3254
1.2613
1.3230
1.3141
1.2267
1.0980
1.1215
0.8593
0.5431
0.3626
0.2407
0.8560
0.2243
0.2573
0.2254
-0.3460
0.1192
-0.6884
-0.6416
-0.9115
-0.0324
-0.2158
-0.5515
-0.2343
0.3682
0.6313
0.4796
0.4226
0.5263
0.1701
1.0083
1.0367
0.7666
0.9622
1.0283
0.9898
0.9260
1.2408
1.7116
1.6815
2.0339
1.6643
1.8651
1.5878
1.3190
1.4672
1.5577
1.2239
0.8015
0.8504
0.9091
0.7330
0.9596
1.0759
1.1248
1.1411
0.9293
1.1867
1.5926
0.9720
0.8815
1.1086
1.0362
0.6543
0.5812
0.8031
0.2636
0.2164
0.5133
0.5151
0.4514
0.0252
-0.3180
-0.1539
-0.3483
-0.4082
-0.1024
-0.2861
0.0912
-0.3413
-0.7864
-0.4883
-0.5707
-0.7743
-1.0610
-0.8586
-0.9181
0.0567
-0.0389
0.8647
0.7534
1.5553
1.9598
2.2112
0.9951
1.1935
1.0805
1.0201
0.4804
0.9512
0.4826
0.6886
0.7986
0.2842
-0.2711
-0.3538
-0.2813
-0.5658
-0.9595
-1.3132
-1.4412
-1.3307
-1.4972
-1.4885
-1.5169
-1.6151
-1.7248
-1.7709
-1.8607
-1.9871
-1.6451
-2.1901
-1.9214
-1.9877
-2.0573
-1.9527
-2.1284
-2.2634
-2.2783
-2.0075
-1.8461
-1.9469
-1.8449
-1.6891
-1.6566
-1.1470
-1.7845
-1.3983
-1.6130
-1.5576
-1.2954
-1.5515
-1.1426
-1.3313
-1.1053
-0.3184
0.0692
0.6014
0.8334
1.1945
1.6137
2.2757
3.2192
3.5080
3.2545
4.1030
5.2608
5.6217
5.3342
5.5147
5.8579
5.0369
4.7019
4.3824
4.1475
3.3931
3.5894
2.8448
2.7261
2.6543
2.4743
2.2226
1.9810
2.4620
2.1124
2.5939
2.1584
1.5435
1.8050
1.3929
1.5916
1.2366
1.3940
0.8681
1.0162
0.5696
0.5743
0.3467
0.2004
-0.0624
-0.6346
-0.6204
-1.3372
-1.3690
-1.8206
-1.9308
-2.1212
-2.2346
-2.3751
-2.4659
-2.1964
-2.4860
-2.4470
-2.3782
-2.6105
-2.5689
-2.6295
-2.5659
-2.6287
-2.6195
-2.6296
-2.4814
-2.6755
-2.6269
-2.6186
-2.4050
-1.8165
-1.9454
-1.7050
-1.3121
-1.2967
-0.5202
-0.8813
-0.8004
-0.7969
-0.8983
-1.0962
-1.1074
-1.0709
-1.2875
-1.2023
-1.2659
-0.5310
-0.9777
-0.5132
-0.1789
0.4216
1.0730
1.0973
1.9014
0.9923
0.6410
0.2353
0.1104
0.1537
-0.4371
-0.5879
-0.8082
-0.9588
-1.1418
-1.1264
-1.2675
-0.7898
-1.3087
-1.1366
-1.3106
-1.3350
-1.1240
-0.7348
-0.8014
-0.7053
-0.8210
-1.0096
-1.0873
-1.3887
-1.5989
-1.5481
-1.5366
-1.4166
-1.4356
-1.4143
-1.4596
-1.2334
-1.4784
-1.5008
-1.2789
-1.4566
-1.0437
-1.2359
-0.8164
-1.0442
-1.0890
-1.1431
-0.8765
-0.7971
0.1443
-0.1844
0.7461
1.8232
0.7458
0.3264
0.1243
0.5543
0.5473
2.1755
1.9828
3.1898
3.5700
2.5829
3.5404
3.2937
2.7033
3.8547
2.9369
2.6907
2.6937
2.2949
2.2768
2.5660
2.2699
1.7263
1.4430
1.5518
1.6528
1.6377
2.0113
1.7615
2.3960
2.5065
2.9704
3.2060
2.8682
2.7968
3.1812
2.4404
2.5046
2.3059
2.9439
2.7536
3.2154
2.4654
2.3181
1.7815
1.8038
2.1741
1.4564
0.9691
0.7676
0.6234
0.3714
0.3377
-0.0173
-0.3299
-0.2750
-0.5241
-0.6850
-0.7175
-0.7817
-0.8469
-0.9192
-1.0651
-0.8726
-1.2812
-1.3151
-1.5551
-1.6281
-1.7438
-1.7816
-1.8131
-1.7977
-1.6825
-1.4828
-1.5715
-1.6476
-1.6043
-1.7043
-1.5514
-1.2756
-1.4878
-0.9682
-1.4501
-0.9671
-0.8491
-0.7311
-0.7205
-0.7769
-0.6329
-0.5224
-0.8085
-0.5519
-0.5681
-0.5273
-0.6387
-0.4827
-0.2838
-0.2996
-0.3499
-0.1777
0.4414
0.3846
0.8324
0.2578
0.4928
0.4914
0.6327
0.7715
1.0208
0.7653
1.0022
0.6384
0.6935
0.6359
0.9235
0.7249
1.0501
1.1440
1.2539
1.1251
1.0400
1.2621
1.0897
1.4534
1.2083
1.4989
1.2314
1.3638
1.0169
1.1084
0.7828
0.7384
0.7588
1.1568
0.8630
1.0152
1.4510
1.4102
1.1202
1.9705
1.7453
2.4013
2.4855
3.3102
3.0507
3.3489
2.5558
2.0769
1.5882
1.3000
1.3182
1.1760
1.2177
1.8820
2.3916
3.2494
2.7519
3.0979
2.6370
2.6628
2.2659
1.3711
0.7590
0.6847
0.1250
0.5139
0.0537
-0.0773
0.1962
-0.3489
0.3022
0.4322
0.8057
0.4563
0.4959
0.5006
-0.0303
-0.4690
-0.0705
-0.7714
-0.6572
-0.9803
-0.0401
-0.5199
-0.3740
-0.4996
0.1651
-0.6203
-0.4853
-0.6014
-0.3115
-0.7462
-0.7606
-1.0272
-1.3264
-1.5753
-1.4887
-1.8063
-1.1483
-1.6610
-1.2066
-1.7442
-1.7358
-1.6879
-1.6057
-1.8429
-1.8866
-1.8006
-1.5273
-1.6502
-1.5791
-1.6131
-1.5933
-1.3947
-1.3690
-1.4525
-1.3255
-1.3798
-1.4938
-1.3576
-1.1576
-1.1194
-0.9962
-0.7128
-0.6211
-0.5904
-0.6390
-0.2611
-0.4580
-0.6817
-0.7292
-0.6663
-0.6654
-0.9364
-0.7686
-1.0025
-1.1378
-1.2410
-1.3975
-1.4754
-1.4978
-1.4936
-1.4922
-1.4406
-1.4195
-1.3530
-1.3007
-1.2562
-1.2309
-1.1781
-0.8311
-0.5162
-0.5135
0.0148
-0.3208
0.0553
0.3602
0.6747
0.5302
0.4770
1.2611
1.1694
0.4605
0.5985
0.8060
0.2025
0.2350
1.5060
0.9176
1.5096
1.3787
1.2342
1.4281
1.7589
1.6752
2.1802
1.8324
2.7811
2.7041
2.6023
2.7232
3.0153
2.9328
2.7683
2.3332
2.5363
2.1994
2.6977
2.2588
2.5824
2.7894
2.5236
2.8836
2.4871
2.4809
2.2358
1.6435
1.5954
1.5587
1.3136
0.9070
1.1459
0.7347
0.5232
0.0029
-0.4602
-0.3766
-0.6243
-0.5317
-1.0039
-0.9403
-1.1896
-0.7656
-0.6157
-1.1454
-0.6364
-0.7902
-1.0000
-1.5003
-1.6374
-1.2093
-2.0568
-2.2021
-2.0470
-2.3963
-2.2578
-2.4068
-1.9570
-2.2701
-2.4136
-2.3905
-2.1872
-2.2889
-2.3423
-2.2063
-2.2225
-2.1939
-1.9821
-2.0182
-1.9832
-2.0974
-1.9573
-1.9664
-1.7930
-2.1479
-2.1390
-2.0832
-1.7297
-1.6283
-1.1556
-0.7906
-1.2829
-1.2572
-1.1167
-1.1789
-1.2549
-1.1865
-1.0253
-0.9638
-0.8942
-0.8911
-0.5435
-0.0118
