1.88479528
2.55617779
2.58165980
2.76646723
3.03907708
3.24992755
3.41668265
3.42510617
3.51022773
3.68007695
3.77359456
3.78949859
3.44127092
3.82393896
3.88125970
3.96636199
4.39098815
4.59558644
4.58764748
4.81002162
4.94991209
5.08558264
5.37311362
5.36851581
5.48953687
4.97074750
5.87385276
5.20702338
5.20626707
4.89886341
5.23424942
5.63285716
5.76229856
5.70679821
5.71814998
5.62712412
5.34392958
5.68590478
6.22554902
6.02188726
5.97539144
6.44206033
6.57550923
6.36778196
6.39225821
6.85811766
7.09567648
7.10518660
6.37652253
6.55768584
6.53236280
6.51766990
6.52850658
7.07904985
7.11122447
6.96796984
6.99917919
6.63996650
6.76499347
6.81195863
7.00274614
7.03292075
7.14000431
7.15641563
7.24175820
7.18202286
7.57328994
7.41072973
7.69111475
7.38506623
7.68253415
7.74043639
7.70210376
7.58203182
7.05065462
7.05935161
7.38026061
7.92062303
6.89846164
7.10285545
7.08389455
7.04001078
6.98469733
6.95770517
7.45952153
6.83708796
7.49704603
7.72299118
7.76902274
7.47619534
7.03629298
7.04973154
7.12323328
6.63815815
7.07913192
7.03852310
6.04977089
6.16867217
6.64407233
6.68931587
6.82450498
7.44391894
6.24192809
6.87203309
7.68815730
6.66818812
7.18113964
6.78613630
7.47069796
7.45399990
7.26315400
6.62448791
6.34634481
6.13356606
6.41094873
6.72061798
6.49803966
6.39027362
5.77643197
6.10497150
5.88430916
6.01749171
6.68073945
7.98285873
6.44764570
6.80846279
7.67443598
7.81132538
6.81998556
6.92991964
7.83419182
6.20239179
7.27468704
8.38769998
6.71027012
7.15089442
7.61522886
7.23967699
7.22598764
7.24011757
8.01432545
6.90566709
7.24435375
8.12145846
8.16016476
6.93243975
6.12370557
5.82396927
5.88390671
7.83182627
