1.6661
1.2721
1.7522
2.1182
2.4456
2.1920
2.5680
2.1376
2.2544
2.5726
3.0615
3.5376
2.6190
3.2139
3.6112
3.8127
2.9282
2.9217
3.5154
3.5813
3.2794
3.7958
3.0017
2.4068
2.8064
2.6469
2.1166
3.3957
1.8817
3.9122
2.6338
2.1914
2.0308
2.2292
2.1589
1.9100
2.2937
2.6672
2.5178
2.5853
2.5655
2.3073
1.6791
1.0609
1.6528
0.9700
1.0021
1.4442
1.0069
1.0527
0.8452
1.9599
1.6583
1.6652
2.0160
1.7028
2.0266
2.0664
0.9603
1.1543
1.0146
1.4804
1.6274
1.3313
1.3541
0.9730
0.7691
0.7389
1.0280
1.4782
1.4573
1.4895
1.1637
1.3189
1.4379
1.8688
1.4636
1.2222
1.7483
1.6536
1.8185
1.5658
2.1166
1.9657
2.0055
2.3327
2.6460
2.9971
2.7986
2.9324
3.0040
2.2537
2.1717
2.0033
1.9560
2.3563
2.6060
2.7313
2.7179
2.9069
3.2255
3.3175
3.4166
3.0349
3.1382
3.3284
3.1137
3.5310
3.6192
3.9447
3.5630
3.4051
3.9831
3.7988
4.0602
4.5431
4.2636
3.8832
4.4607
4.2227
4.2714
4.0769
3.9793
3.1978
3.1226
3.5891
3.1108
2.8494
2.6400
2.5831
2.4991
3.0572
2.5525
2.7399
2.2863
2.4687
2.1536
1.7172
2.2782
1.5260
2.5542
1.1445
1.3751
1.6291
1.7855
1.4122
1.1475
1.5072
1.5671
2.2496
2.2265
2.2883
1.5743
2.2998
1.3845
2.1210
2.1595
2.1818
1.7251
1.5063
2.2534
2.0436
2.0222
2.0414
2.1866
1.8165
2.2778
2.2768
2.5499
2.5189
2.8687
2.7865
3.1276
3.5275
3.0494
3.6163
3.6492
3.4289
3.4110
3.4090
2.6828
2.1313
3.0455
2.7620
3.7736
3.4687
3.4294
3.9302
4.1158
3.5030
3.6828
3.2881
3.1702
3.8634
3.2743
3.6829
2.9609
2.8541
2.6286
2.6702
2.7916
2.4285
2.6075
2.1375
2.0438
2.1932
2.0072
1.7583
2.4049
1.9532
1.8587
1.6243
1.4916
2.2448
1.7712
1.4914
1.5968
1.2191
1.3788
1.5407
1.9878
1.8673
1.8412
2.0974
1.9779
1.9890
2.1909
2.0951
2.2842
1.8496
1.9205
1.7182
1.6572
1.5151
1.4821
1.3473
1.8393
1.4627
1.7670
1.2066
1.1736
1.3448
1.0632
1.1889
1.1664
1.2752
1.5833
1.5386
1.2418
1.0542
0.7969
0.9834
0.6304
0.7234
0.6818
0.7091
0.4328
0.2306
-0.2226
-0.3673
-0.0003
-0.5051
-0.0349
-0.4061
-0.5090
-0.5739
-0.2906
-0.5389
-0.3995
-0.2424
-0.4393
-0.5302
-0.6625
-0.6910
-0.9105
-0.8463
-0.9859
-1.0692
-1.1522
-1.0707
-1.1322
-1.0328
-1.0057
-0.6551
-0.7722
-1.0089
-0.6480
-0.9367
-0.7638
-0.6369
-0.5681
-0.7487
-0.5706
-0.4879
-0.1992
0.1102
0.1542
0.6636
0.7340
0.6711
0.7686
1.0026
0.7821
1.1939
1.1896
0.9340
1.2848
1.1527
1.2516
1.4377
1.3946
1.4155
1.3021
1.4577
1.2798
1.3513
1.4716
1.8606
1.9821
2.2934
2.0571
2.1887
2.2097
1.9998
1.9776
2.0642
2.0103
2.4352
2.0812
1.7769
1.6692
1.5921
1.4303
1.6660
1.3742
1.1131
0.8589
0.7855
0.7737
0.5039
0.6090
0.5889
0.3885
0.0996
-0.3293
-0.2080
-0.1398
-0.1714
-0.1383
-0.1575
0.0855
0.4843
-0.1264
0.1586
-0.2189
-0.4179
-0.3745
-0.2074
-0.3987
-0.4788
-0.4609
-0.5601
-0.4091
-0.8071
-0.9040
-0.9682
-1.0377
-1.0743
-1.2004
-1.3086
-1.0964
-1.4153
-1.3441
-1.3755
-1.2770
-1.2702
-1.2995
-1.3732
-1.4678
-1.5192
-1.5350
-1.5352
-1.5001
-1.4612
-1.2708
-1.3608
-1.2453
-1.3051
-1.0098
-0.9858
-0.7502
-0.7850
-0.7870
-0.6963
-0.8475
-0.8816
-0.7036
-0.5089
-0.5111
-0.3589
0.1360
-0.3955
-0.5688
-0.5378
-0.1660
-0.5874
0.0361
-0.4990
-0.5492
-0.6109
-1.1082
-0.7259
-1.4495
-1.3505
-1.2230
-2.0591
-2.0568
-2.0439
-2.3255
-1.9670
-2.3633
-2.1572
-2.3623
-2.3022
-1.8177
-2.4212
-2.2346
-2.2997
-2.3951
-1.2168
-2.1274
-1.9957
-1.9104
-1.2334
-1.9709
-2.1493
-2.0060
-1.9603
-2.3849
-1.8440
-1.5717
-1.5801
-2.2546
-1.9558
-2.1776
-1.9758
-1.6036
-1.6912
-1.6615
-1.6981
-1.7285
-1.2955
-1.4468
-0.6391
-0.9865
-1.2990
-1.4637
-2.0204
-2.4801
-2.0830
-2.0359
-2.6620
-1.8961
-2.1965
-1.3860
-2.0647
-2.3306
-2.6701
-2.5131
-2.5077
-1.8810
-2.2549
-2.0193
-2.1632
-1.9387
-1.9851
-1.8651
-1.8049
-1.6570
-1.8747
-1.7512
-1.5723
-1.6165
-1.7399
-1.9504
-1.6393
-1.9438
-1.8726
-1.9707
-2.3771
-1.7786
-2.3795
-2.1102
-2.2806
-2.1569
-1.8297
-1.7810
-1.4012
-1.7102
-1.6948
-1.3422
-1.8929
-1.7276
-1.2965
-1.6062
-1.4939
-1.6475
-1.2452
-1.9914
-2.0296
-1.7880
-1.7805
-1.5418
-1.0689
-1.5657
-1.4309
-1.4890
-1.0733
-1.4654
-1.5965
-1.7414
-1.4463
-2.1339
-2.1322
-2.0105
-2.1586
-1.8319
-1.2671
-1.5923
-1.1961
-1.0727
-1.2099
-1.2998
-1.0975
-1.2228
-0.8720
-1.0910
-1.0264
-0.8548
-0.4573
-0.8302
-0.3785
-0.5501
-0.2806
-0.3220
-0.5958
-0.5290
-0.5101
-0.3387
0.0336
-0.1863
-0.1785
0.0798
0.2688
0.7755
0.2382
0.4517
0.3950
0.5549
0.6376
0.8333
1.3271
0.9400
0.8801
0.6693
0.6241
0.7555
0.5906
0.5881
0.4422
0.3486
0.0877
0.0288
-0.1345
-0.1947
-0.2272
-0.1758
-0.1931
-0.1685
-0.1318
-0.4377
-0.6047
-0.7362
-0.6033
-0.8942
-0.8671
-1.0366
-1.1099
-1.3048
-1.3877
-1.3480
-1.4594
-1.4860
-1.2722
-1.6673
-1.6674
-1.6985
-1.6861
-1.6008
-1.7382
-1.7547
-1.7105
-1.6653
-1.1995
-1.6192
-1.5671
-1.3093
-1.7597
-1.7042
-1.5599
-1.8552
-1.8076
-1.6112
-1.8279
-2.1290
-1.9468
-1.8152
-1.7350
-1.6821
-1.5650
-1.2514
-1.2764
-1.3656
-1.0430
-1.3043
-0.6546
-1.1546
-1.5387
-1.5766
-1.4724
-1.3496
-1.1316
-0.9432
-0.4194
-0.4496
-0.2490
-0.0366
-0.1766
0.1283
0.2505
0.2412
0.1857
0.2884
0.0447
0.0484
-0.0223
-0.0561
0.0138
-0.0804
-0.0904
-0.1690
-0.2349
-0.2048
-0.2747
-0.2199
-0.2772
-0.2104
-0.1911
-0.1447
-0.1101
-0.1725
-0.1680
0.1083
-0.2367
-0.3788
-0.4373
-0.6236
-0.7133
-0.5568
-0.8196
-0.5669
-0.9104
-0.7559
-0.9884
-1.3387
-1.4671
-1.6283
-1.7239
-1.4211
-1.6668
-1.7946
-1.6872
-1.2109
-1.6782
-1.3910
-1.2832
-1.6950
-1.4703
-1.5892
-1.6215
-1.6690
-1.8207
-1.6951
-1.7791
-1.6978
-1.9808
-1.4909
-1.8770
-2.0509
-2.1149
-2.3124
-2.3315
-2.1957
-2.1390
-2.1389
-1.9209
-2.5566
-2.5218
-2.3373
-2.3577
-2.3423
-2.2692
-2.2777
-2.1933
-1.8911
-1.6262
-1.8565
-1.7801
-1.9221
-2.0019
-1.8199
-2.0288
-1.8704
-1.9786
-2.0130
-1.9647
-1.9910
-2.0325
-1.7533
-2.0040
-2.1092
-1.7099
-1.9606
-2.3913
-2.0679
-2.3843
-2.0881
-1.7040
-1.9826
-2.1629
-2.0117
-2.1102
-2.2160
-2.0781
-2.1659
-1.9478
-2.0326
-2.1305
-2.1454
-2.3498
-2.4682
-2.5000
-2.4614
-2.1849
-2.3651
-2.2887
-2.2666
-1.6401
-1.6883
-1.7071
-1.5106
-1.5426
-1.4664
-1.3518
-1.3949
-1.5757
-1.2909
-1.4433
-0.9840
-0.6176
-0.6443
-0.2462
-0.4413
-0.4629
-0.1354
-0.8456
-0.8728
-0.8153
-0.5573
-0.5990
-0.3776
-0.2927
-0.4246
0.0673
0.3231
-0.0977
-0.0708
0.5469
1.1123
0.6125
1.7233
1.5908
0.8929
1.3283
1.0879
1.0468
1.1039
0.9660
1.3281
1.2518
1.3944
2.0644
2.1053
1.8155
1.0815
0.9590
1.4265
1.4204
1.5788
1.7347
2.0025
1.5739
1.6622
2.2403
1.3778
1.3830
1.6273
1.2346
1.4195
0.8581
1.2168
0.9554
1.1772
0.6173
0.7357
1.1092
1.2315
1.2317
1.5966
2.2704
2.7144
2.9542
3.2304
3.4856
4.0581
4.2259
4.4958
4.3049
4.1312
4.2545
4.5006
4.1690
4.4826
4.2464
4.9860
4.6138
4.2905
4.3048
4.3649
4.0304
3.9398
4.3855
3.8771
4.0156
4.5031
4.5771
4.6427
5.0222
4.8597
6.1733
5.2279
5.2376
5.2030
5.7065
5.5075
6.2633
6.4113
6.6533
6.3872
6.9235
6.1406
5.5246
5.7914
5.2306
5.3766
5.2536
5.4810
5.3813
6.5003
6.0331
6.0823
5.7240
5.0125
5.5821
5.1900
5.3714
5.4265
5.1424
5.3207
5.2448
6.0528
5.2383
5.4176
5.2031
5.1919
5.4087
5.5146
6.6463
5.7841
6.0451
5.4552
4.5427
5.9774
4.6269
4.9339
5.1984
4.7934
5.1348
4.9611
5.7378
5.6175
5.2514
5.7907
5.1336
5.0253
5.1920
5.4778
4.6850
5.0978
5.1795
4.9911
5.3907
5.3172
5.0952
5.4814
5.0379
5.2904
5.2463
4.7690
4.4636
4.8986
4.2045
4.0127
4.3782
4.5723
4.0241
4.9393
4.5418
4.2947
5.2608
4.8024
5.1025
4.3407
4.0932
4.7993
3.9288
4.6623
3.9867
3.6481
3.2681
2.5637
2.0887
1.9802
1.5994
1.8597
1.8809
1.2740
1.6512
1.3817
0.9559
1.2597
0.4295
0.6082
0.2932
0.1305
-0.0957
-0.0738
-0.4330
-0.9106
-0.9442
-1.1688
-0.9921
-1.2131
-1.1467
-1.3024
-1.5377
-1.7385
-1.5580
-1.8943
-2.0746
-1.7501
-2.1472
-2.0793
-1.5225
-1.9647
-1.8157
-2.0702
-2.0790
-1.3609
-2.2956
-1.9788
-1.8085
-2.1493
-1.7306
-1.9114
-1.6107
-1.6196
-1.5751
-1.0801
-1.0757
-0.9710
-1.1763
-1.3392
-1.1018
-0.8406
-0.6965
-0.2728
-0.2776
-0.2060
-0.2961
0.1567
-0.0608
0.0825
0.1274
0.0797
-0.1291
0.1791
-0.2380
-0.1703
-0.2135
-0.2366
-0.3060
-0.4299
-0.6532
-0.4732
-0.5354
-0.7457
-0.6706
-0.6471
-1.1925
-1.3465
-1.5647
-1.6946
-1.8627
-1.4635
-1.9837
-1.7986
-1.9550
-2.0535
-2.0416
-1.8357
-1.7707
-1.7137
-1.9341
-1.9833
-2.0570
-2.2691
-2.5515
-1.9619
-2.7209
-2.6698
-2.5028
-2.6113
-1.8450
-2.8480
-2.3744
-2.8248
-2.8402
-3.0022
-3.1987
-3.8122
-3.3059
-3.5058
-3.2345
-3.1898
-3.0520
-3.2803
-3.3305
-2.6649
-3.0758
-2.9710
-2.9194
-2.7830
-2.8705
-3.0948
-3.0646
-3.0563
-2.8348
-2.8524
-3.0861
-3.0076
-3.2204
-2.7816
-3.0290
-2.8775
-3.1079
-2.7650
-2.9467
-3.0940
-3.0618
-3.5831
-3.3371
-3.5811
-3.5785
-3.7656
-3.9486
-3.7473
-2.8343
-3.8837
-2.6590
-3.3289
-3.4085
-2.7925
-2.5638
-3.0301
-3.0066
-3.5292
-2.9615
-2.8206
-2.3604
-2.1124
-1.6076
-2.1860
-2.4483
-2.4985
-1.6785
-1.4827
-1.4626
-1.1487
-1.0349
-0.9283
-0.9557
-1.1666
-0.9656
-0.9303
-0.7762
-0.4784
0.0089
0.1698
0.5007
0.5086
0.8022
0.7220
0.8495
0.9318
1.0518
1.1074
1.0905
1.0560
1.0050
1.4150
1.0893
0.9075
0.9413
0.6236
0.5153
0.4694
0.6822
0.3781
0.2099
0.2033
-0.0772
-0.0769
-0.4088
-0.3500
-0.6655
-0.8634
-0.8184
-0.9052
-1.0812
-0.6737
-1.1069
-0.8908
-1.1060
-1.0793
-0.8484
-1.1726
-1.1618
-0.9354
-1.1810
-0.9023
-0.8286
-0.9416
-0.7091
-1.0137
-0.9431
-0.9974
-0.5362
-0.9005
-0.7911
-0.9096
-1.1325
-1.1697
-1.4317
-1.3671
-1.1907
-1.1705
-1.3023
-1.7133
-1.9089
-1.9271
-2.3377
-2.3780
-2.1043
-2.4308
-2.5217
-2.0861
-2.2551
-2.0097
-1.6878
-1.9359
-1.9556
-2.0002
-2.1262
-2.1565
-1.9432
-2.0852
-2.2260
-2.5675
-2.7454
-2.5748
-2.6277
-2.3290
-2.3770
-2.4608
-2.4461
-2.4601
-2.4161
-2.6112
-2.7398
-2.8958
-2.7337
-2.8208
-2.5426
-2.2568
-2.0379
-2.0647
-1.8540
-2.2813
-2.0434
-2.2008
-2.4075
-2.2540
-2.4160
-2.2868
-2.4710
-2.1798
-1.7999
-2.0842
-2.1829
-2.1311
-2.2425
-2.1566
-1.9884
-1.9693
-1.3775
-1.6620
-1.5500
-1.5051
-1.3146
-1.3523
-1.2529
-1.2419
-1.1619
-1.1611
-0.7565
-0.9331
-0.7042
-0.6487
-0.5083
-0.8282
-0.8639
-0.8998
-0.9828
-0.9291
-1.0207
-1.2259
-1.0881
-1.1191
-0.4056
-0.7706
-0.9204
-0.7784
-0.5546
-0.7004
-0.5348
-0.3988
0.1648
-0.4503
-0.6967
-0.5953
-0.8762
-0.5756
-0.7333
-0.7205
-1.0452
-1.0696
-1.0712
-0.9527
-0.4661
-0.7084
0.0808
-0.0642
0.5441
-0.0642
0.5536
-0.2060
-0.2852
-0.0489
-0.1343
0.9363
0.5473
0.5630
0.9398
0.4969
0.8114
0.4701
0.2613
0.5573
0.2912
0.5676
0.1455
-0.2762
-0.3800
-0.0156
-0.3568
-0.4457
-0.3581
-0.6275
-0.5063
-0.7681
-0.8116
-0.6450
-0.5618
0.3232
-0.2504
0.2064
-0.0130
0.1815
0.1638
0.0011
0.5811
0.2265
0.3685
-0.2115
0.3171
-0.1783
0.4361
0.3414
0.7581
0.8778
1.0309
0.7356
1.2479
0.9238
1.1794
1.1286
1.3247
1.5072
1.4804
1.8030
1.5136
1.6971
1.6176
1.7462
2.0139
1.9493
1.9301
1.8984
1.6690
1.6713
1.7312
1.9518
2.1668
2.3227
2.8837
2.8595
2.5241
2.5041
2.4857
2.4600
2.6947
3.0417
2.6161
3.1096
3.0239
2.7313
2.4027
2.5756
2.6119
2.3241
3.0558
2.5572
2.0862
2.0540
1.9701
2.2927
2.1823
2.5446
2.0472
1.9666
2.0460
2.2571
2.4071
1.9724
1.8498
1.4965
1.5739
1.5187
1.4782
1.5544
1.5023
1.6810
1.5630
1.8234
1.5596
1.6089
1.1703
1.1787
0.9878
0.6390
0.7574
0.5161
0.5581
0.7546
0.6991
0.8690
0.7455
0.5644
0.7628
0.7823
0.6948
1.4389
1.3319
1.7128
1.8842
1.8326
1.9571
1.7572
1.7593
1.9265
1.8426
1.6882
2.0327
1.6712
2.0237
1.8047
1.8129
1.6542
1.6812
1.7969
1.5305
1.3644
1.0921
1.2787
1.1753
1.2808
1.4796
1.3122
1.4145
1.6262
1.6019
1.5281
1.6435
1.3101
1.6735
1.5450
1.5876
1.5279
1.1796
1.2339
1.4655
1.8061
1.4807
2.5159
1.7211
1.7161
1.6421
1.5105
1.9426
1.6031
1.5615
1.6852
1.1909
1.5083
1.4289
1.6097
1.8153
2.2794
1.8386
2.1522
2.1042
1.7959
1.6957
1.4823
1.5924
1.5884
1.6069
1.6199
1.6485
1.3090
1.2494
1.4662
1.2559
0.9440
0.6790
1.0274
0.7249
0.5823
0.6219
1.0967
0.9821
1.2850
1.1985
1.4645
1.3118
0.9673
0.7766
0.8025
0.7519
0.8561
0.9061
1.4190
1.4283
1.1339
1.6165
1.1696
1.2755
1.3000
1.3180
1.6071
1.9554
2.5472
2.3089
2.4808
2.1204
2.2488
2.3771
1.8960
2.0730
1.8013
1.6457
1.9445
2.2017
1.8623
1.4741
1.9471
2.0842
1.8522
2.1893
1.9271
1.7692
2.0825
1.5976
1.4002
1.5629
1.2705
1.4949
0.9723
0.9428
0.6965
0.7589
0.0410
-0.2021
-0.4827
-0.3974
-0.8422
-1.0755
-1.2594
-1.2994
-1.4837
-1.7788
-1.8634
-2.1559
-2.1953
-2.3730
-2.0020
-2.3038
-2.4530
-2.2674
-2.4775
-2.4536
-2.6112
-2.5107
-2.7243
-2.6614
-2.8983
-2.6963
-2.8635
-2.5376
-2.5203
-2.6311
-2.7896
-2.6543
-2.5694
-3.1063
-3.2001
-2.6560
-3.4697
-3.2020
-3.5651
-3.4780
-3.4521
-3.7654
-3.9426
-3.3458
-3.6833
-3.4039
-3.9410
-4.1992
-3.7875
-4.0907
-4.1477
-4.3700
-4.5268
-4.3029
-4.5305
-4.4596
-4.5056
-4.2193
-4.5802
-4.5061
-4.7042
-4.7640
-4.3581
-4.8224
-4.5758
-4.6697
-4.4453
-4.7345
-4.9403
-5.1183
-4.8542
-4.9594
-4.7764
-4.9399
-4.8662
-4.8055
-4.7373
-4.9177
-4.6851
-3.9867
-4.7424
-4.9812
-4.9705
-4.9349
-4.3454
-4.5560
-4.7555
-4.9717
-4.7760
-5.0306
-4.8450
-5.0402
-4.3492
-4.9065
-4.4949
-4.9244
-4.6580
-4.6983
-4.7821
-4.9257
-4.9064
-4.5580
-4.8663
-4.8967
-4.8857
-4.6589
-4.8800
-4.8584
-4.9199
-4.9533
-4.6754
-4.7529
-4.6599
-4.4170
-4.3715
-4.3840
-4.5230
-4.5451
-3.8991
-3.8391
-4.4471
-4.2559
-4.5753
-4.3700
-4.4674
-3.6624
-3.9391
-3.9706
-3.8091
-3.4004
-3.5418
-3.2634
-2.9830
-3.5507
-3.3114
-3.2376
-3.2413
-3.1575
-3.3958
-3.2808
-3.2278
-3.2572
-3.1137
-2.3083
-2.7621
-2.7658
-2.9622
-2.6919
-2.9603
-2.8487
-2.6101
-2.8860
-2.6067
-2.7923
-1.8010
-1.8644
-1.8090
-1.1357
-1.3469
-1.2595
-0.8890
-1.0224
-1.3416
-0.9554
-1.4030
-1.3370
-0.7713
-1.3046
-0.9199
-0.8636
-1.1011
-0.4705
-0.7237
-0.4429
-0.4962
-0.4922
-0.4581
-0.3776
-1.0317
-1.1261
-1.3124
-1.1263
-1.1531
-0.7678
-0.7664
-0.8335
-0.7806
-0.7383
0.3362
0.2695
0.7549
0.6295
0.3245
0.4996
0.1954
0.4007
0.3175
0.9416
0.1621
0.5310
0.7185
1.6360
0.8212
1.0274
0.8762
1.1252
0.9942
0.6451
1.5457
1.0321
0.7671
1.0784
1.6445
1.7682
1.9311
1.8272
2.5420
2.5945
2.5675
3.1234
3.4432
3.8203
4.2580
4.8659
4.3918
4.8836
5.0193
5.5671
5.3652
4.7353
5.4457
6.1994
6.6331
6.0874
6.6012
6.3544
6.9203
6.0125
6.1497
6.2847
6.0663
6.1120
6.1651
6.1145
6.0525
5.8326
6.1132
5.9683
6.1999
6.2186
5.5745
5.5777
4.8092
4.9720
5.6651
5.4049
5.6892
6.3905
4.8970
5.7853
5.5437
5.4307
5.9147
6.1825
5.8823
4.8911
6.0923
5.4993
6.4805
5.2093
6.3178
5.6735
6.3596
5.7733
6.2335
6.4248
6.8512
5.5834
5.5009
5.7925
6.0747
5.5161
6.9690
6.4880
6.5402
7.3823
6.3550
6.5101
7.1452
6.9695
7.1203
7.2090
7.1270
7.2643
6.4198
5.8758
6.3518
5.7905
5.6149
6.2933
5.2814
5.1949
5.1265
5.5452
5.0589
4.8336
4.6168
4.0575
4.3019
3.9834
3.5821
3.4721
3.0410
3.3305
3.0168
2.6688
3.1842
2.6060
2.9941
2.6827
2.2394
2.4360
2.7657
2.7044
3.1426
3.0315
3.2579
3.4053
3.4857
3.8718
3.3732
3.8627
3.3726
3.8354
3.3834
4.2818
3.5581
3.2552
3.4066
3.1835
3.0880
3.6573
3.0135
2.3895
2.2441
2.0552
2.1423
1.9886
2.1498
2.1750
1.9785
1.8407
1.5547
1.4099
1.4109
1.2801
1.3915
1.5103
1.5674
1.1495
1.2522
0.7899
0.6963
0.4778
0.2950
0.1535
-0.0593
0.2801
-0.0623
-0.0783
0.1000
0.3865
0.2968
0.2215
0.1248
0.0116
0.3221
0.2309
0.4802
0.4950
0.3333
0.1800
0.2207
0.1325
0.6384
0.2731
0.9134
0.5721
0.6882
0.5760
0.9228
0.3128
0.1788
0.5267
0.1366
-0.0174
-0.3480
-0.2252
-0.4829
-0.5160
-0.6507
-0.5482
-0.9587
-0.8757
-0.8062
-1.4630
-1.6504
-1.2355
-1.9235
-0.8802
-1.4594
-1.9713
-1.6540
-2.1236
-2.4672
-2.4804
-2.8050
-2.7548
-3.1671
-3.2092
-3.2117
-3.4861
-2.9677
-3.2091
-3.2030
-3.0640
-2.5461
-2.0624
-2.8007
-2.6968
-2.8740
-2.6810
-2.4388
-2.3753
-2.5074
-2.3136
-1.9218
-2.2832
-1.9643
-2.4568
-1.9032
-2.1071
-2.0744
-1.7194
-1.2988
-1.1997
-1.3060
-1.2450
-1.4124
-1.2217
-1.4631
-1.5211
-1.5146
-1.6387
-1.5574
-1.9207
-1.4366
-1.6329
-1.4560
-1.8279
-1.1373
-1.8349
-1.3175
-1.3733
-0.9267
-0.8365
-0.6774
-0.0854
-0.0146
-0.3796
-0.2018
-0.2012
-0.5782
-0.3573
-0.3722
0.1587
-0.2439
0.1238
0.1428
0.3084
0.1673
-0.0044
0.2146
-0.1167
0.1826
1.1870
0.3828
1.0198
0.2977
0.1374
-0.2120
0.0574
0.6081
0.2141
0.5953
-0.4311
-0.1602
-0.6370
-0.3737
0.0750
0.4347
0.5569
0.3078
0.3904
-0.2203
0.2561
-0.6319
-0.4154
-0.5748
-0.1873
-0.0638
0.2691
-0.4367
-0.6708
-1.2650
-0.6585
-1.2444
-0.5326
-0.4905
0.0213
-0.2792
-0.7387
-0.2925
-0.6537
-0.4043
-0.2998
-0.5409
-0.0482
-0.3246
-0.3705
0.4743
-0.2824
-0.7295
-0.7296
-0.8255
0.1471
-0.2915
-0.2423
-0.8721
-0.9307
-1.0851
-1.1025
-1.3567
-1.5419
-1.0873
-1.2160
-0.6057
-1.8286
-1.7029
-2.1018
-1.8265
-1.5498
-1.3798
-1.6465
-1.7955
-1.9827
-1.9710
-2.1448
-2.0844
-2.4920
-2.5826
-2.5124
-2.3901
-2.4015
-2.4938
-2.8811
-2.3246
-2.6671
-2.9436
-2.9614
-1.9219
-2.3953
-2.5088
-2.7225
-2.5003
-2.3343
-2.2087
-2.5172
-2.1623
-1.8649
-2.0557
-1.8414
-1.7839
-1.8726
-1.3590
-1.8675
-1.4769
-1.9108
-1.5609
-1.6640
-1.7227
-2.3065
-2.3613
-2.0669
-2.2173
-2.0951
-2.0085
-1.8959
-1.7658
-1.9299
-1.7798
-1.8913
-1.8739
-1.7850
-1.8171
-1.8069
-1.8570
-1.8798
-1.9814
-1.9793
-2.0835
-1.9670
-1.9979
-1.8209
-1.7744
-1.6831
-1.4545
-1.5382
-1.5692
-1.5046
-1.5999
-1.6516
-1.6669
-1.7593
-1.7576
-1.8277
-1.8214
-1.8433
-1.7992
-1.7529
-1.6524
-1.5862
-1.5152
-1.5112
-1.4648
-1.4900
-1.1399
-1.3729
-1.2164
-0.9632
-0.9615
-0.3057
-0.5924
-0.3294
-0.4080
0.2663
-0.1741
0.1254
0.2869
0.5873
0.9005
1.0449
1.3710
1.0796
1.2914
1.3526
1.7551
1.5625
1.7128
1.8856
1.9091
2.0893
2.3869
2.4397
2.4713
2.4503
2.1808
1.9757
1.7799
1.8191
1.4824
1.3421
1.2821
1.2100
1.2074
1.1674
1.2283
1.1776
1.1912
1.1152
1.0851
1.2969
1.1100
1.1260
1.1363
1.0904
1.1086
0.9565
1.0740
0.7047
0.5770
0.5497
0.4245
0.9017
0.4880
0.5181
0.5281
0.5239
0.6436
0.7823
0.8740
0.9302
0.8705
0.7712
0.6170
0.4545
0.2946
0.1529
0.0523
0.1854
0.0511
0.2372
0.1053
0.0926
0.1005
0.1559
0.1738
0.2376
0.2977
0.3730
0.4264
0.4704
0.4347
0.3884
0.2480
0.1365
0.0040
-0.0024
0.0945
0.0932
-0.2063
-0.1388
-0.1052
-0.1221
-0.1013
-0.0931
0.0719
0.4067
0.3229
-0.0514
0.1640
0.4613
0.4899
0.7236
0.4132
0.5664
0.6126
0.7746
1.0218
1.2344
1.2044
2.0818
1.2467
1.2298
0.9003
0.8797
1.0801
1.0410
1.4153
0.8847
0.7614
1.2060
1.2323
1.1146
0.5881
0.5706
0.4513
0.3225
0.1025
0.7351
0.2769
0.3482
0.9441
0.5918
0.9128
1.2653
0.3476
0.6578
0.4773
-0.1196
-0.2048
0.3760
-0.1558
-0.0408
0.1103
-0.0740
-0.4411
-0.7820
-0.7430
-0.8936
-0.8716
-1.1616
-0.9157
-1.3032
-1.6464
-1.7718
-1.9245
-1.6766
-1.5582
-1.4583
-1.5868
-1.5873
-1.4105
-1.0693
-1.6320
-1.1882
-1.4186
-1.9900
-1.8854
-1.9297
-1.9237
-1.9422
-1.6979
-1.6748
-1.0822
-1.5762
-1.4387
-1.3005
-1.0672
-1.1721
-0.9697
-1.3586
-0.8698
-0.9715
-0.6653
-1.2578
-1.0323
-1.2627
-0.6998
-0.8003
-1.1912
-0.7749
-0.8398
-1.0828
-0.5214
-0.5462
-1.2603
-1.3010
-1.3318
-0.7782
-1.1874
-1.4920
-1.5154
-0.9946
-1.4735
-1.1184
-1.1338
-1.3745
-1.6249
-1.7105
-1.6835
-1.6320
-1.3143
-1.3393
-1.5162
-1.4729
-1.6635
-1.6763
-1.7679
-1.3375
-1.7604
-1.6836
-1.7441
-1.5497
-1.4857
-1.6187
-1.2415
-1.2689
-1.0679
-0.9125
-0.8443
-0.8019
-0.8949
-0.8357
-0.7670
0.1069
-0.5077
-0.6906
-0.4516
-0.5882
-0.6560
-0.7220
-0.8494
-0.9662
-0.8485
-0.8095
-0.6089
-0.7194
-0.8367
-0.6002
-0.7074
-0.5376
-0.4703
0.2682
0.1888
0.1293
0.2687
0.1159
0.1208
0.3030
0.2013
0.4195
0.8780
0.6430
0.4870
0.5500
0.6640
0.6204
0.5335
0.3580
0.2735
0.4031
0.2511
0.3499
0.3653
0.9165
0.6169
0.7744
1.0828
0.7155
0.7809
0.8210
0.8861
0.5814
0.6159
0.4954
0.6836
0.6319
0.9226
1.0786
0.7886
0.6320
1.2542
0.9589
1.3017
1.1011
1.1706
0.7889
0.9551
0.6282
0.5015
0.4517
0.4185
0.6670
0.6190
0.7293
0.9872
0.8726
0.7977
0.8105
1.2317
1.0757
0.8660
0.6829
0.7628
0.7704
0.7928
0.7390
1.3893
0.8927
1.4325
1.3484
1.6551
1.7642
1.5179
1.5592
2.1008
1.7326
2.0655
2.0512
2.6510
2.6159
2.6122
2.9075
2.7484
2.6485
2.8450
3.0688
3.3461
3.2221
3.2627
3.6522
3.1187
3.5075
3.7052
4.5495
4.0860
4.5686
4.2591
4.1454
4.1196
3.8366
3.9946
4.3077
3.7044
4.4169
3.7266
3.7627
3.5905
3.6117
3.9753
3.9445
3.8684
3.9625
3.7548
3.9736
3.6412
3.6161
3.7754
3.5135
3.6232
3.1988
2.9642
3.2682
3.4429
2.9919
3.6000
3.0486
3.3479
3.8146
3.0420
3.6077
2.9553
3.2929
3.5229
3.1681
3.1999
3.1447
3.2628
3.9818
3.6791
3.3596
3.5070
3.3191
2.8413
2.8138
3.5055
3.1533
3.6392
3.3924
3.2806
3.0794
3.4116
3.4915
3.4638
4.1909
3.8637
3.5538
3.2976
3.2093
3.5145
3.3870
3.4147
3.3155
3.1020
2.6110
2.5079
2.2221
1.8061
1.9949
1.3971
1.6794
1.2860
1.0231
0.9025
0.5515
0.5954
0.3697
0.3873
0.4333
0.8025
0.5411
0.7270
0.1442
0.5565
-0.2800
-0.2629
-0.1451
-0.2663
-0.2203
-0.2504
-0.7882
-0.8944
-1.1530
-1.2374
-1.3278
-1.0083
-1.4935
-1.6350
-1.5860
-1.4956
-1.2070
-1.0321
-1.4581
-0.9289
-1.6102
-1.3338
-1.8942
-2.2260
-2.2021
-2.2090
-2.2488
-1.7763
-1.7811
-1.9046
-1.3706
-1.4966
-1.3717
-1.5903
-1.4318
-1.6869
-1.5077
-1.4798
-1.2665
-0.7923
-0.6266
-0.3134
-0.3987
-0.2724
-0.0788
-0.3855
0.1854
-0.7777
-0.7232
-0.5351
-0.3082
-0.1978
-0.5066
0.0821
-0.0163
0.2512
0.2243
0.9293
-0.5008
-0.6594
-0.0700
-0.0221
0.1754
0.4266
0.3594
0.8081
0.8193
1.0022
0.7016
0.4121
0.5844
0.5921
0.3426
0.3064
0.1785
0.6284
0.4661
-0.3784
0.1619
0.1838
0.0259
0.3350
0.0005
-0.3034
-0.4547
-0.3300
-0.2604
-0.5501
-0.4136
-0.8723
-0.7166
-0.6295
-0.8761
-0.4859
-1.0690
-0.6789
-0.8103
-1.1526
-0.9771
-0.9817
-0.9161
-1.5259
-1.5215
-1.6393
-1.1072
-1.4945
-1.6807
-1.8856
-1.5688
-1.3928
-1.8921
-1.6097
-1.6621
-1.9480
-1.9881
-2.0501
-2.0427
-2.0670
-1.7529
-1.2571
-0.9579
-0.9627
-0.7680
-0.9218
-0.6480
-0.7501
-0.0641
-0.4465
0.0350
-0.3114
-0.4093
0.0084
-0.0862
-0.3319
-0.1475
-0.5453
-0.6620
-0.9839
-0.7144
-0.4885
-0.8035
-0.7231
-1.1921
-0.8886
-0.6567
-0.8384
-0.5641
-1.3954
-0.8200
-1.4462
-1.7014
-1.7505
-1.5011
-0.8959
-1.2725
-1.3921
-1.8212
-1.8550
-1.2730
-1.3575
-1.7177
-1.4295
-1.9215
-1.9280
-2.1412
-1.9432
-1.7757
-1.7791
-1.7365
-1.4124
-1.6455
-2.0375
-2.0298
-1.8479
-1.9441
-1.9623
-1.7443
-1.0951
-1.3699
-1.2141
-0.9670
-1.1478
0.0085
-0.2827
-0.7292
-0.6215
-1.2506
-1.1823
-1.7580
-2.1545
-1.9886
-1.8428
-1.4945
-0.8712
-1.4994
-1.6250
-1.5102
-1.4173
-1.7161
-1.9013
-1.6321
-1.4348
-1.6724
-1.7850
-1.6254
-1.7601
-2.0817
-2.3310
-2.6183
-2.3214
-2.7500
-2.9271
-2.9738
-2.7025
-2.5571
-3.1487
-2.9933
-3.4068
-3.5697
-3.5096
-3.7361
-3.4627
-3.1744
-2.9348
-3.6690
-3.6093
-3.6402
-3.4078
-3.4874
-3.4522
-3.5911
-3.7793
-3.7757
-3.9070
-3.9277
-3.6506
-3.4967
-3.6199
-3.7618
-3.4973
-3.3128
-3.3199
-2.8123
-3.1341
-3.0958
-2.5827
-2.9128
-2.2728
-2.2106
-2.2617
-1.9313
-2.2200
-2.3717
-2.2215
-1.8963
-1.5922
-1.5793
-1.3807
-1.5354
-1.5654
-1.0423
-0.8160
-0.8612
-0.8298
-0.7057
-0.8552
-0.5762
-0.5921
-0.1486
-0.4127
-0.2198
-0.5420
-0.5610
-0.7134
-0.6465
-0.9282
-0.3381
-0.9487
-1.0017
-0.6764
-0.8827
-0.7106
-0.8496
-0.7676
-0.5623
-0.4756
-0.2186
-0.0471
0.3101
0.2851
0.3876
0.4042
0.5637
1.0116
0.9644
0.8529
0.9684
1.1960
1.2617
1.3414
2.0536
1.9394
2.5186
2.3754
2.5714
3.0610
3.1961
3.6492
3.8555
3.9494
4.7512
4.2934
5.5204
4.4093
4.8825
5.0312
4.8294
5.0468
4.8345
4.4303
4.4591
4.3965
3.8529
3.3970
3.2981
3.8377
3.3985
3.0690
3.2399
2.7820
2.8314
2.8760
2.7674
2.7919
3.0451
2.9189
2.9851
3.2854
2.8882
3.3643
3.3339
3.3029
3.3499
3.0204
2.6056
2.7800
2.4034
2.4007
2.3223
1.8605
2.1040
2.1180
2.0614
1.8161
2.1418
2.2745
2.3246
2.0232
1.7237
1.9773
1.8164
1.6968
1.4839
1.4043
1.1797
1.0850
1.6002
1.6165
1.4391
1.4142
1.3810
1.5138
1.5205
1.1630
1.3995
1.3433
1.5134
1.3062
1.7572
0.8980
1.3457
1.2539
1.0539
0.7047
1.1877
0.6730
0.5901
0.9644
-0.0324
-0.1047
0.7232
0.6961
1.1533
0.5695
0.4853
0.0677
0.9333
0.8393
0.6604
0.4029
1.3812
0.6778
0.7718
1.2513
1.8214
1.4492
2.5547
2.0307
2.3705
2.1891
2.1907
1.9728
2.3382
2.2047
1.9399
1.5905
2.1294
1.7990
2.6370
2.0208
2.1056
2.3173
1.8982
2.1728
2.3379
2.8848
2.2815
2.4346
2.2508
2.4828
2.6000
2.7312
3.0800
3.1196
3.0312
3.1545
2.5307
2.6612
2.1464
1.7474
1.5452
1.4217
1.5277
1.3966
0.9202
0.4031
0.4162
0.2934
0.2333
0.3346
0.7584
0.5485
0.2799
0.2333
0.1514
0.2141
0.2360
0.5769
0.5871
0.3283
0.1212
0.2215
0.3620
-0.1150
0.0286
-0.0549
-0.2787
-0.2661
-0.7318
-0.3668
-0.3661
-0.4147
-0.6888
-0.6336
-0.6192
-1.0604
-1.1851
-1.2163
-0.9624
-1.2131
-1.5762
-1.3900
-1.3045
-1.9433
-2.1425
-1.9541
-2.1378
-2.2201
-1.6734
-2.1901
-1.8019
-2.0198
-1.4858
-1.6185
-1.7072
-1.4447
-1.7080
-1.7177
-1.7847
-1.6476
-1.2060
-1.3912
-1.5842
-0.8063
-1.1367
-1.4858
-1.1547
-1.2612
-1.2044
-0.8074
-0.7000
-1.2937
-1.2224
-1.0798
-1.0251
-1.4298
-1.3914
-1.1511
-0.6428
-0.8368
-0.7089
-0.7027
-1.4647
-1.4463
-1.5594
-1.8663
-1.9836
-2.0381
-1.7703
-2.0571
-2.3650
-2.4561
-2.3167
-2.1692
-2.4403
-2.3248
-2.4749
-2.4514
-2.3915
-2.3873
-2.2497
-2.3501
-2.3381
-2.5122
-2.6065
-2.6804
-2.7645
-2.7963
-2.7859
-2.8269
-2.8583
-2.8931
-2.9477
-2.8791
-2.8890
-2.8149
-2.8079
-2.7963
-2.8854
-2.9793
-3.1028
-2.9699
-3.2248
-3.2025
-3.1990
-3.1633
-3.0165
-3.1428
-3.1177
-3.3429
-3.3977
-3.1841
-3.4873
-3.5120
-3.6324
-3.6494
-3.6553
-3.6675
-3.6837
-3.7517
-3.7653
-3.7690
-3.9545
-4.0197
-4.2076
-4.1506
-4.0866
-4.0412
-3.8747
-3.7607
-3.8322
-4.0033
-3.7795
-3.8233
-3.8337
-4.0218
-3.7071
-3.9146
-3.4965
-3.3410
-3.4231
-3.3163
-3.5227
-3.6249
-3.7289
-3.1673
-3.7908
-3.7896
-3.6403
-3.8342
-3.8029
-3.4686
-3.7345
-3.8875
-3.4477
-4.0028
-4.1452
-4.0006
-4.3883
-4.4210
-4.2545
-4.3748
-3.8539
-4.1010
-4.2019
-4.0442
-4.0278
-4.5598
-4.2599
-4.3823
-4.4175
-4.3326
-3.9833
-4.0516
-3.9785
-3.9005
-3.4812
-3.9054
-3.5893
-3.9368
-3.6535
-3.8626
-3.8525
-3.3214
-3.2413
-3.5306
-3.7127
-3.7570
-4.0490
-4.0024
-3.9970
-3.1356
-3.8572
-3.6197
-3.9033
-4.1420
-4.2160
-4.2547
-4.2085
-4.3477
-4.0630
-4.3973
-4.1052
-3.8773
-4.2093
-4.2036
-4.1494
-4.1211
-3.9621
-3.7619
-3.7994
-3.6854
-3.5128
-3.3616
-3.0325
-3.2786
-3.1257
-2.8706
-3.1882
-3.2679
-3.1937
-3.1817
-2.5226
-2.6706
-3.1011
-2.9231
-2.8699
-2.5971
-3.1636
-2.5010
-3.0402
-3.0587
-3.0152
-3.1243
-2.8862
-2.9314
-2.8033
-2.7998
-2.8589
-2.8221
-2.9043
-3.0134
-3.0920
-3.0748
-3.0781
-2.9647
-2.6785
-2.8182
-2.8255
-2.5988
-2.7730
-2.5920
-2.7263
-2.7322
-2.5683
-2.6091
-2.5102
-2.6293
-2.6536
-2.7835
-2.8408
-2.9696
-2.9385
-3.0064
-2.9224
-2.9729
-2.8039
-2.6096
-2.5916
-2.6372
-2.6956
-2.9717
-3.1895
-2.9649
-2.9283
-2.8894
-3.0400
-2.7233
-2.6334
-2.0776
-1.4231
-1.8023
-1.3366
-1.6139
-1.4623
-1.4197
-1.7710
-1.5654
-1.7453
-1.5425
-1.4147
-1.5291
-1.6813
-1.6187
-1.3479
-1.4527
-1.0494
-0.6656
-0.9790
-0.9010
-1.1162
-0.6561
-1.1509
-1.3741
-0.9311
-1.5284
-1.4826
-0.8723
-1.0158
-0.2995
-0.8761
-1.1019
-1.0194
-0.8052
-1.0879
-1.1477
-1.0499
-0.6139
-1.0112
-0.8586
-1.2272
-0.9967
-0.6110
-0.6293
-0.5068
-0.6240
-0.6058
-0.4949
-0.5729
-0.0684
-0.0900
-0.4133
-0.5253
-0.1719
-0.3101
-0.2113
-0.5805
-0.3929
-0.6056
-0.5687
-0.2807
-0.3544
0.1305
0.0327
0.3393
0.3693
0.5064
1.0234
1.4668
1.4744
1.0047
1.6473
1.0918
1.0010
1.2788
1.1302
1.5713
2.3472
2.4213
3.5148
3.9482
4.3180
4.1874
4.9739
4.9271
5.1984
5.9781
5.7241
6.2026
5.9582
6.2156
6.7767
6.5921
7.1306
6.5581
7.0236
7.5273
7.9962
7.8771
8.4870
8.1863
8.2567
8.5065
8.2768
8.5854
8.7595
8.1261
8.1394
8.9865
8.4296
8.5893
8.4423
8.5132
8.5550
9.6122
9.4975
8.8682
8.3437
8.2536
8.1116
8.3540
8.3118
8.7101
8.3703
8.3058
8.3136
8.1312
8.3117
8.4567
8.3874
9.1104
9.1087
9.3318
9.0316
10.2097
8.7283
8.7601
9.1511
9.0205
8.3419
8.6780
8.4537
8.0315
8.5534
8.1033
8.1044
7.0985
7.4188
6.8542
6.5837
6.2076
5.7827
5.5796
5.4602
6.2731
5.7312
5.9909
5.8248
5.8335
5.7262
5.1205
5.4687
5.1251
4.7553
4.6922
4.1512
4.6683
5.0786
4.4115
5.0408
4.6027
4.6826
4.1106
4.0678
4.5698
3.9908
3.9433
3.9372
3.2713
3.2862
3.1375
3.3868
3.1929
3.1136
2.0833
1.8200
1.5302
1.6428
1.8290
1.6390
1.3375
1.1819
0.5337
0.6315
0.7040
0.8793
0.4922
0.2255
-0.0339
-0.0249
-0.4351
-0.9633
-0.8562
-1.1627
-1.6388
-1.3618
-2.0768
-2.4126
-2.5373
-2.7762
-2.5534
-2.9509
-2.9085
-2.9565
-2.9304
-2.5078
-2.5117
-2.8885
-2.9602
-2.9872
-2.3966
-2.4499
-2.8662
-2.7286
-2.7138
-2.7924
-2.5083
-2.3534
-2.3266
-2.2203
-2.5483
-2.6623
-2.8517
-3.0589
-2.6636
-2.8900
-2.2929
-2.7470
-2.5784
-2.6125
-2.6086
-2.7847
-2.4498
-2.5814
-2.3122
-2.4741
-2.6008
-2.5700
-2.7292
-3.1343
-2.9167
-3.1659
-3.0662
-2.8205
-3.1670
-3.0379
-3.3873
-3.2534
-2.9164
-2.9777
-2.6756
-2.9171
-3.1303
-3.4022
-3.3100
-3.4794
-3.2923
-3.2643
-3.3584
-3.3090
-3.1530
-2.9873
-3.0433
-3.3892
-3.0384
-3.3592
-3.1988
-3.3978
-3.0382
-3.1997
-3.1838
-3.0635
-3.2945
-3.2383
-3.3414
-3.2739
-3.0973
-3.4345
-3.3486
-3.8947
-3.2648
-3.7324
-3.9629
-3.3127
-3.6500
-3.5534
-3.4927
-3.9791
-3.5221
-3.5883
-3.7800
-3.2242
-3.6260
-3.2991
-3.2822
-3.2518
-3.1122
-2.2016
-2.9720
-3.0262
-2.0446
-3.0686
-2.7940
-3.2056
-3.1243
-3.1336
-2.2302
-2.3866
-3.1271
-3.3324
-2.8409
-3.2983
-3.6398
-3.7248
-3.4524
-3.8077
-3.2758
-3.8277
-3.4948
-3.5488
-3.6565
-3.4824
-3.7077
-3.9226
-3.8386
-4.0483
-4.2712
-4.2296
-4.1374
-4.2025
-4.3743
-4.1097
-4.4587
-4.4504
-3.9992
-3.7495
-3.9379
-3.8160
-3.1331
-3.3131
-3.4956
-3.3977
-3.4744
-3.3693
-3.3218
-3.4594
-3.2635
-3.5452
-3.4405
-3.5177
-3.4020
-3.1593
-3.0130
-3.1005
-2.8416
-2.9534
-2.5753
-2.4682
-2.3289
-1.9952
-2.1390
-2.5065
-2.4364
-1.9764
-2.2978
-2.0922
-1.7794
-1.8480
-1.6833
-2.0941
-2.4105
-1.9020
-2.2627
-1.7606
-1.9750
-2.1388
-1.3633
-1.3940
-1.8124
-1.4951
-0.6384
-0.0825
0.0410
0.7117
1.3751
0.7532
0.4573
0.7555
0.2435
0.1850
0.8345
0.8885
1.0040
1.2166
0.7723
1.8461
1.8476
1.8477
2.0343
2.6609
1.5722
2.3073
2.7951
2.5341
2.7689
2.0232
2.2583
2.8454
2.3743
2.3316
3.5116
1.8036
1.8346
1.6084
3.0802
1.2777
2.3088
1.7687
1.4586
1.3354
1.4510
1.1244
1.8508
1.9123
1.5880
1.8768
1.4222
1.4060
1.1508
1.3642
1.2819
1.3590
1.4760
1.6525
1.7880
1.2487
1.8862
1.3711
1.6473
1.4791
1.3162
1.7563
1.7506
1.8218
1.7309
1.9810
1.5313
1.7659
1.5244
1.5324
1.7345
1.1893
1.1128
1.2360
1.2881
1.7693
1.5156
1.2102
1.0647
0.8816
0.4816
0.4316
0.8637
0.4843
0.4158
0.4852
0.6045
0.2043
0.3668
0.1043
0.2855
0.9162
0.7695
0.5675
0.5578
0.1666
-0.0709
0.0000
0.2164
0.0562
-0.1361
-0.4170
-0.0954
0.1471
-0.1824
-0.4428
-0.5998
-0.3314
-0.7540
-0.6754
-0.5808
-0.7867
-0.6302
-0.4184
-0.3579
-0.6908
-0.3409
0.0965
0.1449
0.1923
0.2018
0.1506
0.4515
0.6730
0.6843
0.5310
0.6450
0.6795
0.7623
1.0382
0.8521
0.9581
0.9496
1.0778
1.0143
1.3554
0.9585
0.9934
0.8826
0.9100
0.9449
0.8810
0.8179
0.6133
0.4644
0.1766
0.0515
-0.2619
-0.4108
-0.6741
-0.7994
-0.8742
-0.9507
-0.9941
-1.1145
-1.2170
-1.3524
-1.4428
-1.5090
-1.2906
-1.4966
-1.3830
-1.5064
-1.5543
-1.7748
-1.9165
-2.0603
-2.2222
-2.1421
-2.4917
-2.5645
-2.7070
-2.7434
-2.8223
-2.7869
-2.6646
-2.3487
-2.3789
-2.3389
-2.1942
-2.2407
-2.3025
-2.5915
-2.6471
-2.8145
-2.9100
-3.0485
-3.1941
-3.3831
-3.3573
-3.6057
-3.4228
-3.5678
-3.6263
-3.3280
-3.8576
-3.7520
-4.0637
-4.1214
-4.2650
-4.1283
-4.4696
-4.4814
-4.2899
-4.3071
-4.6020
-4.7111
-4.7758
-4.5585
-4.6870
-4.5543
-4.3070
-4.0867
-4.6275
-4.4899
-4.5316
-4.4716
-4.0533
-4.2334
-3.6437
-3.9351
-3.7516
-3.5141
-3.3200
-3.0949
-3.1969
-3.1090
-3.3847
-3.2970
-3.2930
-3.3655
-3.1945
-3.4124
-3.4083
-3.3838
-3.4860
-3.6124
-3.4138
-3.3675
-3.4285
-3.4831
-3.2455
-3.1434
-2.5176
-3.2061
-2.6522
-3.2516
-2.7152
-3.1130
-2.7871
-2.7873
-2.7351
-2.5167
-2.3164
-2.3274
-2.2952
-1.9266
-1.9350
-2.1696
-2.3143
-2.4760
-1.9467
-2.7451
-2.3996
-2.3967
-2.3171
-1.9767
-2.3920
-2.1167
-1.7721
-1.7257
-1.8492
-1.9079
-1.8204
-2.2139
-2.2065
-2.2578
-1.9099
-2.2556
-2.1254
-2.0205
-2.1344
-1.8979
-1.7063
-1.4646
-1.5119
-1.1281
-1.2318
-1.2800
-0.9515
-1.1272
-1.0541
-1.1781
-1.0737
-0.8767
-0.6132
-0.5256
-0.9086
-1.0548
-1.0349
-1.1182
-0.9702
-0.5368
-0.6451
-0.5010
-0.0414
-0.0508
0.1508
0.2362
0.2053
0.2158
0.1455
1.1402
0.3955
1.4274
1.2047
1.2947
1.3487
1.2688
1.4267
1.9687
2.2937
3.3104
2.9733
3.5435
3.5255
3.2644
3.6904
4.0809
4.0874
4.2135
4.6707
4.9112
4.6131
5.2473
6.0441
5.9099
5.4436
5.6432
4.8787
4.7304
4.6091
5.3788
5.0436
5.5545
5.5013
5.8901
5.3687
5.2644
5.7067
5.5441
5.9221
5.9397
5.4797
5.6237
6.2190
6.3591
6.0584
6.4036
6.8443
7.3662
6.9356
6.5884
6.6696
7.1688
7.0687
6.8334
7.2328
7.5916
7.9020
6.7193
5.9904
5.8013
5.5811
5.8377
5.7784
5.9162
5.8767
6.4676
5.5386
6.0214
5.6079
5.5956
5.6786
5.8008
6.0112
5.5001
5.7681
5.4806
5.6456
5.4230
5.2930
6.0234
5.6920
5.6502
6.4688
5.3605
5.5107
4.7877
4.2840
4.6442
3.9673
3.6954
4.1848
3.4369
4.6032
4.1342
5.1774
4.5606
4.9158
4.9854
4.8751
5.0008
4.6826
4.8024
5.2921
4.2459
4.1023
4.3729
3.8748
4.0643
4.1655
4.0642
3.9160
4.5786
3.8244
4.1801
4.0839
3.7618
3.7247
3.7825
3.3684
3.1955
2.8567
2.5171
2.7223
2.7078
2.6162
2.8280
2.6987
2.3696
2.3525
2.8390
2.5381
2.4468
1.8362
1.7261
1.9447
2.0901
2.0016
1.9733
1.9678
2.1425
2.1921
2.2710
1.9226
2.4434
1.9200
2.1554
2.0398
2.1751
1.7378
1.7286
1.5763
1.1955
1.2782
1.7923
2.0374
2.0575
2.4776
1.9378
2.1598
2.1110
2.1070
2.1118
1.9991
2.0120
1.9358
2.2594
2.2048
2.2877
2.3556
2.2908
2.1255
1.8991
1.9341
1.5738
1.3957
1.3714
0.9325
0.5476
0.3317
0.3252
0.1927
0.3530
0.3496
0.3223
0.3622
0.4256
0.2439
0.1409
0.3837
0.0296
0.3906
0.2333
-0.2184
-0.1341
0.0397
0.0144
-0.0967
0.2418
0.7442
0.6586
0.1415
0.2685
0.1702
0.0993
0.2731
0.2023
-0.1218
-0.1618
-0.2617
-0.4527
-0.7534
-0.5819
-0.5862
-0.3942
-0.6684
-0.6509
-0.9561
-1.1889
-0.8626
-0.7335
-0.8635
-0.6336
-1.3669
-1.1051
-1.8459
-1.6967
-1.8660
-1.7745
-1.7272
-1.3105
-1.7390
-1.8913
-1.7722
-1.7841
-1.7015
-1.8865
-2.1027
-1.6791
-2.2294
-1.8596
-2.5027
-2.3967
-2.7614
-2.8828
-2.6514
-3.1473
-3.3228
-3.2689
-3.6014
-3.0158
-3.5398
-3.6159
-3.6501
-3.7464
-3.7941
-3.8222
-3.9484
-3.9450
-4.1991
-4.4382
-4.3622
-4.0909
-4.4194
-4.5305
-4.1937
-4.5582
-4.6351
-4.3863
-4.6141
-4.9299
-4.6339
-4.7112
-5.0625
-5.1541
-4.9707
-4.8804
-4.7351
-4.4886
-4.1616
-4.2989
-4.3763
-4.0856
-4.4106
-4.1860
-4.4995
-4.3266
-4.1778
-4.1051
-4.0159
-4.1950
-4.0254
-4.2622
-4.3069
-4.3571
-4.4205
-4.3935
-4.3660
-4.3291
-4.3449
-4.3759
-4.4111
-4.4741
-4.3712
-4.4571
-4.3297
-4.5089
-4.4948
-4.6180
-4.4679
-4.7412
-4.8151
-4.8714
-4.8266
-4.8871
-4.8243
-4.8986
-4.8729
-4.8613
-4.8495
-4.8076
-4.8081
-4.5655
-4.8064
-4.7988
-4.8194
-4.7977
-4.7662
-4.7259
-4.6673
-4.6093
-4.4508
-4.4250
-4.1039
-4.3167
-4.2325
-3.9609
-4.0663
-3.9983
-3.9060
-3.8261
-3.4831
-3.5506
-3.3739
-3.1764
-3.0020
-2.4785
-2.7768
-2.4157
-2.5083
-2.3221
-1.8761
-2.1780
-2.0244
-1.7683
-1.6543
-1.5339
-1.5115
-1.1637
-1.8702
-1.4550
-1.7602
-1.2498
-1.1769
-1.8511
-1.3562
-0.9752
-1.6358
-0.8422
-0.7125
-1.0874
-0.8413
-0.3116
-0.2594
-0.2803
0.1352
-0.0445
0.9968
0.6697
1.4228
1.1299
