2.1514
1.9883
2.7117
1.8999
2.2680
2.5351
1.6887
2.0855
1.6710
2.2967
1.7055
1.0952
1.7071
1.7893
1.6637
1.8541
1.1844
1.7239
1.1242
1.3306
1.4214
1.2537
1.1125
0.9534
0.5122
0.4518
0.5228
0.4040
0.6064
0.1424
0.3349
-0.1638
0.2151
-0.0678
0.0363
-0.1297
-0.0528
0.0862
-0.0631
-0.2431
-0.3504
-0.5302
-0.5489
-0.6599
-0.6974
-0.8327
-0.8830
-0.8849
-0.8577
-0.7834
-0.7143
-0.6325
-0.5804
-0.5451
-0.5435
-0.5937
-0.6620
-0.5490
-0.6486
-0.9354
-1.0756
-1.1653
-1.1793
-1.2282
-1.1715
-1.2083
-0.9667
-1.1760
-1.1964
-1.2714
-1.2887
-1.1061
-1.1608
-1.1728
-1.0760
-1.1166
-1.1043
-1.0112
-1.0990
-0.8284
-1.1672
-1.0991
-1.0955
-1.0590
-0.9819
-1.1143
-1.1264
-1.2976
-1.3207
-1.4678
-1.6341
-1.8234
-2.0013
-2.0813
-2.2059
-2.2688
-2.2058
-2.4350
-2.4297
-2.3789
-2.3365
-2.0152
-2.3100
-2.0000
-2.3453
-1.9716
-1.9710
-2.4582
-2.4700
-2.1755
-2.4455
-2.4056
-2.3879
-2.7028
-2.1608
-2.5922
-2.2518
-2.5015
-2.3264
-2.0740
-2.4354
-2.2199
-2.3837
-2.0421
-2.4389
-2.2157
-1.8380
-2.2921
-1.9721
-1.7578
-1.9001
-1.9088
-1.7230
-1.6521
-1.7121
-1.4572
-1.4173
-1.2686
-1.5449
-1.4079
-1.5715
-1.5570
-1.4891
-1.0384
-1.2723
-1.4054
-1.5917
-1.6062
-1.3754
-1.8221
-1.8260
-2.0765
-1.5394
-1.3346
-1.3663
-1.5484
-1.9416
-1.5630
-1.4870
-2.0114
-1.2729
-1.7430
-1.1563
-1.0393
-0.8731
-0.5891
-0.8227
-0.5478
-0.3617
-0.2838
-0.0160
-0.4575
-0.2014
0.2764
0.3075
0.8279
0.7673
0.8883
0.0740
0.4406
0.7354
0.2019
1.1502
1.5941
1.4266
1.1853
1.3080
1.9412
2.0206
1.4326
2.1616
2.0311
2.7909
2.4609
2.1793
1.9149
2.8475
2.7781
2.3893
2.5586
3.0462
2.9271
3.0374
2.4713
2.6351
2.9772
2.7590
2.8209
2.9563
3.3156
2.9621
2.5745
2.7041
2.0755
2.1691
2.0898
2.4367
2.5400
2.9488
2.6173
3.0819
2.9575
3.2540
2.8514
4.0223
3.3590
4.1742
3.6782
4.1730
3.3622
3.9678
3.8296
3.9336
3.6037
3.5288
3.1287
2.8608
2.9977
2.9151
2.6418
2.7084
2.5182
2.7641
2.4290
2.6977
2.7163
3.1891
3.9904
3.7605
3.8055
3.2091
2.9864
2.5633
2.8800
2.1918
2.1338
1.8518
1.9180
1.9083
1.7466
1.9881
1.7842
1.4820
1.4242
1.3742
1.3603
1.1914
1.0994
0.9513
0.9493
0.9304
0.9925
0.7019
0.4468
0.3755
0.2112
0.3609
0.0528
-0.0153
-0.0501
-0.0199
-0.0596
0.3906
-0.1226
-0.0781
0.2620
-0.1391
-0.0724
0.0440
0.3100
0.2956
0.2005
0.5469
0.4595
0.5725
0.5373
1.1583
1.5007
1.6241
1.2516
1.4512
1.6068
1.1980
1.2827
1.0985
1.3954
1.4319
1.6722
1.8822
1.8566
1.4093
1.8530
1.7140
1.6586
1.7340
1.8715
2.2316
2.3177
2.4900
2.2984
2.3706
3.2517
2.3336
2.9862
2.9860
3.0516
3.0201
2.9329
2.5042
2.5609
2.0782
2.4809
2.0611
2.0411
2.5088
2.3006
1.8053
1.5258
1.2294
1.8261
1.3260
1.4191
1.0364
1.4190
1.6879
1.0380
2.3619
1.5715
1.9203
1.8821
1.6193
1.6545
2.0898
1.9792
1.8614
2.2936
2.2494
1.6514
1.4352
1.8025
1.1971
1.3679
1.2805
1.3417
1.5661
1.4701
1.4240
1.2610
1.3453
1.2581
1.0363
0.8546
0.7610
0.6429
0.1920
0.3875
0.2307
0.2421
0.2968
0.4907
0.4426
0.3310
-0.0180
0.0189
-0.1131
-0.1886
-0.1396
-0.4263
-0.4838
-0.4734
-0.4715
-0.4959
-0.4218
0.0297
-0.3729
-0.2925
-0.3352
-0.2517
-0.2075
-0.0328
0.0531
0.0894
0.0117
-0.0904
-0.0920
-0.0973
-0.1125
-0.2127
-0.2882
-0.3387
-0.3911
-0.3777
-0.4184
-0.5335
-0.6583
-0.8319
-0.7976
-0.8332
-0.7782
-0.8576
-0.8861
-0.7850
-0.8268
-0.6308
-0.6796
-0.6568
-0.4574
-0.8059
-0.8161
-0.7587
-0.8763
-1.1985
-1.2593
-0.9048
-1.1793
-1.1878
-1.5929
-1.4132
-1.2186
-1.7066
-1.6411
-1.6719
-1.7139
-1.8640
-1.7014
-2.2262
-1.9494
-1.8832
-2.1267
-1.7421
-1.7812
-2.0802
-2.2031
-2.1306
-2.3527
-2.3753
-2.3806
-2.5701
-2.1530
-2.5973
-2.4441
-2.4819
-2.2915
-2.2231
-2.3827
-2.5444
-2.5860
-2.6583
-2.6247
-2.6420
-2.6668
-2.6731
-2.4657
-2.5941
-2.3725
-2.1890
-1.6172
-1.5026
-1.7661
-1.8088
-1.7912
-1.9448
-2.0166
-1.9580
-1.8058
-2.0967
-1.6406
-2.2612
-2.3094
-1.8175
-1.8557
-1.6433
-1.4867
-1.5301
-1.3606
-1.7637
-1.7365
-1.7817
-1.8495
-1.5883
-1.8165
-2.0275
-1.8202
-2.1273
-1.8454
-1.5277
-1.5208
-1.3391
-1.3201
-1.4133
-1.0347
-1.4002
-1.4885
-1.4683
-1.4170
-1.5576
-1.7398
-1.6153
-1.8948
-1.8385
-2.1007
-1.8028
-1.9697
-1.6417
-1.7619
-1.5662
-1.5047
-1.7240
-1.4480
-1.5658
-1.2173
-1.0555
-0.9891
-1.1046
-1.2046
-1.2058
-1.3397
-1.2204
-1.0377
-0.7793
-0.5558
-0.5500
-0.7416
-0.3681
-0.5020
-0.0342
-0.3016
-0.0670
-0.0176
0.0636
0.1465
0.5137
0.3067
0.5256
0.2904
0.3339
0.2827
0.9456
0.6746
1.2887
1.3522
1.8305
1.8618
1.2873
0.9783
0.7973
0.8207
0.8634
1.2632
0.6030
0.3718
0.6613
0.7635
0.7836
0.6899
1.6983
0.3067
0.4166
0.3580
0.4996
0.5890
0.3656
0.5855
0.3122
0.2333
0.0322
0.0707
-0.0901
0.1073
-0.2278
0.0166
0.2596
-0.2426
0.6379
-0.8033
-0.3240
0.2818
-0.5270
-0.1841
-0.6805
-0.8129
-0.2508
-0.3859
0.0330
-0.5126
-0.2358
-0.4163
-0.0157
-0.7488
-0.5499
-0.9800
-0.4431
-0.3988
-0.0688
0.3094
-0.6026
-0.5310
-0.3971
-0.3817
-0.2319
-0.7351
-0.3690
-0.0517
-0.3678
0.2399
0.1283
0.2416
0.5098
0.0913
0.3099
0.6237
0.8413
1.8559
1.5834
2.5260
1.5938
3.0017
2.3061
2.8025
2.5902
1.9662
2.4486
2.6231
2.1864
2.5958
2.3785
2.6649
2.4412
2.6698
2.5109
2.6122
2.0900
1.8757
2.3076
1.9709
2.6971
2.6960
2.8379
3.1544
2.8467
2.6656
2.5498
2.7191
2.3426
2.4955
2.4719
1.9214
1.7616
2.1196
2.1273
1.8369
1.8174
1.5805
1.3542
1.5436
1.6690
1.4347
1.3648
1.6163
1.3915
1.6300
1.4701
1.1529
1.2786
1.0888
1.2310
0.8554
0.8531
1.1062
0.7475
1.0444
0.6154
1.0158
0.5556
0.8980
0.4443
0.6819
0.3943
0.4431
0.4322
0.3453
0.7737
0.1903
0.4151
0.3260
0.1692
0.2681
0.3760
0.3231
0.4392
0.1366
1.2126
0.7850
0.6440
0.3833
0.5324
0.2918
0.5109
-0.0287
0.3666
0.1431
0.8069
0.8735
0.9659
1.0969
0.7242
0.5917
0.4961
0.2466
0.2412
0.0806
-0.0500
0.5848
-0.1739
-0.2841
-0.2315
0.1000
-0.0486
0.1385
0.5662
-0.1407
0.1316
-0.3054
-0.3946
-0.0367
-0.2797
-0.4885
-0.0963
0.3601
-0.1504
-0.4057
0.0386
-0.2458
-0.3863
-0.0436
-0.0119
-0.4192
0.1340
-0.2737
0.1093
-0.2706
-0.0994
0.4394
-0.1720
-0.1903
-0.1906
-0.0671
0.1016
0.1373
-0.2428
-0.0901
-0.2711
-0.1863
-0.0189
-0.2413
-0.3965
-0.4082
-0.2361
-0.5311
-0.6143
-0.5561
-0.6837
-0.5746
-0.2924
-0.2144
-0.5002
-0.2591
-0.2545
-0.0244
-0.0526
0.4378
0.9986
1.1573
1.0325
0.9373
1.3722
1.1837
1.3511
1.1903
1.0097
0.7900
0.5119
0.6411
0.5043
0.2449
0.0731
0.1300
0.3562
0.6063
0.0977
0.1331
0.0857
-0.2263
-0.0533
0.2118
-0.2453
-0.4278
-0.5797
-0.3827
-0.4016
-0.2729
-0.2605
-0.4047
-0.4924
-0.7126
-0.4962
-0.6312
-0.5600
-0.5151
0.0933
-0.0931
0.2444
-0.2003
0.1958
0.7712
0.2056
0.7327
0.6949
1.7087
0.6209
1.0813
1.0048
0.8262
0.9705
0.2499
0.4594
0.1746
0.5718
0.5265
0.7072
1.3283
0.5782
0.9360
0.8707
1.4559
0.8456
1.0094
1.1048
1.4795
1.4462
1.3430
1.6482
1.6101
0.9444
1.2902
1.3298
1.6616
1.2769
1.1960
1.6738
2.0054
1.6718
1.9310
2.0378
1.7044
2.6799
2.6082
2.4072
2.3275
1.9497
1.8753
1.5978
2.5270
1.6866
1.6610
2.0521
1.8291
1.5307
1.9193
2.0695
1.4681
2.8099
1.5791
0.9551
2.1169
1.6856
1.5444
1.5624
1.7130
1.2045
1.2406
1.6680
1.4069
1.1238
1.4610
0.8693
1.2346
0.5061
0.6603
0.4488
0.2075
0.3329
0.2472
0.6359
1.4490
1.8756
0.9957
1.6282
1.9452
1.6172
2.0180
1.8067
1.9291
2.1120
2.3131
2.3279
2.2676
2.6397
2.5823
2.4745
2.5671
2.2112
2.4561
2.4582
3.4970
3.1718
2.7749
1.7391
2.6980
2.2787
2.0166
1.6702
2.0055
2.2668
1.9181
2.6930
1.6433
2.0151
1.2945
1.8817
0.7351
1.0268
0.9327
1.3743
1.4352
1.6268
2.0867
0.8342
1.0581
0.7872
0.2995
0.7255
0.7018
0.3947
0.2165
0.7761
0.2334
0.7858
0.2728
0.0166
0.0641
-0.0321
0.2433
0.1302
-0.0875
0.1430
-0.2986
-0.5653
-0.4121
-0.1859
-0.4115
-0.3949
-0.2968
-0.5420
0.1172
-0.5974
-0.5347
-0.4208
-0.4282
-0.3639
-0.1090
0.1265
0.0772
0.1691
0.3506
0.4534
0.3667
0.4602
0.2830
0.5938
0.4311
0.5087
0.5196
0.5383
0.6202
0.8034
0.7907
0.8568
1.0445
1.0919
1.5286
1.3140
1.4806
1.3473
1.7018
1.5822
1.2967
1.5638
1.2191
1.2346
1.1577
1.1017
1.0191
1.1158
1.0297
0.7996
0.6601
0.7346
0.5444
0.5701
0.3423
0.2441
0.1305
0.0504
0.1873
0.3040
0.5870
0.2762
0.1956
0.1477
0.2357
0.3327
0.4540
0.3053
0.4361
0.5250
0.4185
0.3342
0.5579
-0.0579
-0.0936
-0.2384
-0.1062
-0.1896
-0.5730
-0.7548
-0.9316
-0.6597
-1.0069
-1.0008
-0.5538
-0.8659
-0.7597
-0.8743
-0.8209
-0.9314
-0.9615
-1.0579
-0.7754
-0.7066
-0.7927
-0.5866
-0.7057
-0.7105
-0.6946
-0.5610
-0.5612
-0.4894
-0.4748
-0.5915
-0.9391
-0.7735
-0.8507
-0.8000
-1.0299
-0.7084
-0.3449
-0.4750
-0.8707
-1.1760
-1.1068
-1.4934
-1.6001
-1.6740
-1.7038
-1.7809
-1.6886
-1.4423
-1.2463
-1.3965
-1.1316
-1.5124
-0.7556
-1.4693
-0.7905
-0.9303
-1.1891
-1.2920
-1.0877
-1.0485
-0.9904
-1.1576
-0.8460
-0.5693
-0.5320
-0.6797
-0.3504
-0.5316
-0.0173
-0.1041
-0.4944
-0.2858
-0.6442
-0.3103
-0.1193
0.5135
1.0191
0.7286
1.1076
1.1452
1.3133
1.2633
2.2372
1.5553
1.9830
1.5433
1.7384
1.8118
2.0535
2.0934
2.4526
2.2345
2.1764
2.0294
2.2051
1.4550
1.7993
1.1374
1.5943
1.0596
1.3438
0.9878
0.9151
0.6156
0.4019
0.3037
0.0433
0.0920
-0.0499
-0.2290
0.0473
-0.3306
-0.3018
-0.3583
-0.5208
-0.2860
-0.4384
-0.3192
-0.0935
-0.2493
-0.5037
-0.4580
-0.3650
0.1563
-0.2508
-0.5639
-0.1468
-0.2492
-0.3431
-0.3654
-0.4492
-0.3245
-0.5366
-0.7604
-0.6088
-0.8450
-0.4668
-0.6099
-0.5935
-0.8077
-0.9546
-1.4369
-1.4589
-1.6375
-1.6362
-1.8476
-1.8632
-2.0397
-1.8876
-2.1517
-2.2449
-2.3404
-2.2433
-2.5184
-2.4675
-2.4139
-2.0576
-1.9144
-2.2738
-2.1741
-2.0902
-2.5234
-2.2532
-2.4288
-2.2111
-1.6770
-2.1744
-2.0952
-1.6683
-1.1475
-1.8497
-1.7873
-1.7629
-2.0669
-1.5306
-1.7502
-1.4380
-2.0017
-1.2684
-1.5703
-1.8914
-2.1265
-2.2326
-2.0219
-2.0153
-1.5150
-1.4365
-1.5942
-2.0980
-1.9182
-1.7350
-1.6283
-0.6618
-1.5186
-1.0475
-0.9379
-1.1761
-1.1618
-1.0745
-0.9197
-1.0924
-1.1564
-1.2644
-0.7825
-0.9658
-0.8733
-0.6852
-0.9110
-0.8542
-0.9068
-0.8443
-0.5566
-0.6873
-0.7720
-0.7373
-1.1439
-1.0135
-1.2629
-0.6265
-0.8473
-1.0886
-1.1220
-1.0591
-0.5554
-0.6465
-0.4743
-0.5600
-0.5285
-1.1191
-0.8002
-1.0958
-0.8061
-0.2536
-0.2926
-0.5706
-0.0542
-0.3254
-0.5448
-0.0813
-0.1922
-0.3312
-0.0184
-0.5630
-0.1691
0.0403
-0.1632
0.2150
0.1873
0.0697
0.1662
-0.0680
0.0897
0.3079
0.7109
0.3359
0.2026
-0.0169
0.0028
0.3868
-0.0465
0.1184
0.4387
-0.4460
-0.4014
-0.6497
-0.5877
-0.5081
-0.2411
-0.6036
-0.4966
-0.4584
-0.2269
-0.2089
-0.4061
-0.1059
0.6830
0.7461
0.4736
0.2148
0.0133
0.4856
0.1506
-0.0516
0.0844
-0.5052
0.1362
-0.2363
0.0897
0.2695
0.3884
1.0933
0.5896
1.0341
0.8921
0.9247
0.9866
0.8463
0.7965
0.7492
1.2248
0.8174
0.8509
1.2640
1.4266
1.2054
1.0220
1.2063
1.1640
1.1621
1.9205
1.4491
1.5063
1.4560
1.4509
1.6008
2.6096
2.3163
2.2281
1.6853
1.4419
1.2859
1.1233
1.0901
1.0698
1.5866
0.8140
1.4353
1.0382
1.7756
1.2986
1.5449
1.0889
1.0812
0.9694
0.9556
0.8837
1.1404
1.1800
1.0057
1.0627
0.9746
1.1488
0.8612
0.5549
0.3733
0.2595
0.1316
0.2104
0.4600
0.0227
0.3981
0.0763
0.2865
0.4343
0.1599
0.2051
0.1860
0.2037
0.5201
0.8343
0.4085
0.3692
0.4343
0.5094
0.1615
0.1255
0.0925
0.0506
0.0641
0.5563
0.3185
0.7528
0.4590
0.4287
1.1909
0.8869
0.7200
0.3709
0.6648
0.2913
1.0466
0.8246
1.2131
0.5267
0.7522
0.8190
0.6393
0.8754
0.8082
0.5862
0.6818
0.5784
0.3285
0.3615
-0.0805
0.2842
0.0918
0.8616
0.5643
0.5799
0.5117
0.6748
0.3060
0.1974
0.3488
0.2739
0.0176
-0.2028
-0.1261
0.1885
-0.0673
-0.4688
1.2599
0.5042
-0.0130
-0.3107
-0.1863
1.3539
0.7352
0.7192
0.8138
0.6762
0.5983
1.1136
0.3008
0.5995
1.2219
0.9274
1.8329
1.5898
1.1842
1.9380
0.6845
0.6147
0.5247
1.0615
0.9533
1.4582
1.1557
1.1513
0.4288
0.6982
0.5267
0.7733
0.3784
0.8167
1.0570
1.3645
0.6565
1.1855
1.4480
1.1712
1.9293
0.8909
2.0108
1.1062
1.2184
0.7990
1.0887
1.3625
1.7612
1.1088
1.5823
1.3961
1.6033
1.4344
1.9550
1.4833
1.4430
1.7136
1.5321
1.9649
2.1660
2.5360
2.7436
3.2089
3.0597
2.9777
3.1085
3.0683
3.0751
3.2056
3.3819
3.3972
3.4541
3.4506
3.7574
3.4521
3.4639
3.8243
3.9244
4.1360
4.4009
4.3834
4.3358
4.4661
4.1187
4.0858
3.8482
3.7819
3.9596
3.1151
2.4483
1.9379
1.8476
1.2594
1.2121
0.6881
0.4602
0.4636
0.3117
0.2391
0.1094
0.0416
0.0211
0.0686
-0.1215
0.0330
0.0184
0.0379
-0.0474
0.0745
-0.1872
-0.2273
-0.1198
-0.5015
-0.4694
-0.9138
-0.8992
-0.9734
-0.6899
-0.6337
-0.8537
-0.5643
-0.8407
-0.6159
-0.8731
-0.4731
-1.0269
-1.0984
-1.2395
-1.1587
-1.3533
-1.3895
-1.5809
-1.8916
-1.7168
-2.0448
-2.1050
-2.1030
-2.1518
-1.9494
-1.9730
-2.0940
-2.4636
-2.5072
-2.5828
-2.7186
-2.6608
-3.1732
-3.2042
-3.1197
-2.8668
-3.2958
-3.3000
-3.1708
-3.1889
-3.3892
-3.4253
-3.4638
-3.2521
-3.5519
-3.5043
-3.6304
-3.5655
-3.0229
-3.3369
-3.1540
-3.0885
-2.9396
-2.7463
-2.6134
-2.3441
-2.1847
-2.0553
-2.1105
-2.2321
-2.3446
-2.3625
-2.2492
-2.2388
-2.1032
-2.1124
-1.9034
-1.8999
-1.5620
-1.8525
-1.8276
-1.6363
-1.8594
-1.8837
-1.9675
-2.0257
-2.0824
-2.0180
-1.9846
-1.9787
-1.9958
-2.0547
-1.9856
-1.9434
-1.8380
-1.5873
-1.2840
-1.6650
-1.5995
-1.6062
-1.3734
-1.5892
-1.5940
-1.4272
-1.5388
-1.6044
-1.5302
-1.6531
-1.4425
-1.6717
-1.6635
-1.6637
-1.6682
-1.6495
-1.6356
-1.5875
-1.3734
-1.5945
-1.6457
-1.7483
-1.8083
-1.8864
-1.7918
-1.8546
-1.7716
-1.8891
-1.8082
-1.8737
-1.8401
-1.9171
-1.9309
-1.9229
-1.9416
-1.9021
-1.9502
-1.9425
-1.8713
-2.1335
-2.2319
-2.2494
-2.2396
-2.1924
-2.1297
-2.0686
-1.9264
-1.9465
-1.6717
-1.8955
-1.8255
-1.6712
-1.5121
-1.2104
-1.2513
-1.2551
-1.1373
-1.1845
-1.0894
-1.2172
-1.2476
-1.4276
-1.5354
-1.3292
-1.5588
-1.6179
-1.7101
-1.8338
-1.8376
-1.5291
-1.7495
-1.6556
-1.7321
-1.6832
-1.6796
-1.5612
-1.6216
-1.6276
-1.8054
-1.9547
-2.0251
-2.0878
-2.0393
-2.0136
-1.9528
-1.9035
-1.6224
-1.7374
-1.6413
-1.6134
-1.4002
-1.0132
-1.1996
-1.4761
-1.2120
-1.3686
-1.3171
-1.2670
-1.3048
-1.2116
-1.0938
-0.4590
-0.6444
-0.8326
0.3558
0.2432
0.4721
0.7203
0.0852
0.6969
0.3494
0.6951
0.3629
0.7651
0.5211
0.8136
1.0723
1.8891
1.7078
1.6670
1.6625
1.9995
1.5622
1.6407
1.4761
1.8988
1.6057
1.7500
1.6269
1.7514
1.5802
1.4977
1.2846
1.3148
1.4533
1.6568
1.2840
1.0208
1.2417
1.0839
1.0766
0.8996
1.0249
1.1102
0.1690
0.1752
1.0485
0.4524
1.5414
0.4164
0.5411
0.2916
0.0976
0.2311
-0.0895
0.0784
0.2160
0.2983
0.7737
0.9709
0.9855
1.3918
1.6136
1.7186
1.3963
1.9395
1.5236
1.5946
1.4497
1.5114
1.0047
0.8625
1.9553
1.6919
1.1064
1.7878
2.1585
2.2515
3.3241
2.3904
2.6157
2.7701
2.4241
3.0301
2.8482
2.2844
1.8300
2.3460
1.8548
1.9727
1.9042
2.5619
2.3958
2.6755
1.9139
2.6208
2.6173
2.1397
2.1015
2.3159
2.5012
1.9149
1.7487
2.2095
1.5742
0.9350
0.5081
0.8593
0.9388
1.6224
1.8084
2.1632
2.2993
3.9800
3.1144
2.9431
2.1511
2.3585
2.4851
2.6576
2.0019
2.0617
2.7621
3.2692
3.2935
3.7345
3.2905
3.4844
3.5075
2.4596
2.1565
2.5304
2.0148
1.9316
1.7009
2.1746
2.0437
2.5254
2.3362
2.3809
2.1998
2.2619
1.8677
1.9448
1.8390
1.7496
1.2248
1.2950
1.4163
1.3007
1.2885
0.5303
0.4143
0.4255
0.3991
1.3777
1.5126
1.0039
1.5368
1.1794
1.5891
1.5430
1.9711
1.4119
1.8987
1.7361
1.7390
1.4842
2.1240
2.0470
1.4353
1.3344
1.6202
2.6480
2.3897
2.6973
2.0037
2.0062
2.2837
2.0523
1.5284
1.1487
1.3401
0.7515
0.7634
0.4390
0.7173
0.5040
0.2333
0.4269
0.5396
0.4790
0.7675
0.4063
-0.1290
0.3287
-0.0179
-0.0254
-0.3755
-0.5064
-0.6388
-0.3915
-0.6885
-1.1184
-1.2535
-0.7053
-1.3916
-1.0706
-1.3818
-1.0732
-1.4111
-1.3253
-1.4112
-1.3893
-0.9227
-1.4825
-1.4736
-1.2718
-1.2556
-1.0756
-0.9073
-0.9936
-0.9292
-0.8174
-0.5513
-0.2660
-0.2002
0.0336
-0.0080
0.0584
0.1101
0.1681
0.1439
0.3455
0.1126
0.1530
0.2375
0.1631
0.0891
-0.0016
-0.0816
-0.0052
-0.1298
0.0342
0.2846
-0.0113
-0.0637
-0.0857
0.1465
-0.0897
0.0008
0.1049
0.3803
0.3654
0.5661
0.6278
0.5390
0.9493
1.0121
0.7024
0.9482
0.9166
0.8467
0.7038
1.0619
0.7142
0.6894
0.7521
1.3360
0.9314
0.9945
0.4142
0.3823
0.3624
-0.1890
0.0323
0.1973
0.2067
-0.1305
-0.1706
-0.2534
-0.4028
0.0460
-0.3331
-0.6121
-0.8640
-0.5118
-0.5861
-0.6213
-0.5500
-0.7293
-1.0154
-0.8036
-0.5120
-1.3617
-1.1728
-0.8856
-0.7582
-0.8668
-0.5555
-0.6436
-0.5614
-0.9574
-1.4648
-1.2754
-1.3702
-1.2927
-1.0908
-1.1086
-1.0032
-0.6326
-1.2452
-0.7830
-1.3073
-0.7919
-1.1865
-0.8974
-0.6964
-0.7688
-0.7555
-0.9190
-0.7276
-0.6771
-0.8068
-1.0945
-0.9833
-1.4021
-1.3677
-1.5155
-1.9511
-1.6091
-1.9744
-1.8355
-1.9171
-1.7198
-1.8540
-1.7577
-1.9658
-1.7440
-1.9344
-1.8564
-1.9153
-2.0382
-2.1006
-2.2530
-1.9591
-2.2299
-2.1853
-2.0786
-2.2844
-2.3175
-2.2779
-2.2945
-2.0501
-2.2090
-2.1634
-2.1219
-2.0519
-1.9530
-1.9166
-1.8428
-1.8549
-1.7551
-1.4898
-1.6260
-1.2844
-1.5491
-1.3584
-1.4978
-1.4228
-1.4598
-1.5740
-1.6077
-1.5323
-1.4308
-1.5893
-1.4521
-1.4427
-1.4054
-1.4142
-1.4469
-1.4896
-1.4726
-1.4881
-1.4336
-1.4574
-1.4236
-1.4164
-1.3744
-1.3264
-1.2819
-1.2419
-1.2195
-1.1069
-1.1620
-1.1069
-1.2339
-1.2294
-1.2214
-1.1856
-1.1362
-1.1186
-1.0953
-0.8099
-1.0121
-0.9397
-0.9287
-0.8799
-0.7699
-0.7703
-0.7312
-0.7691
-0.8027
-0.8375
-0.9283
-0.9772
-1.0443
-1.0674
-1.0916
-1.0378
-1.1108
-0.9011
-1.1958
-1.2093
-1.2099
-1.1595
-1.0297
-0.8357
-0.6520
-0.9207
-0.5340
0.5518
-0.2090
0.3690
0.4170
0.0679
0.4486
0.5628
0.7525
1.0368
1.4294
0.6021
1.7253
1.2757
1.3816
1.0923
1.7616
1.3136
1.4714
2.4599
1.7622
2.4214
2.3732
2.4750
2.8115
2.2507
1.8258
1.1591
1.1922
1.0709
1.3117
1.1687
1.5775
1.7473
2.2404
2.2258
2.6777
2.0574
1.9170
1.6926
1.8338
2.2346
1.7410
1.8851
1.7764
1.5104
1.2553
0.6731
0.6349
0.9595
1.6368
1.5868
1.8434
1.1117
1.1844
1.0325
1.2588
1.4714
2.1215
1.7492
1.5462
1.3098
1.0335
1.1145
1.2434
1.0745
0.7616
0.7136
0.7354
0.7671
1.7507
1.2325
2.3336
2.4700
2.0972
2.1150
2.2613
2.3053
2.3389
1.7866
1.9586
1.9004
1.9328
1.6369
1.9243
2.6616
2.8988
2.7294
2.7695
2.3899
2.1174
2.6204
1.8228
2.3790
1.7295
1.9643
2.0066
1.9829
2.4489
2.4385
2.3617
2.9560
2.5768
3.0006
2.9838
2.5702
2.7965
2.8023
2.8823
3.5972
3.2149
2.7759
2.7912
2.5668
2.4589
2.4229
2.3070
2.6995
1.9613
2.2486
1.6567
2.0254
1.4074
1.2195
1.4728
1.4621
1.5394
1.2790
1.3025
0.9158
0.7412
0.7130
0.8212
0.6711
0.6504
0.1619
-0.1426
-0.5008
-0.3730
-0.4544
-0.2863
-0.5066
-0.5990
-0.1508
-0.3611
-0.3990
-0.1942
-0.5883
-0.0599
-1.1405
-1.1606
-1.6076
-1.5674
-1.5877
-1.6717
-1.7017
-1.4384
-1.5178
-1.5702
-1.3950
-1.1436
-1.4416
-1.4769
-1.4073
-1.2560
-1.2095
-1.0044
-0.8488
-0.9148
-0.5604
-1.0675
-0.7494
-0.8747
-0.7022
-0.7155
-0.4878
-0.7962
-0.8908
-0.8369
-0.9809
-0.8073
-1.0681
-1.0336
-0.9069
-0.9060
-1.2769
-1.4653
-1.3155
-1.3156
-1.2100
-1.0072
-1.2230
-1.2931
-1.5541
-1.6146
-1.5310
-1.3901
-1.4861
-1.6480
-1.6584
-1.6385
-1.2145
-1.3982
-1.0901
-1.3580
-1.4295
-1.2630
-1.3327
-1.3949
-1.1139
-1.5933
-1.2103
-1.3013
-1.1796
-1.0664
-1.3793
-1.2094
-1.3604
-1.6444
-1.3442
-1.6745
-1.5880
-1.4964
-1.0697
-0.5054
-1.1666
-0.8108
-1.4238
-1.2261
-0.5349
-0.9609
-0.7457
-0.9803
-0.7134
-0.5764
-0.5318
-1.1592
-1.0709
-1.2839
-1.2977
-1.0350
-1.0149
-1.0295
-1.1341
-1.2670
-1.5267
-0.9652
-0.9856
-1.4386
-0.8096
-0.9620
-1.0349
-0.7610
-0.5126
-0.1273
-0.1885
-0.1905
0.0108
0.6565
0.5131
0.4192
0.6426
0.4725
-0.1108
0.2548
-0.1845
-0.2950
-0.3591
0.6177
-0.1247
-0.0499
-0.4717
0.1666
-0.3474
0.0327
0.8835
-0.3604
-0.2972
-0.1658
-0.0272
-0.0882
0.3135
0.7175
0.8292
0.5777
0.4860
0.5964
0.4474
0.2263
0.5064
-0.3251
-0.1467
0.6259
0.3584
0.9849
0.5872
0.1691
0.3921
-0.3666
0.1971
0.9643
0.1613
-0.2064
-0.1373
0.1212
0.1585
-0.3359
-0.1243
0.1403
0.3975
0.4164
0.0279
0.1999
-0.1389
0.6660
0.4229
0.3790
0.8041
0.7945
0.4014
1.3435
1.6112
1.3789
1.5987
1.3479
1.0046
1.3845
0.9660
0.4373
1.0231
1.0772
0.7904
1.4911
0.9540
1.1385
1.3223
0.8604
0.1726
1.0613
0.8532
1.2585
2.0319
1.3791
1.3664
1.6395
1.5307
1.8006
1.6429
2.2925
2.6254
2.9887
2.6729
2.2763
2.3354
2.7198
2.2885
2.4855
2.2361
2.2271
2.3878
2.6278
2.1081
3.4068
2.5551
3.7472
2.3134
2.5557
2.1939
2.3367
1.8252
2.2008
2.5903
2.4367
2.2567
1.9089
2.3772
2.5852
2.1337
2.9677
2.1845
2.5412
2.0409
1.8305
1.9693
1.7860
2.0742
2.4695
2.6334
2.7443
2.6901
2.3036
1.5600
1.3789
1.0914
1.4205
1.2365
1.2319
1.7097
1.5128
1.4514
2.1740
1.7486
1.6421
1.3421
1.4764
1.6934
1.5476
1.7170
1.3696
1.3629
1.1633
0.9749
0.7858
0.6184
0.3570
0.4735
0.1065
0.4385
0.2102
0.1951
-0.0868
0.4443
-0.0953
0.1013
0.6729
0.7007
0.6899
0.0455
0.1246
-0.0672
0.6024
0.3825
0.0790
0.1502
0.0748
0.0270
0.0570
0.0176
-0.2074
0.1374
0.0020
0.3378
-0.0591
-0.1155
-0.1155
-0.3339
-0.0681
0.0091
-0.1347
-0.6508
-0.8642
-0.9187
-1.1510
-0.7640
-1.1888
-1.0651
-1.2460
-1.2427
-1.3307
-1.5964
-1.7982
-1.7117
-1.7777
-1.6120
-1.6445
-1.6364
-1.1241
-1.4082
-1.5394
-1.2416
-1.4162
-1.0468
-0.9470
-0.8987
-1.2492
-0.9159
-0.9216
-0.5486
-0.6801
-0.8504
-0.6959
-0.3905
-0.1235
-0.6078
-0.6490
-0.3682
-0.6782
-0.5818
-0.2833
-0.3865
-0.3674
-0.2024
-0.2545
-0.2270
-0.3881
0.0703
-0.1691
-0.1287
0.1537
0.3447
0.2595
0.4942
0.4796
0.3555
0.3074
0.0760
0.0046
-0.1042
-0.1614
0.2252
-0.0774
0.0841
-0.0834
-0.2445
-0.0037
-0.2367
-0.3495
-0.2061
-0.4781
-0.3671
-0.2939
-0.0926
-0.0482
-0.3161
-0.1054
0.0752
-0.2666
-0.5919
-0.5271
-0.7456
-1.0893
-1.3320
-1.3603
-1.4716
-1.2383
-1.1383
-1.0755
-1.2630
-1.0818
-0.5614
-0.6218
-0.9550
-1.1988
-1.1939
-1.3367
-1.2414
-1.1014
-1.1197
-0.7147
-0.9739
-0.9230
-0.6589
-0.5770
-0.0048
-0.4806
-0.2527
-0.1893
0.0659
0.1857
0.0315
0.2428
0.2954
0.4010
0.2705
0.2252
0.0777
0.4425
0.3731
0.4411
0.0950
-0.0045
0.1880
-0.0475
-0.2136
-0.1866
-0.5194
-0.3897
-0.2801
-0.1466
-0.3948
-0.0880
-0.3961
-0.1351
-0.1594
-0.3844
0.0148
-0.4155
-0.4528
-0.5537
-0.7578
-0.6092
-0.7358
-0.5404
-0.8395
-0.6479
-0.8976
-1.0606
-1.0119
-0.7708
-1.0248
-0.8450
-1.1441
-0.8076
-1.1006
-1.1044
-1.3179
-1.4265
-1.2024
-1.4046
-1.3816
-1.1272
-1.3650
-1.2300
-1.1463
-0.8787
-1.2217
-1.2447
-1.5623
-1.6409
-1.6909
-1.7222
-1.5898
-1.8458
-1.9313
-1.9403
-1.9622
-1.9655
-2.0263
-1.8748
-2.0854
-1.9606
-2.0585
-2.1774
-2.0410
-2.2070
-2.1867
-2.2767
-2.3276
-2.3225
-2.3445
-2.2134
-2.2294
-2.1236
-2.2347
-2.1623
-2.3197
-2.3750
-2.5911
-2.7020
-2.7536
-2.6073
-2.7769
-2.7926
-2.7580
-2.7386
-2.7062
-2.6778
-2.6582
-2.4669
-2.6548
-2.6712
-2.3210
-2.4762
-2.3815
-2.5002
-2.3608
-2.5029
-2.4322
-2.6606
-2.2650
-2.0138
-2.0786
-2.3757
-2.6097
-2.3152
-1.4417
-2.1049
-1.5287
-1.7103
-2.0425
-1.8327
-2.1614
-2.2255
-1.7463
-1.5333
-1.4088
-1.4932
-1.3548
-1.7995
-1.6282
-0.5148
-1.0871
-1.1252
-1.4117
-1.0756
-1.0134
-0.5689
-0.8418
0.1169
-0.3869
-0.0995
-0.4297
0.4374
0.2808
0.4747
0.0862
-0.0743
-0.4995
-0.8737
-0.8450
-1.6279
-1.4319
-1.6833
-1.1228
-0.8814
-0.7737
-0.7947
-0.6591
-1.3801
-1.1401
-0.0114
0.0087
-0.4586
-0.6978
-1.0034
-1.1265
-1.3784
-1.6708
-1.1433
-1.1427
-1.1209
-0.6710
0.2432
-0.4485
-0.3857
-0.5581
-0.8394
-0.4958
-0.1969
0.4479
0.7171
0.3501
0.7309
1.0016
0.8446
1.0999
1.0631
0.5481
0.9168
1.0563
0.5919
1.4447
0.7320
0.7893
1.0179
0.5756
0.4731
0.4411
1.4426
0.6618
0.2987
0.4633
0.7355
0.8546
0.6211
0.0485
0.0248
-0.2509
0.1349
0.1681
0.6521
0.0923
0.0068
0.6274
0.2698
0.4349
0.7296
0.7125
0.3740
0.7458
0.2587
0.2946
-0.1404
0.5363
0.3526
0.3649
0.8808
0.1199
0.2219
0.1311
0.2838
0.0992
0.0104
-0.1935
-0.2042
-0.1558
0.1266
-0.0033
0.0988
0.3916
0.3786
-0.2338
0.5254
0.1451
-0.5148
-0.3826
-0.7870
-0.5869
-0.0249
-0.4603
-0.8671
-0.7087
-0.5872
-0.8418
-0.9324
-0.5932
-0.9422
-1.1813
-1.1149
-1.5351
-1.4199
-1.1428
-1.2341
-1.5487
-1.7857
-1.9243
-1.6506
-1.5819
-1.6196
-1.4473
-1.5737
-1.6722
-1.4259
-0.8635
-0.7158
-1.2247
-0.9767
-0.6174
-0.4972
-1.1028
-1.0581
-0.7698
-1.0591
-1.4883
-0.6468
-1.0151
-1.0164
-0.8582
-1.1025
-0.1373
-1.1192
0.0903
0.5064
-0.2961
-0.2390
-0.3535
-0.3736
-0.9087
0.1465
0.0147
-0.1984
0.2943
-0.2364
0.2443
0.5089
1.0174
0.5178
0.1919
0.3141
0.3762
0.6177
0.8432
0.4732
0.3143
0.7549
0.3153
0.7595
0.7455
0.5051
0.3758
0.1317
0.2021
-0.0061
-0.1072
0.1188
-0.0170
0.0770
0.5024
0.7285
1.2879
1.0600
0.8783
1.0411
1.0473
0.3017
0.3014
0.8768
0.4658
0.5114
0.7373
0.7628
1.2542
0.7913
0.8598
0.9771
1.2384
1.0998
0.9559
1.2372
1.0522
0.9661
0.5013
0.7679
0.6663
0.9063
1.0044
1.2128
0.7107
0.5953
1.2429
1.1779
0.6166
0.6082
0.3973
0.6174
1.2337
1.5232
0.5260
0.5921
1.2412
0.6747
0.9237
0.6448
0.8503
1.3711
0.8276
1.0387
0.9668
1.1898
0.9173
0.8952
0.3892
0.1218
0.2683
0.2458
0.4673
0.7691
0.7603
0.8349
1.0790
0.9328
1.3937
0.9019
0.9410
0.6568
0.6259
0.3167
0.3951
0.2123
0.3647
0.3015
0.3709
0.3753
0.3710
0.3728
0.2684
0.2719
0.3885
0.1040
0.3946
0.0240
0.1789
0.0714
0.1263
0.1493
0.1418
0.3436
0.1489
0.1584
0.2311
0.4165
0.2099
0.1410
0.0690
0.0155
-0.0859
-0.2253
-0.2766
-0.4236
-0.4232
-0.5251
-0.5319
-0.5404
-0.3964
-0.5902
-0.3308
-0.5264
-0.9622
-1.0014
-1.2003
-1.1613
-1.0938
-1.1378
-0.8884
-1.2702
-0.9950
-1.2671
-1.2386
-1.4103
-1.4463
-1.3786
-1.4487
-1.5730
-1.5514
-1.2744
-1.6740
-1.5651
-1.4571
-1.2182
-1.1633
-1.1264
-1.2288
-1.0007
-1.1658
-0.6552
-0.9950
-0.8443
-0.8724
-0.8304
-0.9145
-0.8726
-0.6685
-0.8317
-0.8704
-0.5424
-0.9573
-1.0501
-0.8533
-0.8815
-0.7984
-0.9458
-0.8940
-1.0291
-1.0846
-1.2374
-1.3856
-1.3890
-1.3258
-1.4524
-1.1856
-1.5907
-1.7548
-1.9135
-1.7721
-1.8345
-2.0075
-1.8305
-1.9703
-1.7280
-1.8582
-1.7947
-1.6323
-1.7419
-1.6185
-1.4554
-1.1745
-1.3936
-1.1721
-1.3750
-1.4061
-0.9154
-1.2361
-1.1527
-0.8906
-0.8476
-1.0627
-1.0943
-1.1487
-1.2534
-1.2649
-1.3349
-1.3112
-1.2683
-1.2720
-1.2243
-1.3989
-1.2626
-1.6581
-1.7250
-1.8304
-1.9370
-1.3518
-1.8439
-1.4140
-1.2359
-1.2270
-1.2028
-1.0523
-0.9398
-1.1324
-1.1416
-1.1289
-1.1564
-1.1005
-1.0000
-0.6244
-0.8860
-0.0176
-0.6089
-0.2118
-0.4944
-0.3184
-0.5649
-0.6100
0.0640
-0.7326
-0.6623
-0.6189
-0.4355
-0.2667
0.1920
0.0905
-0.5077
-0.3480
-0.7690
-0.7621
-0.1827
-0.8569
-0.5985
-0.5926
-0.5862
-0.5633
-0.7226
-0.5390
-0.5608
-0.1620
-0.2943
-0.2388
-0.0510
-0.3024
-0.3223
-0.1457
-0.3320
-0.0725
-0.3168
-0.1642
-0.2712
-0.1296
-0.1220
0.0975
-0.3187
-0.6861
-0.7096
-0.9866
-0.9024
-0.8152
-0.8236
-1.0280
-1.2078
-1.0800
-1.1201
-1.0891
-1.5500
-1.3214
-0.6856
-1.2431
-0.4293
-1.3132
-1.1250
-0.1482
-0.6385
-0.9388
-0.8989
-1.4885
-0.8702
-0.9333
-1.1726
-0.8686
-0.7362
-1.2847
-0.8702
-1.0265
-0.7850
-0.5449
-0.4923
-0.3479
-0.6832
-0.5693
-0.5897
-0.9928
-0.9422
-1.1121
-0.9649
-1.3719
-1.0665
-1.2661
-1.1222
-1.0727
-1.0436
-1.1522
-1.2779
-1.2663
-1.5128
-1.0819
-1.3248
-1.2389
-0.6614
-1.0334
-1.1106
-0.5533
-1.2209
-1.0981
-1.1421
-1.3789
-1.5536
-1.6766
-1.3818
-1.5879
-1.2733
-1.6134
-0.9894
-1.2604
-1.3454
-1.5980
-1.7814
-1.7448
-2.0584
-1.9004
-2.0526
-1.6978
-1.4795
-1.0978
-1.3849
-1.5209
-1.5595
-1.2152
-1.3543
-1.2250
-1.3880
-1.2260
-1.2555
-1.1728
-0.8924
-0.6177
-0.6244
-1.2009
-0.3487
-0.9649
-0.2510
-0.4033
0.4325
-0.4224
-0.6530
0.2425
1.4010
0.2847
0.4731
1.2104
1.4878
0.9452
1.6304
1.3965
1.1646
1.7620
1.4729
2.8287
2.6770
2.2057
2.4488
2.8671
2.7501
2.1527
2.9436
2.5972
3.6390
2.8271
3.0365
2.9085
2.8360
3.1654
2.5586
3.0371
2.7189
3.4579
3.1723
3.7747
3.4425
3.5371
2.6018
3.3514
3.0647
3.1899
4.0793
3.2298
3.6851
3.5022
3.0054
3.3817
3.4829
3.4457
3.6711
2.6804
3.5923
3.0023
4.2542
3.8583
3.4198
2.9907
4.1277
3.5593
3.1428
3.9381
3.5278
3.0935
3.9829
2.8297
3.6390
3.5032
3.3503
3.6915
3.1544
3.2815
3.2942
3.1371
3.1412
3.5231
3.5792
3.4594
3.1579
3.5800
3.1055
3.1256
3.9815
3.5096
3.3884
3.0114
2.6789
3.0030
2.4167
2.5350
2.1523
2.5628
2.2351
2.8507
2.4962
3.0717
2.5540
2.2894
2.9861
2.7037
1.9014
1.8024
1.1676
1.3727
1.0867
1.2260
0.6741
1.1903
0.1721
0.4312
-0.1520
0.1381
-0.2413
0.2579
-0.7474
-0.5056
-0.6731
-0.5717
-0.0646
-0.7290
-0.8661
-1.2044
-1.1700
-1.3280
-1.2658
-1.3583
-1.7217
-1.7970
-1.6599
-2.1535
-2.3255
-2.3209
-2.3030
-2.6185
-2.3136
-2.3293
-1.9244
-2.3860
-2.3285
-2.3624
-2.4376
-1.8925
-2.1601
-1.9594
-1.9411
-2.3903
-2.2558
-2.4470
-2.3679
-2.1663
-2.1965
-1.8115
-1.8688
-1.6607
-1.7479
-2.0050
-1.7297
-1.7499
-2.2581
-1.8892
-2.0896
-2.1462
-2.1839
-1.9571
-2.0108
-1.6948
-1.4105
-1.1801
-1.1851
-0.8710
-0.9715
-0.9198
-0.9995
-1.3131
-1.4116
-1.5176
-1.5495
-1.3571
-1.2469
-1.0899
-0.9406
-0.8809
-0.8298
-0.8212
-0.8524
-0.9536
-0.9552
-0.8132
-1.0064
-1.0037
-1.0155
-0.8567
-0.7778
-0.4738
-0.5069
-0.4313
-0.6195
-0.6786
-0.7569
-0.7785
-0.7888
-0.7531
-0.7066
-0.6627
-0.4013
-0.6337
-0.6568
-0.8139
-0.9159
-1.0688
-1.1800
-1.2894
-1.4175
-1.4008
-1.4460
-1.4340
-1.4458
-1.4517
-1.3432
-1.2892
-1.2125
-1.1263
-1.0673
-0.9379
-0.9500
-0.9081
-0.8865
-0.9659
-0.9920
-1.1732
-1.2206
-1.0196
-1.2222
-1.1970
-1.1850
-0.9524
-1.0269
-0.9995
-0.8208
-0.6729
-0.7124
-1.1519
-1.3350
-1.4945
-1.5455
-1.6599
-1.6853
-1.7572
-1.5655
-1.7737
-1.7309
-1.6799
-1.5890
-1.6759
-1.8340
-2.0362
-2.2548
-2.3097
-2.4269
-2.4648
-2.4836
-2.3634
-2.0082
-2.3007
-2.4746
-2.5334
-2.7108
-2.6453
-2.4738
-2.1039
-2.1439
-2.4904
-2.3270
-2.5462
-2.5596
-2.0969
-2.5661
-2.5096
-2.6667
-2.5073
-2.4354
-2.0007
-2.0428
-1.9603
-1.9040
-1.9403
-2.0349
-2.1730
-2.1348
-2.1475
-2.2966
-1.9158
-1.6469
-1.4094
-1.3806
-1.4827
-1.3110
-1.4732
-1.6694
-1.6561
-1.7983
-1.4726
-1.7473
-1.6862
-1.4894
-1.1379
-1.4710
-1.2936
-1.0078
-0.9328
-1.1548
-0.8984
-1.0588
-0.6291
-0.0193
-0.2044
0.4004
0.1668
0.4935
0.4400
0.4028
0.3462
0.3909
0.2365
0.3322
0.4441
0.6769
0.3383
0.3870
0.6965
0.8863
1.0718
1.1975
1.1569
1.5710
1.0727
1.9857
2.0582
1.7778
1.5484
1.5246
2.0441
1.8402
1.8518
0.7701
1.0098
0.9454
0.5118
1.4935
1.2716
2.0989
1.5421
1.0427
1.4400
1.4651
1.6949
1.7326
1.0660
2.4253
1.1987
1.7365
1.5452
1.6271
1.2338
1.4862
1.1248
1.1372
1.2803
1.4412
1.1919
1.4078
1.1067
0.6656
0.8104
1.7635
1.0275
1.1249
0.7943
1.3106
1.2101
1.4083
2.3176
1.6701
0.8712
0.7195
0.7049
0.7698
0.4434
1.4084
0.6872
0.7343
-0.1037
-0.2591
-0.1856
-0.2166
-0.2657
-0.3463
-0.3609
-0.4748
-0.5402
-0.5426
0.0701
-0.3936
-0.3552
-0.3275
-0.6498
-0.6085
-0.3761
-0.3947
-0.5470
-0.5393
-0.8567
-1.0810
-0.9770
-1.1088
-1.2170
-1.0464
-1.0926
-1.5695
-1.6173
-1.4927
-1.1848
-1.6704
-1.5093
-1.3339
-1.5175
-1.3641
-1.5239
-1.4934
-1.4603
-1.4673
-1.5526
-1.1531
-1.0714
-1.1053
-0.7600
-0.6316
-1.0852
-0.9742
-0.8880
-0.4979
-0.0975
-0.6664
-0.3169
0.0877
1.0547
0.6500
0.9409
0.4849
0.5480
0.9285
0.7169
0.7657
0.9285
0.8091
1.0706
0.4514
0.3774
0.5228
0.9305
0.8972
1.0599
1.6897
0.6284
0.4802
0.2275
0.2210
0.3454
1.0304
0.7570
0.7754
0.4835
0.9848
0.2041
0.6631
0.0773
0.0819
0.0555
0.2031
0.5915
0.2258
0.4414
-0.0810
0.1008
-0.3534
-0.1211
-0.1258
-0.0694
-0.0700
-0.0254
-0.0487
-0.3644
0.0375
-0.0123
-0.3560
-0.1825
-0.4802
-0.2328
-0.3601
-0.7947
-0.6389
-1.3428
-1.0723
-1.2491
-0.9881
-1.2042
-1.2542
-0.7359
-1.3546
-0.8376
-0.9809
-1.5182
-1.6108
-1.7830
-1.8698
-1.6278
-1.6588
-1.7383
-1.7290
-1.8444
-1.7046
-1.8227
-2.1600
-2.2571
-2.1614
-2.3827
-2.2161
-1.9274
-2.1594
-1.8963
-2.4817
-2.0947
-1.8643
-1.7063
-1.3626
-1.8330
-1.6726
-1.9177
-1.8383
-1.9260
-2.0614
-1.9018
-1.3948
-1.7237
-1.6632
-1.6583
-1.6725
-2.1450
-1.9498
-2.2744
-2.2315
-2.2216
-2.0707
-2.0678
-1.9780
-2.0482
-2.1415
-2.0786
-2.0256
-2.0993
-2.1434
-1.8278
-1.8031
-1.7765
-1.6145
-1.5631
-1.4982
-1.4948
-1.1967
-1.8306
-1.8372
-1.7268
-1.7733
-1.9111
-1.9490
-1.7862
-1.5769
-1.7467
-1.5823
-1.5952
-1.6457
-1.3794
-1.2338
-1.2176
-1.3722
-1.6399
-1.8617
-1.4570
-1.0666
-1.9144
-1.8716
-1.8317
-2.0409
-1.9859
-2.1140
-1.9827
-1.4976
-1.3713
-1.2629
-0.9599
-0.4532
-0.3670
-0.6135
0.1535
-0.2195
-0.2426
-0.4489
-0.9955
-1.0762
-0.9647
-1.0626
-1.0604
-1.0529
-0.3629
-0.4059
-0.2872
-0.3176
-0.5208
-0.6067
-0.5808
-0.7775
-0.4264
-0.5397
-0.2930
-0.2547
0.0799
-0.0601
0.2417
-0.2516
-0.1435
-0.5422
-0.5191
-0.2109
-0.1259
0.0952
0.1146
0.4040
0.2927
0.6866
0.8384
1.1764
0.5954
1.0645
0.6140
1.0571
0.4991
1.0884
0.2842
0.1688
0.3722
0.0646
0.0485
0.5793
-0.3533
0.3680
0.3656
-0.2060
-0.5258
-0.2784
-0.0209
0.1575
-0.1631
-0.0094
0.1102
0.2086
0.0520
0.0683
0.1961
0.1497
-0.4359
0.5228
-0.4993
-0.2618
-0.5623
-0.0993
-0.3337
-0.2773
-0.1838
0.0030
-0.0935
0.2599
0.4489
0.2507
0.4646
0.2107
0.3253
-0.0022
-0.3147
0.0946
-0.0484
-0.1065
0.0599
0.5434
0.2484
0.4016
0.3584
-0.3410
-0.1780
0.1824
-0.2060
-0.1520
0.8938
-0.0576
-0.1409
-0.0495
-0.1344
0.3082
0.7614
0.2853
1.3902
0.6247
0.2488
0.1825
0.4252
1.2368
0.9579
1.1579
1.2327
0.6691
1.1898
0.9560
0.9362
2.3158
1.4921
2.4333
1.4854
1.7268
2.4755
1.3044
1.5639
1.5043
2.5756
1.4382
3.1196
2.6982
2.1151
2.8398
1.7706
1.9069
2.9067
2.7166
2.6306
1.7776
1.9273
1.1522
1.3101
1.3623
1.3008
2.3383
1.4426
1.8717
1.7980
1.3143
1.7795
2.2043
1.6706
1.1780
1.2322
1.2872
0.9355
0.1303
0.2157
0.0803
0.1773
-0.1477
-0.1050
0.4202
0.7807
0.5882
0.6914
0.4179
-0.1713
0.1778
-0.0135
0.3799
-0.3831
-0.0313
0.0442
0.5143
0.3132
0.6507
0.9126
1.5089
1.4150
1.6204
1.2736
1.6362
1.9458
2.2922
1.8096
1.6131
2.0014
2.0339
2.0014
1.6354
1.8863
2.1709
1.8354
1.9434
1.9528
2.2539
1.8232
2.2803
1.8443
1.7485
1.5841
1.7261
1.6562
2.1297
1.9504
2.1436
2.2655
2.0769
2.1710
1.9220
1.9283
1.9261
2.0165
1.9070
2.2534
2.4515
2.6552
2.5160
2.8685
2.7675
2.8961
2.8551
2.5728
2.2470
1.7514
2.0717
1.6543
1.8456
1.6907
1.6957
1.6548
1.6197
1.6297
1.4859
1.1587
1.2932
1.1186
0.9336
0.8179
0.5067
0.3467
0.2120
0.3218
0.1749
0.4343
0.1569
0.4862
0.4736
0.4563
1.0658
0.5198
0.6610
0.7371
0.5289
0.4750
0.6479
0.4523
0.2866
0.1652
-0.0213
0.4196
-0.2308
-0.2990
-0.2705
-0.2740
0.1754
-0.1650
-0.3054
-0.7359
-0.8987
-0.6644
-0.8159
-1.0061
-1.1747
-1.3193
-1.4323
-1.5703
-1.6856
-1.6713
-1.8037
-1.8273
-1.9645
-2.0040
-1.9393
-1.9884
-2.3329
-2.2994
-2.1897
-2.2507
-2.1151
-1.7237
-2.1620
-2.0123
-2.2351
-2.2712
-2.0957
-2.2457
-2.0536
-2.2976
-2.0621
-2.2726
-1.9350
-1.9674
-2.0723
-2.0479
-1.7926
-1.5858
-1.9237
-1.7694
-1.6160
-1.5429
-1.5435
-1.4856
-1.6818
-1.4845
-1.6078
-1.6648
-1.6913
-1.7981
-1.5193
-1.4944
-1.2804
-1.0789
-1.3588
-1.5012
-1.6751
-1.5105
-1.7466
-1.5307
-1.6311
-1.9691
-2.0244
-2.1925
-2.0005
-1.9461
-1.9427
-1.8131
-1.7761
-1.4390
-1.6186
-0.7881
-1.5319
-1.3436
-1.1722
-1.5206
-1.6139
-1.4686
-1.2089
-1.0346
-1.5823
-1.7515
-1.4804
-1.4560
-1.0287
-0.8133
-1.0091
-0.8942
-0.8480
-0.9383
-0.1847
-0.2204
-0.7166
0.2230
0.2561
0.0640
0.1789
0.4417
0.3132
0.4392
0.3495
0.4574
0.2671
0.3044
0.2831
0.3568
0.6580
0.5933
0.5308
0.5379
0.6392
0.2331
0.1527
-0.0373
0.8375
0.3446
0.4189
0.2379
0.0448
0.5056
0.6559
0.2484
0.3605
0.7863
0.7498
0.7736
1.1411
1.0863
1.2820
1.7765
1.9891
