1.1927
0.5973
1.1611
1.6846
1.8322
1.2668
0.8961
0.9915
1.1847
1.8156
1.2855
0.8941
0.9674
1.0710
0.9861
1.1846
0.6691
0.8935
1.0450
0.9388
0.8975
0.9934
0.8064
0.8878
1.0266
0.6235
1.1567
0.7615
1.3151
0.6849
1.0934
0.7909
0.1654
0.1926
0.1746
0.8295
0.6474
0.3915
0.7358
0.6374
0.5603
0.1128
0.1816
0.2569
0.3198
0.2129
0.6113
0.4740
0.4650
0.2047
0.7152
0.5922
0.8293
0.9858
0.3676
0.1878
1.0932
0.2378
0.5924
-0.1319
0.0227
0.0434
-0.2837
0.3603
-0.5272
-0.4516
-0.1096
-0.1288
-0.0566
-0.0897
-0.0581
-0.3878
0.3440
-0.2846
-0.1738
-0.2400
-0.2232
-0.1800
-0.1483
0.1304
-0.0178
-0.0628
-0.1505
-0.3117
-0.2612
0.1464
-0.1844
-0.1208
-0.2293
-0.1251
-0.2864
-0.2250
-0.4405
-0.4755
-0.4559
-0.7446
-0.8678
-0.9412
-0.9186
-0.9241
-0.8672
-0.7638
-0.7785
-0.6270
-0.6719
-0.5927
-0.6008
-0.4145
-0.6487
-0.7221
-0.6944
-0.8073
-0.8205
-0.9252
-0.9899
-1.0148
-0.8493
-1.0262
-0.6851
-0.5989
-0.7281
-0.4717
-0.7738
-0.6093
-0.7595
-0.6602
-0.7097
-0.7025
-0.6064
-0.6794
-0.4084
-0.1639
-0.0047
-0.3951
-0.6058
-0.6243
-0.6270
-0.6518
-0.4037
-0.6555
-0.6652
-0.5010
-0.7795
-0.8111
-0.8971
-0.7081
-0.5054
-0.9125
-0.9104
-0.8154
-0.4983
-0.7887
-0.9656
-0.9440
-1.1125
-1.0814
-1.3487
-1.1977
-1.6454
-1.5403
-1.6261
-1.1714
-1.4947
-1.2306
-1.5169
-1.3364
-1.2787
-1.1205
-1.4386
-1.2074
-1.1066
-1.0372
-0.6436
-0.9635
-0.9157
-0.8730
-1.0797
-0.4934
-0.8405
-0.6476
-0.1748
-1.0914
-0.9122
-0.5526
-0.3568
0.0605
-0.2691
-0.1032
0.0567
-0.3338
-0.0868
-0.4156
0.1739
-0.2373
0.1776
0.2831
0.6693
0.6164
0.7657
0.0767
0.0546
-0.0698
0.8049
0.1893
0.6447
0.2827
1.0371
0.1677
0.2865
0.5289
0.3243
0.3301
0.5902
0.2437
-0.1328
0.3615
0.2656
1.1718
0.7013
0.6390
0.8426
1.4188
1.2298
1.0627
1.8511
1.1732
1.1818
0.6492
1.5706
1.5928
1.7514
1.8740
1.9660
2.1769
1.6421
1.5081
1.2428
1.2054
1.2192
0.8143
0.7855
1.2606
1.8595
1.5921
2.2105
2.1248
2.4578
2.4679
2.6705
2.3097
2.2715
2.7793
2.7375
2.2943
1.7087
1.7537
1.9465
1.1699
1.1039
1.5923
1.1624
1.0687
1.1445
0.8710
0.6806
0.8289
0.8181
1.0636
0.7633
1.2232
1.0784
1.3357
1.0894
1.2601
0.4445
0.5980
0.5423
0.8059
0.9350
0.7598
0.5610
1.0927
0.4149
0.4678
0.6789
0.9018
0.5213
0.4298
0.9607
0.4442
0.5109
0.4683
0.7719
0.4203
0.9746
1.1225
1.5222
1.1216
0.5941
0.7408
0.2623
1.1829
0.6754
0.8361
1.0920
0.9498
0.5997
0.7006
1.3126
1.3687
0.7368
0.3718
0.7276
1.1714
0.4484
1.0962
0.2695
0.9981
0.2554
0.3153
0.4057
0.8634
0.5754
0.9018
0.6947
0.5021
0.3749
0.3709
0.1803
0.2601
0.7739
0.3798
0.6630
0.4543
0.7575
0.9775
1.1035
0.7453
1.0272
0.9175
0.6083
0.7106
0.9781
0.7323
0.5907
0.9410
1.3435
0.7310
0.9809
1.6119
0.9212
1.1296
0.8853
1.1847
0.9105
0.6814
0.6852
1.3851
0.7235
1.3167
0.8312
1.3530
0.9292
1.0285
0.8250
0.8485
0.7232
1.0770
1.1174
0.8329
1.0093
0.9868
0.5656
0.7791
0.3521
1.0465
0.4607
0.7879
0.6612
0.9943
1.2405
0.9570
1.1630
0.9631
0.8967
1.1956
0.8055
0.5986
0.5185
1.2262
1.2442
1.8064
1.0815
1.2051
0.9811
0.7922
1.1560
1.1374
0.8139
1.2064
1.6401
1.3802
1.3489
1.3192
1.1619
1.0656
1.0034
1.3101
1.1681
1.3169
0.9527
1.0334
1.1622
0.7830
0.7874
0.5681
0.8643
0.5661
0.6171
0.6618
0.6167
0.6089
0.4227
0.5120
0.5420
0.7339
0.9768
0.6502
0.7102
0.2089
0.0936
-0.0290
0.0810
0.2332
0.1246
0.1914
-0.0447
-0.1260
0.0240
-0.0549
0.0838
0.0550
-0.2726
-0.1430
-0.7003
0.0118
-0.7038
-0.2994
-0.8025
-0.6718
-0.9805
-1.0326
-1.1244
-1.2886
-0.8904
-1.0966
-0.9987
-1.0925
-1.2633
-1.3613
-1.0867
-1.3701
-1.2297
-1.4051
-1.2178
-1.4570
-1.4491
-1.4177
-1.6286
-1.6392
-1.4653
-1.6344
-1.5526
-1.4530
-1.3909
-1.2818
-1.2309
-1.2051
-1.1934
-1.2813
-1.2814
-1.2941
-1.4241
-1.4516
-1.4769
-1.1468
-1.5267
-1.5592
-1.5396
-1.3553
-1.1187
-1.1742
-1.1969
-1.1813
-1.2167
-1.0943
-0.6143
-0.8989
-0.6672
-0.9168
-1.0350
-1.1029
-1.1994
-1.1902
-1.1814
-1.0611
-0.8034
-0.3600
-0.5494
-0.4577
-0.3530
-0.5739
-0.7938
-0.3412
-1.1496
-0.7314
-0.6493
-0.9470
-1.0043
-0.8044
-1.0648
-0.8196
-1.2234
-0.7191
-1.1285
-0.9753
-0.7776
-0.5916
-0.4174
-0.1774
0.1910
-0.0214
0.4634
-0.1183
-0.3022
-0.0609
-0.1476
0.1932
-0.0298
-0.2244
-0.2937
-0.3299
-0.0056
-0.2850
0.6815
0.2927
0.3169
0.3790
-0.0676
0.2542
0.3799
1.9242
0.5620
1.4780
1.3161
0.8201
0.1460
-0.0118
0.3956
0.2267
1.2568
1.1560
1.5358
1.0297
1.0920
1.0660
1.9639
0.7279
1.0995
0.6061
0.7319
1.1643
0.6984
0.8453
0.5190
0.6645
0.7947
0.6103
0.3632
0.6807
0.2718
0.6820
0.2057
0.4122
0.9585
-0.0741
-0.2337
-0.1899
-0.1611
0.1946
0.3373
-0.1185
-0.0446
-0.3416
-0.2780
-0.6253
-0.3576
-0.6931
-0.5903
-0.6526
-0.8297
-0.6257
-0.7070
-0.2884
-0.4749
-0.8738
-0.9603
-0.9964
-0.9867
-1.2074
-1.3926
-1.3585
-1.3804
-0.9315
-1.5432
-1.3736
-1.5207
-1.1075
-1.2287
-1.4072
-1.0910
-1.4501
-1.4434
-1.3961
-1.3779
-0.4534
-1.2753
-1.4795
-1.3270
-1.5276
-1.3141
-0.9162
-1.2328
-0.4154
-1.2210
-0.5784
0.1583
-0.2414
-0.0852
0.4017
0.5282
-0.0119
0.0784
-0.0892
-0.2630
-0.6243
0.4138
0.3829
0.2708
0.4841
0.1924
-0.3452
0.5243
0.4993
0.3705
0.7714
0.5997
0.2204
0.7263
1.0320
0.2011
0.3336
0.4448
0.0290
0.3851
1.2690
0.0387
0.1555
0.5872
0.6779
0.7915
0.4749
0.3630
0.4164
0.7678
0.3423
1.0793
0.4446
0.4479
0.2325
0.5251
0.3346
0.3434
0.3733
0.5744
0.5405
1.0339
0.6862
0.8281
0.6315
0.8766
1.0519
1.2061
1.1780
1.5722
1.5631
1.3079
1.1256
0.9910
0.8765
0.7633
0.6502
0.5540
0.5068
0.5631
0.8587
0.8846
0.9327
1.0375
0.9658
1.0340
1.1794
1.1154
0.9730
1.1917
1.1732
1.0835
1.0153
1.0819
1.2105
1.1601
1.1730
1.1254
1.3987
1.5065
1.4690
1.5365
1.5633
1.4798
1.5737
1.6775
1.5765
1.3530
1.3444
1.1341
1.0831
1.0150
1.0473
1.0072
1.0401
0.9708
1.1255
1.2145
1.1571
1.0965
0.8222
1.0202
0.7228
0.9635
0.7341
1.4685
1.0889
1.0779
1.4918
1.3199
1.4679
1.6346
1.1650
0.8822
1.1885
1.1821
1.1348
0.9374
0.9936
1.3302
1.5198
1.3951
1.1528
1.3077
1.3393
1.3443
1.4030
1.0935
1.0385
1.6660
1.0709
1.4279
0.8203
0.8146
0.6983
0.3355
0.8408
0.3567
0.4927
0.0563
0.0463
0.5748
0.3367
0.1989
0.2832
0.0975
0.4663
0.2547
0.4677
0.5493
0.6855
0.3061
0.9043
0.8294
0.7866
0.4697
0.6276
0.3562
0.3450
0.2932
-0.1589
0.1373
0.0042
0.3548
0.2156
0.1181
0.0083
0.0830
-0.0029
0.4162
-0.1946
-0.1690
-0.0369
-0.0559
0.2315
0.2251
-0.0049
0.0883
0.0723
0.1172
0.2274
0.0170
0.0831
-0.0091
-0.0427
0.2430
-0.0677
-0.0731
0.0148
0.0594
0.2109
0.2356
0.0289
0.2471
-0.1793
-0.1232
0.0947
0.1197
0.4978
0.0597
0.0939
-0.1890
-0.3068
-0.5456
-0.2274
-0.6033
-0.3041
0.5363
-0.3219
0.0558
-0.2987
0.1773
-0.1698
-0.1559
-0.3646
0.1982
0.1945
0.3140
0.2848
-0.0123
1.0677
0.3898
-0.1434
0.2407
0.2491
0.6547
0.5777
-0.1709
0.1470
0.3855
0.5981
0.5813
0.8787
0.1938
0.6050
-0.1040
-0.0292
0.0983
0.1771
0.5208
0.3929
-0.0458
0.0832
-0.2791
0.3785
0.2335
0.2211
0.2363
0.2008
0.3345
0.5130
0.5124
0.2848
0.3794
0.8425
0.5092
0.5609
0.8717
0.7314
0.5336
0.1063
-0.0603
-0.1956
0.2715
0.1054
0.2813
0.1640
0.4235
0.4455
0.5354
0.4017
0.9947
0.8497
1.1645
1.1872
2.0136
1.4667
1.2783
1.3076
1.9759
1.7537
1.8411
1.6590
1.5791
2.2915
2.0056
1.3571
2.0648
0.9873
1.2131
1.1342
0.9604
1.0838
0.8337
0.9726
0.7611
1.0400
0.3971
0.5953
0.4629
0.8676
0.7359
0.5547
0.0846
0.2296
0.3320
0.0356
0.0550
-0.0977
-0.1758
-0.1211
0.0122
-0.1603
-0.0847
-0.1229
0.2857
-0.0015
-0.1805
-0.0088
0.1661
0.1537
0.3534
0.1735
0.2457
0.3422
0.2910
0.6773
0.4970
0.5183
0.3603
0.4120
0.2494
-0.0088
0.3029
0.0225
0.2621
0.0777
0.4840
0.2092
0.4178
0.6677
0.6223
0.5038
0.7915
0.8389
1.0937
0.9876
1.2103
0.7374
1.3207
1.2090
1.5831
1.3897
1.5936
1.3360
1.7131
1.5567
2.5683
2.0360
1.8205
1.8086
2.2187
2.0820
1.8239
1.9369
2.4696
1.8359
2.5493
2.5351
2.8737
2.2646
2.5990
2.1505
2.0348
2.4838
1.9902
2.5415
1.6771
1.9356
1.5884
1.7976
2.1001
1.9856
1.9883
1.1487
1.2046
1.1364
1.1464
1.1523
1.0709
1.0980
1.0576
1.1487
0.8673
0.9742
0.7578
0.8059
1.3496
1.1331
0.6796
0.5303
0.6921
0.8397
0.4838
0.3977
0.7971
0.2779
0.2762
0.0991
0.0442
-0.0797
0.1024
0.0982
-0.0332
0.0365
0.0687
0.2389
-0.0372
-0.0591
-0.0663
0.1277
-0.1264
0.1599
-0.0022
0.3165
0.0626
0.2620
0.0510
0.1926
0.4074
0.4564
0.1309
0.0985
0.0379
0.0920
0.0145
0.0281
0.1461
-0.0135
-0.0108
0.0889
0.1418
-0.0938
-0.0667
-0.2909
-0.2426
-0.3000
-0.3253
-0.4371
-0.4513
-0.4168
-0.3226
-0.4049
-0.2186
-0.5083
-0.3293
-0.3006
-0.4166
-0.6747
-0.7016
-0.6599
-0.3606
-0.5434
-0.5146
-0.3963
-0.6910
-0.8478
-0.2758
-0.8080
-0.9045
-0.1366
-0.7692
-0.8893
-0.6260
-0.4814
-0.8954
-0.4253
-0.4569
-0.2151
-0.6230
-0.2617
-0.1046
-0.0722
0.1719
0.2848
0.5373
0.7825
1.1112
1.1461
1.2531
1.2008
1.4925
1.6394
0.9010
1.0639
0.9895
1.0904
0.9919
1.1612
1.8463
1.1736
0.7757
0.5662
1.0163
1.1690
0.6061
0.3917
0.0949
0.1991
0.5587
0.1015
0.4358
0.0542
-0.0703
0.0749
-0.1386
0.1280
0.3455
0.3537
0.2447
-0.1511
0.1679
-0.0722
-0.2659
-0.1956
-0.4659
-0.5079
-0.3447
-0.0031
-0.2786
0.0876
-0.1762
0.1464
-0.5405
-0.1494
-0.3161
-0.2107
-0.7509
-0.9778
-0.8550
-0.8229
-0.8791
-0.7625
-0.7419
-0.9763
-0.8063
-1.0526
-0.8341
-0.8891
-0.6159
-1.1178
-1.2344
-1.1886
-1.2062
-1.3969
-1.5608
-1.6144
-1.5721
-1.6041
-1.1754
-1.2534
-1.3004
-1.4666
-1.3244
-1.1413
-1.2848
-1.3118
-1.1173
-0.7771
-1.1773
-0.9969
-1.0509
-1.0280
-1.1218
-1.1866
-1.2166
-1.1467
-1.0811
-1.0109
-0.9227
-0.9053
-0.8403
-0.8856
-0.9547
-1.0513
-0.8754
-1.0858
-0.9301
-0.9294
-0.8103
-0.5985
-0.7422
-0.7762
-0.8267
-0.8584
-0.7896
-0.6913
-0.5772
-0.4334
-0.6316
-0.7535
-0.8158
-0.8199
-0.8601
-0.3588
-0.6435
-0.2692
-0.5935
-0.0193
-0.2296
-0.2715
0.2788
-0.3826
-0.0079
-0.1268
0.3212
-0.0570
-0.0672
0.0545
0.1089
-0.1148
-0.0881
-0.4161
-0.2822
-0.3426
-0.2099
-0.2819
-0.1218
0.0741
-0.1587
-0.2598
-0.3968
-0.4006
-0.3885
-0.1236
-0.3012
-0.2903
-0.1844
-0.2549
-0.2098
-0.3591
-0.3385
-0.3717
-0.2390
-0.2631
-0.1729
-0.0847
-0.0916
0.3815
0.0076
0.1301
0.0207
0.0851
0.4181
0.2533
0.1970
0.1148
-0.0743
0.0968
-0.2283
-0.2438
-0.1254
-0.3054
-0.3412
-0.2998
-0.3033
-0.3034
-0.0681
-0.2200
-0.2439
-0.4071
-0.5996
-0.6013
-0.5508
-0.4220
-0.4021
0.1106
-0.1286
-0.0673
0.0041
0.2174
-0.1369
-0.0633
0.0588
-0.0986
-0.5671
-0.4357
-0.5506
-0.5686
-0.1513
-0.2688
0.3087
0.0024
0.3506
0.4228
1.2489
0.4448
0.1704
1.1940
0.8266
0.7826
0.6186
0.9428
0.6615
1.3223
0.9176
1.0532
0.6364
0.6135
0.6037
0.8957
0.8109
1.2514
0.5876
1.8288
0.7033
1.2539
1.4191
1.4234
1.5887
1.2174
1.2851
1.1320
0.7499
0.9302
1.0860
0.7485
0.7502
0.8822
0.8559
0.5526
0.7403
1.0659
1.4302
1.7004
1.5051
1.6919
1.5849
1.1503
1.3544
0.3866
0.3641
0.9294
1.2958
1.1049
0.5925
0.9058
1.3245
0.8499
1.0094
1.3648
0.6921
0.9600
0.8217
0.5157
0.5628
0.9846
0.6827
0.7461
0.6410
0.7746
1.0062
1.0679
1.1621
1.3903
1.3234
1.5262
1.4347
1.1714
1.0447
0.5470
0.3196
0.3438
0.6822
0.8518
0.7529
0.6394
0.9531
0.8443
0.6486
0.6060
0.6838
0.8739
0.5947
0.8421
0.5461
0.3712
0.2551
0.6141
0.6140
0.6735
0.4454
0.4412
0.7878
0.2958
0.2830
0.2059
0.2560
0.3463
0.3334
0.0894
0.1486
0.0883
0.1333
0.0270
0.1405
0.1282
-0.0944
-0.4282
-0.3078
-0.2236
-0.6987
-0.5520
-0.8207
0.3339
-0.6036
-0.3614
-0.4037
-0.6459
0.0138
-0.1986
-0.1969
0.2551
0.1700
0.1348
-0.0583
-0.2093
0.2181
-0.1298
0.3728
-0.0973
0.4248
0.3498
0.4353
0.5898
0.7121
0.6126
0.2732
0.3275
0.1427
0.2518
0.1779
-0.0911
-0.1424
0.1724
-0.2175
-0.1092
-0.2995
-0.2425
-0.3090
-0.3379
-0.3368
-0.1173
-0.2732
-0.3048
-0.4195
-0.3071
-0.4535
-0.5060
-0.2994
-0.4479
-0.3498
-0.3964
-0.0985
-0.1069
-0.2871
-0.3088
-0.2676
0.4368
-0.0960
0.0291
-0.1015
0.0591
-0.6347
-0.4439
-0.3061
0.5938
0.0466
0.2429
0.4095
0.7290
1.3476
0.4390
0.8577
1.6456
2.0023
0.4914
1.5679
0.7872
1.4665
0.9362
1.1614
0.9470
1.6292
0.7725
1.4958
2.1506
2.2275
2.2728
2.9863
1.7568
2.0102
1.9016
1.7799
1.6680
2.1682
1.3225
1.6558
0.7735
0.7957
1.0536
0.6165
0.9430
0.3335
1.1866
0.6117
0.7029
0.2414
0.6164
-0.0245
0.2182
0.3381
0.8533
0.3235
0.8050
0.2329
0.7861
0.0489
1.5423
0.8387
0.4589
0.3782
0.5583
0.3305
0.1391
0.0294
0.3244
0.6762
0.7313
0.9960
0.6186
0.9216
0.5209
0.4189
0.2214
0.3407
0.1547
0.1236
-0.0218
-0.0482
-0.3723
-0.2854
-0.6708
-0.4894
-0.7830
-0.4753
-0.3521
-0.7120
-0.9524
-0.9747
-1.2985
-1.3514
-1.9870
-2.1196
-2.1554
-2.1612
-2.1468
-1.9411
-2.1906
-2.2459
-2.3058
-2.2406
-2.0174
-2.1944
-2.0336
-2.1763
-2.1329
-2.0226
-1.7103
-1.8489
-1.7515
-1.5707
-1.7046
-1.3889
-1.4198
-1.1544
-0.9552
-0.6936
-0.6657
-0.2971
-0.5769
-0.5043
-0.5930
-0.6180
-0.6573
-0.6822
-0.6449
-0.5451
0.0651
-0.1443
0.0116
0.0653
-0.0639
-0.1609
-0.3573
-0.4293
-0.5197
-0.5095
-0.3487
-0.3553
-0.4990
-0.3070
-0.3154
-0.3879
-0.1929
-0.2803
-0.1668
-0.0821
-0.0268
0.0203
0.0300
0.1152
0.2321
0.2244
0.2765
0.3049
0.3453
0.1820
0.2477
0.2557
0.2122
0.3776
0.2482
0.4663
0.2410
0.1701
0.0274
-0.0617
-0.2076
0.0198
0.1020
-0.2475
-0.2787
-0.3521
-0.3490
-0.4019
-0.2815
-0.2064
-0.5539
-0.0119
-0.4665
0.2721
-0.2823
-0.1388
-0.2745
-0.0400
-0.4795
-0.4519
-0.6565
-0.8884
-0.7379
-0.7527
-0.7713
-0.6361
-0.5943
-0.6807
-0.7298
-0.6600
-0.6053
-0.3633
-0.2298
-0.2513
-0.0869
0.3178
0.2186
0.3111
0.2949
0.2848
0.2293
0.2702
0.1172
0.0963
-0.1236
-0.1727
-0.2918
-0.3124
-0.3173
-0.2567
-0.1689
-0.1361
-0.0724
-0.0554
-0.0382
-0.0446
-0.1439
-0.1990
-0.2414
-0.3591
-0.2043
-0.1948
-0.5875
-0.6965
-0.5286
-0.5716
-0.3576
-0.3166
-0.0089
-0.0817
0.0985
0.1207
0.1504
-0.0482
-0.0642
-0.1770
0.0653
0.0092
0.1340
-0.0580
-0.0658
-0.1563
-0.1895
-0.1630
-0.0366
0.2841
0.4045
0.5237
0.4217
0.7085
0.7121
0.5899
0.7201
0.4042
0.6132
0.4842
1.0723
0.7771
1.0194
1.1380
1.1026
1.1693
1.1803
0.8471
1.4799
2.1181
1.3839
2.0920
0.9816
1.3708
0.8967
0.7015
0.6186
0.4231
0.6390
0.6818
0.7140
0.5052
0.1090
0.0858
-0.3982
-0.0653
-0.1728
-0.1966
-0.1500
-0.1888
-0.1904
-0.0602
-0.1992
-0.1923
-0.1708
0.4065
-0.0717
0.1905
-0.1639
-0.3835
-0.8245
-0.0994
-0.8955
-0.8231
-0.9704
-0.3763
-0.5606
-0.5169
0.3311
-0.2768
-0.6786
-0.9206
-0.4737
-0.3930
-0.6924
-0.9329
-0.8926
-0.7643
-0.0081
-0.6085
-0.5954
0.0903
-0.2612
0.0240
-0.0320
-0.0930
0.0209
0.3863
0.0746
0.7750
0.3302
0.5555
0.4431
0.5666
0.8684
0.7962
-0.1286
-0.0508
-0.1524
-0.0214
0.1283
0.8352
0.9398
0.2355
0.1773
0.1668
-0.3316
-0.6023
-0.7503
-0.3192
-0.2788
-0.8611
-0.9092
-0.5496
0.1936
-0.8649
-0.2842
-0.5314
0.5153
-0.2706
-0.1050
-0.2287
0.6545
0.1978
0.4132
0.1533
0.2367
0.6545
-0.4036
-0.5930
-0.7097
-0.2817
0.6878
0.6227
0.4552
-0.2122
-0.2290
-0.4638
-0.0244
-0.2134
-0.3532
-0.2164
-0.3710
-0.5233
-0.4424
-0.7330
-0.8649
-0.4186
-0.7118
-0.6457
-0.8888
-0.8478
-1.0951
-1.0417
-0.7545
-1.2062
-1.1381
-0.7911
-0.9498
-0.4599
-0.2355
-0.8144
-0.8302
-0.7265
-0.6361
-0.4147
0.1261
0.1812
1.4188
0.5495
1.0222
0.8459
1.4578
1.1222
1.3988
1.0583
1.4622
1.3858
2.0428
2.4712
2.7172
2.4205
2.7383
2.1464
1.9404
2.0319
2.0044
2.1677
2.3150
1.7189
1.5564
0.8753
0.9328
0.7657
1.3376
1.6372
1.7854
1.5589
1.6369
1.3283
1.5089
1.1239
1.4575
1.0704
0.8473
0.8169
0.6198
0.5349
0.7082
0.1168
0.1849
0.1236
0.2393
0.3458
0.1342
0.2038
0.1833
0.1385
-0.1066
0.1401
-0.1473
-0.0968
-0.3291
-0.2901
-0.1569
0.0450
-0.1766
-0.0127
-0.0166
0.1941
0.3871
0.0328
0.3223
0.7679
1.5243
1.3788
1.6561
1.1110
0.8156
0.6726
1.0233
0.9500
1.1539
0.9415
1.5409
1.2591
1.0243
1.0485
1.3412
0.9842
1.2326
0.8913
0.8524
0.9326
0.5466
0.6922
0.7971
1.0285
1.1400
1.0113
0.7764
0.7467
0.6413
0.6639
0.5444
0.6571
0.6333
0.6863
0.5891
0.9455
0.9604
1.2980
1.0933
0.9115
0.8543
0.7860
0.9731
0.7772
0.4138
0.6761
0.2135
0.2404
0.0107
0.3990
0.3127
0.1272
0.2637
0.3149
0.1274
-0.3378
-0.1549
-0.0346
-0.1685
-0.6179
-0.7495
-0.5992
-0.8407
-0.4982
-0.4531
-0.3867
-0.4186
-0.2361
-0.6818
-0.6167
-0.3252
-0.6012
-0.3834
-0.3116
-0.3464
-0.6237
-0.2860
-0.6824
-0.9291
-0.9478
-0.4891
-0.8016
-0.3631
-0.0169
0.0396
0.0607
0.0640
-0.0094
-0.5031
-0.2030
0.3934
-0.2727
-0.0166
0.1985
-0.6627
-0.5617
-0.3289
-0.5017
-0.5847
-0.8766
-0.8079
-1.1758
-1.0410
-0.8183
-0.9567
-0.6469
-0.4450
-0.7463
-0.9627
-0.8435
-0.9196
-0.7205
-0.5595
-1.0835
-1.1302
-1.1151
-1.1385
-1.1418
-0.9633
-1.1180
-1.1369
-1.0293
-0.9408
-0.9856
-0.8596
-0.2433
-0.4058
-0.7860
-0.7001
-0.2887
-0.7271
-0.6592
-0.3543
-0.1587
-0.0721
0.0522
-0.1624
0.0476
-0.0727
-0.0772
0.0875
-0.1310
-0.0860
-0.0434
-0.2902
-0.2028
-0.0725
0.0439
0.2275
0.3508
0.3907
0.3777
0.3178
0.2648
0.3592
0.2253
0.5065
0.1083
0.2226
0.1452
0.2586
0.3537
0.3887
0.4575
0.3801
0.3668
0.3277
0.3589
0.3995
0.3980
0.4035
0.3328
0.3189
0.3038
0.2739
0.5085
0.2651
0.5479
0.4079
0.4509
0.4963
0.4827
0.6595
0.4748
0.5910
0.5306
0.4600
0.2439
0.2593
0.5379
0.4166
0.5264
0.4650
0.1075
0.2179
0.3424
-0.1589
-0.2250
-0.0926
-0.0966
0.0627
0.0970
0.1275
0.2470
0.2016
0.3613
0.2618
0.3373
0.2324
0.6751
0.4586
0.2544
0.2457
0.1506
0.0885
-0.0997
-0.1126
-0.2299
-0.1683
0.0120
-0.0409
0.1880
0.0652
0.3012
0.2351
0.0459
-0.0375
0.0620
-0.1629
-0.0698
-0.2893
0.0318
0.0928
-0.0101
0.0086
0.1322
0.5015
0.6276
0.5829
0.7177
0.5645
0.5664
0.4747
0.8269
0.4337
0.6821
0.2766
0.4827
0.2718
0.3474
0.3772
0.4388
0.6665
0.6451
0.4385
0.3552
0.3285
0.5054
0.3342
0.4019
0.8285
0.7141
0.5194
0.5152
0.7605
0.6016
0.6160
0.4330
0.3790
0.1332
0.2147
0.2192
0.0936
0.0785
0.3602
0.8770
0.4217
0.2038
0.2665
0.0012
0.1096
0.2297
0.3950
0.3790
0.4280
0.6086
1.1388
0.4897
0.8662
0.6486
0.6953
0.6732
0.3433
0.7504
0.5237
0.9959
1.5256
1.6056
2.2475
1.3230
1.8394
1.5601
1.0556
1.9388
2.2998
3.5472
2.1951
2.3176
2.8583
2.3549
2.4732
3.2179
3.1891
3.4345
3.8143
3.5127
2.2479
2.6140
2.5003
2.2555
2.5797
2.2392
1.7096
2.0758
1.7787
2.6231
1.9665
1.8211
2.1666
1.0516
1.3481
1.5106
1.3231
1.9589
1.6964
1.8919
1.5030
1.3364
0.9098
0.7721
0.5013
0.2164
-0.0398
0.8480
0.4166
0.3375
0.3912
1.0899
0.6637
0.1358
0.2246
-0.2909
-0.1296
-0.4051
-0.6322
-0.4994
-0.3589
-0.7177
-0.6134
-0.5295
-0.2435
-0.4781
-0.6163
-0.6637
-0.4807
-0.5105
0.1576
-0.4957
0.0406
-0.3021
0.1272
0.1533
-0.0016
0.1412
0.0620
0.6413
0.4130
0.1861
0.0898
0.1336
-0.0144
-0.2076
-0.3683
-0.2343
-0.5465
-0.5553
-0.6090
-0.5377
-0.7105
-0.2327
-0.5217
-0.7904
-0.6855
-0.8222
-0.3587
-0.6416
-0.7212
-0.7065
-0.7106
-0.3130
-0.4427
-0.9411
-0.5856
-0.6315
-0.8369
-1.1183
-1.1961
-1.2735
-1.2570
-1.2001
-1.1946
-0.9334
-1.1638
-1.1052
-0.8845
-1.0187
-0.7338
-0.8865
-0.9276
-1.0844
-1.2906
-1.4157
-1.4976
-1.4776
-1.0620
-1.3995
-1.3518
-1.1590
-1.3034
-0.9605
-0.9281
-1.2110
-0.7259
-0.7242
-0.6063
-1.0323
-0.8442
-0.5856
-0.6565
-0.3686
-0.9661
-1.0295
-1.3242
-1.1479
-1.1307
-1.2390
-1.3709
-1.1571
-0.9595
-0.4882
-0.9082
-0.8317
-0.8138
-0.7904
-0.7392
-0.7182
-0.3941
-0.3511
-0.4938
-0.3432
-0.6095
-0.6524
0.0023
0.0706
-0.0880
-0.4809
-0.2410
-0.4517
-0.5956
-0.0691
-0.1499
-0.1103
-0.0442
-0.4429
-0.5259
-0.5316
-0.3780
-0.3831
-0.1902
-0.0044
0.2444
0.0994
0.6981
0.2634
0.9792
1.3197
0.4038
0.8706
0.4035
0.3651
0.3183
0.3039
0.2441
0.6129
0.4601
0.6659
0.4486
0.2873
0.1306
0.3138
-0.2404
-0.4701
-0.4618
-0.5420
-0.4125
-0.5564
-0.5450
-0.8095
-0.5797
-0.7560
-0.9705
-1.0223
-0.8696
-1.0354
-1.0855
-0.6234
-1.0887
-0.9695
-0.8575
-0.8966
-0.8277
-0.7136
-0.5255
-0.5419
-0.3339
-0.5571
-0.5465
-0.6820
-0.8015
-1.0280
-0.9132
-0.8614
-1.1825
-1.1879
-1.1212
-1.1192
-1.0604
-0.6281
-1.2495
-0.8346
-1.0643
-1.1242
-0.8901
-0.2584
0.5261
-0.1134
0.8144
0.3868
-0.0507
-0.2104
0.9392
1.3295
0.6995
0.1098
0.2781
0.3564
0.5393
0.8926
0.6102
0.2121
1.0048
0.8318
1.0935
0.7240
1.3072
0.6918
0.5452
0.3433
1.2559
0.6915
0.6862
0.2491
0.5365
0.2442
0.3319
0.5741
0.6138
1.2984
1.3881
1.0598
1.4133
1.5140
0.7018
1.4613
0.9047
1.0763
0.5426
0.5796
1.0088
1.2180
1.2477
1.2190
1.2533
0.8956
1.0332
0.7388
0.3287
0.3631
0.7529
0.9412
0.7341
1.1303
1.0974
1.1679
1.6257
1.5119
1.7462
0.8023
0.9350
2.4169
1.9610
1.0671
0.9747
0.7164
0.1937
0.4583
0.1596
-0.3810
-0.0709
-0.2226
0.0371
-0.3191
0.4403
-0.3544
0.0736
-0.1868
-0.3861
-0.8245
-0.7040
-1.2649
-0.9228
-1.1842
-0.9309
-1.1227
-0.3981
-1.2782
-0.7227
-0.6836
-1.2192
-1.2719
-1.0829
-0.8821
-0.5447
-0.6310
-0.1222
0.0823
-0.3095
-0.5275
-0.8209
-0.8648
-0.7277
-0.7102
-0.6757
-0.6083
-0.5520
-0.9586
-0.6670
-0.9529
-0.8178
-0.5891
-0.9248
-0.7255
-1.2290
-1.1233
-0.9731
-1.0533
-0.8338
-0.7221
-0.4318
-0.4735
-0.7980
-0.4222
-0.6361
-0.5081
-0.7916
-0.9458
-0.6481
-0.2853
-0.2710
-0.4108
-0.8311
-0.3353
-0.9959
-0.7051
-0.7696
-0.8788
-0.8224
-0.7028
-0.5712
-0.5994
-0.2212
-0.2656
-0.2094
0.0705
-0.1354
0.1151
0.2045
0.4145
0.7290
0.7097
0.5409
0.4426
0.6869
0.4209
0.8140
0.5921
0.8606
0.4289
0.3033
0.2512
0.2075
0.3879
0.5767
0.6414
0.5635
0.6277
0.4280
0.3670
0.3144
0.2497
0.2085
0.4090
0.1671
0.1473
0.2794
-0.0255
0.1059
-0.1547
-0.2326
-0.1521
-0.1651
0.0070
-0.3853
-0.1883
-0.7679
-0.8028
-0.4939
-0.6596
-0.9378
-0.4537
-0.8530
-0.7277
-0.3642
-0.2090
0.5492
-0.0951
-0.5042
-0.6396
-0.5335
-0.7847
-0.4754
-0.4895
-0.6785
-0.2355
-0.1050
-0.0130
0.1275
0.2881
0.0998
0.1767
-0.1061
0.1928
0.2302
0.3082
-0.0854
0.2465
-0.1467
0.0315
0.2327
0.1398
0.0809
0.7277
0.5416
0.4977
0.2350
0.5294
0.3969
0.3116
0.1700
0.1188
0.1625
0.5667
0.1976
0.1597
0.4299
0.2453
0.3509
0.4994
0.6441
0.2518
0.5493
0.6046
0.9201
0.2444
0.0883
-0.0008
0.5264
0.0988
0.2491
0.0475
0.6234
0.5128
0.2984
0.8513
0.5642
0.2288
0.0777
-0.0144
0.0454
-0.0359
0.0533
0.2953
0.2377
0.4496
0.4145
0.5043
0.4875
0.4622
0.4676
0.2096
0.1513
0.0091
-0.0220
-0.0571
0.1440
-0.0794
-0.1634
-0.3138
-0.4406
-0.5592
-0.2774
-0.5440
-0.3959
-0.4786
-0.3127
-0.2431
-0.3214
-0.5180
-0.3919
-0.4757
-0.1339
-0.4572
-0.4835
-0.5609
-0.3624
-0.4731
-0.4761
-0.5486
-0.5281
-0.6935
-0.8039
-1.0320
-1.1822
-1.2137
-1.0723
-0.8970
-1.0123
-0.8369
-0.9187
-0.9789
-0.9792
-0.8909
-1.1903
-1.1997
-1.1806
-1.2290
-1.2396
-1.2599
-1.0991
-1.2048
-1.3282
-1.3195
-1.3696
-1.5914
-1.5027
-1.5527
-1.3776
-1.2333
-1.1224
-1.0763
-0.8014
-0.8497
-0.8736
-0.9252
-0.8919
-1.0719
-0.9961
-1.3776
-1.0798
-0.6429
-0.4636
-0.8366
-1.0800
-0.8008
-1.2743
-0.7661
-1.0306
-0.9908
-0.5264
-0.7006
-0.6034
-0.8821
-0.7910
-1.0045
-1.0835
-0.5667
-0.5804
-1.7456
-2.1073
-2.2500
-2.3773
-2.6648
-3.2486
-3.3692
-3.6072
-3.7303
-3.7294
-4.1174
-4.3624
-4.4520
-4.5076
-4.3479
-4.0923
-4.7387
-4.2612
-4.1123
-4.4473
-4.2681
-3.9824
-4.6620
-4.5831
-4.1419
-3.7993
-3.5461
-3.4924
-3.7505
-3.6609
-3.7002
-3.3856
-3.1093
-2.3691
-2.8872
-3.0225
-2.7663
-2.5741
-2.8548
-2.0235
-2.8488
-2.2457
-2.5936
-2.2672
-1.0377
-1.7140
-0.8216
-1.1531
-1.8115
-1.9785
-2.2017
-1.3455
-0.6968
-0.2934
-1.1621
-0.1765
-0.3480
-0.9238
-0.0698
-0.5998
-0.3463
-0.6707
-0.0572
-0.5148
0.0233
0.2628
0.5174
0.7410
0.4341
0.0875
0.1853
0.2050
0.1645
0.7718
1.1670
0.3795
0.4336
0.5905
0.7332
0.6342
0.6943
1.1232
0.6028
0.6425
0.2344
0.7351
0.8360
0.5328
0.8006
1.0161
0.9539
1.1739
0.7033
0.7232
0.7039
0.7920
0.5474
0.7281
0.1189
0.1387
0.1990
0.0758
0.3001
0.1279
0.0923
-0.3053
-0.0658
-0.4123
-0.2085
-0.4375
-0.1007
-0.4913
-0.4354
-0.4342
-0.3145
-0.7339
-0.5932
-1.1099
-0.5942
-1.2974
-1.3149
-1.3106
-1.4337
-1.3660
-1.2979
-1.0862
-0.6209
-0.4517
-0.5459
0.0837
-0.2732
-0.2355
-0.4633
-0.7638
-0.6874
-0.9181
-0.6268
-0.7137
-0.5523
-0.7498
-1.0008
-1.1867
-1.0322
-1.2412
-0.3381
-0.8536
-0.6888
-1.0586
-0.9033
-1.1196
-0.8292
-0.9259
-0.4174
-0.6059
-0.7228
-0.3680
-0.2215
-0.2508
-0.3463
-0.3678
-0.3463
-0.4823
-0.4545
-0.2301
-0.1961
-0.1542
-0.6456
-0.0966
0.3795
-0.5649
-0.4903
-0.3930
-0.4515
-0.7057
-0.0806
-0.6330
-0.0336
-0.3432
-0.6797
-0.7826
-0.2512
-0.1702
0.0102
-0.0724
0.0945
0.4199
0.0773
0.2289
0.3906
0.3959
0.5070
0.3668
0.5443
0.3468
0.1177
0.1131
0.6724
0.3573
0.2627
0.5038
0.4956
0.9827
0.6303
0.4676
0.6933
0.6722
0.5444
0.5865
0.7034
0.8001
0.6373
0.4133
0.8335
0.5460
0.8192
0.9162
0.3908
0.5755
0.6230
0.8080
0.4839
0.8955
0.3221
0.7242
0.6560
0.8456
0.6785
0.4596
0.3326
0.4567
0.7699
0.4961
0.3310
0.4269
0.3890
1.1496
0.4049
0.1560
0.5010
0.2663
0.1410
0.6301
0.3622
0.6287
1.0162
0.9714
0.4811
0.5636
0.6777
0.4519
0.5220
0.3772
0.9107
0.6812
0.9002
0.9047
0.8232
0.7117
0.9144
0.2288
0.4950
0.3091
0.2471
0.8926
0.7089
0.6109
0.7150
0.6773
0.9958
0.8790
0.9617
0.9316
0.7467
0.4379
0.7428
0.6830
0.7274
0.6461
0.8536
1.0319
0.9125
0.5464
0.5834
0.4599
0.4156
0.4491
0.0033
0.0642
0.0384
0.8685
0.1571
0.4468
-0.0537
-0.2192
-0.1958
-0.2259
-0.2432
-0.3249
-0.1165
-0.0674
-0.3514
-0.1279
-0.5056
-0.5677
-0.6864
-0.0359
-0.2170
-0.5367
-0.2669
-0.0878
-0.0801
-0.2288
0.0937
-0.0465
0.1889
0.1557
-0.1661
0.2178
-0.0225
-0.0361
-0.0052
0.6259
0.4553
0.2303
0.4973
0.5800
1.1084
0.8289
0.4498
0.0604
0.3101
0.0197
0.6774
1.0878
0.6566
1.0348
0.5060
0.0961
0.4701
-0.1925
-0.0906
0.3046
0.0322
0.1745
-0.0751
-0.4487
-0.8991
-1.0566
-1.2185
-1.0745
-0.9438
-0.6376
-0.6254
-0.5739
-0.7379
-0.7755
-0.6920
-0.8317
-1.1582
-1.0548
-0.8299
-0.7806
-0.4993
-0.0110
-0.1946
-0.1728
-0.1306
-0.1492
0.1507
-0.2033
-0.4361
-0.3005
0.0430
0.0026
-0.4665
-0.2806
-0.2707
-0.8215
-0.6728
-0.5394
-0.0810
-0.4817
-0.9953
-0.8728
-1.4273
-0.7454
-1.5242
-0.8936
-1.2528
-1.1890
-0.2555
0.2593
-0.5503
-0.2991
-0.9959
-0.6732
-0.5682
-1.1978
-0.7165
-0.9425
-1.0964
-0.1884
-0.6995
0.0611
0.0056
-0.2959
-0.0827
-0.2547
0.1876
-0.8769
-0.5320
-0.7952
-0.3156
-0.1071
-0.2275
-0.2784
-0.3531
0.0439
-0.7607
0.0110
-0.4568
-0.0941
-0.7758
-0.3683
-0.2002
-0.4229
0.7131
-0.5314
-0.0999
0.0484
-0.1993
0.9052
0.2023
0.1345
0.5113
0.2689
0.1499
0.1997
0.1817
-0.1460
0.6109
-0.1231
0.3514
0.0201
-0.1622
-0.0280
0.2351
-0.4200
-0.3872
-0.5162
-0.7208
-0.7947
-0.8931
-1.2888
-1.4033
-1.3711
-1.4171
-1.2233
-1.3889
-1.4734
-1.2586
-1.1089
-1.3277
-1.2530
-1.4466
-0.9829
-1.3316
-1.0980
-1.3024
-1.2835
-1.3306
-1.0405
-1.2790
-1.1799
-1.1730
-1.0786
-0.9795
-0.7001
-0.8706
-0.8770
-0.9406
-1.0111
-1.0772
-1.1357
-1.1633
-1.1852
-0.9616
-1.1069
-1.0164
-0.9112
-0.8166
-0.6488
-0.5854
-0.4829
-0.4819
-0.5082
-0.5196
-0.5650
-0.5759
-0.5563
-0.5397
-0.5124
-0.5074
-0.5034
-0.4475
-0.3176
-0.5732
-0.7621
-0.9257
-1.0503
-1.1693
-1.2287
-1.2524
-1.2730
-1.2521
-1.2763
-1.1695
-1.2005
-1.1345
-1.2044
-1.1993
-1.1979
-0.9612
-1.1425
-1.1054
-1.1031
-1.0683
-1.0623
-1.0088
-1.0029
-0.9450
-0.8999
-0.5370
-0.6935
-0.5582
-0.5429
-0.4487
-0.3934
-0.3898
0.0414
-0.4654
-0.4751
-0.3724
-0.4867
-0.4872
-0.4366
-0.4874
-0.5074
-0.5187
-0.3063
-0.2869
-0.1914
-0.1161
0.3675
0.5997
-0.0003
0.3525
0.2922
0.8950
0.6024
0.9424
1.0890
1.3026
1.1122
0.9662
1.3122
1.1778
1.2403
1.3910
1.3835
0.9113
0.9014
1.2520
0.9310
1.1048
1.0145
0.9617
0.9776
0.9754
1.3479
1.0998
1.7910
1.2047
1.1154
1.0356
0.9781
1.3644
1.4721
1.2941
1.2957
1.4778
1.8155
1.2632
1.3826
1.1584
0.9249
0.7357
0.8455
0.8289
0.6799
1.3974
0.6095
1.4842
1.8251
1.8432
2.4490
1.9552
1.5782
1.2285
1.2639
2.6587
1.7594
2.8740
1.2846
0.8884
1.5427
2.2628
1.3495
1.5294
2.0899
2.4853
2.3288
2.5525
1.6067
1.3027
1.4242
1.8213
1.6662
2.0763
1.2699
1.5175
2.3631
1.5190
2.0466
0.9189
1.5104
0.6121
0.5724
0.7685
1.1065
1.5384
1.9389
2.0641
0.9794
0.7152
0.4295
-0.0162
0.4519
-0.2573
-0.0270
-0.5050
-0.4799
-0.6206
-0.1510
-0.2871
-0.2610
-0.7734
-0.1274
-0.7337
-0.1511
-0.0455
-0.3901
-0.3862
-0.6901
-0.5376
-1.0867
-0.7539
-0.5449
-0.9995
-1.2120
-1.0053
-1.1645
-0.9517
-1.4646
-1.5439
-1.6083
-1.5920
-1.4762
-1.4540
-1.5093
-1.4251
-1.4670
-1.2235
-1.4262
-1.2633
-1.4977
-1.5542
-1.5403
-1.3519
-1.5134
-1.4281
-1.4351
-1.3895
-1.4150
-1.4018
-1.1129
-1.3043
-1.0143
-0.7256
-0.9237
-0.9003
-1.1768
-1.1979
-1.1641
-0.8015
-0.6099
-0.6836
-0.5841
-0.8006
-0.5357
-0.5963
-0.4080
-0.2697
-0.2699
0.0872
-0.1438
-0.0895
-0.1499
-0.2130
-0.2506
-0.1623
-0.1746
-0.0819
0.0149
-0.0915
-0.2158
-0.1247
-0.2368
-0.1308
-0.1915
-0.0796
-0.0936
-0.0232
-0.0135
0.0171
-0.0107
0.2432
0.1707
-0.0035
0.0105
-0.0261
0.0043
0.0594
-0.0061
-0.1483
-0.3332
0.2829
-0.1789
-0.1161
0.0451
0.4458
-0.1505
-0.4466
-0.6533
-0.7769
-0.5040
-0.8118
-0.6405
-0.2502
-0.5953
-0.6996
-0.2459
-0.8976
-0.3507
-0.6119
-0.5312
-0.7278
0.0520
-0.4565
-0.4938
-0.6822
-0.9570
-0.9761
-0.8264
-0.5278
-1.0318
-0.6622
-0.4964
-0.8152
0.0234
-0.4389
-0.3625
-0.7758
-0.0412
-0.3035
-0.4995
-0.2345
-0.2995
-0.5118
-0.8856
-0.4860
-0.2520
-0.6771
-0.2190
-1.0912
-0.9800
-0.7364
-0.3481
-0.7193
-0.4111
-0.9216
-0.5188
-0.8504
-0.6053
-1.0967
-0.7753
-1.0989
-1.0827
-1.2166
-1.3891
-1.2423
-1.3031
-1.1476
-1.4012
-1.3002
-1.6392
-1.1853
-1.1080
-1.0605
-1.4762
-1.5805
-1.7380
-1.7128
-1.6356
-1.5039
-1.4381
-1.3330
-1.4027
-1.3977
-1.3567
-1.5624
-1.6904
-1.6653
-1.7145
-1.7042
-1.7082
-1.7118
-1.6729
-0.9283
-0.9403
-1.4769
-1.5078
-1.5923
-1.5930
-1.3078
-1.1747
-1.2081
-0.6720
-1.2696
-1.0452
-1.1192
-0.1120
-0.6751
-0.6065
-0.6778
-0.5066
-0.3045
-0.4408
-0.2097
0.0896
0.3620
0.3185
0.3296
0.0731
0.1367
0.5414
-0.0305
0.1947
0.2215
0.4353
-0.0842
-0.0693
-0.0316
-0.0752
0.0267
0.3437
0.1755
0.1286
-0.0709
0.2472
-0.0168
0.0820
-0.1787
-0.2279
-0.0019
-0.0066
0.2408
0.1956
0.2261
0.6948
-0.4552
0.0813
-0.8411
-0.2875
-0.8007
-0.8308
-0.4720
-1.1630
-0.3442
-1.1638
-0.9600
-1.0416
-0.5988
-0.2745
-0.3718
-0.5040
-0.2434
-0.5440
-0.7544
-1.2669
-0.4361
-0.4968
-0.7898
-0.6220
-0.9659
-0.7881
-1.2061
-0.9224
-0.1064
-0.3110
0.0724
-0.9354
-0.2410
-0.1677
-0.1957
-0.0479
0.8087
0.2845
0.2999
0.3574
0.9292
0.2851
0.3356
0.2388
0.2859
0.0656
-0.0110
0.0418
0.9343
0.4656
0.2292
0.5138
0.4446
0.0394
0.1268
0.0972
0.1633
0.6052
0.2065
0.1678
0.0655
0.0552
0.0811
0.2655
-0.1466
-0.1576
-0.0218
-0.0401
-0.4973
-0.5484
-0.3623
-0.6079
-0.2291
-0.2436
-0.2125
-0.4375
-0.4682
-0.3976
-0.3828
-0.4521
-0.2603
-0.3939
-0.2646
-0.3452
-0.5738
-0.4358
-0.4248
-0.0553
-0.4211
-0.0615
-0.2641
0.0595
-0.3127
-0.3547
-0.4742
-0.2367
-0.2984
0.0264
0.0183
0.1336
0.1338
-0.3043
0.7937
-0.2866
0.2036
0.5294
0.1909
0.4467
0.1598
-0.1294
0.5034
-0.0520
0.1669
-0.0140
0.1278
-0.0184
0.2404
-0.0672
0.5159
0.0058
0.5094
-0.1326
-0.3546
-0.1357
0.3309
0.1518
-0.1373
0.2469
0.0819
0.1554
-0.3805
-0.3260
-0.2417
0.0601
0.3690
-0.0476
-0.5838
0.1733
-0.0210
-0.5628
-0.4934
-0.1131
0.1438
-0.4990
0.0690
-0.0041
-0.3734
0.1404
0.0567
-0.1280
-0.6823
-0.6584
0.0832
-0.4945
-0.0016
-0.4248
-0.3877
-0.5583
-0.8203
-0.9310
-0.8897
-0.4150
-0.9700
-1.2288
-0.8017
-1.3517
-1.0300
-0.8976
-1.2456
-0.7132
-1.2068
-1.0978
-1.4760
-1.7638
-1.7413
-1.7486
-1.3607
-1.6638
-1.5133
-1.8774
-1.7735
-1.6813
-2.0176
-2.1658
-2.0381
-1.8567
-2.1148
-1.8882
-1.5996
-1.4548
-1.3612
-1.3998
-1.8128
-1.5338
-1.7629
-1.4937
-0.9338
-0.7955
-0.9984
-0.7994
-1.2924
-1.3386
-1.2835
-1.3216
-1.3573
-1.4356
-1.4028
-0.9761
-0.6624
-0.9998
-0.6616
-0.9759
-0.8017
-1.0680
-0.8381
-0.8206
-0.4794
-0.5420
-0.0509
-0.2983
-0.1477
-0.2009
-0.1925
-0.2932
-0.6851
-0.7087
-0.6235
-1.0661
-0.8779
-0.8743
-0.8646
-0.7702
-0.8889
-0.5468
-0.4959
-0.2208
-0.0101
-0.3685
-0.3706
-0.8226
-0.7587
-0.8821
-0.5671
-0.1351
-0.6990
-0.8642
-0.8297
-0.9527
-1.1602
-0.9047
-0.9934
-0.8081
-0.9064
-0.5049
-0.6491
-0.1971
0.5799
-0.0348
0.0144
0.4884
0.0491
-0.2536
0.0268
-0.5808
-0.6901
-1.2589
-1.5825
-0.6469
-0.3243
-0.6198
-0.9483
-0.9428
-0.3719
-1.3059
-0.9800
-1.1174
-1.0452
-1.1211
-0.6974
-0.4438
-0.8046
-0.5940
-1.0322
-0.8235
-0.7444
-1.4923
-0.4453
-1.2237
-0.7743
-1.5674
-1.1666
-0.8592
-0.7618
-0.5278
-0.3355
-1.2137
-0.9008
-1.3084
-0.9442
-0.3268
-1.1060
-0.3689
-1.3229
-1.2941
-1.3962
-1.3936
-1.3444
-1.7252
-1.3428
-0.8678
-1.2296
-0.9111
-0.9560
-0.5520
-0.2789
-0.4803
-0.7281
-0.2505
-0.2406
0.6883
0.1950
-0.1365
-0.6060
-0.2064
-0.2657
-0.3575
-0.2607
-0.3525
-0.4332
-0.2024
-0.2731
0.0952
-0.1055
0.4049
-0.1166
-0.3784
-0.1420
-0.3542
0.2647
-0.3703
-0.3038
-0.2623
-0.5329
0.1415
0.1586
-0.2134
-0.1791
-0.2566
-0.2769
-0.5288
-0.2091
-0.4402
-0.4577
-0.2571
-0.4517
-0.7229
-0.7821
-0.6508
-0.6632
-0.7233
-0.7078
-0.1525
-0.3253
-0.3781
-0.2620
0.0564
-0.5388
0.1366
-0.1045
-0.4096
-0.3021
-0.3715
0.0724
0.0427
0.2097
-0.1418
-0.0923
-0.2865
-0.1195
0.1277
0.1843
0.3235
0.1602
0.1463
-0.0850
-0.1753
-0.0488
-0.3012
-0.6646
0.0388
-0.4624
-0.2775
-0.5859
-0.6518
-0.1699
-0.4480
-0.3300
-0.6956
-0.6980
-0.8277
-0.8927
-0.5496
-0.2039
-0.1221
-0.4459
-0.7109
-0.3668
-0.7991
-0.9844
-1.0571
-1.3686
-1.0599
-0.9012
-1.2939
-0.5771
-1.5073
-1.0651
-1.5867
-1.6367
-1.8222
-1.2959
-1.8520
-1.3488
-1.4047
-1.1964
-1.4139
-1.3446
-1.7943
-1.3200
-1.4516
-1.4733
-1.4722
-1.3885
-1.3389
-0.5312
-0.7785
-0.8254
-0.7324
-0.5814
-0.4146
-0.1713
-0.0481
0.1116
0.0514
-0.1424
-0.2327
0.0469
0.0823
0.1363
-0.1376
-0.2099
0.3647
0.3221
0.5082
-0.0308
0.0429
0.0493
-0.0557
0.4171
0.0792
-0.0007
-0.3548
-0.0017
1.2602
1.4117
1.2160
0.4315
0.5945
0.3489
0.4524
0.9978
0.6414
0.4483
1.2420
1.7243
1.6948
1.8864
2.0132
2.3342
2.5570
2.4787
2.2946
2.2159
1.9094
1.7407
2.4402
1.2290
1.6479
1.9332
2.4997
2.3398
1.5805
1.4318
2.0971
1.6325
2.3800
1.6504
2.3604
1.3655
0.9503
0.7468
1.0764
0.9500
1.5814
0.9227
1.1950
1.3560
1.0057
1.6595
0.9692
1.3921
1.3461
1.3389
1.9482
1.6830
1.6102
1.6493
1.5753
1.8341
1.3635
1.0803
1.2706
1.3435
0.9966
1.0014
0.9362
0.8002
0.6231
0.6048
0.2524
0.2991
0.4308
0.4773
0.2920
-0.0398
-0.1189
-0.2416
-0.3101
-0.2647
-0.2410
-0.2327
-0.2129
-0.2594
-0.3382
-0.3014
-0.5514
-0.5175
-0.6793
-0.6523
-0.6085
-0.6058
-0.4150
-0.6945
-0.7311
-0.7148
-0.6947
-0.5342
-0.5777
-0.4874
-0.5747
-0.5388
-0.4201
-0.3909
-0.2768
-0.1905
-0.1658
-0.0687
-0.1206
-0.1208
-0.0962
-0.1436
0.0400
-0.1360
-0.0708
-0.2822
-0.2424
-0.2101
-0.1287
-0.1177
0.0940
-0.1207
0.0028
-0.0022
-0.2239
-0.0542
-0.2034
-0.3462
-0.3922
-0.5514
-0.4433
-0.7117
-0.7619
-0.5810
-0.7671
-0.7521
-0.7184
-0.6915
-0.6495
-0.5998
-0.5586
-0.5724
-0.5857
-0.6648
-0.6467
-0.4751
-0.5435
-0.6215
-0.3416
-0.6464
-0.5893
-0.6055
-0.5539
-0.4951
-0.2400
-0.3492
-0.2016
-0.3773
-0.4347
-0.3953
-0.3884
-0.1145
0.0783
0.0667
-0.0693
0.1465
0.1752
0.3987
0.3792
0.4390
0.4002
0.2485
0.3467
0.1904
0.3420
0.1501
0.6581
0.3514
0.5243
0.2113
0.0003
-0.0674
0.2202
-0.0409
0.0153
-0.0469
0.1959
0.1666
0.3892
0.4583
0.1723
0.3146
0.7821
0.4538
0.6142
0.4003
0.8719
0.7878
0.9790
0.8925
0.8308
