1.4396
1.2172
1.0530
1.2292
1.4046
1.7339
2.8037
2.9833
2.9239
2.7286
3.0011
3.2215
3.3723
3.5480
3.6908
3.4316
3.8068
3.8296
4.3757
4.0906
3.9106
3.6416
3.4998
3.7608
3.5912
3.6438
3.9826
3.4608
3.3380
3.1065
3.0757
3.8248
3.2307
3.2404
3.5983
3.4807
3.6295
3.6804
3.6076
3.5784
3.8988
3.3701
3.4569
3.1105
3.0492
3.0962
2.7561
2.3799
2.2048
1.9186
1.8311
2.1632
1.9216
2.1889
2.2811
1.7430
2.1820
1.6055
1.8201
1.5633
1.2755
1.2171
1.0050
0.8748
0.7189
0.6111
1.2430
0.3142
0.3272
0.4078
0.3719
0.4611
0.3482
0.0511
0.1956
0.2944
0.4848
0.7455
0.2605
0.7279
0.8179
0.6927
0.9016
0.7932
1.1363
1.1308
1.1269
1.0828
1.5653
1.2110
1.2591
1.4218
1.8143
1.6881
2.1430
1.9454
2.2485
2.9269
2.3411
2.2708
2.6616
2.4208
2.8108
2.4144
2.8092
3.0572
3.1372
3.3928
3.5935
3.7954
3.8843
3.1809
3.3585
3.4631
3.1299
3.0245
3.0797
3.1962
3.4736
3.6944
3.6834
3.3663
3.3409
3.4787
3.5456
3.3744
3.1526
3.1435
3.0724
3.4937
3.2131
3.2033
3.0276
2.5941
2.7207
2.5481
2.5867
2.0706
1.8041
1.9266
1.6186
1.8658
1.7834
2.2741
2.1125
2.1699
2.2207
2.1257
2.1052
2.2243
2.3563
2.8225
2.4548
2.2979
2.5690
2.2987
2.3247
2.7216
2.6062
2.6579
2.4360
2.0908
2.5549
2.4510
2.4072
2.3239
2.7218
2.9925
3.0865
2.9606
2.7831
3.2100
2.6041
2.9887
2.7854
3.0663
2.8154
3.0517
3.1220
3.2155
3.5449
3.4782
3.1789
3.8861
3.5234
3.6263
3.9624
3.6717
3.7602
3.5196
3.5417
3.6724
3.4372
3.1092
3.1618
3.3059
3.5810
3.3635
3.2103
3.1751
2.9906
2.7812
2.6461
2.7767
2.6309
2.7937
2.5715
2.9515
2.7207
2.9380
2.6234
2.5964
2.5819
2.8382
2.7252
3.1503
2.8967
3.2136
3.1747
3.2629
3.4731
3.8029
4.0257
4.2069
4.0539
4.0006
3.3656
3.4790
3.0326
2.9810
3.0743
2.8350
2.8306
2.8541
2.7708
2.5637
2.6213
2.5185
1.8229
1.6586
1.7479
1.2039
0.5933
0.5608
0.2554
-0.1991
-0.1721
-0.3190
-0.4824
-0.8458
-0.5601
-0.9350
-0.8568
-1.7135
-1.8439
-1.2442
-1.0093
-1.9617
-2.2608
-2.7907
-2.4516
-2.4734
-3.1966
-2.7072
-2.7203
-2.8141
-2.6946
-2.8236
-2.7371
-2.3376
-2.4785
-3.0922
-2.5882
-3.1169
-2.8366
-3.2146
-3.0250
-4.2554
-4.1198
-3.2433
-3.5911
-3.3370
-3.2738
-2.8693
-3.0318
-3.3871
-3.7173
-2.8610
-3.3685
-3.2191
-2.9448
-2.2641
-2.7927
-2.6848
-2.7265
-2.5819
-2.7583
-2.4438
-1.6501
-2.6061
-2.0901
-0.6570
-1.9128
-0.9506
-1.2195
-1.1270
-1.5807
-1.7384
-0.9414
-1.2425
-1.5497
-1.3485
-1.1135
-0.7965
-0.5731
-0.3411
-0.9952
-0.1899
-0.1456
0.8803
-0.0792
0.4888
0.4197
1.0196
0.3517
0.6470
0.2417
0.3952
0.1951
-0.0052
0.1133
0.1048
0.5228
0.2309
-0.5300
-0.3603
-0.4270
-0.4336
-0.6073
-0.7707
-0.9620
-1.0547
-1.0514
-0.7718
-0.9046
-0.6874
-0.8375
-0.5049
-0.5562
-1.0657
-1.5490
-1.0970
-1.2696
-1.0935
-1.0007
-0.5987
-0.4674
0.1699
-0.2473
0.1919
-0.1989
-0.0262
0.0990
0.2857
0.4789
0.5654
0.6457
0.6690
0.3679
0.6471
0.2231
0.3279
0.8964
0.8788
1.0876
1.2932
1.0271
1.0672
0.9383
1.2254
0.7399
1.0814
0.8247
1.2152
1.3628
1.8476
2.1495
1.6297
1.8721
2.1219
2.3344
2.4559
2.6469
2.7709
2.5904
2.4430
2.8133
2.8430
3.3199
3.2167
3.2671
3.2567
2.9577
3.1357
2.9580
2.8263
3.0321
2.6411
2.6474
2.3619
2.8644
2.3107
2.1693
2.2357
2.1020
2.0228
2.1193
1.4664
1.5767
1.0163
1.0339
1.1375
0.6479
0.9674
0.6724
0.4491
0.5402
0.2110
0.1865
-0.0550
-0.1681
0.2743
-0.3021
-0.2202
0.1908
-0.1950
-0.0335
-0.4207
-0.4807
-0.7504
-0.5805
-1.0312
-0.8746
-1.1056
-1.2914
-1.2052
-1.4112
-1.3496
-1.4333
-1.6065
-1.7221
-1.8284
-1.7077
-1.9811
-1.8976
-1.7844
-1.8839
-2.3164
-2.4089
-2.3894
-2.3102
-2.2926
-2.3961
-2.3150
-2.6884
-2.5973
-2.7187
-2.7240
-2.9017
-2.9265
-2.8758
-3.0616
-3.1267
-3.3304
-3.2389
-3.0975
-3.6738
-3.3981
-3.9218
-3.9760
-4.1025
-4.4463
-4.1880
-4.5432
-4.5249
-4.7285
-4.7998
-4.7016
-4.8501
-4.7458
-5.0170
-4.5526
-4.9828
-4.8320
-4.8267
-4.6094
-4.9004
-4.9250
-4.4928
-4.8981
-4.8609
-4.8981
-4.8574
-5.0383
-5.1101
-5.4223
-5.5849
-5.7259
-5.8045
-5.7996
-5.5872
-5.8148
-5.9570
-5.9220
-6.3663
-6.1997
-6.6123
-6.5353
-6.7635
-6.6903
-6.6644
-6.8678
-6.9555
-6.8889
-6.7439
-6.5092
-6.9732
-6.9595
-6.7029
-6.8471
-6.7701
-6.5599
-6.5107
-5.8709
-6.3257
-6.2551
-6.2623
-6.0192
-6.0915
-5.7324
-5.8814
-5.8217
-5.9168
-5.8538
-5.9745
-5.9129
-6.0338
-5.6727
-6.0349
-6.1072
-5.7118
-5.8934
-5.6916
-5.6396
-5.3345
-5.4795
-5.3270
-5.3704
-5.3076
-5.3988
-5.3941
-5.3556
-5.3952
-5.1164
-5.4381
-5.1813
-5.5599
-5.4446
-5.5786
-5.4748
-5.6273
-5.4047
-5.4683
-5.6756
-5.6151
-5.6347
-5.1025
-5.4114
-5.5126
-5.7150
-5.5611
-5.7167
-6.0074
-5.7635
-5.9269
-5.8787
-6.0140
-5.9905
-6.1804
-6.0616
-6.2070
-6.1257
-6.1345
-5.8683
-6.0116
-5.8349
-5.9685
-6.0331
-6.0988
-6.0066
-6.3331
-6.3642
-6.1801
-6.3189
-6.0363
-6.2193
-6.2599
-6.1701
-6.4548
-6.1830
-6.4361
-6.3919
-6.4187
-6.3684
-6.3138
-6.2916
-6.0531
-6.2146
-6.0842
-5.9840
-5.8027
-5.3701
-5.3872
-5.0316
-4.7188
-4.7999
-4.4684
-4.4829
-4.5199
-4.5092
-4.3051
-4.2422
-4.0776
-4.0782
-3.7802
-3.9775
-3.7683
-3.7557
-3.4726
-3.6762
-3.4700
-2.9728
-3.0797
-3.1467
-3.3080
-3.2655
-2.9388
-2.8454
-2.6369
-2.5145
-2.9012
-2.7377
-2.8946
-2.6442
-2.9162
-3.0973
-3.2837
-3.2663
-3.2227
-3.3086
-3.3475
-2.8695
-3.2046
-3.2598
-3.1200
-3.3081
-3.3052
-3.3169
-3.3501
-3.0174
-3.2717
-3.1870
-2.9681
-3.0751
-2.9725
-2.8747
-2.7465
-2.8560
-2.6085
-3.1145
-2.9321
-3.3555
-3.0295
-3.1847
-2.7427
-2.6218
-2.7421
-2.4657
-3.0958
-2.7490
-3.0801
-3.3214
-3.3603
-2.7767
-2.9753
-3.0187
-3.3629
-3.5769
-3.3074
-3.5843
-3.4917
-3.5772
-3.8221
-3.9911
-3.7719
-4.0920
-3.7218
-4.1433
-4.0731
-3.9113
-4.2052
-4.1525
-4.2274
-3.8914
-3.7024
-3.6573
-3.9857
-3.6281
-3.3752
-2.8524
-2.8034
-2.8961
-3.3721
-3.4007
-3.7129
-3.9362
-4.2100
-4.4460
-4.4774
-4.3850
-4.9006
-4.8942
-4.3979
-4.5641
-4.4702
-4.8670
-5.1878
-5.3969
-5.3053
-5.4662
-5.5521
-5.5741
-5.5551
-5.7887
-5.9811
-6.0344
-6.0949
-6.0456
-6.3076
-6.3636
-6.5318
-6.4438
-6.1584
-6.6206
-6.0300
-5.7991
-6.1355
-5.8987
-6.1620
-5.8050
-5.5498
-5.1324
-5.5526
-5.1900
-4.9815
-5.1738
-4.7251
-4.3056
-4.3707
-3.8158
-3.8204
-3.4678
-3.4278
-3.2350
-2.8346
-3.0006
-2.0478
-2.4999
-1.7411
-2.3888
-1.4820
-0.7632
-1.4355
-0.9791
-1.2881
-1.4731
-0.8847
-0.8277
-0.8842
-0.3609
-0.5907
0.3399
1.0617
0.0868
0.5308
0.2996
0.1699
0.2880
0.0914
0.0465
0.2367
0.4771
0.4056
0.3876
0.2822
0.4552
0.6324
0.6044
0.5289
0.6009
0.6152
0.4856
0.5619
0.7297
0.7923
1.0664
0.6759
0.0759
0.3223
0.2917
0.4265
0.8002
0.8628
0.5957
0.8916
1.1868
1.0944
1.4798
1.3506
1.2561
1.2795
1.9789
2.0691
2.3185
2.7807
3.0019
3.2056
3.7390
3.5916
4.0075
3.4010
3.6955
3.6599
3.4618
3.9860
3.8831
4.0883
3.8788
3.8901
4.0150
3.9756
4.3548
4.4171
4.9955
4.6912
5.6410
5.7957
5.8786
6.0178
5.8638
5.8728
6.0700
6.4483
6.6062
6.6376
6.8645
7.0586
6.9990
6.9966
7.2262
7.2688
7.3302
6.9471
6.6634
6.7746
6.8706
6.9409
6.7727
6.8288
7.2541
6.6709
7.0870
6.5476
6.7048
6.1167
6.2589
5.8569
6.3485
6.3876
6.7519
6.1317
6.1235
5.6677
5.5226
5.9502
5.5468
5.3993
5.6771
5.1171
4.7271
4.9985
4.9222
5.2374
4.7137
4.7274
4.7128
4.5746
4.5461
4.6819
4.8028
4.7084
4.8270
4.6995
5.1105
4.9320
5.1661
4.9271
5.1316
4.7364
4.9174
4.5796
5.1047
4.7693
5.4071
5.1903
5.0607
4.8809
4.8370
5.4107
4.3136
4.4239
4.4550
4.3404
4.5593
4.7198
4.6016
4.7192
4.9723
4.7863
4.9789
5.0604
5.1368
4.7218
4.4194
4.8502
4.1011
4.1722
4.0150
3.7641
3.5940
3.0350
3.2910
2.8469
2.6988
2.5056
2.6194
2.4998
3.0390
2.4977
2.5388
2.4610
2.7681
2.1373
2.1261
1.9227
1.4422
1.2735
0.9170
0.9411
0.4272
0.4857
0.1102
-0.1463
-0.3655
-0.7037
-0.5546
-0.8062
-0.9884
-1.1756
-1.0710
-1.2998
-1.2413
-1.4477
-1.3352
-1.5606
-1.6686
-1.7353
-1.6513
-1.6967
-1.3287
-1.4444
-1.3469
-1.6224
-1.4922
-1.3584
-1.1500
-1.2956
-1.2200
-1.1980
-1.1577
-1.0943
-0.8892
-0.8890
-0.8258
-0.8151
-0.7505
-0.7891
-0.7344
-0.5012
-0.4430
-0.5684
-0.5606
-0.6379
-0.5599
-0.6539
-0.5110
-0.5495
-0.2403
-0.4803
-0.5090
-0.4734
-0.3879
-0.5800
-0.8242
-0.6064
-1.1188
-1.1688
-1.1420
-1.5241
-1.5565
-1.6244
-1.6329
-1.6559
-1.7076
-1.8724
-2.0439
-2.1334
-1.9999
-2.1024
-1.6316
-1.8482
-2.1199
-1.9173
-1.9523
-2.1156
-2.3351
-2.2260
-2.5910
-2.3370
-2.6117
-2.9557
-2.9578
-2.9577
-3.2467
-3.4417
-3.5273
-3.5244
-3.4021
-3.4231
-3.7540
-3.6633
-3.6106
-3.5588
-3.6332
-3.6877
-3.8050
-3.7992
-3.8731
-3.7088
-3.8820
-3.7647
-3.8152
-3.5394
-3.7489
-3.7418
-4.0985
-4.0500
-3.7376
-3.8052
-3.7663
-3.8138
-3.8048
-3.9325
-3.9084
-4.1663
-4.3372
-3.8629
-4.2597
-4.3254
-4.5008
-4.3640
-4.7161
-5.0566
-4.8283
-5.1522
-5.0016
-5.0395
-4.8219
-4.8254
-4.6012
-4.7293
-4.5979
-4.5138
-4.6863
-4.4519
-4.2133
-4.4269
-4.3877
-4.2531
-3.5198
-3.5101
-2.9172
-2.9366
-2.4571
-2.1169
-2.3635
-2.0905
-1.6293
-1.6841
-1.6497
-1.5208
-1.0706
-0.7398
-0.8297
-0.7665
-0.5724
-0.6986
0.1762
0.1168
0.7422
1.0821
1.6299
1.2689
1.7698
1.1059
0.9667
1.2645
1.4542
0.9723
0.6435
0.5774
0.5429
0.2308
0.0587
-0.4277
-0.0053
-0.3006
-0.3553
-0.2720
-0.6213
-0.7916
-1.1746
-1.0649
-1.3688
-1.0835
-1.5109
-1.4972
-1.3098
-1.6622
-1.3265
-1.6748
-1.1979
-1.9804
-2.1160
-1.5291
-2.2054
-1.5126
-2.2576
-2.4911
-2.6558
-2.9096
-3.0486
-3.1540
-3.5950
-3.5930
-3.3433
-3.5624
-3.5867
-3.2279
-3.6940
-3.7879
-3.7615
-4.0065
-4.0426
-4.0929
-4.3253
-4.6679
-4.9767
-5.1678
-5.2176
-5.1372
-4.9211
-5.4663
-5.2984
-5.0348
-5.4744
-5.7002
-5.7902
-5.8467
-5.8569
-5.7917
-6.0623
-6.1765
-6.2499
-6.3423
-6.2340
-6.4631
-6.8321
-7.0662
-7.2058
-7.0991
-7.3623
-7.3110
-7.2871
-7.0475
-7.1326
-7.1940
-6.6577
-6.9044
-6.5374
-6.7611
-6.8869
-6.7065
-6.4720
-6.8924
-6.6023
-6.0974
-6.0842
-6.2597
-5.9997
-6.3936
-6.1167
-6.1914
-6.1763
-6.4509
-6.6314
-6.6099
-6.5711
-6.7765
-6.6904
-6.6451
-6.2069
-6.4179
-6.5392
-6.2891
-6.2805
-6.3067
-6.5109
-5.7861
-6.2009
-5.9914
-6.1832
-6.3172
-6.1259
-6.3208
-6.0937
-5.7909
-5.6506
-5.9552
-5.8925
-5.5440
-5.3418
-5.5352
-5.1864
-5.3549
-5.5296
-5.5499
-5.5656
-5.6676
-4.8811
-5.3777
-5.2618
-5.5574
-5.3278
-5.5048
-5.3366
-5.3606
-4.9372
-5.2214
-5.1078
-5.0213
-4.8335
-4.8032
-5.0827
-4.5087
-4.9613
-4.8138
-5.2040
-4.8692
-4.9102
-4.4552
-4.1870
-4.1598
-4.4085
-4.0609
-4.0211
-3.7814
-3.8094
-3.3421
-3.4032
-3.5722
-3.4877
-3.5770
-3.5768
-3.5899
-3.6257
-3.5898
-3.6796
-3.6712
-3.7485
-3.7972
-3.9540
-4.0221
-4.1929
-4.1900
-4.2264
-4.2013
-4.1227
-3.8649
-3.9204
-3.8338
-3.3487
-3.5381
-3.3414
-3.3751
-3.2423
-2.9357
-3.0075
-2.8189
-2.7419
-2.5584
-2.4643
-2.2318
-2.0069
-1.8068
-1.6173
-1.4595
-1.1604
-1.2671
-1.2125
-0.9949
-0.8666
-0.4122
-0.3903
-0.0787
0.1285
0.2039
0.1084
0.3070
0.0856
0.2476
0.3003
0.6466
0.7476
0.6887
0.7646
0.8383
0.9136
1.0393
1.0785
1.2519
1.2477
1.4623
1.8363
1.9066
2.2361
2.0042
2.4179
2.1262
2.4171
2.4654
2.6097
2.5583
2.6643
2.7381
3.1222
2.6690
2.5475
2.4487
2.2637
2.2992
2.0031
2.1721
1.5624
1.3286
1.0615
1.0219
0.7365
0.9341
0.7278
0.7544
0.8118
0.5507
0.3580
0.2289
-0.0125
-0.3182
-0.2705
-0.7928
-0.5193
-0.3921
-0.9181
-0.9472
-0.7808
-1.1530
-1.1110
-1.0965
-0.9116
-0.9463
-1.4344
-1.2375
-1.6070
-1.5082
-1.6553
-1.5674
-1.5979
-2.1366
-2.2203
-2.0506
-2.0105
-1.1839
-1.2626
-1.7626
-1.3870
-1.1354
-0.8191
-0.8041
-1.2634
-1.2436
-1.0714
-1.4187
-1.0217
-1.4828
-1.6755
-1.3006
-1.6550
-1.2947
-1.2799
-0.5360
-0.6064
-1.2277
-1.0693
-1.1354
-1.1618
-0.4595
-0.4271
-0.1635
-0.9285
-1.1234
-0.8983
-1.1549
-0.8950
-0.8444
-0.6795
-0.8354
-0.7501
-0.7943
-1.1645
-0.5512
-0.8737
-0.9366
-1.0818
-1.0178
-0.7847
-0.7854
-1.2719
-1.2251
-1.1411
-0.8975
-1.0026
-0.6337
-0.5253
-0.9879
-1.1490
-1.0845
-0.7577
-1.2785
-1.3730
-1.3814
-1.4354
-0.9359
-0.6881
-0.5221
-0.6586
-0.6375
-0.6985
-0.8529
-0.4404
-0.6832
-0.5695
-0.5099
-0.4629
0.0926
-0.2012
-0.2912
-0.8643
-0.6334
-0.5796
-0.7796
-0.4944
-1.0827
-1.2141
-1.1342
-0.0091
-0.1885
-0.1983
-0.5959
0.0130
-0.6446
-0.3654
-0.6492
-0.1499
0.0083
-0.3910
0.4005
-0.0965
-0.0200
0.3238
0.1693
0.6089
0.4215
0.9231
0.9650
0.4815
-0.0023
0.1766
0.2038
0.6431
0.3955
0.6489
0.8133
0.7181
1.2531
0.6623
0.6831
1.5463
1.0778
0.6656
1.0063
1.3483
0.8530
0.9806
0.4464
1.1385
0.3305
0.1082
-0.4247
0.1229
-0.9228
-0.5103
-1.2215
-1.5807
-1.6753
-1.0667
-1.7000
-2.1480
-2.1730
-2.3625
-2.3768
-2.7062
-2.5122
-3.2154
-2.7519
-3.4286
-3.5469
-3.4069
-3.5241
-3.2305
-2.9877
-2.3229
-2.4647
-2.6738
-2.7885
-2.8526
-3.3386
-2.9574
-3.0610
-2.7702
-3.4010
-3.2738
-3.2868
-3.2078
-3.8686
-3.6949
-3.4838
-3.4029
-2.6533
-2.7745
-2.5010
-2.6414
-2.9791
-2.8422
-3.0406
-2.6625
-2.0718
-1.7360
-2.3746
-1.9144
-2.0212
-1.7858
-1.8402
-1.6979
-1.6751
-2.2244
-1.9833
-2.9035
-2.9612
-2.6878
-2.8267
-2.5726
-2.0720
-2.1055
-2.1076
-1.8185
-0.8353
-1.1493
-0.9055
-1.2313
-1.2383
-1.3019
-1.0491
-1.3937
-1.5440
-1.6420
-1.6088
-1.2086
-1.1412
-0.9795
-0.7379
-0.0398
-0.1595
0.4603
0.4804
0.7026
1.2080
1.4615
0.7106
0.7187
0.2373
0.4203
0.7328
0.8266
0.6399
0.7870
0.7720
0.9487
2.0722
1.2970
2.2077
1.8495
2.1735
1.5577
1.4208
2.0161
2.8970
3.0471
2.2480
2.8099
2.4930
2.5680
3.0173
2.6852
2.2301
2.7899
3.3864
3.4383
2.4819
2.9544
4.0822
2.7451
3.1282
4.1954
4.4911
4.2606
4.3748
4.2883
3.8826
4.5778
4.5113
4.6755
5.2809
5.2316
6.3443
5.3965
5.8870
5.4837
5.7666
5.4259
6.1240
6.5293
6.8220
7.1322
6.7987
6.9324
6.4812
6.1918
5.7697
6.4480
5.7869
6.4162
5.8183
6.3712
5.7461
5.8062
5.2223
5.5012
5.7181
5.8323
6.3768
5.7227
5.7649
6.0136
6.3319
6.4414
6.3464
6.4247
6.1274
6.2273
6.1036
6.2766
5.7765
5.2759
4.8158
5.5310
5.0615
5.4399
5.6022
5.2236
5.8707
4.8427
5.2364
5.5841
4.7849
4.9170
5.2930
4.8149
5.4310
5.4189
6.0830
7.1913
7.4502
7.8051
7.8723
9.1470
7.6564
8.2351
8.0344
8.3120
8.6667
9.3924
8.6888
8.8515
8.4737
9.4767
8.9638
9.4981
9.7626
10.0638
10.5053
10.2238
10.2908
11.0402
10.8169
11.8450
10.6918
10.9503
11.3985
11.2724
11.4731
11.7359
11.9497
12.3689
12.8801
13.0953
13.4065
13.4320
13.3682
14.0386
14.0417
14.4184
14.5545
14.4248
13.9840
14.7894
14.5363
15.1656
15.1162
15.3318
15.5891
16.2133
16.0141
16.5834
16.1080
16.8139
16.9032
16.5345
16.3621
16.6758
16.3325
16.4244
17.3158
17.5477
17.8556
17.9785
18.0808
17.2348
16.9823
17.4654
16.7922
16.5892
15.7420
16.0261
16.0550
16.4012
16.6540
16.9543
16.2023
17.0614
16.6268
16.8718
17.2007
16.7082
16.6369
17.6340
17.0405
17.3193
18.1125
17.4277
17.7211
17.8924
17.5298
17.8526
17.5403
17.3055
18.1880
18.2394
18.5695
18.2188
17.6916
18.0276
17.3548
17.2532
17.4965
17.2307
16.8679
16.8358
16.5307
16.3982
15.9149
16.0177
15.6708
15.3193
14.5858
14.5698
13.8155
13.7885
13.0055
12.6115
12.1964
11.7004
11.4513
11.5280
11.1939
10.7560
10.4450
10.9078
10.3829
11.1109
10.0032
9.6899
9.0698
8.8165
8.9868
9.6546
8.9646
9.1211
9.1449
9.3143
9.2668
10.0919
9.5179
9.1339
9.2552
9.1309
9.1964
8.4470
9.1515
8.3211
8.6002
8.7992
9.1135
8.8020
9.2473
8.8482
8.6398
8.2835
8.4705
8.1601
8.3430
8.4464
8.3947
8.1727
8.3471
8.1407
8.0826
8.1293
7.8297
7.7259
7.5671
7.6159
7.9023
7.5895
7.2287
6.7753
6.2747
5.6749
5.0932
4.3890
4.2424
4.1694
4.0725
4.0732
3.6539
2.9731
2.8538
2.5152
2.2073
1.9479
1.9117
1.8120
1.4765
1.5452
2.1058
2.2278
2.4224
2.4541
1.8038
1.6277
2.1345
1.6852
2.2882
2.3626
2.0882
2.8311
2.5035
2.0162
1.5984
1.5917
1.0089
0.5124
0.6721
0.9502
0.8428
0.3356
0.2890
0.5898
0.1753
0.5759
0.1927
0.0692
0.0675
-0.2772
-0.2518
0.1364
-0.1814
-0.5287
-0.4701
-0.7516
-0.8754
-1.0674
-1.5969
-1.4900
-1.6744
-1.6848
-1.9710
-2.0179
-1.9928
-2.2162
-1.7917
-2.0383
-1.6525
-1.3882
-1.3798
-1.6420
-1.7516
-1.8559
-1.4043
-1.2694
-1.0721
-0.9073
-0.6254
-0.1763
-0.2620
-0.5575
-0.8415
-0.9306
-0.5580
-0.5193
-0.3603
-0.0252
-0.2082
0.1752
0.3570
0.3473
0.5598
0.5911
0.7212
0.6291
0.5843
0.4742
0.4433
0.4257
0.4719
0.7179
0.6382
0.6200
0.8686
0.7505
0.9349
0.9821
0.8530
0.8549
0.9499
1.1127
1.6403
1.3267
1.4007
1.3075
1.2674
1.1241
1.0386
0.9788
1.1527
1.1070
1.1837
0.8883
1.0934
0.8792
0.5491
0.5934
0.2179
0.3799
-0.0975
-0.1175
-0.2840
-0.1508
-0.7866
-0.6704
-0.8171
-1.0757
-1.5671
-1.6004
-1.9833
-2.3097
-2.4527
-2.7778
-2.9153
-3.3359
-3.5498
-3.9127
-4.1335
-4.3031
-4.2701
-4.4002
-4.3361
-4.6155
-4.4817
-4.6624
-4.7013
-4.9503
-4.7270
-4.9562
-4.9825
-5.0330
-4.8294
-5.0723
-4.7558
-4.7553
-4.8965
-4.9136
-4.8835
-4.9067
-4.6946
-4.8765
-4.8575
-4.7528
-5.2261
-5.3614
-5.0794
-5.5839
-5.4804
-5.8553
-5.8204
-6.1107
-6.2148
-6.2452
-6.3376
-6.3142
-6.7385
-7.0074
-6.9225
-7.1777
-7.1872
-7.4042
-7.5069
-7.4689
-7.5778
-7.6571
-7.7652
-7.9029
-8.0428
-8.1632
-8.2912
-8.3660
-8.3785
-8.4834
-8.5086
-8.6607
-8.7055
-8.5972
-8.8358
-8.9410
-8.9692
-9.0609
-9.0795
-9.1024
-9.1144
-9.1099
-9.1406
-9.1264
-9.0994
-9.0203
-8.9269
-8.8321
-8.7568
-8.7108
-8.6899
-8.6947
-8.6924
-8.7564
-8.8030
-8.7444
-9.0219
-9.0915
-9.0893
-9.0560
-9.0422
-9.0407
-9.0718
-8.8314
-9.0993
-8.5877
-8.9209
-9.0342
-9.1512
-9.0940
-8.9347
-9.0944
-8.9920
-9.0367
-8.9731
-9.1244
-9.0247
-9.0028
-8.9373
-8.8693
-8.9262
-8.7835
-8.8382
-8.8074
-8.6492
-8.8701
-8.8311
-8.8063
-8.8152
-8.8345
-8.9068
-8.9212
-8.9280
-8.8873
-8.8555
-8.5276
-8.7331
-8.6382
-8.6433
-8.5841
-8.4888
-8.4512
-8.3770
-8.3088
-8.2387
-7.9413
-8.0666
-7.9444
-7.6181
-7.4586
-7.5026
-7.3390
-6.9609
-6.9148
-6.5572
-6.5006
-6.2569
-6.2295
-6.1237
-5.9127
-5.8422
-5.5440
-5.4924
-5.5410
-5.4350
-5.0653
-5.1470
-4.9676
-4.9905
-4.8383
-4.9081
-4.5924
-4.6098
-4.8587
-4.9099
-5.1150
-4.9644
-5.0985
-4.9210
-5.1806
-4.9703
-5.1713
-5.0381
-4.7619
-4.9330
-4.9542
-5.2737
-4.6903
-5.1956
-5.3734
-4.6452
-4.9931
-5.1455
-5.2409
-5.1545
-4.7243
-5.0001
-5.2061
-5.2289
-5.4764
-5.1756
-5.5189
-5.2049
-5.3364
-4.9021
-5.0719
-5.0194
-4.5850
-4.9945
-4.9350
-5.2556
-4.8746
-5.1509
-4.8922
-5.1420
-5.1842
-5.0382
-4.7324
-5.0182
-3.9663
-4.6643
-4.3621
-4.2585
-3.9306
-4.3818
-4.4330
-3.9880
-4.1119
-4.1506
-4.0255
-3.4052
-3.6244
-3.1015
-2.7711
-2.6946
-2.4122
-2.6766
-2.6297
-1.9965
-2.5427
-2.3602
-2.3573
-2.0456
-1.6722
-1.8595
-1.4683
-1.1018
-1.3910
-0.8083
-0.4826
0.2762
0.2670
0.4810
0.4592
0.6278
0.4035
0.7615
1.3839
0.6442
1.3034
1.3946
0.9219
1.7106
1.2342
1.8205
1.4716
1.9454
1.8501
1.6863
2.1740
1.8978
2.0828
2.4414
1.9447
1.9031
1.9082
1.7798
1.7177
2.0983
1.6138
1.7518
1.8426
2.1021
2.1849
2.2639
1.5160
1.3463
1.5258
1.5936
1.3690
1.2817
1.3519
1.7254
1.7778
1.9560
2.1547
2.6711
2.7099
2.4239
2.4901
2.2568
2.2825
2.3055
2.4045
2.2681
2.4161
2.2508
2.1492
2.2833
2.5483
2.3889
2.3022
2.9869
2.5935
2.4737
2.4841
2.3121
2.5429
2.0745
2.3587
2.6944
2.5287
2.1576
2.9168
2.3469
3.1967
3.2188
2.9914
2.7598
3.4956
3.3707
3.7492
3.5527
3.1358
4.2144
3.6961
3.4102
3.3061
2.8721
2.7174
3.1666
2.8538
2.8918
2.0701
2.1582
1.2439
1.5532
1.2294
1.4350
1.1037
0.6911
0.8818
0.1644
0.4525
0.3751
-0.2821
-0.4819
0.2956
-0.1322
-0.5112
-0.2697
-0.7554
-0.2529
-0.3905
-0.1553
-0.1637
0.4989
0.2825
0.6901
0.0148
0.1398
0.2740
0.4149
0.8070
0.4274
1.0906
1.4518
0.9893
1.6588
1.1173
1.5345
1.5987
1.7160
2.1650
1.7879
1.9691
1.9612
1.8300
2.0942
1.7636
2.2378
1.9906
1.8229
2.0507
2.2660
2.0753
2.0719
1.8937
1.6252
1.7574
1.9663
1.9163
1.8634
1.9811
2.0911
2.1827
2.4659
2.6927
3.0281
3.1588
3.4343
2.9625
3.0427
2.8061
2.5338
2.4535
2.3410
2.5962
2.5488
2.5615
2.0222
2.0934
1.6998
1.7428
1.3236
0.9922
1.1043
1.0854
1.2584
0.8220
1.3327
1.1302
1.3422
1.1022
1.0224
0.7057
0.8804
0.9371
0.8209
0.5340
0.4849
0.4707
0.5721
1.1376
0.8725
0.8365
0.9410
0.7676
0.8095
0.8933
0.8919
0.8739
1.4531
1.5010
1.2393
1.5620
1.6298
1.3100
1.2837
1.2082
1.2482
1.6047
1.7341
1.8110
1.1646
1.5597
0.8891
0.8912
0.7083
0.8477
0.8092
1.0182
1.1873
1.9079
1.2993
1.2820
1.9099
1.6428
1.8868
2.1524
2.4948
2.4455
2.6236
2.5890
2.7605
2.7025
3.5396
3.4608
4.4962
3.8962
4.1307
4.6600
4.7142
5.3636
5.3506
4.8461
4.9917
5.0501
4.9079
4.6853
4.4566
3.9676
3.9636
3.7199
3.7552
4.1862
3.9106
3.6970
3.3455
3.4055
3.0918
3.6660
3.3223
2.8648
2.9689
2.9707
3.0970
2.6181
2.5925
2.3196
2.1119
2.0827
1.8707
1.9235
1.7123
1.5587
1.3572
1.3639
1.3363
1.4177
1.6456
1.1418
1.4530
1.3769
1.4703
1.7626
1.8460
1.6557
1.8090
1.6628
1.4111
1.4210
1.1430
1.0707
1.3769
1.0327
1.5316
1.2777
1.3225
1.2655
1.4048
1.0913
1.3542
1.3572
1.7553
1.2703
1.6139
1.4682
0.8271
0.2771
0.3687
0.3281
0.2615
-0.0330
-0.1604
-0.0026
0.1496
0.1389
-0.2612
-0.3851
-0.5276
-0.3878
-0.4948
-0.6706
-0.8003
-1.0405
-1.1310
-1.1626
-1.0545
-1.3845
-1.2944
-1.3564
-1.6830
-1.9633
-2.0305
-1.8033
-2.1807
-2.4942
-2.5766
-2.8525
-2.5410
-2.9860
-3.0367
-3.0853
-3.0751
-3.0316
-2.9630
-2.6726
-2.6170
-2.8052
-3.1951
-3.3540
-3.5471
-3.6407
-3.8588
-3.9978
-3.9957
-4.3391
-4.3907
-4.5571
-4.4374
-4.6085
-4.4961
-4.1099
-4.4938
-4.7282
-4.7403
-4.4817
-4.8275
-4.8312
-4.7935
-4.7945
-4.7492
-4.6970
-4.3834
-4.3564
-4.7493
-4.6888
-4.6420
-4.4594
-4.5383
-4.4722
-4.6253
-4.4034
-4.5565
-4.3457
-4.5614
-4.6294
-4.4437
-4.6705
-4.2917
-4.3160
-3.7990
-3.9259
-3.6770
-2.9341
-3.7001
-3.7261
-3.6135
-3.5387
-3.2291
-3.2339
-3.4757
-3.3336
-2.9580
-3.0903
-2.7968
-2.9198
-3.2611
-2.8402
-2.9758
-3.1554
-3.4252
-3.1809
-2.8301
-2.5542
-2.6394
-2.8546
-3.2010
-3.0152
-3.2055
-2.8152
-2.9832
-2.9915
-2.6539
-2.7175
-2.7227
-2.7435
-2.4503
-2.6265
-2.2057
-2.6905
-2.5110
-2.3286
-2.1089
-2.3278
-2.2677
-2.1949
-2.7603
-2.5801
-2.2688
-1.9603
-1.8979
-1.4949
-1.8451
-1.5115
-1.5520
-0.1218
-0.6872
0.0343
0.5209
0.6114
0.9666
1.4371
1.6065
2.4699
2.5068
3.0348
3.3012
3.7039
4.1486
4.5077
4.3778
4.9340
4.5906
4.7335
5.1476
4.9543
5.4451
5.2464
5.4488
5.5330
5.5529
5.6495
5.8386
6.2323
6.6815
7.3389
7.7282
7.1654
7.2329
7.0245
7.1572
7.2803
7.2879
7.3525
7.5164
7.1539
7.6071
7.5045
7.6653
7.5895
7.2891
7.1981
7.1571
6.5635
6.5320
5.8096
5.8967
5.6068
5.4390
5.2576
5.1964
5.3127
5.7696
5.1883
4.7069
5.2056
3.8768
4.4859
4.1195
4.0512
3.7795
3.7550
4.1557
3.8110
3.4921
3.6076
3.8485
2.4955
2.6275
2.3588
2.7239
2.6009
2.1657
2.3740
2.1722
2.2103
2.6326
2.1068
2.6705
2.4307
2.2762
2.1177
2.3955
2.1275
1.2881
1.2533
1.5004
1.7224
0.6728
1.1749
0.3739
0.2179
0.3914
0.0727
0.2859
-0.5925
-0.6586
-0.4303
-0.6385
-0.5338
-0.4633
0.0643
-0.3754
0.2436
-0.4772
-1.1691
-0.6191
-0.9179
-1.3060
-0.4579
-0.9522
-0.8803
-0.7125
-0.4543
-0.8867
-0.5433
-0.5949
-1.1933
-0.6481
-0.3974
-0.9446
-0.6043
-0.8099
-1.0654
-1.2915
-1.3319
-1.6824
-1.6874
-1.9113
-1.7840
-1.8774
-1.1264
-1.6577
-1.5291
-1.6275
-1.8887
-1.7325
-1.2641
-1.4627
-1.0324
-0.6804
-0.6099
-0.9374
-0.2997
-0.5310
0.3167
-0.2316
0.0140
0.1774
-0.0281
-0.0167
-0.2265
0.1657
0.3996
0.2525
0.3588
0.1104
0.4838
-0.0123
-0.3089
0.2516
-0.0589
0.3370
-0.0009
0.5239
0.1304
0.5417
0.6303
1.3632
1.9797
2.8578
2.3794
2.7445
2.9599
3.3795
3.2123
3.7634
4.1499
4.5462
4.1730
4.2472
4.2059
4.4204
4.4815
4.9136
5.0438
5.1508
5.4178
5.1479
5.5713
5.8000
5.9916
6.1202
6.9187
6.0980
5.9239
6.5554
6.1808
6.1990
5.9764
5.4616
5.4847
4.9875
5.2317
5.0538
4.4414
4.9468
3.9759
3.9391
3.5784
3.4334
3.1808
3.0492
2.8785
2.5263
2.3280
2.1963
2.0578
2.1872
2.0138
1.6292
1.7773
1.4236
1.4856
1.3535
1.5046
1.3222
1.4046
1.3639
1.1308
1.2664
1.0474
0.7548
0.8954
0.6887
1.3996
0.4780
0.2342
0.4636
0.9834
0.8022
-0.0092
-0.2317
-0.4294
-0.1010
-0.3041
0.1741
0.1348
1.0003
0.6246
1.1494
0.8226
0.9690
0.7121
1.1594
1.1284
1.5712
1.6397
1.4904
1.3819
0.5787
1.0613
1.3897
0.9434
1.8811
2.3932
1.5955
2.0221
2.3770
1.9554
2.1619
2.6038
2.1157
2.6620
2.6274
2.9410
3.1559
3.4766
3.5212
3.2959
2.8334
2.7690
2.5248
2.5773
2.6010
2.8810
2.6391
2.5912
2.4878
3.3178
2.6954
2.7877
3.3445
2.7057
2.7632
2.5969
3.1627
2.4291
2.9160
2.8076
3.5802
3.6771
3.6424
3.8851
4.2046
2.5603
2.5976
3.0680
2.4176
2.0263
1.9817
2.0314
2.1603
1.7376
1.6554
1.2429
1.2908
0.7610
0.5539
0.2421
0.0254
-0.5076
-0.7575
-1.2033
-1.6344
-1.8025
-2.2046
-2.5908
-2.7318
-2.6803
-2.8963
-3.0965
-2.8847
-3.0983
-2.8668
-3.1011
-3.2010
-3.3029
-3.1763
-3.6224
-3.5316
-3.8036
-3.4905
-3.7474
-3.7137
-3.5300
-3.5341
-4.1422
-4.2911
-4.3726
-4.4133
-4.1755
-4.3683
-4.0682
-4.1863
-4.1110
-4.2971
-4.3455
-4.5699
-4.7386
-4.7630
-4.9607
-4.8237
-4.9642
-5.0378
-5.0395
-4.9512
-5.0081
-4.8606
-4.7128
-4.4555
-4.7698
-4.7429
-4.9488
-4.9426
-4.8188
-4.7402
-4.8162
-4.8410
-4.6334
-4.6707
-4.4655
-4.6319
-4.4053
-4.8196
-4.6823
-4.4928
-4.5192
-4.7555
-4.5731
-4.8385
-4.6213
-5.0183
-5.0408
-5.1179
-4.7446
-5.1081
-5.2062
-5.0153
-5.1548
-5.4861
-5.3618
-5.5109
-5.3240
-5.1509
-5.6767
-5.5957
-5.5676
-5.8860
-6.0256
-5.8218
-6.1494
-6.0082
-6.2153
-6.1606
-6.0382
-6.6830
-6.7155
-6.6450
-6.7975
-6.9502
-6.8506
-7.1205
-7.0738
-7.2523
-7.0019
-7.1737
-7.0490
-6.9711
-6.9824
-6.9954
-6.7697
-7.0134
-6.8404
-6.7281
-6.7008
-6.4608
-6.6993
-6.9509
-7.0478
-6.8962
-7.1886
-7.1540
-7.2334
-7.2631
-7.2457
-7.5163
-7.3302
-6.7484
-7.5730
-7.8031
-7.9179
-7.7617
-7.7778
-7.9810
-7.5750
-7.7105
-7.5673
-7.3302
-7.4220
-7.2269
-7.0882
-7.2863
-6.5508
-6.9381
-6.8086
-6.6504
-6.2160
-6.9303
-6.6580
-6.2009
-6.3453
-6.1207
-6.0676
-6.1563
-6.3047
-6.1244
-6.0230
-6.5216
-6.4946
-6.0438
-6.4065
-6.3946
-6.6956
-6.7090
-6.9911
-6.8431
-6.7625
-6.5795
-6.6259
-6.6008
-6.4976
-6.4328
-6.5242
-6.5157
-6.2243
-6.2350
-6.1824
-5.9816
-5.9619
-6.1653
-5.3163
-6.2774
-6.2034
-6.3092
-6.4675
-6.5081
-6.5247
-6.6800
-6.8173
-6.8405
-6.5687
-6.3643
-6.6263
-6.6333
-6.3095
-6.4966
-6.4140
-6.2679
-6.3974
-6.1368
-5.8735
-6.2329
-5.9720
-6.3139
-6.0609
-6.3572
-6.4163
-6.3838
-6.4613
-6.4901
-6.5457
-6.6371
-6.7158
-6.8577
-6.6365
-6.9057
-6.8412
-6.8506
-6.5729
-6.7684
-6.2544
-6.5868
-6.5828
-6.5389
-6.1515
-6.3706
-6.2317
-6.1483
-5.7062
-6.0115
-5.9080
-5.7934
-5.5308
-5.4579
-5.4726
-5.1301
-5.1863
-5.0901
-4.9925
-4.9939
-5.0095
-4.9841
-5.2007
-5.1467
-5.0970
-5.2333
-5.3824
-5.3347
-5.2855
-5.3251
-5.2980
-5.2241
-5.0810
-5.4483
-5.4615
-5.3629
-5.2648
-5.7732
-5.5300
-5.5543
-5.3673
-5.6128
-5.6059
-5.6880
-5.4975
-5.3832
-5.5425
-5.4919
-5.8313
-5.4661
-5.5777
-5.6982
-5.6823
-5.4155
-5.2480
-5.1279
-5.0555
-5.0811
-5.5464
-5.3139
-5.3874
-5.2994
-5.2017
-5.3161
-4.9432
-4.8697
-4.7925
-4.6327
-4.3716
-4.5418
-4.3748
-4.3174
-3.6065
-4.1099
-3.5623
-3.6044
-3.4732
-2.7847
-2.2205
-2.2891
-1.9090
-2.1976
-2.1298
-2.0809
-1.7819
-1.8874
-1.3426
-1.6120
-1.5648
-1.3023
-0.6749
-0.6500
-0.1658
-0.0000
0.0587
-0.3831
-0.4195
-0.1638
-0.3244
-0.6094
-0.3939
-0.6748
-0.0361
-0.1645
-0.3490
-0.4669
-0.2900
-0.3838
0.1445
-0.2691
-0.4182
-0.6040
-0.3972
-0.5594
0.0617
-0.2576
-0.0637
-0.0756
0.1608
-0.1027
0.1702
-0.3213
-0.0878
-0.0826
-0.0384
0.0513
-0.0469
0.0251
0.3388
0.4805
0.2513
0.1931
0.5495
0.5691
0.4276
1.1410
0.8360
0.8475
1.4023
1.1001
1.5029
1.5310
1.9018
1.7448
2.0804
2.4408
2.5775
2.7023
2.7683
2.5644
2.8546
3.0180
3.4148
3.7659
3.5722
3.5258
4.1909
3.7950
4.2724
4.2185
4.8040
4.4677
4.9095
4.9048
5.4187
5.6761
6.4642
6.6442
6.8417
6.9730
7.2915
7.4033
7.6552
8.1363
8.0483
8.7091
8.4453
8.7578
8.6739
8.8490
9.1270
9.2254
8.9729
9.0804
9.3285
9.3797
9.5511
9.9160
9.7099
10.1199
9.8727
9.8458
9.9809
9.9159
9.5914
9.5746
9.3021
9.1437
8.9894
8.9030
9.0430
8.9428
9.2100
8.7773
8.9135
8.5733
8.5449
8.7207
9.2399
8.7019
8.7685
8.7306
8.8324
8.5281
8.6052
8.4681
8.9274
8.3550
8.0914
7.8777
7.9908
7.8428
7.8025
7.0568
6.5812
6.3743
6.4161
6.4624
6.0430
5.8824
5.9425
6.3014
6.0896
5.2406
5.2226
5.1810
5.1105
4.7261
4.7039
5.2606
4.3588
4.5177
3.8855
3.9070
4.1819
3.4761
3.8913
3.6394
3.8264
4.0962
3.5493
2.7322
2.3254
2.1090
1.9908
2.4267
1.7714
1.8084
1.6473
1.6779
1.1129
1.0514
0.8284
0.9027
0.1549
0.1914
0.2078
0.0512
-0.2328
0.0653
-0.5302
-1.0269
-0.7843
-1.4859
-1.4700
-1.8845
-2.1438
-2.3829
-2.4577
-2.8246
-2.8323
-3.1946
-2.9675
-3.4549
-3.2150
-3.5632
-3.7037
-4.2149
-3.5408
-4.0564
-4.2844
-3.4770
-4.0630
-4.5831
-4.8981
-4.8283
-4.1452
-4.6086
-4.6062
-4.1705
-4.6821
-4.4491
-4.4756
-4.1972
-4.2906
-4.1666
-4.1359
-4.0281
-4.3487
-4.0580
-4.2077
-4.2748
-3.8729
-4.4060
-4.5902
-4.9034
-4.8602
-4.8514
-4.8743
-4.9637
-5.1645
-5.4533
-5.4350
-5.5189
-5.4910
-5.4162
-5.5340
-5.6253
-5.3303
-5.2874
-5.6286
-5.6264
-5.8200
-5.6923
-5.7386
-5.8803
-5.7404
-5.9558
-5.9077
-5.8989
-5.7432
-5.5957
-5.7028
-5.6428
-5.5695
-5.5899
-5.6546
-5.7923
-5.9044
-5.8708
-6.0119
-5.9094
-6.0136
-5.8644
-5.8580
-5.7049
-5.7123
-5.4638
-5.5803
-5.4509
-5.6091
-5.5412
-5.5019
-5.4871
-5.3053
-5.5886
-5.4655
-5.5689
-5.8482
-5.7721
-6.0775
-6.1930
-6.2810
-6.2774
-6.3231
-6.2440
-6.1878
-6.1463
-6.0099
-6.0471
-5.9855
-6.0222
-6.0356
-5.7546
-5.9738
-5.9391
-5.9605
-5.9241
-5.8236
-5.3285
-5.6914
-5.7241
-5.7972
-5.7989
-5.8581
-5.8050
-5.6358
-5.7581
-5.6789
-5.6653
-5.6782
-5.8487
-5.9544
-6.1724
-6.2644
-6.3876
-6.3383
-6.6847
-6.8675
-6.9710
-6.9581
-6.7906
-6.4659
-6.5856
-6.5569
-6.7008
-6.6525
-6.8315
-6.8140
-6.8949
-6.8127
-6.8288
-6.7614
-6.8089
-6.7650
-6.7525
-6.4520
-6.5585
-6.4431
-6.3522
-6.2820
-6.1606
-6.1317
-5.9514
-5.9743
-5.7929
-6.0361
-6.2029
-6.1784
-6.2037
-5.8100
-5.8995
-5.6236
-5.4787
-5.3673
-5.1008
-5.0757
-4.7623
-4.5887
-4.4630
-4.1485
-4.1488
-4.0591
-4.0371
-3.4714
-3.6144
-3.6376
-3.6988
-3.5969
-3.5424
-3.2226
-3.3339
-3.0071
-3.0126
-2.9769
-2.7299
-2.7917
-2.6038
-2.6428
-2.2548
-2.4459
-2.2985
-2.2676
-1.9441
-1.9831
-1.8371
-1.6287
-1.4944
-1.2199
-0.9475
-0.9727
-0.9615
-0.9081
-0.6461
-0.7982
-0.7207
-0.5712
-0.4413
-0.3870
-0.3401
0.0988
-0.3112
-0.0860
-0.2184
-0.4646
-0.4926
-0.4189
-0.4774
-0.4564
-0.5905
-0.6087
-0.5792
-0.6540
-0.6195
-0.5171
-0.4443
-0.6884
-0.6553
-0.3157
-0.6743
-0.4631
-0.6044
-0.5867
-0.5873
-0.6160
-0.6841
-0.5024
-0.7247
-0.6265
-0.4796
-0.1520
-0.2383
-0.1920
-0.0370
0.0184
0.2141
0.5375
0.6849
0.8033
0.6296
0.7940
1.1963
1.0996
0.7377
0.8536
0.9153
1.8271
1.1387
1.0308
1.2754
1.2121
1.2038
1.0749
1.2148
1.6905
1.6421
2.3138
2.2373
1.8903
2.2619
2.6906
3.0176
2.5848
2.7996
2.2594
2.6123
1.8118
2.0664
1.6562
1.8199
1.7434
1.3473
1.1613
1.8149
1.4520
1.0724
0.8329
0.5991
0.2538
0.1343
0.1993
-0.3307
-0.1830
-0.4596
-0.7660
-1.0708
-0.8864
-0.7825
-0.8962
-0.9773
-1.2223
-1.2657
-1.2627
-0.6863
-0.6865
-0.3049
-0.2301
-0.5652
-0.2660
-0.8340
-0.6190
-0.9575
-0.6655
-0.4384
-0.7491
-0.6675
-0.5123
-0.1313
-0.4761
-0.3358
-0.0075
0.0862
0.2037
0.2935
0.2541
0.3532
0.5508
0.7588
-0.2616
-0.6320
-0.3715
-0.7574
-0.8300
-0.3326
-0.3706
-0.9952
-0.6723
-0.4512
-0.8203
-0.0112
0.5800
0.0483
-0.3956
-0.6123
-1.3214
-0.7504
-1.2635
-1.2756
-1.0447
-1.5184
-1.9092
-1.3232
-1.7429
-2.5194
-1.8029
-2.3051
-1.0636
-2.2153
-2.5588
-3.2492
-2.3848
-3.3563
-2.6517
-2.9714
-2.2388
-2.9259
-3.2332
-3.6862
-3.2477
-3.6887
-3.1549
-3.5585
-3.1678
-2.8425
-3.0688
-2.6423
-2.9535
-3.2967
-2.9455
-2.5497
-2.6216
-2.5624
-3.4380
-3.0347
-3.6560
-3.8559
-3.9789
-4.3068
-3.5310
-4.1796
-4.0150
-4.4652
-4.7694
-4.9353
-5.2310
-4.7999
-4.5249
-4.4454
-4.4999
-4.3362
-4.3161
-3.7232
-3.2997
-3.7634
-3.6364
-3.6191
-3.2445
-2.5860
-2.3038
-2.5745
-2.2168
-2.1479
-1.3430
-1.1332
-1.2563
-0.8748
-0.0692
0.0945
0.1442
0.7080
0.7490
0.5020
0.4623
0.5933
1.8288
1.3323
1.6078
1.2368
1.2527
1.1926
1.9682
1.7709
2.3228
2.3563
2.9348
2.8312
3.2416
3.2951
3.3297
3.2934
3.6818
3.6944
4.0737
3.5912
4.2410
3.6954
3.3564
3.4460
3.0359
3.5084
3.1021
3.2365
2.5897
3.1326
2.9173
3.7845
3.9961
4.2683
3.5468
2.7538
3.2034
2.6127
2.4465
1.8044
1.6102
1.7341
1.9570
1.8947
1.9579
0.9839
0.6145
0.9389
1.0345
1.6390
1.2538
1.5731
1.2702
1.4293
1.5068
1.1252
1.6000
1.3666
1.5814
1.4990
1.9195
1.8112
1.1154
1.5470
1.9155
2.4512
2.1787
2.5484
2.4033
2.4387
2.4089
2.4949
2.9826
2.6335
2.9622
2.7949
3.2141
3.0271
3.4766
3.0828
2.8870
3.2749
4.2434
4.4821
5.0539
5.6505
5.9247
6.1887
6.2435
6.7801
7.0882
6.9456
7.2156
7.3222
7.2245
7.8623
7.8155
8.0045
8.1255
8.3392
8.3427
8.5898
8.7110
8.5240
8.8764
8.4905
8.4186
8.2985
8.3423
8.5365
8.3023
8.5873
8.4798
8.0767
7.6711
7.5807
7.6439
7.8722
7.8542
7.9770
7.7276
7.9172
7.7746
7.6265
7.9515
7.6696
7.1952
7.0938
6.9030
6.8824
6.8191
7.1339
6.8559
7.3434
6.8533
6.5743
6.5137
6.4728
6.9259
6.5277
6.5030
6.4518
6.3589
6.8019
6.8025
6.5630
6.6727
6.5595
6.7003
6.9024
6.7751
6.9033
6.7819
7.1444
7.2473
7.1363
6.8640
6.9028
6.5772
6.8706
6.0415
5.7146
5.6251
5.3379
5.6778
4.9251
5.2967
5.1780
4.6029
4.3654
4.5018
5.0351
4.5019
4.7805
5.5976
5.0505
5.4261
5.3108
6.1968
5.4797
5.7909
5.5162
5.4615
5.2847
5.1445
4.8337
4.9840
5.5015
5.4883
4.6372
5.6005
5.3265
5.4512
5.5606
4.8016
5.0373
4.7781
4.2257
3.8927
3.6984
3.4381
4.0454
3.4518
3.7254
3.7970
3.1565
3.1074
2.6502
2.4964
2.6627
2.5048
2.6535
3.3394
3.2813
3.3748
3.1960
3.0334
3.1735
3.1044
3.0840
3.2813
2.8814
2.9470
3.1296
3.2685
3.5318
3.4869
2.9614
3.3317
2.6332
2.5988
2.9267
3.3916
3.3322
3.7548
4.6052
5.3369
5.6184
5.8765
5.7266
6.1483
6.2083
6.5820
7.0633
6.8397
7.4923
7.3196
7.5826
7.0623
7.2720
7.1091
7.2610
7.1541
7.6223
7.7300
7.3622
7.7973
7.5408
8.0518
7.4898
6.9417
7.3030
7.6947
6.9942
6.9117
7.2938
7.3886
7.5394
7.5649
7.7231
8.0819
8.4779
8.6477
9.0817
8.0321
8.0658
8.5080
7.6702
7.9835
8.0598
7.9002
8.3218
8.0034
8.0775
8.1565
7.8813
8.0991
7.7800
8.3528
7.8486
7.8738
8.0030
8.2913
7.6008
8.2280
7.8453
7.5677
7.0299
6.9652
7.1073
6.2174
6.2371
6.1979
6.1797
5.6466
5.7389
5.9771
6.2375
6.7540
6.2193
6.5344
6.5672
6.8442
7.6014
7.1142
6.4617
6.4446
5.6802
5.5079
5.3243
5.2559
5.1789
5.5389
5.1163
5.3303
4.9927
4.9151
4.9285
4.6501
5.3981
4.9625
4.4697
4.2908
4.2216
4.4756
4.5931
3.2576
2.7624
2.1525
2.0721
2.1060
1.7801
1.4919
1.6933
1.9110
1.3998
1.3302
0.8875
1.3321
1.1180
0.9089
1.0921
0.6156
0.5822
0.9588
0.8971
0.8019
1.4518
1.1978
1.9462
1.3788
1.4115
1.1650
1.6633
1.7382
2.6212
2.0482
1.8676
2.3670
2.0314
2.0716
1.9409
1.5030
1.7968
1.8460
1.6818
1.5781
1.1850
0.9923
0.4761
0.9166
0.2313
0.4450
0.3120
-0.2349
-0.2883
-0.9366
-1.6527
-1.2625
-1.6564
-2.1169
-2.1143
-2.7859
-2.4339
-2.7167
-3.2963
-3.3930
-3.8200
-3.4047
-3.8589
-4.0829
-4.1720
-4.2945
-4.4738
-4.3710
-4.3730
-4.3149
-4.4410
-4.7174
-4.8286
-5.0409
-4.8151
-4.9029
-4.7101
-4.5058
-4.1180
-4.3296
-4.2379
-3.9905
-4.0895
-3.7885
-3.2780
-3.3225
-3.3699
-2.9521
-2.9706
-2.7988
-2.5928
-2.2858
-1.7664
-1.9410
-1.7218
-1.0583
-0.3072
-1.1270
-0.8324
-0.6084
-0.9060
-1.0162
-0.3606
-0.5937
-0.9066
-0.3263
-1.0277
-1.1899
-0.1362
0.1924
-0.7325
0.2031
0.3612
-0.0857
0.4273
0.2397
0.2771
0.3469
0.8808
1.0191
