3.08090484
3.24329296
3.48864125
3.60021660
3.63435387
3.94849368
3.91034625
4.41945150
4.57219828
4.97169653
4.86448744
5.01599024
5.16963016
4.99745855
5.33587224
5.34168651
5.79079240
6.06044843
6.16004221
6.37331303
6.70027924
6.98092994
7.15476534
7.17598689
7.43383564
7.49817607
8.10365944
8.00183726
8.06995263
8.15389756
8.34637059
8.45903309
8.49563393
8.59366553
8.78643642
8.82669756
8.90719630
8.91763122
8.82255493
8.90834167
9.04282934
8.97187140
8.93269276
8.83137688
8.68256365
8.57839939
8.54958885
8.48268838
8.47868141
8.91743150
9.02366038
9.00611152
8.02015498
8.09525365
8.11432767
7.44585260
7.36694667
7.56226958
7.44361297
7.55409046
7.77856846
7.90380877
7.33643006
7.59693759
8.57962109
8.64532297
8.64697288
7.99310433
8.13491813
8.08329524
7.37740680
8.39474711
7.62345397
8.16810081
7.93051742
