-0.1050
0.3650
0.4986
0.8638
0.6520
0.8455
0.3589
0.2433
0.2806
0.2748
0.6418
0.4338
0.7708
0.7374
0.7566
1.2821
1.0276
0.5771
0.7050
0.2352
0.6683
0.5606
0.4853
0.9143
0.5697
0.7900
0.0477
-0.0721
0.6660
0.4030
0.8340
0.5247
0.7578
1.3252
0.5144
0.3751
0.9165
0.2375
1.2260
1.2785
1.1556
1.8084
0.8991
1.6387
1.8321
1.7622
1.8548
1.4994
1.9081
1.8062
2.1172
1.7172
2.0297
1.7100
2.3075
2.3599
1.5956
2.3087
2.0358
2.6537
2.3720
2.3929
1.6171
2.4218
1.0192
1.3610
1.1289
1.9061
1.6208
1.4006
2.0702
1.3236
2.0200
1.6923
2.6012
2.0693
2.0077
1.5432
1.9829
1.7562
2.2581
2.2364
2.4180
2.3842
2.2264
2.6226
2.4363
1.6677
1.6398
1.4102
1.5827
1.7990
1.9242
1.6034
2.0262
2.2411
2.2266
2.1843
2.1071
2.1114
2.0691
1.7801
1.3663
1.6406
2.0723
1.8932
1.9290
2.5214
2.0946
2.1331
2.7079
2.1179
2.4239
2.1622
2.3165
2.3826
2.2269
2.3929
2.6106
2.3913
2.4444
2.1971
2.2717
2.0640
1.7832
2.1769
2.1220
2.1067
2.3805
1.8169
1.8749
1.8024
1.8502
1.5611
1.9659
1.4037
1.5326
1.1092
1.0268
1.3673
1.0428
0.9798
0.9962
1.0063
1.3621
1.1865
1.2547
1.0563
0.9656
1.0426
0.8667
0.9366
0.6818
0.6023
0.4671
0.6291
0.6274
0.1175
0.1001
0.0180
0.2964
0.0544
0.2399
0.3473
0.5448
0.2714
0.1153
0.0838
-0.0166
0.2670
-0.0835
0.1422
0.1370
-0.0602
0.0959
0.1111
0.1258
0.1671
0.0959
0.0479
0.1009
0.1941
0.2138
0.2002
0.3931
0.2715
0.2877
0.2630
0.1914
0.0171
-0.0544
-0.1525
0.0938
0.1270
-0.0677
0.1001
0.4374
0.1767
-0.1358
0.1837
0.0119
0.0409
0.2832
0.0201
-0.0248
0.2659
0.2749
0.1165
0.1695
0.1141
-0.0627
-0.1561
-0.1679
0.0222
-0.0013
-0.1113
0.0534
0.3457
0.0547
0.2591
0.0904
0.3572
0.6816
0.2069
0.3476
0.3033
-0.0089
0.6764
1.1124
1.1646
1.1914
1.3280
1.3248
1.2914
0.8331
0.3153
0.3744
0.5181
0.6123
0.2647
0.4139
0.2704
0.3997
-0.1736
-0.6070
-0.8740
-1.0619
-0.2516
-0.7587
-0.5673
-0.9414
-0.8695
-0.9235
-1.2774
-1.4383
-1.1883
-1.3426
-0.5056
-0.9525
-0.2303
0.4383
0.0939
-0.2761
-0.0256
0.2909
0.5787
0.2648
0.1399
0.8374
0.4736
1.0739
0.5334
0.7263
0.0361
0.0169
0.6393
-0.0677
0.2355
0.5314
0.7863
1.0585
0.8533
0.7727
0.7746
0.1212
0.6340
-0.0470
-0.0767
0.0485
0.2151
0.1608
0.6173
0.0400
0.0255
-0.1111
-0.1337
-0.2571
-0.1745
-0.0397
0.1724
0.5488
0.0656
-0.1541
-0.1321
0.0556
-0.1529
-0.3494
-0.1418
-0.3771
-0.3775
-0.3067
-0.3480
0.0144
-0.3022
-0.3069
-0.3156
0.0017
-0.2881
-0.5271
-0.2433
-0.5395
-0.4817
-0.6078
-0.2787
-0.5939
-0.3344
-0.4782
-0.5571
-0.4931
-0.4483
-0.4776
-0.5831
-0.5987
-0.6479
-0.4444
-0.6262
-0.4430
-0.6308
-0.6172
-0.5731
-0.4355
-0.2862
-0.2458
-0.0161
-0.2328
-0.1302
-0.2113
-0.3171
-0.2354
-0.0503
-0.1646
-0.1634
-0.1553
-0.2007
-0.0712
-0.0670
0.0382
-0.0819
-0.0718
-0.0833
0.1776
0.0313
0.1596
0.1326
0.1739
0.1788
0.1588
0.4258
0.3722
0.1831
0.1979
0.2187
0.3538
0.9748
0.4947
0.5358
0.9098
1.0866
0.7983
0.9570
1.0610
0.9305
1.0087
1.0878
1.0757
0.8798
1.1161
0.6501
0.5867
0.3779
0.4560
0.0420
0.3201
0.4107
0.4273
0.5766
0.6508
0.4715
0.6670
0.6690
0.3257
0.2319
0.7736
0.3608
0.2425
0.2555
-0.1360
-0.0005
-0.0703
-0.3591
0.1520
-0.4757
-0.7200
-0.4632
-0.9369
-0.9546
-0.8322
-0.9523
-0.7368
-0.7027
-0.3978
-0.3460
0.0228
-0.1276
0.0807
-0.0994
-0.1280
-0.0802
-0.1579
0.0672
-0.0089
-0.2656
-0.1266
-0.1801
0.0123
-0.1539
-0.0681
-0.1417
-0.0805
-0.0926
-0.1612
-0.1423
0.0010
0.1698
0.2541
0.2752
0.2662
0.5825
0.2631
0.2473
0.4794
0.5687
0.6521
0.6489
0.6262
0.9176
0.7544
0.8005
0.8917
0.6698
0.8749
0.6149
0.4373
0.7037
0.7974
0.6556
0.5949
0.9856
0.6119
0.4276
0.7190
0.2404
0.0693
0.1503
0.4537
0.2475
0.1244
-0.2989
-0.1485
-0.1767
0.1895
-0.0814
-0.0289
0.2541
0.2477
0.3740
0.4575
0.2812
0.3609
-0.2574
0.0419
-0.2355
-0.4719
-0.2852
-0.4436
-0.5777
-0.8288
-0.8465
-0.2036
-0.4582
-0.6399
-0.3562
-0.4873
-0.3138
-0.4132
-0.3517
-0.0805
-0.3392
-0.5471
-0.7434
-0.3296
-0.2284
-0.9094
-0.3703
-0.4138
-0.8435
-0.7365
0.2032
-0.3535
0.0199
-0.5269
0.5527
0.0926
0.1599
-0.0502
0.2169
0.5171
0.3198
0.3807
0.2740
0.7495
0.4441
0.4739
0.4032
1.0924
1.2143
1.4520
1.1580
0.9723
1.4662
1.0410
0.8510
0.9695
1.0246
2.2953
2.1099
1.6510
2.3419
1.8925
1.9169
2.5592
2.4190
2.7884
3.1574
2.9115
2.8170
2.6061
3.0207
2.8222
3.2962
2.6116
3.0840
2.4053
2.4045
2.7871
2.3918
2.7727
3.1229
2.4582
2.7432
3.4254
2.6452
3.1268
3.1862
3.4625
2.6687
2.8847
2.1196
2.1146
1.5260
1.4243
1.5724
0.8954
1.0427
0.7758
0.8417
0.7950
1.0956
0.9928
0.9466
1.0820
0.8613
0.8416
0.6928
1.2600
0.6244
0.6724
0.7321
0.3303
0.4547
0.0385
0.2142
-0.1396
-0.1355
0.4296
0.0555
0.5869
0.2299
0.2477
0.2064
0.2384
0.1894
0.5968
0.3752
0.8690
0.2110
0.3925
0.0065
0.5690
0.2617
0.5685
0.5409
0.6275
0.5930
0.4864
0.5292
0.6660
0.9881
0.8852
1.3260
0.6515
0.7157
1.1665
0.9181
1.1770
1.2035
0.9172
1.0618
1.2595
1.2534
1.0258
1.0888
0.8177
0.9220
0.9164
1.0842
0.7149
1.5984
1.9897
1.8990
1.3615
1.5400
1.8220
1.3329
1.3736
1.3811
0.9617
1.4036
2.2137
1.4867
1.7046
1.0807
1.4738
1.3632
1.1406
1.0345
1.1210
0.9531
0.9638
0.8832
0.7343
0.7058
0.6873
0.9486
1.1189
1.0677
0.9553
1.0224
0.8141
0.7864
0.5949
0.5438
0.7312
0.5007
0.7088
0.6893
0.6852
0.8655
0.5401
0.5747
0.7349
1.0332
0.4602
0.4556
0.2066
-0.0418
-0.0981
-0.0031
0.2736
0.1851
-0.0971
0.0275
-0.0149
0.0506
0.2901
0.4708
0.5942
0.4786
0.2993
0.7576
0.4253
0.6399
0.7413
0.8080
0.6930
0.4591
0.5837
0.7198
0.7110
0.5683
0.6932
0.7714
0.6412
0.8409
1.3343
0.7363
1.2163
0.8655
1.0161
0.6043
0.7415
0.6900
0.9828
0.8108
0.9292
0.6459
0.9952
0.8289
0.5050
0.4372
0.5780
0.4529
0.6193
0.7084
0.6034
0.5871
0.6182
0.8186
0.4449
0.5284
0.6340
0.6056
1.3568
0.5051
0.4838
0.4294
0.0177
0.3058
-0.0492
0.4130
-0.0450
0.6187
0.3351
0.6559
0.3847
0.8004
0.3768
0.6414
0.3593
0.8485
0.3775
0.6076
0.5354
0.6809
1.1474
0.6238
0.1541
-0.1366
-0.0262
0.2627
0.0173
-0.2118
0.0864
0.0260
0.4009
0.2479
0.1930
0.4632
0.1308
0.5957
-0.3035
-0.4969
-0.6716
-0.6585
-0.8801
-0.8764
-0.6054
-0.7594
-0.7618
-0.8277
-1.0707
-1.0249
-1.2185
-1.1684
-1.1768
-0.8249
-0.8923
-0.7900
-0.7698
-0.7209
-0.1934
-0.2050
-0.0289
-0.3163
-0.2180
0.0298
-0.2524
-0.0205
0.0191
-0.1814
0.0447
-0.0375
-0.0450
-0.1415
0.6673
0.4524
0.0687
0.3842
-0.0594
0.4493
0.3511
0.9031
0.5671
0.3979
0.7400
0.7075
0.8383
1.3369
0.7226
0.9614
0.8725
1.1388
0.5580
1.1879
1.1641
1.4047
1.4958
1.3988
1.3391
2.3047
1.5662
1.5815
0.9351
1.5326
0.9461
1.5984
0.8349
1.4868
1.1503
1.4638
1.2838
1.2782
1.4384
1.0820
1.2410
1.0681
1.1210
0.8743
0.7429
0.6268
0.4539
0.4995
0.1579
0.0496
-0.0366
-0.0908
0.0428
-0.1150
-0.2229
-0.2209
-0.3148
-0.2886
-0.2567
-0.2296
-0.2625
-0.2530
-0.2431
0.0418
-0.0653
-0.0326
-0.0352
0.1344
-0.0815
-0.0010
0.1752
0.0849
0.3038
0.2679
-0.0443
0.1888
0.2031
0.4260
0.3610
0.4567
0.5271
0.9012
1.0437
1.2686
1.0899
0.8849
0.6107
0.4952
0.3678
0.3606
0.3450
0.5172
0.6684
0.9353
1.1277
0.8517
0.6168
1.0471
0.6743
0.7986
0.6391
0.8338
0.4258
0.5162
0.3704
0.4108
0.4784
0.5148
0.5834
0.6188
0.6749
0.6616
0.5968
0.5832
0.4598
0.5037
0.4998
0.7449
0.5873
0.5700
0.5402
0.5137
0.4119
0.4510
0.2777
0.3595
0.3413
0.4942
0.3992
0.3466
0.2996
0.6344
0.9282
0.9003
0.5853
0.7223
0.8929
0.5461
0.9027
0.9244
1.2233
1.3327
1.3356
1.3358
1.9176
1.9595
1.8312
1.2346
1.1775
1.1623
1.2923
1.0554
0.7597
1.1481
0.7351
1.4524
1.2871
0.8360
0.9624
0.9743
0.6647
1.1532
1.4543
0.2509
0.4218
0.0480
-0.2393
0.0861
-0.0293
-0.1516
-0.4363
-0.3269
-0.2262
0.3408
-0.0817
0.2710
0.0768
0.7730
0.1146
-0.0133
0.2282
-0.0477
-0.3701
-0.3958
-0.4669
-0.3749
-0.6096
-0.5332
-0.1744
-0.5554
-0.6691
-0.2426
-0.8828
-0.9175
-0.6830
-0.1414
-1.1116
-0.7049
-0.4910
-0.2761
-0.1124
0.0552
-0.0010
-0.0189
-0.3260
-0.4810
-0.3377
-0.0945
0.3106
0.1081
0.5129
-0.1301
-0.0144
0.0964
-0.1573
0.1959
0.0350
-0.0640
0.2948
0.2876
0.0689
0.6782
0.9787
0.1748
0.0311
0.0598
0.4220
-0.2779
-0.2228
-0.0746
-0.2438
-0.0676
0.1329
0.1580
-0.2502
0.2420
-0.2296
0.1692
-0.1275
0.4081
0.2196
0.2547
0.0024
0.0580
0.6497
-0.0617
-0.0438
0.6098
1.0926
0.0368
-0.0017
0.4409
0.4604
0.2737
-0.0122
0.0591
0.5259
0.0018
0.1539
0.2049
0.4182
0.0965
0.0251
-0.0605
0.0595
0.1485
-0.0086
0.1095
0.1416
-0.2701
-0.5117
-0.3731
0.3303
-0.2433
0.0626
-0.0962
-0.0228
-0.1836
0.3650
0.5957
0.9568
0.6852
1.0955
1.3092
0.8259
0.6210
1.2447
2.1095
3.0731
2.6302
3.5771
2.8896
3.7982
2.9935
3.5624
3.2750
3.3978
3.3838
3.2005
3.0246
2.6883
2.4758
2.8309
2.6369
2.5441
2.5705
2.4453
2.2968
2.0189
2.5793
2.6648
2.0687
1.9688
1.7604
1.4825
1.6254
0.9185
1.0420
1.0108
0.8809
1.0672
1.1480
1.0983
0.6486
0.8234
1.1645
0.3998
0.4456
0.6123
0.3930
0.4378
0.4187
0.5372
0.5575
0.8903
0.7750
0.8088
1.5249
1.0243
1.1542
1.3671
1.2420
0.8980
1.2099
1.1369
1.3557
1.6117
1.8784
2.0049
1.8285
1.8535
1.8117
1.6546
1.5897
1.3993
1.2796
1.1513
1.0738
1.2330
1.0471
1.0307
1.1124
1.2671
1.1707
1.1395
1.2344
1.1781
1.1994
1.0950
1.1453
1.2910
1.1052
1.2632
1.3040
1.2030
0.9944
1.1668
1.0407
0.9303
1.0086
1.2602
1.0311
0.9605
1.2283
1.2016
0.9462
0.9327
1.0293
0.7571
0.6376
0.5237
0.3766
0.2578
0.2792
0.2234
0.5194
0.5578
0.5220
1.0051
1.2681
0.7946
0.6833
1.2778
0.7770
0.3669
0.5061
0.7664
0.2875
0.4459
0.3830
0.9227
1.0721
0.6886
0.7343
0.5452
0.5993
0.4846
0.5482
1.2380
0.9816
0.5326
0.6899
0.4705
0.8232
0.3243
0.4399
0.8198
0.8008
1.0267
1.8690
1.3546
1.2700
0.9385
0.9146
1.1299
0.9517
1.1621
1.0630
0.9434
1.2398
1.0555
0.3704
1.1167
0.2909
0.3212
0.1467
0.4231
0.1638
0.1313
0.3272
0.4805
0.9447
0.7399
0.3022
-0.1297
0.0177
-0.3582
-0.2723
-0.3473
0.0392
0.0618
-0.3073
-0.4999
-0.6636
-0.6865
-0.3416
-0.5344
-0.3735
-0.4466
-0.2966
-0.1362
-0.6235
-0.3631
-0.6766
-0.7487
-0.6419
-0.2758
-0.9072
-0.5026
-0.5729
-0.2751
-0.3732
-0.0573
-0.4784
-0.8552
-0.8977
-0.5362
-0.6802
-0.6161
-0.7180
0.0495
-0.4149
-0.5522
-0.3267
-0.4497
0.0869
0.3013
0.4647
-0.1585
0.1776
0.7576
-0.0314
0.1511
0.4303
1.1802
0.7173
0.6826
0.2911
0.3779
0.8370
1.3368
1.9172
1.5804
1.2229
1.2849
1.7168
2.0314
1.6547
1.2295
1.6040
1.1157
1.4140
1.0853
1.0288
1.4937
1.1216
1.3044
1.2827
1.4589
1.8217
1.6430
1.2436
1.2178
2.0029
1.6637
1.5718
1.8486
2.4577
1.8847
1.6853
1.9903
1.2970
1.7254
1.7600
1.6022
0.9330
1.6449
1.2714
1.3931
1.6689
1.5609
1.2844
1.6148
1.6151
1.5670
1.1133
1.0843
0.9096
1.1102
1.4592
1.9559
1.6489
1.5306
1.3631
1.4396
1.4845
1.8938
2.1353
2.0941
1.9623
2.5709
2.2803
2.8338
2.9561
2.8200
2.9134
2.9425
2.6594
2.5436
1.9750
1.6542
1.2362
1.1218
0.6725
0.5275
0.4688
0.6766
0.7075
0.6083
0.5023
0.1680
0.2528
0.0448
0.0991
0.0407
0.3261
0.1397
0.3786
0.1361
0.0782
0.1781
-0.1217
0.1031
0.0735
0.0156
0.3334
0.2263
0.7024
0.5531
0.3205
0.2962
0.8767
0.2523
0.3274
0.4289
0.0399
-0.0753
0.2323
0.1401
-0.0150
0.6727
0.0295
0.2069
0.2868
0.0529
-0.1441
-0.1052
-0.4682
-0.2316
-0.3722
-0.3200
-0.2445
-0.6445
-0.8028
-0.8709
-0.7903
-0.7489
-0.6251
-0.6787
-0.6145
-0.7111
-0.7090
-0.7089
-0.5240
-0.5883
-0.6005
-0.5374
-0.5788
-0.6175
-0.6760
-0.6291
-0.6383
-0.5204
-0.5595
-0.4211
-0.4161
-0.3550
-0.3791
-0.4467
-0.1913
-0.4356
-0.1565
-0.3298
-0.2443
-0.2402
-0.1622
-0.2431
-0.1916
-0.0428
-0.0316
-0.0130
-0.2608
-0.3238
-0.4834
-0.5422
-0.7105
-0.7035
-0.6939
-0.5761
-0.2007
-0.1320
-0.3025
-0.4131
-0.5570
-0.7640
-0.8789
-0.9921
-0.9874
-1.0196
-1.0306
-1.0549
-1.1394
-1.1917
-1.2456
-1.3488
-1.4048
-1.4957
-1.5058
-1.4331
-1.1554
-1.2596
-0.9602
-0.5379
-1.1069
-1.1152
-0.7753
-0.6799
-0.8783
-0.2640
-0.5299
-0.6108
-0.1849
-0.5395
-0.3894
-0.2950
-0.2649
-0.5025
-0.2603
-0.4929
-0.1177
-0.6218
-0.3526
-0.6905
-0.5151
-0.5408
-0.4348
-0.3365
-0.3329
-0.5427
-0.1235
-0.5785
-0.7238
-0.7900
-0.8163
-0.7856
-0.5811
-0.4532
-0.5987
-0.3697
-0.5286
-0.5007
-0.2175
-0.6545
-0.8018
-0.5431
-0.3285
-0.7960
-1.0137
-0.7366
-1.1187
-0.9614
-1.6878
-1.4257
-1.8499
-1.3905
-1.9253
-1.7607
-1.5026
-1.3170
-1.0497
-1.2928
-0.5975
-0.4197
-0.1388
-0.7298
-0.9250
-0.8697
-0.5786
-0.5749
-0.3629
-0.3805
-0.8247
-0.6656
-0.8622
-0.4354
-0.1762
0.8918
-0.4961
1.3361
-0.1246
0.3426
1.2353
1.3850
1.7043
1.9706
1.9713
1.9955
1.0253
1.3497
1.7416
1.1721
1.3125
0.7307
1.5617
1.8591
2.2284
2.4691
2.0373
1.6187
1.8136
3.3521
2.5280
3.0646
2.6697
3.0158
3.1463
2.6855
2.7876
2.6410
2.7163
2.0087
1.9240
1.4161
2.0243
1.5088
1.1046
1.3186
0.8144
1.3426
1.1111
1.2697
1.5366
1.2473
0.8159
0.5673
0.5738
0.0392
-0.0050
-0.2394
-0.4085
-0.4699
-0.2494
-0.3140
-0.1029
0.3094
0.3249
0.4914
-0.1509
-0.3302
-0.3348
-0.3355
-0.2072
-0.1424
0.1120
-0.4002
-0.3876
-0.3906
-0.3309
-0.2266
-0.1498
-0.2849
-0.5040
-0.4737
-0.4738
-0.3197
-0.5380
-0.6263
-0.6809
-0.6659
-0.7090
-0.7551
-0.6051
-0.8521
-0.6959
-0.6930
-0.9026
-0.6502
-1.1578
-0.8548
-0.9941
-0.7361
-0.6291
-0.4496
-0.4551
-0.1177
-0.6453
-0.6956
-0.6448
-0.4311
-0.2744
-0.0683
-0.1531
-0.2057
-0.3919
-0.5019
-0.5905
-0.3976
-0.6898
-0.7127
-0.8402
-0.8683
-0.8925
-0.8562
-0.8092
-0.5239
-0.6554
-0.6155
-0.5083
-0.5238
-0.4359
-0.4571
-0.4324
-0.3174
-0.3644
-0.3972
-0.5330
-0.5467
-0.4577
-0.2766
0.0142
-0.1262
-0.1194
-0.1990
-0.2307
-0.3487
-0.3341
-0.3806
-0.2992
-0.3807
-0.3192
-0.1377
-0.0395
-0.0542
0.0912
-0.1065
0.3770
0.4276
0.4628
0.5989
0.5694
0.3933
0.4142
-0.0315
0.0926
-0.2109
-0.5343
-0.4326
-0.4064
-0.3201
-0.0146
0.2510
0.5930
0.7112
1.1390
0.8751
0.3796
0.1914
0.8796
1.0820
0.8223
0.7319
0.9257
1.2672
0.8626
1.4469
1.4849
1.5650
1.5195
1.0011
1.6360
0.9936
0.8460
2.4500
2.4274
2.3826
1.0648
1.8513
1.4570
2.4477
3.3827
2.9577
2.6490
2.1748
2.3808
3.0265
3.2933
2.2631
1.7943
1.6679
1.4619
1.5886
1.4484
1.8645
2.2338
2.2340
1.7536
1.6841
1.4718
1.6680
1.3102
1.7538
1.4093
0.9529
1.2529
1.9050
1.4145
0.8994
0.8553
1.2106
0.5648
0.8377
0.9723
0.8350
1.0614
1.1850
1.1035
0.5246
0.3818
0.3598
0.9101
0.3065
1.1329
1.1728
0.9042
1.1665
0.9327
1.0488
0.9862
1.0169
0.8907
0.9108
0.8566
0.7657
1.1937
1.3709
0.9057
0.5400
0.6855
0.4860
0.7716
0.6985
1.3223
1.2300
0.8557
1.2771
1.1266
0.7563
0.6863
1.1155
1.0604
0.7883
0.5864
0.2478
0.1683
0.3673
0.4951
0.0714
0.5846
0.3742
0.9075
-0.1316
0.5790
0.5576
1.0476
0.5963
0.9702
0.9985
1.4937
0.9753
2.1743
0.8521
0.7818
0.7769
1.1837
0.7731
1.2413
0.6626
0.2415
0.4058
0.4960
0.4333
0.2018
0.1635
0.5083
0.1228
0.4972
0.5468
0.5564
0.2797
0.6103
0.2922
0.3489
0.3738
0.5159
0.4266
0.3256
0.5867
0.7821
0.4677
0.5391
0.5700
0.5560
0.5225
0.4846
0.5515
0.5262
0.5844
0.7961
0.7477
0.7798
0.8956
0.8544
0.8807
0.8460
0.8618
0.8748
0.9638
1.0206
1.3079
1.1147
1.1656
1.1147
1.1008
0.9749
0.9146
0.8785
0.9563
1.1165
1.2911
1.1820
1.2446
1.0904
1.0579
1.0069
1.0283
0.8988
0.8698
0.6617
0.5754
0.4308
0.3823
0.3967
0.3885
0.5219
0.4462
0.4376
0.3202
0.4038
0.1567
0.1108
0.1485
0.4127
0.3100
0.2068
0.1250
-0.0308
-0.0911
-0.0284
-0.0654
-0.0411
-0.1691
-0.2211
-0.2283
-0.3345
-0.3196
-0.2931
-0.3565
-0.4181
-0.2806
-0.4767
-0.5062
-0.4747
-0.1036
-0.3967
-0.2463
-0.4332
-0.3228
-0.6660
-0.8661
-0.9532
-0.9596
-0.5687
-0.4743
-0.6991
-0.8787
-0.4568
-0.2672
-0.0149
-0.0830
-0.2492
0.2853
0.0325
-0.4720
-0.6661
0.3073
-0.2159
-0.4688
-0.7323
-0.9081
-0.7367
-0.9416
-0.8726
-0.8734
-1.2664
-1.6599
-1.6009
-1.6843
-1.5711
-1.9575
-1.7304
-2.0571
-2.0755
-2.4819
-1.9437
-2.3578
-2.4777
-2.6099
-2.8452
-2.9374
-2.8466
-3.2807
-3.5584
-3.3871
-3.8636
-3.5830
-3.8727
-4.1570
-4.0671
-4.2391
-4.3272
-4.3332
-4.7435
-4.7001
-4.6538
-4.8487
-4.7736
-4.3373
-4.3217
-4.4289
-4.5165
-4.7579
-4.3081
-4.4892
-4.0788
-4.2937
-4.8279
-5.0321
-5.1166
-4.6608
-4.5390
-3.7648
-3.9564
-4.8320
-5.0406
-5.2190
-5.3805
-5.4685
-5.3535
-5.8643
-5.5925
-5.7295
-5.6396
-5.3035
-5.5614
-5.5709
-5.6296
-5.5915
-5.2748
-4.9634
-5.5555
-5.4480
-5.7959
-5.6982
-5.7465
-4.5925
-5.7128
-5.5156
-5.2561
-4.9397
-4.5101
-4.3382
-4.8007
-4.4772
-4.7868
-4.9302
-5.0872
-4.9544
-4.7038
-4.6092
-4.6362
-4.7104
-4.6055
-4.4949
-4.6659
-4.5600
-4.3175
-4.5814
-4.4765
-4.2991
-4.5631
-4.6030
-4.3642
-4.4584
-4.1149
-4.5630
-4.4373
-4.4260
-4.0190
-4.1391
-3.8170
-4.0296
-3.6388
-3.7840
-3.5869
-3.5421
-3.4107
-3.4248
-3.2962
-3.2970
-2.8993
-3.0755
-2.5656
-2.8963
-2.7790
-2.4336
-2.3256
-1.9798
-1.6186
-1.7836
-1.7945
-1.4285
-1.5091
-1.2743
-1.1664
-0.8651
-0.9970
-1.0191
-0.7584
-0.4510
0.0699
-0.2544
-0.1452
-0.1170
0.8647
0.7425
0.6829
1.2305
1.0279
1.4883
1.3813
1.3185
1.7926
1.5782
1.4480
1.6408
1.7074
2.3665
2.7620
2.9297
3.6085
3.2054
2.9996
3.1907
3.7401
3.9283
4.0539
4.1817
3.6897
4.0382
4.4198
4.2204
3.5351
3.7389
3.1064
3.0858
2.9932
3.5992
3.1432
2.8593
3.0314
2.7256
2.6418
2.7903
2.7253
2.2678
2.3495
2.1320
2.1052
2.1073
1.9132
1.5191
1.5611
1.8676
1.7419
1.9127
1.9683
1.3600
1.6764
1.9857
1.8999
1.7005
2.3399
2.2023
2.4153
1.8762
2.1238
1.7338
1.1355
1.6034
1.7569
1.8605
1.7034
1.5551
1.1547
1.6514
1.6154
2.2642
1.2070
1.4665
1.1072
1.0833
0.7744
0.6838
1.2582
2.0069
0.6114
0.6735
1.6579
0.7032
1.0267
1.1473
0.6594
0.9703
1.1306
1.6910
1.5526
1.6637
1.4381
1.5776
1.5515
1.2633
1.2089
0.9444
1.2168
1.6949
1.5041
0.8175
1.4104
0.3876
1.0271
0.5158
0.5853
0.9095
0.7694
0.1527
0.4110
0.5888
0.7937
0.9801
0.3370
0.1945
-0.0163
0.3027
0.1097
0.3594
0.3971
0.1407
-0.0287
-0.0453
0.6221
0.2164
0.3600
0.5298
0.8103
0.6851
0.1893
-0.1073
0.0759
-0.1931
-0.1312
0.2597
-0.0695
-0.0483
-0.2530
0.0848
-0.1995
-0.1010
0.0273
0.4767
0.0874
0.4400
0.0504
-0.1825
-0.2892
-0.4795
0.3485
0.2174
0.2152
0.1493
-0.1234
0.3255
-0.3975
0.2628
0.6808
0.2522
0.5097
0.8833
0.3169
0.4432
1.0635
0.5070
0.6629
-0.0713
-0.3426
0.1494
0.4768
0.4087
-0.0134
-0.0787
0.3179
0.6752
0.4123
0.2208
0.1658
0.0487
0.3804
0.4660
0.1862
0.4242
0.3807
0.2758
-0.1010
0.4767
-0.0157
0.7677
0.8908
0.9438
1.2474
0.7474
0.8448
0.4197
0.3219
0.4366
0.3849
0.6180
0.3875
0.6447
0.3878
0.3154
0.3424
0.1268
-0.0190
0.0203
-0.2037
-0.0157
-0.3027
-0.3695
-0.2927
-0.4771
-0.4884
-0.6224
-0.6842
-0.6698
-0.8231
-0.8736
-1.0427
-1.0776
-1.0035
-0.9793
-0.7248
-1.0742
-1.1924
-1.2526
-1.3668
-1.3539
-1.5234
-1.6085
-1.7429
-1.8408
-1.9374
-2.0054
-2.0994
-2.1348
-2.2193
-2.2049
-2.2675
-2.1509
-2.0247
-2.1424
-2.1874
-2.2359
-2.2811
-2.4336
-2.5403
-2.6199
-2.3943
-2.5555
-2.5361
-2.1242
-2.5428
-2.5060
-2.4664
-2.5111
-2.5270
-2.5676
-2.5217
-2.5667
-2.3845
-2.6443
-2.6387
-2.5651
-2.4588
-2.3821
-2.2593
-2.0196
-2.1659
-2.1558
-2.1214
-2.2061
-2.2733
-2.4458
-2.5514
-2.6221
-2.5057
-2.6890
-2.7390
-2.5582
-2.7789
-2.5223
-2.5291
-2.3780
-2.2471
-2.2016
-1.9908
-2.1988
-2.2666
-2.2713
-2.3463
-2.3392
-2.3892
-2.3165
-2.3430
-2.1069
-2.3708
-2.3395
-2.3182
-2.2807
-2.2762
-2.2572
-2.2665
-2.2167
-2.2194
-2.1482
-2.1853
-2.1460
-1.9257
-1.9693
-1.9009
-1.7332
-1.7936
-1.7284
-1.5827
-1.7273
-1.7240
-1.5966
-1.5441
-1.3779
-1.3808
-1.3392
-1.3946
-1.4056
-1.3686
-1.4290
-1.2215
-1.4278
-1.4917
-1.4448
-1.5135
-1.2480
-1.3979
-1.3397
-1.2585
-1.3081
-1.2989
-1.4041
-1.4079
-1.4211
-1.3838
-1.1819
-1.3396
-1.2689
-1.1081
-1.2502
-1.3127
-1.2505
-1.2247
-1.1971
-1.2028
-1.2118
-1.1387
-0.9835
-1.1456
-1.2351
-1.2559
-1.2447
-1.2537
-1.1618
-1.1601
-1.0695
-1.1196
-1.1018
-1.1308
-1.1264
-1.0924
-1.0299
-0.8513
-1.0757
-1.1933
-1.2561
-1.3159
-1.3414
-1.3909
-1.1841
-1.3925
-1.3189
-1.3697
-1.3989
-1.5143
-1.5503
-1.5208
-1.4926
-1.4660
-1.5442
-1.6259
-1.8021
-1.9120
-2.0644
-2.0182
-2.1416
-2.0932
-2.0628
-2.3010
-2.3596
-2.3415
-2.2916
-2.2551
-2.2572
-2.3580
-2.4570
-2.5912
-2.4631
-2.6401
-2.6359
-2.5801
-2.5767
-2.5719
-2.5098
-2.5105
-2.3448
-2.2980
-2.4457
-2.6468
-2.0244
-2.2823
-2.3454
-2.4991
-2.4301
-2.0917
-2.5229
-2.6546
-2.6870
-2.6220
-2.5231
-2.3582
-2.1885
-2.0277
-1.6959
-1.8738
-1.9088
-1.9824
-2.0731
-1.9177
-1.9900
-2.0290
-1.8654
-1.8735
-1.6909
-1.6430
-1.4244
-1.5440
-1.1180
-1.1896
-0.9832
-1.0564
-1.0284
-1.4438
-1.2593
-0.8412
-1.4491
-1.7775
-1.3234
-1.6896
-1.7126
-1.5338
-1.6622
-1.2134
-1.4371
-1.2579
-1.0969
-0.6468
-0.7865
-0.6194
0.3284
0.0667
-0.0538
-0.1138
0.0604
-0.2157
0.5833
1.3344
0.7452
0.7275
0.8854
0.7363
1.2157
0.6955
-0.0788
-0.2341
-0.7566
-0.9476
-0.5910
-0.8743
-1.0448
-0.5869
-0.9519
-1.5428
-0.2014
-1.2823
0.2012
-0.7172
-0.9213
-0.0199
-0.0761
-0.4294
-1.0018
0.2430
0.0693
0.7350
-0.3247
-0.0124
0.4819
0.0276
-0.4026
0.2500
0.4369
-0.6316
-0.5815
-0.4759
-0.3558
-0.2566
0.2263
0.4088
-0.0582
0.2033
0.0843
-0.4251
-0.0569
0.2396
0.7594
0.8707
0.6067
0.9006
0.4931
0.3450
0.5549
0.6157
1.1783
0.5970
0.9241
0.8170
1.0616
0.9324
0.8582
1.3472
1.5732
2.1527
1.4640
2.1800
2.2573
1.8600
2.6011
1.5208
2.1735
2.5989
1.8501
3.0609
2.4701
2.1847
2.3959
2.1949
2.5737
2.2148
2.5784
2.2985
2.8691
3.1089
2.6921
3.3791
2.9459
3.0960
2.8132
2.5644
2.6424
2.7145
3.3756
2.7384
3.2244
3.3989
2.9241
2.3444
2.5906
2.2558
1.9914
1.7671
1.8052
1.6431
1.6178
1.5280
1.8868
1.3626
1.3764
1.5316
1.2386
0.9583
1.2673
1.0601
1.3298
1.0999
0.9611
0.9300
0.7864
0.8423
0.7146
0.9079
0.5148
0.5117
0.8944
0.5680
0.6498
0.2906
0.3044
0.1375
0.2167
0.1260
0.2311
0.3720
0.4571
0.3806
0.3809
0.8639
0.8018
0.5889
0.3569
0.1773
0.2384
0.2744
0.3193
0.5581
0.1548
0.0265
-0.1379
0.1074
-0.0298
0.2850
0.1308
0.0062
0.5980
0.2414
0.0508
-0.0528
0.3604
0.3828
0.1377
0.0012
0.0392
0.3139
0.4457
0.4219
-0.4679
-0.0180
0.4153
0.4142
0.4129
0.5306
0.6660
0.4288
-0.2028
0.1448
0.9934
0.9176
0.6643
1.2524
0.3921
1.0741
0.4799
0.9041
0.6444
0.7719
0.2502
0.7289
0.8898
1.3338
0.7753
0.6998
0.5793
0.2630
0.9468
0.0263
0.0437
0.0453
0.4119
-0.1085
0.2322
-0.2178
-0.1988
-0.1913
-0.6100
-0.4862
-0.9064
-0.9189
-1.1082
-1.0161
-0.9407
-0.6788
-1.0383
-1.1043
-1.4036
-1.8617
-1.9377
-1.7455
-1.5914
-1.3503
-0.7966
-0.9113
-0.8967
-1.0819
-1.2842
-1.5123
-1.8383
-1.8464
-1.3846
-1.3480
-1.3074
-1.6339
-1.5777
-1.9299
-1.9187
-2.1994
-2.0629
-2.0305
-1.6208
-1.9808
-1.8826
-1.8698
-1.9733
-2.0226
-1.7285
-2.0464
-1.8341
-1.8161
-1.0336
-1.3638
-0.8444
-1.0247
-0.9688
-0.5780
-1.1162
-1.2292
-1.4616
-1.4558
-1.7637
-1.4970
-1.7371
-1.0779
-1.6431
-1.5831
-1.6280
-1.4283
-1.2074
-1.2140
-1.2114
-0.7233
-1.4630
-1.0451
-1.4057
-1.0518
-1.2515
-1.2696
-1.3500
-1.2741
-1.1349
-1.2099
-1.3496
-1.1338
-1.1161
-1.1324
-1.2590
-1.1549
-1.2753
-1.7984
-1.7292
-1.7095
-0.9896
-1.5188
-1.4013
-1.1802
-1.5560
-1.3248
-1.0687
-0.6989
-0.8787
-0.8554
-0.8463
-1.2411
-1.1277
-1.3926
-0.9722
-1.5013
-1.3324
-1.5093
-1.4276
-1.5202
-1.5197
-1.1945
-1.2727
-1.0161
-0.8892
-0.9041
-1.1391
-1.5217
-1.5448
-1.5912
-1.5554
-1.5512
-1.4622
-1.2100
-1.2641
-1.2316
-1.1981
-1.4007
-1.4363
-1.1910
-1.3121
-1.4866
-1.5188
-1.5214
-1.5397
-1.5034
-1.0365
-1.4018
-1.2311
-0.9019
-0.6887
-0.9638
-0.9876
-0.5769
-0.7209
-0.7838
-0.6306
-0.4362
-0.4493
-0.5478
-0.6638
-0.6010
-0.6864
-0.9480
-0.9703
-0.6611
-0.6417
-0.2773
-0.4314
-0.0696
-0.6998
-0.6312
-0.9136
-0.8333
-0.8803
-0.8587
-0.9507
-0.8739
-1.1362
-0.9075
-1.0950
-1.0368
-1.1321
-1.1809
-1.2761
-1.2584
-1.2638
-0.6282
-1.2794
-1.1250
-1.4179
-1.5227
-1.0583
-1.5489
-1.2624
-1.4872
-1.2414
-1.4721
-1.5309
-1.6421
-1.6264
-1.4505
-1.6086
-1.6569
-1.4420
-1.5801
-1.4813
-1.4214
-1.1243
-1.4306
-1.4305
-1.5164
-1.5530
-1.4915
-1.2909
-1.1354
-1.0777
-1.3868
-1.1567
-1.2556
-1.5253
-1.4269
-1.0802
-1.3298
-1.0294
-1.1955
-1.2172
-1.2483
-1.0463
-1.1610
-1.1964
-1.1298
-1.1346
-1.0795
-1.0471
-0.9625
-0.7878
-0.7936
-0.6836
-0.7136
-0.8643
-0.8380
-0.9332
-0.9447
-0.7790
-0.8097
-0.8449
-0.9693
-0.9554
-0.7574
-1.0112
-0.9265
-1.0377
-1.0541
-1.0525
-1.0555
-1.1140
-1.0016
-1.0747
-1.0741
-1.2142
-1.0597
-1.3108
-1.2889
-1.2367
-1.1558
-1.0051
-1.0007
-0.9623
-1.0996
-1.1864
-1.2708
-1.1394
-1.4009
-1.4763
-1.5886
-1.6554
-1.7206
-1.7296
-1.7114
-1.8057
-1.8593
-1.7576
-1.9550
-1.8583
-1.7861
-1.6907
-1.6528
-1.6064
-1.1781
-1.5230
-1.3959
-1.5685
-1.5883
-1.6662
-1.5504
-1.8297
-1.5466
-1.4756
-1.6086
-1.5375
-1.5753
-1.4774
-1.1713
-0.9091
-0.4577
-0.4275
-0.1805
-0.1147
-0.3853
-0.2504
-0.3088
0.7295
0.8362
1.0459
1.3927
1.7966
1.4993
2.4834
1.4059
1.7688
1.8980
0.8124
1.6963
1.3511
1.5884
1.1970
1.7275
1.4256
0.7852
1.4129
1.6764
1.7110
1.5210
1.4141
1.2603
1.7146
0.4962
0.4152
1.0283
0.5525
0.2540
0.5677
0.0937
0.2705
-0.0236
-0.0559
-0.0028
-0.1185
0.6551
0.0424
0.6485
0.5598
-0.3059
0.1758
0.6490
-0.3038
0.1137
-0.2601
-0.2272
-0.3702
-0.5708
-0.1020
-0.4199
-0.3808
0.2334
-0.0642
-0.1886
-0.8469
-0.6440
-0.7812
-0.7006
-0.8640
-1.2780
-0.6921
-1.0125
0.1402
-1.1867
-1.0213
-0.3870
-0.7889
-0.9662
-0.8137
-0.6532
-0.7420
-0.2961
-0.5536
-0.5729
-0.8903
-0.4375
-0.1239
-0.2496
0.0210
-0.2599
-0.4699
-0.8293
-0.9234
-0.4674
-0.8724
-0.8836
-0.6622
-0.4484
-0.3933
-0.3770
-0.7069
-0.5230
-0.5782
-0.2414
-0.3614
-0.1549
-0.6884
-0.6028
-0.5639
-0.6211
-0.7418
-0.2371
-0.5450
0.1313
0.0029
0.2826
-0.1027
0.0627
-0.5496
-0.0788
0.0718
0.2860
-0.6367
-0.5111
-0.3976
-0.6428
-0.7494
-0.4911
-0.6490
-0.7152
-0.6737
-0.6183
-0.9989
-0.8907
-0.7663
-0.6224
-0.6350
-0.5534
-0.6902
-0.6379
-0.5362
-0.5035
-0.4941
-0.3150
-0.4403
-0.4555
-0.5234
-0.3916
-0.6288
-0.6800
-0.7013
-0.6893
-0.6649
-0.6717
-0.6340
-0.7343
-0.2823
-0.6059
-0.6107
-0.8443
-0.7048
-0.4291
-0.6347
-0.7400
-0.8674
-0.7567
-0.7269
-0.5348
-0.2590
-0.8046
-0.5454
-1.0240
-0.7196
-0.0044
-0.5583
-0.2006
0.1504
-0.0826
0.0422
0.2394
-0.3091
0.0393
0.3385
0.4908
0.3544
0.2505
-0.2220
-0.2731
-0.0246
0.2766
0.1127
-0.1258
-0.0724
-0.0004
-0.2920
-0.3900
-0.1914
-0.6329
-0.1603
-0.2263
0.2950
0.1904
0.7615
0.3210
0.4885
-0.0440
-0.1110
-0.1297
-0.0828
-0.1067
0.1128
-0.1903
-0.4220
-0.5655
-0.8931
-0.7478
-0.7902
-1.0150
-0.8615
-0.3844
-1.0453
-0.9004
-0.9969
-1.0340
-0.5609
-1.1010
-1.0793
-1.2248
-1.0486
-1.0404
-1.1442
-1.0744
-0.8495
-1.0341
-1.1442
-1.0200
-1.2255
-1.4030
-1.2957
-1.4560
-0.8185
-1.2295
-1.4849
-1.0858
-1.3605
-0.7143
-0.3363
-0.4623
-0.1769
-0.7053
-0.6638
-0.9343
-0.6513
-0.5372
-0.3761
-0.4414
0.1851
0.1559
0.0759
-0.1632
-0.0126
-0.4793
-0.2750
-0.5225
0.2960
0.8014
0.8158
0.6033
1.1226
0.7428
0.3877
0.0941
0.2943
0.9933
0.8430
0.7488
0.8614
0.6571
0.6326
0.3420
0.2990
-0.1503
-0.1079
-0.4301
-0.3356
-0.4032
-0.0283
-0.2795
-0.0886
-0.1429
-0.1541
-0.2709
-0.3045
-0.6112
-0.8804
-0.8995
-0.9215
-0.7297
-0.5473
-0.4269
-0.4125
-0.5086
-0.5870
-0.5377
-0.5490
-0.3975
-0.4685
-0.5337
-0.5891
-0.7655
-0.7622
-0.6454
-0.8201
-0.6032
-0.7935
-0.8126
-0.8503
-0.6995
-0.7909
-1.0054
-0.8214
-0.9500
-0.8829
-0.7738
-0.4699
-0.4998
-0.4456
-0.4380
-0.5004
-0.6969
-0.7798
-0.9620
-0.8930
-0.8890
-0.7758
-0.7671
-0.7179
-0.7317
-0.6709
-0.7426
-0.6957
-0.6620
-0.5524
-0.4206
-0.2767
-0.3022
-0.2382
-0.4344
-0.4621
-0.5164
-0.3288
-0.3952
-0.3765
-0.3337
-0.2534
-0.0248
0.3186
0.3811
0.8162
0.4905
0.9656
0.4135
0.7310
0.6440
0.4187
0.6872
0.0392
-0.1140
0.2569
0.5429
0.6101
0.6013
-0.0253
0.7111
0.2567
-0.0457
0.0321
-0.3090
-0.3636
-0.2620
-0.3954
-0.3634
-0.0458
-0.1286
0.1274
-0.2226
-0.6099
-0.0346
-0.1120
0.2133
-0.4740
-0.2174
-0.2082
0.2802
-0.0040
-0.0290
-0.3255
-0.1727
-0.1610
-0.4333
0.0094
0.4422
0.1743
0.1910
0.1360
-0.3634
0.4078
0.4582
0.2471
-0.3764
-0.2842
-0.2116
-0.1816
-0.0214
0.1074
-0.0411
0.0907
0.3297
-0.1080
0.1727
0.1368
0.7111
0.8934
0.4228
0.6802
0.0936
0.4619
0.4516
0.7075
0.9222
0.6265
0.6194
0.7003
0.3806
0.4595
0.4064
0.3137
0.4344
0.3549
0.5491
0.4115
0.5943
1.0149
0.7187
1.1813
1.1670
1.0596
0.5652
0.2284
0.6292
0.1011
0.2314
-0.2178
-0.3693
-0.6396
-0.0788
-0.2990
-0.5348
-0.5510
-0.3549
-0.0998
-0.7599
-0.7020
-0.4638
-0.6971
-0.4625
-0.7693
-0.7537
-0.5600
-0.4570
-0.4066
0.0942
-0.4713
0.8006
-0.3176
-0.1786
-0.3941
-0.2072
-0.0039
-0.5375
0.3929
0.0386
0.6044
0.5385
0.1995
0.3703
0.8884
0.6551
0.1345
0.4647
0.6893
0.7731
1.0113
0.7162
0.9487
0.9415
1.0536
1.1642
1.0375
0.9759
0.7884
0.5172
0.6434
0.5233
0.7134
0.5743
0.4522
0.3579
-0.0383
-0.1845
-0.0567
-0.1989
-0.1662
-0.2164
-0.2063
-0.3653
-0.3504
-0.5025
-0.5484
-0.5522
-0.6298
-0.6387
-0.4259
0.0758
-0.1099
0.2547
0.1457
0.5171
0.6450
0.5793
0.3589
0.4884
1.1568
1.0270
1.2606
0.4434
0.3636
0.8214
0.9046
0.9709
1.0690
1.1227
1.2463
0.8097
0.6065
0.3401
0.7897
0.6633
0.6686
0.6259
0.9970
0.6979
0.5750
0.3697
0.5272
0.9699
1.2775
0.9425
1.0289
0.8518
1.0386
0.6310
0.4656
0.5501
0.5564
-0.0482
0.1110
-0.0475
0.0664
-0.1790
-0.2853
-0.4810
-0.5939
-0.5172
-0.2431
-0.3014
-0.2859
-0.3153
-0.4314
-0.2173
-0.4418
-0.4658
-0.4853
-0.4733
-0.2611
-0.4073
-0.4484
-0.2627
-0.4563
-0.4468
-0.3407
-0.1182
-0.2736
-0.0530
-0.2449
0.0964
-0.1260
-0.0212
-0.0287
-0.0646
0.1044
-0.1862
-0.1726
-0.0843
0.0210
0.0789
0.2882
0.6384
-0.0038
0.0555
0.1415
0.1853
0.2428
0.1635
0.2811
0.1399
0.1844
0.5555
0.4015
0.4034
0.5952
0.5129
0.8243
0.5164
0.4346
0.8265
1.1624
0.8807
1.1972
1.2113
1.3897
1.2938
0.7949
0.7591
0.7160
0.5125
0.7804
1.0092
1.4749
1.0035
1.8663
1.3494
1.1476
0.8463
1.0444
1.1049
1.0475
1.2954
1.0802
0.8783
1.5197
0.7413
0.8000
0.5652
0.2541
0.3609
0.8060
0.5495
0.3137
0.3979
-0.1609
0.5800
0.2246
-0.0760
0.4609
0.5178
0.4755
0.0582
0.0180
-0.3301
-0.1279
-0.1059
-0.3378
-0.5981
-0.8283
-1.2031
-1.3442
-1.2343
-1.4252
-1.0129
-1.2859
-1.3957
-1.7833
-1.8377
-1.9486
-1.5827
-2.0644
-1.8665
-1.8878
-1.8182
-2.0988
-2.0812
-1.8577
-1.9919
-1.8679
-1.8609
-1.5797
-1.7521
-1.8022
-1.6786
-1.7876
-2.1994
-1.9862
-2.4220
-2.3691
-2.4388
-2.1137
-2.0010
-2.0843
-2.0375
-2.0974
-1.9981
-2.1501
-2.0938
-2.0575
-2.0954
-1.8832
-2.2649
-2.3251
-2.6369
-2.4818
-2.4297
-1.4201
-2.0223
-2.2888
-1.6354
-2.2462
-2.4051
-2.3937
-2.5582
-2.4675
-2.6794
-2.6658
-2.7440
-2.4901
-2.2581
-2.3473
-2.4657
-2.2818
-2.6620
-2.8434
-2.2787
-2.4270
-2.7795
-2.2959
-2.3963
-2.3467
-2.4099
-2.3637
-2.6573
-2.4671
-1.6489
-1.9436
-1.8308
-1.7079
-1.2684
-1.5556
-1.2741
-1.0958
-1.1047
-1.2714
-1.3389
-1.2737
-0.9166
-0.5824
-0.3402
-0.6017
-0.4037
-0.6152
-0.6760
-0.6306
-0.7266
-0.4579
-0.6931
-0.5599
-0.4238
-0.2306
-0.1222
0.3893
0.2642
0.0761
0.5373
0.1163
0.4298
1.0754
0.7955
1.7230
1.4311
1.3783
0.9752
1.4738
0.9196
1.3612
1.9245
1.3703
1.4528
1.6024
1.8622
1.7644
2.2655
2.1601
2.8775
2.4177
2.6349
3.0138
3.4692
1.8578
1.7310
1.7035
1.8743
1.4957
1.1493
1.2792
1.2048
1.4307
1.1750
1.0281
0.8051
0.5760
0.5589
0.2274
0.3004
0.3202
-0.0352
-0.0053
0.2940
0.2816
0.1545
-0.0488
-0.0788
-0.0035
0.0479
0.3335
0.0189
0.2785
0.3426
0.1446
0.0230
0.0467
-0.0648
0.0287
0.2082
0.1385
0.3521
0.0824
0.0624
0.4629
0.0957
0.6454
0.3638
0.3460
0.5096
0.9082
0.8398
1.1544
0.7521
0.5734
0.5974
0.4828
0.4627
0.3773
0.8421
0.6807
1.3367
1.2743
1.5396
1.5677
1.2638
1.4047
1.1517
0.7496
0.8022
0.8161
0.8626
0.8355
0.9042
0.9336
1.4266
1.3100
1.1569
1.2920
1.1861
1.4840
0.8164
0.6115
0.5820
0.5458
0.9919
0.6213
0.6244
0.7306
0.3886
1.0492
0.3054
0.4577
0.1318
0.0017
0.1780
0.6022
0.1413
0.7101
0.7181
0.3849
0.7849
0.1400
0.0397
0.1983
0.2202
0.1792
0.3375
0.4460
0.6604
0.6390
0.9617
0.4974
1.2767
0.5771
0.4116
-0.1810
0.6049
0.1876
0.2678
0.5453
0.3143
0.3891
0.0838
0.4718
0.0916
0.2234
0.2727
0.6006
0.2475
0.2634
0.8367
0.4622
0.5321
0.4196
0.0058
-0.0919
-0.2920
-0.4831
-0.3354
0.1470
1.0256
1.1143
0.9382
0.7626
0.7488
1.2827
0.8733
1.5359
1.7440
1.5880
2.1928
1.2436
1.4235
1.3660
1.6185
1.7203
1.6095
2.0349
1.3980
1.7391
2.2130
2.1281
1.9526
1.4195
1.2017
0.4767
0.3141
0.8782
1.2233
0.8901
0.1767
0.7140
0.4892
0.8804
0.4695
0.6715
0.5749
0.5772
0.1775
0.3147
0.1901
0.0412
0.1866
0.1600
0.2867
0.3490
0.5701
0.4647
0.3967
0.9829
0.7270
0.6212
0.3318
0.5917
0.3461
0.2347
1.5008
0.8040
0.5765
0.4140
0.9549
1.0531
0.4498
0.6108
1.1776
1.2628
1.3471
1.3563
1.4756
1.0191
0.9859
1.6897
0.8158
0.6585
0.5610
0.8831
0.4047
0.8411
0.5908
0.5083
0.4822
0.7941
0.7163
0.7210
0.5656
0.5844
0.0873
0.4483
0.0698
-0.2971
-0.2907
0.0658
-0.2037
-0.4541
-0.2556
-0.4507
-0.7852
-0.3424
-0.3969
-0.5499
-0.5009
-0.2900
-0.5886
-0.7730
-0.5710
-0.4798
-0.3957
-0.5414
-0.1509
-0.4158
-0.7823
-0.5927
-0.9695
-0.7526
-0.8349
-0.8694
-0.9848
-1.1310
-1.2536
-1.1607
-1.0387
-0.8137
-0.7575
-0.7019
-0.8117
-0.8718
-0.9317
-0.9539
-0.9968
-0.9231
-0.9903
-0.7667
-1.1022
-1.1732
-1.2544
-1.2927
-1.3214
-1.3042
-1.1209
-1.2903
-1.2727
-1.2182
-1.1932
-1.1613
-1.0754
-1.0709
-1.0051
-0.9189
-0.5419
-0.6430
-0.5952
-0.4453
-0.9882
-1.1672
-1.2993
-1.0704
-1.2527
-1.0745
-1.2479
-0.9052
-1.3286
-1.3553
-1.5044
-1.4767
-1.3499
-1.2686
-1.0349
-1.1037
-1.0631
-0.8945
-0.8421
-0.8173
-0.8944
-1.0005
-1.0909
-1.1950
-0.9428
-1.1983
-1.1389
-1.1954
-1.2106
-1.2160
-1.3072
-1.1895
-1.4629
-1.6023
-1.6154
-1.6686
-1.5784
-1.2676
-1.3385
-1.2262
-1.1517
-0.9021
-1.0430
-0.8482
-1.0209
-0.9757
-0.9422
-0.4590
-0.9087
-0.8328
-0.8610
-0.7606
-0.6815
-0.4626
-0.5837
-0.6077
-0.6325
-0.5467
-0.4995
-0.3690
-0.3610
-0.3907
-0.4320
-0.4997
-0.4912
-0.5266
-0.2561
-0.2627
-0.1127
-0.0490
-0.0742
-0.1632
-0.1337
0.0658
-0.0886
0.0161
0.0870
0.2064
0.3611
0.7394
0.6931
1.0061
1.0220
1.2152
1.4032
1.3564
1.2520
1.1179
1.1070
1.5071
1.4084
1.4227
1.5626
1.9822
1.8010
2.5708
1.7270
2.4430
1.9910
1.7763
1.4828
1.7579
1.4525
1.2309
1.2343
1.0776
1.2359
1.4695
1.3299
0.9230
1.2591
1.0793
0.7493
0.7847
0.7976
0.5035
0.6069
0.2166
0.8020
0.7621
0.7341
0.8083
1.2604
0.9683
0.8032
0.7590
1.1095
0.4820
0.4682
0.2467
0.3792
0.6627
0.0664
0.4629
0.3778
0.3053
-0.1860
-0.3911
-0.7665
-1.1359
-1.1339
-1.1594
-1.1540
-0.9274
-1.0592
-1.2856
-1.1253
-1.0575
-0.9620
-1.2497
-1.2886
-1.0820
-1.2116
-1.1120
-1.1243
-1.0191
-1.0220
-0.8906
-1.3811
-1.2600
-1.4347
-0.6471
-1.3260
-0.7576
-1.1870
-0.0854
-0.1622
-0.0391
0.4621
0.7792
0.7645
0.9211
0.9666
1.5039
1.4553
1.9272
1.5504
2.0169
1.9152
2.2569
1.6459
1.0821
0.3073
0.3445
0.1198
-0.7130
-0.7182
-0.0136
-0.4164
-0.9543
-1.3604
-0.9394
-0.9415
-1.2929
-1.6061
-1.3366
-1.3477
-1.7089
-1.7989
-1.3912
-1.7660
-1.9666
-2.0472
-2.3393
-1.8997
-2.1579
-2.0795
-1.8939
-1.8230
-1.5417
-1.4464
-1.0194
-1.2867
-0.8930
-1.4324
-1.5688
-1.6769
-1.7477
-1.5936
-1.6930
-1.5800
-1.3704
-1.0685
-0.5749
-0.3713
