-0.3768
-0.4623
-0.6179
0.2583
0.0800
0.5670
0.9705
1.0898
0.7080
1.2713
1.4448
2.0178
1.6066
1.9898
2.1097
1.9027
1.5979
1.6097
1.5788
1.9383
1.6871
1.4443
1.3631
1.5136
1.5098
2.0542
1.9549
2.3423
2.3499
2.9274
2.3918
2.7604
2.8868
3.1147
3.7507
3.4619
3.6611
4.1197
3.9302
4.2873
4.5066
5.1488
4.7731
5.0238
4.7944
4.5900
4.7448
4.4369
4.1843
4.4700
4.0749
3.8794
3.7564
3.5845
3.5393
3.4394
2.8511
2.9674
2.9917
2.4508
2.1257
2.2448
2.0910
1.5159
1.7911
1.3870
1.0759
1.4466
0.9051
0.9797
1.3453
0.8056
0.8513
1.1545
1.0192
1.0962
1.2527
1.3957
1.2426
1.0569
0.9516
1.4876
1.2287
1.0666
1.0874
1.0373
1.1572
1.0797
1.2590
1.5184
1.5087
1.5198
1.5024
1.3980
1.4801
1.2134
1.1722
1.1697
1.0916
0.9829
1.7650
1.2416
1.1594
1.6803
1.3766
1.9121
2.4716
2.4890
3.2575
2.4832
2.9858
3.2939
3.6447
3.0221
2.7402
3.2273
3.0082
2.6347
2.3515
2.4906
2.3868
1.8215
1.9392
2.0177
2.1996
1.7668
2.1865
1.6685
1.3946
1.4374
1.2495
1.7740
1.2275
0.9115
1.1949
0.6887
0.8447
0.9541
0.7282
0.6407
0.6317
0.6020
0.6817
0.4777
-0.0703
-0.3541
-0.5047
-0.8938
-0.9089
-1.1337
-1.5050
-1.5325
-1.4517
-2.0981
-2.4297
-2.4337
-2.6027
-2.8974
-3.4306
-3.2686
-2.9572
-3.2275
-2.9730
-3.1065
-3.4145
-3.8703
-3.6054
-4.2290
-4.2240
-4.3863
-4.2052
-4.7311
-4.9839
-4.8333
-5.0207
-5.0935
-5.2376
-5.2358
-5.3383
-5.4530
-5.3531
-5.1046
-4.9768
-5.1498
-5.2944
-5.3011
-5.4382
-5.0812
-5.0614
-5.0202
-5.1088
-5.3347
-5.1478
-5.0602
-5.1607
-5.0634
-5.2926
-5.2029
-5.2679
-5.3143
-5.4393
-5.1018
-5.4390
-5.3486
-5.4826
-4.9334
-5.1163
-4.9999
-4.9794
-5.1064
-5.1438
-4.9843
-4.4762
-4.8515
-4.6842
-4.8853
-4.7673
-4.8462
-4.3266
-4.5598
-4.5661
-4.5107
-4.3367
-4.1423
-4.1467
-4.0530
-4.1907
-4.2037
-4.2263
-4.1787
-4.1825
-4.1075
-4.1321
-3.9723
-3.9405
-3.6922
-3.9994
-4.1071
-4.1639
-4.1644
-3.8647
-3.8916
-3.7181
-3.4137
-3.2511
-2.6784
-3.0813
-2.8615
-2.4038
-2.0369
-2.5801
-2.3179
-2.2965
-2.4683
-2.7420
-2.8482
-2.7354
-3.1377
-3.2030
-3.0828
-3.1063
-2.8866
-2.8575
-3.1763
-2.8491
-2.6625
-2.8207
-2.7378
-2.8227
-2.8275
-2.5565
-2.7377
-2.5925
-2.4333
-2.3756
-2.3176
-2.5994
-2.4163
-2.6911
-2.6310
-2.6025
-2.5364
-2.3420
-2.3079
-2.1346
-2.9247
-2.9292
-2.6706
-2.7217
-2.7998
-2.5176
-2.8462
-2.9164
-2.5790
-3.3070
-3.3228
-3.0650
-2.8655
-3.3035
-3.0180
-3.0900
-3.5577
-3.4250
-3.5157
-3.4654
-3.8272
-3.7520
-3.9164
-4.1010
-4.0586
-4.3605
-4.2815
-4.3536
-4.4781
-4.5005
-4.2714
-3.8022
-4.3591
-4.1804
-4.6400
-4.4706
-4.3929
-4.8368
-4.7766
-4.4440
-4.8411
-3.9215
-4.6899
-4.5965
-4.7003
-4.7420
-4.4996
-4.6289
-4.5364
-4.4333
-4.4312
-4.2692
-4.1781
-4.4561
-4.6270
-4.2903
-4.1226
-3.3957
-3.8860
-3.4913
-3.8101
-3.4240
-3.2842
-3.0510
-2.9962
-2.7727
-2.4140
-3.1098
-3.1341
-3.2929
-2.9774
-3.4073
-3.2326
-3.0525
-3.0373
-3.0463
-2.8410
-2.2138
-2.8669
-2.8088
-2.7548
-2.6713
-2.7417
-2.8707
-2.6027
-2.9462
-2.7573
-2.5780
-2.8720
-2.6957
-2.1905
-2.5619
-2.8872
-2.3644
-2.5767
-2.4906
-2.3801
-1.8048
-2.5864
-2.2264
-2.3402
-2.5700
-2.7349
-3.2097
-2.7378
-2.6044
-2.0128
-2.5328
-2.6302
-2.4955
-2.2419
-1.7094
-1.5897
-1.4444
-1.2558
-1.0371
-0.8364
-0.6694
-1.3462
-1.1245
-0.9895
-1.2664
-1.9018
-2.0716
-1.5093
-1.8026
-1.7045
-1.7683
-1.7559
-1.1540
-1.7152
-1.4870
-1.2007
-1.0373
-0.5812
-0.1078
0.0970
0.1733
0.1576
-0.1332
-0.0413
0.0002
0.2424
0.9660
0.7038
1.1974
1.0150
1.4754
1.4436
1.6345
1.5454
2.0209
2.5692
2.5037
2.7794
3.2394
3.7322
3.6446
3.7566
4.5857
4.2865
4.6056
5.2478
5.2782
5.2923
5.2123
5.0636
5.1133
6.0456
4.6084
5.1609
4.6069
4.7320
6.2364
6.2352
7.4095
6.4759
6.7055
6.3423
5.9661
5.5797
6.5790
7.2637
6.4956
6.9911
6.6897
6.9839
7.3003
6.8635
7.9195
7.6399
7.4676
8.7474
8.1349
8.8362
8.2401
8.6691
9.6197
9.9014
10.2970
10.8143
10.5127
11.9629
11.3092
11.7441
11.5753
11.8812
12.8811
12.5665
13.3987
13.4489
13.5700
13.1611
13.9106
13.1541
13.6391
13.0295
12.7364
12.9941
12.9194
13.4069
14.2997
13.8970
13.8269
13.8372
14.0683
13.8297
13.9257
14.3485
14.6373
14.3493
15.0980
15.0838
15.0305
15.6660
14.8132
14.9664
15.2375
15.3649
15.6717
15.1350
15.8947
16.4178
15.5846
16.1231
15.9683
16.5360
16.2374
16.4454
16.5218
16.7778
16.3319
16.3336
16.7395
16.9851
17.2679
17.0781
17.6316
17.3493
17.5702
17.3889
17.0405
17.1952
17.0736
17.6494
16.9931
16.8959
17.2041
16.6107
16.5141
16.1598
16.3109
16.4074
16.8681
16.7976
16.3484
15.9140
15.9138
16.2911
15.7408
15.4321
15.1770
14.9399
15.2329
14.3995
14.3461
13.4893
13.3009
12.8183
12.2657
11.8530
11.4029
11.0659
10.8125
11.0308
10.5218
10.7207
9.8876
9.7498
9.3536
9.5910
8.7769
8.7335
8.4262
8.1564
7.5626
7.6404
6.8858
6.9518
6.6220
7.1312
7.3895
6.9723
6.7406
6.8211
6.6466
7.2835
6.7029
6.9795
6.2467
5.8591
5.3811
5.3150
5.5304
5.3944
5.5440
5.9007
5.3601
5.3508
5.3486
5.2831
5.2738
5.2354
4.7846
4.7784
4.7862
4.9940
4.8022
4.9480
4.5195
4.4102
4.1190
3.4517
3.2633
3.0348
3.0012
2.8468
2.5149
2.2156
2.0761
1.8110
1.5596
1.2434
1.1387
0.7964
0.6475
0.2635
0.1708
0.0255
0.0121
-0.1263
-0.1561
-0.2600
-0.1932
-0.1540
0.1795
-0.0033
-0.0039
-0.0636
-0.0903
-0.1589
-0.1848
-0.2844
-0.3295
-0.5504
-0.5067
-0.7693
-0.6619
-0.9319
-0.7027
-1.0794
-1.1963
-1.1970
-1.5045
-1.5027
-1.6181
-1.6967
-1.8258
-1.6268
-2.0045
-1.7340
-2.1630
-2.2093
-2.4176
-2.4695
-2.7546
-2.5894
-2.9568
-2.9377
-2.7600
-3.0032
-3.5128
-3.3524
-3.6208
-4.1272
-4.5485
-4.9533
-5.1237
-5.1996
-5.3297
-5.8710
-5.4398
-6.2663
-6.3701
-6.3751
-6.2112
-6.3083
-6.4390
-6.4475
-6.5879
-6.4434
-6.6438
-6.7184
-6.7260
-6.7851
-6.8022
-6.8503
-6.8944
-6.9500
-7.0134
-7.0857
-7.0915
-7.0204
-7.2311
-7.3042
-7.3402
-7.2998
-7.0225
-7.1695
-7.4273
-7.2270
-7.3673
-7.0990
-7.2149
-7.0926
-7.0220
-7.1458
-7.2470
-7.5183
-6.9261
-7.3752
-6.8804
-7.0077
-6.9224
-6.8496
-6.6170
-6.5784
-6.7396
-7.0268
-7.0697
-6.8221
-6.9660
-7.1876
-6.9384
-6.9921
-6.7243
-5.9285
-6.6565
-6.7658
-6.7384
-6.5371
-6.6944
-6.8381
-6.9934
-6.9718
-6.9352
-6.7955
-6.8691
-6.6315
-6.4566
-6.5514
-6.8034
-6.6313
-6.4730
-6.1179
-5.9397
-6.1017
-6.0050
-6.2865
-6.3332
-5.5896
-5.7299
-5.3265
-5.9701
-5.9628
-5.5692
-5.5052
-5.9639
-5.8074
-5.3951
-5.5392
-5.0547
-4.8022
-5.0979
-5.3395
-5.0320
-5.0290
-5.1461
-4.6796
-4.9242
-5.1888
-5.2634
-5.2202
-5.0131
-4.9443
-5.1170
-5.0456
-4.8565
-4.6818
-4.4721
-4.7024
-4.8355
-4.4559
-4.5763
-4.1354
-4.5191
-4.3747
-4.7550
-4.7511
-4.6777
-4.6971
-4.3886
-4.4155
-4.5342
-4.5399
-4.6437
-4.6624
-4.7607
-4.5594
-4.0774
-4.4339
-4.4986
-4.4990
-4.4964
-4.3078
-4.4753
-4.4019
-4.0040
-4.2981
-4.6679
-4.6953
-4.9838
-5.1681
-5.4168
-5.4834
-5.2594
-5.4115
-5.3259
-5.2851
-5.3019
-5.3405
-4.9092
-5.4570
-5.7201
-5.9029
-6.2167
-5.9129
-6.0662
-5.9810
-6.2880
-6.5302
-6.6207
-6.6000
-6.6903
-6.6865
-6.6133
-6.6126
-6.7764
-6.6300
-6.6595
-6.9150
-6.7795
-6.8895
-6.6113
-7.0013
-7.2143
-7.3335
-7.4631
-7.1739
-7.1987
-7.5049
-7.2936
-6.9228
-7.0942
-7.4596
-7.0766
-7.2772
-7.3756
-6.9694
-7.3060
-6.9499
-7.1004
-6.5819
-6.6915
-6.8262
-6.2734
-6.3302
-6.0540
-6.5576
-6.6892
-6.2594
-6.8826
-6.3914
-6.5763
-6.3258
-6.2136
-5.2356
-6.0219
-5.2839
-5.5857
-5.5673
-5.6708
-5.4177
-5.9587
-5.1960
-4.6709
-4.7851
-4.3731
-4.4879
-3.8293
-3.9277
-3.3444
-3.9327
-3.7346
-3.5479
-3.9317
-3.6512
-2.7634
-3.2466
-3.1886
-3.3382
-3.1255
-3.4472
-3.2356
-3.5346
-3.1743
-2.6822
-2.8803
-2.3833
-2.6572
-2.8105
-2.4441
-2.6326
-2.5335
-1.9321
-1.6098
-1.3840
-1.5247
-1.1205
-0.3907
-0.4199
-0.1019
0.2172
0.1157
0.1139
0.8406
0.6126
0.6381
1.0051
1.6505
1.2065
1.2742
1.5113
1.7869
1.7891
2.5870
2.1892
2.6203
2.0608
2.7386
2.3945
2.6430
3.0199
2.7925
2.9805
2.7023
2.7941
2.7676
3.0287
2.8439
3.1232
3.0256
3.5764
3.2601
3.8104
3.5662
3.2622
3.0261
2.6193
2.4882
2.2021
1.8530
1.6842
1.5145
1.7584
1.9059
1.6672
1.6911
2.4766
1.5632
1.5739
1.2682
1.1641
0.8549
1.0107
0.7222
0.4968
0.8249
0.4982
1.0418
0.8123
0.5238
0.3207
0.9855
0.7874
0.8569
0.9851
1.0613
1.1924
0.7956
0.9476
0.9755
1.2235
1.0090
1.5524
1.6671
1.6400
1.7637
1.7809
1.8092
1.8459
2.0949
1.9067
1.8895
2.1766
2.1108
2.3876
2.2899
2.3828
2.4100
2.5902
2.8017
2.7519
2.7017
2.7175
2.8744
2.6644
2.6627
2.6744
2.7441
2.7790
3.0439
3.0248
3.0920
3.2593
3.5628
3.5507
3.7329
3.8986
3.9664
4.2855
4.0719
4.1099
4.0920
4.0700
4.2394
3.9783
3.9039
3.9832
4.3032
4.2625
4.3320
4.2346
4.3492
4.1155
4.2743
4.1630
4.0530
4.2934
4.9075
4.6916
4.7197
4.5710
4.6569
4.8818
5.1384
5.0802
5.0570
5.1676
5.4698
5.6137
5.5338
5.7677
5.8780
5.6523
5.7298
5.6713
5.9396
5.7313
5.8337
5.9895
6.1719
6.0777
6.0019
6.1963
5.9930
6.1110
6.1787
5.9006
6.2195
6.2599
6.4036
6.2189
6.2743
6.5399
6.4170
6.4345
6.3883
6.8247
6.7887
6.9786
7.2770
7.4212
7.3086
7.2242
7.0166
7.3346
6.6079
6.7692
6.7515
6.3275
6.2178
6.4865
5.9499
5.5918
5.4541
5.4205
5.4807
5.2550
5.2928
5.0984
5.1492
5.0539
4.9275
5.0126
5.0186
4.7418
4.8321
4.7894
4.8741
4.7852
4.7789
4.8055
4.5141
4.1667
4.4034
4.1635
4.2567
4.2725
4.1411
4.1794
4.1422
4.2445
4.0452
4.0945
4.0067
4.1436
3.9072
3.8789
3.6032
3.5699
3.4550
3.4877
3.4337
3.3341
3.4525
3.1603
3.5590
2.8139
2.7303
2.8165
2.6198
2.4928
2.4959
2.6928
2.4209
2.4362
2.2481
2.5899
2.0391
1.7932
1.5607
1.3448
1.1772
1.0800
0.9197
0.8434
1.0856
0.9282
1.2418
1.0361
0.8734
0.6076
0.4065
0.5696
0.3720
0.2441
0.7467
0.5209
0.4393
0.3316
-0.1092
-0.0863
-0.0528
0.0759
-0.2649
-0.2792
-0.9119
-1.2174
-1.2405
-0.5399
-1.3874
-1.7692
-1.6901
-1.8588
-1.4945
-1.4866
-1.4080
-1.4121
-1.6583
-1.8158
-1.9739
-1.8516
-2.0378
-2.1564
-2.1972
-2.3873
-2.4737
-2.5741
-2.5297
-2.3849
-2.5071
-2.3864
-2.6287
-2.5828
-2.7219
-2.7244
-2.9375
-3.0251
-3.0001
-2.7052
-3.0501
-3.2513
-3.3017
-3.5286
-3.6876
-3.5786
-3.9398
-3.7976
-3.8239
-3.5678
-3.8613
-4.0285
-4.0770
-4.2445
-3.8975
-4.4519
-4.0183
-3.9807
-4.4148
-4.3962
-4.4398
-4.1150
-4.3113
-4.5403
-4.5410
-4.9280
-4.8364
-4.9713
-5.0497
-5.3255
-5.3546
-5.3160
-5.5953
-5.2943
-5.7381
-5.8600
-5.8755
-6.1022
-6.0854
-6.2686
-6.1987
-6.2803
-6.2591
-6.3200
-6.3046
-6.2033
-6.1509
-5.7286
-5.8778
-5.6686
-5.6109
-5.4330
-5.1642
-5.0347
-5.3663
-5.3591
-5.4936
-5.4679
-5.3471
-5.3477
-5.2657
-5.2895
-5.1690
-5.0272
-4.7969
-4.8557
-4.9855
-4.8874
-4.7823
-4.7266
-4.9004
-4.8653
-4.9003
-4.9282
-4.8049
-4.9872
-5.0248
-4.9754
-4.9528
-4.7900
-4.9541
-5.0400
-4.9765
-5.0388
-4.9432
-4.9767
-4.6152
-4.8922
-4.7399
-4.8132
-4.5109
-4.5014
-4.7198
-4.7526
-4.5826
-4.8484
-4.3818
-4.8413
-4.5062
-5.1401
-4.9553
-5.2074
-5.5610
-5.8418
-5.4303
-5.5525
-5.5384
-5.9356
-5.9275
-5.6597
-5.9664
-5.4785
-5.0466
-5.3458
-5.5259
-5.3841
-5.1189
-5.2307
-5.0314
-5.3084
-5.2826
-5.4299
-5.5563
-5.2151
-5.1442
-5.0410
-5.6658
-5.5691
-5.8647
-5.7991
-5.2565
-4.8145
-4.8709
-4.5667
-4.5537
-4.9529
-4.5312
-4.5721
-4.5530
-4.5284
-4.6749
-4.5038
-4.0868
-4.1704
-3.7310
-4.0216
-3.7269
-3.9186
-3.6758
-3.9203
-3.8483
-4.1339
-4.1002
-4.3956
-4.4139
-4.1195
-4.3643
-4.3061
-4.1011
-4.0042
-4.6338
-4.5109
-5.1537
-4.6317
-4.8949
-4.3218
-4.6755
-5.2639
-4.7841
-5.3520
-5.9177
-5.2699
-5.6565
-5.5925
-5.1354
-6.2088
-5.8861
-5.7065
-5.6877
-5.1678
-4.8380
-4.2194
-3.8472
-4.7221
-3.9280
-4.1567
-4.1953
-3.4274
-3.7330
-3.6560
-2.8133
-4.1383
-4.0339
-4.5592
-4.1873
-4.8463
-4.3075
-4.6216
-4.1373
-3.6428
-3.6988
-3.6583
-3.6587
-4.1155
-3.3222
-3.8073
-3.0732
-3.1209
-2.7373
-2.6015
-2.0985
-2.1856
-1.8348
-1.7326
-1.2591
-0.7693
-1.0087
-1.5105
-0.9871
-1.2873
-0.7210
-0.3686
0.3697
-0.4333
-1.0910
-0.7865
0.0968
-0.7545
0.1563
0.1922
0.1611
0.4934
0.4632
0.3965
0.9365
0.9883
1.0694
0.6749
1.2231
0.6225
0.6458
0.6431
0.3305
1.1189
1.2793
1.2505
1.4827
1.4463
1.4837
1.6730
0.9658
1.4189
1.0543
1.8294
2.2087
1.8656
1.8938
2.3204
2.2692
1.8676
1.8126
1.9104
1.9917
2.5108
3.0759
2.4213
2.8416
3.3114
4.3371
4.3840
4.8630
4.5476
4.6087
4.9926
5.3275
6.2182
7.1661
7.2149
7.5209
8.0329
8.1745
8.0068
8.7935
8.6605
8.8025
9.1010
9.3519
9.6091
9.4431
9.8417
10.0155
9.8328
10.0732
10.1952
9.9595
10.2905
10.1936
10.5955
10.1828
10.1531
9.8560
9.7663
10.1443
10.2096
10.2426
9.4990
9.4855
9.5521
9.4506
10.2523
9.7311
9.7578
10.1892
10.0121
10.0892
9.6298
9.8976
9.1819
10.0848
9.2040
9.3479
9.4949
8.9488
9.0201
8.8812
8.4043
8.7386
8.9076
8.9475
9.1097
9.5202
9.8274
10.0828
10.4913
10.1748
10.1300
10.5647
10.7809
10.9852
11.5393
11.4392
11.9451
12.4258
12.4917
12.4237
12.7885
13.2980
12.6146
12.7455
12.4550
13.3041
13.1152
13.6708
13.1087
13.5241
13.4260
13.5449
14.0529
13.8366
14.2796
14.9699
14.2968
14.4793
14.0763
14.4929
14.1790
14.2711
14.3153
14.2576
14.1507
14.4888
14.7413
14.8442
14.3876
13.7950
14.2414
13.5124
13.5680
13.0787
12.6862
12.4310
11.6185
11.6138
10.8963
10.5911
10.5194
10.2804
9.4070
8.8919
8.5500
7.8720
7.3997
6.7616
6.3420
5.5055
5.8223
5.1888
4.7034
4.5662
3.7469
3.6046
3.3948
3.6406
3.4669
3.1670
3.3811
2.2475
2.4187
2.1336
2.1633
2.0496
1.5625
1.6354
1.1140
1.1993
1.3692
1.2554
1.0436
1.5013
1.6889
0.9587
1.1372
1.0666
0.9615
0.5955
0.3252
0.1390
0.1690
0.2000
0.5373
0.8341
0.3106
0.4356
0.7801
0.2289
0.5648
0.3569
0.2781
0.3181
0.7462
0.2736
0.6755
0.9237
1.1308
0.4832
0.3254
0.0532
-0.0007
-0.4246
-0.7777
-0.7001
-0.6633
-0.5414
-0.6362
-0.5877
-0.3654
-0.9525
0.4323
-0.3323
-0.3630
-0.8662
-0.3567
-0.4738
-0.5772
-0.1033
0.0682
-0.3348
-0.6496
-0.2876
-0.3565
-0.0291
0.1599
-0.3184
-0.3024
-0.1924
-0.0097
-0.1785
-0.7415
-0.7170
-0.6426
-0.9868
-1.4200
-1.6275
-1.6467
-1.7209
-0.9629
-1.6535
-1.3435
-1.8550
-1.6564
-1.5367
-0.9083
-1.4134
-0.7425
-1.1244
-1.0028
-0.7711
-0.3008
-0.2743
-0.0019
0.5231
0.4812
0.7724
0.7286
1.0349
1.3197
1.4927
1.7929
2.4478
2.5177
2.5895
2.3315
2.5868
2.5248
3.0661
3.0419
3.1198
3.4049
3.4779
3.7223
3.6516
3.6327
3.9557
4.4656
4.2184
4.1821
4.1573
4.2655
4.1389
4.2117
4.2093
4.3992
4.5799
5.1469
4.9733
5.2059
5.1509
5.0645
5.0451
5.0578
5.1564
5.3174
5.3135
5.5460
5.2887
4.9864
4.8849
4.6610
3.9849
3.7037
3.1299
2.8293
2.6240
2.1302
2.1956
1.5706
1.2935
0.6739
0.6064
-0.1235
-0.1823
-0.5751
-0.9620
-1.2173
-1.3841
-1.5510
-1.5772
-1.4457
-1.7505
-2.0187
-1.9780
-2.3856
-2.4285
-2.0951
-2.5834
-2.6289
-2.7470
-2.8031
-2.8628
-3.1190
-2.9613
-3.5165
-3.5598
-3.7174
-3.6792
-3.6258
-3.5606
-3.4548
-3.3742
-3.2127
-2.8775
-2.9771
-2.7609
-3.0781
-3.2374
-3.3501
-3.5849
-3.7563
-4.0210
-4.0315
-4.2615
-4.4227
-4.4601
-4.5167
-4.6611
-4.5773
-4.6017
-4.6238
-4.8411
-5.0936
-5.1273
-5.1665
-4.8983
-5.0467
-4.9332
-5.3369
-5.5332
-5.7006
-5.6938
-5.9448
-6.0251
-6.0961
-5.9959
-6.2601
-6.3521
-6.4456
-6.6581
-6.8661
-7.1118
-7.2419
-7.3289
-7.0070
-7.4473
-6.8899
-7.2317
-7.4057
-7.0866
-7.3623
-6.9021
-7.4998
-6.8157
-7.3191
-7.0405
-7.3392
-7.3583
-6.9491
-6.9922
-7.0092
-7.2391
-6.7667
-6.8030
-7.0659
-6.9167
-6.5482
-6.0505
-6.4434
-6.2271
-6.6904
-6.9025
-6.9738
-6.9232
-6.8796
-7.3626
-7.2833
-7.1997
-7.1298
-7.3854
-6.8453
-6.9889
-6.7572
-6.5426
-6.9626
-6.7166
-6.9654
-7.0329
-6.9586
-7.2242
-6.8509
-6.7135
-6.8154
-6.7093
-6.6977
-6.3767
-6.5919
-6.4061
-6.5677
-6.4594
-6.8547
-6.1086
-6.5383
-6.7754
-6.7773
-6.6129
-6.9113
-6.4612
-6.6056
-6.6073
-6.6113
-6.4835
-6.4481
-6.1619
-6.0255
-6.1658
-5.6719
-5.4659
-5.0392
-4.8490
-4.9492
-4.5108
-4.4139
-4.5699
-4.7263
-5.3644
-5.6059
-5.1250
-4.9674
-4.9298
-4.9573
-5.7871
-5.6467
-6.0509
-5.8617
-6.1907
-6.1404
-6.2693
-5.7859
-6.1602
-6.2620
-6.0838
-6.2982
-6.4573
-6.6766
-6.7443
-6.4857
-6.9744
-6.9687
-6.9370
-6.8999
-7.0967
-6.9686
-6.8063
-6.7181
-6.2575
-6.1814
-6.0498
-5.3905
-5.2606
-5.5057
-4.9336
-5.0516
-4.6150
-4.3743
-3.7711
-3.3639
-4.0081
-3.2955
-2.9445
-3.0238
-2.7278
-2.0909
-2.4312
-2.0417
-1.8358
-1.8839
-0.6622
-1.6327
-1.7766
-1.3728
-0.8002
-1.1123
-1.4211
-1.5902
-1.1436
-1.4112
-1.2056
-1.0022
-1.7720
-1.2016
-1.4191
-1.6002
-1.8530
-1.8167
-1.9820
-2.4279
-2.1444
-2.0410
-2.0114
-2.2984
-1.9688
-2.2964
-1.3656
-1.8842
-1.3146
-1.6557
-0.9431
0.0383
-0.8182
-0.3121
-0.5842
-0.5972
-0.6205
-1.1451
-0.6364
-1.1580
-0.7989
-1.3841
-1.1910
-0.9128
-0.6794
-0.4759
-0.1979
0.1344
1.7019
1.3015
1.5020
2.5391
2.5085
3.0083
3.2426
2.4779
3.2215
3.0188
2.8446
2.7862
2.8148
3.4370
2.7563
2.7110
2.9030
2.9560
3.2337
3.0835
3.3948
3.4980
4.0180
4.5410
4.7104
4.4605
4.4981
4.6506
4.5439
4.4879
4.9879
5.2120
5.4183
5.7523
6.3937
6.1147
6.0627
6.1254
6.1695
6.3006
6.7442
7.1092
7.2926
7.0184
7.3578
7.3184
7.1478
7.0411
7.0093
6.5288
6.4497
6.2991
6.5014
6.5609
6.6025
6.9622
6.6247
6.5839
6.7420
6.7786
6.1999
5.8835
5.6410
5.5025
5.2201
5.1197
4.9730
4.9502
4.4827
4.4503
4.4444
4.2483
4.0026
3.6280
3.6960
3.2321
3.1897
3.3121
3.0210
2.8957
3.0659
2.8459
2.9009
2.8718
3.2435
2.9134
3.1983
2.7962
2.7312
2.6802
2.7565
3.0640
3.0680
3.4632
3.3268
3.9507
3.4305
3.7339
3.8269
3.6050
3.6158
3.8366
3.7718
3.8386
3.9079
3.7326
3.9506
3.8056
3.9922
4.0513
4.6564
4.3797
4.6640
5.0194
5.0570
5.1706
5.4618
5.7365
6.0571
6.6573
6.7257
6.6106
6.9862
6.8344
7.0603
7.0856
7.2108
7.0192
6.9615
6.7970
6.6562
6.9008
6.5089
6.5853
6.6760
6.5669
6.7340
6.8998
7.0240
7.0371
7.2163
7.1091
7.2660
7.1260
7.0071
6.8504
6.7359
7.0949
6.3850
6.3943
6.3818
6.5085
6.6134
7.0142
6.9344
6.9411
6.7558
6.6277
6.6629
6.4305
6.7491
6.6165
6.8257
6.3486
6.7626
6.2767
6.1488
6.0578
5.8819
5.8858
5.8097
5.5010
5.6128
5.2021
4.9635
4.9780
4.2944
3.9994
4.0961
3.4824
3.3162
3.1594
3.0569
3.1213
2.7564
2.6035
2.4667
2.3185
2.3064
2.1719
2.1735
2.2982
2.2244
1.6569
1.8225
1.3575
1.4739
1.2468
1.2698
1.0167
1.0060
0.8171
0.9815
0.9384
0.8180
0.7926
1.3599
0.9736
0.9446
0.8177
0.8982
1.3114
0.8013
0.9983
0.8765
0.4806
0.4996
-0.1848
0.3265
0.1694
0.1038
-0.0978
0.3672
0.3036
0.5388
0.7067
0.4527
0.1989
0.0779
-0.3874
0.1170
-0.4856
-0.2276
-0.4530
-0.1811
-0.2442
-0.3404
-0.6847
-0.6333
-0.3120
-0.5920
-0.1842
-0.6514
-0.7260
-0.7057
-0.7868
-0.6036
-0.5504
-0.1653
0.1314
0.2243
0.1905
0.4346
0.4339
-0.0517
0.2502
-0.0749
0.1805
0.0922
-0.2520
-0.1463
-0.1590
0.1222
0.6826
0.3995
0.9403
1.2726
0.7142
0.8107
0.6178
0.6016
0.9620
0.5189
0.3652
-0.1056
0.3317
-0.0152
-0.3829
-0.1257
-0.6064
-0.6816
-0.7774
-0.6371
-1.0686
-1.0108
-0.9566
-1.6390
-1.9368
-1.2124
-2.0032
-1.9311
-1.8308
-1.8020
-2.1297
-1.9657
-2.4839
-2.3313
-2.1850
-2.2546
-1.8285
-2.1994
-1.8012
-1.6268
-1.5554
-1.2314
-1.5750
-1.6690
-2.1194
-2.1862
-1.9740
-2.1177
-2.3429
-2.6103
-2.7744
-3.1510
-3.3216
-3.8452
-4.3216
-4.2366
-4.3570
-4.9846
-4.8962
-5.4537
-5.6598
-6.0303
-6.0224
-6.4526
-5.9250
-6.6126
-6.6849
-7.0931
-7.1920
-6.9973
-7.1623
-7.0926
-7.2908
-7.1212
-7.3795
-7.0951
-7.0311
-7.4196
-7.2658
-6.9633
-6.3347
-6.9724
-6.7794
-7.1825
-6.9882
-6.9244
-6.9970
-6.8207
-6.7037
-6.7890
-6.8040
-7.0025
-7.0309
-6.9672
-6.4764
-7.0810
-6.7528
-6.9920
-7.0543
-6.8530
-7.2065
-7.0603
-7.2464
-7.3739
-7.1220
-6.7402
-6.3926
-6.8924
-6.8484
-6.1855
-6.3831
-5.5335
-4.9011
-5.3813
-5.4121
-5.6053
-5.5600
-5.4237
-5.1837
-5.1423
-4.8575
-4.8393
-5.0931
-5.3099
-5.6848
-5.9786
-6.0793
-6.2607
-6.0739
-6.4115
-6.6160
-6.9849
-7.0718
-6.7194
-7.2728
-6.8775
-7.3734
-7.3728
-7.1024
-7.2876
-7.3267
-7.1416
-7.0681
-7.1487
-6.9508
-6.9859
-6.9497
-6.9245
-7.3619
-7.0806
-6.7660
-6.5105
-6.1393
-6.4138
-5.8141
-6.6464
-6.7402
-7.0467
-7.1917
-6.5597
-6.5189
-5.8941
-6.0995
-6.2710
-6.0715
-6.2628
-6.5469
-6.7393
-6.6170
-6.9015
-6.7138
-6.7124
-6.4102
-6.5560
-6.2341
-5.9983
-6.0460
-5.6544
-5.6603
-5.4297
-5.2900
-5.1159
-4.8888
-4.7244
-4.1952
-3.8522
-4.1088
-3.6092
-3.7074
-3.4487
-3.4030
-2.7800
-3.0328
-2.6685
-2.1990
-2.5453
-1.7043
-2.3772
-2.6608
-2.4982
-3.1104
-3.1637
-3.1824
-3.2908
-3.4004
-3.1842
-4.0995
-3.7447
-4.2513
-4.1650
-4.3149
-4.3181
-4.6317
-4.5379
-4.7471
-5.0046
-5.1804
-5.0210
-5.5168
-5.8421
-5.3988
-5.4629
-5.8974
-5.9465
-5.9324
-5.5647
-5.6106
-5.6289
-6.1770
-6.1557
-6.1541
-6.0331
-5.9324
-6.0868
-5.9054
-5.3086
-6.0144
-5.8661
-6.2125
-5.5360
-6.3438
-6.4195
-6.2243
-6.4083
-5.7789
-6.3479
-6.3781
-6.1884
-6.5616
-6.6902
-6.6923
-6.8372
-7.0159
-6.9386
-7.0822
-6.9352
-6.9035
-6.9556
-6.8459
-6.7763
-6.6387
-6.4354
-6.5281
-5.9942
-5.8698
-5.9811
-5.5842
-5.4037
-5.3109
-5.0883
-4.9900
-4.7142
-4.4842
-4.2417
-3.2690
-3.8617
-3.2933
-3.3068
-2.4186
-2.9638
-2.4968
-1.9845
-0.8750
-0.4307
-0.5927
-0.7477
-0.0658
-0.3462
0.5062
-0.1998
1.6459
1.3199
2.4915
2.3501
2.8544
2.6074
4.7724
4.5973
5.7233
6.6327
5.6437
5.5097
5.6629
6.1470
5.8093
6.6390
7.1899
8.0505
8.2039
8.7050
7.9819
8.6178
9.0936
8.2815
8.7491
8.4474
8.2816
8.3349
8.2591
8.2961
7.9533
8.8432
6.9571
7.1376
6.7476
6.6928
6.6444
6.3663
6.8994
7.6416
7.8685
8.1133
7.7075
7.7399
7.7999
7.0831
7.7211
7.7850
7.6720
7.9818
7.6041
8.0487
8.0838
8.4241
8.9362
8.2153
8.5352
8.1210
8.6360
8.0731
8.5049
9.0249
8.3890
8.3720
8.4134
8.8515
8.9609
9.6117
9.1382
9.4724
9.6604
9.8712
10.6088
11.6808
10.9908
11.4849
11.7979
12.3847
12.3395
12.7659
12.3869
13.2416
13.8951
13.5674
14.4866
14.2385
14.6788
14.2288
14.9516
15.4646
15.6929
15.1295
15.1972
15.6268
14.8591
14.4367
14.4793
14.5931
14.8640
14.3568
14.7131
14.0460
14.2326
13.9173
13.7435
13.7977
13.7312
14.3341
14.4900
15.1294
15.0024
14.9524
14.3196
14.5819
14.1943
14.1869
14.1022
14.0888
13.7468
13.8480
13.6583
13.5647
13.1690
13.4093
12.8164
13.1698
12.6826
12.2261
11.5802
11.3622
10.4100
10.1957
9.8415
9.0966
8.6919
7.8414
7.4182
6.8257
6.6799
6.6986
5.8135
5.5977
5.2911
4.8248
4.2111
4.1214
3.6143
3.3614
3.1671
2.9801
3.0206
3.2921
3.1289
2.7486
2.9680
3.2253
2.8043
2.7310
2.4340
2.4697
2.9280
2.5115
2.1638
2.1148
1.7955
2.0519
1.7006
1.7267
1.9907
1.7123
1.7160
1.4361
1.4146
1.1030
0.8804
1.0904
0.8166
0.9725
0.5192
0.5623
0.6934
0.9160
0.6984
0.6639
0.9026
0.2363
0.0750
-0.2298
-0.5147
-0.5653
-0.5387
-0.7223
-0.6592
-0.5571
-0.7464
-0.9523
-1.0800
-1.1596
-1.3157
-1.1786
-1.4021
-1.3631
-1.3655
-1.2185
-1.5173
-1.6046
-1.3826
-1.6451
-1.5405
-1.6518
-1.4562
-1.5730
-1.8438
-2.0563
-2.2635
-2.5352
-2.7629
-2.7032
-3.0460
-3.2281
-3.4701
-3.7558
-3.9532
-4.2104
-4.3057
-4.6295
-4.5756
-5.0934
-5.2915
-5.5305
-5.4816
-5.5765
-5.8799
-5.7157
-5.9336
-6.0086
-5.8334
-6.2136
-6.2545
-6.2200
-6.4387
-6.1475
-6.1582
-5.9984
-6.3834
-6.1953
-5.9325
-5.9701
-6.2229
-6.5111
-6.6459
-6.6671
-6.2765
-7.2947
-6.9251
-7.7734
-7.3480
-7.7725
-7.6321
-7.3748
-7.2081
-6.8751
-6.8938
-6.6674
-6.8961
-6.0340
-6.1107
-6.0344
-6.4671
-5.9088
-6.0290
-5.2257
-5.5007
-5.7891
-5.3887
-5.8765
-5.4237
-5.3695
-5.9972
-6.1702
-5.8784
-6.3410
-5.8918
-6.0585
-5.4179
-5.2539
-4.9217
-4.9781
-4.7465
-4.1158
-4.4109
-4.6505
-4.1741
-4.5029
-4.0037
-4.0795
-3.5185
-4.0067
-3.7894
-4.0267
-3.8046
-4.1165
-4.0363
-4.4822
-4.1280
-4.3247
-4.7375
-4.6675
-5.1350
-5.3997
-5.8675
-5.7717
-5.5157
-5.5848
-5.6272
-5.4402
-5.4816
-6.0752
-6.3822
-6.3128
-6.3648
-6.2573
-6.5908
-6.8213
-6.6622
-6.7600
-6.5029
-6.6815
-6.6946
-6.2503
-6.7036
-6.6418
-6.3484
-6.7260
-6.4959
-6.3976
-6.4222
-6.0797
-6.2478
-5.8961
-5.9639
-6.1272
-6.1243
-5.9946
-5.6896
-5.8330
-5.7548
-5.5937
-5.2011
-5.0539
-4.9851
-5.0468
-5.2082
-4.8873
-4.1505
-4.9323
-4.9397
-5.0360
-4.7671
-4.5160
-4.1709
-4.2707
-4.0055
-3.6442
-3.7576
-3.6638
-4.2699
-3.8377
-4.0176
-3.8686
-3.8424
-3.7940
-3.7052
-4.0322
-3.6248
-3.9089
-3.8639
-3.6260
-3.7137
-3.7883
-4.1241
-3.8844
-3.8069
-3.8319
-3.6600
-3.7429
-3.1028
-3.6146
-3.7473
-3.7807
-3.8909
-3.7379
-3.3217
-3.5235
-3.2737
-3.2476
-2.7917
-3.0801
-2.7293
-2.8670
-2.8280
-2.8308
-2.0184
-2.2214
-2.4637
-1.8015
-2.1689
-2.1651
-1.7898
-1.6228
-0.8294
-1.1353
-0.8435
-0.5033
-0.4882
-0.3293
0.1507
0.6596
0.8816
1.0914
1.3039
1.1792
1.0925
1.4069
1.1801
1.6734
1.5475
1.6450
1.6841
1.3727
1.1398
0.7796
0.5909
0.6059
0.8956
0.6908
0.6143
0.0919
0.0159
0.2021
0.1873
0.1212
0.0299
0.0920
0.1541
-0.0231
-0.0451
-0.1121
-0.2109
0.0834
-0.1349
-0.2195
0.0233
-0.2759
-0.0232
-0.2470
0.2283
-0.2030
-0.3895
-0.1947
-0.3708
-0.4078
-0.9253
-0.6263
-0.9518
-0.6031
-0.7719
-0.7979
-1.0053
-0.9021
-0.9662
-1.1283
-1.2140
-1.1441
-1.1877
-1.5508
-1.1360
-1.6168
-1.5153
-1.2825
-1.3161
-1.1574
-1.2320
-0.7499
-1.2934
-0.7965
-0.7606
-1.4630
-1.4196
-1.5995
-1.1526
-1.5165
-1.7104
-2.0262
-2.0976
-1.9238
-1.7606
-1.8819
-2.1770
-1.8059
-2.1322
-1.6777
-1.5677
-1.2579
-0.9375
-1.1928
-1.0147
-0.9018
-0.8705
-0.5259
-0.6211
-0.0262
-0.3380
0.3706
0.1615
0.6717
0.7771
1.4649
2.0949
2.2413
2.6501
3.1568
3.3560
3.3177
4.0130
4.0608
4.5392
5.4409
5.1298
5.2713
5.6284
5.4434
5.2671
5.2667
5.2545
5.6041
5.3764
5.5167
5.8947
6.0383
5.9072
6.0503
6.2064
6.0291
5.9000
5.7339
5.8538
5.7794
5.3346
5.2764
5.3236
5.0836
4.5860
4.6259
4.4836
4.5976
4.2438
4.3905
4.2623
3.9499
4.5315
3.5933
3.7346
3.4193
3.4441
3.3877
3.0182
3.0134
2.9743
3.2366
3.1583
2.6465
3.0357
2.8551
3.2693
2.7900
2.8664
2.6204
2.7180
2.6959
3.0031
2.5977
2.7951
2.8773
3.3453
3.1659
3.7944
3.6219
3.5477
3.4958
3.4339
3.3723
3.5374
3.7036
3.6570
3.6784
3.6096
3.1602
3.3967
2.7394
2.1815
2.0132
1.5764
1.9436
1.5122
1.3845
1.1049
0.9046
0.9478
0.0699
-0.0265
-0.7163
-1.0267
-1.4428
-1.7528
-2.0467
-2.2558
-2.4842
-2.7013
-2.6979
-2.9234
-2.9819
-3.5547
-3.8933
-3.9198
-3.8647
-3.9749
-3.9512
-3.6942
-3.9180
-3.8757
-3.9298
-4.0945
-4.2345
-3.7933
-4.3976
-4.6152
-4.6504
-4.6394
-4.7583
-5.1528
-5.2401
-4.8067
-5.0315
-5.0286
-4.9117
-5.1581
-5.0682
-4.9954
-5.2621
-5.2068
-5.4874
-5.3941
-5.8410
-6.1300
-6.0841
-6.5547
-6.4533
-6.4763
-5.8797
-6.1050
-5.7435
-6.1716
-6.2905
-6.2679
-6.3641
-6.1721
-6.2663
-6.3051
-6.3748
-6.5348
-6.4614
-6.1926
-6.1703
-6.0478
-6.1077
-6.2509
-6.4676
-6.4500
-6.7893
-6.9514
-6.8666
-6.9282
-6.6204
-6.9043
-6.8095
-6.4907
-6.9267
-6.9890
-7.0761
-7.2472
-7.2169
-7.2782
-7.0277
-6.8207
-6.9994
-7.0826
-7.6003
-7.0725
-7.3550
-6.9612
-6.9320
-7.2499
-7.0172
-6.7960
-5.9753
-6.1964
-6.5891
-6.0838
-6.4219
-6.1587
-5.8659
-5.9569
-6.3097
-6.3673
-6.3856
-5.8998
-5.8684
-5.4871
-5.4980
-5.7446
-5.3587
-5.6613
-4.7529
-4.8591
-4.2270
-5.0463
-4.9144
-4.6791
-4.8397
-5.0361
-4.5644
-4.5588
-4.1535
-3.8224
-4.0987
-4.4718
-4.3218
-3.5701
-3.8967
-3.8197
-3.9500
-3.9350
-4.0233
-4.1133
-3.5271
-3.3147
-2.9883
-2.9217
-2.6808
-3.3357
-2.7757
-2.7981
-2.5707
-2.4650
-2.8444
-2.1374
-3.0132
-1.7037
-2.8586
-2.8914
-2.6484
-3.0949
-2.2960
-2.9909
-3.0518
-3.4267
-3.0612
-3.3909
-3.3375
-3.3624
-3.2930
-2.4384
-2.8862
-2.8746
-2.7561
-2.6954
-2.0365
-2.0805
-2.3320
-1.7614
-1.1156
-1.0676
-0.6449
-0.9008
-0.9320
-1.4950
-0.4888
-1.3939
-0.9903
-1.4577
-1.2894
-0.7861
-0.1984
-0.3082
-0.7980
-0.4633
-0.7361
0.7992
-0.6280
-0.7312
-1.1258
-0.3287
-0.4630
-0.4752
-0.0902
-0.6015
-0.7750
-0.9480
-1.4709
-1.9880
-2.0454
-1.7137
-1.7508
-1.6881
-1.6774
-1.8680
-2.2760
-2.3185
-2.0865
-1.7567
-1.7598
-1.6855
-1.8639
-1.8477
-1.9454
-1.8576
-1.7205
-1.5440
-1.1833
-1.5530
-1.1361
-0.5327
-0.6309
-0.3867
0.2449
-0.0089
-0.1254
0.1043
0.6524
0.3215
0.4529
0.6107
0.6147
1.0466
0.9569
1.2012
1.0203
1.5509
1.7297
2.0794
1.4246
1.4475
1.4516
1.7924
2.1305
2.1991
2.6100
2.9866
3.1114
3.2467
3.5105
2.9145
3.5799
3.0886
3.2639
3.6355
3.6545
3.9808
4.4664
4.5040
4.5799
4.7667
4.5015
4.5621
4.6482
5.1183
5.2648
5.5467
5.8692
5.9189
5.9545
6.0478
6.1796
6.4714
6.6952
6.4665
6.2916
6.2974
6.3332
6.3443
6.9385
6.4357
6.3619
6.5182
6.5424
6.5782
7.1181
6.9755
7.8162
7.1509
7.3918
7.3932
7.8298
7.8220
7.5844
7.4679
7.4015
7.0337
6.9590
6.6802
6.6266
6.3426
6.1349
5.8309
5.6661
5.2481
5.1055
5.4249
5.0458
4.7968
4.8178
4.8612
4.9295
4.6947
4.4603
4.1638
4.0649
3.7217
3.5076
3.4139
3.7281
3.3754
3.6644
3.9998
4.1194
4.3455
4.0256
4.2506
4.2418
4.6318
4.8719
4.7894
4.7577
4.7281
4.7306
5.6278
5.0093
5.5422
5.3423
5.7670
5.4091
5.9231
5.8078
5.6818
5.6729
5.3928
5.5643
5.8884
5.9875
6.1806
6.1009
6.3769
6.6088
6.3068
5.8291
5.7815
5.9763
5.8304
5.5230
5.5198
5.7845
5.5938
5.6155
5.0163
5.3107
4.6256
4.3835
4.3099
3.8172
4.1355
3.4460
3.3222
3.1234
3.3092
3.0343
3.0203
2.8017
3.1958
2.9822
3.1179
2.6586
2.6811
2.5617
2.7087
2.6885
2.4825
2.2709
2.1049
2.0730
1.9977
2.0536
2.0348
2.1086
1.7301
1.7380
1.8479
1.5784
1.2918
1.3837
1.0807
0.9230
1.1108
0.8650
0.8587
0.7312
0.6353
0.4261
0.3986
0.2891
0.3939
0.3267
0.3061
0.3296
0.1995
0.3371
0.3340
0.1976
0.3679
0.8592
1.1622
1.4544
1.8959
1.9398
2.4230
2.9151
3.0814
3.4186
3.5588
3.8246
4.0092
4.5491
4.6515
4.9625
5.4763
5.4452
5.6417
5.6964
6.1172
6.2926
6.4303
7.4416
6.9802
7.2558
7.2560
7.5115
7.5204
8.0879
8.8754
8.2493
8.6850
9.1883
8.8664
9.2374
8.3081
7.8762
8.2334
7.5588
7.9052
7.5343
7.8081
7.2648
7.3878
6.2991
6.7125
6.1690
5.7656
5.2903
4.8896
4.3854
3.5561
3.9543
3.1849
2.8404
2.9205
2.3952
2.5131
2.5312
2.0181
2.0347
1.7966
1.3801
1.0207
0.9369
0.7420
0.6590
0.8382
0.4587
0.5687
0.1025
0.8870
0.3227
-0.2549
0.0342
0.0666
-0.6323
-1.0287
-1.0463
-1.1582
-1.4134
-1.3380
-1.4287
-1.4612
-1.9594
-1.3561
-1.4032
-1.4459
-2.2187
-2.5492
-2.5892
-1.9995
-1.6230
-1.1305
-0.8821
-0.1598
-1.3155
-0.7682
-1.3810
-0.8988
-1.1131
-1.3270
-0.9125
-0.6115
-0.7347
-1.4419
-1.9402
-1.7214
-2.3025
-2.7415
-2.8374
-2.9205
-3.0773
-2.9200
-3.0857
-3.6573
-3.5966
-4.1826
-4.0675
-3.6761
-4.2608
-4.3444
-4.9186
-5.0171
-4.4842
-5.2609
-4.8778
-5.1739
-4.8833
-5.2292
-4.7094
-4.9609
-4.9624
-4.7161
-5.3048
-5.6094
-6.0865
-6.1988
-6.5076
-6.5645
-6.4477
-6.2301
-6.1267
-6.5412
-6.5090
-6.6942
-6.6583
-7.0918
-6.9823
-7.0393
-7.2458
-7.0271
-7.0074
-7.0321
-7.1264
-7.2836
-7.4876
-7.7768
-7.7896
-8.0755
-8.1468
-7.8678
-8.0475
-7.7110
-7.9041
-7.3019
-7.6423
-7.5902
-7.0918
-7.0085
-6.8682
-6.5893
-6.8841
-6.9380
-7.0731
-6.7053
-6.8610
-6.9527
-7.0390
-7.3137
-7.2184
-6.8804
-6.5247
-6.5847
-6.3397
-6.5048
-6.7275
-5.9027
-6.0308
-6.2167
-6.6343
-6.2668
-6.5125
-6.8435
-7.1757
-7.1239
-6.9539
-6.8313
-7.1671
-6.8189
-7.0137
-7.3819
-6.8311
-6.7150
-6.4144
-6.2693
-5.7578
-6.0433
-5.7678
-6.2065
-6.3491
-6.1325
-6.6229
-6.7280
-6.4520
-7.0095
-7.1555
-6.9828
-6.6218
-6.4308
-6.7127
-6.6376
-6.6600
-6.8925
-6.9163
-6.9174
-6.8749
-6.5478
-5.7774
-6.4791
-5.4807
-6.1545
-6.4116
-6.4938
-6.5272
-6.4583
-6.1687
-6.0682
-6.3799
-6.2896
-5.7657
-6.0993
-5.7089
-5.7681
-5.8978
-5.3956
-5.3014
-4.3496
-5.3736
-5.4759
-5.4212
-4.7874
-5.4509
-5.2260
-5.2162
-4.2618
-4.8342
-4.9383
-5.1033
-5.2060
-5.0008
-5.0748
-4.5211
-4.7274
-4.4880
-4.4201
-4.3425
-4.2879
-4.2563
-3.8316
-3.5647
-4.2646
-4.1647
-3.9751
-4.0921
-3.8582
-3.9264
-3.7357
-3.4481
-3.4036
-2.6502
-2.9173
-2.8768
-2.6663
-2.3691
-2.1578
-1.7773
-2.1754
-1.9851
-1.7261
-1.4112
-1.4232
-1.1547
-0.6563
-0.6521
-0.1872
0.0357
0.5246
-0.2254
-0.1835
-0.4558
-0.3622
-0.4575
-0.3763
-0.3921
-0.0179
0.0804
0.0192
0.0185
0.2328
0.1487
0.1707
0.4062
0.6375
0.5633
0.7636
0.5788
0.8193
0.7229
1.0108
1.0209
1.1166
1.1150
1.2852
1.0815
1.3637
1.3946
1.6057
2.0752
2.1344
2.7063
2.6732
2.5880
2.7810
2.8006
2.2580
2.4851
2.0011
2.0329
1.8363
1.9224
2.3645
1.9479
2.0191
2.5509
2.1391
1.9614
1.8917
2.3662
1.5585
1.3578
1.3368
1.5002
1.0073
1.5198
1.3659
0.8481
1.6892
1.3618
1.9923
1.3790
1.1731
1.1908
0.8925
1.1510
0.9011
0.9789
1.2309
1.4092
1.5403
1.4068
2.1118
1.4531
1.4431
1.2140
1.6281
1.1906
1.8135
1.2594
1.9173
1.9182
1.6969
2.0105
2.3479
2.1124
2.2334
2.4143
2.1671
1.9983
2.2700
2.4836
2.3335
2.9768
2.5497
2.8571
2.5155
2.5271
2.0573
2.0059
1.9117
2.2915
2.3525
1.9395
1.8778
1.7154
1.1901
1.2761
1.0879
1.1432
1.1826
1.3816
1.3390
1.4962
1.5126
1.4168
1.7497
1.0676
1.6119
1.2290
1.4924
2.3360
2.3900
2.1741
2.8431
2.4814
2.5733
2.6187
3.3447
3.4966
3.9817
4.3084
4.0782
3.9941
3.8874
4.0318
4.2997
3.9798
4.0430
4.6189
4.8691
4.8626
4.9871
5.3797
4.7372
5.2959
5.4186
5.0755
4.7771
4.6881
4.4187
4.2196
3.6771
3.7712
3.7409
3.8893
3.4247
3.3460
3.3836
3.3513
3.4404
2.6554
2.6422
2.3406
2.0917
1.9300
2.5212
2.4119
2.0342
2.1123
1.9407
2.2402
2.0235
2.8472
2.7027
2.8416
2.6639
2.5922
2.5494
2.8194
2.7464
2.9715
3.2442
3.3994
3.2485
3.4724
3.8785
3.5464
3.2813
3.9303
3.2320
3.2351
2.8886
2.7061
2.6734
3.1043
2.6032
2.5145
2.6533
2.4871
2.4640
2.0235
2.0140
1.7778
1.9219
1.6429
1.4972
1.3069
0.9899
0.8072
0.5611
1.1304
0.5159
0.0406
-0.1979
-0.4962
-0.9408
-0.3920
-0.9090
-0.9761
-0.9702
-0.9488
-1.4502
-1.5924
-1.9641
-1.8777
-2.5020
-1.9887
-2.3022
-1.9990
-2.0111
-2.0600
-2.4734
-2.5540
-1.8847
-3.0686
-3.1241
-3.5580
-3.3104
-3.7727
-3.9842
-4.1387
-4.3155
-4.5876
-3.9621
-4.0717
-3.9966
-4.0337
-4.2439
-3.8299
-3.6862
-3.6780
-4.1502
-4.1412
-4.5231
-4.7609
-4.5805
-4.5127
-4.2121
-4.3170
-4.1903
-3.7319
-3.7888
-3.9058
-4.0590
-3.8061
-3.6705
-3.7460
-3.5873
-3.5108
-3.6608
-3.7228
-3.9296
-3.7873
-3.9863
-3.8404
-4.5537
-4.5353
-4.4099
-4.3589
-4.5023
-4.6790
-5.0507
-5.1952
-5.5725
-5.7989
-5.8914
-6.3510
-6.6269
-6.6868
-7.0301
-6.5531
-7.1853
-6.9080
-7.1788
-7.2025
-7.2697
-7.3587
-7.2242
-7.2383
-7.2801
-7.1442
-7.5474
-7.0774
-6.8984
-7.0015
-6.0136
-6.4119
-5.6172
-6.3323
-6.3804
-5.9653
-6.1217
-5.8288
-5.8113
-5.7687
-5.5911
-5.1701
-5.0478
-4.9655
-4.6924
-4.3942
-4.1620
-3.5425
-3.5272
-3.1987
-3.0715
-2.6234
-2.1163
-2.3004
-2.4507
-2.5151
-2.4129
-2.4975
-2.2366
-2.4652
-2.2734
-2.3911
-2.3644
-2.1631
-1.6538
-1.7795
-1.8106
-1.4016
-1.3953
-1.6568
-1.5653
-1.5343
-1.7785
-1.6926
-1.6036
-1.5927
-1.4176
-1.5322
-1.7771
-1.5610
-1.6912
-1.7943
-1.3975
-1.3708
-1.2695
-0.7216
-0.5186
0.0041
0.0754
0.0455
0.4919
0.1902
0.6992
0.6885
0.9638
1.3326
1.7034
2.1561
2.8924
2.6830
2.9654
3.2048
3.5662
4.0135
4.3669
4.9508
5.1769
5.3889
5.4799
6.0320
5.8324
6.2878
6.3580
6.4285
6.5741
6.3537
6.0792
5.8681
5.2321
4.9393
5.3095
5.0856
4.5359
4.5697
4.5244
4.9858
4.4621
4.3001
4.0626
4.0708
4.0431
4.1896
4.7960
4.6988
4.5285
4.9686
4.6689
4.6699
5.0919
4.5113
4.9888
4.6083
4.6954
4.8826
5.3541
5.1710
4.7721
4.9309
4.6808
4.5714
4.5274
4.2487
4.1785
3.6892
3.6541
3.2459
2.8548
3.0459
2.0679
2.3357
2.0265
2.0147
2.5935
2.2140
2.5268
2.5431
3.0488
2.9679
2.6720
2.5664
2.3311
2.9131
2.8130
2.6063
2.5494
2.7316
2.9873
3.2336
3.8725
3.7352
4.1558
3.8614
4.2146
4.2561
4.2084
3.9790
4.2131
3.7589
3.7783
3.3573
2.9922
3.1079
2.9199
2.5222
1.6537
1.5444
1.0440
1.1350
0.8259
0.5932
0.8826
0.5552
0.2913
0.4697
0.2209
0.2635
-0.1938
-0.2239
-0.2535
0.3506
-0.4229
0.7067
-0.3389
0.1244
-0.4671
-1.1408
-0.7517
-1.3160
-1.1136
-1.6426
-1.6512
-1.0675
-1.2669
-1.9601
-1.7934
-2.0908
-1.7696
-1.7899
-1.9004
-2.1114
-2.3113
-1.8923
-1.8723
-1.4470
-1.2938
