-0.2378
-0.0648
0.9779
0.4646
1.0599
0.6726
1.0242
1.0825
1.4819
1.6117
1.4301
1.5232
1.7760
2.1388
2.0950
2.7551
3.0545
2.6919
3.0170
2.4557
2.9388
2.7839
2.9647
2.5856
2.7417
3.0476
3.0539
3.3844
3.7488
4.4716
4.6251
4.6235
4.8922
5.2755
5.3932
4.9985
5.1682
5.5668
5.7194
5.7940
5.8562
6.4910
6.2188
6.1239
5.8322
5.6127
5.5186
5.5074
6.0033
5.3104
4.9096
4.9708
5.0811
4.4241
4.3513
4.4648
3.8437
3.7849
3.4355
3.3500
3.0009
2.8947
2.6268
2.7167
2.3909
2.3194
2.3609
2.6080
2.6626
2.7804
3.0069
3.4910
3.3599
3.7205
3.7746
3.7343
3.9443
3.7668
4.0517
3.7566
3.8729
3.5935
3.1234
3.0327
2.7599
2.6596
2.9910
2.5609
2.5739
1.8950
2.3631
1.6017
1.8663
1.6357
1.6724
1.8691
1.3078
1.2139
0.9389
1.2060
1.0414
0.9225
0.7554
0.8512
0.9635
1.0319
1.4276
0.9940
1.1049
1.1951
0.9476
1.0992
1.0680
1.1446
1.2001
1.4473
1.6842
1.2864
1.1439
1.2490
1.0190
1.2146
0.7759
0.9069
1.0172
0.6255
0.7027
0.6940
0.5666
0.6576
0.5070
0.4405
0.2681
0.4062
0.0522
-0.2430
0.2202
-0.0111
-0.1641
-0.0597
0.1627
-0.0449
0.2739
0.2048
0.0024
0.1727
-0.4415
-0.5540
-1.1713
-1.2691
-1.4089
-1.1307
-0.8075
-1.1842
-1.5332
-1.7440
-1.2576
-1.2661
-1.2375
-1.4725
-1.5442
-1.2947
-1.1798
-1.1650
-1.5360
-1.3569
-1.6502
-1.4369
-1.7864
-1.6518
-1.6264
-1.4524
-1.4839
-1.3339
-1.4495
-1.6153
-1.7584
-1.8264
-1.5362
-1.6694
-1.7172
-1.7800
-1.9015
-1.8266
-1.1563
-1.6410
-1.9234
-1.7211
-1.7012
-1.1529
-1.0331
-1.2146
-1.2031
-0.8270
-0.8142
-0.6203
-0.3933
-0.4747
-0.5182
-0.2665
-0.5790
-0.1742
-0.3138
-0.1765
-0.3471
-0.3218
-0.0891
-0.1089
-0.0019
0.0202
-0.2603
-0.2587
0.1006
0.1400
0.0750
0.2136
0.6812
0.2995
0.1969
0.5189
-0.0158
0.4016
0.8391
1.0312
1.5016
1.2948
1.5453
1.0052
1.2714
1.4492
1.1257
1.2780
1.5478
1.2176
1.1097
0.9336
0.7453
1.0755
0.4784
0.3739
0.1202
-0.0507
-0.2657
0.0209
-0.2605
-0.5424
-0.1835
-0.4955
-0.6320
-0.8837
-0.6952
-0.6761
-0.8064
-0.8189
-0.8003
-0.3646
-0.3448
-0.2867
-0.2222
0.1067
0.1129
-0.0576
0.0631
-0.1262
0.3764
0.5857
0.6766
1.0130
1.0211
1.3743
0.7290
1.0187
0.9683
1.0279
1.1945
1.3282
1.1621
1.3218
0.9475
1.3665
0.7976
0.7642
0.6287
0.6718
0.1653
0.6504
0.1517
-0.1988
-0.2299
0.2189
-0.6169
-1.1241
-0.8231
-0.8047
-0.4079
-0.4420
-0.3750
-0.8591
-1.1527
-1.5667
-2.1757
-2.2778
-2.3379
-2.5118
-2.4938
-2.5876
-2.6546
-2.7286
-3.2128
-3.2488
-3.2802
-3.4159
-3.2057
-3.3963
-3.6546
-3.4425
-3.5270
-3.5489
-3.8509
-3.6531
-3.8982
-3.9829
-4.1047
-4.2175
-4.2806
-4.2916
-4.3157
-4.2143
-4.2741
-4.0436
-4.2651
-4.5813
-4.7411
-4.6187
-4.6235
-4.7333
-4.5529
-4.4923
-4.6156
-4.6902
-4.5370
-4.7902
-4.7528
-4.5669
-4.7423
-4.5720
-4.5418
-4.0006
-4.2314
-3.8259
-4.1124
-4.1419
-3.6226
-4.0618
-4.4196
-4.4138
-4.4433
-4.3535
-4.1605
-4.0367
-3.8814
-3.9189
-3.9664
-3.9524
-3.9330
-3.9086
-3.7572
-3.3890
-3.6708
-3.6818
-3.7305
-3.6252
-3.5843
-3.2530
-2.9268
-3.2585
-2.9835
-2.6919
-2.3718
-2.2733
-3.0437
-3.0328
-3.2529
-3.1979
-3.2864
-3.3061
-3.3323
-3.3513
-3.4116
-3.1191
-3.1830
-3.1567
-3.3653
-3.3192
-3.3585
-3.3361
-3.4138
-3.3891
-3.3582
-3.0868
-3.2273
-2.5956
-3.2309
-3.2766
-3.1948
-3.1686
-3.0199
-3.1334
-2.9485
-3.2835
-3.2961
-3.3048
-3.1389
-3.1178
-3.3804
-3.3467
-3.2884
-3.2448
-3.0477
-2.8436
-2.8396
-2.7932
-2.6058
-2.3136
-2.3000
-2.2877
-2.1745
-2.0176
-1.9174
-1.9431
-1.5546
-1.6378
-1.1224
-1.8369
-2.1805
-2.1931
-2.3684
-2.6023
-2.6422
-2.8522
-2.6943
-1.8528
-1.5533
-1.6469
-1.4049
-1.5042
-1.0746
-0.9501
-1.5964
-0.8524
-0.4950
-0.1094
-0.0367
0.8628
0.5813
0.4515
0.1778
0.2392
-0.2151
-0.2641
-0.0011
-0.7435
-0.4629
-0.7339
-0.4963
-0.0895
-0.2715
-0.0282
0.5954
0.1563
0.1640
0.1255
-0.2659
-0.3272
0.5895
0.1890
0.9010
0.3868
0.6933
0.8123
0.7854
0.6135
0.8923
0.0185
0.1533
0.2835
0.4473
0.8733
0.7802
0.8625
0.7126
0.3685
0.1122
0.6790
0.9360
1.0010
1.1210
1.2914
2.2218
2.0465
2.2536
1.4544
1.4577
1.7753
1.3505
1.4929
0.8309
0.8154
1.6870
2.9368
1.4317
1.5406
1.5724
2.1913
2.4975
2.4749
2.1385
2.6965
2.8002
3.2468
3.5839
4.0527
4.2468
4.5003
3.7788
4.5834
3.9286
5.1207
5.5158
5.5779
6.2145
6.0416
6.5732
5.9828
6.2855
6.9174
6.9865
7.6174
7.6016
8.4413
8.8634
9.4599
10.0697
9.1943
9.9386
9.9843
9.7166
10.0529
10.3842
10.6068
10.3704
11.0270
10.9273
11.0638
11.0548
10.9858
10.9658
10.4797
10.2038
10.1133
10.4458
10.1733
10.1319
9.8646
10.1563
9.8220
9.7893
10.1230
10.2895
10.5752
9.6178
9.5562
10.0325
8.1905
8.6859
8.0472
8.2663
7.1189
6.8742
7.2507
5.9849
6.2240
5.7194
5.9163
5.4925
5.5164
5.7100
4.3979
3.9888
4.4586
4.5875
4.7980
4.4887
3.8038
4.1558
3.5890
3.6223
3.9774
3.9818
3.5953
3.3799
3.6146
3.4980
3.1071
3.2151
3.4675
3.9406
4.2509
4.7845
4.5263
3.9651
4.6378
4.0590
5.0131
4.6650
5.2019
5.3561
5.4082
5.7724
5.6532
5.5698
5.8498
5.7020
5.5801
5.7086
5.7486
5.6284
5.4618
5.5038
4.9615
4.5458
4.6026
3.9819
3.8361
3.5361
3.7336
4.1377
3.7403
4.1178
3.4270
3.6484
3.4070
3.1940
3.3835
3.0871
3.1411
3.5478
3.4015
3.4034
3.3049
3.5839
3.9118
4.3722
4.3584
4.6676
4.4597
4.2509
4.2695
4.3651
4.1852
3.9332
3.2577
3.8889
3.3086
3.5792
3.9313
3.6635
3.7767
3.8561
3.5927
3.4223
3.2714
3.8552
3.0438
3.0932
3.2976
3.5977
3.1618
3.2853
3.1146
3.1486
2.9030
3.1970
2.9438
3.1273
3.3322
2.3564
2.0184
1.8427
1.4338
1.2433
0.9448
0.6567
0.1616
0.1771
-0.2472
-0.3560
-0.4917
-0.6000
-0.6949
-0.6577
-0.7416
-0.8373
-0.8427
-0.6861
-0.5465
-0.7067
-0.6586
-0.4437
-0.6546
-0.4971
-0.8043
-0.5833
-0.6753
-0.8183
-0.8171
-0.7145
-0.7395
-0.7868
-0.7250
-1.0213
-1.1286
-1.2561
-1.3542
-1.4949
-1.5811
-1.7034
-1.5967
-1.6618
-1.9140
-2.0236
-2.1177
-2.2639
-2.3330
-2.4107
-2.4758
-2.5734
-2.6435
-2.5932
-2.6871
-2.6345
-2.7571
-2.7351
-2.7278
-2.4985
-2.6679
-2.6414
-2.5952
-2.5470
-2.4738
-2.3090
-2.2338
-2.1102
-2.1241
-2.1515
-2.2042
-2.2734
-2.3346
-2.3621
-2.3965
-2.4067
-2.3219
-2.1453
-2.2568
-2.3300
-2.3048
-2.3586
-2.4024
-2.4892
-2.5949
-2.7150
-2.8737
-2.8382
-3.0994
-3.2773
-3.1268
-3.4944
-3.5813
-3.5973
-3.6873
-3.4551
-3.7310
-3.5672
-3.3568
-3.2527
-3.0404
-2.7063
-2.8769
-2.8477
-2.8163
-2.8188
-2.3681
-2.3806
-2.2593
-2.0494
-1.6454
-1.3728
-1.4043
-0.9085
-1.0334
-0.6262
-0.5796
0.1983
-0.2306
-0.0158
-0.9118
-1.0886
-1.3494
-1.3756
-1.1121
-1.1184
-0.9189
-1.0546
-1.3135
-1.3333
-1.5562
-1.5334
-1.4702
-1.6966
-1.6501
-1.4397
-1.1477
-1.0426
-0.9606
-1.1545
-1.2889
-1.3181
-1.2259
-1.1077
-0.7772
-1.2960
-1.0281
-1.3006
-1.2481
-1.3773
-1.3398
-1.0476
-1.3258
-1.4556
-1.4028
-1.2357
-1.4525
-1.4273
-1.2412
-1.3944
-1.4401
-1.6515
-1.9234
-2.0943
-2.1686
-2.1557
-2.2472
-2.3911
-2.3046
-2.7197
-2.9154
-3.0192
-3.2099
-3.0436
-3.0894
-3.0205
-3.1315
-3.0108
-3.2487
-3.0399
-3.0611
-3.3688
-3.4092
-3.6510
-3.7400
-3.4795
-4.1014
-4.0367
-4.1012
-4.2782
-4.4905
-4.5877
-4.7830
-4.6083
-4.8848
-4.8862
-4.6557
-5.0327
-4.9468
-4.7712
-5.1760
-5.3134
-5.3287
-5.3294
-5.2309
-5.0658
-5.1505
-5.0439
-5.0802
-4.8774
-4.8192
-5.0337
-5.0523
-4.9826
-4.9538
-4.9310
-4.8679
-4.8674
-4.4186
-4.7166
-4.5825
-4.7266
-4.7136
-4.3322
-4.6164
-4.5182
-4.6282
-4.6821
-4.2269
-4.7270
-4.4862
-4.5117
-4.6707
-4.6115
-4.6100
-4.3643
-4.6579
-4.6773
-4.5814
-4.8161
-4.8510
-4.8553
-4.8226
-4.8014
-4.5523
-4.7572
-4.5383
-4.7135
-4.6801
-4.6134
-4.5663
-4.4978
-4.4237
-4.3623
-4.2829
-4.2245
-4.0385
-3.9691
-3.7675
-3.7131
-3.5559
-3.4529
-3.3349
-3.1748
-3.1210
-2.9971
-2.9810
-2.6493
-2.7514
-2.6124
-2.3898
-2.3650
-2.2019
-2.0677
-1.7850
-2.1143
-1.8605
-1.5789
-1.9102
-1.8100
-1.2446
-1.2020
-0.9473
-0.8793
-0.9362
-1.0396
-1.3157
-0.5980
-0.8504
-0.9365
-1.1755
-1.3209
-1.3055
-1.5808
-1.4918
-1.6904
-1.9462
-1.9806
-2.3013
-2.2011
-2.0916
-1.8651
-2.5422
-2.5477
-2.4897
-2.9287
-3.0154
-2.9350
-2.5954
-2.7675
-2.6713
-2.8488
-3.1072
-2.6827
-2.5275
-2.0658
-2.6280
-3.0123
-2.0568
-2.3394
-1.1369
-1.9729
-1.3655
-1.4969
-1.9133
-1.0881
-1.8668
-1.4711
-1.9619
-1.9383
-2.1512
-1.8355
-0.8232
-1.5544
-0.7224
-1.0167
-0.4370
-0.6759
-0.6319
0.1152
-0.3775
0.8044
0.7086
0.6801
0.9875
1.3169
1.5322
1.6556
1.4910
1.9948
2.9231
2.9597
2.8972
3.2356
3.0591
3.0288
3.0962
3.3591
3.0634
3.8151
3.6057
4.0975
4.4262
4.7326
4.7119
5.5870
5.0469
4.7286
5.2555
5.1671
6.3423
5.4567
5.9370
6.6945
6.8229
6.3570
6.2923
6.2093
6.1840
5.5831
5.9609
5.5547
6.2522
5.8871
5.8904
5.9057
6.2628
5.7946
6.0538
5.8479
6.1499
6.3888
7.0664
6.7474
7.3122
6.8828
7.1748
7.4181
7.4195
7.7415
7.7919
7.9260
7.5701
7.4686
7.6602
7.7198
7.5209
8.1045
7.6808
7.6153
7.9971
8.0535
8.7123
8.7168
8.5172
8.8917
8.6244
8.4765
8.4463
8.4555
8.7720
8.1411
8.1943
8.5257
8.6797
8.8111
9.6489
9.3736
9.7551
9.4661
9.6257
9.7944
10.3826
10.3408
10.7687
10.2367
10.0616
10.5896
10.3330
9.1798
8.5821
8.4342
8.1246
8.4863
7.8322
7.8612
7.6918
7.3449
6.7204
6.8312
6.2760
6.0493
6.8853
6.1868
6.7324
6.5369
6.2076
6.1190
6.6040
6.1219
6.2402
6.1658
6.6127
6.5090
6.3539
5.6383
5.3176
5.9642
5.5256
5.5881
5.5877
5.7360
5.8530
5.8555
5.8735
6.4113
5.7352
5.8345
5.6184
5.5797
5.4924
5.3468
5.2337
5.2675
5.0110
5.1920
5.0835
5.1753
4.5357
4.0364
4.3065
4.2796
4.6804
3.8488
3.6453
3.2541
3.2030
2.6163
2.5915
2.5655
2.3209
1.8062
2.2667
1.5158
1.8237
1.5450
1.6089
1.4961
1.3388
1.8281
1.6549
1.7196
1.3299
1.6542
1.1163
1.7472
1.1204
1.8043
1.2438
1.9866
1.8086
1.4423
1.4864
0.5784
1.1025
0.5578
0.2962
0.8885
0.1409
0.3854
0.6633
0.1850
0.3069
0.2516
-0.0954
0.4568
0.5350
1.1540
0.7749
1.3191
0.7091
0.3457
0.5178
0.5246
0.6152
0.2642
0.3759
0.2526
0.6110
-0.1236
-0.1457
-0.2864
0.0201
-0.2134
0.2812
-0.3180
-0.3063
-0.6335
-0.3584
-0.5538
-0.6197
-0.6340
-0.4502
-0.1189
0.0064
-0.3291
0.2148
0.3046
0.3152
-0.2115
0.0376
-0.1046
0.0794
0.3684
0.0113
0.3809
-0.1168
-0.3345
-0.0104
-0.4879
-0.7637
-0.6865
-0.2594
0.0478
-0.2255
-0.3958
-0.4842
-0.6247
-0.8188
-0.6643
-1.1821
-1.2914
-1.3788
-1.3004
-1.4259
-1.3327
-1.5276
-1.4459
-1.5738
-1.3716
-1.6378
-1.7127
-1.6247
-1.8093
-1.8080
-2.0588
-2.0651
-1.8942
-1.7186
-1.3211
-1.6038
-1.4988
-1.5374
-1.4392
-1.2160
-1.3459
-1.3880
-1.4022
-1.3536
-1.3639
-1.2850
-1.1237
-1.3902
-1.4771
-1.6466
-1.7641
-1.7205
-1.9379
-2.0143
-1.7296
-1.9999
-2.0891
-2.0263
-2.3577
-2.3547
-2.3670
-2.3217
-2.3379
-2.3121
-2.2697
-2.0042
-2.0694
-1.9429
-1.8745
-1.8132
-1.5994
-1.6297
-1.5965
-1.2580
-1.5317
-1.0638
-1.2193
-1.3455
-1.1889
-1.1422
-0.9199
-1.2538
-1.3175
-1.4259
-1.5021
-1.3650
-1.2777
-1.3322
-1.4352
-1.5866
-1.5602
-1.5423
-1.3147
-1.4006
-1.5341
-1.6906
-1.5262
-1.5936
-1.4101
-1.2319
-1.0600
-0.8872
-1.1222
-1.1668
-1.1210
-1.1458
-0.8408
-1.0967
-1.1901
-1.4419
-1.5077
-1.1871
-1.6964
-1.7879
-2.1006
-1.7051
-2.1957
-1.7428
-2.0810
-2.2153
-2.1799
-2.1054
-2.1568
-2.2002
-1.8897
-2.0891
-1.8076
-1.7114
-1.7060
-1.7141
-1.5897
-1.4686
-1.5083
-1.6097
-1.6219
-1.5694
-1.2313
-1.5919
-1.3947
-1.5247
-1.4687
-1.4187
-1.7207
-2.0064
-1.7653
-1.7311
-2.1644
-2.4108
-2.5309
-2.4989
-2.8414
-2.6727
-3.2475
-3.2649
-3.5260
-3.7107
-3.6863
-3.8940
-3.9349
-4.0658
-4.1641
-4.2106
-4.2649
-4.1098
-4.1664
-4.0680
-4.1672
-4.1198
-3.8193
-3.7345
-3.8274
-3.7171
-3.6418
-3.5486
-3.5401
-3.5085
-3.5191
-3.5116
-3.5189
-3.5334
-3.5746
-3.6253
-3.7047
-3.7831
-3.8591
-3.7931
-3.6616
-3.7671
-3.7008
-3.8973
-4.0034
-4.0673
-4.0812
-4.1769
-4.1771
-4.2944
-4.3391
-4.3915
-4.4163
-4.4175
-4.3726
-4.3524
-4.3132
-4.3251
-4.3192
-4.3419
-4.2767
-4.3536
-4.3447
-4.4532
-4.4547
-4.4761
-4.4156
-4.3378
-4.5588
-4.7120
-4.7712
-4.8056
-4.8254
-4.8319
-4.8059
-4.7949
-4.7713
-4.7320
-4.7512
-4.7526
-4.8034
-4.8248
-4.8342
-4.8361
-4.6332
-4.8474
-4.8567
-4.8573
-4.8356
-4.7050
-4.6268
-4.5324
-4.5305
-4.5027
-4.4987
-4.4830
-4.3187
-4.5365
-4.5240
-4.5578
-4.5898
-4.7252
-4.8014
-4.8492
-4.9044
-4.9357
-4.9951
-5.0441
-5.0208
-4.9902
-4.9474
-4.5747
-4.7033
-4.6121
-4.5367
-4.4788
-4.2829
-4.0718
-3.9413
-3.7613
-3.6986
-3.4920
-3.2300
-3.1480
-3.3988
-3.4035
-3.5076
-3.3843
-3.7309
-3.7741
-3.8163
-3.8241
-3.6729
-3.8915
-3.9397
-3.9658
-3.8065
-4.0354
-4.0666
-4.0769
-3.8720
-3.4419
-3.9907
-3.9084
-3.8197
-3.5384
-3.5313
-3.3159
-3.4094
-3.2078
-2.9679
-2.7431
-2.6409
-2.3831
-2.1327
-1.4944
-1.2036
-1.2042
-1.2676
-1.2677
-0.3382
-0.8183
-0.0679
0.1322
0.6235
1.2536
0.8402
1.2015
1.8753
1.8392
2.7281
3.5679
3.9266
4.3067
3.8737
5.1205
5.3016
6.2770
6.2352
6.5442
7.5428
8.0171
7.8358
8.5735
8.6887
8.6774
8.4176
8.3972
9.1795
8.6012
9.0349
9.1108
8.9674
8.7866
8.5070
9.0410
9.5781
10.8188
11.1060
10.7585
11.6411
10.6546
11.5426
10.7846
10.8635
10.7156
12.0705
12.7507
11.5248
11.2349
11.5736
10.9798
10.8332
10.5499
10.9041
11.1721
11.2023
11.6863
11.7403
11.3589
11.8775
10.3069
10.6666
9.9659
11.6127
10.4983
10.0208
9.4377
9.9479
8.7699
8.6130
7.8514
6.8081
7.2585
6.8328
6.7049
6.8831
6.8425
6.6605
6.5869
6.3285
5.4841
5.1318
4.6934
4.9417
5.3913
4.7224
4.6090
4.0577
4.3221
3.8372
3.5293
3.7482
3.2649
3.3532
3.4161
4.0998
3.2864
2.6365
3.5197
3.1143
2.6267
2.7717
2.5778
2.1256
2.6834
2.3541
3.0600
2.4379
2.5154
2.1804
2.0209
1.5973
1.7652
1.1804
1.2247
1.3358
1.5456
1.5443
1.5198
1.5553
1.9329
1.6820
1.7327
1.3543
1.4042
1.6796
1.1655
1.0098
1.5476
1.1387
1.0948
1.0546
1.3375
1.1473
1.7383
1.3337
1.2657
0.9577
1.5290
2.2021
1.4214
1.0976
1.0877
1.1504
0.7727
0.7425
0.7832
1.0426
1.0017
1.4220
1.1687
1.4258
1.0815
1.6167
1.3054
1.0801
1.6568
2.1256
1.8318
1.6286
1.6375
1.3267
1.0420
0.8421
0.9477
1.2333
1.5352
1.4668
1.6257
1.6219
1.9258
2.3022
2.2077
2.1537
2.2013
2.4649
2.3513
2.4634
2.7078
2.8170
3.2545
3.1444
3.5071
3.8997
4.2851
4.3775
4.3648
4.6714
4.7674
4.9665
5.5183
4.9646
4.9463
6.2327
5.2664
5.6984
5.3033
5.6332
5.5121
5.7534
5.7366
6.0082
5.8747
6.2469
5.7698
5.9306
5.8048
5.5116
5.1394
5.1604
5.0249
5.2348
5.0868
5.1167
4.9073
5.2365
5.1482
4.9002
5.1028
5.1342
4.8948
4.2471
4.8782
4.3784
4.3817
4.3192
4.0047
4.1895
4.4071
4.6816
4.3971
3.5177
3.4860
3.5653
2.8362
3.3223
2.5490
2.1810
1.7872
1.5946
1.2589
0.9254
0.8961
0.6522
0.3906
0.4573
0.2218
0.1906
0.1077
0.2522
0.0996
-0.0839
-0.1742
-0.4409
-0.3166
-0.3304
-0.5672
-0.5302
-0.3283
-0.4886
-0.3887
-0.4676
-0.4998
-0.5536
-0.3091
-0.3486
-0.6283
-0.5448
-0.6584
-0.3655
-0.7111
-0.8455
-0.3753
-0.4770
-0.9741
-1.0572
-1.3276
-1.4315
-1.2241
-1.5028
-0.7133
-1.6066
-1.8018
-1.7483
-1.8152
-1.9589
-1.8990
-1.9936
-1.8951
-1.2653
-1.3622
-1.3507
-1.2687
-1.0701
-0.6381
-0.7666
-0.6491
-0.7328
-0.4741
-0.5434
-0.4752
-0.8140
-0.9835
-1.2633
-1.5613
-1.5367
-1.6316
-1.8734
-1.8468
-1.8449
-1.6838
-1.6936
-1.6061
-1.6699
-1.6681
-1.7145
-1.7212
-1.7657
-1.8659
-1.9793
-2.2320
-2.3028
-2.5171
-2.5499
-2.7072
-2.7466
-2.8073
-2.4971
-2.9325
-2.9435
-2.8678
-2.8816
-2.8638
-2.7301
-2.7734
-3.0587
-3.0995
-3.2243
-3.3188
-3.5231
-3.3655
-3.6860
-3.6197
-3.6135
-3.1862
-3.4706
-3.5527
-3.5257
-3.2583
-3.3631
-3.4643
-3.6587
-3.5027
-3.2545
-3.3166
-3.3375
-3.3163
-3.3647
-2.7923
-3.2170
-3.0603
-2.8367
-2.9902
-2.9180
-2.6206
-2.8479
-2.7327
-2.6528
-2.6533
-2.6213
-2.7455
-2.9445
-2.9007
-2.5548
-2.6805
-2.4143
-2.1474
-2.1104
-1.9864
-1.8079
-1.6655
-1.5694
-1.5446
-1.5558
-1.6212
-1.6891
-1.7688
-1.8102
-1.8738
-1.6834
-1.7514
-1.9537
-1.9696
-1.9469
-1.9257
-1.9405
-1.9656
-2.0238
-2.0692
-2.1114
-2.1369
-2.1571
-2.1794
-2.2169
-2.2677
-2.3378
-2.4060
-2.4675
-2.5095
-2.5326
-2.5500
-2.5572
-2.5687
-2.5540
-2.5416
-2.4956
-2.4931
-2.4890
-2.5499
-2.5339
-2.6618
-2.5014
-2.6430
-2.8600
-2.8724
-2.8463
-2.8680
-2.8618
-2.8555
-2.8234
-2.6991
-2.7214
-2.6890
-2.8015
-2.8542
-2.8882
-2.9049
-2.9166
-2.9024
-2.9386
-2.9399
-2.9773
-2.9904
-3.0292
-3.0749
-3.1456
-3.2297
-3.3348
-3.4512
-3.5762
-3.6997
-3.8278
-3.9487
-4.0759
-4.1872
-4.2946
-4.3765
-4.4467
-4.5000
-4.5513
-4.6058
-4.6747
-4.7622
-4.8747
-4.8090
-5.1613
-5.3237
-5.4902
-5.6301
-5.8077
-5.9455
-6.1389
-6.2695
-6.3711
-6.4548
-6.5113
-6.6298
-6.6684
-6.8659
-6.9473
-7.0979
-7.0007
-7.2763
-7.2719
-7.1917
-6.8464
-7.4274
-7.2299
-7.1604
-7.1588
-7.5047
-7.3578
-7.4363
-7.5216
-7.0725
-7.3574
-7.1347
-7.1909
-6.9329
-6.8316
-7.1351
-7.2129
-7.2590
-7.1474
-6.9942
-7.1587
-7.0316
-6.7760
-7.0767
-6.7037
-7.0441
-6.5177
-6.7857
-6.4451
-6.4619
-6.4005
-6.1341
-5.9038
-6.0952
-6.1680
-5.8627
-5.9477
-5.9286
-5.8111
-6.2258
-4.9351
-5.4051
-5.0796
-4.8558
-4.3640
-4.9331
-4.0690
-4.1633
-4.3498
-3.6157
-2.2611
-3.0348
-3.2653
-3.2241
-3.4039
-2.5194
-2.1497
-2.6377
-2.0681
-2.1104
-2.6836
-2.3006
-1.5253
-1.7017
-2.0818
-1.6607
-1.5236
-1.6254
-1.3799
-2.0663
-2.0493
-2.4716
-1.7003
-2.2620
-2.2481
-1.7562
-0.7684
-2.6274
-1.9209
-2.2226
-2.4548
-2.1614
-2.1899
-2.1373
-1.2955
-1.2557
-0.9253
-1.2410
-0.3384
-0.2184
0.4711
0.1451
0.8452
0.9420
1.1758
1.2680
1.7903
1.8921
2.2484
3.4610
3.3526
4.4572
3.1568
3.2983
2.8911
3.8316
3.9559
3.5937
3.8694
4.0339
3.7038
4.5454
5.1405
4.8135
4.8698
5.0739
5.6020
4.9546
5.2811
5.1980
5.5742
6.0905
6.1050
5.9854
6.7041
7.3223
6.8382
7.0438
6.8168
7.1318
7.2819
7.4290
8.1363
8.1649
8.6890
8.7586
8.2926
8.1854
7.9199
8.4826
8.6455
8.4250
8.7231
8.8825
9.2602
8.6181
8.8477
8.6975
9.2587
9.4358
9.4090
9.3481
9.6610
9.3316
9.6108
8.8993
9.1960
9.5829
9.2615
9.4018
8.5081
8.8445
9.0800
9.9885
9.8869
9.7329
9.8325
10.7371
12.1199
11.6243
11.1092
10.1944
10.5144
9.6632
10.2919
9.6338
10.1718
10.3103
10.1141
9.7737
8.8261
7.8824
7.5745
7.0618
6.7839
7.1367
6.9089
7.2133
7.0139
6.7288
6.4500
6.2307
6.2139
6.2471
6.1707
6.0143
6.2311
5.9986
6.2964
6.1312
6.1344
5.5093
5.3972
5.0116
5.0811
5.1913
5.2189
5.5429
5.1014
4.9635
4.9150
4.9497
5.0897
5.4248
5.3458
5.5412
5.4886
5.5959
5.2562
4.9871
4.9012
4.7522
4.6154
4.3372
4.4569
4.2344
4.1070
4.0479
4.4376
4.2100
4.2431
4.4411
4.5779
4.9146
4.0706
4.0250
4.0918
3.8850
4.1588
3.5141
3.2889
3.3213
3.5423
3.4111
3.0995
2.8623
2.6241
2.9365
2.6320
2.8950
2.8456
3.3264
4.1158
3.7018
3.5835
3.7549
3.8140
4.4061
4.1240
3.9325
4.0315
3.7613
3.9961
3.5763
3.5287
3.3188
3.5931
3.3733
3.1522
3.1976
3.2935
3.2937
3.4229
3.4914
3.7760
3.3863
3.1350
2.3862
2.7286
2.4742
2.0907
2.1296
1.9997
2.0032
2.1590
1.5347
1.1242
1.1376
0.4754
1.1864
0.4073
0.4990
0.7058
-0.1415
0.3487
0.2081
0.3912
-0.2688
-0.7129
-0.5511
-1.0275
-0.3779
-0.6422
-0.0868
-1.1165
-1.1663
-1.1542
-0.8365
-0.4842
-0.3562
-0.4316
-0.5669
-0.7011
0.0080
-0.4577
-0.5950
-0.2435
-1.1598
-0.3749
-1.1150
-1.2264
-1.8331
-1.5992
-2.1056
-2.2091
-2.4639
-2.6678
-2.4910
-2.9049
-3.1967
-3.4403
-3.6730
-4.1958
-4.4915
-4.6600
-4.6524
-4.6988
-4.7247
-5.2676
-4.9964
-5.0682
-4.5581
-5.3288
-5.4925
-5.7503
-5.9862
-6.2053
-6.3074
-6.5236
-6.4653
-6.5135
-6.8286
-6.9650
-6.9945
-7.1627
-6.9978
-7.3081
-7.4577
-7.0263
-7.3280
-6.8583
-6.8124
-7.2060
-7.1781
-6.6311
-7.1462
-6.9653
-7.0941
-6.7598
-6.7452
-6.8827
-7.0698
-7.0938
-6.5689
-6.4990
-6.3691
-6.7189
-6.7623
-7.0100
-7.1035
-6.9021
-6.7338
-6.8841
-7.1327
-6.7743
-6.1007
-6.5562
-6.7107
-6.3632
-5.9626
-5.7226
-5.4966
-5.7029
-4.6688
-5.7726
-6.0909
-5.8762
-6.0812
-6.1136
-6.1526
-6.2514
-5.5404
-5.8386
-6.0143
-6.0790
-5.8319
-5.7852
-5.7339
-5.7224
-5.9135
-5.8623
-5.8682
-5.8535
-5.7660
-5.6862
-5.6815
-5.4264
-5.7857
-5.8161
-5.9263
-5.6374
-5.6689
-4.9869
-5.2348
-5.5980
-5.5693
-5.4306
-5.5669
-5.3323
-5.2720
-5.5011
-5.4375
-5.2258
-5.2309
-5.0522
-5.5009
-5.4026
-5.1341
-5.2326
-5.1244
-5.0241
-4.6587
-4.7966
-4.6146
-4.2852
-4.5206
-4.7405
-4.5044
-4.4172
-4.3383
-4.6351
-4.4533
-4.5061
-4.3641
-4.2026
-4.2611
-4.7585
-4.4770
-4.2837
-4.4768
-4.2426
-4.2532
-4.5235
-4.4466
-4.1542
-4.0278
-3.9602
-3.9113
-3.8338
-3.7305
-3.8704
-3.9307
-3.7501
-3.8603
-3.6958
-3.7596
-3.7567
-3.4168
-3.9144
-3.8554
-3.8864
-3.8111
-3.5900
-3.6928
-3.7439
-4.0127
-4.1207
-4.0211
-4.0123
-4.0809
-4.3167
-4.2940
-4.3324
-3.8311
-3.9688
-4.0478
-4.1951
-3.7495
-4.0083
-3.8530
-3.8506
-3.9650
-3.9067
-4.2297
-3.9743
-4.5505
-4.3319
-4.1765
-4.4751
-4.4786
-4.4498
-4.4625
-3.9521
-4.2960
-4.2253
-4.4078
-4.6593
-4.7582
-4.5854
-4.7981
-4.4129
-4.7666
-4.5638
-4.7586
-4.3875
-4.9169
-4.7709
-4.8012
-4.4795
-4.3755
-4.3291
-4.6799
-4.4259
-4.5346
-4.2255
-4.1866
-4.2085
-4.3527
-4.1963
-3.7307
-3.6531
-3.4438
-3.4872
-3.3298
-3.0750
-3.3522
-3.3539
-3.3763
-3.3057
-3.1826
-3.1865
-2.7542
-3.1020
-3.0399
-2.2606
-2.6976
-2.2124
-2.4614
-2.5838
-2.6952
-2.6180
-2.4648
-2.1743
-1.8072
-1.4402
-1.4905
-1.3586
-1.2717
-0.9294
-0.4344
-0.6292
-0.4717
-0.3402
-0.4252
-0.1620
0.4624
0.7438
0.8863
0.6252
1.1635
1.1021
1.8872
2.1350
2.5038
2.7036
2.7705
2.1341
2.0363
2.3881
1.7002
2.1797
1.9586
1.5585
1.3234
1.2655
1.0858
1.2480
1.2153
1.0071
0.6413
0.4829
0.5276
0.8191
0.9303
1.5172
1.2561
1.5709
1.5678
1.6181
1.3906
1.2041
1.4905
1.4830
1.6617
2.0672
2.0606
2.6807
1.9980
2.1650
2.3364
1.9709
1.8899
1.8933
1.9009
1.6080
2.0044
2.3195
2.6600
3.0773
2.9017
3.7644
3.3010
3.0997
3.3277
3.6869
3.3884
3.3192
3.3872
3.3978
3.5480
4.3346
4.2378
4.1272
4.1068
4.0838
4.4058
5.4130
4.9120
4.8186
5.6567
6.7783
7.4349
7.2995
7.6472
8.2443
7.8686
8.0316
8.4093
8.3525
8.6743
8.7565
9.7020
9.4176
9.1719
9.5995
10.0894
10.4873
11.0604
10.7024
10.9262
10.8750
10.9689
11.1756
11.0002
10.8548
10.7028
10.8159
10.3269
10.2553
10.2970
10.1498
9.6222
9.0800
8.8125
8.4580
8.5509
8.0144
7.7240
7.5233
7.1142
6.8375
6.6834
6.2098
5.9703
6.0877
5.3268
5.0143
4.6505
4.4210
4.1711
4.2309
3.8423
3.7256
3.7188
3.2769
3.0712
2.9225
2.9992
2.5759
2.4821
2.7267
2.3451
2.4727
2.4510
2.1175
2.0540
1.9035
1.8859
1.8865
1.9611
1.8656
1.8778
1.8787
1.8554
1.5874
1.8095
1.6774
1.8337
1.7899
1.7638
1.6715
1.9874
1.5403
1.3975
1.0678
1.3121
1.3042
0.9293
0.9360
1.2537
1.5411
1.7418
1.5041
1.8195
1.6904
1.2499
1.1031
0.9458
0.7448
0.7830
0.4351
0.4820
0.2451
1.2713
0.2449
0.2308
0.4763
-0.1433
0.0019
0.0493
0.1626
0.0957
-0.0681
0.3816
-0.1869
-0.3141
-0.1687
-0.1047
-0.1260
0.0877
-0.1490
-0.0140
0.2987
0.3064
0.0404
0.7481
0.2072
0.5123
0.4675
-0.1036
0.7460
-0.3856
-0.5614
-0.8188
-1.4074
-1.3318
-1.2404
-1.5788
-2.0322
-1.8883
-1.3499
-1.4942
-1.4169
-1.9495
-1.9631
-2.0488
-1.8361
-2.3388
-1.9163
-1.8573
-1.6920
-1.8265
-2.0402
-2.3134
-2.2604
-2.4172
-2.5957
-2.3856
-2.8292
-2.9629
-2.6330
-2.9562
-2.8010
-3.2501
-3.5039
-3.6112
-3.5947
-3.8786
-3.9715
-4.0403
-4.1685
-3.9243
-3.7985
-4.3705
-4.4465
-4.7469
-4.7079
-4.5161
-4.3793
-4.4082
-4.1248
-3.7957
-3.9403
-3.9532
-3.4019
-3.7624
-3.6317
-4.1314
-4.1982
-4.2416
-4.2166
-3.8232
-4.4610
-4.3947
-4.7015
-4.7824
-4.7097
-4.8912
-4.8547
-4.9543
-4.9889
-5.0931
-4.7256
-5.1114
-4.8731
-5.1298
-4.6553
-5.0980
-5.0995
-5.5033
-5.0926
-5.4339
-5.3607
-5.6102
-5.6578
-5.4729
-5.9715
-5.8154
-5.4844
-5.7647
-5.8705
-5.8827
-5.4097
-5.8474
-5.7254
-5.8162
-5.5980
-5.7905
-5.7596
-5.7624
-5.8467
-5.9826
-5.9397
-5.8904
-5.8631
-6.2113
-5.9320
-6.1672
-6.1157
-6.1503
-6.0524
-6.0277
-5.9784
-5.9004
-5.8247
-5.5520
-6.1171
-6.1375
-6.1340
-6.1808
-6.0057
-5.9426
-6.0044
-6.0433
-6.2561
-6.2543
-5.8621
-5.7482
-5.5725
-5.4792
-5.8754
-6.0613
-6.2123
-5.9341
-5.8431
-5.8528
-5.6962
-5.8861
-5.6721
-5.8453
-5.7922
-5.5607
-5.8127
-5.6753
-5.7773
-5.8099
-5.7137
-5.1764
-5.3715
-4.9793
-5.2799
-5.0373
-5.0921
-5.2803
-4.8545
-5.1903
-4.9723
-4.7893
-5.2099
-5.3992
-5.1641
-4.7370
-5.1260
-5.2571
-5.3772
-5.0777
-5.2797
-4.8569
-5.1246
-4.7373
-4.7173
-4.7834
-4.7852
-4.7954
-4.8548
-4.7714
-4.6416
-3.9876
-3.6551
-4.3038
-3.5906
-3.8885
-3.1927
-3.1449
-3.0141
-3.0448
-2.9498
-2.4535
-2.0386
-2.1938
-1.5368
-1.7098
-1.3429
-0.9282
-1.2814
-1.0946
-0.7149
0.4657
-0.3046
0.8979
1.8386
1.1398
1.9506
2.4492
2.3307
2.5912
1.7412
1.9130
1.4628
1.7118
1.6157
2.3751
1.8997
2.2124
1.7369
1.7604
2.1528
1.7696
1.9613
2.2228
2.3799
1.8832
2.2628
1.3906
1.9909
1.8784
1.8453
1.7945
2.0776
1.8814
1.9934
1.2472
1.3743
1.2189
1.7570
2.0855
1.9488
1.8197
1.6511
2.0735
1.4702
1.5515
1.4548
1.7515
2.0347
2.5412
2.0547
2.2946
1.8796
1.9714
1.4673
1.4687
1.0704
2.0302
1.1513
1.7087
1.5534
2.5717
1.4925
1.9016
1.8364
2.1580
1.7419
1.7117
2.0963
1.9419
1.4226
0.9612
0.7101
0.0050
0.5556
0.1541
1.1237
0.4290
0.6384
0.7060
0.3062
0.4853
0.1232
0.1540
0.8520
0.6270
0.5892
0.6936
1.0395
1.8220
1.2433
1.2880
1.0852
1.0841
1.3976
1.5471
1.9097
1.6869
2.0012
2.0011
2.2140
2.4060
2.9477
3.1776
4.0260
4.5162
4.9097
5.3021
5.8604
5.9593
6.0999
6.4103
6.7726
7.0209
7.1482
7.5858
7.4672
7.5685
7.5383
7.4820
7.2415
7.0405
7.1938
6.7167
6.8827
6.7560
6.5778
6.6483
6.6650
6.6403
6.6005
6.5093
6.1608
6.0972
5.5683
5.3534
5.7051
5.5669
5.1841
5.1267
4.9745
4.2252
4.7458
3.8824
4.3042
3.7911
4.2198
3.9053
3.9331
4.0263
3.8041
3.8063
3.8319
3.1534
3.2225
3.0178
2.7776
3.0198
2.4232
2.4617
2.3059
2.1222
1.8437
2.1502
2.1911
1.4605
1.3903
1.5991
1.7185
1.1949
1.0949
1.2259
1.2603
1.5173
1.2284
1.0179
1.1809
0.8713
1.0066
0.8008
1.3930
0.5994
0.4646
0.3565
0.5126
0.5570
0.4526
0.3200
0.3821
-0.1608
-0.1985
-0.2021
-0.2081
-0.5049
-0.6444
-0.8097
-0.7990
-0.8207
-0.7877
-1.2379
-1.1354
-0.9299
-1.2674
-1.1467
-1.2421
-0.9761
-1.2509
-1.1609
-0.5682
-0.7941
-0.5208
-0.4290
-0.4562
-0.3742
-0.5670
-0.5045
-0.5128
-0.6058
-0.6127
-0.6930
-0.7791
-0.6269
-0.9714
-0.9015
-0.7918
-1.2906
-1.3443
-1.2391
-1.4147
-1.2430
-1.7118
-1.8658
-2.0443
-2.1716
-2.2337
-2.3141
-2.4042
-2.4647
-2.1302
-2.4612
-2.4311
-2.4585
-2.4956
-2.5861
-2.6092
-2.5579
-2.5009
-2.4510
-2.1655
-2.0616
-2.3815
-2.5299
-2.4659
-2.5207
-2.5002
-2.3379
-2.5771
-2.4427
-2.4443
-2.5910
-2.5943
-2.3603
-2.6295
-2.5605
-2.6321
-2.5656
-2.6121
-2.4569
-2.4254
-2.1517
-2.4131
-2.3886
-2.5139
-2.4876
-2.6804
-2.3477
-2.4408
-2.4177
-2.5038
-2.2083
-2.4743
-2.4983
-2.2065
-2.5218
-2.4279
-2.5960
-2.3215
-2.6324
-2.6410
-2.6706
-2.6858
-2.5728
-2.4254
-2.5223
-2.6563
-2.6054
-2.5051
-2.7078
-2.7482
-2.7670
-2.8113
-2.6440
-2.7229
-2.9555
-2.9507
-2.9312
-2.7943
-2.8745
-2.8588
-3.0143
-3.0452
-2.8213
-2.8195
-2.9503
-3.0059
-2.9195
-2.9365
-2.9032
-2.8576
-2.7842
-2.5462
-2.3736
-2.2033
-2.0903
-2.1531
-1.9487
-2.1435
-2.3791
-2.3785
-2.4354
-2.3721
-2.4670
-2.3999
-2.3976
-2.3060
-2.2683
-2.2284
-2.1753
-2.2317
-2.1641
-2.1813
-1.9952
-1.5410
-1.9115
-2.0241
-2.0627
-2.1548
-2.1671
-2.1118
-2.4294
-2.4342
-2.4979
-2.5290
-2.5976
-2.4785
-2.6592
-2.4588
-2.6614
-2.6827
-2.6549
-2.7252
-2.7237
-2.6840
-2.8764
-2.9722
-2.8139
-3.1378
-3.2337
-3.2384
-3.2517
-3.2524
-3.3234
-3.4092
-3.4632
-3.5408
-3.5582
-3.4230
-3.4875
-3.5521
-3.8263
-3.8645
-3.9432
-3.9915
-4.0476
-4.2075
-4.2987
-4.4457
-4.4636
-4.4016
-4.4676
-4.3961
-4.5089
-4.3441
-4.5865
-4.6178
-4.6901
-4.7962
-4.9735
-5.0783
-5.1470
-5.1309
-5.1093
-4.8846
-4.8964
-4.5588
-4.6107
-4.8064
-4.7347
-4.5359
-4.6596
-4.5064
-4.4514
-4.3530
-4.2525
-4.5237
-4.3583
-4.4195
-4.0570
-4.0621
-3.9176
-3.8852
-3.6802
-3.5388
-2.9442
-3.2665
-3.3121
-3.2599
-2.9063
-2.2638
-2.6965
-2.5169
-2.5504
-2.9000
-2.8208
-2.7505
-2.8344
-2.8208
-2.9731
-2.6307
-1.9327
-2.0694
-1.9046
-2.2884
-2.4812
-2.0767
-2.0982
-2.4717
-2.2290
-1.7800
-2.0123
-2.0068
-2.4080
-2.1607
-2.3106
-2.6612
-2.5855
-2.6320
-2.1216
-2.0120
-2.2815
-2.6023
-2.8631
-3.4387
-2.8634
-3.4933
-3.3975
-3.5370
-2.7352
-2.9771
-2.5050
-3.2289
-3.2936
-3.2565
-3.6180
-3.7768
-2.7681
-3.3077
-3.5105
-3.8914
-3.5326
-4.1571
-4.1791
-3.3305
-3.5732
-3.1146
-2.6502
-2.9076
-2.9201
-2.3382
-2.5325
-2.3682
-1.8523
-2.5018
-2.2833
-2.1695
-1.9551
-1.6945
-1.5669
-2.0174
-1.4008
-1.4405
-0.7940
-1.0529
-0.8547
-0.8967
-0.3755
-0.5314
-0.2305
-1.0638
-0.3140
-0.5315
-0.2178
0.7402
0.4231
0.5283
1.0487
1.1818
2.7766
1.8204
1.4299
1.5357
2.3431
3.3629
3.6584
2.8269
4.2253
4.1870
3.7538
4.3670
4.1464
5.4393
5.5366
4.7832
4.8326
5.2900
5.3331
6.1114
6.3233
5.9504
6.2323
6.7116
6.7200
6.3049
6.8099
6.9145
7.8465
7.6075
7.4645
7.8831
7.3971
7.4605
7.6089
7.0376
7.0410
6.9406
6.0877
6.0438
5.9639
6.1517
6.3126
6.0268
6.0251
5.2973
5.5732
5.2309
5.2695
4.8449
5.2665
5.7200
6.1172
5.8495
5.4477
5.3238
5.3168
5.1216
4.8376
4.8962
5.0899
5.1674
4.4108
4.9068
4.8185
4.4468
4.5763
4.4216
4.9278
4.1922
4.3006
4.3302
3.9337
3.9363
4.6015
4.1587
4.5095
4.9047
4.0669
4.0532
3.9527
3.7800
3.9119
3.4602
4.2174
3.8720
3.6511
3.3725
3.2449
3.2012
3.3259
3.6156
3.4836
3.8080
3.8347
3.9839
3.9629
4.2389
4.1581
4.4416
4.6576
4.9986
5.5814
5.8393
6.0074
6.3952
6.6613
7.2139
7.3015
8.0584
7.6299
7.7142
7.5810
7.4341
7.9281
7.8750
8.0842
8.3455
7.9753
8.4523
8.0619
8.1574
7.9408
7.9746
8.0531
7.8328
8.9579
8.5884
8.9530
8.6714
8.6323
7.4691
7.6760
7.0141
6.9993
6.5665
7.1977
6.1131
6.0739
5.7567
5.2361
4.9196
5.1072
4.6735
4.9276
4.1474
4.0221
4.0877
3.6323
3.3434
3.4004
3.8039
3.7122
3.1486
2.4814
2.9540
2.9116
2.0654
2.3593
1.8582
1.7648
1.1902
1.5362
1.2440
2.1087
1.1201
1.3297
0.9214
1.3355
1.0496
0.7825
0.4789
0.7274
0.2071
-0.2198
-0.5139
-0.3552
-0.7331
-0.9108
-0.7222
-0.9058
-0.9861
-0.8785
-1.1708
-1.2537
-1.4392
-1.3518
-1.2114
-1.3633
-1.4081
-1.4130
-1.3029
-0.9304
-0.9301
-0.6009
-1.0568
-0.7476
-0.8987
-0.9284
-0.9685
-0.9234
-1.0710
-1.1935
-1.0116
-1.1131
-0.8699
-1.1508
-1.1063
-1.3490
-1.2560
-1.1023
-0.8229
-1.2728
-1.1834
-0.9374
-0.8955
-0.9823
-1.2479
-1.1481
-0.9367
-1.0880
-1.1900
-1.2598
-1.2871
-1.4075
-1.3225
-1.4773
-1.7112
-1.5924
-1.5573
-1.4844
-1.9416
-1.7573
-2.0617
-2.1889
-2.3412
-2.3008
-2.5794
-2.7311
-2.7893
-2.7492
-2.9550
-3.0231
-2.9048
-2.9805
-2.9564
-2.9672
-3.1939
-3.1826
-3.4429
-3.5207
-3.3088
-3.3335
-3.7415
-3.8868
-3.9856
-3.9451
-4.1673
-4.2337
-4.4719
-4.6192
-4.3605
-4.8351
-4.9181
-4.9799
-5.0709
-5.2673
-5.1754
-5.5721
-5.2989
-5.5157
-5.0210
-5.1986
-5.4830
-5.9166
-5.6997
-5.9998
-6.0183
-5.9100
-5.6534
-5.5117
-5.8643
-5.7292
-5.6714
-5.7823
-5.9120
-5.8288
-5.9080
-5.7735
-5.8932
-5.5617
-5.7744
-5.6928
-6.0290
-5.9595
-5.7895
-5.7962
-6.0244
-6.0249
-5.8915
-5.8095
-6.1094
-5.8480
-5.9911
-6.2680
-6.0893
-6.3495
-6.0431
-6.3040
-6.1982
-6.2829
-5.8811
-5.9309
-5.6935
-6.1697
-6.3628
-6.3167
-6.5684
-6.6081
-6.7575
-6.7160
-6.6807
-6.7585
-6.8112
-6.9451
-6.9191
-6.8130
-6.7910
-6.6911
-6.4905
-6.6667
-6.5807
-6.5702
-6.5004
-6.4962
-6.4720
-6.4166
-6.1792
-6.2991
-6.2088
-6.2240
-6.1525
-6.2063
-5.9114
-5.9947
-5.8647
-5.3905
-5.5601
-5.5259
-5.3286
-5.2953
-4.8151
-5.3202
-4.9102
-4.9409
-4.6970
-4.4285
-4.4313
-4.0873
-3.4259
-3.7037
-3.2450
-3.0452
-3.2842
-2.2138
-2.4997
-1.3144
-1.3523
-1.2146
-1.7345
-1.0952
-1.1636
-1.8252
-1.4939
-1.2270
-0.8014
-0.4343
-0.5981
-0.7246
0.3786
-0.1108
0.5312
0.4048
0.9113
0.8792
0.9458
1.2529
1.6398
1.3998
1.8939
2.0033
1.9540
1.6124
1.5463
1.7457
1.4973
1.1112
1.0467
0.8558
1.2547
0.7504
1.1132
1.0381
1.0171
0.8759
1.0115
0.3752
0.3635
0.0633
-0.2093
-0.4186
-0.0545
0.0173
-0.0464
0.5015
0.2130
0.3717
0.3929
0.3216
0.2103
0.3633
0.4059
0.3444
0.5851
0.6578
0.3523
0.5918
0.5585
0.8445
1.0278
1.1188
1.3032
1.0493
0.9966
1.0517
1.1087
1.0494
1.1609
1.2401
1.4153
1.3018
1.4020
1.2760
1.6506
1.6048
1.4714
1.2915
1.3607
1.5499
1.4564
1.7191
1.2567
1.4505
1.4331
1.5679
1.8704
1.5087
1.7498
1.6557
1.7426
1.9961
1.8836
1.7298
1.7581
1.6015
2.0201
1.9142
1.9653
2.1310
2.2015
2.0274
2.2137
2.1243
2.0192
2.1496
2.1305
2.3820
3.0780
2.6252
2.6020
2.2945
2.4901
2.4771
2.0497
1.8891
2.0098
1.8371
2.1339
2.2272
2.8052
2.8858
2.4729
2.3002
2.5449
2.7485
3.3348
2.7964
3.1565
2.9271
3.2967
3.3526
3.6922
2.5221
2.9514
2.9772
3.6181
3.4371
3.8366
3.6067
3.7064
3.4117
3.4914
4.2070
3.7326
4.7014
4.1341
4.5445
4.6718
5.1807
5.1980
5.0316
4.6321
4.7421
5.0060
5.4649
5.0256
5.4427
5.2804
5.5370
5.5360
6.0019
6.1460
6.7514
6.6286
6.6137
6.6441
6.4170
6.4849
6.4472
6.6787
6.4929
6.5072
6.3522
6.5402
6.4464
6.4985
6.4970
6.1705
6.1453
5.6883
5.4761
5.2889
5.3652
5.2882
4.8709
4.7458
4.4884
4.2832
4.0496
3.8085
3.7086
3.6713
3.7480
4.1897
3.9293
3.7755
3.8865
3.7472
3.7923
2.9337
2.7923
2.5200
2.8687
2.4913
2.5969
2.3201
2.1312
2.0502
2.0384
2.2000
2.8551
2.4586
2.7754
2.7652
2.7770
2.6202
2.5553
2.2931
2.4167
2.1183
2.3426
2.2159
2.9255
2.5119
2.6072
2.5663
2.5798
2.0456
1.9459
1.4026
1.2058
0.9631
1.1143
1.1545
1.2436
0.8643
0.2413
0.0954
-0.3455
-0.3248
-0.6835
-0.9670
-0.6486
-1.0276
-1.2584
-1.3177
-1.3451
-1.6901
-1.4364
-1.6009
-1.6456
-1.5536
-1.6804
-2.1821
-2.0085
-1.3806
-2.0054
-2.4749
-2.0665
-2.3708
-2.2134
-2.4614
-2.5624
-2.1266
-3.0390
-2.7572
-2.9120
-3.2914
-3.0325
-3.5040
-3.4243
-3.6194
-3.8232
-3.8473
-4.1867
-3.8857
-4.4158
-4.1194
-4.3847
-4.1628
-4.4406
-4.5685
-4.6524
-4.7665
-4.6794
-4.8127
-4.8617
-4.6949
-4.8835
-4.9377
-4.8067
-4.5637
-4.2796
-4.4963
-4.0724
-4.2115
-4.2861
-3.5395
-4.2298
-4.1993
-4.3860
-4.3421
-4.5056
-4.5789
-4.3740
-4.2611
-4.5468
-4.5514
-4.9061
-5.0751
-5.1248
-5.3074
-4.9073
-5.3550
-5.3817
-5.4140
-5.2246
-5.4169
-5.3862
-5.4407
-5.5798
-5.1945
-5.4635
-5.5494
-5.3727
-5.3305
-5.3714
-5.5510
-5.2969
-5.4039
-5.3583
-5.3244
-5.4066
-5.4845
-5.2782
-5.6659
-5.5746
-5.6343
-5.7340
-5.5965
-5.8231
-5.6429
-6.0120
-5.8271
-5.9902
-6.0091
-5.8526
-5.9271
-5.8138
-5.1331
-5.6734
-5.5046
-5.3675
-5.1254
-5.2382
-4.8202
-5.1248
-4.9712
-4.8070
-4.4221
-4.2322
-4.4942
-4.5697
-4.4174
-4.4870
-4.4941
-4.3916
-4.2494
-4.4590
-4.4275
-4.2965
-4.0922
-3.8793
-3.4180
-3.1551
-3.2175
-2.8218
-2.7796
-2.8324
-2.6453
-2.5514
-2.1875
-2.3483
-1.6637
-2.2103
-2.0229
-1.6756
-1.7382
-1.3622
-1.5289
-1.2625
-1.0266
-0.6641
-0.5984
-0.4044
0.2316
0.2271
0.4914
0.3137
0.3622
0.5461
0.5075
0.1509
0.0789
0.0084
-0.0168
0.4517
0.2336
0.4757
0.5038
0.1879
0.7793
0.2173
0.6732
0.7535
0.8671
0.3771
0.4373
0.6928
0.2675
1.3494
0.9328
0.4321
0.6378
0.1226
-0.1990
0.8660
0.3566
0.0127
-0.0972
1.1756
0.6032
1.3222
1.4429
1.0484
1.0687
1.7412
0.6828
1.1864
0.3981
1.3442
0.3760
0.9208
0.9543
0.6226
1.0857
1.4416
1.0558
1.1343
0.6109
1.1867
0.6363
-0.1393
0.3216
0.0259
0.3228
0.4300
0.2440
1.1506
0.8527
1.2581
1.5147
1.6906
1.7852
1.9604
2.3844
2.3393
1.8294
2.2345
2.0865
2.5142
2.7407
3.1405
2.8746
3.2761
3.4308
4.4688
4.5046
4.3475
4.8217
5.3708
5.5449
5.6614
5.8282
5.6458
6.5292
5.9761
5.9219
5.7263
5.1926
4.9701
4.7329
4.5649
4.0558
3.0231
3.2795
2.9497
1.9813
1.7593
2.0775
1.4512
0.6811
0.7751
0.4903
0.6098
0.0485
0.5399
-0.6317
-0.6870
-0.5723
-0.9238
-0.1406
-0.3572
-0.1469
-0.4056
-0.3762
-0.4319
-0.5106
-0.6868
-0.8949
-0.8665
-0.3395
-0.9976
-1.0191
-0.8515
-1.0939
-0.9673
-0.8248
-0.4507
-0.3828
-0.0071
0.1383
-0.0882
-0.3319
-0.4071
