1.18739290
1.11902735
1.23455561
1.36829421
1.47708607
1.64622223
1.84161947
2.04767400
2.30440366
2.52996822
2.72496046
2.96196111
3.19811381
3.43768595
3.69114412
3.93244889
4.10232418
4.32937853
4.55320466
4.77222677
4.98468934
5.18271758
5.36495852
5.47268757
5.62853041
5.76632612
5.88981409
6.00255635
6.10440820
6.44946407
6.55664388
6.62021526
6.93578215
7.28319142
7.43292871
7.57901227
7.72200607
7.85479319
7.97870752
8.03959372
8.18356199
8.24886918
8.38684278
8.52462483
8.61376551
8.75096031
9.18517249
9.15633518
9.26320939
9.36919894
9.45557003
9.56619398
9.24079083
9.30038421
9.35894313
9.41593733
9.74854993
9.43680017
9.88247859
10.30641062
10.39408885
10.47758433
10.88673529
10.96273177
11.21714207
11.30823570
11.39760871
10.93985609
11.01399186
11.08952004
11.25392339
11.30796230
11.34776790
12.00131567
12.03198086
12.05564852
11.98212372
12.02772490
12.07328726
12.12012604
12.17255991
12.95735321
13.05537345
13.15478914
13.25262022
13.35283964
13.45018207
13.54800476
13.65306562
14.01347178
14.11519577
13.37806451
13.50310387
13.62225599
13.73604489
13.84398576
13.94647681
14.04974379
14.15151019
13.62518688
13.70014238
13.77545755
13.84887166
14.98034305
15.09467039
15.21125520
15.32743434
15.44464336
15.56561712
15.68858360
15.81473447
15.94225435
16.06982212
16.19662297
16.31920870
16.43715571
16.54540048
16.64753267
16.73908824
16.82980733
16.91397980
17.00023538
17.08430052
17.16272535
17.23722607
17.30219392
17.35827342
17.40480441
17.44727246
17.48725374
17.52520406
17.56191067
17.59598827
17.63360209
16.50692757
16.55505025
16.60385883
16.65523948
16.70832673
16.76343546
16.38004750
17.41948842
17.48457649
17.54663945
17.60769593
17.66550434
17.72450311
17.79195741
17.85324710
17.90585388
17.95379361
18.00019873
18.04087414
18.53258195
18.61731446
18.69975035
18.77659953
18.84956086
18.91640706
18.97832555
19.27325394
18.30459743
18.35938521
18.41400734
18.46644603
18.51602228
19.62034643
19.70030766
19.78606058
19.87789812
19.97646662
20.07889779
20.18030804
20.27941350
20.37557364
20.46684048
20.55539008
20.64288402
20.72290878
20.79846521
20.86946272
20.93721911
20.99853212
21.05196645
21.09941613
21.14475134
21.18748876
19.79315437
19.82053439
19.84567517
19.86823436
19.88884496
19.90935242
19.92902041
19.94767592
19.96957452
19.99518045
20.02698297
20.06566935
20.10801088
20.15098137
20.19348088
20.23388925
20.27275691
20.31298001
21.88968776
21.91830581
21.94638849
21.97142359
21.99407982
22.01455334
22.03236059
22.04796759
22.06276950
22.07691491
22.08994891
22.10167531
22.10852773
22.10882915
22.10312518
22.08955363
21.41414888
21.38497317
21.35227475
21.31809897
21.27976109
21.23454696
21.18651798
21.13561064
21.08586445
21.04006907
20.99730937
20.95191644
20.90555570
20.85653330
20.80586277
20.75950917
20.72552867
20.69564516
20.66772423
21.45848866
21.45328158
21.45182952
21.45733445
23.79227927
23.80915441
23.82883743
23.84735254
23.87048785
23.89949899
21.59042192
21.62426817
21.65744894
21.68377978
21.70455318
21.71542870
21.71722382
19.66274468
19.66057179
19.65024264
19.63014482
19.64527773
19.61524378
18.71211681
18.66262380
20.20628018
20.16962195
20.13893051
20.10368475
20.06508698
18.44353685
18.41326508
20.16602487
20.15107923
20.13667503
20.12781083
20.12450675
20.12513636
20.12802819
21.08078004
20.72185200
20.74783229
20.77479985
20.80260004
20.83437500
20.86344998
20.89138610
20.91447060
20.30543088
20.32467201
20.33262624
20.32997459
20.31799412
20.29025891
20.25308456
20.78488546
20.75229700
20.71833607
20.67676923
21.60504974
21.56398431
21.52793653
21.51624291
21.50723060
21.49900243
21.19321830
21.19749328
21.20334133
19.04697217
19.05145043
19.05395312
19.06112787
19.07271464
19.08662074
19.10804172
19.13708704
19.17193135
19.21374756
19.26376367
19.31810344
19.37480064
18.21229784
18.25973464
18.30520398
18.35099736
18.39452414
18.43815719
18.48259668
18.56531505
18.61891820
