-0.2657
0.3074
0.3331
-0.0843
0.0286
0.2167
0.4045
0.1816
0.1209
-0.0761
0.0900
-0.0954
0.0580
0.1494
0.2515
-0.0425
-0.2300
-0.0409
-0.1658
0.4607
0.0565
0.2519
-0.0056
0.1488
-0.0575
0.4387
0.5994
1.2656
0.0629
0.1596
0.7338
0.2589
0.3529
0.8054
0.9236
1.0392
0.7444
0.4131
0.5998
0.7132
0.6481
0.6276
0.8015
0.5769
0.7823
1.1269
1.3496
1.3613
2.0614
1.7713
1.8899
1.4731
0.9788
0.7642
0.4772
0.6234
0.4038
0.7133
0.4015
0.1484
0.0434
0.2568
0.3318
0.8830
0.8148
1.3274
1.1984
0.9786
0.9280
1.1396
1.0434
1.1812
0.7711
-0.0463
0.0658
0.0291
0.3684
-0.2493
-0.0781
0.5258
0.3875
0.4734
1.1728
0.1723
1.2237
1.4677
0.9389
0.9951
0.8743
0.4032
1.0060
0.9093
0.8994
0.4400
0.3323
0.4828
0.4743
0.4263
0.1847
0.1124
0.0491
0.2145
0.2057
-0.0312
0.1567
0.1404
-0.3268
-0.2041
-0.3693
-0.1495
-0.1611
0.1902
-0.1927
-0.2504
-0.3352
-0.4304
-0.5180
-0.6355
-0.7054
-0.6127
-0.7889
-0.7920
-0.7577
-0.7214
-0.7567
-0.7545
-0.5237
-0.7363
-0.6849
-0.4527
-0.5352
-0.3399
-0.3488
-0.5103
-0.0981
-0.2834
-0.0390
0.2196
-0.0653
-0.4046
-0.5317
-0.3203
-0.5638
-0.5830
-0.5631
-0.2734
0.2200
-0.0042
0.4399
0.1802
0.4186
0.3526
0.5281
0.8693
0.5433
1.4596
1.4040
0.7289
0.6839
1.0909
1.2644
0.3944
0.0041
0.2855
-0.0140
0.7924
1.4238
1.8710
0.6547
1.0469
0.8647
0.7050
1.3352
0.7381
0.7031
0.9146
-0.4688
-0.4936
-0.6677
-0.8697
-0.7664
-0.6157
-0.6872
-0.8278
-1.0317
-1.1058
-1.2287
-1.2821
-0.3038
-0.7972
-1.2384
-0.6126
-1.1382
-0.9078
-0.7921
-0.3164
-0.5856
-0.7505
-0.9762
-0.9035
-0.9891
-0.9104
-0.3655
-0.8373
-0.5192
-0.3749
-0.4678
-0.7172
-0.3464
-0.3994
-0.5480
-0.2427
-0.4699
-0.0619
-0.5214
-0.2437
-0.0586
-0.1215
-0.1984
0.0681
0.1417
-0.0227
-0.4686
-0.0182
-0.2979
0.1964
0.3518
0.7811
1.1667
1.1008
0.9621
1.0221
1.5423
1.1085
1.1527
1.5050
1.8852
2.3435
3.6451
2.6981
2.9022
3.0459
3.0585
3.5518
2.8098
2.5262
2.8499
2.2285
2.1271
2.0282
1.6240
1.7031
1.1861
1.2249
0.8832
0.9045
0.6279
0.5400
0.3091
0.3952
0.1034
-0.1333
0.2540
-0.1355
-0.6143
0.1675
0.0171
-0.0953
-0.2465
-0.2904
-0.5754
-0.1942
-0.5110
-0.2096
-0.0667
-0.2897
-0.5397
-0.5995
-0.5334
-0.5019
-0.5551
-0.6482
-0.7155
-0.6935
-0.4328
-0.4976
-0.8412
-0.7082
-0.4969
-0.4095
-0.2675
-0.2427
-0.1427
-0.1245
-0.3136
-0.4557
-0.2240
-0.3720
-0.2670
-0.2920
-0.1090
-0.3071
-0.2106
-0.3586
0.0252
-0.3159
-0.2509
-0.0005
0.0033
-0.0225
-0.0507
0.4748
0.1179
0.1230
0.2527
0.3796
0.2509
0.2043
0.2428
0.2545
0.3296
0.2583
0.2836
0.2082
0.2647
0.3751
0.3640
0.3876
0.3405
0.3227
0.3616
0.5005
0.2885
0.4840
0.2987
0.3898
0.4180
0.5937
0.6863
0.7449
0.7474
0.7035
0.6995
0.5422
0.3969
0.2224
0.1832
0.1823
0.1569
0.1694
0.2396
0.3496
0.5704
0.6791
0.8812
0.5625
0.5773
0.2934
0.1936
0.2015
0.0921
0.1530
0.0204
0.1421
0.1762
-0.0055
-0.1746
0.0238
0.1921
-0.0516
-0.0106
0.2981
0.2740
0.0392
0.1102
-0.0803
-0.1601
0.4628
0.1762
0.4271
-0.0849
-0.3286
-0.0110
-0.0272
-0.1963
0.1470
-0.4330
-0.1232
-0.6277
-0.4770
-1.1411
-0.5491
-1.3850
-0.9735
-1.3169
-0.4979
-0.5800
-0.5656
-0.3899
-0.8584
-1.2410
-1.1036
-1.2853
-1.1222
-1.1356
-0.6094
-0.8158
-0.9901
-0.1762
-0.1798
-0.5773
-0.7264
-0.5432
-0.8580
-0.5167
-0.4624
-0.4867
-0.3343
-0.5739
-0.6377
-0.4211
-0.7706
-0.6728
-0.5644
-0.8436
-0.6138
-0.3856
-0.3223
-0.6773
-0.7978
-0.6205
-0.5769
0.3922
-0.2833
-0.5860
-0.9289
-1.0807
-1.1152
-1.0972
-0.5645
-1.2668
-1.0335
-1.1439
-1.5496
-1.1355
-1.4027
-1.3100
-1.3496
-1.7172
-1.5516
-1.8395
-1.8769
-1.8966
-1.8619
-1.5783
-1.7460
-1.8382
-1.6062
-1.8019
-2.2265
-1.6290
-2.0978
-2.1474
-1.8179
-1.6106
-1.2208
-1.1309
-1.6442
-1.3448
-1.6233
-1.8340
-1.3148
-1.2897
-1.1598
-0.7462
-0.8144
-1.1445
-0.8690
-0.9272
-1.2058
-1.0819
-0.7313
-1.0850
-1.0094
-0.9922
-0.8171
-0.7202
-0.4666
-0.5013
-0.4631
-0.1211
-0.5143
-0.4154
-0.5537
-0.4758
-0.3704
-0.2028
-0.2598
0.2419
-0.0813
0.5345
0.3824
0.2053
0.2556
0.1891
0.5046
0.2964
0.4135
0.4344
0.6889
0.8127
1.0572
1.1861
1.2427
1.5044
1.1864
1.1771
1.0765
1.1754
1.2772
1.3480
1.4961
1.1374
0.8886
0.9880
0.7085
0.6476
0.5639
0.3762
0.2169
0.6916
0.5020
0.5625
0.7888
0.9085
1.0813
0.7565
1.0339
0.4630
0.0303
0.1194
-0.0722
0.3196
0.3772
0.5565
0.5606
1.2036
0.8448
0.3495
0.7469
0.3206
0.6312
0.5788
1.1403
0.6636
0.4573
-0.4285
-0.1558
-0.3939
0.3121
-0.4353
0.0691
0.0139
0.3159
0.3307
1.2500
0.7300
0.4389
0.1779
0.3916
0.3925
0.0150
-0.3897
-0.6086
-0.2773
0.0040
-0.4047
-0.5051
-0.5406
-0.4480
0.0554
-0.3460
-0.2943
0.1984
0.0788
-0.1680
-0.2339
-0.2186
-0.4261
-0.5045
-0.4962
-0.4425
-0.2600
-0.4241
-0.4455
-0.4492
-0.4202
-0.4567
-0.4416
-0.4443
-0.2125
-0.3060
-0.2968
-0.2279
-0.2422
-0.0965
0.2202
0.4681
0.6039
0.7384
0.3230
0.9744
0.6844
0.5298
0.7203
1.1354
1.0214
1.5392
1.5727
1.9424
1.9676
1.7901
1.8661
2.2157
1.6734
3.1911
1.9733
2.9762
1.7782
2.3738
1.9333
2.0842
1.7999
1.6910
0.9045
0.8235
0.7281
0.8659
0.8183
0.5114
0.5737
0.7661
1.0862
0.8501
1.0459
1.1118
0.7364
0.5444
0.6761
0.6483
0.6755
0.3380
0.6943
0.1167
0.5040
-0.2131
-0.0159
-0.1334
0.3105
0.1250
0.1948
0.1452
0.1949
0.0904
0.1769
0.3721
0.1987
0.2499
0.0873
0.2873
0.3571
0.6237
0.4550
0.5878
0.1628
0.2952
0.1574
0.2735
0.7014
0.4656
0.5079
0.2742
0.5633
0.5601
0.4860
0.0526
0.2442
0.2644
0.3997
0.4650
0.0503
-0.0167
-0.0499
-0.0930
-0.0581
0.0308
-0.1083
-0.1796
-0.0811
0.1703
0.2553
0.2560
0.2890
0.4460
0.2564
0.4985
0.4445
1.0245
0.4928
0.2276
0.9565
-0.2742
0.2176
-0.2151
0.2723
0.2955
0.1275
0.3805
0.0109
0.4375
0.3328
0.6149
1.0730
0.1367
0.3066
0.2830
0.1008
0.3615
0.1743
0.3285
0.1024
0.0840
-0.0777
0.0999
0.4698
0.6817
0.9634
0.6065
0.6942
1.0832
1.6368
1.2165
1.3291
1.8566
1.6886
1.3369
0.6811
1.4146
0.6289
1.2901
1.6151
1.1812
1.3382
1.9057
2.3833
0.8551
1.1647
0.7622
0.7300
1.3218
0.8537
0.9132
0.4661
0.7302
0.6204
0.7795
0.7552
0.7724
0.5908
0.7720
0.7771
0.2840
0.2717
0.4512
0.3167
0.2493
0.4481
0.4686
0.3774
0.3765
0.6748
0.3764
0.5265
0.4401
0.7947
0.5985
0.6489
0.7993
0.7638
1.2843
1.1030
0.8417
1.0043
0.8456
0.9877
1.0807
1.0493
0.8655
1.3483
1.5391
1.4745
1.9595
1.6683
2.4366
1.6070
1.4766
1.3001
1.6453
1.8278
1.3071
1.5220
1.7808
3.0743
2.4486
1.8916
2.2289
2.0671
1.8093
1.9526
1.7127
1.5835
0.8605
1.1810
0.8242
1.1313
1.5672
1.2126
1.1006
1.0925
0.8743
1.1451
0.9506
0.8662
0.6741
0.9125
1.0489
0.5055
0.9199
0.3714
0.5679
0.7826
0.6461
0.9091
0.5017
1.1176
0.6831
0.9610
0.4148
0.6204
0.4685
0.5182
0.8184
0.3849
0.5546
0.6220
0.5540
0.3372
0.8826
0.8741
0.7090
0.7679
0.4852
0.3234
0.5323
0.0703
0.0109
0.2728
0.0445
0.1126
0.4959
0.8548
0.6684
0.8667
0.3792
0.9269
0.6852
0.4433
0.5395
1.2607
0.5979
0.6704
0.2776
0.3760
0.4999
0.4165
0.2729
0.1094
0.4484
0.2242
-0.0607
0.0065
-0.1199
0.5762
-0.1739
0.7088
0.3468
0.3507
0.1692
0.4361
0.1495
0.4827
0.2964
0.2969
0.9137
0.8112
0.5777
0.7515
0.2262
0.1783
0.0479
0.0521
0.3834
-0.0289
-0.0510
-0.3445
0.0056
0.1651
0.2125
0.3502
0.6070
-0.1462
-0.2036
-0.4494
-0.2339
-0.2997
-0.5523
-0.5728
-0.5991
-0.4457
-0.3700
-0.6948
-0.7946
-0.7217
-0.5488
-1.1375
-1.2214
-1.3498
-1.0639
-1.1324
-1.1226
-1.3072
-1.2586
-1.0062
-1.1824
-0.9791
-1.2070
-1.1975
-1.4848
-1.5549
-1.5097
-1.6042
-1.1716
-1.6512
-0.9948
-1.6072
-0.9672
-1.2276
-1.0975
-0.9501
-0.7500
-0.3078
-0.4347
0.1794
0.0508
-0.4966
-0.5075
-0.5418
-0.4242
-0.0862
-0.6201
-0.5894
-0.8155
-1.0251
-0.2241
-0.5391
-0.1063
-0.6008
-0.4012
-0.7602
-0.6635
-0.7473
-0.3109
0.1515
0.0295
-0.0002
0.4453
0.1866
-0.1109
-0.0830
-0.1648
0.7131
0.6851
0.8006
0.3119
0.1919
0.6490
0.4863
0.7127
1.4457
1.9368
1.5285
1.4466
1.2253
1.3389
1.1164
2.6869
1.4408
1.7961
1.4533
1.8649
1.3659
1.5197
1.5669
0.8016
0.6551
0.6798
0.3435
0.1280
0.4888
0.3283
0.0396
0.0121
0.0336
0.0136
0.5730
0.0669
0.1174
-0.0143
-0.0294
0.0497
-0.0584
0.3330
0.0480
0.3032
0.0692
-0.0044
-0.0413
-0.2666
-0.2320
0.3184
0.0040
0.1781
-0.0090
-0.2167
-0.3284
-0.2137
-0.3786
0.0174
-0.5885
-0.2667
-0.7562
-0.7049
-0.6453
-0.7578
-0.3107
0.0025
-0.6270
-0.5063
-0.4467
-0.0048
-0.4716
-0.0818
-0.2022
-0.3626
-0.3197
-0.3305
-0.0534
-0.3666
-0.3786
-0.4830
-0.4528
-0.7331
-0.8963
-1.0774
-1.0703
-1.2940
-1.3096
-1.3212
-1.3223
-1.2888
-1.3929
-1.3766
-1.2341
-1.1494
-0.3766
-1.1166
-0.9050
-0.9662
-0.7790
-0.7275
-0.9036
-0.6882
-0.8220
-0.7568
-0.9390
-0.4687
-0.6804
-0.9434
-0.9487
-0.5799
-0.7061
-0.7344
-0.1368
-0.0789
-0.4760
-0.5840
-0.5388
-0.1754
0.7305
0.6210
0.7071
0.7723
0.8012
0.1540
0.4004
-0.0770
0.2026
0.4936
0.0521
-0.0290
-0.2520
-0.2274
0.1780
0.0367
-0.0236
0.8893
0.3098
0.6196
0.6361
0.7665
0.8771
1.1775
2.1900
1.8839
2.1143
2.6696
2.4787
2.5786
2.4745
2.4758
2.2082
1.5773
1.2579
0.9085
1.3210
0.6920
0.4078
0.5209
0.0222
0.2728
0.1313
0.1755
0.1372
0.3081
0.2145
0.1597
0.5483
0.5357
-0.2075
0.2658
-0.3308
-0.1089
0.7093
0.2752
0.6443
-0.0697
0.0262
-0.2710
0.0611
-0.1843
-0.1393
-0.1011
-0.1159
0.1393
0.0593
-0.0953
-0.0339
-0.2233
0.4213
0.1780
0.4381
0.3999
0.9490
0.9837
0.4765
0.6135
0.6466
0.5902
0.9475
1.0089
1.0751
0.9291
1.4276
1.4101
2.2985
1.6978
2.3494
1.5141
1.4219
1.1914
0.7503
0.7547
0.9535
1.0042
1.0585
1.2633
0.5996
0.7517
0.9150
0.7271
0.8821
0.5068
0.7627
0.9417
0.3468
0.2940
0.6245
0.4957
0.3730
0.3760
0.4862
0.5905
0.6787
0.8565
0.4963
0.3839
0.2230
0.1536
0.0645
0.4091
0.3062
0.3075
0.3015
0.2499
0.6926
0.4099
0.3790
0.3359
0.7360
0.5086
0.8124
0.3163
0.3419
0.1777
0.2712
0.2473
0.4015
0.5750
0.1533
0.0479
-0.2473
-0.2166
-0.2773
-0.2549
-0.2497
-0.2244
-0.2283
-0.1292
-0.1718
-0.4776
-0.3168
-0.1658
0.0357
0.1712
0.1993
0.1955
0.1598
0.0665
0.0165
0.0317
0.2070
0.2806
0.4968
0.7921
0.4307
0.4615
0.5143
1.1764
1.1919
1.0674
1.3173
1.0332
1.1788
0.9140
1.5796
1.1714
1.2891
0.9224
1.6167
1.1783
1.8339
1.5401
1.6395
1.6493
0.8828
1.5102
1.5575
1.2614
1.9458
1.1956
0.8938
0.6413
0.8656
0.7486
1.0017
0.8467
0.7477
0.9561
0.8728
0.7751
0.5094
0.7090
0.1414
0.2945
0.1346
0.2214
0.7284
0.3655
0.7906
0.3543
0.9150
0.4522
1.3461
0.9775
1.3989
0.9559
0.7398
0.8133
0.8587
0.5649
0.7189
0.7120
0.5680
0.6091
0.3730
0.3729
0.1039
0.0670
0.2328
0.0702
0.2773
0.4698
-0.0163
-0.1418
-0.2157
-0.3181
-0.0518
-0.3734
-0.2317
-0.2212
-0.3000
-0.4738
-0.4732
-0.2772
-0.2843
-0.2253
-0.4638
-0.0273
-0.5523
-0.4966
-0.4966
-0.6117
-0.1472
-0.3136
-0.1990
-0.5182
0.0154
-0.4195
-0.0421
-0.3507
-0.2109
-0.2112
-0.2999
0.0305
-0.0058
0.0966
-0.1691
0.0276
-0.1137
0.1266
0.1755
0.2635
0.0372
0.2291
0.3538
0.7164
0.9370
0.4017
0.5939
0.3698
0.9831
1.1552
1.1853
2.0119
2.2986
1.7102
2.2337
2.3267
1.9949
2.4840
2.3707
2.4834
2.7952
3.1036
3.0965
3.2860
2.3928
3.3444
2.2495
2.3840
1.7830
1.3546
1.4742
1.5958
1.3200
0.5825
0.6681
0.7213
0.6118
1.0106
0.7500
0.8177
0.9793
0.9694
1.3987
1.0992
0.8777
0.8191
1.1210
2.0463
1.3693
2.3745
2.2665
3.0676
2.9543
2.5365
3.1771
1.9493
1.8653
1.8470
1.7593
1.6999
1.4207
0.7400
1.1446
0.9800
0.6609
0.3347
0.3762
-0.1737
-0.1001
-0.3457
-0.4130
-0.2658
-0.2450
-0.0309
-0.1185
-0.4041
-0.3900
-0.3591
-0.2299
-0.2093
-0.2085
0.0089
-0.2351
-0.1053
-0.3213
-0.2706
-0.0109
-0.1828
-0.1532
0.0760
0.0897
-0.0531
0.1732
-0.0134
0.0498
0.1060
-0.1100
-0.0297
-0.2781
-0.2103
-0.2226
0.2784
-0.0136
-0.3095
-0.5764
-0.7369
-0.8878
-0.9400
-0.9566
-0.7278
-0.8509
-0.6269
-0.6086
-0.3426
-0.6780
-0.7222
-0.5054
-0.6222
-0.6452
-0.5917
-0.6829
-0.5671
-0.6535
-0.3700
-0.7259
-0.2397
-0.4101
-0.5061
-0.5315
-0.2035
-0.5392
-0.6952
-0.6712
-0.5955
-0.2028
-0.6536
-0.6866
-0.8082
-0.9004
-0.7677
-0.8618
-0.8549
-0.7815
-0.9462
-0.7873
-1.1739
-1.1484
-0.9992
-1.1717
-1.1947
-1.1769
-1.1824
-1.1242
-1.1937
-1.1994
-0.9773
-1.1492
-0.8955
-0.7312
-0.7954
-0.6797
-0.6033
-0.5279
-0.6224
-0.4829
-0.5206
-0.3151
-0.3675
-0.6248
-0.4778
-0.5924
-0.4357
-0.2658
-0.1002
-0.3658
-0.3874
-0.4845
-0.4972
-0.4904
-0.3857
-0.4444
-0.3289
-0.2166
-0.0783
-0.4562
-0.4522
-0.2579
0.0927
0.0674
0.0362
0.5524
1.4343
0.7310
1.6275
0.9257
1.4454
1.1986
1.9338
1.1348
1.5339
1.0752
1.9000
1.3849
1.4377
1.3917
1.2187
0.5840
1.0598
1.5840
2.0763
1.3378
2.0529
1.3682
1.2627
1.1449
1.5334
0.5266
0.2235
0.1627
0.0459
-0.0313
0.1885
-0.4541
0.2003
-0.2628
-0.1305
-0.5806
-0.3270
-0.3487
-0.3175
0.2456
0.2434
-0.1075
0.3455
-0.0324
0.2314
-0.2713
-0.3818
-0.5639
-0.5899
-0.4722
-0.5544
-0.4940
-0.4890
-0.7466
-0.5202
-0.5076
0.0886
-0.3582
-0.3540
-0.4158
-0.4545
-0.4408
-0.3048
-0.4738
-0.4278
-0.3894
-0.4127
-0.3029
-0.5705
-0.6117
-0.5118
-0.5825
-0.5174
-0.4323
-0.4921
-0.2722
-0.4000
0.1211
-0.0463
-0.3014
-0.1691
0.6096
0.4302
0.5185
0.5409
0.5378
0.6900
0.4629
0.1175
-0.0124
0.2154
0.1572
0.3720
0.5126
0.6407
0.6804
0.6519
0.6131
0.4962
0.4279
0.2761
0.2991
0.0776
0.1807
0.2025
0.2523
0.3980
0.3005
0.7896
0.4331
0.4412
0.5443
0.7196
1.1095
0.6006
1.1937
0.7797
1.5287
0.7659
1.0880
1.2454
0.9368
1.4105
0.9581
1.1239
0.8958
0.6552
0.1329
0.3885
0.0111
0.2788
0.5974
0.5917
0.5391
-0.3826
0.3740
-0.4471
0.0976
0.0720
0.1080
-0.2243
-0.6607
-1.1569
-1.3319
-1.2373
-1.1942
-0.9497
-1.2331
-1.4532
-1.3577
-0.7787
-1.0249
-0.5465
-0.4984
0.5096
0.0676
-0.2601
0.0225
0.5507
0.6678
0.8884
0.9397
1.3182
0.8466
0.8482
0.6975
1.3064
1.1944
1.2864
1.2900
1.2320
1.7047
2.4223
2.4523
2.0123
2.2807
2.1032
1.0675
1.4778
0.5423
0.8459
0.5369
0.1350
0.1655
0.1489
0.0400
-0.0915
-0.0795
0.5892
0.3486
0.0103
0.4396
0.3667
0.3964
0.5063
0.2456
0.2152
0.0984
-0.2267
-0.1288
0.0132
-0.2262
-0.1941
-0.0730
-0.1962
-0.1913
-0.1380
-0.2152
-0.0550
-0.4037
-0.1242
-0.1765
-0.3150
-0.4883
-0.2991
-0.6497
-0.6326
-0.8786
-0.9238
-1.1234
-0.8758
-0.5668
-0.3961
-0.5302
-0.6310
-0.9809
-1.0022
-0.7650
-0.6320
-0.5103
-0.5806
-0.6012
-0.6407
-0.7680
-0.8368
-1.4738
-1.3366
-1.1952
-0.9638
-1.5253
-0.9071
-0.4771
-0.6816
-0.1674
0.0101
-0.3862
-0.6008
-0.7050
-0.7340
-0.7658
-0.6525
-0.3746
-0.8892
-1.2735
-1.4250
-1.6268
-0.8056
-1.3731
-1.6292
-1.3748
-1.8712
-1.8520
-1.7849
-1.6567
-1.3964
-1.3422
-1.7351
-1.5877
-2.0235
-2.0807
-2.1082
-1.9146
-1.9178
-1.3556
-1.9541
-1.9236
-1.8616
-1.6368
-1.5307
-1.5658
-1.6534
-1.5628
-1.6851
-1.6592
-1.4744
-1.5331
-1.8871
-2.1718
-2.1173
-2.0405
-1.9350
-2.1318
-2.2151
-2.3949
-2.3944
-2.2968
-2.3151
-2.2940
-2.3012
-2.2890
-2.1039
-1.8668
-1.2402
-0.7389
-0.4432
-0.0528
-0.1751
0.2648
0.9382
1.0835
1.0303
0.5529
-0.1521
0.0005
-0.3866
0.0468
-0.0173
-0.2779
-0.7345
-0.4185
-0.7510
-0.2271
-0.9432
-0.3657
-0.5126
0.4083
-0.0725
1.3029
0.7750
0.2903
0.1244
0.4112
0.4152
0.6157
0.5124
0.3057
0.6389
0.2934
0.1058
0.5067
-0.0351
-0.1635
-0.4664
-0.5274
-0.3124
0.0108
-0.3221
0.2639
-0.2081
0.3483
0.6249
0.4944
-0.0143
0.0961
0.3279
1.2519
0.5145
1.5614
1.2215
1.1523
0.7883
1.0456
1.4148
1.4314
1.9844
1.6260
1.7774
3.0751
2.9670
3.0300
2.3085
2.5602
2.0439
1.2650
1.5733
1.2181
0.8298
0.9890
0.7759
0.9919
1.0056
0.7670
0.4352
0.4535
0.5937
-0.4824
-0.5822
-0.5016
-0.6604
-0.6473
-0.5422
-0.4226
-0.4140
-0.2822
0.0585
0.2108
0.1156
0.0226
0.4197
-0.2996
-0.0792
-0.1456
0.1626
0.1625
0.1669
0.2821
0.2190
0.1197
0.1544
-0.0616
0.0827
0.0906
-0.0763
-0.1456
-0.3467
0.0022
-0.2804
-0.4472
-0.5899
-0.6310
-0.6545
-0.5361
-0.6854
-0.7926
-0.5327
-0.8278
-0.7676
-0.7839
-0.6991
-0.7795
-0.7442
-0.8646
-0.6529
-0.7624
-0.4689
-0.6137
-0.1849
0.1138
-0.0581
-0.0567
-0.3117
-0.4407
-0.4915
-0.3582
-0.3113
-0.4809
-0.2912
-0.0119
-0.4758
-0.2813
-0.1839
0.0927
0.0613
0.2980
0.3075
0.4407
0.0657
0.2615
-0.3174
-0.1610
-0.2872
-0.4719
-0.4421
-0.1992
-0.2849
-0.3161
-0.3368
-0.3398
-0.3517
-0.2102
-0.2228
-0.1375
-0.0908
-0.3760
-0.3131
-0.5620
-0.5942
-0.5477
-0.5596
-0.5463
-0.4477
0.7344
-0.3356
0.2453
0.1969
0.3690
0.5441
1.4176
0.8149
0.6982
1.3073
0.7664
0.5171
1.1439
2.2748
2.0657
2.0785
1.5696
1.3991
2.0125
1.6340
1.3994
1.5462
1.5106
1.4147
1.6872
0.9235
0.7166
0.1330
0.6723
-0.4270
-0.3564
-0.7240
-0.8862
-0.2491
-1.0179
-0.9987
-1.1595
-0.8691
-1.1170
-0.9299
-1.1105
-1.4223
-1.3233
-1.7283
-1.5868
-2.0111
-1.9992
-2.1486
-2.2652
-2.2254
-2.4011
-2.5165
-2.1973
-2.5113
-2.4151
-2.4323
-2.3561
-2.4802
-2.7806
-2.8135
-2.3861
-2.5150
-2.6083
-2.8108
-2.7171
-2.5390
-2.7127
-2.5512
-2.8023
-2.8432
-2.9527
-3.0229
-3.0442
-2.9860
-2.8195
-2.6394
-2.3831
-2.1127
-1.9779
-1.8856
-1.7378
-1.9466
-1.9046
-1.8587
-1.5224
-1.7752
-1.2765
-1.7043
-1.6714
-1.5833
-1.5620
-0.9690
-1.0663
-1.2593
-0.7785
-0.7829
-1.0422
-0.5964
-1.1349
-0.9740
-1.0133
-0.8249
-0.5742
-0.8533
-0.8852
-1.1040
-0.8842
-0.4922
-0.4594
-0.4764
-0.7881
-0.6333
-0.7295
-0.9141
-1.0270
-0.9024
-0.8331
-0.6018
-0.5446
-0.3614
-0.3210
-0.0671
-0.0631
0.1290
0.0632
0.3251
0.1497
0.4912
0.7219
0.5141
1.0725
0.6724
0.8841
1.0723
1.2402
0.8568
1.9594
1.4006
1.2907
1.5157
1.8826
1.3596
2.0957
1.5653
1.7413
1.7259
1.9149
2.1762
1.7504
1.9376
1.9788
2.1013
1.8674
1.5651
1.8340
1.8018
1.7471
2.1629
2.0649
1.8382
1.6446
2.0996
2.0619
1.9821
1.6779
1.6672
1.2777
1.8957
1.3422
1.3513
0.9745
1.1608
1.2374
0.7945
0.5129
0.7538
0.4676
0.4184
0.6024
0.3540
0.0231
-0.0940
-0.4727
-0.5387
-0.4053
-0.3503
-0.2545
-0.3335
-0.2577
-0.1586
-0.1519
0.2358
0.0780
0.1444
0.4782
0.1748
0.6747
0.8033
0.9687
0.9816
0.5249
0.3966
0.5792
0.7498
0.9010
1.1869
0.4721
0.3034
0.1499
0.4078
0.0769
0.9652
0.2685
0.6880
-0.0417
0.0355
-0.1702
0.6304
0.3155
-0.0920
0.0948
0.1424
-0.0010
0.2015
-0.1048
0.7513
0.0455
0.6577
0.7573
0.7820
1.1163
0.9766
2.2364
1.4816
0.8234
1.2457
0.6291
0.7206
0.6733
0.5424
0.3274
0.0584
0.0984
-0.1882
-0.3353
-0.3083
-0.4064
-0.4499
0.0916
-0.3186
0.0041
-0.5011
-0.5162
-0.4015
-0.5074
-0.4465
-0.1923
-0.3493
-0.2380
-0.1679
-0.2788
-0.3737
-0.3296
-0.2955
-0.2318
0.2637
-0.0443
0.3942
-0.1340
0.0910
0.0759
0.0935
0.3639
0.0726
0.0600
-0.0200
-0.1182
-0.0163
-0.1982
-0.0649
-0.1985
-0.1750
-0.0473
-0.2538
-0.6660
-0.8500
-0.8716
-0.9579
-0.8553
-0.5376
-0.8961
-0.8989
-0.5465
-0.1998
-0.1700
0.4124
0.1987
0.1427
-0.2115
0.1823
0.1806
0.8506
0.4393
0.4964
0.3087
-0.0858
0.6901
0.5736
0.0147
0.0026
-0.0734
0.2213
-0.1346
0.6148
1.0427
0.9913
1.7986
0.5925
0.8787
0.7721
1.5418
0.3474
0.4563
0.2735
0.3193
0.9109
1.1603
0.7383
0.5520
0.9158
0.1935
-0.3066
-0.1058
-0.7231
-0.8387
-0.5869
-0.3693
-0.5746
-0.9058
-0.9102
-0.7879
-1.4359
-1.3314
-1.5250
-1.2486
-1.5992
-1.6384
-1.3958
-1.4915
-1.0840
-1.2922
-1.4176
-1.3824
-1.1240
-1.4260
-1.2369
-1.1114
-1.0062
-0.9454
-1.0956
-1.1446
-1.2064
-0.7684
-0.9994
-1.1923
-1.1470
-1.2036
-1.1775
-0.8864
-0.9908
-0.8948
-0.8316
-0.9056
-0.9096
-0.8013
-0.9596
-0.6737
-0.6833
-0.5752
-0.2511
0.0231
-0.3672
-0.2503
-0.3815
-0.2105
-0.4070
-0.2810
-0.3946
-0.1538
-0.3712
-0.4504
-0.5265
-0.5732
-0.6958
-0.6539
-0.5518
-0.6037
-0.6927
-0.6753
-0.7675
-0.6866
-0.6142
-0.4166
-0.0026
-0.1065
-0.1799
-0.3669
-0.4115
-0.4582
-0.2902
-0.2631
0.0066
0.0836
-0.1141
-0.1342
-0.2081
-0.2340
0.2075
-0.4030
0.3182
0.1231
0.1577
0.0669
0.2016
0.3310
0.0778
0.4801
-0.4175
-0.1140
-0.6072
-0.0033
0.0859
0.0242
0.5181
0.3261
-0.0872
-0.0649
0.5291
0.4094
-0.2269
0.1888
0.0498
0.7295
0.7263
0.7139
0.2968
0.3656
0.3537
-0.2411
-0.2718
0.5088
0.0745
0.5298
1.1364
1.7631
0.5947
0.9730
1.0544
1.4047
1.3306
0.7204
1.6654
1.1294
1.3609
1.1505
2.0756
1.6862
2.3442
1.3727
2.4810
2.0074
3.0356
2.3692
2.7284
2.1853
2.3004
2.0965
2.0623
1.4678
1.8157
1.5462
1.6389
1.5149
1.3660
1.2379
1.1381
0.8977
0.9767
1.0916
1.0766
0.7329
0.7031
0.5842
0.3959
0.2102
-0.0751
-0.0150
-0.0392
-0.4201
-0.3682
-0.7676
-0.8313
-1.0723
-1.1554
-1.1614
-1.3826
-1.3429
-1.2339
-1.0698
-0.6388
-1.0970
-1.1987
-1.0144
-1.2055
-0.9894
-1.3360
-1.2140
-1.3803
-0.8424
-1.2891
-1.2947
-1.1245
-1.2678
-0.9907
-1.5634
-1.7387
-1.5323
-1.2054
-1.1026
-0.9938
-0.7651
-0.5947
-0.6507
-0.7709
-0.7172
-0.7674
-0.7509
-0.6898
-0.6855
-0.4927
-0.7649
-0.9010
-1.0160
-0.9613
-0.7986
-0.7059
-0.9135
-0.8600
-0.7296
-0.6675
-0.6904
-0.5481
-0.8442
-0.8354
-0.7848
-0.7562
-0.5416
-0.6841
-0.7621
-0.7543
-0.7062
-0.4983
-0.1859
-0.3118
0.1670
-0.0994
0.1649
0.3567
0.6112
0.4270
0.3752
0.8152
0.1415
0.5175
0.0947
0.2218
0.0671
0.1234
0.3469
0.6420
1.3114
0.8287
0.4400
0.3833
0.9927
1.5081
1.5466
1.0714
0.6694
0.4590
0.9573
0.2054
0.5295
-0.2965
0.5820
-0.3995
-0.2310
0.3968
-0.1933
-0.0814
-0.6293
0.0997
0.6775
0.1560
0.2589
-0.0277
-0.2105
-0.1480
-0.2010
-0.0848
0.0490
0.3213
0.0246
-0.0060
-0.0733
-0.0369
-0.2368
-0.3450
-0.2448
-0.2205
0.1422
-0.0776
0.0451
-0.3845
-0.3426
-0.5622
-0.3744
-0.8611
-0.9110
-1.0714
-1.0711
-1.0463
-1.0035
-0.6912
-0.8495
-0.7390
-0.6608
-0.6913
-0.6918
-0.8242
-0.8556
-0.6561
-0.5537
-0.1930
-0.3147
-0.1807
-0.1863
-0.0443
0.2514
-0.0722
0.0316
0.1506
0.1000
-0.0760
0.7039
0.7140
0.7320
0.3640
-0.0534
-0.0025
0.2358
0.6541
0.6439
1.0184
0.5121
1.1683
0.9568
1.0199
0.9372
1.6622
1.1316
1.0801
1.3210
1.7657
1.3019
1.5513
0.8309
1.1452
0.9671
1.2193
1.2648
1.4909
1.1385
1.1280
0.7460
0.7633
1.3791
1.2422
0.9029
0.7238
0.7075
0.1784
0.1570
0.6320
0.2050
-0.0879
-0.0320
-0.3415
-0.5746
-0.4195
-0.1854
-0.3836
-0.5276
-0.2893
-0.2996
-0.5070
-0.5754
-0.5915
-0.6123
-0.5378
-0.6583
-0.6558
-0.8163
-0.8208
-0.8062
-0.7383
-0.6687
-0.5905
-0.6040
-0.6198
-0.7373
-0.7999
-0.6954
-0.9710
-1.0237
-1.1017
-1.1012
-1.0645
-1.0852
-1.0565
-1.1291
-1.1508
-1.1253
-0.7683
-0.6844
-0.9220
-0.8499
-0.7877
-0.2704
0.0045
0.4480
0.4315
0.1487
0.6642
1.2524
1.2766
1.0813
1.2289
0.8413
1.5999
1.3469
1.9745
2.0727
2.1874
2.3182
2.4577
2.2396
2.4876
1.8866
1.5739
1.2605
1.3982
1.1777
0.6216
0.4008
-0.4910
-0.1057
0.1074
0.1392
0.5715
0.3428
-0.0368
-0.0733
-0.3138
0.0633
-0.4677
-0.6039
-0.4301
-0.4653
-0.3826
-0.5403
-0.5208
-0.6981
-0.6639
-0.5297
-1.1468
-1.3520
-1.3301
-1.4098
-1.2956
-1.6487
-1.8695
-1.5151
-1.9963
-1.9453
-1.9174
-1.8013
-1.9096
-1.8988
-1.8353
-2.0158
-1.9687
-1.8815
-1.7915
-1.6264
-1.6155
-1.5567
-1.3914
-1.5368
-1.4334
-1.3743
-1.3644
-1.3975
-1.4384
-1.4105
-1.3596
-1.2440
-1.1834
-1.1132
-1.0775
-1.0647
-1.0468
-1.0777
-1.0418
-0.7635
-0.8023
-0.6084
-0.3380
-0.2477
0.1244
-0.0641
0.0389
-0.0808
-0.0746
0.1182
0.1100
0.2749
-0.2111
0.3864
0.3633
0.4166
0.6278
0.2826
0.1089
-0.2458
-0.2795
0.0439
-0.1580
-0.2269
-0.0344
-0.0428
-0.3164
-0.5160
-0.5423
-0.6943
-0.5154
-0.7363
-0.6310
-0.1889
-0.3772
-0.6296
-0.7249
-0.6953
-0.7621
-0.5993
-0.9194
-0.9771
-1.0373
-0.9622
-0.8177
-0.7050
-1.1002
-1.0816
-1.2849
-1.2202
-1.0775
-1.1322
-0.9792
-0.6887
-0.6220
-1.3031
-0.7141
-1.0864
-0.6549
-1.0817
-0.8594
-0.6727
-0.5123
-0.6370
-0.6495
-0.7120
-0.4241
0.1143
-0.1880
-0.3592
-0.4503
-0.5068
-0.3334
-1.1081
-0.7855
-0.8300
-1.0085
-0.9597
-1.0620
-1.2741
-1.3695
-1.2521
-1.4201
-1.2099
-1.2338
-1.1952
-1.0699
-1.1232
-1.1035
-1.0332
-1.0963
-0.8307
-1.1084
-0.6480
-0.6771
-0.4156
-0.3495
0.1114
-0.2372
0.1211
-0.4989
-0.8572
-0.9597
-0.9313
-0.5536
-0.5479
-0.6566
-0.6119
-0.5521
-0.3953
-0.7109
-0.6397
-0.7960
-0.8713
-0.9315
-0.8340
-0.3871
-0.6424
-0.2854
-0.3808
-0.7358
-0.6090
0.1357
0.1447
0.4655
0.2768
0.1708
1.4044
0.6450
0.3081
1.5004
0.5367
0.7267
0.8099
0.0415
1.0282
0.1621
0.1033
0.1555
0.0675
0.1533
0.2011
0.5372
-0.4268
-0.7891
-1.2120
-0.8415
-1.2656
-1.0731
-0.9387
-1.0545
-1.2374
-0.9691
-1.0646
-0.5992
-1.0573
-0.7793
-0.9226
-1.0526
-1.2823
-1.0095
-1.5271
-1.4507
-1.0258
-1.5249
-1.2931
-1.2425
-1.1311
-1.5250
-1.5593
-1.6304
-1.2355
-1.5993
-1.1517
-1.0028
-0.7138
-0.8162
-0.4288
-0.8483
-0.3599
0.0542
0.2788
0.6492
1.5408
0.8537
0.7188
0.3618
0.5186
0.7348
1.4086
1.3433
1.0465
1.0713
1.6005
0.9623
1.2424
1.3414
0.7049
1.0254
0.5121
0.3885
0.0379
0.4324
0.4310
0.9618
0.6805
0.7797
0.0530
0.1571
-0.1236
-0.0591
-0.6900
-0.9542
-1.2394
-1.0167
-1.1800
-0.5525
-0.8757
-0.6476
-1.0091
-0.9010
-0.9768
-1.0014
-1.0095
-0.7401
-0.7698
-0.9469
-0.9500
-0.8908
-1.0589
-0.6947
-0.9199
-0.8470
-0.8923
-1.0617
-0.5802
-0.6269
-0.7851
-0.3511
-0.3210
-0.7192
-0.4015
-0.6651
-0.6628
-0.5103
-0.0920
-0.2288
0.4624
-0.3819
-0.3451
-0.6137
-0.6358
-1.0401
-0.9851
-0.7886
-0.7013
-0.4183
-0.5580
-0.4526
-0.8303
-0.3619
-0.5296
-0.7433
-1.1607
-0.9786
-1.2049
-0.8823
-0.8555
-0.5217
-0.4372
-0.3067
-0.4288
-0.4144
-0.8370
-0.9476
-0.5987
-1.1125
-0.7490
-0.5556
-0.5371
-0.5988
-0.6376
-0.2903
-0.0322
-0.4638
-0.3380
-0.5462
-0.5866
0.1689
-0.2294
-0.3802
-0.3845
-0.2214
-0.4323
-0.5801
-0.3334
-0.5583
-0.2825
-0.8083
-0.7189
-0.7242
-0.6328
-0.5916
-0.5650
-0.5373
-0.2531
-0.4319
-0.3595
-0.2615
-0.5066
-0.6470
-0.7056
-0.7755
-0.8117
-0.9209
-0.7011
-1.0091
-0.6696
-0.8868
-0.8449
-0.8999
-1.0147
-1.0542
-1.1088
-1.1547
-1.1575
-1.0919
-1.0271
-1.1052
-1.5749
-1.6788
-1.7478
-1.7677
-1.7909
-1.5995
-1.5340
-1.7650
-1.4222
-1.6503
-1.3516
-1.5111
-1.4361
-1.1957
-1.1811
-0.9700
-0.9498
-1.0968
-1.0813
-1.1874
-1.2920
-1.2362
-1.2758
-1.4022
-1.4632
-1.1657
-1.6204
-1.5444
-1.4790
-1.3209
-1.2706
-1.1965
-1.0925
-1.1921
-1.3088
-1.3052
-1.3875
-1.4547
-1.4854
-1.4808
-1.2238
-0.9831
-0.9054
-0.6381
-0.6915
-0.5703
-0.8029
-0.6377
-0.8898
-1.0002
-0.3796
-1.1519
-1.0567
-0.5948
-0.7497
-0.2877
-0.6853
-0.7868
-1.1118
-1.0019
-1.1977
-0.7274
-1.1869
-0.9644
-0.7778
-0.8394
-0.8253
-0.7347
-0.4118
-0.3485
0.5453
-0.0205
-0.1050
-0.0192
0.3943
0.0311
0.3596
0.7557
0.8398
0.8588
0.9976
1.3510
1.1322
0.8140
1.2396
1.8486
1.3378
1.6351
2.1611
2.3878
1.9626
1.4450
2.5722
1.9510
1.8793
2.3236
1.8990
1.2835
0.7514
0.8372
0.6061
0.3837
0.0448
-0.4657
-0.4218
-0.4254
-0.3850
-0.4377
-0.4743
-0.3351
-0.2853
0.0132
0.3682
-0.2564
0.7736
-0.1887
0.6293
0.3199
0.7091
0.8402
0.4090
0.3800
0.9540
0.4731
0.4482
0.4349
0.2813
-0.1893
-0.0483
-0.1179
0.3946
-0.1336
0.2149
-0.0387
-0.2313
-0.0780
0.2508
-0.4017
-0.7961
-0.0447
0.1974
-0.2646
-0.3603
-0.4632
-0.0402
0.0345
0.5774
0.0699
-0.0488
-0.2958
-0.2116
0.0111
0.2553
0.4052
0.7768
0.6566
0.9288
0.1715
0.2654
0.1716
0.4731
0.7087
0.7284
0.3409
0.2701
-0.2161
-0.3600
-0.5475
-0.0417
-0.4027
0.1493
0.3002
-0.0035
0.0580
-0.2840
0.3840
-0.0301
0.2214
0.9547
0.5391
1.2417
0.7664
0.5092
0.2803
0.3574
0.2720
0.7782
0.4954
0.6826
0.5336
0.1868
-0.0862
0.0051
-0.0999
-0.0362
-0.1982
-0.0638
-0.4001
-0.6540
-0.4982
-0.2355
-0.4593
-0.5165
-0.0989
0.3647
-0.0256
0.1590
0.0934
-0.2970
0.0042
-0.1884
0.2775
0.1550
0.0360
0.2274
0.2469
-0.1875
-0.2693
-0.1338
-0.0309
0.2444
0.1710
0.2105
0.0707
0.1587
0.2994
0.4850
0.2584
0.0097
-0.0976
0.1281
0.1258
0.0663
0.1912
0.2613
0.0204
-0.0050
-0.0838
0.1494
-0.1064
0.0105
-0.0501
0.0346
0.1429
0.0256
-0.0280
0.0392
0.0633
0.0918
0.2849
-0.3410
-0.1833
0.1011
0.8446
0.0511
0.4870
0.7496
0.3181
0.2321
0.3250
0.3211
0.2364
0.3087
0.3407
0.0656
0.0697
-0.0635
-0.0409
-0.4022
-0.3741
-0.3944
-0.3805
0.1729
0.0396
0.1789
0.2236
0.2122
0.2412
0.2882
0.1831
0.5389
0.6987
0.6717
0.2343
0.3686
-0.1076
0.0237
-0.0776
-0.2078
-0.1608
0.2489
-0.4981
-0.3554
-0.3956
-0.4707
-0.4307
-0.5795
-0.7922
-0.6694
-0.4593
-0.0231
0.2604
-0.0727
-0.0061
-0.4877
-0.0554
-0.5579
-0.3971
-0.5231
-0.4549
-0.4807
-0.0932
-0.1223
-0.0733
-0.4500
-0.3489
-0.6693
-0.3031
-0.6972
-0.7808
-0.5978
-0.5897
-0.6241
-0.7191
-0.7553
-0.5657
-0.3930
-0.5976
-0.7197
-0.8032
-0.8276
-0.9678
-0.9351
-0.7637
-0.6937
-0.5718
-0.5628
-0.6330
-0.5694
-0.5699
-0.7978
-0.4351
-0.4377
-0.2387
0.1203
0.8193
0.4058
0.3979
0.0521
0.1850
0.7279
1.1349
0.5953
0.8879
1.4126
0.7148
1.3105
0.5721
0.7084
0.3753
0.5116
0.2889
0.5885
0.7605
0.6368
0.1057
-0.0158
-0.1058
0.4155
0.3754
-0.0731
-0.1746
-0.0048
-0.0750
-0.1104
-0.3405
-0.6250
-0.4136
-0.3829
-0.4637
-0.1368
-0.0192
-0.1780
-0.2509
-0.0149
-0.0711
-0.0576
0.2764
-0.1740
0.1096
0.7153
-0.4542
-0.2065
-0.2392
0.1724
0.4674
0.0113
0.4097
0.2034
-0.0747
-0.2613
0.0889
-0.3715
0.2342
-0.4053
0.0551
-0.3810
-0.5895
-0.7758
-0.5923
-0.3950
-0.1191
-0.8304
-0.9624
-0.5018
-1.0176
-0.2836
-0.2087
-0.3973
-0.6794
-0.6709
-0.7019
-0.5908
-0.6980
-0.6003
-0.4436
-0.4918
-0.5793
-0.3234
-0.4719
-0.3995
-0.2886
-0.3695
-0.4085
-0.4466
-0.5471
-0.5421
-0.7809
-0.7689
-0.8441
-0.7677
-0.3757
-0.4343
-0.5587
-0.5824
-0.5085
-0.3440
-0.2841
-0.3228
-0.2339
-0.3408
-0.2211
-0.7145
-0.0868
0.0788
0.0104
0.5537
-0.2098
0.5185
0.0308
0.6030
0.7929
1.4375
0.3449
0.5878
-0.0175
0.3445
-0.3178
-0.0423
-0.1366
0.7679
-0.4344
-0.2015
-0.4833
-0.5433
-0.3929
-0.5647
-1.0199
-0.5624
-0.9951
-0.6474
-0.8456
-0.6789
-0.6430
-0.1546
0.1898
0.5792
-0.0004
-0.3439
-0.2730
-0.8324
0.2047
-0.2190
-0.2773
-0.2136
-0.5041
-0.1502
-0.9714
-0.9088
-1.3378
-1.1545
-1.6452
-1.5972
-1.3034
-1.7267
-1.7664
-1.7866
-2.0764
-2.2226
-2.1980
-2.0896
-2.0142
-1.5830
-2.0189
-2.2510
-2.4120
-2.6251
-2.7366
-2.7108
-2.7455
-2.6139
-2.5844
-1.9551
-2.2732
-2.3007
-2.0218
-2.0544
-2.1828
-2.3068
-2.4956
-2.3928
-2.4390
-2.2819
-1.9550
-1.8399
-1.7422
-1.9826
-2.3947
-2.2450
-2.1943
-2.3664
-2.0757
-2.2809
-2.2026
-1.8981
-2.1027
-2.0303
-1.9929
-1.9968
-2.2560
-2.0951
-2.0754
-1.7859
-1.8412
-1.7161
-1.8467
-1.5817
-1.7621
-1.2019
-1.5343
-1.0450
-1.3101
-1.2949
-1.0447
-1.0397
-0.9628
-0.8131
0.0801
-0.4658
-0.4121
0.4479
0.3545
0.9478
1.0328
1.0556
0.5378
1.3231
1.4524
1.7759
1.1654
1.3285
0.7323
1.4094
0.7496
1.3823
1.2350
1.5588
1.1986
1.5179
1.2520
1.1101
1.1792
1.0963
0.6496
0.8835
0.3212
0.2887
-0.0336
-0.3186
-0.2186
-0.1740
-0.1441
-0.1673
-0.3763
-0.5309
-0.5512
-0.6829
-0.8426
-0.7820
-0.5710
-0.7437
-0.3111
-0.6417
-0.1797
-0.4397
0.2547
0.2155
-0.3649
0.3803
0.4454
0.1398
0.1711
0.1317
-0.1808
0.2158
0.0017
0.3284
-0.2015
0.3341
0.5942
0.7502
0.7617
0.7076
0.2545
0.9339
0.4935
-0.1119
-0.1977
-0.1237
-0.6260
-0.2608
-0.1030
-0.4565
-0.2673
-0.0695
0.3402
-0.1460
-0.0468
-0.0098
-0.2716
-0.2827
-0.3050
-0.3131
-0.1889
-0.1118
-0.1833
-0.2516
-0.0096
-0.2585
-0.3248
0.2461
-0.2970
-0.1807
0.0411
0.5559
0.0396
0.6301
0.1573
0.1598
-0.1924
-0.1040
0.2894
0.0153
0.0663
-0.1430
-0.1857
-0.0170
0.1309
0.2469
-0.0953
-0.0707
-0.1185
-0.0671
0.2394
0.0135
0.2351
0.0735
-0.2074
-0.3276
-0.3484
-0.3850
-0.2291
-0.2639
-0.2188
-0.3362
-0.0315
-0.4674
-0.5370
-0.2546
-0.3201
-0.4820
-0.5753
-0.3394
-0.4843
-0.4114
-0.2696
-0.2229
0.1254
0.1605
0.2272
0.5644
0.6726
0.4996
0.6398
1.2613
1.6491
0.9191
1.7532
1.6020
1.7792
1.9024
2.4974
1.5974
2.0681
1.7697
1.3573
2.0225
2.0208
1.5628
1.3720
1.6066
1.4328
1.4591
1.2863
1.2230
1.2099
1.3053
1.2492
0.7663
0.8821
0.6099
0.9115
0.4702
0.2400
0.5144
0.5526
0.6904
0.7715
-0.0570
0.3338
-0.0159
-0.3592
-0.0806
-0.0325
-0.0554
-0.0397
-0.0275
-0.0561
0.0223
0.0852
-0.0698
0.2170
0.1937
0.2204
-0.0324
-0.2612
-0.3666
-0.4737
-0.4971
-0.4174
-0.4564
-0.4093
-0.3063
-0.3005
-0.1533
-0.3305
-0.0403
0.2707
-0.1213
0.0728
-0.3710
-0.2181
-0.3593
-0.5292
-0.2770
-0.3432
-0.0739
0.7372
0.8307
0.1169
0.2717
0.1865
0.1137
-0.1073
0.8024
0.4399
0.6362
0.7820
1.0565
0.9518
1.0692
0.5889
0.5487
0.4621
0.6975
0.5122
0.6108
0.3962
0.5923
1.0604
0.5137
0.7877
0.5203
0.5998
0.8494
0.9792
1.2372
1.4109
2.1717
1.6185
1.6558
1.9856
2.0345
1.8532
2.1138
1.8721
1.8977
2.1543
1.2205
1.0199
0.4908
0.6927
0.2519
0.2373
0.1439
-0.0198
0.1458
0.3659
-0.1128
0.1998
0.2256
-0.3902
-0.2474
-0.2610
0.1263
-0.0936
-0.3096
0.0499
-0.3035
-0.3267
-0.7655
-0.4004
-0.6408
-0.6435
-0.8485
-0.9838
-0.9937
-1.0893
-1.0916
-1.1509
-1.0951
-1.0201
-0.8355
-0.8535
-0.7363
-0.8819
-0.8058
-0.9224
-0.6300
-0.9264
-0.9877
-1.0763
-1.0934
-1.0693
-0.6946
-1.0096
-0.6906
-0.9524
-0.5993
-0.8418
-0.3860
-0.8568
-0.9311
-0.6976
-0.7788
-0.2847
0.0441
-0.1072
-0.0753
0.0058
-0.0426
0.1806
0.0662
0.1243
-0.0263
0.0944
0.0704
0.0426
0.0469
0.1387
-0.2371
0.2353
0.2725
0.5512
0.5182
0.5191
0.7975
0.5714
0.8863
0.1812
0.1698
0.1101
0.1471
0.6924
0.3622
0.3199
0.4514
0.5207
0.0166
0.1129
0.5223
0.3650
0.4776
0.3600
0.8265
1.4313
0.1175
0.2763
0.0347
1.0132
0.1322
0.2039
0.3164
0.4174
0.8847
0.7252
1.3112
0.6549
0.5391
0.8797
0.5919
0.3552
0.7671
0.7108
0.1251
0.0123
0.3029
0.4628
0.7334
0.3291
0.3628
0.2235
0.3297
0.5170
0.2529
0.2388
0.1856
0.3845
0.0350
0.0472
-0.2647
-0.4834
-0.4620
-0.5784
-0.1645
-0.5700
-0.5193
-0.4953
-0.4834
-0.5070
-0.3129
-0.1867
0.1721
0.2823
-0.1891
-0.0974
0.2014
-0.5257
0.1858
0.4693
-0.3174
-0.1240
0.3837
-0.3202
0.0055
0.2064
0.1014
0.3739
0.8079
0.0962
0.2647
1.0517
0.9721
0.7485
1.1132
0.3149
1.1574
0.7901
1.2171
0.8574
0.3128
0.2194
-0.1186
0.0737
0.2423
0.3556
0.6637
0.7691
0.7357
1.0594
0.6883
0.6457
0.4732
0.5735
0.0946
-0.1441
0.0930
0.0444
-0.0458
-0.0101
-0.2395
-0.1201
0.1374
0.3149
0.1294
0.3579
0.0203
0.2119
-0.3687
-0.1515
-0.3086
-0.4124
-0.2264
-0.2607
-0.1725
0.0139
-0.3317
-0.4199
-0.4836
-0.3132
-0.5379
-0.5997
-0.6529
-0.6764
-0.7041
-0.6818
-0.0806
-0.6634
-0.1718
-0.3523
-0.3050
-0.4765
-0.3075
0.3697
0.1624
0.0739
0.5431
1.0332
1.3823
0.6160
0.1687
0.1997
-0.0808
-0.2939
-0.5705
-0.6588
-0.7834
-0.9923
-1.0287
-1.0056
-0.9284
-0.9004
-0.6513
-0.8801
-0.9310
-0.9716
-0.7177
-0.9399
-0.8872
-0.9717
-0.9615
-0.9969
-0.9636
-0.9788
-0.8933
-0.7519
-0.7209
-0.4417
-0.7711
-0.7725
-0.8077
-0.5207
-0.6940
-0.6302
-0.6562
-0.2149
-0.5176
-0.2202
-0.3375
-0.1787
-0.4876
-0.5596
-0.6656
-0.6672
-0.7028
-0.6619
-0.5258
-0.1379
-0.1502
0.0181
-0.2015
-0.4281
-0.3446
-0.5155
-0.3968
-0.4315
-0.3569
-0.2992
-0.2594
-0.2223
-0.2502
0.1492
-0.0225
0.3102
0.4018
0.4198
0.4214
0.6672
0.0069
-0.0372
-0.0099
0.0204
0.2925
0.0032
0.0762
0.2059
0.0687
0.4863
0.3251
0.4320
0.1443
0.3100
0.3684
0.7908
0.6435
0.6499
1.2897
0.4104
0.4206
0.8545
1.2925
1.5278
1.6952
1.4394
1.4533
0.7056
1.1982
1.6102
1.2729
1.8163
1.1834
1.0537
0.7302
0.6193
0.2955
0.6102
1.1596
-0.0950
0.0645
-0.1488
0.0654
0.4233
0.7871
0.4789
0.3961
0.0476
0.8387
0.1425
0.3523
-0.0223
0.0961
0.0337
0.2712
0.0891
0.2133
0.2862
0.1589
0.5227
0.1018
0.5219
0.4114
0.9286
0.4252
0.6554
0.4864
0.4060
0.3495
-0.3833
0.0486
-0.0591
0.2314
1.0208
0.1668
0.5053
0.0870
0.3105
0.8621
0.4219
0.3206
0.5660
0.1101
0.7738
0.1157
0.7993
0.7244
0.5808
0.4444
0.4000
0.4644
0.7839
-0.0926
-0.3637
-0.0272
0.2989
-0.4981
-0.6062
-0.4271
-0.7809
-0.6723
-0.8821
-0.7767
-0.0868
-0.5406
-0.5650
-0.5343
-0.6373
-0.3581
-0.3129
-0.6281
-0.6399
-0.3895
-0.2399
