0.1603
0.2380
0.3502
0.0149
0.0199
-0.3835
-0.5271
-0.6747
-0.3709
-0.4861
-0.1058
-0.6125
-0.2140
0.9420
0.0881
-0.0220
0.5665
0.2398
0.8268
2.4810
1.2944
1.2929
1.4751
1.3367
1.5979
1.5387
2.1658
1.7919
2.6457
2.4285
2.0554
2.9375
2.3351
2.6529
2.8448
3.2736
2.7140
2.6183
2.3498
2.2058
2.1360
1.8530
1.5482
1.8002
1.4904
1.4432
2.1467
1.7042
1.8866
2.2265
1.9036
2.0571
1.9284
1.6708
1.6374
1.1924
1.2649
0.7643
1.1840
0.8512
1.1178
1.0882
1.5592
1.4226
1.6770
1.8294
1.4870
1.4860
1.0403
1.2386
0.9504
1.0718
1.3001
1.3797
1.0243
0.6698
0.4619
0.3901
0.2971
0.6620
0.6395
1.0781
1.0546
0.9840
0.9716
0.8978
0.7360
0.5546
0.2841
0.3041
-0.0497
-0.2513
-0.4411
-0.6425
-0.7709
-0.6623
-0.7681
-0.9324
-0.8331
-0.9800
-1.1005
-1.1105
-1.1927
-1.0987
-1.4206
-1.5435
-1.6251
-1.6056
-1.6712
-1.6957
-1.8337
-1.7664
-1.9876
-2.1073
-2.1489
-2.0545
-2.3505
-2.3846
-2.4264
-2.4493
-2.2622
-2.4414
-2.5092
-2.5087
-2.4910
-2.5093
-2.4223
-2.4658
-2.2378
-2.2970
-2.3063
-2.1423
-2.1720
-1.9399
-1.9418
-1.8244
-1.9393
-1.7352
-1.9788
-1.9419
-1.9736
-1.9091
-1.9213
-1.7270
-1.6879
-1.4769
-1.1992
-1.1622
-1.0253
-0.8443
-0.4843
0.1067
-0.0429
0.5140
0.4003
0.6698
0.9369
1.1930
0.9791
1.2201
1.7111
1.3635
1.8170
1.6990
2.4675
2.6378
2.6592
3.6193
3.8565
4.1552
4.2228
4.2121
3.6577
2.9965
3.7506
3.1900
2.9793
3.2298
2.4918
2.6965
2.6721
2.9474
2.3847
1.8714
2.3536
3.2236
3.3089
3.1974
3.1811
2.1619
2.0017
1.7160
2.2376
2.1602
1.4505
0.9183
0.5590
0.1511
0.2307
0.5962
0.3285
-0.0539
0.1311
0.1109
0.3839
-0.0987
0.6515
-0.0543
0.1481
0.3765
0.2888
0.3470
0.3131
0.0461
-0.0374
0.2409
0.0737
-0.0610
-0.1453
-0.1085
0.1234
-0.1064
-0.1303
0.8463
0.7917
1.2369
0.9512
1.1851
1.3328
1.1562
1.5104
1.8265
1.8189
2.4538
2.0470
2.3814
2.6951
2.7153
3.0264
3.0984
3.3395
3.1262
3.1475
3.3395
2.8902
2.6996
2.8300
2.9638
2.4120
2.3744
2.3813
2.4598
2.3390
2.0604
2.1470
1.7473
1.5592
1.3245
1.2600
1.1485
0.8778
0.7288
0.3947
0.4179
0.0695
-0.1141
-0.2434
-0.1495
-0.4723
-0.4006
-0.8387
-0.9811
-1.1245
-1.0830
-1.3418
-1.4565
-1.3065
-1.1528
-1.3808
-1.0551
-1.2131
-1.7038
-1.6128
-1.4336
-1.7292
-1.4203
-1.7759
-1.7737
-1.9206
-1.9317
-1.8356
-1.4847
-1.7414
-1.6924
-1.6937
-1.8426
-1.5595
-1.6498
-1.5613
-1.4923
-1.4140
-1.4582
-1.4806
-1.6482
-1.7041
-1.6488
-1.4335
-1.4970
-1.2622
-1.4284
-1.3608
-1.3650
-1.1504
-1.2613
-1.2733
-0.9661
-1.0064
-1.0101
-1.1169
-1.3587
-1.2827
-1.1998
-1.1620
-1.0650
-0.9806
-1.1463
-1.0704
-0.8833
-1.1218
-0.7331
-0.8361
-0.8628
-1.0815
-0.6401
-1.0349
-0.9494
-0.9664
-0.8655
-1.0504
-1.0131
-1.1373
-0.9646
-1.1806
-1.2270
-1.2802
-1.3158
-1.2860
-1.1235
-1.0451
-0.8363
-0.5563
-0.5803
-0.4295
-0.3169
-0.2731
0.0078
-0.1662
-0.8222
-0.9033
-0.9676
-1.0890
-0.9076
-1.0673
-1.1612
-1.3159
-1.2959
-1.0866
-0.9498
-1.2534
-1.0149
-0.8983
-0.5122
-0.2787
-0.4587
-0.2877
-0.1786
-0.0929
0.4140
-0.1896
0.0307
-0.4773
-0.4922
-0.3646
-0.4952
-0.3746
-0.9122
-0.9327
-1.1962
-1.0658
-1.3780
-1.3660
-1.5242
-1.3809
-1.3027
-1.0623
-0.7596
-0.7055
-0.9034
-0.8184
-0.7705
-1.2873
-0.8628
-0.2910
0.5584
0.1537
0.5870
0.6873
1.3212
0.5511
1.4241
0.4848
0.7393
0.5575
0.9186
0.7111
0.5595
0.9590
1.5147
0.5366
1.5493
0.8675
1.1385
0.1115
0.5348
-0.2428
0.0983
0.3114
0.4274
0.8976
0.7037
0.9235
0.7706
0.7082
0.9057
1.1879
2.0082
1.0716
1.4735
1.0857
0.8483
0.3672
-0.1148
-0.4543
-0.5149
-1.0803
-1.1427
-1.5027
-1.8105
-1.9515
-2.0509
-2.0983
-1.9864
-1.7819
-1.9526
-2.1176
-2.2335
-2.3958
-2.2181
-2.5305
-2.3171
-2.2788
-2.3831
-2.3081
-1.9683
-1.7819
-1.9903
-1.8738
-1.6911
-1.4569
-1.6696
-1.5497
-1.7928
-1.7499
-2.1055
-1.8472
-2.2758
-2.1642
-2.1967
-2.0577
-1.9848
-1.9904
-2.3441
-1.9790
-2.3409
-2.0869
-1.8597
-1.8776
-1.9291
-2.0623
-2.0102
-2.0796
-2.0304
-2.0811
-2.0358
-1.8902
-2.0226
-1.9484
-1.5230
-1.6427
-1.4465
-1.3972
-1.3780
-1.3704
-1.2812
-1.5045
-1.4645
-1.1389
-1.2520
-1.1271
-1.0498
-0.9013
-0.6531
-0.3899
-0.4639
-0.5662
-0.5353
-0.5759
-0.5549
-0.5036
-0.5526
-0.3438
-0.6416
-0.6748
-0.3800
0.6936
0.3860
0.7256
0.7855
1.4935
2.2648
2.4689
2.8611
2.7694
2.8212
2.9035
3.1320
2.4483
2.6407
1.7572
2.1075
0.9716
0.8269
0.8767
0.9761
1.1837
1.1760
1.5344
1.7705
2.0413
1.9969
2.0514
1.9186
1.6859
1.7870
1.3733
1.7205
1.3502
0.7314
1.0128
0.6449
0.9734
1.1103
0.9886
1.9194
1.8930
2.7262
2.9307
2.8005
3.0037
3.4718
1.9311
1.6399
1.5689
1.2637
1.1294
0.4191
0.4589
-0.3787
0.1620
-0.5970
-0.8027
-1.0866
-1.2221
-1.0850
-1.0856
-1.3560
-1.1200
-0.6518
-0.9618
-0.6064
-0.6186
-0.7226
-0.9299
-0.7058
-0.8414
-0.2639
-0.3359
0.1318
0.0001
0.3216
1.2725
0.9267
1.3488
1.8459
1.7344
1.9683
1.3018
1.3138
1.4743
1.4784
2.1485
1.7620
2.0393
2.1438
2.2210
2.2929
2.4207
2.4370
2.4357
2.4593
2.8508
2.4981
2.4320
2.4112
2.3351
2.3761
2.0701
1.8282
1.8175
1.6459
1.2072
1.0028
1.1271
0.6550
0.5188
0.3421
-0.0574
-0.0102
-0.2095
0.0415
-0.1583
-0.1475
-0.2632
-0.1101
-0.4143
-0.2740
-0.5202
-0.4664
-0.5617
-0.6122
-0.4313
-0.7548
-0.4677
-0.7684
-1.0357
-1.0715
-1.2938
-0.9691
-1.2347
-0.7396
-1.1114
-1.3284
-1.1694
-0.7465
-0.5529
-0.8141
-0.5106
-0.5299
0.0023
-0.0427
0.5387
0.7028
0.5790
0.5029
0.5023
0.7985
0.6141
0.8192
1.0793
0.9195
0.8290
1.0907
0.4100
0.6562
0.4346
0.4152
0.2324
-0.0280
-0.3007
-0.5381
-0.3624
-0.9748
-1.1400
-0.8716
-1.5856
-1.6153
-1.5375
-1.0276
-1.1029
-1.2404
-1.1269
-1.0288
-0.9408
-0.8738
-0.9076
-0.5770
-0.8502
-0.7424
-0.8813
-0.8956
-0.9761
-0.8015
-1.0695
-1.0925
-1.0851
-1.1459
-1.0837
-1.1149
-0.9823
-0.7098
-0.6003
-0.0773
-0.1887
0.0828
-0.0020
0.1406
0.3411
0.6804
0.2717
0.5742
0.6952
0.9108
0.7867
0.6812
1.0126
0.9363
1.8264
1.9346
2.2722
2.7000
2.5565
2.7518
3.0024
2.8590
2.7202
3.2449
2.2888
2.4029
1.6728
1.7862
1.9462
1.8694
1.3564
1.0863
0.6968
0.5577
0.6533
1.2684
1.9046
0.9382
0.0352
0.2923
0.2053
1.1481
1.6856
0.5919
0.5347
0.2816
0.1554
0.9620
0.2769
0.6249
0.5097
0.3749
0.5803
1.0419
0.7768
0.2896
0.5591
0.9518
1.5222
1.5060
1.6951
2.6490
2.7855
2.4379
2.8252
2.1308
3.2214
3.5933
3.3829
4.3103
4.1174
3.8847
4.0339
3.9851
4.4324
4.2250
4.3114
4.8734
4.5329
4.6051
4.7323
4.2395
4.5750
3.9091
4.3979
3.4253
3.2512
3.0314
3.0792
3.0248
3.3710
3.1251
3.1757
3.1026
2.9130
2.5014
2.4653
2.0824
1.7994
2.5447
2.0881
3.2179
1.7493
2.0595
2.3490
2.2263
2.3729
2.0542
2.6189
1.8558
2.2064
2.2409
1.8472
1.1036
1.4943
0.7842
0.8934
0.9246
0.8435
1.1947
0.5647
0.3275
0.0904
0.5272
0.4718
0.4124
0.6858
0.4844
0.4697
0.4304
0.2439
0.4357
0.0548
0.3849
0.0506
0.1512
0.1903
0.1693
0.2748
0.4131
0.0883
-0.1930
-0.3739
-0.4691
-0.4811
-0.3374
-0.4653
-0.4105
-0.3874
-0.3765
-0.4464
-0.2704
-0.5584
-0.5930
-0.7424
-0.5505
-0.8258
-0.5305
-0.8458
-0.3699
-0.7051
-0.8079
-0.9519
-0.6758
-0.8254
-0.9718
-0.7361
-1.0999
-1.0161
-1.2833
-0.6744
-0.5918
-0.5646
-0.7225
-0.7273
-0.7190
-0.4429
-0.5568
-0.2717
-0.4925
-0.3262
-0.4117
-0.2044
-0.5740
-0.3539
-0.5455
-0.6562
-0.7702
-0.7591
-0.7308
-0.7403
-0.5735
-0.7457
-0.6637
-0.9181
-1.0086
-1.0758
-1.1401
-1.1304
-0.8683
-1.3778
-1.5966
-1.6998
-1.7677
-1.4160
-1.4552
-1.5707
-1.8101
-1.9120
-1.8459
-2.1202
-2.1988
-2.3062
-2.4366
-2.4753
-2.6407
-2.6395
-2.3378
-2.6980
-2.6249
-2.6813
-2.6678
-2.8086
-2.7781
-2.6445
-2.8401
-2.7049
-2.8963
-2.8726
-2.7477
-2.7740
-2.7092
-2.7200
-2.6711
-2.5298
-2.2575
-2.2317
-2.1495
-1.9489
-1.8627
-1.4975
-1.5361
-1.4122
-1.2877
-1.2500
-1.1989
-1.2389
-1.1777
-1.2332
-1.2090
-1.0108
-1.1800
-0.7753
-0.7685
-0.0997
-0.3484
-0.2643
-0.5596
-0.3379
0.1128
0.1399
0.3097
0.0864
0.2319
0.8659
0.8254
0.7523
0.9579
0.9673
1.0557
1.9226
1.6865
2.3010
2.8431
3.3102
3.8627
4.1853
4.1221
3.7824
4.1890
3.7565
3.8904
4.2487
3.8395
3.8620
3.3684
2.7005
2.3970
2.6888
2.0078
1.7462
1.5374
1.2535
1.1476
0.8132
1.1512
0.9182
0.7184
0.3580
0.5179
0.6541
0.1662
0.0893
0.1699
0.4825
0.7007
0.7396
0.4106
0.6729
0.8830
0.5633
0.2473
0.5718
0.5080
0.2199
0.6012
0.3936
0.1888
0.0158
-0.1199
-0.4330
-0.7850
-0.9096
-0.9712
-1.3225
-1.1345
-0.8109
-1.2508
-1.2641
-1.1314
-1.1726
-1.3988
-0.9811
-1.1781
-1.1888
-1.0612
-1.2075
-1.0127
-1.1058
-1.4008
-1.5102
-1.2189
-1.6783
-1.7799
-1.8351
-1.9271
-1.9302
-2.0614
-2.1445
-1.9279
-1.5566
-2.3010
-1.9029
-2.5017
-1.9633
-2.0166
-2.2393
-1.6541
-2.0468
-2.0619
-1.9515
-1.6783
-1.7695
-1.6365
-1.0380
-0.5984
-1.3271
-1.2524
-0.6548
-1.0257
-0.9967
-0.4664
-0.5541
-0.6117
-0.7569
0.1131
-0.6846
-0.5096
-0.2730
-0.3848
0.2348
0.4746
0.5380
0.9391
1.2656
0.5266
1.4262
0.9251
1.1826
1.4931
1.5836
1.3807
1.1620
1.2748
1.7115
1.6359
1.5868
2.1383
1.4670
2.2704
2.2084
2.6222
2.9859
3.0233
2.5835
3.1205
3.1802
3.4471
3.9401
3.2830
3.3239
3.5895
4.3223
4.2484
4.0824
3.3895
3.4970
3.1919
2.7389
2.7455
2.6310
2.9871
1.6708
2.1522
1.2640
1.4544
1.3851
0.4144
0.0613
-0.3802
-0.4223
-0.3456
-0.3588
-0.6233
-0.7325
-0.8353
-0.7488
-0.7694
-0.9185
-0.6861
-0.8072
-1.0962
-1.1707
-1.3713
-1.3471
-1.4582
-1.0951
-1.2815
-1.1704
-1.2643
-1.3076
-1.4242
-1.4639
-1.3784
-1.3760
-1.0011
-1.1912
-1.0095
-0.9151
-0.7616
-0.5853
-0.5235
-0.4023
-0.4441
-0.3856
-0.3754
-0.2931
-0.2204
0.2115
0.1155
0.3370
0.3900
0.5187
0.5545
0.5814
0.5810
0.6445
0.6007
0.7702
0.4042
0.3248
0.2226
0.2210
0.2813
0.2968
0.3763
0.3605
0.4213
0.6631
0.4432
0.4999
0.5416
0.4197
0.3108
0.6730
0.5581
0.6195
0.8852
0.6514
0.7807
0.4740
0.8422
0.7422
1.1664
1.1778
1.3093
1.2207
1.1100
0.6945
0.8678
1.1363
0.8687
1.1763
0.8458
1.0423
0.3005
0.6184
0.8827
0.1157
0.1166
-0.0455
-0.2717
-0.6746
-0.0906
-0.1731
0.2254
-0.2933
-0.2965
-0.4594
-0.1677
-0.6703
-0.9421
-0.6052
-0.5823
-0.8258
-1.0315
0.0391
-0.2478
0.2761
-0.0963
0.0822
0.5262
-0.1800
0.4536
0.1071
0.1406
0.1660
0.3633
0.0881
0.2171
0.3443
0.3808
0.2581
0.4438
0.7822
0.8455
0.9877
1.1094
1.3252
1.8691
1.7707
1.8624
1.8153
2.4766
2.3600
2.1687
1.7033
2.1457
1.9985
2.9966
2.1258
2.6746
2.3874
2.1886
2.0727
1.7348
2.2441
2.2909
1.6539
1.4050
1.1241
1.0949
1.3475
1.3312
1.1819
1.1000
1.4364
1.1012
1.1117
1.0758
0.6312
0.6176
0.6562
1.0050
0.8683
0.8558
1.1713
0.9511
0.7590
0.7365
0.7374
0.9115
1.0410
1.2072
0.7388
0.5035
0.2920
0.5707
0.2345
0.2492
0.8005
0.5862
0.2843
0.2435
0.3630
0.5277
-0.4850
-0.1476
-0.0020
-0.0881
0.1434
0.1845
-0.3623
-0.3433
-0.5744
-0.2819
-0.2338
-0.2206
0.2252
0.4889
-0.1492
0.0711
-0.2644
0.2317
0.0657
0.5659
0.8773
0.0441
0.8995
0.3307
0.3243
0.1563
0.3169
0.4835
-0.0878
0.6441
0.1263
0.5357
0.8351
0.6060
0.8307
0.8668
1.0614
1.3101
1.4148
1.2301
1.5092
1.2305
1.2518
1.5653
1.0360
1.7979
1.4199
1.7458
2.0738
2.0847
2.5147
2.0891
2.3822
2.6901
2.1091
2.5001
2.4717
2.3127
2.0024
2.4028
2.8201
2.5502
2.6862
2.6972
3.1662
3.2299
3.2951
3.1468
3.6359
2.4326
2.2669
1.9624
1.8492
1.3984
1.1399
0.8360
0.7753
1.0627
0.7242
1.0112
0.6696
1.0378
1.1628
1.1329
1.5356
1.3428
1.7413
2.2564
2.5192
3.1141
3.4870
3.9360
4.3790
4.8255
4.3350
4.9613
4.4037
4.4211
4.0921
4.3858
3.8190
3.6701
2.6478
2.7276
2.0954
1.9381
1.4612
1.2063
1.6030
0.6655
0.7621
0.4918
0.7218
0.8682
0.3273
0.6344
0.6145
0.5867
0.7297
0.7040
0.0306
0.3600
0.3665
0.6295
0.7827
0.0181
0.3015
0.1695
-0.1918
0.0623
-0.4606
-0.0582
-0.7192
-0.6401
-0.6039
-0.6792
-1.1670
-1.2397
-1.2900
-0.6312
-1.3475
-1.1374
-1.3632
-1.5287
-1.5828
-1.5436
-1.4746
-1.8129
-1.9556
-1.1648
-1.6028
-1.3240
-1.6045
-1.9028
-1.9938
-1.8252
-1.8327
-1.5932
-1.9195
-1.8665
-1.9756
-1.3524
-2.0061
-1.8163
-1.8557
-1.7679
-1.3709
-1.6201
-1.8573
-1.8807
-1.4808
-1.9792
-1.9344
-2.0190
-1.8664
-1.7571
-1.9288
-2.0799
-2.1345
-2.1303
-2.2058
-2.1140
-2.2722
-2.2503
-2.4016
-2.2055
-2.4532
-2.5111
-2.2837
-2.5994
-2.3683
-2.7186
-2.3214
-2.5552
-2.4265
-2.1822
-2.0363
-2.3376
-2.4499
-2.0728
-1.8543
-1.6563
-1.6007
-1.9712
-2.0762
-1.8731
-1.3689
-1.5313
-1.4152
-1.6716
-1.7420
-1.9006
-1.8250
-1.5770
-1.5632
-1.3961
-1.5738
-1.5082
-1.5627
-1.2880
-1.5090
-1.5111
-1.5102
-1.5957
-1.5794
-1.6258
-1.5461
-1.5024
-1.3775
-1.3092
-1.1634
-1.0386
-0.8396
-0.6430
-0.4456
0.2023
0.0898
0.4408
0.2523
0.2544
0.7224
1.1262
1.0806
1.1974
1.3576
1.6934
1.8970
1.9925
2.2900
2.5042
2.5859
3.0363
3.3794
3.1338
3.2480
2.6936
2.9166
2.0856
2.2198
2.3468
2.0145
2.0062
1.6878
1.8238
1.6560
1.1033
1.0087
0.8530
0.7666
0.4047
0.0886
-0.0227
-0.4046
-0.2175
-0.2452
-0.3555
0.0580
-0.0709
-0.3609
0.2594
-0.2350
-0.3114
-0.7679
-0.6617
-0.8393
-0.7553
-0.6946
-0.9052
-1.4058
-0.8781
-1.5900
-1.1957
-1.3653
-0.5662
-0.7687
-1.1464
-1.4361
-1.4135
-1.8798
-1.6656
-1.7802
-1.3586
-1.8953
-1.6695
-1.8674
-2.0157
-1.6370
-1.6263
-1.4907
-1.7275
-1.9213
-1.5842
-0.8294
-1.6232
-1.0938
-0.8111
-0.8249
-0.8335
-0.5603
-0.5402
0.4380
-0.0866
-0.1262
-0.3225
0.6551
0.2905
0.0767
0.0247
0.4583
0.6844
0.4612
0.7453
0.7403
0.5211
0.4631
0.5100
0.6144
0.8350
0.5705
0.6288
0.7681
1.2123
0.7391
0.8567
1.1175
1.6662
1.4904
1.4502
1.5688
1.4897
2.0621
1.7796
1.5563
1.8348
1.5332
1.4032
1.3318
1.6977
1.1877
1.0503
0.9958
0.4750
0.4425
0.4192
0.3739
0.3867
0.3031
0.1889
-0.0428
0.5738
0.5292
0.1778
1.1331
0.6498
0.6359
0.9225
0.7448
0.1612
0.3320
0.3670
0.0816
0.2003
0.7365
0.3854
0.3993
1.0098
0.4284
0.7188
0.1080
0.3530
0.3852
1.0004
1.2440
1.2393
1.0615
1.3581
1.5717
1.1952
1.1387
1.0975
1.0926
1.2101
1.2962
1.2300
1.4910
1.2954
1.5515
1.5352
1.7500
1.6052
1.6844
1.5801
1.3066
1.0807
0.7139
0.3847
0.1870
-0.0317
-0.1106
-0.0807
-0.3230
-0.3668
-0.5608
-0.6948
-0.6634
-0.5067
-0.4741
-0.6191
-0.7737
-0.9047
-1.1443
-1.1874
-1.1672
-1.4781
-1.6457
-1.5608
-1.7004
-1.8040
-1.3493
-1.7397
-1.6828
-1.7800
-1.8744
-1.2983
-1.7307
-1.5653
-1.1023
-1.3267
-1.3734
-1.4146
-0.9392
-1.4305
-1.3504
-1.3400
-1.4124
-1.3700
-1.2450
-1.3293
-1.5075
-1.2234
-1.3709
-1.0111
-1.1754
-0.9029
-1.0116
-0.9125
-0.6988
-0.6819
-0.2181
-0.7322
-0.8013
-0.4355
-0.7078
-0.6931
-0.4789
0.0142
-0.2204
0.2595
0.1393
-0.0435
-0.5636
-0.8410
-0.7408
-1.0799
-1.3107
-1.5263
-1.4402
-1.7313
-1.8352
-1.7801
-2.1436
-2.2710
-2.2014
-2.3982
-2.3033
-2.3475
-2.4432
-2.5410
-2.5050
-2.4039
-2.5847
-2.7851
-2.6822
-2.9592
-3.1084
-2.9502
-2.5739
-2.6329
-2.4163
-2.5156
-2.1161
-2.4139
-2.3993
-2.6760
-2.7346
-2.8183
-2.8705
-3.0071
-3.0541
-3.0445
-2.9573
-2.9716
-3.4552
-3.4428
-3.5977
-3.5088
-3.7203
-3.5528
-3.6782
-3.5877
-3.7769
-3.7608
-3.5164
-3.7602
-3.5855
-3.4087
-3.1517
-2.7315
-2.4035
-2.0069
-1.6841
-1.0797
-0.8042
-0.6264
0.4261
0.8778
0.8398
2.1999
1.9898
2.6538
3.2652
3.7275
3.3545
3.7183
3.5003
3.6505
4.8284
4.2516
4.2400
5.4024
5.0904
4.9331
5.1210
5.2609
4.4118
4.3419
4.3730
3.8773
4.6323
3.9306
3.7779
3.3093
3.6202
2.7209
3.0035
2.6386
2.7248
2.7850
3.5690
3.1956
3.7816
3.4712
3.8542
4.4486
3.3306
3.4199
3.1647
2.8981
3.0977
2.9714
3.1071
3.2928
2.9520
2.8457
2.9515
2.9462
3.1166
3.1711
3.0387
3.1551
3.5171
3.1898
3.1384
2.9097
2.8430
2.6842
2.2125
1.9034
2.0718
1.5357
1.1705
0.9134
0.3811
0.5394
0.1312
0.0965
-0.3534
-0.5646
-0.7974
-1.1546
-1.2985
-1.5774
-1.7666
-1.7283
-1.9234
-1.5016
-1.8406
-1.5420
-1.4206
-1.2480
-1.2105
-1.2807
-0.8737
-1.1845
-0.9821
-0.9785
-1.0579
-0.6272
-0.6348
-0.6908
-0.5558
-0.2109
-0.4477
-0.1968
-0.0886
-0.2441
-0.1688
-0.2441
-0.5670
-0.9781
-1.2126
-1.4868
-1.5920
-1.8592
-1.9117
-1.8984
-1.5426
-1.6581
-1.3840
-1.6533
-1.7361
-1.8205
-1.9171
-2.0582
-1.9857
-2.3074
-2.4065
-2.3443
-2.3952
-2.2796
-2.2632
-2.0867
-1.8437
-1.6027
-1.7564
-1.7159
-1.9169
-1.8733
-1.7919
-1.7533
-1.6448
-1.4717
-1.1531
-1.5719
-1.3927
-1.1925
-0.7695
-0.6480
-0.6951
-1.2634
-0.6169
-1.2852
-1.1072
-1.1318
-1.2440
-0.9728
-0.8718
-1.1623
-0.7570
-0.8107
-0.7412
-0.4856
0.5833
1.0699
0.7574
0.7567
0.9680
1.1904
1.7623
1.5156
2.2454
1.7264
2.4937
2.2095
2.3004
2.1602
2.2711
2.8569
2.3162
2.6581
2.4810
2.9519
3.3207
3.6212
3.6259
3.5161
3.8239
3.3050
2.7325
2.8878
2.9483
2.7960
2.8863
2.6301
2.6852
2.4383
2.2787
1.8572
1.6895
1.9004
1.0115
1.6423
0.6324
0.8912
0.2316
-0.2205
-0.3938
-0.5999
-0.6376
-0.7944
-0.6710
-0.9087
-0.7495
-1.2002
-1.3626
-1.6949
-1.8235
-1.7626
-1.4693
-1.8394
-1.6527
-2.3066
-2.4382
-2.5144
-2.9571
-2.9944
-3.6678
-3.6734
-3.8288
-3.8201
-3.8763
-3.6335
-3.9082
-3.6855
-3.7242
-4.0104
-4.0333
-3.8602
-3.9529
-3.6676
-3.8880
-3.7182
-3.9274
-3.3958
-4.1891
-4.3018
-4.3455
-4.3604
-4.3391
-4.2626
-4.1906
-3.9984
-3.5347
-3.5321
-3.6796
-3.4874
-3.4045
-3.1465
-3.2036
-3.0651
-2.8714
-2.9532
-2.7557
-2.7773
-2.6185
-2.6230
-2.2046
-2.2255
-2.3376
-2.1645
-2.1539
-1.7451
-1.8537
-1.7212
-1.6545
-1.8318
-1.7605
-1.6638
-1.7451
-1.2530
-1.0082
-1.2613
-1.1169
-1.6438
-0.8406
-0.8735
-1.1928
-0.8151
-0.8758
-0.7229
-0.3357
-0.7940
-0.6434
-0.1324
0.2871
-0.0447
0.1732
0.4545
0.4456
0.4808
0.5631
0.6165
0.7681
0.8906
1.3021
1.8470
1.2507
1.7905
1.1048
1.2002
1.1428
1.6380
1.4801
1.2653
1.5091
1.2513
1.4537
1.3517
1.5751
1.3333
1.2296
1.5141
1.4845
1.4080
0.8673
1.5289
0.8534
0.6985
0.7173
0.5850
0.9744
0.8637
0.7139
0.9840
0.8701
0.7469
1.3457
0.9922
0.8929
0.6639
0.4662
0.3364
0.1642
0.2224
0.2434
0.4060
0.1181
-0.0356
-0.1380
-0.2680
-0.2283
-0.2368
-0.6382
-0.8396
-0.4956
-0.7617
-0.7253
-0.4977
-0.6972
-0.8925
-0.9464
-0.8544
-1.0788
-1.2213
-1.1092
-1.0069
-0.3045
-0.7123
0.1172
0.4484
0.7843
0.8667
0.7613
1.0545
1.8852
1.5025
1.4279
2.1312
3.1178
2.0710
2.7673
2.9363
3.1151
3.6765
3.1682
3.1302
3.7427
4.6255
4.3708
4.2088
4.0699
3.7810
3.2739
3.4148
3.2609
2.8500
2.9844
2.5863
2.3763
3.0997
2.7414
2.4225
2.4073
2.3667
1.4559
1.8286
1.8457
1.9640
1.9057
1.0785
0.9469
0.8193
0.0329
-0.2412
-0.5217
-0.4988
-0.4173
-0.8793
-1.2164
-1.1745
-1.0879
-1.1281
-1.5263
-1.6416
-1.8030
-1.4968
-1.9080
-1.6475
-2.0179
-2.0837
-2.0602
-2.0574
-2.0892
-2.0210
-2.0358
-1.9365
-1.7769
-1.5575
-1.5407
-1.7306
-1.7700
-1.6921
-1.7053
-1.7113
-1.6704
-1.7407
-1.7401
-1.6987
-1.7356
-1.6779
-1.5910
-1.7962
-1.8764
-1.6983
-1.9071
-1.8955
-1.8678
-1.8563
-1.9412
-2.0395
-2.1751
-2.2796
-2.2252
-2.2755
-2.0144
-1.9482
-2.1011
-1.8069
-1.6806
-1.4013
-1.1744
-0.8474
-0.5799
-0.6944
-0.2726
0.0467
0.3938
1.2385
1.0420
1.5422
1.4525
1.7811
2.4082
2.8025
2.2387
3.0354
3.3246
4.3696
4.6501
4.5940
4.7192
5.2354
5.1735
5.7876
5.1552
4.9734
3.8199
4.3071
3.4984
3.7088
3.0695
2.4462
1.7478
1.7282
1.0494
0.7665
0.4355
0.8000
0.2841
0.4233
-0.5732
-0.4014
-0.7570
-0.6797
-0.4459
-0.9181
-1.0854
-1.5195
-1.6957
-2.4283
-2.8001
-2.7072
-2.8501
-2.4457
-2.5908
-2.5398
-2.7321
-2.4369
-2.6772
-2.6408
-2.4720
-2.6349
-2.6801
-2.4654
-2.5093
-2.1737
-2.3910
-2.4451
-2.3259
-2.0501
-2.4116
-2.3229
-2.5890
-2.5962
-2.5940
-2.5767
-2.5515
-2.5041
-2.4142
-2.2899
-2.0782
-2.0275
-2.1970
-2.0551
-1.9369
-1.7655
-1.6999
-1.6175
-1.6435
-1.7294
-1.8203
-1.8939
-1.9219
-1.9109
-1.6261
-1.8412
-1.2929
-1.8191
-1.6067
-1.7419
-1.8186
-1.8960
-2.1286
-2.2192
-1.8828
-2.1917
-2.0403
-1.4691
-1.8861
-1.5198
-1.1803
-1.2501
-0.9320
-1.3434
-0.2101
-0.7638
-0.2288
-0.0612
1.2315
1.3995
1.0989
1.2947
1.6955
1.3203
1.3138
2.5339
2.7184
2.4786
3.1945
3.3095
3.5803
4.0266
3.4754
3.2449
3.2391
3.8198
3.8757
4.8240
3.6987
3.9680
3.3782
3.7563
3.5651
3.7630
3.4833
4.1771
4.2024
4.1326
3.0249
2.9023
2.5274
2.7084
3.0644
3.1497
3.7778
2.9099
3.1844
2.5389
2.3935
2.4700
2.3056
2.4153
2.3391
2.0394
2.1544
2.0492
2.5312
2.1560
2.1435
2.0959
2.4944
2.5926
2.5818
2.3418
2.4243
3.1289
2.9569
3.3937
2.5104
2.4957
2.3789
2.2166
2.0260
1.9111
2.3685
1.9588
1.4563
1.5901
1.0523
1.1120
1.1800
0.6936
0.9136
0.9659
1.0914
1.0152
0.2837
0.3780
0.4193
-0.0672
-0.0379
0.0769
-0.1692
-0.7032
-0.7205
-0.8047
-0.8957
-1.2440
-1.5073
-1.3202
-1.5720
-1.4416
-1.5170
-1.6142
-1.8183
-1.7803
-1.9385
-2.1546
-2.1408
-2.1690
-1.9865
-1.8181
-2.2458
-2.1779
-2.4342
-2.2263
-2.4198
-2.2526
-2.3801
-2.5072
-2.5648
-2.5931
-2.5827
-2.5702
-2.5375
-2.1218
-2.4514
-2.0973
-2.2349
-2.1002
-2.1530
-2.0951
-2.0068
-2.2146
-2.3243
-2.3535
-2.4664
-2.4580
-2.5724
-2.3634
-2.4624
-2.3547
-1.8873
-2.2028
-2.2733
-1.7954
-2.2973
-1.6703
-2.2419
-1.4949
-2.0917
-1.3308
-1.3434
-1.0911
-1.0118
-0.2066
-0.4935
-0.3360
-0.3654
0.0174
0.6824
0.1656
0.7170
0.9500
0.7375
0.7779
0.8983
1.0884
1.3255
1.4728
1.9204
1.6179
1.5368
1.3882
1.4843
1.3455
1.8381
1.8658
1.6800
2.0113
1.4639
2.0163
1.6649
1.3008
1.7386
1.0559
0.7979
0.5027
0.1459
0.2942
-0.0922
-0.0317
-0.1852
-0.3298
-0.3456
0.0099
-0.3425
-0.4100
-0.4763
-0.5111
-0.3512
-0.5722
-0.5396
-0.8026
-0.7217
-0.7290
-0.6284
-0.3654
-0.3161
-0.1576
-0.2243
-0.0578
-0.1109
-0.2422
-0.3006
-0.6705
-0.7616
-0.6562
-0.4296
-0.2878
-0.6944
-0.3192
-1.1026
-1.0931
-1.4424
-0.8733
-1.1677
-1.4326
-1.0950
-1.5762
-1.4015
-1.5589
-1.4899
-0.8812
-0.9023
-0.7672
-0.2046
-0.3509
-0.3420
-0.3478
-0.5146
-0.5594
-0.5328
-0.3313
-0.3580
-0.0423
-0.2094
-0.0975
0.0910
-0.1372
-0.3157
-0.2946
0.0186
-0.4034
-0.5560
-0.2992
-0.1660
-0.0531
-0.3933
-0.4182
-0.4251
-0.3229
-0.3043
0.3153
-0.0045
-0.0757
0.3036
0.5530
0.5844
0.9443
0.9541
0.7080
0.6452
0.3257
0.2583
0.3603
0.5695
0.6419
0.7917
0.9734
1.6611
2.0039
2.1367
2.3399
2.6226
1.8503
2.2141
1.4879
1.6556
1.0682
1.3565
0.4533
0.1261
0.4347
-0.0428
0.1996
0.0943
-0.2481
-0.3216
-0.5271
0.6100
-0.2452
-0.5478
-0.2681
-0.6462
-0.0523
-0.5688
-0.1865
-0.3339
-0.4903
-0.0419
0.4404
-0.0149
1.3602
0.8038
0.9576
1.4478
0.7980
0.1927
0.5256
0.8280
0.9196
1.6691
1.2674
0.2720
0.6693
0.5885
1.2987
1.1449
2.3630
1.8577
2.5422
2.2088
3.0555
3.4375
3.8709
4.4477
4.1528
5.1024
4.9369
6.0929
6.1572
5.6477
5.1679
4.9466
5.2048
4.7911
4.9156
5.2059
5.1906
5.0247
4.8291
4.1783
3.8121
4.2583
4.0034
3.6746
3.4470
2.8029
2.0712
1.6190
1.1874
0.6221
0.6853
0.6323
0.6445
0.3356
-0.0080
0.2923
0.0796
0.0850
-0.5206
-0.6102
-0.9835
-1.0452
-0.6415
-1.2784
-1.0747
-0.9933
-1.3387
-1.4535
-1.6945
-1.4619
-1.7578
-1.8349
-1.7495
-2.0392
-2.3278
-2.4750
-2.6373
-2.9219
-3.1090
-3.2036
-3.3073
-3.4232
-3.5647
-3.6452
-3.6423
-3.3810
-3.5482
-3.4686
-3.4824
-3.4424
-3.4396
-3.3153
-3.3305
-3.2331
-3.2990
-3.2343
-3.2216
-3.1781
-3.1321
-2.9188
-3.0773
-3.0849
-2.9631
-2.9642
-2.8383
-2.8423
-2.6907
-2.6067
-2.4321
-2.1791
-2.2484
-2.1901
-2.0966
-1.9539
-1.9337
-1.8457
-1.8446
-1.8084
-1.7318
-1.7421
-1.6976
-1.6831
-1.4233
-1.5911
-1.5647
-1.5218
-1.5910
-1.6437
-1.7786
-1.8649
-1.8973
-1.9300
-1.7171
-1.9279
-1.8927
-1.9642
-1.9849
-2.1336
-2.1137
-2.2473
-2.2328
-2.3481
-2.3701
-2.3536
-2.3592
-2.2912
-2.3352
-2.3081
-2.1818
-2.3964
-2.3886
-2.4713
-2.4823
-2.5364
-2.1033
-2.3573
-2.2915
-1.8685
-1.9323
-1.7316
-1.6226
-1.9102
-1.7986
-1.5604
-1.6428
-1.6309
-1.3894
-1.6070
-1.4630
-1.4581
-1.3684
-1.3117
-1.4599
-1.1154
-1.1152
-0.7195
-0.6387
-0.6407
-0.6009
-0.7290
-0.7889
-0.3121
-0.9951
-1.0764
-1.1389
-1.1164
-1.5219
-1.5525
-1.8978
-1.2228
-1.4733
-1.5064
-1.0666
-1.1768
-0.8758
-1.0715
-0.9276
-0.9284
-0.9647
-0.7017
-0.7805
-0.5874
-0.1749
-0.0298
-0.5151
0.2428
-0.0666
-0.3866
-0.4030
-0.8054
-0.4020
-0.1878
0.0847
0.1034
0.1296
0.1249
0.1500
0.1621
0.0601
0.3252
-0.1999
0.4702
-0.0003
0.3224
-0.1086
0.2496
0.5507
0.5690
0.9117
0.9819
1.4565
1.5352
1.4395
1.1854
1.6739
1.7851
1.9083
2.2429
2.3886
2.1110
1.9080
1.7967
1.6738
1.5123
1.3782
0.9283
0.8680
-0.2318
0.2818
0.7860
0.7924
0.6846
1.2894
1.5793
1.5856
1.2640
1.6752
1.2195
0.9813
2.4624
1.9377
1.1377
1.2940
1.3826
0.6466
0.6265
0.4811
1.1368
0.8039
1.0547
0.9884
0.9963
0.4815
0.4308
0.0444
0.2773
0.5306
0.5498
0.0643
0.6993
0.7897
0.5214
0.3107
0.5453
0.8928
1.0317
1.0925
1.5505
1.1712
0.8573
0.4942
0.7793
1.2531
1.0145
1.5390
1.0544
1.5661
1.3570
1.8442
2.4170
1.2093
1.0798
1.1593
1.2086
1.0633
1.1882
0.6529
0.4817
0.3348
0.0524
0.2197
0.2035
0.2660
-0.0972
0.2722
-0.2115
0.3047
-0.4719
-0.5249
-0.9233
-1.0449
-1.1642
-1.5444
-1.3114
-1.6666
-1.6514
-1.8396
-1.1648
-1.7086
-1.6981
-1.6737
-1.9101
-1.7969
-1.6173
-1.8515
-1.7062
-1.8770
-1.6932
-1.1322
-1.3556
-1.4390
-1.6479
-1.7086
-1.7831
-1.5748
-1.4782
-1.5060
-1.3128
-1.3787
-1.2855
-1.3511
-1.1482
-0.7787
-1.0256
-0.8348
-1.2641
-1.0033
-1.3393
-1.0410
-1.1764
-1.4146
-1.0873
-1.1985
-0.9733
-1.0590
-1.2637
-0.7073
-1.2979
-1.1526
-0.9714
-0.5616
-0.4262
-0.6482
-0.3714
-0.4533
-0.2645
-0.3976
0.1667
-0.0927
0.1732
0.0122
-0.2241
-0.3061
-0.6024
-0.7065
-1.0808
-1.2212
-0.9068
-0.7813
-0.9918
-0.8369
-0.7298
-1.0718
-0.5392
-0.9373
-0.9311
-0.9574
-1.0832
-0.6012
-1.0651
-1.4473
-1.3597
-1.0263
-1.4345
-1.4693
-1.5991
-1.3934
-1.7454
-1.7889
-1.5003
-1.7034
-1.0804
-1.4959
-0.9732
-0.9879
-1.3066
-1.2721
-1.5136
-1.4819
-1.9034
-1.8682
-2.0888
-2.1476
-2.1849
-2.3843
-2.4714
-2.6332
-2.6549
-2.7007
-2.2510
-2.4420
-2.4924
-2.7453
-2.8057
-2.7225
-2.9412
-3.1004
-3.1629
-2.9908
-3.2768
-3.2248
-3.1209
-3.0438
-3.0504
-3.2710
-3.0358
-3.2918
-3.2088
-3.1753
-3.1232
-3.0452
-3.0210
-2.6514
-2.6939
-2.6522
-2.3839
-2.7397
-2.9307
-2.9982
-3.0438
-2.9895
-2.6701
-3.1151
-2.8445
-3.1642
-2.5073
-2.8269
-2.5795
-2.6520
-2.2170
-1.6036
-2.1718
-1.8920
-2.3299
-1.8100
-2.0390
-1.6958
-1.8765
-1.5795
-1.4381
-0.7616
-1.1636
-1.0401
-0.8036
-0.5984
-0.6833
-0.6927
-0.4138
-0.5350
-0.9287
-0.4069
-0.5030
0.2717
0.5497
-0.2980
0.2815
0.3337
-0.0086
-0.3366
-0.1320
-0.0245
0.3149
0.0949
2.0252
0.7718
1.3009
1.0898
2.1246
1.3425
1.4445
1.2356
2.2154
1.2884
1.4791
1.9637
1.6234
1.7533
1.9298
2.4669
2.4857
2.1990
2.4657
2.8739
2.8032
2.6016
3.0292
3.2132
2.8581
2.7892
3.2843
2.4116
3.5050
2.7078
2.3209
2.5101
2.1626
2.0644
2.3347
1.0812
1.2580
0.4488
0.8066
0.2549
0.4327
0.1041
0.1245
0.3589
0.6467
0.8175
0.7807
0.8714
1.0711
0.9567
1.0862
0.7516
0.7043
1.0230
0.8992
1.4336
0.9871
0.9204
0.7955
0.7038
0.8455
0.5569
0.4323
0.4748
0.2497
0.8320
0.3229
0.5978
0.5943
0.6923
0.5475
0.6130
0.3703
0.5994
0.3447
0.3752
0.1014
0.9028
0.3677
0.6807
0.1824
0.7717
-0.0032
0.2266
0.0367
0.1061
0.2007
0.1903
-0.2560
0.9340
-0.0988
0.3928
0.1631
0.2387
1.2802
1.0795
0.8968
0.7045
0.7805
0.4840
0.0272
-0.0159
0.6952
-0.0486
0.4391
0.3589
0.6095
0.5900
0.8342
0.9420
0.5930
1.1606
1.1498
0.9238
1.0543
1.2783
0.7748
1.1300
0.9265
0.7744
0.6459
0.7838
0.6536
0.8612
0.6358
0.5829
0.3678
-0.0160
0.6121
-0.0666
-0.3864
-0.6091
-0.9158
-0.6366
-0.7794
-0.7426
-0.3695
0.4573
-0.3580
0.3049
-0.1233
0.3668
0.3989
0.1281
0.1477
0.2303
1.1012
1.1698
0.8957
0.9476
0.3228
0.7496
0.1761
0.4914
0.3354
0.2171
0.5199
0.5013
0.4894
0.2225
0.6296
0.2854
0.2877
-0.0675
0.1318
0.3775
0.0324
0.3305
-0.2004
-0.0304
-0.1831
-0.4422
0.0012
-0.3903
-0.3576
-0.3687
-0.1506
-0.0113
-0.1859
-0.1516
-0.3499
-0.4078
-0.4102
-0.6365
-0.5677
-0.7156
-0.5228
-0.7523
-0.5831
-0.9091
-0.5402
-1.0451
-1.0915
-1.1573
-1.1452
-0.9760
-1.0288
-1.1366
-0.8091
-1.1205
-0.9881
-1.3551
-1.2091
-1.5581
-1.5993
-1.5982
-1.5318
-1.4457
-1.4015
-1.1872
-1.4038
-1.2868
-1.0988
-1.1340
-1.1203
-0.7984
-0.9103
-0.9079
-0.8412
-0.9111
-1.2769
-1.3215
-1.4328
-1.5185
-1.5769
-1.6254
-1.6757
-1.7623
-1.7752
-1.7646
-1.6078
-1.4605
-1.4343
-1.1405
-1.4746
-1.3201
-1.4340
-1.0806
-1.0984
-1.0836
-1.2907
-1.1450
-1.2571
-1.0842
-1.0682
-0.8771
-1.1700
-1.0646
-1.4771
-1.4216
-1.6540
-1.1354
-1.4262
-1.0193
-1.0269
-0.7815
-1.0141
-0.9721
-1.1352
-0.7154
-1.1051
-0.4117
-0.5260
-0.7656
-0.7686
0.0346
-0.1530
-0.0844
0.0577
0.6683
0.2989
0.9342
1.0328
1.2712
0.8843
1.3617
1.1993
2.0125
1.1890
2.0086
1.3731
2.1366
1.6111
1.4118
1.6389
1.3840
1.4850
2.1529
1.4927
1.7269
1.3052
1.6105
1.2188
1.3110
1.3109
1.2359
1.3273
1.1760
1.1891
0.6096
0.7505
0.6496
0.7901
0.6293
0.6195
0.4173
0.3796
-0.0071
-0.2306
-0.3867
-0.2882
-0.5187
0.0506
-0.1699
0.2096
0.4652
0.6129
0.4130
0.9831
0.6053
0.5491
0.8294
0.7525
0.7673
0.5829
0.1563
0.5161
0.2264
0.1096
0.1814
0.1234
0.1177
0.0484
0.4997
1.3559
0.6520
1.1929
0.6962
0.7209
0.9057
-0.1588
0.1800
-0.3202
0.2012
-0.2343
-0.0831
-0.7254
-0.1015
-0.5555
-0.6826
-0.8263
-1.1762
-1.1305
-0.9600
-0.8040
-1.3407
-0.9936
-0.7551
-0.8107
-0.9899
-1.3371
-1.1116
-1.4795
-0.9704
-1.1950
-1.2788
-1.3883
-1.2961
-1.3628
-1.6649
-1.3385
-1.7774
-1.5405
-1.6308
-1.6253
-1.7476
-1.3390
-1.7341
-1.7335
-1.8098
-1.9034
-1.9433
-1.9029
-1.6744
-1.7479
-1.6355
-1.5140
-1.3988
-1.0638
-0.9358
-0.5264
-0.4689
-0.4754
-0.1419
0.2789
0.2176
0.3426
0.6624
1.3230
1.8742
1.4772
0.7440
0.7404
0.9121
1.0547
0.6295
0.8913
0.4764
1.2062
0.7741
1.1217
1.4710
1.6128
2.0431
2.0392
2.2733
1.5673
1.6887
1.7758
1.9342
2.0047
1.8697
1.2098
1.0587
0.4096
0.1523
0.3135
-0.1031
-0.7299
-0.9754
-0.8229
-1.5094
-1.4121
-1.4719
-1.4371
-1.7931
-1.6987
-2.2097
-2.0832
-2.5776
-2.3138
-2.6263
-2.6184
-2.5532
-2.9448
-2.6311
-2.8749
-2.4041
-2.8695
-2.4434
-3.0985
-3.5341
-3.7607
-3.6502
-3.4908
-3.7252
-2.6619
-3.0630
-2.7919
-2.8872
-2.8163
-2.4401
-2.5316
-2.6457
-2.9152
-2.9645
-2.8957
-2.9646
-2.8974
-2.9123
-3.0390
-2.9354
-3.2195
-3.1830
-3.1015
-3.2172
-3.3407
-3.2416
-3.2541
-3.0435
-2.6612
-2.5545
-2.4224
-2.0501
-1.8853
-1.4021
-0.9178
-0.8244
-0.5572
-0.5160
-0.1951
0.0553
0.4082
0.5631
0.5565
0.2770
0.6572
0.5744
1.1353
1.2840
0.6204
0.8674
0.2407
0.8498
1.5334
0.7302
1.6979
2.1545
1.4236
1.6785
1.5737
1.9064
2.1282
1.6188
1.3956
1.6475
2.1251
1.8366
1.8013
2.3736
2.0221
2.6454
1.8543
2.1354
1.9208
2.0420
1.6905
2.0200
1.7264
1.6366
1.2670
0.7700
0.9323
0.4915
0.5515
0.7525
0.2796
-0.3269
0.4725
-0.5778
-0.2556
0.4984
0.8916
0.0428
0.2983
0.0410
-0.0019
0.0453
0.0990
0.3783
-0.3006
0.3608
0.0711
-0.0282
-0.1022
-0.2796
-0.0585
0.0387
0.0782
-0.3223
-0.1290
0.1346
0.1968
0.2896
-0.0299
-0.1593
0.1517
-0.0030
-0.1276
0.2743
0.0524
0.0419
-0.1943
-0.4305
-0.5424
-0.8625
-0.7043
-0.7669
-0.8498
-0.7273
-0.6510
-0.7399
-0.5151
-0.7937
-0.2409
-0.6550
-0.8694
-0.5464
-0.5804
-0.7474
-0.5838
-0.3430
-0.2234
-0.4484
0.1031
-0.0396
0.1634
0.5598
0.1093
0.6894
1.4238
0.3509
0.0119
-0.2588
0.1395
0.0575
0.0225
0.1222
0.3249
0.0688
-0.1346
-0.0554
-0.3178
-0.0583
-0.2277
0.2313
0.0322
0.0022
0.0480
-0.0661
-0.3447
-0.2171
-0.2628
-0.2416
-0.0668
-0.0528
0.1550
-0.1579
0.1968
-0.3177
-0.0595
-0.0387
-0.0900
0.3140
0.1863
0.5269
0.4072
0.7565
0.7546
0.8895
1.1057
1.0657
0.7575
0.7883
1.1364
1.0701
0.9609
1.2272
1.5777
1.4916
1.9407
1.7716
1.6335
1.7536
1.7047
1.7278
1.7460
1.7863
1.7189
1.9359
1.6655
1.5827
1.4627
1.6674
1.7204
1.9046
1.7628
1.7786
1.3810
1.2923
1.1975
1.2247
1.3798
1.4083
1.4166
1.5388
1.0950
1.4529
1.3598
1.1093
0.4159
0.4405
0.4098
0.3540
0.2349
0.2529
0.0138
-0.1746
-0.2511
-0.6041
-0.1816
-0.3655
-0.6129
-0.4240
-0.8358
-0.6667
-0.7640
-0.9178
-0.6002
-0.7983
-0.9906
-1.0371
-1.0004
-0.9620
-0.9571
-1.0766
-0.9620
-0.9823
-1.0258
-0.6489
-0.7280
-0.5017
-0.1925
-0.3256
-0.4783
-0.7406
-0.6713
-0.2622
-0.7981
-0.4916
-0.0357
-0.2956
-0.1040
0.2685
-0.5931
-0.5640
-0.9705
-0.8812
-1.1447
-1.2032
-0.9786
-0.6157
-0.5205
-0.6152
-0.5473
-0.5065
-0.7230
-0.6445
-0.6164
-0.9384
-0.5705
-0.7352
-0.4827
0.2396
0.1210
0.7565
0.9742
1.1863
1.2109
1.5482
1.9697
1.7195
1.8035
2.4025
2.0344
1.9779
1.8950
1.9158
1.6630
1.4399
1.1716
1.1722
0.6071
0.3705
-0.0305
-0.3716
-0.6416
-0.7391
-0.8634
-0.2451
-0.8301
-0.7309
-0.8577
-0.9428
-0.6274
-1.0031
-0.9065
-0.9753
-0.7680
-0.5796
-1.0493
-0.9621
-1.1959
-1.3818
-1.2617
-1.4307
-1.1969
-1.5641
-1.6399
-1.8031
-1.7239
-1.7409
-1.8135
-1.7606
-1.7575
-1.9653
-1.7581
-1.7419
-1.3931
-1.3705
-1.3742
-0.9667
-0.6376
0.2511
-0.1418
-0.2182
-0.3305
-0.3336
0.1488
0.4076
-0.0367
1.1144
1.2220
0.8563
1.3927
0.8462
1.7233
0.9669
0.9360
0.8315
0.8649
1.0097
0.0678
-0.0544
0.2822
-0.1324
0.1376
0.7102
0.4663
0.3515
0.6234
-0.2400
0.2449
0.1822
0.6230
0.5701
1.7203
1.7101
1.9542
1.6066
2.5097
2.6407
2.1386
3.5307
2.7548
2.6580
2.7803
2.7951
2.9379
2.5885
2.4139
2.0781
1.9362
2.4585
2.6688
1.8999
1.9745
1.8793
1.6858
1.2555
1.2413
1.0284
0.7057
0.9436
0.8897
1.0562
1.2689
1.0907
1.1981
0.9055
0.9378
0.3294
0.5423
0.4307
0.4336
0.5188
0.5287
0.1907
-0.0436
0.3000
0.9388
0.6893
1.1602
0.6175
1.3543
1.0310
2.1691
1.9796
1.7355
2.4297
2.9355
2.9429
2.9056
3.7069
2.6720
2.5697
2.2565
2.4868
2.2113
2.3160
2.2874
2.0304
2.2185
2.0252
2.8238
2.3592
2.4188
2.0701
2.1893
1.8988
1.9510
2.0064
1.6021
1.4037
0.7654
0.5724
0.3737
0.5743
0.2450
0.2475
0.0255
0.2862
0.1039
0.1558
0.2905
0.1206
0.4690
0.2481
0.1297
-0.0471
-0.0747
-0.1865
-0.2167
-0.3913
-0.4800
-0.5943
-0.6413
-0.5572
-0.0939
-0.4577
-0.4083
-0.4430
-0.4182
-0.4406
-0.3176
-0.4627
-0.8692
-1.0679
-1.2433
-1.2792
-1.4054
-1.4143
-1.5624
-1.5910
-1.6486
-1.6562
-1.4808
-1.6742
-1.6509
-1.5885
-1.6125
-1.6843
-1.5848
-1.8957
-1.8986
-1.9608
-1.9998
-2.0430
-2.0996
-2.0367
-2.1068
-2.0518
-1.8124
-1.7981
-1.8799
-1.7421
-1.7232
-1.5184
-1.2674
-1.0792
-0.5570
-0.0527
-0.0825
-0.3075
0.0401
-0.1623
0.2589
0.5953
0.4500
0.4949
0.4325
0.1991
-0.0989
-0.2705
-0.5630
-0.7221
-1.1152
-1.3550
-1.7085
-1.8479
-2.0023
-2.0861
-2.2993
-2.4587
-2.4171
-2.2979
-2.5185
-2.4792
-2.3632
-2.3619
-2.5566
-2.5731
-2.3855
-2.6045
-2.6249
-2.2725
-2.7719
-2.3570
-2.7249
-2.6715
-2.3947
-2.5700
-2.1412
-2.5323
-2.4951
-2.4270
-2.3349
-2.2312
-2.1360
-1.9918
-1.9940
-1.9540
-2.0431
-2.0460
-2.0823
-2.0887
-2.0941
-2.1731
-2.1904
-2.2768
-1.8633
-2.2352
-2.1915
-2.1476
-2.0618
-1.9989
-1.9342
-1.9217
-1.9551
-1.9495
-1.8731
-1.8304
-1.7195
-1.6706
-1.5324
-1.3653
-1.2318
-1.1257
-1.1098
-1.0749
-1.1052
-1.0898
-1.0220
-1.0469
-0.9905
-0.7061
-0.9504
-0.9125
-0.9723
-0.9948
-0.8727
-0.8544
-0.5672
-0.7161
-0.7192
-0.5696
-0.5563
-0.1872
-0.4234
-0.0779
-0.1453
0.3779
0.1849
-0.0402
0.4160
0.3076
0.6150
0.5594
1.2193
1.0556
1.1971
1.5418
1.6316
1.1191
1.0597
0.9336
0.8868
0.6662
1.0571
0.5474
0.6533
0.5529
0.7078
0.4411
1.0745
1.4935
1.0858
1.2439
1.0335
1.5583
1.3170
1.2049
2.1352
2.4238
2.4106
2.5850
2.5933
3.1546
3.0004
3.2415
3.7368
3.6266
2.9549
2.3977
2.6174
2.2080
2.1597
2.2542
1.5634
1.6594
1.4507
1.1395
0.7541
1.1970
1.4161
1.2179
1.2082
0.8915
0.4874
0.6600
0.1782
0.4449
0.4377
0.6519
1.1574
0.4588
-0.1074
-0.1828
0.0002
-0.1528
-0.0361
-0.2380
0.2520
0.2341
-0.0426
-0.1854
-0.0434
-0.3306
-0.2557
0.2378
0.1863
0.2654
0.5661
0.1779
0.0874
0.1673
0.1457
-0.0776
0.3423
0.4251
0.5352
0.5991
0.2969
-0.0329
0.6977
0.0401
