2.80211031
2.99490417
3.24503909
3.35221896
3.74540216
3.79135118
3.97542617
4.06024307
4.36390352
4.55618281
4.78294004
5.06758234
4.81270496
5.10616076
5.03435251
5.52813695
5.07699989
5.15360903
5.59869409
5.19456623
5.56472556
5.58328583
5.60532042
5.60626937
5.77296904
5.73367547
6.27115469
5.58062917
5.42343295
6.39929828
6.36831931
5.82370087
6.02778814
6.49961087
6.69098872
6.71369398
6.96100963
6.89627176
7.15739713
7.27373191
7.49250032
7.56052300
7.65203883
8.27072362
8.22459202
7.91117618
7.96431287
7.88869943
7.81543200
8.14032220
8.35721689
8.32784296
8.58168257
9.19045127
8.88925947
9.08647242
10.60009288
9.13788262
9.85330265
10.20208624
10.07482103
10.87425556
9.46808857
9.38710862
9.25243510
9.21819171
9.10523697
10.61162379
9.03728815
9.41885707
9.61577938
10.11674028
10.53124650
10.19773031
10.67740453
10.61223786
10.34163913
10.71755748
11.04822234
11.53658368
11.11121469
11.19173577
11.35794270
11.05377024
11.36263265
11.26080145
11.03910634
10.60077883
9.84693412
11.06218839
11.30355389
11.28023743
10.63240406
9.60198731
10.15316453
9.84082221
10.10613586
11.66602159
10.98444962
11.52644115
11.54546869
11.56614362
11.61584507
11.53316083
11.88098227
11.50844654
11.53511532
10.43414632
11.17882488
10.27933536
11.28085228
11.53996469
11.42100803
11.94358261
11.69682244
11.90834696
10.29079595
11.36097299
11.37614281
11.47681131
11.46107971
11.11756898
10.68552618
11.19332169
11.19512478
10.54206933
11.29190015
12.22230994
10.96839389
11.34108432
11.96695157
10.35422480
10.50209279
10.73593881
11.38026525
12.60943848
10.82091638
10.48961634
10.58043330
10.46574833
10.51511622
9.99560709
11.28232473
9.55402927
12.18329230
10.68620851
11.61702410
12.06730134
10.78721314
12.58608474
12.22926269
11.54262836
11.82175634
11.50340697
12.14378702
9.97612657
10.75262076
10.80498737
12.26347009
12.12398716
11.53052472
11.36035903
11.47444577
12.17852934
10.75978771
12.34835324
12.13932826
13.40616471
13.26601863
13.15484353
13.44411420
12.87461469
12.61152892
12.47543991
12.98622479
12.82927647
13.05688274
12.91553024
12.98783913
12.72834018
13.19303407
13.11370456
12.87690583
12.87395223
12.92584222
12.75509209
13.65413889
13.71498799
13.97933437
14.06358204
13.29250385
14.03900588
13.24980421
13.29154737
11.79754568
13.05512247
13.21724544
12.91120136
12.89747153
13.05544596
13.05017617
13.20836550
13.08152098
12.43923169
12.49312762
12.87481981
13.09651588
12.59777277
12.05125330
12.76463729
12.14755726
12.88989145
12.25015670
12.71039156
12.41421719
12.64359382
12.29762575
12.27597379
12.65823109
12.43952598
12.60334883
12.43960723
12.39053969
12.90944602
12.68970589
13.07889814
13.13272799
13.49994366
13.04616670
12.92338201
13.38897632
13.18088976
13.07282805
12.29962401
11.49978374
10.25614729
11.46630997
12.02938397
13.12999133
13.71758275
11.39019166
13.88944404
14.13481216
13.41430025
14.05806342
14.59401362
14.04251608
13.77462955
13.02196544
13.62097126
13.67025506
13.93171752
13.76518080
14.70491546
14.75365048
13.94621410
13.20672705
14.01027292
14.04221975
13.44890976
14.13194504
13.26430124
14.47016043
13.01923996
12.59152347
12.56621584
14.01209564
15.19683417
15.19649874
13.21410394
14.12805222
13.97090634
15.46923901
13.10149843
13.99911579
14.08951372
13.89700835
13.78743825
13.43741537
14.18417226
14.02443332
13.62286108
14.98667599
14.60873623
14.01390699
14.66575980
15.51254858
15.09039651
15.65938454
15.11837078
15.00993315
14.92511066
14.97151494
15.19341080
14.88600967
15.16170866
15.19242668
15.12696243
14.64025211
13.46579999
13.36450662
13.44848727
12.95880852
12.74909254
12.83481906
12.39874452
13.06623327
14.54418331
14.47896860
13.71265425
15.05508747
15.06114786
15.92846808
16.80934645
16.09718187
15.16173969
15.29177960
14.75509998
13.80293937
15.72057020
14.70480494
15.47211301
14.89541105
14.87030006
14.82051138
14.76218971
16.05517021
15.17394596
15.47538131
15.58534982
16.27540167
15.59766477
16.04583127
15.65818459
16.15949626
15.38357668
15.13899816
15.15536367
16.10179171
15.20973432
16.04773791
15.98173944
15.20028005
15.82287657
15.01411993
16.47713604
15.71449073
15.70032218
15.69029031
14.75661891
15.69696718
14.90182615
14.91877837
14.96623995
16.01836597
15.19666729
15.13586413
15.15554826
15.12744180
15.82259788
15.76411290
15.87299110
15.87460686
15.58371462
16.27273497
15.15632498
16.23355580
15.45199159
15.13120579
15.04215105
14.99532931
15.84448376
15.11169325
15.13591545
15.00404538
15.94742397
15.19825311
15.48861466
15.47170705
15.41390472
16.13967864
16.09677530
15.30066997
15.28106407
14.21427421
16.32135558
15.19131961
15.76944114
14.60997027
13.31411977
15.36425189
15.21647486
15.61392986
16.17607294
15.46413302
16.11696877
16.87677286
16.16217649
14.16947601
14.59669937
14.44143241
14.31696148
13.72255524
13.48254809
15.33800242
15.08130981
14.67772330
14.03860266
16.64634652
15.95970223
16.20916194
16.08268126
16.37315981
15.65118148
15.03521786
16.82543436
15.78387757
16.50716254
16.80617100
16.49147773
16.51528753
16.42756486
17.08589375
17.33249767
16.31403573
16.36397182
16.80587194
16.58729047
16.02763351
15.72309790
15.31064687
15.08712522
14.60172346
14.79590412
15.59160261
15.94501732
15.62380118
15.77727570
16.39479145
17.25926473
16.50211783
15.93047307
15.94528834
16.03790641
16.13504117
16.20926832
15.90564444
16.05783208
16.23249742
17.37619147
17.22478996
16.84957227
16.77735973
17.20696548
17.40682458
17.14154410
17.40907783
17.19712142
16.74760355
16.84901176
16.25968096
16.62595703
17.35730815
16.78488242
16.71727015
17.02933518
15.94110538
16.51451665
16.76700688
15.98413514
16.40045036
16.55988607
16.35801631
15.79339192
16.35618034
14.80648805
15.78671311
15.93733855
15.89704511
15.44813971
15.42435604
16.16820566
15.73178241
14.62855450
14.61783239
15.51635798
16.12546844
15.25844622
15.01083488
15.50415992
16.03043078
16.06307069
17.80824475
17.23338515
17.74351447
18.49867264
17.68169858
16.48832830
16.92146447
16.77361024
16.45760216
16.75510923
15.54883037
15.44794108
15.51033221
14.78544347
14.94990654
14.80729437
15.13753682
15.27965125
14.87615566
14.53294953
15.85382484
15.97634792
15.96969373
15.96193330
16.44230395
16.52877511
15.98702366
16.50280999
16.51185549
15.93824685
16.56776152
16.52088449
16.40524022
16.41869989
16.44030252
16.35445743
16.47829290
16.25634640
16.19985319
16.12231530
16.43817321
16.41677564
16.34014343
16.07747841
16.68814756
15.77129540
15.22797068
15.70776514
15.75930255
15.97277719
16.32135907
15.61485386
16.71045360
16.06383435
15.76395086
15.79276467
15.92771956
15.40016550
16.71465112
16.50622322
16.32564419
16.92462512
15.97007076
16.62707346
16.22811905
15.06251174
16.19631693
16.18486019
16.47569802
15.59001132
16.23816363
16.59719160
16.00446889
16.49494873
16.50880012
16.43604171
15.74440400
16.32432258
16.60247095
16.40746239
16.22371155
16.58976677
16.85566392
15.98689378
15.84432477
16.52469463
16.77249679
16.78800942
17.16659233
16.86211282
16.71076230
17.35389641
17.35108728
17.27730527
17.29724200
17.35233564
17.47401252
17.59668172
17.57598369
17.37991097
17.48357389
17.52282927
16.98572461
16.81311301
17.33090704
16.25685670
16.28799340
17.44749160
17.65969780
17.45812174
17.41364688
17.67815484
17.64668008
17.62008266
17.48628748
17.35685438
17.50161254
16.24692324
17.26445493
17.01178837
16.49859207
16.38187946
16.57823696
16.38835831
16.54702067
16.62330937
16.41984403
17.18387800
16.06015740
16.44674060
16.19037725
16.13825781
16.75580954
16.19530857
17.97130537
17.54069399
17.36979463
15.78435251
16.55654330
16.50673134
16.78560694
16.63322868
16.73154938
16.26051628
15.89211627
15.84621927
16.12204349
16.36772766
15.74421948
16.21228853
15.60712026
15.85074700
16.08819244
14.65115478
14.18006450
15.97616617
16.10854654
16.00052614
14.28222515
16.87265927
16.78625887
16.05915752
15.90324464
17.28026042
17.07268244
16.75465079
15.66095082
17.41235868
16.36088999
13.95527289
13.91531167
14.08908683
16.41192530
16.47891091
15.29549834
14.88665151
15.34371805
14.76964150
14.50496097
14.63837249
13.29930662
14.95026706
15.07131887
15.27061839
15.92727576
16.99508205
17.14155270
15.14002337
16.37661874
15.39467674
16.33684588
15.02469810
14.57727247
15.31469754
16.13095394
15.58217190
17.26428286
17.26927739
15.72913988
14.78802322
15.44488429
15.06347268
13.39387845
16.01243318
16.08624890
15.94508839
16.06892355
14.46711388
15.15997561
14.09257020
15.37797217
15.76816977
15.70073108
14.93388525
15.17086108
12.89520178
13.06961945
14.52534263
14.24788810
14.51119403
15.92279771
13.83653027
13.80003925
13.89338372
14.61559423
14.59794838
13.11199685
12.44003116
13.32237797
12.21411256
12.69025878
12.15117184
12.43184926
12.00639331
12.48584202
12.36738110
12.16490712
11.72837951
11.65353266
12.07526281
13.27473759
13.02065335
10.39922323
11.10372230
11.06478074
10.28434908
11.31831466
11.24600609
9.96747247
12.61660624
11.20124660
11.55364462
12.48643765
10.87816799
11.60307721
13.96569861
13.83983285
11.16996973
12.79584999
13.47719755
12.71595239
12.60278510
11.89388978
12.17556973
11.70907572
11.29582505
11.46982495
11.73830535
13.04996441
12.09939356
14.10332601
12.47300748
11.51666668
11.58532988
12.72854681
11.38628382
12.34163947
11.58561575
11.17431103
11.63652928
13.01069760
14.31009910
14.33189558
12.39912099
12.05753108
17.39347145
15.90079932
17.19204913
15.41710233
15.53964921
12.62499984
15.37402470
14.39438523
14.06561273
16.46432483
13.18409474
16.66847590
16.82672750
12.54878371
13.77790474
13.04739192
13.50263274
13.31122320
13.04916135
15.51597714
14.60901714
15.30004082
14.81219281
13.94297124
13.34051197
13.82394072
13.00808464
14.86783715
14.85599489
14.64495256
13.34569395
14.98400776
15.08924659
15.15661362
14.54917225
15.71231321
13.96469929
14.01542338
13.29956463
14.72532280
17.20666747
13.85638548
14.87323075
16.32708415
16.35626799
14.25563559
16.84692725
14.86237750
15.56110867
16.08823334
17.35450461
16.61259430
15.02090500
15.54532432
14.27025081
16.48263042
15.56694189
15.27811352
16.71974753
15.94172641
17.22129526
15.97857327
13.84232417
15.22954474
13.65789161
15.09726073
15.01848199
16.48265647
14.33328796
15.27055374
15.24181788
13.86778233
14.22529439
13.96010373
13.32691995
13.69330067
14.30890320
15.94706609
14.72100660
14.58335045
16.21418682
16.15775404
15.82197457
13.19384716
14.91071343
17.52558786
15.79712069
16.38579179
16.94369100
17.87655019
15.45524909
13.28923503
14.93434971
16.17944573
15.22294115
14.78602871
16.24781399
16.39851487
14.89193549
15.78979665
14.84908481
14.73894960
16.57292297
16.80215374
16.87246400
17.86149335
16.43163366
16.36219435
15.06436662
15.05682956
16.02749719
16.14956034
15.71377738
15.79118832
15.22631386
16.00995567
15.94636109
14.30643944
15.00371942
15.19038129
15.18847093
15.30035915
16.37012161
16.88145909
16.44532493
16.38944136
17.85022654
19.83465584
15.94110954
16.59504867
15.88058223
16.32935885
15.39030723
15.67044890
15.65133027
14.41394676
15.49176709
18.10495206
18.54291462
17.53798084
15.14536938
14.93195996
14.97410546
15.82231339
16.35127781
15.11453151
15.74070476
13.37472201
15.04428677
15.22826918
16.16024058
12.28895022
14.99458960
16.05194813
16.75087313
16.73783436
14.27548575
16.70226494
15.67264001
17.18529205
16.61985183
15.73970300
15.30406683
16.78422132
18.05772904
15.73670998
16.61338972
16.15764996
15.87398873
15.79424537
15.72467493
15.87454391
16.55216041
16.49916618
16.91484699
16.16578881
16.23796807
16.37304326
16.37217032
16.91200152
16.34848868
16.26727635
15.26481920
14.70930268
14.85388611
14.90606512
14.67878468
14.64578355
14.05240603
14.89454936
14.92574152
15.12481117
15.29545797
15.06091292
14.81128417
14.54620608
14.46905661
15.08384034
14.97430756
17.32441418
16.46092487
14.32227578
16.86697585
14.75584269
17.35857266
14.75097009
15.04690755
14.51826736
17.13127942
16.35413174
16.60238836
16.63118582
16.40778625
16.58509816
16.45864268
17.53524146
16.41250591
14.04595311
14.07849771
17.02920090
14.37198891
16.86503445
14.54297220
