1.66888548
1.79518038
1.95173291
2.18566630
2.31841991
2.56191418
2.91345936
3.15493176
3.35327911
3.52410683
3.92517511
3.72424566
3.88610406
4.03455345
4.24599564
4.49284924
4.67092529
4.84372466
4.86335223
5.01448484
5.17347152
5.57299227
5.46184505
5.63980194
6.34101447
5.95362487
6.14896785
6.66283319
6.86844069
6.71869464
6.89541618
7.00232137
7.07444461
7.01538032
7.13837650
6.70023970
6.82297450
7.22163432
7.34925087
7.47456480
7.99389222
7.74489143
7.91370119
8.07866764
8.24514197
9.05156447
9.22923668
9.39604122
9.56025624
9.73216095
9.90087968
9.89990816
10.05194548
9.96058227
9.83309733
9.98564907
10.12003713
10.27923929
10.39456704
10.49765593
10.59303457
10.69295157
11.25004045
11.33315678
11.41550209
11.49409255
11.57095098
11.65755005
12.43001276
12.52474432
12.61846537
12.70669571
12.79012414
12.86689266
12.94436337
13.01177526
13.08641162
13.15778064
13.23004169
13.30092227
13.37127046
13.43004547
13.47476235
13.52869460
13.57572593
13.61757744
13.65232753
13.67995102
13.04833381
13.08258710
13.11029903
13.10298517
13.11290680
13.12355405
13.16022619
13.19913605
13.22316779
14.19809012
14.20257376
14.21261673
14.21664038
14.21921719
14.21230015
14.20117215
14.18063078
14.15450443
14.12082535
14.08301691
14.04183759
14.00877928
13.97294120
14.73178668
14.69649256
14.65782249
14.61139957
13.21269313
14.53566469
14.50240606
13.15937723
13.13684847
13.67437522
13.66003700
13.63235787
13.62171691
13.60831105
13.59622630
13.58815383
13.58187362
11.92808159
13.57442907
12.92283945
13.56667669
13.08946079
13.57286274
13.59256047
14.87118686
14.90475317
15.17923062
15.21107658
15.24303121
15.27386628
15.30335047
15.32859910
15.35289763
15.37474826
14.11879865
15.42091150
15.44301790
15.45709553
15.00325359
15.00183486
15.00420951
15.00310892
14.99688818
14.98854108
14.98188020
14.97366063
14.96280692
14.07232024
14.05653629
14.04166186
14.02521252
14.00516971
13.98596406
13.96641070
13.94478831
13.92851947
14.07850299
14.89959548
14.89714585
14.74017394
14.73398999
14.72262393
14.70556123
14.68292807
14.67387619
14.66890668
14.66612379
14.65121596
14.62764540
14.59997661
14.56491539
14.52504193
14.48174315
14.44166776
14.40267988
14.35628914
14.31110903
14.26655720
14.22289719
14.18123857
14.14356587
14.10762233
14.22984331
14.19454326
14.16780519
14.14543907
14.12871067
14.11322358
14.12944785
14.15232291
13.86870773
13.90982486
13.95180959
13.99811254
13.13775196
13.19611755
13.25423682
13.31638169
13.37367854
12.44330566
12.48996007
12.54872407
11.43712222
12.19259982
12.74179287
12.80848919
12.87333004
12.94693097
13.01505999
13.08752438
13.15039192
13.20715640
13.25920563
13.32650377
13.39217376
13.46140418
14.35128876
14.42520379
14.49973096
14.57410700
14.64144718
14.71017538
14.76625157
14.82546489
14.88117748
14.93173214
14.97246316
15.00483931
15.02391684
15.03926614
15.05097746
15.04292955
14.40357994
14.38905420
14.39332736
14.64494231
14.64781790
14.66897105
14.69301913
14.72076113
14.73213646
14.75266880
14.75891241
14.76584282
14.78089255
14.79367389
16.01834664
16.02830935
16.04279049
16.05668688
16.06714547
16.07514048
15.99033052
15.96951854
15.94401416
15.92192363
15.89869461
15.88926958
15.87598352
15.87742841
15.86817830
15.86141128
14.39645984
14.39484801
14.40695899
14.42229350
14.44717916
14.48590484
14.52479712
14.56455359
14.60347761
14.64349686
14.70141820
14.74470805
14.78952733
14.83997510
14.89107200
14.93615286
16.53314265
16.59865044
16.64320737
16.70846691
16.76610985
16.82286503
16.86780639
16.91774093
16.95810183
18.30065182
17.05008918
17.10029566
17.06883395
17.11109232
17.14552104
17.18267466
17.21656937
17.23906466
17.26250858
17.27532798
17.29745284
18.73698284
18.77184947
18.48394665
18.52682550
18.57744289
18.62617117
18.68309830
18.75254312
18.81533001
18.63506632
18.92251758
18.97654104
19.02979324
19.08959547
19.13873136
19.19401129
19.25023191
19.30271600
17.27371876
17.30999630
17.34410958
17.37480340
19.54546216
19.60767745
19.66179116
19.71205107
19.75440414
19.80301143
19.83889687
19.87483711
19.91563304
19.95379730
19.98872213
20.02561347
20.05161818
20.07894032
17.82075162
17.83531420
17.85490426
17.87186356
17.88421219
17.89735095
20.25055355
20.26708799
20.28028760
20.28780052
20.28582271
17.88182346
20.27440313
19.84586724
19.82395721
19.81610091
19.80223550
19.78708046
19.75924516
19.73373250
19.70452149
19.67586443
19.63882678
19.59782399
19.54947542
19.49572774
19.44004129
19.38166935
17.64703318
17.59561077
17.54350959
17.49579567
19.12916968
18.65281976
17.36705192
19.03888283
19.04232750
19.05468478
19.06775814
19.08943823
19.11509638
19.14651245
19.18025395
19.41725525
19.45680509
19.49295209
19.53294907
19.55681838
19.60004666
19.61963115
19.65677253
19.69765773
19.73372040
19.76995390
19.80913947
19.84950282
19.87989045
19.91777573
19.95614727
19.99297681
20.02112071
20.04676373
20.07538034
20.10306924
20.13237996
20.16511152
20.19503656
20.22743330
20.25558089
20.27976723
20.30451990
20.32154202
20.34078784
20.36178759
20.37896565
20.39087652
20.41050566
20.42742719
20.44806976
20.46823223
20.48446922
20.49353273
20.50645188
20.52457777
20.54549881
20.56313502
20.58487789
20.61014846
20.63007233
20.65158943
20.66061037
20.67721659
20.68414528
20.70316903
20.70648499
20.70240410
20.68413349
20.67713536
20.66108366
20.66076083
20.66377511
20.66151428
20.66051819
20.53393415
20.54923817
20.55919350
20.56694856
20.56672610
20.56347455
20.56103282
20.55336267
20.54979583
20.54214889
20.54871691
20.55110313
20.55691638
20.56871358
20.57808126
20.57839521
20.58303750
20.58481609
20.57911810
20.56538529
20.54212107
20.52182143
20.49666032
20.46997817
20.44174603
20.40767419
20.36464044
20.33200300
20.29736913
20.25582847
20.20930639
20.16447353
20.12339944
20.07409702
20.03013488
19.98267056
19.94206243
19.90741374
19.87057846
19.84176964
19.82042372
19.79782710
19.78066830
19.76283576
19.74317832
19.72250173
19.70027319
19.66900726
19.63923417
19.60862666
19.57350443
