1.66888548
1.79518038
1.95173291
2.18566630
2.31841991
2.56191418
2.91345936
3.15493176
3.35327911
3.52410683
3.92517511
3.72424566
3.88610406
4.03455345
4.24599564
4.49284924
4.67092529
4.84372466
4.86335223
5.01448484
5.17347152
5.57299227
5.46184505
5.63980194
6.34101447
5.95362487
6.14896785
6.66283319
6.86844069
6.71869464
6.89541618
7.00232137
7.07444461
7.01538032
7.13837650
6.70023970
6.82297450
7.22163432
7.34925087
7.47456480
7.99389222
7.74489143
7.91370119
8.07866764
8.24514197
9.05156447
9.22923668
9.39604122
9.56025624
9.73216095
9.90087968
9.89990816
10.05194548
9.96058227
9.83309733
9.98564907
10.12003713
10.27923929
10.39456704
10.49765593
10.59303457
10.69295157
11.25004045
11.33315678
11.41550209
11.49409255
11.57095098
11.65755005
12.43001276
12.52474432
12.61846537
12.70669571
12.79012414
12.86689266
12.94436337
13.01177526
13.08641162
13.15778064
13.23004169
13.30092227
13.37127046
13.43004547
13.47476235
13.52869460
13.57572593
13.61757744
13.65232753
13.67995102
13.04833381
13.08258710
13.11029903
13.10298517
13.11290680
13.12355405
13.16022619
13.19913605
13.22316779
14.19809012
14.20257376
14.21261673
14.21664038
14.21921719
14.21230015
14.20117215
14.18063078
14.15450443
14.12082535
14.08301691
14.04183759
14.00877928
13.97294120
14.73178668
14.69649256
14.65782249
14.61139957
13.21269313
14.53566469
14.50240606
13.15937723
13.13684847
13.67437522
13.66003700
13.63235787
13.62171691
13.60831105
13.59622630
13.58815383
13.58187362
11.92808159
13.57442907
12.92283945
13.56667669
13.08946079
13.57286274
13.59256047
14.87118686
14.90475317
15.17923062
15.21107658
15.24303121
15.27386628
15.30335047
15.32859910
15.35289763
15.37474826
14.11879865
15.42091150
15.44301790
15.45709553
15.00325359
15.00183486
15.00420951
15.00310892
14.99688818
14.98854108
14.98188020
14.97366063
14.96280692
14.07232024
14.05653629
14.04166186
14.02521252
14.00516971
13.98596406
13.96641070
13.94478831
13.92851947
14.07850299
14.89959548
14.89714585
14.74017394
14.73398999
14.72262393
14.70556123
14.68292807
14.67387619
14.66890668
14.66612379
14.65121596
14.62764540
14.59997661
14.56491539
14.52504193
14.48174315
14.44166776
14.40267988
14.35628914
14.31110903
14.26655720
14.22289719
14.18123857
14.14356587
14.10762233
14.22984331
14.19454326
14.16780519
14.14543907
14.12871067
14.11322358
14.12944785
14.15232291
13.86870773
13.90982486
13.95180959
13.99811254
13.13775196
13.19611755
13.25423682
13.31638169
13.37367854
12.44330566
12.48996007
12.54872407
11.43712222
12.19259982
12.74179287
12.80848919
12.87333004
12.94693097
13.01505999
13.08752438
13.15039192
13.20715640
13.25920563
13.32650377
13.39217376
13.46140418
14.35128876
14.42520379
14.49973096
14.57410700
14.64144718
14.71017538
14.76625157
14.82546489
14.88117748
14.93173214
14.97246316
15.00483931
15.02391684
15.03926614
15.05097746
15.04292955
14.40357994
14.38905420
14.39332736
14.64494231
14.64781790
14.66897105
14.69301913
14.72076113
14.73213646
14.75266880
14.75891241
14.76584282
14.78089255
14.79367389
16.01834664
16.02830935
16.04279049
16.05668688
16.06714547
16.07514048
15.99033052
15.96951854
15.94401416
15.92192363
15.89869461
15.88926958
15.87598352
15.87742841
15.86817830
15.86141128
14.39645984
14.39484801
14.40695899
14.42229350
14.44717916
14.48590484
14.52479712
14.56455359
14.60347761
14.64349686
14.70141820
14.74470805
14.78952733
14.83997510
14.89107200
14.93615286
16.53314265
16.59865044
16.64320737
16.70846691
16.76610985
16.82286503
16.86780639
16.91774093
16.95810183
18.30065182
17.05008918
17.10029566
17.06883395
17.11109232
17.14552104
17.18267466
17.21656937
17.23906466
17.26250858
17.27532798
17.29745284
18.73698284
18.77184947
18.48394665
18.52682550
18.57744289
18.62617117
18.68309830
18.75254312
18.81533001
18.63506632
18.92251758
18.97654104
19.02979324
19.08959547
19.13873136
19.19401129
19.25023191
19.30271600
17.27371876
17.30999630
17.34410958
17.37480340
19.54546216
19.60767745
19.66179116
19.71205107
19.75440414
19.80301143
19.83889687
19.87483711
19.91563304
19.95379730
19.98872213
20.02561347
20.05161818
20.07894032
17.82075162
17.83531420
17.85490426
17.87186356
17.88421219
17.89735095
20.25055355
20.26708799
20.28028760
20.28780052
20.28582271
17.88182346
20.27440313
19.84586724
19.82395721
19.81610091
19.80223550
19.78708046
19.75924516
19.73373250
19.70452149
19.67586443
19.63882678
19.59782399
19.54947542
19.49572774
19.44004129
19.38166935
17.64703318
17.59561077
17.54350959
17.49579567
19.12916968
18.65281976
17.36705192
19.03888283
19.04232750
19.05468478
19.06775814
19.08943823
19.11509638
19.14651245
19.18025395
19.41725525
19.45680509
19.49295209
19.53294907
19.55681838
19.60004666
19.61963115
19.65677253
19.69765773
19.73372040
19.76995390
19.80913947
19.84950282
19.87989045
19.91777573
19.95614727
19.99297681
20.02112071
20.04676373
20.07538034
20.10306924
20.13237996
20.16511152
20.19503656
20.22743330
20.25558089
20.27976723
20.30451990
20.32154202
20.34078784
20.36178759
20.37896565
20.39087652
20.41050566
20.42742719
20.44806976
20.46823223
20.48446922
20.49353273
20.50645188
20.52457777
20.54549881
20.56313502
20.58487789
20.61014846
20.63007233
20.65158943
20.66061037
20.67721659
20.68414528
20.70316903
20.70648499
20.70240410
20.68413349
20.67713536
20.66108366
20.66076083
20.66377511
20.66151428
20.66051819
20.53393415
20.54923817
20.55919350
20.56694856
20.56672610
20.56347455
20.56103282
20.55336267
20.54979583
20.54214889
20.54871691
20.55110313
20.55691638
20.56871358
20.57808126
20.57839521
20.58303750
20.58481609
20.57911810
20.56538529
20.54212107
20.52182143
20.49666032
20.46997817
20.44174603
20.40767419
20.36464044
20.33200300
20.29736913
20.25582847
20.20930639
20.16447353
20.12339944
20.07409702
20.03013488
19.98267056
19.94206243
19.90741374
19.87057846
19.84176964
19.82042372
19.79782710
19.78066830
19.76283576
19.74317832
19.72250173
19.70027319
19.66900726
19.63923417
19.60862666
19.57350443
19.54873524
18.70643985
18.67083051
18.63624753
18.59850811
18.56186335
18.52762972
18.48571177
19.32564720
19.28894984
19.25520129
19.22085543
19.18752031
19.15412846
19.11940212
18.17766026
18.09884766
18.28801239
18.29196685
18.26847478
16.96656199
16.99052497
17.01485978
17.43794814
17.47212791
17.50175491
17.52771106
17.54577650
17.55964434
17.58239919
17.59897649
17.61817660
17.63398915
17.64827779
17.66024837
17.67144561
17.67896002
17.68696898
17.69649605
17.70504501
17.71537373
17.72052473
17.72015145
17.71407382
17.70472410
17.69311218
17.67648537
17.66669052
17.65972954
17.65810282
17.65832916
17.66380752
17.66946297
17.68537163
17.69511745
17.70364244
17.70571024
17.71695198
17.72545733
17.73860535
17.74926271
17.76737948
17.78626633
17.81168560
19.31591052
19.34577392
19.37185936
19.39390193
19.41421185
19.43305127
19.45064806
19.46233015
19.46865087
19.47168124
19.47272856
19.47595863
19.49075001
19.50663422
19.52776781
19.55284071
19.58546524
19.62186306
19.65738295
19.69035896
19.72396550
19.74948968
19.77439035
19.80148086
19.83145394
19.86330536
19.89508467
19.93043238
19.96603714
19.99772226
20.02940495
20.06327147
20.09955979
20.13972804
20.17679914
20.22228889
20.25788971
20.29432862
20.33099428
20.36704854
20.40008848
20.43266493
20.46133407
20.48795269
20.51095560
20.53427554
20.55396239
20.57351126
20.59211128
20.60159435
20.61470703
20.62705141
22.06511588
22.07480587
20.60912940
20.58238373
19.98068069
19.93462635
21.23183314
21.20770107
21.18660969
21.16665512
21.14348925
21.12022634
21.09768216
21.07368756
21.04723856
21.02247707
20.99664238
20.96852418
20.93570561
20.90109313
20.87150944
20.83973798
20.80430813
20.76865856
20.73276337
20.70376171
20.67952031
20.66245130
20.64946676
20.64489959
20.66117058
20.68419079
20.71622057
20.74960735
20.77896473
20.80094540
20.82122368
20.84317248
20.86394325
20.88254853
20.90241177
20.92204278
20.94732189
20.97610572
21.00585944
21.04468833
21.08463445
22.59653929
22.64318563
22.69581406
22.74546851
22.80230148
22.85680965
22.91550817
22.97548139
23.04104179
23.10072881
23.15841804
23.20719635
23.25032809
23.28994505
23.32545040
23.35968780
23.39185093
23.41937528
23.45350221
23.49340215
23.53689140
23.58056027
23.62574920
23.66928817
22.20104689
22.24406524
22.27826623
21.22029284
21.26502443
21.30419028
21.33784465
21.36530925
21.38681280
21.40096009
22.42424414
22.42475982
22.41868539
22.40923751
22.39978381
22.38958235
22.37443070
22.35339897
22.33097006
22.30835738
22.28660764
22.26667536
22.24919078
22.22867317
22.20657761
22.17948853
22.15048500
22.11719551
22.07864231
22.03329271
21.99156804
21.79562645
21.74226816
21.68058906
21.60809660
21.53146293
21.45587870
21.37625673
21.52208447
20.31806855
20.26235227
20.20732541
20.16336042
20.12605509
20.09242487
20.06258085
20.03077023
20.00302688
19.97998958
19.96891604
19.96511616
19.97318222
19.99692268
20.02531920
20.05726407
20.08965968
20.12230926
20.15675642
20.19611414
20.24432287
20.30385398
20.37023704
20.43648643
20.49913251
20.55960900
20.61557513
20.66841532
20.71870351
20.76515640
20.81085749
20.85725004
20.90097195
20.94438798
20.98285626
21.01722627
21.04786159
21.07546745
21.10407472
21.13404207
21.33217396
21.38299934
21.42861245
21.47127306
21.50791260
24.23009648
24.27389361
24.31546033
24.35678764
24.39458322
24.42993485
24.46551852
24.50744052
24.54968771
24.59476788
24.63825902
24.68319945
24.72697996
24.76803503
26.23925204
26.28733470
26.34296748
26.39535742
26.45009309
26.49861923
26.54302830
26.58299961
26.62130994
26.65705744
26.68105553
26.70744793
26.73201986
28.18929952
28.25669290
28.32009493
28.38706365
26.54776033
26.61924631
26.69117939
26.75621187
26.81834092
26.87891090
26.93310980
24.53273009
24.57734509
24.61957232
24.66248714
24.70614266
24.75037189
24.79312256
24.83264418
24.87213938
24.91321283
24.95833813
26.52271728
26.56197403
26.60300667
26.63983708
26.67282768
26.70123348
26.72437856
26.74036953
26.75271049
26.76739690
29.59680253
29.60230187
29.60852390
29.61273158
29.61254867
29.61869204
29.62163635
29.62952398
29.64235713
29.65528091
29.67242614
29.69597686
29.72868824
29.78115862
29.83634797
29.89426954
29.95084630
28.66070908
28.72149436
28.77815133
28.83467259
28.89008236
28.93649210
28.98082963
29.02563166
29.06919852
29.11894322
29.16898882
29.21554542
27.81769647
27.86048181
27.89904397
27.93448172
27.98349121
28.02863659
28.06838571
28.10555781
28.14135035
28.17403616
28.20420643
28.23217417
28.25811040
28.28824013
28.32021417
27.91463807
27.94283334
27.96500760
27.98231963
28.00034468
28.02661085
28.55476459
28.57706498
28.59743034
28.62005689
28.63778696
28.64143448
28.63875704
28.63600955
28.62895063
28.62218639
28.61677878
28.60918499
28.59941366
28.59160705
28.63545749
28.62414895
28.61241957
28.82427289
28.82426307
28.82816236
28.83585933
28.84588204
28.85710589
28.86006380
28.79692998
28.78244891
28.76934701
28.76095370
28.74185481
28.72137639
28.69993582
28.68187657
28.66801192
28.65751046
28.65041521
28.64373223
28.64279781
28.64305684
28.64203427
28.64500383
28.66039962
28.67532914
28.69195548
28.71410994
28.73336762
28.75310316
28.79336104
28.82894454
28.86046021
28.89384226
28.92255423
28.94607149
28.96228581
28.97422465
28.98943059
29.00452009
29.91234563
29.94691558
29.97855991
30.01229765
30.04553703
30.07260097
30.09792815
28.98602945
28.99764982
29.00128066
29.00384749
29.01147884
29.02121874
29.03741157
28.47494983
28.48148949
23.68659098
23.70074746
23.71058799
23.70696730
23.66203828
23.67793206
23.64774752
23.62467963
24.81405714
24.82006217
24.81419316
24.79290499
24.78798322
24.76876636
26.15938332
31.50920161
31.52109329
26.19409533
31.53876738
26.23488974
31.57774524
31.59909686
31.62241449
30.37328657
25.12599272
30.42790727
25.21317331
30.49335669
30.51624318
25.31196182
30.55877091
30.57773302
30.59104730
30.59907226
25.44459388
30.60158993
30.59792408
30.59458130
30.58949545
30.58191576
30.56658276
30.36302034
30.35706315
30.34410795
30.32629342
30.29797702
25.24624170
30.20257211
