1.66888548
1.79518038
1.95173291
2.18566630
2.31841991
2.56191418
2.91345936
3.15493176
3.35327911
3.52410683
3.92517511
3.72424566
3.88610406
4.03455345
4.24599564
4.49284924
4.67092529
4.84372466
4.86335223
5.01448484
5.17347152
5.57299227
5.46184505
5.63980194
6.34101447
5.95362487
6.14896785
6.66283319
6.86844069
6.71869464
6.89541618
7.00232137
7.07444461
7.01538032
7.13837650
6.70023970
6.82297450
7.22163432
7.34925087
7.47456480
7.99389222
7.74489143
7.91370119
8.07866764
8.24514197
9.05156447
9.22923668
9.39604122
9.56025624
9.73216095
9.90087968
9.89990816
10.05194548
9.96058227
9.83309733
9.98564907
10.12003713
10.27923929
10.39456704
10.49765593
10.59303457
10.69295157
11.25004045
11.33315678
11.41550209
11.49409255
11.57095098
11.65755005
12.43001276
12.52474432
12.61846537
12.70669571
12.79012414
12.86689266
12.94436337
13.01177526
13.08641162
13.15778064
13.23004169
13.30092227
13.37127046
13.43004547
13.47476235
13.52869460
13.57572593
13.61757744
13.65232753
13.67995102
13.04833381
13.08258710
13.11029903
13.10298517
13.11290680
13.12355405
13.16022619
13.19913605
13.22316779
14.19809012
14.20257376
14.21261673
14.21664038
14.21921719
14.21230015
14.20117215
14.18063078
14.15450443
14.12082535
14.08301691
14.04183759
14.00877928
13.97294120
14.73178668
14.69649256
14.65782249
14.61139957
13.21269313
14.53566469
14.50240606
13.15937723
13.13684847
13.67437522
13.66003700
13.63235787
13.62171691
13.60831105
13.59622630
13.58815383
13.58187362
11.92808159
13.57442907
12.92283945
13.56667669
13.08946079
13.57286274
13.59256047
14.87118686
14.90475317
15.17923062
15.21107658
15.24303121
15.27386628
15.30335047
15.32859910
15.35289763
15.37474826
14.11879865
15.42091150
15.44301790
15.45709553
15.00325359
15.00183486
15.00420951
15.00310892
14.99688818
14.98854108
14.98188020
14.97366063
14.96280692
14.07232024
14.05653629
14.04166186
14.02521252
14.00516971
13.98596406
13.96641070
13.94478831
13.92851947
14.07850299
14.89959548
14.89714585
14.74017394
14.73398999
14.72262393
14.70556123
14.68292807
14.67387619
14.66890668
14.66612379
14.65121596
14.62764540
14.59997661
14.56491539
14.52504193
14.48174315
14.44166776
14.40267988
14.35628914
14.31110903
14.26655720
14.22289719
14.18123857
14.14356587
14.10762233
14.22984331
14.19454326
14.16780519
14.14543907
14.12871067
14.11322358
14.12944785
14.15232291
13.86870773
13.90982486
13.95180959
13.99811254
13.13775196
13.19611755
13.25423682
13.31638169
13.37367854
12.44330566
12.48996007
12.54872407
11.43712222
12.19259982
12.74179287
12.80848919
12.87333004
12.94693097
13.01505999
13.08752438
13.15039192
13.20715640
13.25920563
13.32650377
13.39217376
13.46140418
14.35128876
14.42520379
14.49973096
14.57410700
14.64144718
14.71017538
14.76625157
14.82546489
14.88117748
14.93173214
14.97246316
15.00483931
15.02391684
15.03926614
15.05097746
15.04292955
14.40357994
14.38905420
14.39332736
14.64494231
14.64781790
14.66897105
14.69301913
14.72076113
14.73213646
14.75266880
14.75891241
14.76584282
14.78089255
14.79367389
16.01834664
16.02830935
16.04279049
16.05668688
16.06714547
16.07514048
15.99033052
15.96951854
15.94401416
15.92192363
15.89869461
15.88926958
15.87598352
15.87742841
15.86817830
15.86141128
14.39645984
14.39484801
14.40695899
14.42229350
14.44717916
14.48590484
14.52479712
14.56455359
14.60347761
14.64349686
14.70141820
14.74470805
14.78952733
14.83997510
14.89107200
14.93615286
16.53314265
16.59865044
16.64320737
16.70846691
16.76610985
16.82286503
16.86780639
16.91774093
16.95810183
18.30065182
17.05008918
17.10029566
17.06883395
17.11109232
17.14552104
17.18267466
17.21656937
17.23906466
17.26250858
17.27532798
17.29745284
18.73698284
18.77184947
18.48394665
18.52682550
18.57744289
18.62617117
18.68309830
18.75254312
18.81533001
18.63506632
18.92251758
18.97654104
19.02979324
19.08959547
19.13873136
19.19401129
19.25023191
19.30271600
17.27371876
17.30999630
17.34410958
17.37480340
19.54546216
19.60767745
19.66179116
19.71205107
19.75440414
19.80301143
19.83889687
19.87483711
19.91563304
19.95379730
19.98872213
20.02561347
20.05161818
20.07894032
17.82075162
17.83531420
17.85490426
17.87186356
17.88421219
17.89735095
20.25055355
20.26708799
20.28028760
20.28780052
20.28582271
17.88182346
20.27440313
19.84586724
19.82395721
19.81610091
19.80223550
19.78708046
19.75924516
19.73373250
19.70452149
19.67586443
19.63882678
19.59782399
19.54947542
19.49572774
19.44004129
19.38166935
17.64703318
17.59561077
17.54350959
17.49579567
19.12916968
18.65281976
17.36705192
19.03888283
19.04232750
19.05468478
19.06775814
19.08943823
19.11509638
19.14651245
19.18025395
19.41725525
19.45680509
19.49295209
19.53294907
19.55681838
19.60004666
19.61963115
19.65677253
19.69765773
19.73372040
19.76995390
19.80913947
19.84950282
19.87989045
19.91777573
19.95614727
19.99297681
20.02112071
20.04676373
20.07538034
20.10306924
20.13237996
20.16511152
20.19503656
20.22743330
20.25558089
20.27976723
20.30451990
20.32154202
20.34078784
20.36178759
20.37896565
20.39087652
20.41050566
20.42742719
20.44806976
20.46823223
20.48446922
20.49353273
20.50645188
20.52457777
20.54549881
20.56313502
20.58487789
20.61014846
20.63007233
20.65158943
20.66061037
20.67721659
20.68414528
20.70316903
20.70648499
20.70240410
20.68413349
20.67713536
20.66108366
20.66076083
20.66377511
20.66151428
20.66051819
20.53393415
20.54923817
20.55919350
20.56694856
20.56672610
20.56347455
20.56103282
20.55336267
20.54979583
20.54214889
20.54871691
20.55110313
20.55691638
20.56871358
20.57808126
20.57839521
20.58303750
20.58481609
20.57911810
20.56538529
20.54212107
20.52182143
20.49666032
20.46997817
20.44174603
20.40767419
20.36464044
20.33200300
20.29736913
20.25582847
20.20930639
20.16447353
20.12339944
20.07409702
20.03013488
19.98267056
19.94206243
19.90741374
19.87057846
19.84176964
19.82042372
19.79782710
19.78066830
19.76283576
19.74317832
19.72250173
19.70027319
19.66900726
19.63923417
19.60862666
19.57350443
19.54873524
18.70643985
18.67083051
18.63624753
18.59850811
18.56186335
18.52762972
18.48571177
19.32564720
19.28894984
19.25520129
19.22085543
19.18752031
19.15412846
19.11940212
18.17766026
18.09884766
18.28801239
18.29196685
18.26847478
16.96656199
16.99052497
17.01485978
17.43794814
17.47212791
17.50175491
17.52771106
17.54577650
17.55964434
17.58239919
17.59897649
17.61817660
17.63398915
17.64827779
17.66024837
17.67144561
17.67896002
17.68696898
17.69649605
17.70504501
17.71537373
17.72052473
17.72015145
17.71407382
17.70472410
17.69311218
17.67648537
17.66669052
17.65972954
17.65810282
17.65832916
17.66380752
17.66946297
17.68537163
17.69511745
17.70364244
17.70571024
17.71695198
17.72545733
17.73860535
17.74926271
17.76737948
17.78626633
17.81168560
19.31591052
19.34577392
19.37185936
19.39390193
19.41421185
19.43305127
19.45064806
19.46233015
19.46865087
19.47168124
19.47272856
19.47595863
19.49075001
19.50663422
19.52776781
19.55284071
19.58546524
19.62186306
19.65738295
19.69035896
19.72396550
19.74948968
19.77439035
19.80148086
19.83145394
19.86330536
19.89508467
19.93043238
19.96603714
19.99772226
20.02940495
20.06327147
20.09955979
20.13972804
20.17679914
20.22228889
20.25788971
20.29432862
20.33099428
20.36704854
20.40008848
20.43266493
20.46133407
20.48795269
20.51095560
20.53427554
20.55396239
20.57351126
20.59211128
20.60159435
20.61470703
20.62705141
22.06511588
22.07480587
20.60912940
20.58238373
19.98068069
19.93462635
21.23183314
21.20770107
21.18660969
21.16665512
21.14348925
21.12022634
21.09768216
21.07368756
21.04723856
21.02247707
20.99664238
20.96852418
20.93570561
20.90109313
20.87150944
20.83973798
20.80430813
20.76865856
20.73276337
20.70376171
20.67952031
20.66245130
20.64946676
20.64489959
20.66117058
20.68419079
20.71622057
20.74960735
20.77896473
20.80094540
20.82122368
20.84317248
20.86394325
20.88254853
20.90241177
20.92204278
20.94732189
20.97610572
21.00585944
21.04468833
21.08463445
22.59653929
22.64318563
22.69581406
22.74546851
22.80230148
22.85680965
22.91550817
22.97548139
23.04104179
23.10072881
23.15841804
23.20719635
23.25032809
23.28994505
23.32545040
23.35968780
23.39185093
23.41937528
23.45350221
23.49340215
23.53689140
23.58056027
23.62574920
23.66928817
22.20104689
22.24406524
22.27826623
21.22029284
21.26502443
21.30419028
21.33784465
21.36530925
21.38681280
21.40096009
22.42424414
22.42475982
22.41868539
22.40923751
22.39978381
22.38958235
22.37443070
22.35339897
22.33097006
22.30835738
22.28660764
22.26667536
22.24919078
22.22867317
22.20657761
22.17948853
22.15048500
22.11719551
22.07864231
22.03329271
21.99156804
21.79562645
21.74226816
21.68058906
21.60809660
21.53146293
21.45587870
21.37625673
21.52208447
20.31806855
20.26235227
20.20732541
20.16336042
20.12605509
20.09242487
20.06258085
20.03077023
20.00302688
19.97998958
19.96891604
19.96511616
19.97318222
19.99692268
20.02531920
20.05726407
20.08965968
20.12230926
20.15675642
20.19611414
20.24432287
20.30385398
20.37023704
20.43648643
20.49913251
20.55960900
20.61557513
20.66841532
20.71870351
20.76515640
20.81085749
20.85725004
20.90097195
20.94438798
20.98285626
21.01722627
21.04786159
21.07546745
21.10407472
21.13404207
21.33217396
21.38299934
21.42861245
21.47127306
21.50791260
24.23009648
24.27389361
24.31546033
24.35678764
24.39458322
24.42993485
24.46551852
24.50744052
24.54968771
24.59476788
24.63825902
24.68319945
24.72697996
24.76803503
26.23925204
26.28733470
26.34296748
26.39535742
26.45009309
26.49861923
26.54302830
26.58299961
26.62130994
26.65705744
26.68105553
26.70744793
26.73201986
28.18929952
28.25669290
28.32009493
28.38706365
26.54776033
26.61924631
26.69117939
26.75621187
26.81834092
26.87891090
26.93310980
24.53273009
24.57734509
24.61957232
24.66248714
24.70614266
24.75037189
24.79312256
24.83264418
24.87213938
24.91321283
24.95833813
26.52271728
26.56197403
26.60300667
26.63983708
26.67282768
26.70123348
26.72437856
26.74036953
26.75271049
26.76739690
29.59680253
29.60230187
29.60852390
29.61273158
29.61254867
29.61869204
29.62163635
29.62952398
29.64235713
29.65528091
29.67242614
29.69597686
29.72868824
29.78115862
29.83634797
29.89426954
29.95084630
28.66070908
28.72149436
28.77815133
28.83467259
28.89008236
28.93649210
28.98082963
29.02563166
29.06919852
29.11894322
29.16898882
29.21554542
27.81769647
27.86048181
27.89904397
27.93448172
27.98349121
28.02863659
28.06838571
28.10555781
28.14135035
28.17403616
28.20420643
28.23217417
28.25811040
28.28824013
28.32021417
27.91463807
27.94283334
27.96500760
27.98231963
28.00034468
28.02661085
28.55476459
28.57706498
28.59743034
28.62005689
28.63778696
28.64143448
28.63875704
28.63600955
28.62895063
28.62218639
28.61677878
28.60918499
28.59941366
28.59160705
28.63545749
28.62414895
28.61241957
28.82427289
28.82426307
28.82816236
28.83585933
28.84588204
28.85710589
28.86006380
28.79692998
28.78244891
28.76934701
28.76095370
28.74185481
28.72137639
28.69993582
28.68187657
28.66801192
28.65751046
28.65041521
28.64373223
28.64279781
28.64305684
28.64203427
28.64500383
28.66039962
28.67532914
28.69195548
28.71410994
28.73336762
28.75310316
28.79336104
28.82894454
28.86046021
28.89384226
28.92255423
28.94607149
28.96228581
28.97422465
28.98943059
29.00452009
29.91234563
29.94691558
29.97855991
30.01229765
30.04553703
30.07260097
30.09792815
28.98602945
28.99764982
29.00128066
29.00384749
29.01147884
29.02121874
29.03741157
28.47494983
28.48148949
23.68659098
23.70074746
23.71058799
23.70696730
23.66203828
23.67793206
23.64774752
23.62467963
24.81405714
24.82006217
24.81419316
24.79290499
24.78798322
24.76876636
26.15938332
31.50920161
31.52109329
26.19409533
31.53876738
26.23488974
31.57774524
31.59909686
31.62241449
30.37328657
25.12599272
30.42790727
25.21317331
30.49335669
30.51624318
25.31196182
30.55877091
30.57773302
30.59104730
30.59907226
25.44459388
30.60158993
30.59792408
30.59458130
30.58949545
30.58191576
30.56658276
30.36302034
30.35706315
30.34410795
30.32629342
30.29797702
25.24624170
30.20257211
25.17520239
30.07358674
25.07456250
29.93277978
24.95175886
29.79766969
24.82493901
29.66658100
29.60391622
29.54543897
29.49037933
29.44331563
29.39949489
29.36344971
29.32894840
29.29992712
29.28088728
29.26583896
29.26113100
29.27122297
29.29421787
29.32664340
29.36851417
29.42093671
29.48359609
29.55464421
29.62959410
29.71198218
29.79642149
29.88317608
29.96913333
30.05463460
30.14300743
30.22565900
30.30105443
30.37056017
30.43261984
30.48748970
30.53864117
30.58943902
30.63552344
30.67108229
30.70342673
25.98472966
30.75906100
26.08041019
30.81715949
26.11092999
26.13741261
26.15981120
30.87898289
30.87511193
26.14869072
30.86162706
26.13606113
30.85315954
30.85481178
30.85822774
30.86380015
26.18565002
30.90093342
26.23222090
30.95422365
26.30951109
26.34758556
26.34267514
26.33504076
26.35838507
26.33687665
26.33099582
26.33120591
26.31281610
26.30864542
26.28567353
26.24164470
30.77511060
26.21121460
26.17820572
26.13401317
26.10982528
26.06372931
27.48592846
23.67100722
23.63206167
23.60195219
27.28632482
23.46749607
23.43163654
27.09069265
23.34531446
23.36248020
23.33020341
23.32193106
23.31939348
23.30331698
26.94426239
23.31180791
23.32550664
23.35030116
23.34271218
23.37569533
26.97266519
23.41866000
27.01048910
27.02857294
23.51690670
27.04692257
23.54156629
23.56784307
23.56272050
23.59000574
23.61156877
23.61461369
23.62477618
27.10622877
23.60170226
26.40593141
30.53495019
26.34835158
30.46259617
30.42454775
30.39480437
30.37054764
26.90113787
26.33241668
26.35119915
26.38105100
26.42181059
26.46690675
26.51438836
26.56080884
26.60419081
26.64197260
26.68449145
23.48406854
27.60207308
27.65366346
27.70124040
27.74566943
31.05320422
31.07918031
31.10142630
31.11786283
27.21554392
27.24465310
27.26600319
27.28018041
27.29265215
27.30074688
27.31040339
27.32558862
27.33407851
27.33899186
27.34468203
27.35431052
27.35892424
27.35930726
27.35469472
27.34747192
27.33373772
27.31634005
27.29682873
27.28025093
27.26096986
27.24307758
27.22003027
27.19665917
27.17072319
27.14354003
27.12001077
27.09584716
27.06786137
27.03635594
27.00454279
26.96753966
26.93613423
26.91086918
26.89644709
26.88201176
26.87114904
26.86507991
26.85960262
26.85178730
26.83728470
26.82240409
26.80859856
26.79230684
26.77523234
26.76284795
26.74356628
26.72452083
26.70082788
26.67338507
26.63802770
26.60269395
26.56296456
24.43182790
24.39620839
24.36794006
24.34711899
24.33028027
24.31639231
24.30295949
24.29063391
24.29139736
24.28735790
24.28850681
24.29203176
24.29263682
24.29650228
24.29481957
24.29296190
28.32799864
28.35486969
28.38669156
28.42061530
28.46041354
28.50045522
28.54417355
28.58354600
28.61612535
28.64110773
28.66465658
28.68880067
28.71118434
28.72960716
28.75286790
28.77231331
28.79722203
28.82725827
28.85432833
28.88814251
28.92120105
28.95840540
28.99361975
29.03175352
29.07312102
29.11591827
29.16005728
29.20194157
29.24288339
29.27856717
29.30999848
29.33112350
31.94453848
31.97731286
32.01218865
32.04103372
32.07335818
29.51315221
29.54865125
29.58630332
29.62910745
29.67611235
29.71973175
32.37338393
32.42994047
32.48111162
32.53176191
32.57770574
32.61681613
32.64664010
32.67915484
32.70427606
32.72751198
32.74501665
32.76400158
32.78195843
32.79748134
32.80131827
32.79221582
30.07337715
30.06029009
30.03337864
30.01019476
29.98466253
29.95979521
29.93196788
29.90837035
29.88131583
29.85046489
29.82091204
29.79189362
29.76202215
29.73255481
29.69829771
29.66111235
29.62703025
29.59169097
29.56202854
29.53800320
29.52060605
29.50720220
29.49806942
29.49561550
29.49743406
29.50008983
33.07647861
33.07639646
33.07665215
33.08778787
33.10257686
33.12226603
33.15295947
33.19620534
33.24777504
33.30200336
33.37145516
33.44254162
33.51886262
33.59604966
33.67233598
33.75050363
33.82797593
33.90388536
33.97942658
34.04674222
34.10900755
34.16708427
34.22512230
34.27997502
34.33328053
34.38486383
30.66810646
30.71063767
30.75027661
34.57571480
30.83803897
30.88366525
30.92440550
30.96657433
30.99962035
30.91592948
30.94179077
30.96694799
30.99153068
31.01888574
31.04181685
31.06287867
31.07976468
31.09808168
31.11911869
31.13828089
31.15907293
31.18171534
31.20809311
31.22730993
31.24532232
30.22565087
30.24378548
30.26582952
33.14307181
33.19412440
33.24405949
33.29652844
33.34214193
33.38984011
33.43111677
33.47038857
33.50191644
33.54109085
33.57393261
33.61063083
33.64413269
33.68313951
33.71781323
33.74311149
33.76185665
33.77299618
33.77522668
33.76276815
33.74873808
33.73062377
33.71159942
33.68206000
37.54923468
37.51822869
37.48167375
37.44191444
37.39930808
37.35301829
37.30459674
37.24531807
37.18777864
37.13183705
37.07483390
37.02000636
36.96622102
36.91124285
32.99333896
32.95498748
32.92230965
32.89028116
32.86957748
32.85232321
32.84669772
32.84553056
32.84635588
36.73678933
36.73872204
36.73932925
36.73309498
36.72233834
36.70020025
36.67979508
36.66169907
36.63984828
33.36472563
33.33762449
33.30886405
33.28423136
33.26055151
33.23405927
33.19809239
29.20223874
29.15951814
29.11860438
29.08247962
29.05247665
29.02535761
28.99529995
28.95956394
27.31497723
27.28770497
27.26096512
27.22997696
27.20821157
27.20833170
27.21219086
27.21584136
27.22233666
27.23296175
27.24318552
27.24862567
27.25454230
27.26221476
33.43546460
33.45098638
33.46955417
33.49727508
35.01391994
33.55917878
33.59264088
33.62582430
33.66195214
33.70120291
33.74799295
33.80176657
33.86152772
35.34936236
29.20403779
29.25498002
29.30339418
29.35392722
29.40591634
29.45480416
35.71084416
35.74829602
35.79277257
29.62217702
29.67076682
29.72149345
29.76951826
29.81539509
29.85894277
29.89500705
29.92402612
29.95677805
29.97957108
30.00760894
30.04123681
30.07997030
30.12124858
28.62968094
30.18276755
30.20495415
30.22019221
30.23463116
30.24415637
30.25162776
30.26361708
28.70698197
28.71296037
28.71424655
28.71668634
28.72685418
28.73634102
28.74802113
28.76091607
30.42739108
37.53304302
37.55887854
37.57729573
37.59173054
37.59876990
37.59415177
39.18760097
39.17555788
39.16468318
39.15178494
39.14486148
39.13388981
39.12514766
39.11213339
39.09797413
39.08109210
37.43941649
39.05020868
39.03801381
39.01885346
37.36141854
37.33738404
38.93088016
37.27568962
37.23477116
37.19474179
37.15076290
37.10427616
37.05573514
38.61220691
36.97027945
36.93016879
38.47270258
38.42581023
38.36908336
38.31966591
38.26911450
38.22170511
38.17956458
38.14103631
42.74164500
42.71407502
42.68630784
42.66357729
42.64477096
42.62341769
42.60187762
42.59419027
42.56876626
42.57629971
42.58793456
40.43368279
40.43420237
40.43373668
40.19415585
40.19722851
40.20326788
40.20668390
40.20561482
40.21049240
40.22552848
40.23665624
40.25362764
40.27081463
40.27576718
40.27904863
40.28178838
40.28698771
40.28349432
40.28663886
40.28421762
40.29313034
40.29414617
40.30567355
40.30940594
32.75288637
32.75137579
32.74754155
32.75335793
32.74630347
32.74989753
32.74272616
32.73844231
32.73090096
32.73530869
32.73364101
32.73544312
32.74295473
32.73339501
32.73887543
32.73190210
32.75763317
32.77963524
32.79741666
32.82138343
32.84225228
32.86887051
32.88079133
32.91566883
32.94984384
32.97729273
32.99168523
33.02469842
33.03613352
33.05138408
33.06928024
33.08635387
33.09866928
33.11378308
33.11845776
33.11541425
33.11161310
33.09740985
33.08688596
33.07486803
33.07801382
33.07099405
33.07233348
33.07317274
33.07466158
33.08579679
33.10022708
35.55226301
35.58959450
35.62474745
35.66484580
35.69381304
35.72359074
35.75095149
35.78267042
35.80867558
35.83862487
35.85467148
35.87950654
35.90672618
35.93291385
35.95745225
35.97171544
35.98690538
36.00942476
36.03525796
36.06046302
36.09003252
36.11554526
36.14824491
36.16925582
36.19395598
36.21357329
36.24472417
36.26465357
36.29406802
36.31914601
36.33019639
36.35205903
34.27992187
34.31468503
34.34653482
34.39847435
34.44001627
34.48784202
34.53698819
36.53352280
39.15338272
39.18719593
39.21733341
39.24178782
39.26759385
39.28941734
39.32240509
39.33609053
39.36135870
39.37120267
39.39304700
39.41469399
39.42739463
39.44170780
39.44975108
39.45987608
39.45694492
39.45259677
41.64562598
41.63793806
41.61933747
41.59831429
37.20336913
37.20044935
37.19764144
37.19329105
37.19021593
37.19503557
37.18612110
37.19372880
37.20920088
37.21456666
37.21585767
37.20312176
37.21768133
37.20069272
37.21480047
41.47599015
41.48853523
41.49880273
37.35720651
37.37281984
37.39278802
37.42025422
37.43881149
37.48166914
45.05820643
45.10953361
45.15452959
45.20145592
45.24837895
45.29639343
45.33211058
45.35981788
45.39531872
45.41595159
45.44905238
45.47498370
45.50080402
45.51783242
45.53962064
45.54865002
45.54276463
45.53784123
45.52063719
45.49814680
45.46244155
45.43917246
45.39120394
45.36976573
45.32399625
45.29289293
45.25379012
45.22640168
45.19028797
45.16062286
45.12673451
45.08756319
45.04386394
45.00081378
44.96726776
44.91379036
40.01512942
44.83975389
44.80920450
44.76598861
44.72654310
44.33696995
44.30388247
44.27052499
44.23351055
44.20351905
44.17780896
44.14870180
44.13493221
44.12605915
44.12844938
44.12445278
44.13591115
44.13932081
37.17074023
37.18847383
37.21381362
41.83425244
41.85346404
41.86766332
41.87690029
41.88483962
41.88970437
41.91216834
41.92179126
41.93585122
41.94410919
41.95124469
41.96161696
41.97393714
41.98930935
41.99774994
42.00981240
42.02156605
42.03621279
42.07598088
45.35335761
45.38823025
45.41139085
46.18034122
46.22849949
46.28088017
46.32420880
46.36377198
46.40094409
46.45275728
46.50701105
43.36815303
43.42581574
43.48177223
43.53537758
43.57107222
43.60136329
43.63295864
43.65893111
43.68129163
43.69819003
43.70678704
43.71661571
43.71606473
43.70813843
43.71268706
43.71305220
43.70523053
43.70627174
43.69864928
43.69553523
43.68677759
43.67419758
43.65084442
43.62957167
43.59696898
43.57275575
43.55149590
43.52478145
43.50582492
43.48334154
43.47177804
43.45530794
43.44365401
43.43362339
43.42464232
43.41901371
43.41940240
31.66372975
31.65995591
31.65580574
31.67841442
31.69538953
31.71343155
31.73793178
31.77177353
31.80583755
31.84243725
31.87156303
31.90325331
31.92402834
31.95939547
31.98313528
32.01925192
32.04831317
32.08869783
32.11871273
32.15934411
32.18689813
32.22773733
32.25937244
32.30197015
32.33718150
32.37449272
32.40698840
32.43972119
44.01853338
44.04220448
44.05470220
44.08198465
44.09482303
44.11399873
44.13290263
44.14933944
44.16608816
44.17432067
44.19677234
44.21105965
44.23211131
44.25587143
44.27542267
44.29915647
44.32537025
44.35047393
44.36720418
44.38176044
44.39946844
44.41270023
44.42112291
44.43492051
44.43554423
44.43991596
44.45499952
44.46389106
44.47174132
44.47642383
44.49302068
44.50520171
44.52524668
44.54940821
44.57810076
44.60916689
44.64478025
44.67284896
44.71138857
44.74951784
44.78876940
44.82257118
44.85536776
44.87092858
44.88770323
44.89526282
44.90110759
44.90249991
44.90159731
44.90370286
44.91864253
44.92507054
44.92872028
44.93328921
44.94109367
44.95251682
44.97181213
44.98123623
45.00898809
45.05951943
45.10461981
45.15070023
45.19646621
45.23255865
45.26996313
45.31634613
34.56918421
34.61399962
34.64578867
34.67161368
34.68879910
34.70231688
34.70119117
34.69314671
34.68036105
34.66957758
34.65968530
34.65596150
34.66239845
34.65854462
34.66654763
34.66942281
34.67633832
34.69534039
34.71414218
45.48553085
45.51701990
45.55217646
45.57824275
45.59964083
45.61503284
45.62542137
45.64059195
45.65168396
45.65601410
45.66504058
45.66804288
45.68529122
45.69836480
45.71346530
45.73457548
45.74963367
45.75834489
45.77640310
45.79316602
45.81445424
45.83779859
35.36202515
35.41284592
35.46022364
35.50542523
35.54313375
35.59397724
35.63701091
35.68716489
35.72858414
35.77202335
35.82024822
35.85364433
35.88810568
35.92573210
35.95840605
35.98363996
35.99658011
36.00362302
36.00539776
36.00110996
35.99429842
35.98075886
35.95741414
35.92855655
35.89511872
35.84971986
35.79131506
35.73256133
35.66712907
35.60047725
35.53598756
35.47390840
35.41752953
35.35693194
35.31146768
35.25504365
35.19331376
35.12587804
35.05116226
34.97863664
34.90712601
34.82839927
34.74145918
34.65192783
37.40393321
37.29362767
37.18054188
37.06763284
36.95799991
36.86556975
36.79854790
36.74314184
36.68967019
36.64505610
36.60100126
36.55321167
36.50896610
36.46823275
36.43255698
36.39915864
36.36845485
36.35020120
36.34090942
36.33364573
36.33443702
36.33702616
36.33920033
36.35377563
36.37257154
36.40076193
36.44134540
36.48364255
36.52150189
36.56159539
36.60277652
36.64685485
36.69074724
36.73843817
36.78516004
36.82702333
36.87546437
36.91928667
36.96966470
37.01039052
37.04634323
37.07706634
37.10442245
37.13557821
37.17137521
37.20641098
37.24195907
37.28073509
37.31131975
37.35523494
37.39795640
37.43469968
37.47440855
37.51197774
37.55386231
37.59000834
37.64101642
37.68441776
37.74298021
37.80177487
37.86885222
37.94246804
38.01856237
38.09042458
36.28306034
36.37055665
36.45736118
36.53389964
36.61832803
36.70131108
36.79508685
36.87721709
38.90187043
38.99644861
39.08418214
39.17332428
39.25646892
39.34974984
39.42827817
39.51297668
39.59677290
39.67803829
39.75262319
39.83179734
39.91239252
39.98306714
40.05598907
40.13406846
40.20563890
40.27525817
40.35555682
40.42910348
40.49425357
40.56628792
40.64075473
40.71081750
40.77982178
40.86129563
40.92397057
40.98515454
41.05063792
41.11091915
41.16093714
41.21914222
41.26456184
41.30774658
41.34309512
39.33448109
39.36197766
39.38441527
39.41657276
39.44769174
39.47956784
39.51849540
39.55814290
39.57774445
39.61110425
39.64337697
39.67778433
39.70027550
39.73551455
39.76367429
39.79840064
39.84090378
39.87748515
39.92602813
39.97632833
40.01374849
40.05207422
40.09671676
40.14407524
46.16244764
46.21194438
46.26415272
46.31090651
46.35623818
46.41250007
46.45552985
46.49232177
46.53793670
46.57591452
46.61362844
46.64412874
46.68058506
46.71270874
46.74342974
46.77424434
46.80669722
46.82998712
46.85335751
46.87364679
46.89613422
46.91635057
46.93224162
46.94695127
46.95898108
46.97393159
46.98794273
46.99536466
47.01203822
47.01665477
47.01757952
47.01556923
47.01041486
47.00010698
46.99411836
46.98567355
46.97811762
46.97219734
46.96250993
46.95584758
46.94774051
46.93524777
46.92579285
46.92383241
46.92213176
46.92530101
46.93335294
40.95213193
40.96588381
40.98560552
41.00669400
41.02913231
41.05563861
41.08039359
41.10379284
41.13618957
41.17691327
41.21402630
41.25044024
41.30023375
41.34855045
41.39202435
41.43534345
41.48208563
41.51537312
41.56528792
41.60794293
41.64910015
44.05723593
44.08977074
44.12230696
44.15424350
44.18065573
44.20705147
44.23936454
44.27105727
44.30157830
44.33408440
44.37603634
44.41058076
44.45301785
44.48692450
44.51810677
44.56352878
47.34274501
44.64951079
47.43119320
47.46625547
47.49573721
47.53008319
47.57143581
47.61118872
47.66328051
47.70989199
47.75385120
47.81125077
47.86188300
47.92703763
47.97977232
48.03354951
48.09167225
48.15359926
48.21449983
48.26771883
48.31062821
48.34959857
48.38214227
48.40933451
48.41984893
48.42702286
48.43339101
46.00910076
45.99938510
45.97621777
45.95003078
45.93202232
45.90420533
45.88971115
45.87251003
45.86617966
45.85270076
45.85546128
45.84887386
45.83760355
45.82256553
45.79637260
45.77445719
45.75556296
45.72947561
45.71183785
45.72268607
45.73558059
45.75672560
43.95115567
43.95246800
43.95335661
43.95563385
43.96067260
43.95853640
43.95465284
43.94773235
43.95421268
43.95336420
43.95765705
43.96541125
43.96545665
43.97407102
43.97743637
43.97959819
43.97839150
43.97681739
43.97255124
43.96005797
43.95584297
43.93964899
43.92649783
43.91584641
43.90907658
43.89795835
43.88815815
43.87754542
43.87530991
43.86386456
43.84912257
43.83560335
43.81267851
43.79861949
43.77445690
43.76281970
43.73986425
43.72875644
43.71251269
43.69490081
43.68216337
43.66662477
43.64861268
43.64440361
43.64207020
43.63931265
43.64478109
43.66054928
43.67855989
43.69270068
43.70383624
43.73138048
43.74096125
43.76005117
43.76990437
43.78142183
43.79230922
43.80916855
43.82689947
43.84516603
43.86711818
43.88514527
43.89968639
43.92956276
43.96547801
44.00031495
44.03909242
44.08255640
44.13984950
46.12829661
46.18639982
46.24049692
46.29772834
46.34742432
46.40231872
46.46451152
46.51077591
46.56166136
46.59872631
46.65241958
46.69096619
50.61533461
50.65436494
50.68703284
50.72470323
50.74902385
50.78538940
50.81875178
50.83717900
50.86566698
50.88662298
50.91101914
50.92772289
50.93147595
50.93156585
50.94139843
50.95480149
50.95948432
50.96089384
50.96908119
50.97321589
50.97754847
50.98572347
51.00894799
47.27936326
47.27975140
47.27981616
47.27629521
47.27214385
51.07022555
51.08978936
51.10094488
51.11386217
51.11154837
51.10750852
51.10937126
51.10457099
51.09496274
51.08750508
51.07240843
51.06449212
51.04254412
51.03405224
51.02534489
51.02152104
51.02335480
51.02897408
51.03152748
51.03820865
51.04184952
51.04235030
51.04175910
51.05028301
51.05298625
51.05921410
46.79029093
46.77537152
46.76009570
46.73994637
46.71706840
46.69791278
46.67730440
46.65556503
46.63679869
46.59937392
46.58010740
46.54805067
41.62364535
40.40782463
40.39659071
40.39101642
40.38563296
40.38497708
40.40087566
40.41920825
40.43766553
44.67628265
44.68935558
44.70200161
44.71231537
44.72082271
44.72585451
44.74036929
44.75242216
44.77895194
44.80130248
44.83730125
44.86139562
44.89300379
44.90815053
44.93487285
44.95075197
44.96753732
44.98182364
44.99746035
45.01203871
45.03767216
45.06294545
45.08592271
45.09556829
45.12286448
45.13572204
45.15446911
45.17198087
45.18437949
45.20313917
45.22431573
45.24061672
45.26186137
45.28129833
45.29362715
47.07774820
47.08058354
47.08376596
47.08684810
47.09526174
47.12131029
47.13010363
47.16312369
47.18742574
47.22117868
47.24027302
47.27416234
47.28718415
47.31594961
47.34786989
47.36818789
47.40867472
47.43847735
47.47567040
47.50907541
47.54908230
47.59201258
47.62147608
47.64482164
47.67082355
47.69614241
47.71833009
47.73956863
47.75024910
47.77506941
47.78980497
47.81425738
47.84428100
47.87096092
47.89574210
47.92567821
47.95407660
47.97892392
48.00888564
48.02399086
48.05015087
48.07328679
48.08163852
48.09674483
48.09213985
48.08650968
48.08771044
48.08249397
48.09138680
48.09022393
48.09392126
48.11331504
48.13630283
48.16104493
47.44503943
47.49890695
47.55338667
47.60662427
47.66297677
47.70208717
47.74858392
47.78550355
47.83352767
47.87712935
47.92461816
47.95886715
48.01667240
48.05762234
48.10056770
48.14084589
48.17498091
48.20488613
48.22434694
48.23461401
48.25022172
48.25225631
48.26833297
48.29010516
48.29880373
48.31987416
48.34003129
48.35997380
48.37219300
48.38866264
48.39485304
48.40847067
48.43109273
48.44609469
48.47459669
48.49974593
52.69177998
52.68771623
52.69433010
52.70220409
52.71368185
52.72331571
52.72576191
52.72580331
52.73581167
52.73673612
52.74322853
52.40766250
52.41734723
52.41804044
52.43305881
52.44582207
52.46808408
52.49234265
52.50698232
52.54185956
50.36033987
50.39323972
50.42342258
50.45639722
50.48731720
50.51914017
50.54162358
50.56025465
50.58264049
50.60197433
50.62926742
50.64597720
50.66617588
50.68629739
50.70190222
50.72634269
50.74377119
50.76708890
50.78956540
50.81016263
50.83190357
50.84696998
50.85756195
50.86949146
50.87563547
50.87514122
50.88226537
51.48816159
51.49225200
51.49006121
51.48610139
51.48096581
51.47023258
51.45944034
51.44108574
51.42625651
51.40889307
51.39476311
51.37509428
51.35439090
51.33779009
51.32365293
51.30644366
51.29008779
50.77153846
50.76222712
50.75248709
50.74731206
50.73903163
50.73913799
51.18508706
51.17944521
51.17832920
51.17549108
51.17287348
51.17427376
51.16918614
51.15510160
51.13388881
51.10949478
51.08403018
51.05517618
51.02201005
50.98657683
50.94852725
50.91281736
50.88459714
50.86340976
50.84047072
50.81956245
50.79813746
50.77606135
50.75144749
50.72836957
50.70280862
50.67960526
50.44497722
50.43191870
50.42207303
50.41363933
50.40712232
50.39982809
50.39752751
50.39293030
46.46715346
46.45839360
46.44478728
46.43563591
46.43035401
46.43014287
46.42813311
46.42473867
46.42564375
46.42937526
46.43339464
46.43683159
46.44002107
46.43934035
46.43760639
46.43115014
46.70641955
46.70702311
46.70781568
46.70709769
50.51995691
50.51040256
50.49444032
46.68740401
46.67995847
50.44480865
50.42868367
50.40841810
50.38800528
46.63264378
46.61426599
50.31641050
50.29010245
50.26799540
46.55675380
46.54768940
46.54612825
46.54774477
46.55687671
46.56888357
46.59091346
46.61464802
46.63506911
46.65707297
46.68009768
46.70449450
46.72960189
49.20022735
49.23839037
49.27373580
53.57258050
53.59860910
53.63053075
53.65239685
53.67584205
53.69800251
53.71950570
53.73837541
53.75652656
53.77817920
53.79587489
53.81054797
53.82328959
53.83733503
53.85060203
53.86505079
53.87924927
53.88899988
53.90076044
53.91390174
53.92281112
53.92938968
53.93989866
53.95204053
53.96652750
53.97824751
53.98810417
53.99870649
54.01247299
54.02446043
54.04058022
54.05328132
54.06898813
54.08023898
54.09893844
54.11339675
54.12967190
54.14302748
54.15698235
54.16571226
54.16911517
54.16621899
54.16078598
54.15661841
54.14768297
54.13909777
54.12423147
54.11712397
54.10505082
54.09486213
54.09388012
54.09484587
54.08935170
54.08598251
54.08168290
54.07440965
54.06490305
50.38045164
50.35473239
50.32406822
50.29497260
50.26181856
50.23006508
50.19290778
50.15814122
50.11808668
50.08751815
50.04590349
50.00411918
49.96240446
49.92996780
49.89669415
49.86448742
49.83289884
49.80260897
49.77510374
49.74767968
49.72206560
49.69303695
49.66389604
49.63312802
49.60322532
49.57482155
49.54110032
49.50273897
49.46726896
49.42766201
49.39733852
49.35708248
49.31860861
49.28408985
49.24969716
49.21715389
49.19017264
49.17345695
49.15999911
49.14954796
49.13980946
49.13236844
49.11800383
49.10148885
49.07863045
49.05349496
49.02388807
49.00113108
48.97476847
48.94768005
48.91511274
48.88157569
48.85220907
48.82341135
48.80279773
48.78416455
48.76909262
48.75630877
48.74432022
48.72912211
48.70979950
48.68976956
48.66454212
48.64128091
48.62016373
48.59667604
48.57378473
48.54941887
48.53205314
48.51758034
48.50637322
48.49190466
48.48084995
48.46910211
48.46151436
48.45150008
48.44256143
48.42889067
48.42037690
46.24011966
46.23613428
46.23216073
46.22747449
48.35015027
48.33934966
48.33084259
48.32467868
48.31362967
48.30157920
48.29043178
48.27677502
48.25744049
48.23907143
48.21934535
48.19983131
48.17461844
48.15553181
48.13339938
48.11598570
48.09819295
48.08461652
48.07459718
48.06824037
48.05980635
48.05570469
48.04945930
47.29659585
47.29788417
47.30461834
47.30726053
47.30767270
47.30767190
47.31015012
47.30918708
47.30408758
47.30236168
47.30028197
47.30214707
40.47794240
40.47337244
40.46576061
40.45531206
40.44485591
40.43830216
40.43199530
40.43121168
40.43431067
40.43932997
45.68223432
45.67873470
45.67524010
45.66341036
45.65190336
45.64020140
45.62708212
45.60625784
45.58056681
45.55441608
45.52249088
45.48674323
45.44722509
45.40533643
45.35944487
45.32348170
45.28693897
45.24930436
45.20136983
51.95041404
51.89616118
51.84416120
51.79097405
51.73694592
51.67643634
51.61036920
51.53881595
51.45889952
51.37266100
51.28429568
51.19463472
51.11429860
51.04226732
50.97455072
50.91284133
44.12890006
44.07277805
44.01802168
43.96438358
43.91303677
43.86550642
43.81882137
43.77808272
50.50943499
50.48485430
50.47247281
50.46636545
50.45946159
50.45466011
50.45216276
50.45086783
50.45691291
50.46350819
43.63712093
43.64568584
43.65963810
43.67316000
43.68483032
43.69153932
43.70343094
43.72658959
43.75569236
43.78211832
43.80938980
43.83709362
43.86593454
43.89784005
43.93144401
43.96078349
43.98808207
44.00972048
44.02644631
44.04314094
44.05667021
44.06581804
44.07615460
44.09049851
44.10335764
44.12574011
44.14959855
44.17682190
44.20540919
44.22929553
44.25392976
44.27602943
44.30200394
44.32699311
44.35453961
44.37785004
44.39108499
44.40367660
44.40695727
44.41606704
44.42433569
44.43219476
44.44114494
44.45215130
44.46754205
44.48114771
44.50102777
44.52316526
44.54968229
44.57862062
44.61434303
44.64776079
44.67846166
44.70936485
44.74173172
44.77481273
44.80618918
44.84013675
44.87549049
44.90905739
44.93364839
44.95078965
44.95845579
44.95918136
44.95216839
44.94214807
44.92614204
44.90444851
44.88053962
44.86220311
44.83809468
44.82121596
44.79957837
44.78558047
44.76597176
44.74496575
44.72074517
44.70268649
44.67872945
44.66163575
44.63963689
44.61954453
44.60290417
44.58462366
44.57212378
44.55265855
44.54281993
44.52800460
44.51976333
44.50309646
44.49122749
44.47504226
44.45752756
44.43669525
44.42379262
44.42100145
44.41789136
44.42206022
44.41751024
44.41680213
44.41751966
44.42519472
44.42381087
44.43012301
44.44161886
44.44320372
44.45038874
44.45395479
44.46103468
44.47341601
44.48230524
44.50233428
44.50974517
44.51811448
45.10933537
45.11065960
45.11492037
45.12121683
45.12535054
45.13316448
45.13650171
45.15386831
45.16207710
45.17372618
45.19153826
45.20693177
45.22431706
45.23244955
45.25789644
45.28686891
45.31744267
45.33886210
45.37612718
44.76075246
44.79719177
44.84287577
44.88292435
44.91900896
44.94914549
44.97114264
45.00024013
45.01267757
45.02555561
45.03702548
45.04595847
45.05316584
45.07223252
45.08833656
45.11085197
45.13076824
45.15197720
45.16998866
45.19750483
45.20878884
45.22418728
45.23196106
45.25152004
45.26983243
45.27247245
45.28769510
45.29020816
45.28317819
45.27645502
45.26335107
45.25275554
45.24842583
45.24408790
45.24916751
45.25165873
45.26131118
45.26573816
45.27326630
45.27782097
45.28431167
45.28841543
45.29608972
45.29458793
45.30370929
45.30428867
45.30278002
45.30143776
45.29803460
45.28701713
45.27672327
45.26212117
45.24131686
45.21281106
45.18276811
45.14642002
45.11554938
45.06784843
45.03463246
44.98752882
44.94579051
44.90909821
44.86787732
44.82898151
44.78500535
44.73642941
44.69304468
44.65713814
44.61497593
44.57038285
44.52871891
44.48441759
44.45208203
55.67665140
55.67314064
55.66403510
55.65850105
55.65393222
55.65157609
55.66044632
55.66073891
55.67212878
55.67363381
55.68815043
55.70003397
55.71186465
55.71988919
55.73724931
55.74744570
55.76118793
55.76230613
55.75796445
55.74449059
55.72986955
55.71761432
47.58373490
47.58585671
47.59354281
47.60017650
47.60363383
47.61166574
50.07873697
50.11197368
50.14420180
50.16977260
50.20241066
50.23743326
50.27467888
50.30119581
50.33891690
50.37359556
50.41565128
50.45791046
50.50390318
50.56158016
50.61728044
50.67771644
50.72753619
50.77849672
50.83106635
50.88633085
50.93210421
50.97168549
51.02790519
51.06372650
51.11127885
51.15336323
51.19068054
60.70076898
51.27117687
51.32034937
51.35959268
51.38733671
51.42306661
51.45869155
51.49375789
51.52237824
51.55498496
51.59104111
51.62333729
61.13592465
61.17512661
61.20878617
61.25821967
61.30001764
61.34562135
61.38626104
61.42712945
61.45976483
61.49479353
61.52351776
61.55078934
61.58236391
61.60537229
61.63404300
61.65506849
61.67343662
61.69096521
61.70480118
61.71607863
61.72275482
61.73205756
61.74241517
61.76332327
61.77379091
61.80512785
61.81717194
61.83486705
61.84732425
61.86200398
61.87604935
61.88706847
61.90073577
61.90322394
61.90512195
61.89566595
61.89022131
61.87471916
61.85845733
61.83158101
61.81227446
61.77124591
61.74176423
61.70518898
61.66952318
61.62724390
61.59340502
61.56260548
61.52501768
61.49452149
61.45718160
61.41419488
61.37530976
61.33504791
61.29789900
61.25145237
61.20641050
61.15578377
61.10561978
61.05534688
61.00542771
60.96378199
60.92523823
60.89500843
60.86112452
60.82708657
60.79634004
60.76915793
60.73922127
60.71351496
60.68605621
60.66238261
60.63877995
60.61952532
60.59370064
60.57034811
60.54353860
60.51588168
60.48827222
60.46413152
60.43563752
60.41279651
60.38832512
60.36838649
60.35032490
60.33931017
60.33871836
60.33890271
60.34575025
60.34672783
60.36229834
60.37718935
60.38806668
60.40476425
60.41878465
60.43353460
60.44772231
60.47118130
60.49472426
60.51109982
60.52480820
60.53653714
60.54400076
60.54145216
60.54099111
60.53847353
60.53396834
60.53199669
60.52367308
60.51953637
60.51277954
60.49930347
60.48180186
60.45814278
60.43597273
60.40654195
60.37398189
60.34234102
60.30661616
60.27311230
60.23885154
60.20596171
60.17308047
51.82797149
60.12532617
60.10450765
60.08968273
60.07277991
60.05799832
60.04944390
60.03786398
60.02919662
60.02018454
60.00567416
59.98947723
59.97536457
59.95882412
59.94092615
59.92749640
59.91502749
59.90325542
59.88878238
59.86989162
59.85258359
59.83834601
59.83010136
59.82547597
59.82122811
59.81631339
59.80979466
59.80194551
59.79187774
59.77854452
59.76856646
59.75378759
59.73471630
59.71251422
59.68463574
59.65433631
59.62041860
59.58573550
59.54539764
59.50425224
59.45881319
59.40875081
59.35961577
59.30840815
59.25577140
59.20881875
59.16575843
59.12500853
59.08078982
59.03884917
58.99909315
58.95339284
58.91232412
58.87142682
58.83287542
58.79651141
58.76441972
58.74052959
58.71892521
58.69992579
58.67988458
58.66335680
58.65135376
58.64286103
58.63482787
58.62831009
58.62234468
58.61675836
58.61064935
58.61029482
58.61349520
58.61808499
58.62411724
58.62601050
58.62539159
58.61543529
58.60283452
58.57956690
58.54678856
52.48632509
52.44921509
52.40827469
52.36384331
52.31667669
52.27159915
52.22798787
58.12936034
58.06841671
58.00714230
57.94449646
57.88776461
57.83357339
57.79467030
57.76526218
57.74579910
57.72502074
57.70932419
57.69843320
57.68989171
57.68794552
57.68680910
57.69455167
57.70881506
57.72433122
57.73456867
57.74746409
57.75821623
57.76899443
57.77449585
57.78535199
57.79708081
57.80447780
57.81114278
57.81541834
57.82321045
57.83189027
57.83689033
57.84040242
57.84139990
57.84504129
57.84527864
57.85081440
57.85987128
57.86887249
57.87682068
57.88868120
57.90020161
57.90977959
57.91847430
57.92255224
57.92495067
57.92166584
57.91552505
57.90641481
57.89188457
57.88050103
57.86587721
57.85128904
57.83484844
57.81581141
57.79695909
57.78070585
57.76464343
57.75526768
57.74688537
57.73587285
57.72188151
57.71655209
57.70297029
57.69851331
57.69200795
57.69590307
57.70275979
57.71840701
57.73735893
57.75422033
57.76484832
57.77207515
57.77873204
57.78342655
57.78738056
57.79295665
57.80267032
57.81147385
57.82554430
57.84355015
57.86885211
57.89757561
57.92138889
57.93698920
57.95674855
57.97622986
57.99150055
58.00461361
58.02010226
58.03586385
58.04606426
58.05492677
58.05783072
58.06598862
58.07738363
58.08524750
58.09434256
58.10063266
58.11207886
58.11634770
58.11954591
58.11481969
58.10578299
58.09218619
58.07627099
58.06081373
58.04051429
58.01875830
57.99290986
57.96145342
57.92409609
57.88883294
57.85111954
57.81804974
57.78479606
57.75105896
57.71344600
57.67169012
57.64035779
57.60979898
57.58734558
57.56644263
57.55117448
57.54180776
57.52888572
57.52030221
57.51027892
57.50108448
57.48806187
57.47184522
57.45515263
57.44196756
57.42854672
57.41664921
57.40704401
57.39644162
57.38691553
57.37761125
57.36824338
57.35810853
57.35145026
57.33828695
57.32552075
57.31510485
57.29905002
57.28409587
57.27340840
57.25735340
57.24519815
57.22787115
57.21176391
57.19784677
57.18498772
57.17693075
57.16789156
57.15942227
46.09156905
46.09085045
46.11633157
57.22270179
57.26285150
57.30324855
57.34957336
57.38980223
57.43136201
57.46584620
57.49906223
57.53330617
57.56845733
57.60694413
57.64566880
57.68566884
57.72209513
57.75846476
57.79104890
57.82776058
57.85745397
57.89385666
57.92854465
57.96895852
58.00695385
58.04325142
58.07692812
58.10815088
58.13439155
58.15763374
58.17486120
58.18419299
58.19095757
58.19655055
67.03385309
67.04893184
67.06468114
67.08106156
67.10302140
67.12776195
67.15801927
67.19302113
67.22416725
67.26334905
66.70449926
66.75021205
66.79548139
66.83848774
66.88056290
66.92030833
66.96183393
66.99998856
67.03658299
67.07331393
67.10441264
67.12728559
67.14296855
67.15621650
67.17059110
67.18175453
67.18737964
67.18932185
67.18508697
67.18183446
67.17784446
67.17273464
67.16799388
67.16557514
67.16796674
67.17602427
61.87920257
61.89522120
61.91877981
61.94804600
61.98694004
62.02945285
62.07445878
62.11921693
62.16317670
62.20263999
62.25132018
62.29928806
62.34971945
62.39798559
62.44151855
62.48420324
62.52625854
62.56241871
62.59733054
62.62557463
62.65118672
62.66984419
62.68602656
62.69959541
62.71576473
62.73170117
62.74397513
62.75688006
62.76502966
68.23401730
68.24558577
68.26609785
68.28360842
68.30181290
68.32148791
68.34158333
68.36226191
68.38506742
68.40738063
68.42837323
68.44953051
68.46880033
68.49075023
68.51666567
68.54578982
68.57602938
68.60056017
68.63430878
68.66599123
68.69734074
68.72891832
68.76095032
68.79449475
68.82303422
68.85776786
68.88878927
68.92314399
68.95516220
68.99190166
69.02331731
69.05387055
69.08980796
69.12137740
69.15465726
69.18632547
69.21788369
69.24205958
69.26763892
69.28777453
69.30640799
69.32249574
69.33469180
69.34150814
69.34500945
69.35269717
69.35222497
69.35558326
69.35442046
69.34970536
69.33836528
69.32693747
69.31972616
69.31086451
69.30027510
69.28685310
69.27224984
69.25137882
69.22870476
69.20250558
69.17881392
69.15611285
69.13295274
69.11373886
69.08057353
69.05057364
69.00847140
68.96785819
68.92563908
68.88490554
68.83874082
68.79560021
68.75408906
68.70668956
68.66156049
68.61323050
68.56734386
68.52506663
68.48331512
68.45035151
68.41700536
68.38481309
68.35407898
68.32096945
68.28288160
68.24355986
68.20367802
68.16680932
68.13621491
68.11295776
68.08910841
68.07610878
68.07250775
68.07479343
68.07533789
68.07382389
68.07459981
68.07153779
68.06716620
68.06367897
68.05600064
68.05017330
67.78059616
67.79871060
60.78901933
60.81002806
60.82620867
60.84118796
60.85506910
60.86593097
60.87257017
60.87872987
60.88427384
60.88904375
60.89344866
60.90078134
60.90163808
60.90853086
60.91016911
60.91072460
60.90285307
60.89004109
60.87295336
60.85687321
60.84534678
60.83844573
60.83679579
60.84476388
60.85509676
60.86675578
60.88799366
68.12492369
68.15667801
68.19622716
68.23931443
68.28350848
68.32804354
68.36851611
68.40961106
68.44534333
68.48556281
68.52532052
68.57001250
68.61041840
68.65438001
68.69461508
68.73991926
68.78943259
68.84193749
68.89071404
68.93801209
68.98208209
69.02171119
69.06028040
69.09440280
69.12848462
69.15653464
69.18721056
69.21361244
69.23892967
69.26033931
69.27858216
69.30064187
69.31564890
69.32742795
69.32783588
69.32502117
69.31348560
69.29558201
69.26521434
69.23362058
69.19141740
69.14772979
69.09885881
69.04670389
68.99993837
68.95790671
68.92235823
61.59561793
61.56822095
61.53862443
61.50614028
61.47196917
61.43242260
61.39301938
61.35676739
61.33030978
61.30313845
61.28309792
61.27062667
61.26606022
61.26262802
61.26270179
61.25630826
61.24919841
61.23385846
61.21705386
61.19003256
68.33077804
68.29278829
68.25665802
68.22423458
68.19267874
68.16053259
68.13112115
68.15167422
68.12576676
68.09851803
68.07929704
68.06483422
68.04990331
68.03892478
68.03145588
68.02856855
68.02577552
68.03280829
68.04829105
68.06277062
68.06560476
68.06779033
68.06755260
68.07018464
68.07237692
68.07773185
68.07604498
68.08114124
58.85449278
58.89020792
58.93117676
58.97614299
59.02587084
59.08183185
59.14266784
59.20506534
59.26631462
59.32612844
59.38956859
59.45397408
59.52451741
59.59795732
59.67746188
59.75860797
59.84080594
59.92384378
60.00209760
60.07829592
60.15325499
60.22648230
60.29361323
60.35868580
60.41752510
60.47945742
60.53382642
60.58895388
60.64104258
60.68684042
60.72411131
60.75494518
60.78127883
60.80393126
60.81625130
60.82474796
60.83129946
60.84062930
60.85069021
60.85654187
60.86382819
60.86162413
60.86467497
60.87094014
60.87743059
60.88177838
60.88328597
60.88430779
60.88023659
60.87498379
60.86713191
60.86239238
49.94018554
60.84834481
60.84224495
60.83558992
60.83232732
60.82449790
60.81294390
60.80054328
60.79267129
60.78356144
60.77090898
60.75895418
60.74159270
60.72438763
60.70737404
60.68711721
60.66390207
60.63880037
60.61243583
60.59060943
60.56739471
60.54152539
60.51533388
60.49193084
60.47058686
60.45341551
60.42700889
60.40814706
60.39628131
60.38214581
60.37601446
60.37021320
60.37390743
60.37624164
60.38149803
60.39432113
60.40639385
60.42245118
60.43503606
60.44894798
60.45809007
60.46799108
60.47974657
60.48308813
60.48367274
60.47630506
60.46781088
69.28833522
69.26506643
69.24114761
69.21032403
69.17517687
69.13679220
60.32805456
60.29615135
60.25425871
60.21922266
60.18631486
60.14950927
60.11324721
60.07423983
60.04287189
60.01719951
59.99832349
59.98060547
59.97066916
59.96032980
59.95338152
59.94794963
59.93379927
59.91641582
59.90222730
59.88344050
59.86920469
59.84932335
59.83053283
59.81326598
59.79513822
59.77728175
59.75893901
59.73701767
59.71309112
59.68756276
59.66181656
59.63769634
59.60935356
59.58181362
59.55474207
59.52748706
59.50696530
59.48442044
59.47079534
59.45538067
59.43864832
59.42025096
59.39793314
59.37281026
59.34605594
59.31328433
59.27821337
59.23556491
59.19306428
59.15088263
59.11273578
59.07365277
59.03551376
67.38524098
67.35010858
67.31123494
67.27356001
67.23529818
56.02174098
55.97450074
55.93081524
55.88306191
55.83793324
66.96690430
66.92350238
66.88332605
66.84598495
66.80602975
66.76432250
66.72250668
66.68054119
66.64344452
66.59760404
66.55477653
66.49999166
66.44253976
66.38343567
66.32998880
66.26759692
66.20800285
66.14420479
66.07891500
66.00928697
65.94100930
65.87280832
65.80467450
65.74098322
65.67386526
57.39930829
57.35109107
57.30586794
57.25622502
57.21246201
57.16827475
57.13216761
57.09410372
57.06081063
57.02643877
57.00032093
56.97317931
56.94804574
56.91950438
65.08538257
65.06423900
65.04521047
65.02408197
65.00266151
64.97613382
64.94562737
64.91672361
64.88885552
64.86328020
64.83399628
64.80119650
64.75981207
64.71907798
64.67075327
64.61932688
64.57480101
64.53840458
64.51210630
64.48630968
64.46857852
64.45220396
64.44303734
64.43443166
64.42844102
64.42093896
64.41313164
64.39772526
64.38225378
64.37839481
64.37582297
64.37442744
64.36738403
64.35483165
64.34325917
64.32819430
64.31349556
64.29834745
64.29097730
64.27771600
64.26543459
64.25245489
64.24285498
64.23488058
64.23211311
64.23031347
64.22724410
64.22488762
64.22484942
64.22880069
64.23141031
64.23179278
64.23706758
64.23922070
64.24291702
64.24363344
64.24418372
64.24175250
64.23625539
64.23110756
64.22352930
64.21519116
64.20531577
64.18972652
64.17741825
64.16558125
64.15395739
64.14530166
64.13952143
64.12919195
64.11848472
64.10827221
64.10406248
64.09778304
64.09083564
64.08133460
64.07561996
64.08416188
64.09327172
64.09596477
64.09675032
64.09807818
64.09919533
64.08664329
64.07670860
64.06218846
64.05352264
64.04783969
64.03579027
64.02091277
64.00544051
63.99218683
63.97969223
63.96655600
63.95939785
63.95777970
63.96064639
63.97023655
63.98391759
64.00957505
64.03373118
64.05921592
64.08552496
64.11895021
64.14535451
64.17221191
64.19585111
64.21606839
64.22888358
64.24288440
64.25463568
64.26969966
64.27640384
64.28900300
64.29807633
64.31226502
56.29740133
56.30333438
56.30232062
56.30281899
56.30014114
64.32603263
64.33640460
64.34766958
64.36145505
64.37753531
64.39964435
64.41804269
64.44031864
64.46131926
64.48829613
64.51587850
64.54245581
64.55957023
64.57738681
64.59320150
64.61054772
64.62907006
64.64924746
64.66912220
64.68705641
64.70468356
64.72363536
64.74944740
64.77441034
64.79976378
64.81710702
64.83329389
64.85343400
64.87172022
64.89357741
64.91517662
64.94112094
64.96811644
64.99688016
65.03019855
65.06639474
65.10514957
65.14927266
65.19124412
65.23318721
65.26920642
65.30742711
65.34291381
65.37380808
65.40108084
65.42573633
65.44730965
65.46796065
65.48611804
65.50726122
65.52916680
65.55170808
65.57909424
65.59881262
65.61774910
65.62838597
65.64206299
68.08307073
68.08557021
68.07883174
68.07448855
68.06958194
68.07072034
68.07115463
68.07242883
68.07059300
68.07011964
68.07417744
68.07718394
68.07728208
68.07792453
68.07548791
68.07048119
68.06063275
68.05353363
68.04577440
68.04153365
68.03748421
68.03862796
68.03625707
68.04161298
68.04677482
68.05915094
68.07223388
68.08040413
68.09076139
68.09886764
68.10670813
68.11354789
68.12318775
68.13052154
68.13645654
68.13998417
68.14621832
68.15077122
68.16255163
68.16930042
68.18079247
68.18024960
68.17552985
68.16569065
68.14707344
68.12615637
68.09792211
68.06567958
68.03469987
67.99871954
67.96506423
67.93597309
67.90652760
67.88012098
67.85483285
67.83989900
67.82625581
67.82353491
67.81858443
67.81871025
67.82042261
67.82431795
59.54829612
59.55004205
59.54852793
59.54682844
59.54653913
59.54906205
59.55002037
59.55075501
59.54817458
59.54149626
59.53461502
59.52551991
59.52035497
59.51423866
59.50925173
59.50442695
59.50681339
59.50935731
59.51594829
59.51996677
59.52511234
59.52597408
59.52231068
59.52064692
59.51821514
59.51537308
59.51368989
59.50562629
59.49176094
59.47534852
57.05940779
57.04805236
57.03602236
57.01753343
57.00055747
56.98075187
56.96308560
56.94309393
56.92109463
56.90030592
56.87659959
56.84918441
56.82292340
56.79928970
56.78190779
56.76276851
56.74887344
56.74112089
56.74019445
56.73564135
56.73354265
56.73286036
65.21660074
65.21329377
65.20430813
65.18893500
65.16356988
65.13034410
65.09316626
65.05506588
65.01270184
64.96828363
64.92507075
64.87876967
64.83254949
64.79258418
64.75802912
64.72877104
64.70203847
65.42112449
65.40393930
65.39073260
65.38097685
65.36318671
65.34495382
65.32357240
65.29568094
65.26120835
65.22539963
65.19255351
65.16194857
65.13815753
65.11719391
65.09817369
65.07771649
65.05900988
65.03678125
65.02195917
65.00223657
64.98727757
64.97392253
64.95920001
64.95047965
64.94403218
64.93504052
64.92918784
64.92470244
64.92272910
64.92013727
56.11184412
56.11418751
56.11809282
56.12306896
56.12700527
56.12857154
56.12718503
56.12740286
56.12793563
56.13030037
56.13842333
56.15363775
56.17009287
56.18999761
56.21301199
56.23847215
46.49096899
46.53426793
46.57306880
46.61855938
46.66881219
46.72575713
46.78175508
46.83148923
46.87983261
46.92308516
46.96916961
47.00928439
47.04800257
47.07717794
47.09558457
47.10354366
47.10235572
47.09626991
47.08302448
47.06964935
47.05343579
47.03234887
47.00827022
46.98566473
46.95387581
46.91869620
46.88700116
46.84883404
46.81003824
46.76601581
46.71794102
46.66967662
46.61739123
46.56335540
46.50655727
46.45034464
46.39344981
46.33923623
46.28239895
46.22531967
46.17078317
46.11661122
46.06426973
46.01502332
45.96760040
45.91681980
45.87036872
45.81680438
45.76228548
45.71262638
45.65442732
45.59868437
45.54697577
45.49252271
45.43962582
45.38249062
45.32402932
45.25996165
53.40734227
53.32863995
53.25370376
53.18135303
53.11791297
53.06501354
53.01976264
52.97826446
53.48684218
53.48144527
53.47846294
53.48518897
53.49393674
53.51025513
53.52626250
53.54245901
53.55855226
53.57107694
53.58105124
53.58354427
53.58117911
53.58354621
53.58487424
53.59410211
53.59505385
53.60195060
53.61350261
53.62233395
53.63061633
53.63980211
53.65428817
53.67433035
53.69090225
53.71394441
53.73618107
53.75528018
53.77561502
53.79782039
52.73078400
52.74462705
52.77956405
52.81534563
52.85331065
52.88824411
52.91902276
45.40953324
45.44518655
45.47754520
45.51161997
45.54460045
45.57990701
45.62161338
45.66641306
45.71339982
45.76043916
45.81300141
45.87127290
45.93407954
45.99389576
46.05589235
46.11820080
46.17933049
46.23640888
46.28835705
46.33537904
46.37747642
46.41828187
46.45367539
46.49062196
46.52603062
46.56095262
46.59435771
46.62650726
46.65261083
46.67586825
46.69313499
46.71085351
46.72193366
46.72977297
46.72972488
46.72787009
46.72449473
46.72650496
46.72749605
46.72978519
46.72781722
46.72247466
46.70901717
46.70058983
46.69346570
46.68285251
46.67238911
46.66818999
46.66406849
46.65319374
46.64277589
46.64108481
46.64108769
46.64188252
46.64519450
46.65054771
46.65275964
46.65172262
45.57520328
45.56352884
45.55379271
45.54732320
45.54247897
45.53967241
45.53903383
45.53264409
45.52180748
45.51068734
45.49877107
45.48450109
45.46155465
45.43790010
45.40902101
45.38033504
45.34862143
45.32216729
45.29413561
45.27163048
45.24494583
45.21710618
45.18743339
45.15686302
45.13353918
45.11226954
45.09447837
45.07654189
45.06235743
45.04639411
45.03324497
45.02141263
45.01157348
45.00377981
44.98848461
44.97435348
44.95171164
44.93033559
44.91473926
44.90627748
44.89418949
44.89253878
44.89201997
44.88819167
44.88828941
44.88639903
44.88274728
44.87762097
44.86585936
44.86111314
44.85735977
44.85393107
44.84645530
44.84156157
44.83538391
44.82445411
44.81590368
44.81117900
44.81469526
44.81739840
44.81850427
44.82273623
44.82561002
46.20690724
46.22062499
46.23003767
46.24080359
46.25045095
46.25206127
46.25999561
46.26331829
46.26282352
46.25645044
46.24921429
46.24525641
46.24688794
46.23789682
46.23207589
46.21959599
46.20901760
46.19310440
46.17496225
46.15964570
46.14623993
46.14013664
46.13592357
46.13844827
46.13740368
46.13772923
46.13527955
53.53066730
53.53481746
53.54281375
53.55320612
53.56330025
53.57263546
53.58103136
53.59005019
53.59795992
53.60361458
53.60329751
53.60797855
63.90979368
63.91196613
63.91440019
63.91294621
63.91429445
63.91051377
63.90478422
63.89628478
53.54765350
53.53940625
53.53374892
53.52903170
53.52466273
53.51809291
53.51407477
53.51128147
53.50951750
53.51090470
63.91998376
63.93040156
63.93915669
63.94532735
63.94926574
63.94757147
63.94563315
63.93872304
62.52108716
62.50831630
62.49174699
62.47434732
62.46148262
62.45170375
62.44362912
62.43960804
62.42902180
62.41790162
62.40369629
62.39212844
62.38210807
62.37789728
62.37617457
62.37338027
62.37066959
62.36167547
62.35354475
62.34609767
62.33928722
62.33270044
62.33287720
62.33373535
62.33440677
62.33865707
62.34085618
62.34248597
62.35090031
62.35060172
62.34842914
62.33693877
62.32208712
62.30406287
62.28328537
62.25709068
62.22560592
62.19026791
62.15094585
62.10608617
62.05960953
62.00594152
61.94718753
61.88819214
61.82824735
61.76535164
61.69798470
61.62772822
61.55810236
61.49063408
61.42327432
61.36201744
54.09807228
54.04755119
54.00280033
53.96056112
53.92735461
53.89980125
53.87980267
53.86661373
53.85802456
53.85488896
53.85727718
53.85694843
53.85665731
53.85280002
53.85123178
53.85093269
53.84967883
53.84252779
53.83660369
53.82349153
53.81068044
53.79794461
53.78425330
53.76948650
53.75320800
53.73282785
53.71015969
53.68722403
53.66439493
53.63677571
53.60875490
53.57692828
53.53887852
53.49592574
53.45401375
53.41248725
53.37024458
53.32795273
53.28667119
53.24376863
53.20418739
53.16690379
53.13362417
53.10120020
53.07208613
53.03994630
53.00993398
52.98503812
52.96238913
52.94013157
52.92296748
52.91223423
52.90368307
52.90462374
52.90676891
52.91700761
52.93502938
52.95576653
52.97827894
53.01864207
53.06037458
53.09730081
53.13295199
53.17106395
53.20231262
53.23018933
53.26002173
53.28492399
53.30676418
53.31873391
53.33341895
53.34624371
53.35855751
53.37425586
53.39058906
53.40049791
53.40975428
53.41358218
53.41423681
53.41204662
53.40730549
53.64122933
53.61557623
53.58281651
53.55041047
53.51815699
53.48170774
53.44521134
59.69832064
59.67827325
59.66153097
59.64110390
48.58568877
48.57156156
48.55812972
48.54731280
48.53868720
48.53482244
48.53604588
48.53610380
48.53881322
48.54367820
48.54790636
48.55102389
48.55530130
48.55497406
48.55778092
48.55303391
48.54766665
48.54833926
48.55185705
48.55701453
48.56668218
48.57196666
48.58048797
48.58390314
48.58509972
48.58901362
48.59037350
48.59210634
48.58967886
48.58265493
48.57709330
48.57002203
48.56379381
48.55632043
48.55190148
48.55278459
48.55282299
48.56061266
48.56949590
48.58214865
48.59478038
48.60896969
48.62489161
48.64019140
48.65547169
48.66369685
48.67091041
48.67122821
48.67038949
48.66385456
48.65684783
48.64465559
48.62840645
48.61069708
48.59276895
48.57143789
48.55189982
48.52921509
48.50475589
48.48288793
48.21327947
48.18641575
48.15995021
48.13231563
48.10005571
48.06771030
48.03469394
48.00055341
47.97083419
47.95724186
47.94327482
47.92858154
47.91354479
47.90170592
47.89126816
47.87617827
47.85777048
47.84199182
47.81904120
47.79753364
47.77356836
48.84243844
48.82059054
48.80531173
48.79342911
48.78592198
48.78012908
38.98429966
38.98262592
38.98630131
38.99058128
38.99520713
38.99514680
38.99927914
38.99902596
38.99865509
38.99267935
38.98391619
38.97470182
38.96508559
38.95586090
38.95194340
38.94640684
