1.66888548
1.79518038
1.95173291
2.18566630
2.31841991
2.56191418
2.91345936
3.15493176
3.35327911
3.52410683
3.92517511
3.72424566
3.88610406
4.03455345
4.24599564
4.49284924
4.67092529
4.84372466
4.86335223
5.01448484
5.17347152
5.57299227
5.46184505
5.63980194
6.34101447
5.95362487
6.14896785
6.66283319
6.86844069
6.71869464
6.89541618
7.00232137
7.07444461
7.01538032
7.13837650
6.70023970
6.82297450
7.22163432
7.34925087
7.47456480
7.99389222
7.74489143
7.91370119
8.07866764
8.24514197
9.05156447
9.22923668
9.39604122
9.56025624
9.73216095
9.90087968
9.89990816
10.05194548
9.96058227
9.83309733
9.98564907
10.12003713
10.27923929
10.39456704
10.49765593
10.59303457
10.69295157
11.25004045
11.33315678
11.41550209
11.49409255
11.57095098
11.65755005
12.43001276
12.52474432
12.61846537
12.70669571
12.79012414
12.86689266
12.94436337
13.01177526
13.08641162
13.15778064
13.23004169
13.30092227
13.37127046
13.43004547
13.47476235
13.52869460
13.57572593
13.61757744
13.65232753
13.67995102
13.04833381
13.08258710
13.11029903
13.10298517
13.11290680
13.12355405
13.16022619
13.19913605
13.22316779
14.19809012
14.20257376
14.21261673
14.21664038
14.21921719
14.21230015
14.20117215
14.18063078
14.15450443
14.12082535
14.08301691
14.04183759
14.00877928
13.97294120
14.73178668
14.69649256
14.65782249
14.61139957
13.21269313
14.53566469
14.50240606
13.15937723
13.13684847
13.67437522
13.66003700
13.63235787
13.62171691
13.60831105
13.59622630
13.58815383
13.58187362
11.92808159
13.57442907
12.92283945
13.56667669
13.08946079
13.57286274
13.59256047
14.87118686
14.90475317
15.17923062
15.21107658
15.24303121
15.27386628
15.30335047
15.32859910
15.35289763
15.37474826
14.11879865
15.42091150
15.44301790
15.45709553
15.00325359
15.00183486
15.00420951
15.00310892
14.99688818
14.98854108
14.98188020
14.97366063
14.96280692
14.07232024
14.05653629
14.04166186
14.02521252
14.00516971
13.98596406
13.96641070
13.94478831
13.92851947
14.07850299
14.89959548
14.89714585
14.74017394
14.73398999
14.72262393
14.70556123
14.68292807
14.67387619
14.66890668
14.66612379
14.65121596
14.62764540
14.59997661
14.56491539
14.52504193
14.48174315
14.44166776
14.40267988
14.35628914
14.31110903
14.26655720
14.22289719
14.18123857
14.14356587
14.10762233
14.22984331
14.19454326
14.16780519
14.14543907
14.12871067
14.11322358
14.12944785
14.15232291
13.86870773
13.90982486
13.95180959
13.99811254
13.13775196
13.19611755
13.25423682
13.31638169
13.37367854
12.44330566
12.48996007
12.54872407
11.43712222
12.19259982
12.74179287
12.80848919
12.87333004
12.94693097
13.01505999
13.08752438
13.15039192
13.20715640
13.25920563
13.32650377
13.39217376
13.46140418
14.35128876
14.42520379
14.49973096
14.57410700
14.64144718
14.71017538
14.76625157
14.82546489
14.88117748
14.93173214
14.97246316
15.00483931
15.02391684
15.03926614
15.05097746
15.04292955
14.40357994
14.38905420
14.39332736
14.64494231
14.64781790
14.66897105
14.69301913
14.72076113
14.73213646
14.75266880
14.75891241
14.76584282
14.78089255
14.79367389
16.01834664
16.02830935
16.04279049
16.05668688
16.06714547
16.07514048
15.99033052
15.96951854
15.94401416
15.92192363
15.89869461
15.88926958
15.87598352
15.87742841
15.86817830
15.86141128
14.39645984
14.39484801
14.40695899
14.42229350
14.44717916
14.48590484
14.52479712
14.56455359
14.60347761
14.64349686
14.70141820
14.74470805
14.78952733
14.83997510
14.89107200
14.93615286
16.53314265
16.59865044
16.64320737
16.70846691
16.76610985
16.82286503
16.86780639
16.91774093
16.95810183
18.30065182
17.05008918
17.10029566
17.06883395
17.11109232
17.14552104
17.18267466
17.21656937
17.23906466
17.26250858
17.27532798
17.29745284
18.73698284
18.77184947
18.48394665
18.52682550
18.57744289
18.62617117
18.68309830
18.75254312
18.81533001
18.63506632
18.92251758
18.97654104
19.02979324
19.08959547
19.13873136
19.19401129
19.25023191
19.30271600
17.27371876
17.30999630
17.34410958
17.37480340
19.54546216
19.60767745
19.66179116
19.71205107
19.75440414
19.80301143
19.83889687
19.87483711
19.91563304
19.95379730
19.98872213
20.02561347
20.05161818
20.07894032
17.82075162
17.83531420
17.85490426
17.87186356
17.88421219
17.89735095
20.25055355
20.26708799
20.28028760
20.28780052
20.28582271
17.88182346
20.27440313
19.84586724
19.82395721
19.81610091
19.80223550
19.78708046
19.75924516
19.73373250
19.70452149
19.67586443
19.63882678
19.59782399
19.54947542
19.49572774
19.44004129
19.38166935
17.64703318
17.59561077
17.54350959
17.49579567
19.12916968
18.65281976
17.36705192
19.03888283
19.04232750
19.05468478
19.06775814
19.08943823
19.11509638
19.14651245
19.18025395
19.41725525
19.45680509
19.49295209
19.53294907
19.55681838
19.60004666
19.61963115
19.65677253
19.69765773
19.73372040
19.76995390
19.80913947
19.84950282
19.87989045
19.91777573
19.95614727
19.99297681
20.02112071
20.04676373
20.07538034
20.10306924
20.13237996
20.16511152
20.19503656
20.22743330
20.25558089
20.27976723
20.30451990
20.32154202
20.34078784
20.36178759
20.37896565
20.39087652
20.41050566
20.42742719
20.44806976
20.46823223
20.48446922
20.49353273
20.50645188
20.52457777
20.54549881
20.56313502
20.58487789
20.61014846
20.63007233
20.65158943
20.66061037
20.67721659
20.68414528
20.70316903
20.70648499
20.70240410
20.68413349
20.67713536
20.66108366
20.66076083
20.66377511
20.66151428
20.66051819
20.53393415
20.54923817
20.55919350
20.56694856
20.56672610
20.56347455
20.56103282
20.55336267
20.54979583
20.54214889
20.54871691
20.55110313
20.55691638
20.56871358
20.57808126
20.57839521
20.58303750
20.58481609
20.57911810
20.56538529
20.54212107
20.52182143
20.49666032
20.46997817
20.44174603
20.40767419
20.36464044
20.33200300
20.29736913
20.25582847
20.20930639
20.16447353
20.12339944
20.07409702
20.03013488
19.98267056
19.94206243
19.90741374
19.87057846
19.84176964
19.82042372
19.79782710
19.78066830
19.76283576
19.74317832
19.72250173
19.70027319
19.66900726
19.63923417
19.60862666
19.57350443
19.54873524
18.70643985
18.67083051
18.63624753
18.59850811
18.56186335
18.52762972
18.48571177
19.32564720
19.28894984
19.25520129
19.22085543
19.18752031
19.15412846
19.11940212
18.17766026
18.09884766
18.28801239
18.29196685
18.26847478
16.96656199
16.99052497
17.01485978
17.43794814
17.47212791
17.50175491
17.52771106
17.54577650
17.55964434
17.58239919
17.59897649
17.61817660
17.63398915
17.64827779
17.66024837
17.67144561
17.67896002
17.68696898
17.69649605
17.70504501
17.71537373
17.72052473
17.72015145
17.71407382
17.70472410
17.69311218
17.67648537
17.66669052
17.65972954
17.65810282
17.65832916
17.66380752
17.66946297
17.68537163
17.69511745
17.70364244
17.70571024
17.71695198
17.72545733
17.73860535
17.74926271
17.76737948
17.78626633
17.81168560
19.31591052
19.34577392
19.37185936
19.39390193
19.41421185
19.43305127
19.45064806
19.46233015
19.46865087
19.47168124
19.47272856
19.47595863
19.49075001
19.50663422
19.52776781
19.55284071
19.58546524
19.62186306
19.65738295
19.69035896
19.72396550
19.74948968
19.77439035
19.80148086
19.83145394
19.86330536
19.89508467
19.93043238
19.96603714
19.99772226
20.02940495
20.06327147
20.09955979
20.13972804
20.17679914
20.22228889
20.25788971
20.29432862
20.33099428
20.36704854
20.40008848
20.43266493
20.46133407
20.48795269
20.51095560
20.53427554
20.55396239
20.57351126
20.59211128
20.60159435
20.61470703
20.62705141
22.06511588
22.07480587
20.60912940
20.58238373
19.98068069
19.93462635
21.23183314
21.20770107
21.18660969
21.16665512
21.14348925
21.12022634
21.09768216
21.07368756
21.04723856
21.02247707
20.99664238
20.96852418
20.93570561
20.90109313
20.87150944
20.83973798
20.80430813
20.76865856
20.73276337
20.70376171
20.67952031
20.66245130
20.64946676
20.64489959
20.66117058
20.68419079
20.71622057
20.74960735
20.77896473
20.80094540
20.82122368
20.84317248
20.86394325
20.88254853
20.90241177
20.92204278
20.94732189
20.97610572
21.00585944
21.04468833
21.08463445
22.59653929
22.64318563
22.69581406
22.74546851
22.80230148
22.85680965
22.91550817
22.97548139
23.04104179
23.10072881
23.15841804
23.20719635
23.25032809
23.28994505
23.32545040
23.35968780
23.39185093
23.41937528
23.45350221
23.49340215
23.53689140
23.58056027
23.62574920
23.66928817
22.20104689
22.24406524
22.27826623
21.22029284
21.26502443
21.30419028
21.33784465
21.36530925
21.38681280
21.40096009
22.42424414
22.42475982
22.41868539
22.40923751
22.39978381
22.38958235
22.37443070
22.35339897
22.33097006
22.30835738
22.28660764
22.26667536
22.24919078
22.22867317
22.20657761
22.17948853
22.15048500
22.11719551
22.07864231
22.03329271
21.99156804
21.79562645
21.74226816
21.68058906
21.60809660
21.53146293
21.45587870
21.37625673
21.52208447
20.31806855
20.26235227
20.20732541
20.16336042
20.12605509
20.09242487
20.06258085
20.03077023
20.00302688
19.97998958
19.96891604
19.96511616
19.97318222
19.99692268
20.02531920
20.05726407
20.08965968
20.12230926
20.15675642
20.19611414
20.24432287
20.30385398
20.37023704
20.43648643
20.49913251
20.55960900
20.61557513
20.66841532
20.71870351
20.76515640
20.81085749
20.85725004
20.90097195
20.94438798
20.98285626
21.01722627
21.04786159
21.07546745
21.10407472
21.13404207
21.33217396
21.38299934
21.42861245
21.47127306
21.50791260
24.23009648
24.27389361
24.31546033
24.35678764
24.39458322
24.42993485
24.46551852
24.50744052
24.54968771
24.59476788
24.63825902
24.68319945
24.72697996
24.76803503
26.23925204
26.28733470
26.34296748
26.39535742
26.45009309
26.49861923
26.54302830
26.58299961
26.62130994
26.65705744
26.68105553
26.70744793
26.73201986
28.18929952
28.25669290
28.32009493
28.38706365
26.54776033
26.61924631
26.69117939
26.75621187
26.81834092
26.87891090
26.93310980
24.53273009
24.57734509
24.61957232
24.66248714
24.70614266
24.75037189
24.79312256
24.83264418
24.87213938
24.91321283
24.95833813
26.52271728
26.56197403
26.60300667
26.63983708
26.67282768
26.70123348
26.72437856
26.74036953
26.75271049
26.76739690
29.59680253
29.60230187
29.60852390
29.61273158
29.61254867
29.61869204
29.62163635
29.62952398
29.64235713
29.65528091
29.67242614
29.69597686
29.72868824
29.78115862
29.83634797
29.89426954
29.95084630
28.66070908
28.72149436
28.77815133
28.83467259
28.89008236
28.93649210
28.98082963
29.02563166
29.06919852
29.11894322
29.16898882
29.21554542
27.81769647
27.86048181
27.89904397
27.93448172
27.98349121
28.02863659
28.06838571
28.10555781
28.14135035
28.17403616
28.20420643
28.23217417
28.25811040
28.28824013
28.32021417
27.91463807
27.94283334
27.96500760
27.98231963
28.00034468
28.02661085
28.55476459
28.57706498
28.59743034
28.62005689
28.63778696
28.64143448
28.63875704
28.63600955
28.62895063
28.62218639
28.61677878
28.60918499
28.59941366
28.59160705
28.63545749
28.62414895
28.61241957
28.82427289
28.82426307
28.82816236
28.83585933
28.84588204
28.85710589
28.86006380
28.79692998
28.78244891
28.76934701
28.76095370
28.74185481
28.72137639
28.69993582
28.68187657
28.66801192
28.65751046
28.65041521
28.64373223
28.64279781
28.64305684
28.64203427
28.64500383
28.66039962
28.67532914
28.69195548
28.71410994
28.73336762
28.75310316
28.79336104
28.82894454
28.86046021
28.89384226
28.92255423
28.94607149
28.96228581
28.97422465
28.98943059
29.00452009
29.91234563
29.94691558
29.97855991
30.01229765
30.04553703
30.07260097
30.09792815
28.98602945
28.99764982
29.00128066
29.00384749
29.01147884
29.02121874
29.03741157
28.47494983
28.48148949
23.68659098
23.70074746
23.71058799
23.70696730
23.66203828
23.67793206
23.64774752
23.62467963
24.81405714
24.82006217
24.81419316
24.79290499
24.78798322
24.76876636
26.15938332
31.50920161
31.52109329
26.19409533
31.53876738
26.23488974
31.57774524
31.59909686
31.62241449
30.37328657
25.12599272
30.42790727
25.21317331
30.49335669
30.51624318
25.31196182
30.55877091
30.57773302
30.59104730
30.59907226
25.44459388
30.60158993
30.59792408
30.59458130
30.58949545
30.58191576
30.56658276
30.36302034
30.35706315
30.34410795
30.32629342
30.29797702
25.24624170
30.20257211
25.17520239
30.07358674
25.07456250
29.93277978
24.95175886
29.79766969
24.82493901
29.66658100
29.60391622
29.54543897
29.49037933
29.44331563
29.39949489
29.36344971
29.32894840
29.29992712
29.28088728
29.26583896
29.26113100
29.27122297
29.29421787
29.32664340
29.36851417
29.42093671
29.48359609
29.55464421
29.62959410
29.71198218
29.79642149
29.88317608
29.96913333
30.05463460
30.14300743
30.22565900
30.30105443
30.37056017
30.43261984
30.48748970
30.53864117
30.58943902
30.63552344
30.67108229
30.70342673
25.98472966
30.75906100
26.08041019
30.81715949
26.11092999
26.13741261
26.15981120
30.87898289
30.87511193
26.14869072
30.86162706
26.13606113
30.85315954
30.85481178
30.85822774
30.86380015
26.18565002
30.90093342
26.23222090
30.95422365
26.30951109
26.34758556
26.34267514
26.33504076
26.35838507
26.33687665
26.33099582
26.33120591
26.31281610
26.30864542
26.28567353
26.24164470
30.77511060
26.21121460
26.17820572
26.13401317
26.10982528
26.06372931
27.48592846
23.67100722
23.63206167
23.60195219
27.28632482
23.46749607
23.43163654
27.09069265
23.34531446
23.36248020
23.33020341
23.32193106
23.31939348
23.30331698
26.94426239
23.31180791
23.32550664
23.35030116
23.34271218
23.37569533
26.97266519
23.41866000
27.01048910
27.02857294
23.51690670
27.04692257
23.54156629
23.56784307
23.56272050
23.59000574
23.61156877
23.61461369
23.62477618
27.10622877
23.60170226
26.40593141
30.53495019
26.34835158
30.46259617
30.42454775
30.39480437
30.37054764
26.90113787
26.33241668
26.35119915
26.38105100
26.42181059
26.46690675
26.51438836
26.56080884
26.60419081
26.64197260
26.68449145
23.48406854
27.60207308
27.65366346
27.70124040
27.74566943
31.05320422
31.07918031
31.10142630
31.11786283
27.21554392
27.24465310
27.26600319
27.28018041
27.29265215
27.30074688
27.31040339
27.32558862
27.33407851
27.33899186
27.34468203
27.35431052
27.35892424
27.35930726
27.35469472
27.34747192
27.33373772
27.31634005
27.29682873
27.28025093
27.26096986
27.24307758
27.22003027
27.19665917
27.17072319
27.14354003
27.12001077
27.09584716
27.06786137
27.03635594
27.00454279
26.96753966
26.93613423
26.91086918
26.89644709
26.88201176
26.87114904
26.86507991
26.85960262
26.85178730
26.83728470
26.82240409
26.80859856
26.79230684
26.77523234
26.76284795
26.74356628
26.72452083
26.70082788
26.67338507
26.63802770
26.60269395
26.56296456
24.43182790
24.39620839
24.36794006
24.34711899
24.33028027
24.31639231
24.30295949
24.29063391
24.29139736
24.28735790
24.28850681
24.29203176
24.29263682
24.29650228
24.29481957
24.29296190
28.32799864
28.35486969
28.38669156
28.42061530
28.46041354
28.50045522
28.54417355
28.58354600
28.61612535
28.64110773
28.66465658
28.68880067
28.71118434
28.72960716
28.75286790
28.77231331
28.79722203
28.82725827
28.85432833
28.88814251
28.92120105
28.95840540
28.99361975
29.03175352
29.07312102
29.11591827
29.16005728
29.20194157
29.24288339
29.27856717
29.30999848
29.33112350
31.94453848
31.97731286
32.01218865
32.04103372
32.07335818
29.51315221
29.54865125
29.58630332
29.62910745
29.67611235
29.71973175
32.37338393
32.42994047
32.48111162
32.53176191
32.57770574
32.61681613
32.64664010
32.67915484
32.70427606
32.72751198
32.74501665
32.76400158
32.78195843
32.79748134
32.80131827
32.79221582
30.07337715
30.06029009
30.03337864
30.01019476
29.98466253
29.95979521
29.93196788
29.90837035
29.88131583
29.85046489
29.82091204
29.79189362
29.76202215
29.73255481
29.69829771
29.66111235
29.62703025
29.59169097
29.56202854
29.53800320
29.52060605
29.50720220
29.49806942
29.49561550
29.49743406
29.50008983
33.07647861
33.07639646
33.07665215
33.08778787
33.10257686
33.12226603
33.15295947
33.19620534
33.24777504
33.30200336
33.37145516
33.44254162
33.51886262
33.59604966
33.67233598
33.75050363
33.82797593
33.90388536
33.97942658
34.04674222
34.10900755
34.16708427
34.22512230
34.27997502
34.33328053
34.38486383
30.66810646
30.71063767
30.75027661
34.57571480
30.83803897
30.88366525
30.92440550
30.96657433
30.99962035
30.91592948
30.94179077
30.96694799
30.99153068
31.01888574
31.04181685
31.06287867
31.07976468
31.09808168
31.11911869
31.13828089
31.15907293
31.18171534
31.20809311
31.22730993
31.24532232
30.22565087
30.24378548
30.26582952
33.14307181
33.19412440
33.24405949
33.29652844
33.34214193
33.38984011
33.43111677
33.47038857
33.50191644
33.54109085
33.57393261
33.61063083
33.64413269
33.68313951
33.71781323
33.74311149
33.76185665
33.77299618
33.77522668
33.76276815
33.74873808
33.73062377
33.71159942
33.68206000
37.54923468
37.51822869
37.48167375
37.44191444
37.39930808
37.35301829
37.30459674
37.24531807
37.18777864
37.13183705
37.07483390
37.02000636
36.96622102
36.91124285
32.99333896
32.95498748
32.92230965
32.89028116
32.86957748
32.85232321
32.84669772
32.84553056
32.84635588
36.73678933
36.73872204
36.73932925
36.73309498
36.72233834
36.70020025
36.67979508
36.66169907
36.63984828
33.36472563
33.33762449
33.30886405
33.28423136
33.26055151
33.23405927
33.19809239
29.20223874
29.15951814
29.11860438
29.08247962
29.05247665
29.02535761
28.99529995
28.95956394
27.31497723
27.28770497
27.26096512
27.22997696
27.20821157
27.20833170
27.21219086
27.21584136
27.22233666
27.23296175
27.24318552
27.24862567
27.25454230
27.26221476
33.43546460
33.45098638
33.46955417
33.49727508
35.01391994
33.55917878
33.59264088
33.62582430
33.66195214
33.70120291
33.74799295
33.80176657
33.86152772
35.34936236
29.20403779
29.25498002
29.30339418
29.35392722
29.40591634
29.45480416
35.71084416
35.74829602
35.79277257
29.62217702
29.67076682
29.72149345
29.76951826
29.81539509
29.85894277
29.89500705
29.92402612
29.95677805
29.97957108
30.00760894
30.04123681
30.07997030
30.12124858
28.62968094
30.18276755
30.20495415
30.22019221
30.23463116
30.24415637
30.25162776
30.26361708
28.70698197
28.71296037
28.71424655
28.71668634
28.72685418
28.73634102
28.74802113
28.76091607
30.42739108
37.53304302
37.55887854
37.57729573
37.59173054
37.59876990
37.59415177
39.18760097
39.17555788
39.16468318
39.15178494
39.14486148
39.13388981
39.12514766
39.11213339
39.09797413
39.08109210
37.43941649
39.05020868
39.03801381
39.01885346
37.36141854
37.33738404
38.93088016
37.27568962
37.23477116
37.19474179
37.15076290
37.10427616
37.05573514
38.61220691
36.97027945
36.93016879
38.47270258
38.42581023
38.36908336
38.31966591
38.26911450
38.22170511
38.17956458
38.14103631
42.74164500
42.71407502
42.68630784
42.66357729
42.64477096
42.62341769
42.60187762
42.59419027
42.56876626
42.57629971
42.58793456
40.43368279
40.43420237
40.43373668
40.19415585
40.19722851
40.20326788
40.20668390
40.20561482
40.21049240
40.22552848
40.23665624
40.25362764
40.27081463
40.27576718
40.27904863
40.28178838
40.28698771
40.28349432
40.28663886
40.28421762
40.29313034
40.29414617
40.30567355
40.30940594
32.75288637
32.75137579
32.74754155
32.75335793
32.74630347
32.74989753
32.74272616
32.73844231
32.73090096
32.73530869
32.73364101
32.73544312
32.74295473
32.73339501
32.73887543
32.73190210
32.75763317
32.77963524
32.79741666
32.82138343
32.84225228
32.86887051
32.88079133
32.91566883
32.94984384
32.97729273
32.99168523
33.02469842
33.03613352
33.05138408
33.06928024
33.08635387
33.09866928
33.11378308
33.11845776
33.11541425
33.11161310
33.09740985
33.08688596
33.07486803
33.07801382
33.07099405
33.07233348
33.07317274
33.07466158
33.08579679
33.10022708
35.55226301
35.58959450
35.62474745
35.66484580
35.69381304
35.72359074
35.75095149
35.78267042
35.80867558
35.83862487
35.85467148
35.87950654
35.90672618
35.93291385
35.95745225
35.97171544
35.98690538
36.00942476
36.03525796
36.06046302
36.09003252
36.11554526
36.14824491
36.16925582
36.19395598
36.21357329
36.24472417
36.26465357
36.29406802
36.31914601
36.33019639
36.35205903
34.27992187
34.31468503
34.34653482
34.39847435
34.44001627
34.48784202
34.53698819
36.53352280
39.15338272
39.18719593
39.21733341
39.24178782
39.26759385
39.28941734
39.32240509
39.33609053
39.36135870
39.37120267
39.39304700
39.41469399
39.42739463
39.44170780
39.44975108
39.45987608
39.45694492
39.45259677
41.64562598
41.63793806
41.61933747
41.59831429
37.20336913
37.20044935
37.19764144
37.19329105
37.19021593
37.19503557
37.18612110
37.19372880
37.20920088
37.21456666
37.21585767
37.20312176
37.21768133
37.20069272
37.21480047
41.47599015
41.48853523
41.49880273
37.35720651
37.37281984
37.39278802
37.42025422
37.43881149
37.48166914
45.05820643
45.10953361
45.15452959
45.20145592
45.24837895
45.29639343
45.33211058
45.35981788
45.39531872
45.41595159
45.44905238
45.47498370
45.50080402
45.51783242
45.53962064
45.54865002
45.54276463
45.53784123
45.52063719
45.49814680
45.46244155
45.43917246
45.39120394
45.36976573
45.32399625
45.29289293
45.25379012
45.22640168
45.19028797
45.16062286
45.12673451
45.08756319
45.04386394
45.00081378
44.96726776
44.91379036
40.01512942
44.83975389
44.80920450
44.76598861
44.72654310
44.33696995
44.30388247
44.27052499
44.23351055
44.20351905
44.17780896
44.14870180
44.13493221
44.12605915
44.12844938
44.12445278
44.13591115
44.13932081
37.17074023
37.18847383
37.21381362
41.83425244
41.85346404
41.86766332
41.87690029
41.88483962
41.88970437
41.91216834
41.92179126
41.93585122
41.94410919
41.95124469
41.96161696
41.97393714
41.98930935
41.99774994
42.00981240
42.02156605
42.03621279
42.07598088
45.35335761
45.38823025
45.41139085
46.18034122
46.22849949
46.28088017
46.32420880
46.36377198
46.40094409
46.45275728
46.50701105
43.36815303
43.42581574
43.48177223
43.53537758
43.57107222
43.60136329
43.63295864
43.65893111
43.68129163
43.69819003
43.70678704
43.71661571
43.71606473
43.70813843
43.71268706
43.71305220
43.70523053
43.70627174
43.69864928
43.69553523
43.68677759
43.67419758
43.65084442
43.62957167
43.59696898
43.57275575
43.55149590
43.52478145
43.50582492
43.48334154
43.47177804
43.45530794
43.44365401
43.43362339
43.42464232
43.41901371
43.41940240
31.66372975
31.65995591
31.65580574
31.67841442
31.69538953
31.71343155
31.73793178
31.77177353
31.80583755
31.84243725
31.87156303
31.90325331
31.92402834
31.95939547
31.98313528
32.01925192
32.04831317
32.08869783
32.11871273
32.15934411
32.18689813
32.22773733
32.25937244
32.30197015
32.33718150
32.37449272
32.40698840
32.43972119
44.01853338
44.04220448
44.05470220
44.08198465
44.09482303
44.11399873
44.13290263
44.14933944
44.16608816
44.17432067
44.19677234
44.21105965
44.23211131
44.25587143
44.27542267
44.29915647
44.32537025
44.35047393
44.36720418
44.38176044
44.39946844
44.41270023
44.42112291
44.43492051
44.43554423
44.43991596
44.45499952
44.46389106
44.47174132
44.47642383
44.49302068
44.50520171
44.52524668
44.54940821
44.57810076
44.60916689
44.64478025
44.67284896
44.71138857
44.74951784
44.78876940
44.82257118
44.85536776
44.87092858
44.88770323
44.89526282
44.90110759
44.90249991
44.90159731
44.90370286
44.91864253
44.92507054
44.92872028
44.93328921
44.94109367
44.95251682
44.97181213
44.98123623
45.00898809
45.05951943
45.10461981
45.15070023
45.19646621
45.23255865
45.26996313
45.31634613
34.56918421
34.61399962
34.64578867
34.67161368
34.68879910
34.70231688
34.70119117
34.69314671
34.68036105
34.66957758
34.65968530
34.65596150
34.66239845
34.65854462
34.66654763
34.66942281
34.67633832
34.69534039
34.71414218
45.48553085
45.51701990
45.55217646
45.57824275
45.59964083
45.61503284
45.62542137
45.64059195
45.65168396
45.65601410
45.66504058
45.66804288
45.68529122
45.69836480
45.71346530
45.73457548
45.74963367
45.75834489
45.77640310
45.79316602
45.81445424
45.83779859
35.36202515
35.41284592
35.46022364
35.50542523
35.54313375
35.59397724
35.63701091
35.68716489
35.72858414
35.77202335
35.82024822
35.85364433
35.88810568
35.92573210
35.95840605
35.98363996
35.99658011
36.00362302
36.00539776
36.00110996
35.99429842
35.98075886
35.95741414
35.92855655
35.89511872
35.84971986
35.79131506
35.73256133
35.66712907
35.60047725
35.53598756
35.47390840
35.41752953
35.35693194
35.31146768
35.25504365
35.19331376
35.12587804
35.05116226
34.97863664
34.90712601
34.82839927
34.74145918
34.65192783
37.40393321
37.29362767
37.18054188
37.06763284
36.95799991
36.86556975
36.79854790
36.74314184
36.68967019
36.64505610
36.60100126
36.55321167
36.50896610
36.46823275
36.43255698
36.39915864
36.36845485
36.35020120
36.34090942
36.33364573
36.33443702
36.33702616
36.33920033
36.35377563
36.37257154
36.40076193
36.44134540
36.48364255
36.52150189
36.56159539
36.60277652
36.64685485
36.69074724
36.73843817
36.78516004
36.82702333
36.87546437
36.91928667
36.96966470
37.01039052
37.04634323
37.07706634
37.10442245
37.13557821
37.17137521
37.20641098
37.24195907
37.28073509
37.31131975
37.35523494
37.39795640
37.43469968
37.47440855
37.51197774
37.55386231
37.59000834
37.64101642
37.68441776
37.74298021
37.80177487
37.86885222
37.94246804
38.01856237
38.09042458
36.28306034
36.37055665
36.45736118
36.53389964
36.61832803
36.70131108
36.79508685
36.87721709
38.90187043
38.99644861
39.08418214
39.17332428
39.25646892
39.34974984
39.42827817
39.51297668
39.59677290
39.67803829
39.75262319
39.83179734
39.91239252
39.98306714
40.05598907
40.13406846
40.20563890
40.27525817
40.35555682
40.42910348
40.49425357
40.56628792
40.64075473
40.71081750
40.77982178
40.86129563
40.92397057
40.98515454
41.05063792
41.11091915
41.16093714
41.21914222
41.26456184
41.30774658
41.34309512
39.33448109
39.36197766
39.38441527
39.41657276
39.44769174
39.47956784
39.51849540
39.55814290
39.57774445
39.61110425
39.64337697
39.67778433
39.70027550
39.73551455
39.76367429
39.79840064
39.84090378
39.87748515
39.92602813
39.97632833
40.01374849
40.05207422
40.09671676
40.14407524
46.16244764
46.21194438
46.26415272
46.31090651
46.35623818
46.41250007
46.45552985
46.49232177
46.53793670
46.57591452
46.61362844
46.64412874
46.68058506
46.71270874
46.74342974
46.77424434
46.80669722
46.82998712
46.85335751
46.87364679
46.89613422
46.91635057
46.93224162
46.94695127
46.95898108
46.97393159
46.98794273
46.99536466
47.01203822
47.01665477
47.01757952
47.01556923
47.01041486
47.00010698
46.99411836
46.98567355
46.97811762
46.97219734
46.96250993
46.95584758
46.94774051
46.93524777
46.92579285
46.92383241
46.92213176
46.92530101
46.93335294
40.95213193
40.96588381
40.98560552
41.00669400
41.02913231
41.05563861
41.08039359
41.10379284
41.13618957
41.17691327
41.21402630
41.25044024
41.30023375
41.34855045
41.39202435
41.43534345
41.48208563
41.51537312
41.56528792
41.60794293
41.64910015
44.05723593
44.08977074
44.12230696
44.15424350
44.18065573
44.20705147
44.23936454
44.27105727
44.30157830
44.33408440
44.37603634
44.41058076
44.45301785
44.48692450
44.51810677
44.56352878
47.34274501
44.64951079
47.43119320
47.46625547
47.49573721
47.53008319
47.57143581
47.61118872
47.66328051
47.70989199
47.75385120
47.81125077
47.86188300
47.92703763
47.97977232
48.03354951
48.09167225
48.15359926
48.21449983
48.26771883
48.31062821
48.34959857
48.38214227
48.40933451
48.41984893
48.42702286
48.43339101
46.00910076
45.99938510
45.97621777
45.95003078
45.93202232
45.90420533
45.88971115
45.87251003
45.86617966
45.85270076
45.85546128
45.84887386
45.83760355
45.82256553
45.79637260
45.77445719
45.75556296
45.72947561
45.71183785
45.72268607
45.73558059
45.75672560
43.95115567
43.95246800
43.95335661
43.95563385
43.96067260
43.95853640
43.95465284
43.94773235
43.95421268
43.95336420
43.95765705
43.96541125
43.96545665
43.97407102
43.97743637
43.97959819
43.97839150
43.97681739
43.97255124
43.96005797
43.95584297
43.93964899
43.92649783
43.91584641
43.90907658
43.89795835
43.88815815
43.87754542
43.87530991
43.86386456
43.84912257
43.83560335
43.81267851
43.79861949
43.77445690
43.76281970
43.73986425
43.72875644
43.71251269
43.69490081
43.68216337
43.66662477
43.64861268
43.64440361
43.64207020
43.63931265
43.64478109
43.66054928
43.67855989
43.69270068
43.70383624
43.73138048
43.74096125
43.76005117
43.76990437
43.78142183
43.79230922
43.80916855
43.82689947
43.84516603
43.86711818
43.88514527
43.89968639
43.92956276
43.96547801
44.00031495
44.03909242
44.08255640
44.13984950
46.12829661
46.18639982
46.24049692
46.29772834
46.34742432
46.40231872
46.46451152
46.51077591
46.56166136
46.59872631
46.65241958
46.69096619
50.61533461
50.65436494
50.68703284
50.72470323
50.74902385
50.78538940
50.81875178
50.83717900
50.86566698
50.88662298
50.91101914
50.92772289
50.93147595
50.93156585
50.94139843
50.95480149
50.95948432
50.96089384
50.96908119
50.97321589
50.97754847
50.98572347
51.00894799
47.27936326
47.27975140
47.27981616
47.27629521
47.27214385
51.07022555
51.08978936
51.10094488
51.11386217
51.11154837
51.10750852
51.10937126
51.10457099
51.09496274
51.08750508
51.07240843
51.06449212
51.04254412
51.03405224
51.02534489
51.02152104
51.02335480
51.02897408
51.03152748
51.03820865
51.04184952
51.04235030
51.04175910
51.05028301
51.05298625
51.05921410
46.79029093
46.77537152
46.76009570
46.73994637
46.71706840
46.69791278
46.67730440
46.65556503
46.63679869
46.59937392
46.58010740
46.54805067
41.62364535
40.40782463
40.39659071
40.39101642
40.38563296
40.38497708
40.40087566
40.41920825
40.43766553
44.67628265
44.68935558
44.70200161
44.71231537
44.72082271
44.72585451
44.74036929
44.75242216
44.77895194
44.80130248
44.83730125
44.86139562
44.89300379
44.90815053
44.93487285
44.95075197
44.96753732
44.98182364
44.99746035
45.01203871
45.03767216
45.06294545
45.08592271
45.09556829
45.12286448
45.13572204
45.15446911
45.17198087
45.18437949
45.20313917
45.22431573
45.24061672
45.26186137
45.28129833
45.29362715
47.07774820
47.08058354
47.08376596
47.08684810
47.09526174
47.12131029
47.13010363
47.16312369
47.18742574
47.22117868
47.24027302
47.27416234
47.28718415
47.31594961
47.34786989
47.36818789
47.40867472
47.43847735
47.47567040
47.50907541
47.54908230
47.59201258
47.62147608
47.64482164
47.67082355
47.69614241
47.71833009
47.73956863
47.75024910
47.77506941
47.78980497
47.81425738
47.84428100
47.87096092
47.89574210
47.92567821
47.95407660
47.97892392
48.00888564
48.02399086
48.05015087
48.07328679
48.08163852
48.09674483
48.09213985
48.08650968
48.08771044
48.08249397
48.09138680
48.09022393
48.09392126
48.11331504
48.13630283
48.16104493
47.44503943
47.49890695
47.55338667
47.60662427
47.66297677
47.70208717
47.74858392
47.78550355
47.83352767
47.87712935
47.92461816
47.95886715
48.01667240
48.05762234
48.10056770
48.14084589
48.17498091
48.20488613
48.22434694
48.23461401
48.25022172
48.25225631
48.26833297
48.29010516
48.29880373
48.31987416
48.34003129
48.35997380
48.37219300
48.38866264
48.39485304
48.40847067
48.43109273
48.44609469
48.47459669
48.49974593
52.69177998
52.68771623
52.69433010
52.70220409
52.71368185
52.72331571
52.72576191
52.72580331
52.73581167
52.73673612
52.74322853
52.40766250
52.41734723
52.41804044
52.43305881
52.44582207
52.46808408
52.49234265
52.50698232
52.54185956
50.36033987
50.39323972
50.42342258
50.45639722
50.48731720
50.51914017
50.54162358
50.56025465
50.58264049
50.60197433
50.62926742
50.64597720
50.66617588
50.68629739
50.70190222
50.72634269
50.74377119
50.76708890
50.78956540
50.81016263
50.83190357
50.84696998
50.85756195
50.86949146
50.87563547
50.87514122
50.88226537
51.48816159
51.49225200
51.49006121
51.48610139
51.48096581
51.47023258
51.45944034
51.44108574
51.42625651
51.40889307
51.39476311
51.37509428
51.35439090
51.33779009
51.32365293
51.30644366
51.29008779
50.77153846
50.76222712
50.75248709
50.74731206
50.73903163
50.73913799
51.18508706
51.17944521
51.17832920
51.17549108
51.17287348
51.17427376
51.16918614
51.15510160
51.13388881
51.10949478
51.08403018
51.05517618
51.02201005
50.98657683
50.94852725
50.91281736
50.88459714
50.86340976
50.84047072
50.81956245
50.79813746
50.77606135
50.75144749
50.72836957
50.70280862
50.67960526
50.44497722
50.43191870
50.42207303
50.41363933
50.40712232
50.39982809
50.39752751
50.39293030
46.46715346
46.45839360
46.44478728
46.43563591
46.43035401
46.43014287
46.42813311
46.42473867
46.42564375
46.42937526
46.43339464
46.43683159
46.44002107
46.43934035
46.43760639
46.43115014
46.70641955
46.70702311
46.70781568
46.70709769
50.51995691
50.51040256
50.49444032
46.68740401
46.67995847
50.44480865
50.42868367
50.40841810
50.38800528
46.63264378
46.61426599
50.31641050
50.29010245
50.26799540
46.55675380
46.54768940
46.54612825
46.54774477
46.55687671
46.56888357
46.59091346
46.61464802
46.63506911
46.65707297
46.68009768
46.70449450
46.72960189
49.20022735
49.23839037
49.27373580
53.57258050
53.59860910
53.63053075
53.65239685
53.67584205
53.69800251
53.71950570
53.73837541
53.75652656
53.77817920
53.79587489
53.81054797
53.82328959
53.83733503
53.85060203
53.86505079
53.87924927
53.88899988
53.90076044
53.91390174
53.92281112
53.92938968
53.93989866
53.95204053
53.96652750
53.97824751
53.98810417
53.99870649
54.01247299
54.02446043
54.04058022
54.05328132
54.06898813
54.08023898
54.09893844
54.11339675
54.12967190
54.14302748
54.15698235
54.16571226
54.16911517
54.16621899
54.16078598
54.15661841
54.14768297
54.13909777
54.12423147
54.11712397
54.10505082
54.09486213
54.09388012
54.09484587
54.08935170
54.08598251
54.08168290
54.07440965
54.06490305
50.38045164
50.35473239
50.32406822
50.29497260
50.26181856
50.23006508
50.19290778
50.15814122
50.11808668
50.08751815
50.04590349
50.00411918
49.96240446
49.92996780
49.89669415
49.86448742
49.83289884
49.80260897
49.77510374
49.74767968
49.72206560
49.69303695
49.66389604
49.63312802
49.60322532
49.57482155
49.54110032
49.50273897
49.46726896
49.42766201
49.39733852
49.35708248
49.31860861
49.28408985
49.24969716
49.21715389
49.19017264
49.17345695
49.15999911
49.14954796
49.13980946
49.13236844
49.11800383
49.10148885
49.07863045
49.05349496
49.02388807
49.00113108
48.97476847
48.94768005
48.91511274
48.88157569
48.85220907
48.82341135
48.80279773
48.78416455
48.76909262
48.75630877
48.74432022
48.72912211
48.70979950
48.68976956
48.66454212
48.64128091
48.62016373
48.59667604
48.57378473
48.54941887
48.53205314
48.51758034
48.50637322
48.49190466
48.48084995
48.46910211
48.46151436
48.45150008
48.44256143
48.42889067
48.42037690
46.24011966
46.23613428
46.23216073
46.22747449
48.35015027
48.33934966
48.33084259
48.32467868
48.31362967
48.30157920
48.29043178
48.27677502
48.25744049
48.23907143
48.21934535
48.19983131
48.17461844
48.15553181
48.13339938
48.11598570
48.09819295
48.08461652
48.07459718
48.06824037
48.05980635
48.05570469
48.04945930
47.29659585
47.29788417
47.30461834
47.30726053
47.30767270
47.30767190
47.31015012
47.30918708
47.30408758
47.30236168
47.30028197
47.30214707
40.47794240
40.47337244
40.46576061
40.45531206
40.44485591
40.43830216
40.43199530
40.43121168
40.43431067
40.43932997
45.68223432
45.67873470
45.67524010
45.66341036
45.65190336
45.64020140
45.62708212
45.60625784
45.58056681
45.55441608
45.52249088
45.48674323
45.44722509
45.40533643
45.35944487
45.32348170
45.28693897
45.24930436
45.20136983
51.95041404
51.89616118
51.84416120
51.79097405
51.73694592
51.67643634
51.61036920
51.53881595
51.45889952
51.37266100
51.28429568
51.19463472
51.11429860
51.04226732
50.97455072
50.91284133
44.12890006
44.07277805
44.01802168
43.96438358
43.91303677
43.86550642
43.81882137
43.77808272
50.50943499
50.48485430
50.47247281
50.46636545
50.45946159
50.45466011
50.45216276
50.45086783
50.45691291
50.46350819
43.63712093
43.64568584
43.65963810
43.67316000
43.68483032
43.69153932
43.70343094
43.72658959
43.75569236
43.78211832
43.80938980
43.83709362
43.86593454
43.89784005
43.93144401
43.96078349
43.98808207
44.00972048
44.02644631
44.04314094
44.05667021
44.06581804
44.07615460
44.09049851
44.10335764
44.12574011
44.14959855
44.17682190
44.20540919
44.22929553
44.25392976
44.27602943
44.30200394
44.32699311
44.35453961
44.37785004
44.39108499
44.40367660
44.40695727
44.41606704
44.42433569
44.43219476
44.44114494
44.45215130
44.46754205
44.48114771
44.50102777
44.52316526
44.54968229
44.57862062
44.61434303
44.64776079
44.67846166
44.70936485
44.74173172
44.77481273
44.80618918
44.84013675
44.87549049
44.90905739
44.93364839
44.95078965
