10.99397460
11.22092698
11.33027601
11.44818223
12.03170824
12.33065535
12.06975352
12.20813017
12.41744464
12.73796600
12.93988188
13.90211563
13.48032875
14.41010337
14.72013105
14.95572203
15.32021605
15.53392827
15.60630550
15.74375872
16.01831866
16.15577345
16.34967582
16.51628311
16.74485488
16.87272479
17.15555694
17.29088694
17.39959082
17.45447269
17.60116766
17.75942738
17.82365493
17.97580079
18.09580711
18.18837189
18.30639080
18.54005074
18.71059228
18.75771091
18.72874508
18.93197135
18.96643743
18.66048947
18.76182656
18.87295402
20.10698991
20.31180693
19.10942349
20.37341977
20.69646340
20.49473976
19.22854094
19.28732612
19.77124601
19.63899292
19.93377843
20.17447054
19.54661668
19.27822370
19.36990258
19.50844724
19.32244151
19.24465090
18.88620970
19.27917265
19.37657441
18.93661767
19.18599107
20.12198557
20.26576510
20.18545942
20.00152007
18.07813299
18.19688845
