5.5047
5.8374
6.3027
6.5807
6.5405
7.4224
6.9271
6.8799
7.8037
7.4072
7.8674
6.8950
5.9786
6.2677
5.5949
5.5126
6.3249
5.4833
4.8634
5.3740
4.5329
4.7547
4.3235
4.3761
4.0789
4.1187
3.3350
4.3782
3.3813
3.2752
3.8139
2.9301
2.9422
2.5457
2.7263
3.2264
2.7273
2.4484
2.3328
1.9900
2.4244
2.0712
1.7191
2.3827
1.9829
2.1483
2.0117
2.1287
1.8164
1.3132
0.8981
1.0560
1.0791
0.8711
0.9095
0.5590
0.9715
0.1487
0.1797
0.1451
-0.1922
-0.2609
-0.5015
-0.5357
-0.7339
0.0579
-1.1019
-1.2503
-1.6251
-1.6587
-1.4076
-1.6726
-1.8412
-1.7249
-1.8719
-1.3690
-2.2153
-2.1972
-2.4024
-1.8911
-1.4559
-1.6785
-2.3429
-1.6417
-2.3291
-2.3000
-2.3774
-2.2987
-1.9141
-1.5215
-1.6732
-1.4007
-0.9367
-1.0096
-0.8565
-0.5355
-0.1425
-0.2254
0.2980
0.2970
1.1048
0.6677
0.7742
0.7750
0.9445
1.1881
0.9544
0.5877
0.1958
0.0511
-0.1278
0.0712
-0.0090
0.1045
-0.0108
-0.1110
0.1109
-0.2671
-0.4759
-0.8883
-1.1196
-0.8561
-1.1325
-1.4284
-1.7115
-1.8493
-1.8692
-2.0959
-1.9916
-2.1629
-2.1872
-2.6805
-2.7294
-2.4076
-3.0686
-3.0291
-3.2121
-2.8413
-3.2242
-2.8534
-3.1802
-3.1696
-2.9585
-3.0100
-2.8801
-3.3555
-3.3856
-3.3755
-2.7375
-2.8969
-2.9513
-2.6377
-2.8867
-3.0841
-2.9947
-2.9606
-2.8398
-2.8694
-2.8140
-2.2121
-2.7805
-2.7885
-2.5913
-2.8813
-2.8488
-2.9385
-2.8636
-2.6545
-2.6940
-2.8613
-2.9137
-2.8889
-2.8696
-2.9191
-2.6147
-2.9692
-2.7149
-2.9085
-3.0373
-3.0106
-2.8038
-2.9719
-3.0893
-2.9774
-3.2858
-3.4117
-3.3708
-3.1154
-3.2517
-3.0155
-3.0822
-3.3821
-3.3411
-3.1821
-3.3234
-3.2914
-3.1984
-3.3332
-3.4377
-3.2182
-3.3226
-3.3524
-3.1153
-2.9594
-3.0007
-2.8200
-3.0000
-2.8180
-2.6906
-2.5353
-2.0616
-2.4026
-2.3169
-2.0418
-2.1556
-1.9002
-2.1506
-1.9853
-2.2987
-2.3304
-2.3166
-2.1055
-2.1543
-2.2260
-1.6233
-2.0572
-2.5904
-2.5109
-2.6064
-2.2609
-2.3790
-1.9163
-2.2421
-1.9694
-1.5479
-1.7409
-1.5013
-1.4275
-1.3543
-1.9347
-1.8561
-2.0495
-1.9146
-1.7048
-1.3124
-1.7051
-1.6905
-1.8208
-1.9462
-1.4999
-1.5436
-2.1310
-1.2265
-2.0066
-1.8198
-1.9987
-1.8663
-2.0986
-2.0616
-1.7025
-1.9326
-2.0679
-2.0434
-1.7375
-1.9006
-2.0685
-1.7845
-1.9451
-2.0451
-2.1828
-2.4363
-1.9622
-2.5443
-2.3842
-2.4296
-2.3337
-2.0101
-2.2297
-2.2418
-2.1764
-2.1665
-2.0318
-1.7468
-2.0711
-2.2098
-2.1941
-2.1250
-2.3248
-2.8236
-2.8828
-2.8461
-2.8594
-2.6551
-2.9025
-2.8110
-2.4433
-2.2602
-2.5854
-2.5085
-2.2467
-2.6850
-2.6753
-2.9008
-2.8275
-2.8390
-2.5209
-2.8980
-2.6885
-3.1226
-3.0125
-2.9847
-3.1143
-2.6976
-3.0474
-3.2191
-3.2454
-3.1749
-3.3309
-3.3402
-3.2572
-3.2299
-2.9370
-3.1773
-3.1435
-3.2723
-3.1915
-3.3303
-3.2765
-3.3891
-3.3234
-3.3133
-3.2259
-3.2249
-2.9752
-3.1380
-3.0122
-2.9792
-2.9027
-2.8804
-2.6345
-2.7247
-2.7314
-2.6900
-2.7219
-2.7044
-2.7033
-2.5948
-2.5906
-2.2949
-2.4820
-2.3911
-2.2973
-2.2156
-2.0871
-2.0637
-1.7527
-1.9605
-1.8520
-1.7965
-1.7095
-1.6107
-1.6104
-1.5328
-1.2867
-1.2942
-1.0963
-0.7327
-0.7296
-0.4369
-0.1748
-0.2544
0.6527
-0.0297
0.2616
0.6813
0.8383
0.9235
1.3966
1.6977
1.4087
1.6657
1.4128
1.5467
1.9224
2.0844
2.4087
2.1852
2.2030
2.4241
2.6376
2.8431
3.2607
3.0753
3.3690
3.2231
3.1920
3.5120
2.9211
3.3654
2.7149
3.4746
2.7505
3.0486
3.0415
3.3698
3.9592
3.4258
3.5644
3.7659
4.3076
4.1836
4.0438
4.3311
4.7338
4.4109
5.0140
5.2105
4.9926
4.8135
4.8249
4.6347
6.1122
5.4718
6.0924
4.9437
5.3479
5.7194
5.7589
5.0332
5.4084
6.4216
5.4227
6.6339
5.9264
6.7511
6.6749
6.8661
6.7100
6.5317
7.1410
6.3786
6.8573
6.6137
6.7903
6.7854
6.8181
7.1307
6.7113
7.0451
6.8501
6.7845
6.8539
7.7423
7.7364
8.0606
7.9947
7.5738
8.0374
8.0432
8.0082
8.3765
8.3954
9.0250
9.1151
8.0070
8.1682
7.9070
8.0708
7.9659
8.2668
8.3335
8.9107
9.0342
9.1437
9.4064
9.0731
9.3991
9.3782
8.7954
8.6802
8.4755
8.3887
8.7524
8.6017
8.9065
8.7856
8.5865
8.7697
8.4303
8.8040
8.5682
8.6270
8.1690
8.0081
7.9782
7.8110
7.2099
6.9422
6.5916
6.9603
6.5111
6.0178
6.3388
6.3165
6.1724
6.3141
6.2689
5.6849
6.2704
5.7533
5.6339
5.7825
5.5510
5.1765
4.7564
4.6463
4.4755
3.8820
3.7365
3.7588
3.7962
3.0295
2.6395
2.6614
2.3179
2.5233
1.9096
1.3222
2.2592
1.0973
0.5670
0.1730
0.4154
0.6290
0.3118
-0.1213
-0.0166
0.0733
0.0247
-0.1437
0.4669
0.2891
-0.1109
-0.6313
-0.5571
-0.8405
-0.6191
-1.1741
-0.8557
-1.0740
-1.1286
-0.9666
-1.2772
-1.4545
-1.6421
-1.6848
-1.7260
-2.0770
-1.8128
-2.1879
-2.3790
-2.7612
-2.7440
-3.0207
-2.8486
-3.2072
-3.0579
-3.4599
-3.6318
-3.5181
-3.5446
-3.1815
-3.0099
-3.4830
-3.6879
-3.8811
-4.0174
-4.2319
-4.2498
-4.4026
-4.5389
-4.6832
-4.7368
-4.7417
-5.1122
-4.6874
-5.2072
-5.1405
-5.2896
-5.2769
-5.3604
-5.5608
-5.0932
-5.2267
-5.5459
-5.2725
-5.0847
-5.4898
-5.2814
-5.5525
-5.4185
-5.3007
-5.2502
-5.0397
-5.4039
-5.3530
-5.6702
-5.5752
-6.3071
-6.2720
-6.3215
-5.9187
-6.2805
-6.3003
-6.2227
-6.5644
-6.0344
-6.5273
-6.4974
-6.4927
-6.3488
-6.3918
-6.3911
-6.4328
-6.6541
-7.0760
-6.7911
-7.4377
-7.0954
-7.3816
-7.1119
-6.9756
-6.9022
-6.7432
-7.0791
-7.2308
-7.2300
-7.3197
-7.5527
-7.6083
-7.3491
-7.1395
-7.0772
-6.8481
-7.2210
-7.4454
-7.0712
-7.2462
-6.7951
-6.7751
-6.9578
-6.7805
-6.5473
-6.4033
-6.6317
-6.2198
-6.6297
-6.5106
-6.5412
-6.6585
-6.6663
-6.5325
-6.5793
-6.2325
-5.5536
-6.2406
-6.1519
-5.3689
-5.7609
-5.5581
-5.8303
-5.7329
-4.6759
-5.4071
-4.5936
-4.9943
-4.5629
-3.9395
-3.2377
-3.2231
-2.4411
-2.1860
-2.1734
-2.8278
-2.7582
-2.3146
-2.4919
-2.0086
-2.2362
-2.0149
-2.0770
-2.0365
-2.1690
-1.5484
-1.5071
-1.5377
-1.4490
-1.4395
-1.2890
-1.0033
-0.7309
-0.2236
-0.2626
0.3828
1.2266
0.3994
1.9440
1.2013
2.3262
1.9430
1.9552
2.4239
1.9711
2.3635
2.6779
2.8507
3.1125
3.3228
3.9133
3.7629
3.5961
3.9214
4.3740
3.9910
4.1554
4.4057
5.2215
4.7894
4.8106
4.6129
4.7408
5.1352
4.9096
5.7781
5.6351
5.8111
6.3857
6.4930
6.6776
7.3315
6.8936
7.2249
7.3511
8.2427
8.2684
9.1366
8.9490
9.2947
9.0283
9.0270
8.0633
8.8832
8.5502
9.4242
9.7697
9.2250
10.1839
9.2301
9.5684
9.3481
9.1938
8.6728
8.8553
8.4474
9.1854
9.3266
9.0205
9.5625
9.1985
9.0890
8.6533
8.2134
7.5760
7.6517
7.6330
7.7130
8.1060
6.7367
6.8706
6.2110
5.7269
5.2527
5.2484
4.5990
4.9944
4.1518
4.1665
3.4901
3.4038
3.3644
3.1689
2.5886
2.1862
1.6634
1.7634
1.1703
0.3339
0.0045
0.1779
0.0772
0.0015
-0.3440
-0.5401
-0.7733
-0.9769
-1.0790
-1.5062
-1.7656
-1.3564
-1.6482
-2.0177
-1.7745
-1.6389
-2.1196
-1.6047
-2.0454
-2.8114
-2.4759
-2.5758
-1.7257
-1.2766
-1.3608
-2.0468
-2.0643
-2.0922
-2.3150
-2.9241
-2.8128
-3.0626
-3.2364
-3.1962
-3.6968
-3.7323
-3.6087
-3.8590
-3.7973
-4.3171
-4.3157
-4.7173
-4.8445
-5.4261
-5.3739
-5.5935
-5.6472
-5.2904
-5.1309
-4.7360
-4.6596
-5.0143
-4.5793
-4.3723
-4.2941
-3.7822
-4.0388
-4.1282
-3.7058
-3.8354
-3.7426
-3.7791
-3.2047
-3.3797
-3.2207
-2.6948
-2.6191
-2.7615
-2.3267
-2.4701
-2.8693
-2.8081
-3.1292
-3.6680
-3.6925
-3.7612
-3.6408
-3.8349
-3.9853
-3.4157
-3.5793
-3.6144
-2.3722
-3.6105
-3.8533
-4.1819
-4.4119
-4.5394
-4.4400
-4.7730
-4.3276
-4.1911
-4.7110
-4.7918
-4.5180
-4.9923
-5.0302
-5.3593
-5.7391
-5.8011
-6.3529
-6.8502
-6.6554
-7.0572
-7.0492
-7.0255
-7.4226
-7.4346
-7.5742
-7.4683
-7.4970
-7.7284
-7.7494
-7.9124
-8.0835
-7.7702
-8.1430
-7.8501
-8.0322
-7.8575
-8.0116
-8.1881
-8.1564
-8.0497
-7.9896
-8.2558
-7.9165
-7.9120
-7.7657
-7.8144
-7.8707
-7.9197
-7.5741
-7.3931
-7.3076
-7.2055
-7.2264
-7.2359
-6.9653
-6.7024
-6.6131
-6.7599
-6.6980
-6.5490
-6.2023
-6.3461
-6.2427
-6.2406
-5.9194
-6.0268
-5.9408
-5.6296
-5.7847
-5.5526
-5.5303
-5.3549
-5.1493
-5.3016
-5.0498
-5.1039
-5.0632
-4.7728
-4.6664
-4.5437
-4.7858
-4.5808
-4.5112
-4.1106
-4.2701
-4.0604
-3.7880
-3.8471
-3.7516
-3.7122
-3.3857
-3.6167
-3.4946
-3.3740
-2.9719
-2.8973
-2.9280
-2.8880
-2.3456
-2.5003
-2.2299
-2.0697
-2.0766
-1.9351
-1.6918
-1.5758
-1.4406
-1.3918
-1.0299
-1.1039
-0.9111
-0.8235
-0.5680
-0.4827
-0.3006
-0.0420
-0.0672
0.0621
0.2138
0.3351
0.4093
0.7477
0.5944
0.7170
0.8012
0.9781
1.0733
1.3466
1.5646
1.5518
1.6175
1.7255
2.0498
1.9305
2.0127
2.1933
2.3948
2.5368
2.7277
2.7860
2.9016
2.9639
3.1135
3.1184
3.3227
3.2635
3.6047
3.6526
3.5725
3.7206
3.7841
3.9483
3.9824
4.1342
4.1872
4.5083
4.6036
4.4427
4.4813
4.4887
4.6182
4.6678
4.7778
4.8218
4.8304
5.0884
4.8542
4.8676
4.8269
4.8984
4.8405
4.8895
4.8274
5.0749
4.8893
4.9284
4.8818
4.8678
4.8607
4.9341
5.1389
5.4407
5.5882
5.3648
5.8465
5.5564
5.3941
5.6369
5.3396
5.1976
5.0751
4.7639
4.5985
4.7814
4.5409
4.3512
5.3767
4.7759
5.6074
6.3530
6.3890
7.7211
7.7563
7.3981
6.8241
7.0819
7.4534
7.3206
7.7326
7.0525
7.4014
7.6756
7.5042
7.1777
7.5443
7.4982
7.2760
7.1721
6.5474
6.6155
6.8219
6.9320
6.1659
6.3489
5.5693
5.5258
5.2652
5.0177
4.6364
4.3907
4.3837
4.1778
3.4834
3.9317
3.1195
3.4587
2.8836
3.5479
2.7065
3.5225
2.2677
2.0272
2.4219
2.3078
3.2489
2.3943
2.6755
2.4948
2.2671
2.7907
2.6583
2.4780
2.2131
2.2127
2.0506
1.9384
1.9697
1.9595
1.8657
2.2383
1.6444
1.4079
1.0981
1.1016
1.1299
1.3085
1.6941
1.9073
1.8956
2.1418
2.2725
2.2178
1.9673
2.0850
2.0656
2.0700
1.9748
1.9292
1.1405
1.5419
1.5941
1.4127
1.3885
1.2718
1.3154
1.2973
2.2213
1.9098
1.7811
1.9833
2.2814
2.0503
1.9677
1.8241
1.3036
1.0317
0.7936
0.8773
1.0622
0.6859
0.3238
0.2951
0.4887
0.5466
0.5099
0.7270
0.8392
1.0490
0.7572
0.8536
1.0947
1.4995
0.8009
0.9451
0.5825
0.3352
0.0410
-0.3201
0.2402
-0.3503
0.2495
-0.1938
-0.0837
-0.9364
-0.8602
-1.1258
-1.1265
-1.3207
-1.4545
-1.4862
-1.3503
-1.5776
-1.9118
-2.0063
-1.8041
-1.7931
-1.9996
-1.7624
-1.6173
-1.9205
-1.8353
-1.8240
-1.8431
-2.0436
-1.9321
-2.3551
-2.3311
-2.5935
-2.4906
-2.5815
-2.4779
-2.3645
-2.1195
-2.4976
-2.2179
-2.3788
-2.4055
-2.3418
-1.9943
-2.0142
-2.0388
-1.8891
-1.6584
-2.0408
-2.1840
-2.1816
-2.1426
-1.8805
-1.7974
-1.7647
-1.3926
-1.5700
-1.4685
-1.4701
-1.4908
-1.5175
-1.4230
-1.7138
-1.9143
-1.8704
-2.2453
-2.3750
-2.5829
-2.7236
-2.6736
-2.6196
-2.2034
-2.3901
-1.8032
-2.0642
-2.0453
-1.9491
-2.3691
-2.4574
-2.7882
-2.8944
-2.4513
-2.7555
-2.5657
-2.4347
-2.5345
-3.0613
-2.8552
-2.8711
-2.7424
-3.1582
-2.9959
-2.8594
-3.3400
-3.1343
-3.5811
-3.7289
-3.6676
-3.8213
-3.7031
-3.8228
-3.8114
-4.1417
-3.8080
-3.7050
-3.7348
-3.8315
-4.0976
-4.3822
-4.1586
-4.2343
-4.4844
-4.4539
-4.7866
-4.8348
-4.7255
-4.6877
-4.4029
-5.0480
-5.1518
-5.0387
-5.0185
-5.1445
-5.3723
-5.6014
-5.6817
-5.8128
-5.8165
-6.1983
-6.2950
-5.4579
-6.1216
-5.6259
-5.6658
-5.0690
-4.6367
-4.6390
-4.5548
-4.1005
-3.9425
-3.0861
-2.3544
-1.8190
-1.1085
-0.9488
-0.1492
-0.0829
1.0311
0.1104
-0.0479
0.3049
0.2501
1.4551
0.8645
0.6280
0.8502
1.1806
0.3628
1.0330
1.0907
1.5304
1.7001
1.3887
1.0505
1.1488
0.6842
1.0277
0.5859
0.5161
0.4611
-0.2284
0.1641
-0.8666
-0.9102
-0.5380
-1.2048
-0.8820
-0.8896
-1.2537
-0.9272
-1.3223
-1.6346
-1.6289
-1.3895
-0.6193
-0.4296
0.1325
-0.3262
-0.4564
-0.3643
-0.7473
0.3362
-0.3086
-0.2048
0.1137
0.0409
0.3511
0.7151
1.2964
0.4712
0.4643
0.3581
0.4033
0.5082
0.8574
0.3458
0.5517
0.9424
1.0057
1.7146
1.7242
0.8987
2.2652
0.8309
0.9469
0.9556
1.1744
1.2275
1.7114
1.5572
0.8040
1.1143
0.3288
0.3722
1.1161
0.3222
-0.3735
0.0911
0.7232
0.4571
0.3908
-0.0272
0.0921
-0.1530
-0.0722
-0.2251
-0.2210
-0.5402
-0.3115
-0.2302
-0.3105
0.1435
-0.1441
-0.0498
-0.2257
0.0556
-0.1363
0.2061
0.3545
0.6452
0.6030
0.6251
0.9127
1.5517
1.2938
1.4247
1.2394
1.0388
1.1092
0.9254
0.6992
0.9401
0.7408
0.7620
0.5476
0.3279
0.9323
0.4202
-0.0113
0.2416
-0.0218
0.0156
0.1377
0.1297
0.2829
0.6865
0.5079
0.5874
0.6797
0.6959
0.5862
0.4328
1.0150
0.6014
0.5509
0.6878
0.5229
0.5654
0.7661
0.8271
0.4041
0.3648
0.7740
0.4041
0.5015
0.2791
0.1003
0.0761
-0.1159
0.2996
-0.1280
0.2777
0.3208
0.1896
0.0395
0.1656
-0.1440
-0.0828
-0.2647
0.1469
-0.3762
-0.3995
-0.1259
-0.1179
-0.3206
-0.1488
-0.4545
-0.5097
-0.4243
-0.7042
-0.6591
-0.6798
-0.2039
-0.6069
-0.1567
-0.3213
-0.4879
-0.3542
-0.4142
-0.0753
-0.3417
-0.3637
-0.0597
-0.2118
0.1520
-0.0382
-0.0641
0.1812
0.3270
0.2207
0.1128
-0.0340
-0.0812
0.0962
0.4190
0.4600
0.5467
0.2097
0.3228
0.7040
0.4345
0.4309
0.9421
0.7843
0.7489
0.8208
0.5663
0.7736
0.3910
0.3851
0.4423
0.4092
0.8353
0.3256
0.3364
0.1238
-0.1769
-0.1406
-0.1436
0.1915
0.3100
0.6309
0.3727
0.2628
0.4252
0.4560
0.6906
0.6040
0.5250
0.4725
0.9103
1.0149
0.9953
1.1146
1.2837
1.1979
1.3063
1.6369
1.3954
1.3385
1.5361
1.2942
1.3583
1.5671
1.5722
1.5859
1.3028
1.1737
1.0932
0.8573
0.9163
0.8959
0.5045
0.4389
0.4429
0.3627
0.4789
0.3781
0.0828
0.1094
0.1534
0.1897
-0.0267
-0.2821
0.0281
-0.2778
-0.0103
-0.4296
-0.4084
-0.5657
-0.3121
-0.9573
-1.1395
-1.1461
-1.0649
-1.0261
-1.3737
-1.5519
-1.9505
-2.1352
-2.1931
-2.2473
-1.6714
-2.1606
-1.7296
-1.8736
-1.9382
-2.2156
-2.3850
-2.7041
-2.8515
-2.7624
-2.8836
-2.9807
-2.7504
-3.1077
-3.2400
-3.2446
-2.9830
-3.4912
-3.4024
-3.6389
-3.6662
-3.7056
-3.5623
-4.1971
-4.3169
-4.3052
-4.3147
-4.5673
-4.4445
-4.6959
-4.4467
-4.6980
-4.4009
-4.4305
-4.5437
-4.4680
-4.8175
-4.2762
-4.4082
-4.9153
-4.8110
-5.1163
-5.6539
-5.7192
-6.0646
-5.9932
-6.4890
-6.5342
-6.9535
-6.9487
-6.8065
-6.9611
-7.0159
-6.8800
-7.1152
-7.2316
-6.8220
-7.4032
-7.0420
-7.3908
-7.0449
-7.2363
-7.3132
-7.2111
-7.4852
-7.7477
-7.5591
-7.5749
-7.5289
-7.7268
-8.0784
-8.2358
-8.2261
-7.7053
-8.3223
-8.2850
-8.3302
-7.6780
-8.0017
-8.3531
-8.5962
-8.4978
-8.4107
-8.3894
-8.3477
-8.0626
-7.6830
-7.6000
-7.3872
-7.3549
-7.2828
-7.0775
-6.8885
-6.6312
-6.3889
-6.0076
-6.0499
-6.0944
-5.8955
-6.1633
-6.1506
-6.0065
-5.7609
-5.8393
-5.8585
-5.7676
-5.7472
-5.5016
-5.6833
-5.7132
-5.4687
-5.5665
-5.5440
-5.3328
-5.0638
-5.0996
-5.0168
-4.9626
-4.9283
-4.8909
-4.8523
-4.5981
-4.7449
-4.6673
-4.4918
-4.4512
-4.2929
-4.3264
-4.0735
-4.2237
-4.1183
-4.0345
-3.7886
-3.5456
-3.5525
-3.5025
-3.3730
-3.1495
-3.1177
-2.9550
-2.7358
-2.7949
-2.6843
-2.3010
-2.4201
-2.2902
-2.2224
-1.9211
-2.0067
-1.7874
-1.5677
-1.5982
-1.6287
-1.3961
-1.3313
-1.0839
-0.7907
-0.6670
-0.7024
-0.7328
-0.6252
-0.5679
-0.3878
-0.2261
0.1747
0.3170
0.3437
0.7308
0.9994
1.5963
1.2764
1.6286
1.9706
2.0496
2.3571
2.2525
2.8213
2.5315
3.0741
2.7195
2.4894
2.6939
3.1121
3.8446
3.5607
3.7799
4.1327
3.9794
4.3781
5.0868
5.7124
6.8843
7.6209
7.9170
9.0665
9.3688
9.7630
10.7757
10.9014
11.7054
11.3875
12.5196
12.4804
12.8669
12.4373
13.4166
13.1116
13.4019
13.7660
13.5776
15.0404
15.1761
15.7411
15.5740
16.2809
15.8895
16.5264
16.0393
15.6803
15.9334
15.4224
15.1980
15.7425
15.6588
16.2333
16.5864
16.7955
16.7608
18.6570
18.3188
18.3865
19.7270
18.6245
19.1911
19.1196
19.3008
19.2349
17.6851
17.8539
16.6302
16.6075
15.0766
15.4306
14.7596
14.5155
14.1353
14.4850
12.5706
12.8615
12.3902
11.6914
11.5656
11.1412
10.5272
9.9533
9.6926
9.0630
8.2721
7.3907
7.8820
7.1382
7.7484
6.5928
5.9918
6.0673
4.8705
4.9339
4.2979
3.8426
3.4987
3.1647
3.0662
2.8433
2.6241
2.4751
2.3173
2.1635
2.0381
1.9733
1.8736
1.8258
1.7042
1.7960
2.0340
1.9557
1.9294
1.9426
1.7747
1.9830
1.8565
1.6702
1.6196
1.6499
1.6196
1.8628
1.8196
1.6891
1.7829
1.7467
1.7319
1.8222
1.6419
1.5770
1.6050
1.3072
0.8985
0.9973
0.6658
0.4030
0.2977
0.0711
-0.1272
-0.3424
-0.2201
-0.0230
-0.0707
-0.1153
-0.0507
0.0382
-0.0597
0.1824
-0.0611
-0.0340
-0.0932
-0.2530
-0.0956
0.0463
0.0497
-0.1468
0.3874
-0.0304
-0.2402
-0.7877
-0.6512
-1.0309
-0.8676
-1.2077
-1.7357
-1.6846
-2.2795
-2.4558
-2.1089
-2.5146
-2.5982
-2.6317
-3.0540
-3.1424
-3.4118
-3.7730
-3.9982
-3.7710
-4.3220
-4.4378
-4.2293
-4.7955
-4.9702
-5.0080
-4.8461
-4.5760
-4.7154
-5.0286
-5.0953
-4.9205
-4.9513
-4.8127
-5.1390
-4.8254
-5.2345
-5.2279
-5.5461
-4.7768
-5.2907
-5.0548
-5.2720
-5.3448
-5.3767
-5.6400
-5.8063
-5.8613
-5.9467
-6.1700
-6.2395
-6.4371
-6.4067
-6.4352
-6.6809
-6.5879
-6.8106
-6.8718
-6.9584
-6.9716
-7.1455
-7.2903
-7.3109
-7.3527
-7.0754
-7.4550
-7.4356
-7.4365
-7.2265
-6.7479
-7.3941
-7.6289
-7.5261
-7.2028
-7.6996
-7.2018
-7.4645
-7.5402
-7.6119
-7.4370
-7.9601
-8.1585
-8.0579
-8.2345
-8.2154
-8.5494
-8.5984
-8.9043
-8.7076
-9.1810
-9.1192
-9.2135
-9.0697
-9.0039
-9.3263
-9.5403
-9.5443
-9.4501
-9.5846
-9.5532
-9.4329
-8.8937
-8.5316
-8.3056
-8.0498
-8.2740
-8.2091
-8.1858
-8.3229
-8.0150
-8.4957
-7.9260
-8.3367
-8.1738
-8.4346
-8.3858
-8.0355
-8.1389
-7.9178
-7.9331
-8.1974
-8.0472
-7.5428
-7.5535
-7.0045
-7.2185
-7.2403
-6.3931
-6.7292
-6.9380
-6.6543
-6.9658
-6.6020
-6.4876
-6.3040
-6.7496
-6.7390
-6.5838
-6.3617
-6.4790
-6.5463
-6.9065
-6.4521
-6.7177
-6.5107
-6.5295
-6.3695
-6.3768
-5.7226
-5.4755
-5.2262
-4.7323
-4.6581
-5.1539
-4.7608
-4.4506
-4.5470
-4.4192
-4.1759
-3.8947
-3.4078
-3.7486
-3.5852
-3.8285
-3.3639
-3.0170
-2.7529
-1.9793
-1.7403
-0.6846
-1.7984
-1.8370
-1.6785
-2.2768
-2.4470
-2.3016
-1.7527
-1.7329
-1.5098
-1.4945
-1.6359
-1.6472
-0.9686
-0.7104
-0.7442
-0.6216
0.1990
0.6120
0.4801
0.7670
1.9093
1.8431
2.0006
2.7935
3.1015
4.1632
4.0651
3.8725
4.1062
3.7990
4.4817
4.5090
4.0742
4.6907
5.3702
5.1755
5.8523
5.4199
5.2632
5.6602
5.4782
6.3554
5.9377
6.4447
6.1790
6.6666
7.2441
8.1229
7.7548
8.6459
7.9326
9.3371
8.4278
9.0919
8.9539
8.6605
8.9815
8.7901
8.7450
8.4181
8.7625
8.4788
8.3513
8.3865
8.0311
7.7892
7.9690
7.8130
7.1598
7.4138
7.9589
7.4286
7.8426
7.6764
7.3393
7.3142
7.3000
7.8204
7.9598
7.9224
7.5391
8.2541
7.9780
7.8822
8.0482
8.6490
8.5627
8.2145
8.0272
7.7598
8.0465
7.2507
7.3567
6.9976
7.4285
7.0952
7.3472
6.2070
6.9347
6.4660
7.1213
6.3279
6.4759
6.7344
6.3065
6.9727
6.5647
6.0183
5.8848
5.7788
5.6396
5.4452
5.0181
4.9077
4.6518
5.1736
4.4218
4.3940
4.5596
4.9774
4.2294
4.8906
4.1071
4.9695
4.3967
4.4251
4.4585
4.5392
4.3388
4.4337
4.2933
4.3113
4.1485
4.2089
3.9575
3.4205
3.1878
3.1591
3.1062
2.9475
3.0380
2.7474
3.1570
2.5192
2.6566
2.2668
1.9186
1.9807
2.2749
2.8065
1.5456
1.8242
1.6605
1.5548
1.9268
1.4958
1.5327
2.2063
1.7412
1.8195
1.6064
1.6469
2.0992
2.3919
1.9136
2.0430
2.2284
2.1888
2.2147
1.7956
2.3983
1.8996
2.0401
1.8875
1.8150
1.7442
1.6465
1.5810
1.6634
1.5294
1.4364
1.6837
1.4584
1.4694
1.5861
1.6236
1.7630
1.8933
2.1696
2.1361
2.2133
1.9530
1.7129
1.5302
1.3555
1.4759
1.0437
0.9194
0.6187
0.4534
0.3262
0.2164
0.2933
0.3686
0.2061
0.3419
0.0974
0.1006
0.0318
0.0195
0.1269
0.3063
0.1430
0.3698
0.0908
0.1427
-0.0703
-0.1621
-0.0315
-0.3727
-0.3587
-0.5221
-0.5220
-0.2704
-0.5176
-0.4532
-0.5995
-0.6186
-0.6906
-0.4241
-0.6533
-0.6252
-0.6113
-0.5407
-0.7132
-0.9097
-0.8492
-1.0322
-0.8337
-1.2278
-1.2400
-1.0931
-1.2277
-1.2915
-1.2558
-1.0999
-1.3639
-1.4283
-1.5659
-1.6370
-1.4400
-1.5498
-1.5647
-1.4888
-1.5821
-1.5364
-1.5137
-1.3325
-1.4832
-1.4234
-1.6610
-1.7978
-1.8455
-1.9219
-1.9331
-1.6613
-1.9347
-2.1579
-2.1511
-2.4347
-2.5751
-2.6473
-2.8339
-2.8941
-2.7747
-3.0436
-3.1246
-3.0626
-3.4635
-3.5787
-3.7412
-3.8395
-3.8219
-3.9225
-3.8666
-3.7449
-3.8123
-3.8730
-3.8811
-3.7930
-4.1344
-4.1685
-4.0819
-3.8852
-3.7042
-3.6147
-3.9679
-3.7801
-3.9419
-4.1439
-3.1233
-3.6226
-3.7373
-3.3290
-3.2664
-3.6988
-3.4536
-3.2559
-3.0657
-3.0415
-3.2666
-3.1868
-2.9821
-2.9374
-2.4071
-2.9236
-2.9748
-2.7041
-2.7215
-2.6992
-2.3811
-2.4937
-2.7291
-2.5400
-2.2987
-2.4962
-2.0443
-1.5044
-1.4885
-1.6394
-0.6114
-0.9406
-0.6598
-1.0430
-0.7416
-0.3115
-0.5614
-0.3956
-0.6910
-0.4031
-0.6972
-0.9451
-0.5731
-0.9163
-1.0769
-0.9746
-0.9402
-0.1681
-0.4650
-0.9727
-0.9263
-1.1217
-0.5534
-0.4251
-0.2318
-0.4659
-0.2093
-0.4875
-0.2941
-0.4949
-0.3640
-0.1361
-0.2034
-0.3412
0.1384
0.9550
0.5640
1.3928
1.1404
1.0106
1.2565
0.6943
0.5188
1.0953
1.2183
0.6708
0.7536
0.6445
0.8132
0.5079
0.2466
0.5740
0.5690
0.7954
0.8024
0.9263
0.5505
0.3016
0.2943
0.2089
0.0478
0.3540
-0.0223
0.2492
0.0725
0.2084
-0.0402
-0.1662
-0.3054
-0.1952
-0.3368
-0.4780
-0.3093
-0.4037
-0.5684
-0.8116
-0.7589
-0.8562
-0.7719
-1.0631
-0.6873
-1.2778
-1.0636
-1.3993
-1.0810
-1.1696
-1.1529
-1.1386
-1.1020
-0.7310
-0.8638
0.2678
-0.3545
-0.6633
-0.0939
-0.1506
0.0795
-0.0884
0.4362
-0.0398
0.3685
0.2020
0.0609
0.0652
-0.0442
0.2363
0.1731
0.6793
0.5298
0.1208
0.1127
-0.0095
0.0482
0.0853
0.3055
0.1019
0.3553
0.9444
0.5085
0.4509
0.7130
0.5797
0.7112
0.5326
0.5066
0.5818
0.6574
0.6999
0.9013
0.9789
1.1872
0.4517
0.6802
0.3595
0.8575
0.6155
0.7223
0.9581
1.4536
1.1101
1.3808
1.8113
1.0688
1.1307
1.0650
1.0438
1.3911
1.1539
1.5858
1.8320
2.4179
2.7800
2.4844
2.8632
2.8724
3.3732
2.9748
3.8931
3.3450
4.0893
3.7218
4.2159
4.4858
4.3253
4.2260
4.0251
3.3040
3.5036
3.0972
2.7788
3.2777
2.8948
2.6111
2.9031
3.3805
3.2444
3.1755
3.8492
3.6593
3.9415
4.0007
3.4490
3.6051
3.1852
3.4817
3.1525
3.7164
3.0311
3.5570
2.8459
3.4638
3.3655
3.6629
3.5892
3.6043
3.6329
3.1841
2.8927
2.7737
2.5705
2.3714
2.2124
1.9029
1.7641
1.9096
1.5412
1.4420
1.5038
1.2262
1.2860
1.1313
1.0257
0.6457
0.6375
0.6418
0.4398
0.3770
0.3734
0.7481
0.4049
0.4048
0.1532
0.1517
-0.0449
0.1457
-0.2543
-0.2955
-0.2944
-0.1694
-0.2280
-0.3029
-0.2616
-0.3283
-0.2275
-0.2232
-0.4919
-0.4940
-0.2490
-0.4764
-0.4362
-0.4548
-0.3963
-0.3301
0.0817
-0.1748
-0.0632
-0.2500
-0.1743
-0.2588
-0.2180
-0.3861
-0.3740
-0.4582
-0.1690
-0.2320
-0.3945
-0.4627
-0.5225
-0.3028
-0.6346
-0.6127
-0.4892
-0.6166
-0.3568
-0.3239
-0.3197
-0.1598
-0.1906
-0.8179
-0.8089
-1.0052
-1.1294
-1.0245
-0.8901
-0.8821
-1.0656
-0.9747
-1.1421
-1.3271
-1.2618
-1.3939
-1.2813
-0.9356
-1.2352
-1.0864
-1.0706
-1.2813
-1.2241
-1.1012
-1.0288
-0.7909
-1.0262
-1.1296
-1.2258
-0.8906
-1.1832
-1.3194
-1.4191
-1.3892
-1.5154
-1.3764
-1.7599
-1.8003
-1.8466
-1.7035
-1.9384
-2.0577
-1.8729
-1.6692
-1.9846
-1.7137
-2.1610
-2.1532
-2.2122
-2.2258
-2.2848
-2.3374
-2.3609
-2.3122
-2.4224
-2.0656
-2.6305
-2.7022
-2.5629
-2.4577
-2.5927
-2.4722
-2.7429
-2.6909
-2.7631
-2.5438
-2.6724
-2.6136
-2.4035
-2.3919
-2.6754
-2.6797
-2.7630
-2.4810
-2.8308
-2.7632
-2.9842
-3.0006
-3.1460
-3.0920
-3.1258
-3.1160
-3.1855
-3.2271
-3.1772
-3.1221
-2.9640
-2.6858
-3.1471
-3.4486
-3.6642
-3.8077
-3.6444
-3.8720
-3.8421
-3.8368
-3.7045
-3.8893
-3.9337
-3.8152
-4.0671
-4.2431
-4.3453
-4.4567
-4.5429
-4.3815
-4.5255
-4.4712
-4.1815
-4.2748
-4.1664
-4.3387
-4.0607
-4.2009
-4.1182
-3.9330
-4.0448
-4.1123
-3.8909
-4.2540
-4.3061
-4.3561
-4.3867
-4.2840
-4.1065
-4.2871
-4.1859
-4.4532
-4.4865
-4.5014
-4.5240
-4.4824
-4.2944
-4.3320
-4.3668
-4.0489
-4.3088
-4.1516
-4.0790
-3.9887
-3.9762
-3.8420
-4.0374
-4.1011
-4.1431
-4.1761
-4.1401
-4.1513
-4.1349
-4.2144
-4.1494
-4.1474
-4.0699
-3.7668
-3.8377
-3.9868
-4.1109
-3.8583
-3.8476
-3.8901
-3.9418
-3.8697
-3.7884
-3.8130
-3.6807
-3.6577
-3.9577
-4.0474
-4.1077
-3.9993
-3.9605
-3.8384
-3.8697
-3.5283
-3.5789
-3.6800
-3.4780
-3.6749
-3.5273
-3.6575
-3.3271
-3.7384
-3.6299
-3.2601
-3.2649
-3.6055
-3.6324
-3.5782
-3.4609
-3.3934
-3.3096
-3.2263
-3.0241
-3.0022
-3.0378
-2.8250
-2.9935
-2.8089
-2.7259
-2.8648
-2.7749
-2.8458
-2.4427
-2.7511
-2.9510
-2.7433
-2.7228
-2.5923
-2.9145
-2.7494
-2.6469
-2.9949
-3.1542
-3.0735
-3.0466
-2.9786
-3.3642
-2.9862
-3.1198
-3.0718
-2.8337
-2.9562
-3.0106
-2.8741
-2.9968
-2.8895
-3.0657
-2.9330
-3.0945
-3.4024
-3.1085
-2.5466
-2.2145
-2.6848
-2.5563
-2.3346
-2.2586
-1.2857
-1.2796
-1.6458
-1.4012
-0.9714
-1.3524
-1.3345
-1.4322
-1.6014
-1.4092
-1.6920
-1.5267
-1.0142
-0.9422
-0.4586
-0.2825
0.2193
0.3534
0.3137
0.3820
0.7962
0.7025
0.3336
0.6264
0.0448
0.1821
0.3540
0.3175
0.7241
1.1058
1.2552
1.9498
2.2348
2.0511
2.8528
1.0135
2.8301
1.9964
2.8759
2.2771
2.3044
2.4526
4.1471
2.4491
2.8295
4.3624
3.8598
5.7147
4.5558
5.2927
5.6647
5.6290
5.4789
5.4170
5.3290
5.9439
4.6711
5.8426
4.6618
5.0483
5.6618
5.4426
4.6268
4.8785
4.6723
4.8556
4.7750
5.0700
5.2973
4.0964
4.3053
3.8962
3.5593
3.8376
3.3432
3.3364
3.3925
3.8015
4.3006
4.3040
4.2181
3.9125
4.5124
4.1129
4.8107
4.4237
5.0585
5.2699
4.7670
5.5675
4.6873
5.8153
4.1491
4.6009
4.2492
4.1596
3.9400
4.1061
3.5860
3.2198
2.6331
2.4117
2.0789
1.6980
1.6619
1.8476
1.6568
0.8984
0.5711
0.3881
0.0801
0.1579
-0.1898
-0.1576
-0.1293
-0.4698
-0.7196
-0.3332
-0.5118
-0.3907
-0.6283
-0.3625
0.1229
-0.0364
-0.6108
-0.9144
-0.5609
-1.3179
-0.8699
-0.7523
-1.4572
-0.7021
-0.6713
0.3290
-0.6496
-0.6999
-0.5928
-0.6485
-0.2565
-0.3417
-0.5677
-0.3674
-0.3356
-0.8730
-1.0108
-0.3424
-0.9289
-1.8591
-0.8810
-1.5828
-2.1022
-1.9897
-2.0385
-1.6021
-1.9298
-1.8503
-1.6502
-2.0311
-1.4723
-1.5252
-1.0039
-1.2094
-0.8474
-0.8401
-0.9660
-1.1111
-1.1148
-0.6176
-1.0844
-0.9136
-0.7336
-0.0209
-0.5158
-0.1516
-0.1873
0.5639
0.4437
0.1002
-0.2281
-0.1798
-0.4838
-0.6299
-0.4635
-0.7728
-0.8699
-1.0253
-0.9208
-1.0736
-0.9357
-0.9283
-1.0494
-1.0011
-0.9195
-0.8362
-0.8783
-0.8776
-0.7150
-0.9104
-0.8369
-0.8219
-0.7374
-0.7249
-0.4509
-0.6579
-0.0131
-0.2263
0.1030
0.0427
0.3905
0.9945
0.6867
0.8889
0.8139
1.5050
0.9185
0.7014
1.0163
1.4155
1.0542
2.2142
1.9823
2.8396
2.5734
2.4651
2.8584
3.0526
2.5514
3.4186
3.6928
4.1512
4.2511
4.0234
4.5714
4.1153
4.6830
4.7782
4.7441
4.4938
4.5022
4.4520
4.2741
4.5461
3.9216
3.7643
3.2652
3.0039
2.7535
2.7614
2.4033
2.5640
2.3145
2.3944
2.0733
1.8309
1.7350
1.5976
1.7545
1.5185
1.5162
1.5637
1.8632
1.4685
1.6460
1.3005
1.5002
1.3682
1.1975
1.3426
1.4987
1.5412
1.6192
1.7862
1.9490
2.0929
2.1747
2.1863
2.1260
1.5895
1.8680
1.2720
1.3441
1.3078
1.0190
0.7977
0.9553
0.6987
0.7395
0.4454
0.3589
0.2396
0.4997
0.0854
-0.1390
-0.2057
-0.3767
-0.4291
-0.1692
-0.5223
-0.6563
-0.3483
-0.6023
-0.2659
0.1761
-0.2936
-0.3572
-0.1981
-0.1062
-0.0396
-0.3123
-0.5258
-0.7613
-0.4912
-1.1581
-1.2833
-1.4482
-1.4845
-1.4248
-1.4509
-1.8943
-1.8693
-2.2039
-2.1227
-2.3464
-2.4714
-2.4863
-2.5285
-2.5592
-2.5817
-2.6880
-2.5044
-2.8527
-2.9184
-3.0760
-3.1354
-3.3454
-3.3819
-3.6767
-4.0983
-4.1033
-3.7051
-3.9125
-4.3324
-4.6785
-4.6464
-4.6965
-4.7624
-4.8340
-4.9272
-4.8215
-4.8804
-4.8519
-4.9207
-4.9630
-5.0147
-4.9135
-5.1691
-5.2964
-5.3859
-5.5541
-5.7226
-5.8713
-6.1160
-6.0612
-6.4761
-6.5775
-6.6876
-6.8011
-6.8784
-7.1035
-7.2277
-7.5339
-7.6984
-7.9195
-8.0848
-8.1659
-8.0789
-8.1696
-8.1716
-8.0260
-7.8201
-7.6147
-7.6079
-7.6472
-7.6059
-7.3524
-6.8716
-7.0002
-7.5163
-7.0929
-6.9311
-7.0408
-6.4686
-7.3974
-7.0106
-6.7669
-6.1312
-6.4846
-6.5801
-6.1535
-5.9798
-5.5627
-4.1116
-3.3306
-2.9735
-1.5042
-1.6106
-1.1680
-0.3931
0.7315
1.1003
0.5666
2.3506
2.1911
3.4941
5.4107
5.4595
4.5257
6.0481
7.3039
5.6708
7.1430
6.2257
6.9719
6.2079
5.2678
5.2331
5.2277
5.5915
4.6291
4.6539
4.4385
5.0343
4.5107
4.6838
4.9128
4.9322
5.0860
5.1881
5.3662
5.8128
5.9323
5.5444
5.8001
5.1144
5.6570
5.2424
5.2352
4.7252
4.7645
4.4821
4.7947
3.9731
3.7481
2.7103
2.9571
1.8604
1.6525
1.7708
1.0703
1.0337
0.9190
0.1052
-0.3505
-0.6006
-0.5599
-0.8854
-0.5694
-0.9791
-0.2518
-0.1473
-0.1804
0.0258
0.0337
0.8262
-0.0632
0.2883
0.0630
0.2135
0.2811
0.4459
0.8106
0.7474
0.7292
1.0953
1.1381
1.8740
1.6110
1.8080
2.1502
2.5449
2.7518
2.9035
2.8163
3.1058
3.3496
3.1549
3.4040
4.3768
4.0981
4.4391
4.1442
4.7484
4.5951
4.7368
5.1316
5.0548
5.1994
5.5433
5.6023
6.0195
5.8234
5.8330
6.1396
6.0137
6.1458
6.5205
6.3293
6.4719
6.3831
6.6080
6.5623
6.4045
6.5599
6.6081
6.6627
6.5950
6.6262
6.5739
7.1365
6.6652
6.8260
6.9735
6.8604
6.9528
7.0715
7.8508
7.5404
7.6588
8.3362
8.2401
8.0924
8.3547
8.6047
8.4707
7.7097
7.3242
7.6313
6.5840
6.4406
6.0415
5.5078
5.4668
5.4436
4.9503
5.2763
5.1409
4.9344
5.2182
4.8570
5.0508
4.5907
4.7968
4.8077
4.5168
4.3512
4.6352
4.3581
4.2602
4.1608
3.9922
4.2151
3.9161
3.8883
4.0104
3.6267
3.5101
3.3662
3.2025
3.2564
2.8323
2.7513
2.6057
2.5391
2.3220
2.1710
1.9748
1.8556
1.7697
1.8822
1.6023
1.5514
1.3988
1.3499
1.2154
1.2025
1.1703
1.1519
1.0624
0.9915
0.9542
1.0345
0.7991
0.6495
0.5872
0.5741
0.6350
0.6823
0.7024
0.9254
0.5272
0.4605
0.4023
0.2687
0.3170
0.1965
0.0898
0.2140
0.3586
0.1611
-0.0952
-0.1168
-0.0334
0.1962
-0.4159
-0.3095
-0.3581
-0.2533
-0.4013
-0.3064
-0.3886
-0.3362
-0.4848
-0.4759
-0.3623
-0.5948
-0.6549
-0.6907
-0.7009
-0.7158
-0.6862
-0.6476
-0.5338
-0.1909
-0.3273
-0.3345
-0.4329
-0.5182
-0.5509
-0.5692
-0.5779
-0.6036
-0.6489
-0.5825
-0.9478
-1.1253
-1.3771
-1.5966
-1.8410
-2.0762
-2.2246
-2.4196
-2.5486
-2.6829
-2.7965
-2.8860
-2.6752
-2.9698
-2.9429
-3.0517
-3.0364
-3.0287
-3.0808
-3.1339
-3.2787
-3.3310
-3.1580
-3.1280
-3.0638
-2.8715
-2.8396
-2.6055
-2.6561
-2.5857
-2.4748
-2.3344
-2.3028
-2.2163
-2.0720
-2.0761
-1.6876
-1.7824
-1.7312
-1.8792
-2.2418
-2.3199
-1.7393
-2.4983
-2.4766
-2.6451
-2.7980
-2.8130
-2.8762
-2.5623
-2.6737
-2.5624
-2.5658
-2.5757
-2.6714
-2.7828
-2.8376
-3.0832
-3.4452
-3.5933
-3.9243
-3.9754
-3.9190
-3.6954
-3.7375
-3.7573
-4.1318
-4.4053
-4.7741
-4.7548
-5.1892
-5.2670
-5.1123
-5.2467
-5.1025
-4.9297
-4.6369
-4.2997
-3.8044
-4.0208
-3.7776
-3.7583
-3.9013
-3.8948
-3.6957
-3.8102
-3.4989
-3.2806
-3.1298
-2.6178
-2.5806
-2.2888
-1.4942
-1.3761
-0.6014
-0.6919
-0.8324
-0.2670
-0.7847
-1.0193
-1.1763
-1.7865
-1.2876
-2.1049
-2.5443
-2.8522
-2.4754
-3.1292
-3.2297
-2.8577
-4.0292
-3.9548
-3.7524
-4.9324
-4.4512
-4.9025
-4.4753
-4.4936
-4.0928
-3.6122
-4.2783
-3.8109
-3.9482
-3.7307
-3.7487
-4.5020
-4.1725
-4.4034
-3.7969
-3.9124
-4.1212
-4.0019
-4.0987
-3.7602
-4.0498
-3.8174
-3.9807
-3.4786
-3.8350
-3.3304
-3.0393
-2.4730
-2.8502
-2.5767
-2.5994
-2.0349
-2.3578
-1.9886
-2.2297
-1.7006
-1.8358
-1.6347
-1.3638
-1.3207
-1.1773
-1.0215
-0.5282
-0.3746
-0.2654
-0.1828
0.2180
-0.2319
0.0354
-0.0864
-0.1378
0.3379
0.9456
0.9930
0.8436
1.7592
1.1844
1.5305
2.2669
1.9009
2.1329
2.3336
1.9557
2.6047
2.4043
3.6147
3.7446
3.3074
3.5493
4.2109
4.6166
4.4096
4.5123
4.8226
4.8843
5.8405
6.0547
6.1866
6.6271
6.8462
7.3235
6.4861
6.7523
6.8245
7.4122
7.3495
7.4052
7.7933
7.2479
7.2481
7.3907
6.9961
7.5676
7.4639
8.5700
8.2812
9.8099
8.2277
8.7683
8.3918
8.4211
8.6059
8.4513
8.4930
8.5316
8.2128
7.8783
8.5555
8.3109
8.5767
7.9457
8.1782
8.6461
8.6878
8.5766
8.2684
8.4371
8.2669
8.2820
7.8716
7.4425
7.5625
7.0402
6.8052
6.4689
6.4832
6.2746
6.1059
6.1773
6.3885
5.6040
5.1866
4.8359
5.0128
5.0782
4.4740
4.0860
3.6606
3.9086
3.4690
3.1384
2.5397
2.3952
2.5442
2.4744
2.5349
2.1345
2.0035
1.8477
1.3246
1.5159
1.1859
1.1186
1.2775
1.0127
1.0574
0.9315
0.9174
0.3885
0.2117
0.0463
-0.1975
-0.2002
-0.2905
-0.3690
-0.5945
-0.3951
0.2009
-0.3594
-0.5012
-0.5782
-0.4572
-0.7336
-0.6721
-0.5457
-0.1866
-0.5433
-0.8376
-1.0264
-0.6486
-1.1422
-1.8705
-2.0305
-2.7441
-2.3499
-3.0482
-3.7246
-3.4050
-3.9051
-3.9018
-3.9217
-3.3677
-3.7965
-4.0924
-3.6619
-3.9228
-3.9548
-3.5010
-4.0754
-4.1698
-4.2935
-3.6867
-3.3280
-3.0480
-3.5241
-3.2093
-3.3222
-2.8210
-3.1107
-2.7867
-2.8349
-2.4023
-2.6345
-2.7210
-2.3942
-3.3161
-3.1052
-3.7700
-3.8447
-4.1589
-3.7146
-4.1096
-4.2597
-4.5329
-3.8766
-4.6355
-4.5087
-4.6783
-4.3201
-4.4194
-4.2513
-4.5104
-4.4046
-4.2971
-4.2024
-3.8557
-3.3091
-3.0525
-3.2688
-3.1813
-3.3208
-3.3555
-3.6666
-3.4862
-4.2353
-4.3969
-4.5375
-4.5363
-4.7849
-5.0359
-5.1436
-5.2769
-5.4226
-5.1016
-5.6794
-5.7921
-5.8977
-5.8483
-5.9643
-6.3465
-6.4818
-6.4786
-6.8791
-7.0173
-6.9102
-7.1677
-6.9523
-7.1336
-6.8417
-6.8902
-6.5750
-6.6534
-6.6346
-6.4563
-5.9007
-6.2076
-6.2030
-6.0777
-6.1278
-6.0164
-6.0742
-5.9269
-5.7764
-5.5618
-5.4235
-5.2640
-5.1719
-5.0118
-4.8421
-4.6605
-4.5204
-4.3350
-4.2032
-4.0162
-3.9105
-3.7615
-3.6434
-3.2971
-3.3408
-3.1618
-2.9661
-2.7227
-2.5027
-2.2492
-2.0628
-1.8518
-1.6892
-1.2971
-1.3259
-1.1253
-0.9395
-0.7217
-0.5344
-0.3275
-0.1485
0.0491
0.2477
0.4608
0.6833
0.9167
1.1712
1.5492
1.8085
2.1687
2.3425
2.5846
3.0002
3.0071
3.2337
3.4139
3.6338
3.7992
4.0447
4.2163
4.9815
4.8935
5.1911
5.2045
5.8072
5.6635
5.9796
6.3017
6.6604
6.8182
6.9361
6.9684
7.2237
7.1136
7.2903
7.5839
7.5055
7.7489
7.7900
7.9423
8.0079
8.0345
8.3676
8.0118
8.0022
7.9737
7.7038
7.5653
7.8321
7.7865
7.5321
7.4078
7.0997
6.9722
6.8565
6.6122
6.6087
6.4982
6.3885
5.9693
5.9271
6.0199
6.1458
5.6460
5.5874
5.2354
4.8674
4.9060
4.4504
4.5616
4.3859
4.3427
4.2029
4.0195
3.8129
3.6921
3.8459
3.9408
3.5510
3.4157
3.4595
3.0394
2.7951
2.6665
2.6058
2.6788
2.5809
2.5548
2.8582
2.3636
2.4303
2.4727
2.2931
2.1691
2.2724
2.2388
2.4475
2.3416
2.1567
2.1100
1.9078
2.0046
1.8401
2.0042
1.8083
1.8521
1.9487
1.9205
2.0144
2.0565
1.9390
1.7838
1.6860
1.6419
1.7553
1.7034
1.3785
1.4405
1.2423
1.4019
1.6291
1.7851
1.4526
1.5332
1.6817
1.5099
1.5439
1.6753
1.5471
1.5756
1.6268
1.6590
1.8214
1.4980
1.4159
1.2976
1.2198
1.3288
1.5655
1.5490
1.5670
1.6118
1.5820
1.5853
1.9766
2.6329
2.0379
2.2914
1.8044
1.8538
1.4662
1.6811
1.9917
2.3180
1.4824
2.6663
1.7046
2.6017
2.6241
3.1954
2.9605
2.1000
2.1165
2.9332
2.5241
3.2903
2.6130
3.6729
2.5883
3.4421
2.5370
3.1020
2.9565
2.9702
3.2523
4.2052
3.1020
3.6523
3.0045
3.3104
2.9482
2.9392
2.8576
2.9228
2.7496
4.1005
2.8343
2.6759
2.7668
2.1263
3.2319
2.4813
2.2676
2.7176
3.2412
3.2289
3.3135
3.7779
4.9291
4.9723
5.8332
5.5188
5.6060
5.4649
6.8854
6.2652
7.4243
8.1228
8.5527
7.4134
6.7850
7.1246
8.0173
7.4108
9.3343
9.0161
8.0860
8.0307
7.7441
7.9971
7.5028
7.7689
8.1139
6.8924
6.7643
6.8859
6.4973
6.9333
6.1451
5.7781
6.1036
5.7950
6.2629
5.6326
5.2224
5.0575
4.5144
4.4082
4.6072
5.2545
4.6194
5.1106
4.6749
4.9930
5.0437
5.2449
5.0131
4.8958
4.8509
4.4181
4.0458
3.6399
2.8347
2.5624
2.1641
1.4998
1.6423
0.8127
0.2550
-0.2357
-0.3864
-0.9083
-0.5084
-1.4919
-1.3196
-1.6891
-1.7227
-2.0240
-2.5055
-2.8180
-2.8623
-3.2721
-3.4409
-3.4957
-3.5929
-3.5520
-2.8198
-3.9268
-4.0279
-3.4848
-3.2893
-3.0634
-2.8781
-2.5637
-3.4045
-3.7888
-3.3508
-3.4820
-3.2222
-3.7979
-3.8157
-4.3978
-3.8343
-4.4199
-4.1957
-4.3640
-4.4161
-4.4708
-4.2641
-4.5014
-4.4933
-4.5123
-5.3584
-5.4637
-5.0920
-5.9441
-5.8894
-6.1106
-6.2760
-6.2620
-6.1219
-6.0689
-6.1785
-5.6115
-5.7907
-5.9944
-5.9438
-5.7384
-5.7039
-5.1174
-5.3402
-5.5326
-5.6218
-5.5237
-5.0086
-4.6269
-4.8382
-4.6474
-4.7466
-5.0226
-4.8638
-4.9347
-4.2994
-4.3680
-3.9280
-4.1993
-4.2729
-3.6799
-3.9893
-3.8699
-3.5159
-3.7432
-3.5311
-3.0159
-3.2719
-3.3047
-3.2672
-2.8918
-2.9961
-2.8172
-2.8567
-2.7632
-2.7758
-2.4279
-2.2486
-2.3152
-2.3486
-2.3122
-1.9214
-2.0147
-1.8666
-1.4566
-1.3029
-1.1078
-1.1481
-0.7638
-0.8578
-0.9997
-0.8715
-0.9873
-0.6968
-1.1508
-1.1835
-0.8914
-0.9934
-0.9233
-0.6987
-0.7042
-0.9069
-0.7931
-0.6748
-0.5739
-0.4106
-0.3821
0.0055
-0.0339
0.2351
0.8489
0.7082
0.8530
0.6574
1.1821
0.7577
0.8977
1.3969
1.5939
1.5597
2.2303
1.7997
2.2109
3.0273
3.3032
3.5186
4.0198
4.3346
4.9316
4.9311
5.5673
