4.4449
5.0581
5.3649
5.8918
6.5487
6.9302
7.9270
7.6850
8.8753
8.6281
8.2172
8.3551
8.1958
7.8664
8.4589
7.6244
7.0934
7.2239
6.9538
6.7462
6.8800
6.3841
6.4675
6.2146
5.5709
5.3046
4.9683
4.6407
4.1995
4.6041
3.8585
3.9754
3.9966
3.6262
3.2935
2.9466
3.0934
2.4846
2.4415
2.3948
2.2059
1.8599
1.9498
1.8337
2.3931
2.0967
2.6382
2.9655
2.8659
3.3672
2.8037
3.0995
2.7977
2.8771
3.0707
3.4681
2.4243
2.6170
1.9461
2.6445
1.8426
1.6623
0.9430
0.7837
0.2481
0.4317
-0.0172
-0.1725
-0.5745
-1.0290
-1.4468
-1.5395
-1.1842
-1.3458
-1.5469
-1.8653
-2.0292
-1.5192
-1.7583
-2.1381
-2.1922
-2.5319
-2.9847
-3.1838
-3.0301
-3.2031
-3.2394
-3.3791
-3.2236
-3.1837
-2.8182
-2.7776
-2.6410
-2.2196
-2.1180
-1.4741
-1.6440
-1.4698
-1.1138
-0.9132
-0.5488
-0.0464
0.2991
-0.3801
-0.2544
0.3090
0.1849
0.3385
-0.1858
-0.5638
-0.2166
-0.4561
-0.4132
-0.7354
-0.6902
-1.1312
-1.2779
-1.2699
-1.6441
-1.4649
-1.9565
-1.9422
-2.1525
-2.7944
-3.1504
-3.1239
-3.2471
-3.5430
-4.0438
-4.1705
-4.2634
-4.1935
-4.1565
-4.5147
-4.4334
-4.4951
-4.4459
-4.6413
-4.6005
-4.7990
-4.9807
-4.7825
-4.9039
-4.8159
-5.1638
-4.6354
-4.6692
-4.8151
-4.6213
-4.6727
-4.4232
-4.2727
-4.1186
-4.0383
-4.0616
-3.9980
-4.0305
-3.7833
-4.3223
-4.5120
-4.6682
-4.7270
-4.8819
-5.1383
-5.1847
-4.7587
-5.1164
-4.6697
-4.9806
-4.9930
-5.1989
-5.0481
-5.2169
-5.2069
-5.2907
-5.1802
-5.3787
-5.2376
-5.3988
-5.3632
-5.3073
-5.0988
-5.1639
-5.0484
-5.2156
-5.4419
-5.5470
-5.6773
-5.6302
-5.6135
-5.3407
-5.4578
-5.6822
-5.6638
-5.5132
-5.1804
-5.3419
-5.4042
-5.3504
-5.2603
-5.2418
-5.5012
-5.3013
-5.3555
-5.2933
-5.2098
-5.1799
-5.1350
-4.8470
-4.6386
-4.6735
-4.7809
-4.6342
-4.6014
-4.4052
-4.4275
-4.2388
-3.9988
-4.4745
-4.2872
-4.4025
-4.1227
-3.9272
-4.3566
-4.2086
-4.6911
-4.5776
-4.8890
-4.5239
-4.8867
-4.2768
-4.6752
-4.5018
-4.2137
-4.2977
-4.2302
-4.3812
-4.1310
-4.4153
-4.4534
-4.4968
-4.4321
-4.3755
-4.1196
-4.0147
-4.2270
-4.1697
-4.1360
-4.1950
-4.1038
-4.0859
-3.9615
-3.6717
-3.5351
-3.9935
-4.1407
-3.9356
-3.9690
-4.1052
-3.9662
-3.8727
-3.4890
-3.4116
-3.3913
-3.6748
-3.8078
-4.0345
-3.8893
-3.9276
-3.6280
-3.5674
-3.8637
-3.6872
-3.6960
-3.6596
-3.9557
-4.1311
-4.1692
-4.1925
-4.2209
-4.4160
-4.1278
-4.3375
-3.7352
-4.2916
-4.3704
-4.7202
-4.7289
-4.8306
-5.0381
-5.1185
-5.0542
-5.0858
-5.0154
-4.9016
-4.5582
-4.4840
-4.4459
-4.2993
-4.1861
-4.1406
-4.2614
-4.2812
-4.0184
-4.2417
-4.1741
-3.9166
-4.0378
-3.8542
-3.8485
-3.7564
-3.6802
-4.0023
-4.1170
-4.0324
-4.2481
-4.1638
-3.9625
-3.6868
-3.5045
-3.8635
-3.5228
-3.4812
-2.5501
-3.6918
-3.4434
-3.6096
-3.7908
-3.8620
-3.6703
-4.7437
-4.5511
-4.1268
-4.3400
-3.9045
-4.5561
-4.2780
-4.4534
-3.8489
-4.2274
-4.2863
-4.2298
-4.5370
-4.3847
-3.7092
-3.9029
-3.3221
-3.8399
-3.8047
-3.9236
-3.9167
-3.6578
-3.6200
-3.6102
-3.6616
-2.9608
-3.1520
-3.3602
-2.0915
-2.2741
-2.2746
-2.1016
-2.1969
-2.0201
-1.9606
-1.4128
-1.2598
-0.7069
-0.5518
0.2508
0.4165
0.2862
0.4813
0.8864
0.9886
1.2263
1.1433
1.4887
1.4641
1.9108
2.3167
2.7327
3.0584
3.2898
4.1827
4.3380
4.8997
5.7531
5.8036
6.2484
6.5396
7.4484
6.6659
6.6963
7.4622
7.2269
7.5369
6.9007
7.1284
7.6280
8.2314
8.3621
8.8486
8.5644
8.7726
7.6127
7.2979
7.1077
6.8970
7.3343
7.1337
7.2764
6.6234
6.8436
7.1404
7.3677
7.1159
7.9140
7.9100
8.0790
8.1487
8.2921
8.3019
8.8204
8.3558
8.3685
9.2850
9.3495
9.9999
9.7600
10.1455
11.1581
10.7739
10.6101
11.6062
11.6780
12.2065
11.7178
12.0888
11.6605
11.7432
11.1453
11.0968
10.2482
9.5775
9.1959
8.9846
8.0984
8.0736
7.8098
7.7276
8.2778
7.5579
7.9267
7.5065
7.5620
7.9575
7.9020
8.1425
8.0596
8.1421
8.1719
7.9819
8.1528
8.1094
8.8419
8.6147
9.1001
8.7043
8.4985
8.7029
9.3269
8.7377
8.7763
9.3585
8.7185
9.5799
8.9609
9.5824
9.6999
9.6333
9.5238
9.1019
9.2167
8.8839
9.1478
8.9543
9.3073
8.9890
8.8720
8.7742
8.5753
8.8198
8.3850
8.0282
7.7672
7.5248
7.4919
6.8372
6.6355
6.4749
6.3062
6.3454
6.2016
6.2049
5.7386
5.5474
5.5454
5.4072
5.4622
5.2681
5.4197
5.3020
4.6937
4.6292
4.2451
3.9776
3.8511
3.4881
2.9423
2.8646
2.4708
2.1264
1.8122
1.8311
1.8355
1.4662
1.0354
0.9327
1.0434
1.2917
1.0482
1.5969
1.3551
1.7234
1.2116
0.4117
0.4626
-0.4822
-0.4850
-0.5642
-0.9843
-0.5318
-1.4721
-1.5444
-1.0919
-2.0240
-1.5918
-2.3019
-2.5541
-2.7356
-3.1185
-3.3895
-3.3016
-3.4566
-3.8616
-4.1026
-4.2834
-4.2359
-4.4374
-4.3492
-4.6686
-4.7955
-4.8079
-5.1220
-5.2361
-5.2599
-5.1366
-5.2198
-5.3447
-5.7090
-5.7555
-5.8283
-5.8252
-5.9491
-5.7749
-6.0619
-6.1023
-6.0613
-5.8073
-5.7476
-6.2618
-5.6238
-5.7733
-5.8187
-5.9153
-5.8786
-6.1921
-6.0419
-6.0287
-5.6396
-6.1617
-5.3501
-5.8597
-5.5103
-5.6169
-5.6026
-5.8394
-6.4655
-6.3650
-6.3120
-6.8103
-7.2648
-7.4942
-7.9052
-7.5139
-7.8371
-7.8417
-8.3406
-8.1471
-8.5055
-8.2346
-8.7113
-8.5097
-8.6102
-8.4741
-8.3158
-8.3695
-8.5314
-8.1019
-8.3707
-7.9108
-8.5308
-8.5722
-8.6128
-8.7147
-8.7160
-9.1117
-9.2356
-9.2506
-9.2601
-9.2716
-9.2287
-8.8980
-8.9462
-8.6795
-8.8515
-8.4018
-8.1373
-8.1641
-7.9503
-7.5123
-7.7655
-7.4119
-7.1252
-7.3601
-7.1521
-7.0907
-7.1997
-6.0194
-6.4340
-5.7424
-4.9009
-5.2044
-4.3665
-4.9658
-5.1165
-4.7151
-5.0162
-4.8146
-4.8173
-4.1995
-4.4334
-3.6809
-3.2008
-2.1286
-1.9780
-0.9537
-0.6516
0.1146
-0.2464
-0.8678
0.5370
-0.0253
0.8768
0.9153
1.9871
2.2083
1.9760
1.9743
2.7413
2.5411
1.9837
1.5126
1.6644
1.5290
1.3607
1.4876
1.8789
1.5175
1.2055
1.3279
1.0183
1.9251
1.5484
2.5985
3.3593
3.7272
4.1795
4.8641
4.9818
5.7768
6.2349
6.4519
6.0897
6.8876
6.5907
6.6982
7.2463
6.7835
7.1998
6.5959
6.6196
6.7062
6.7403
6.6209
6.8307
6.8442
7.0612
7.2298
7.3761
7.4782
7.8293
7.6925
7.9082
7.4349
8.1761
7.9236
8.4506
8.1818
8.9182
8.8660
9.4180
9.5038
9.3339
9.9353
10.1660
10.1692
10.5890
10.6337
11.1082
10.5760
10.9320
11.1599
10.6726
10.6112
10.7613
10.6860
10.6937
10.6663
10.6974
11.0017
11.1475
10.7456
10.9929
11.4629
11.7568
11.6158
11.0350
10.8054
10.8382
10.7340
10.4423
10.7959
11.2493
11.0235
11.5944
11.2346
10.9664
11.0000
11.2082
10.7143
10.5350
10.0785
10.3913
9.6330
9.4206
8.8899
8.9130
8.7218
7.9344
7.5635
7.0524
6.8590
6.8691
5.8170
5.8986
5.9267
5.5361
4.8463
4.5727
3.9689
4.2202
3.7422
2.5692
2.1075
2.5525
2.0327
1.3988
1.6754
0.6060
1.5084
0.3813
1.0782
0.7694
0.7198
0.3974
0.5333
0.2191
-0.7972
-0.5473
-0.3025
-0.0471
-0.8192
-0.8732
-0.8158
-0.4021
-0.4821
-0.5981
-0.4467
-0.5584
-0.9200
-0.9365
-0.2784
-0.9363
-1.2719
-1.2049
-0.9783
-1.4790
-1.8660
-1.8046
-2.3546
-2.4597
-2.6035
-2.1976
-2.5704
-2.9118
-2.4687
-2.8908
-3.0274
-3.2199
-3.0122
-3.2182
-2.9633
-2.9278
-2.8161
-2.2555
-1.8796
-1.0185
-1.1081
-0.7140
-0.7987
-0.2386
0.2212
0.2777
0.4919
0.5583
0.1565
0.0403
0.4378
0.1984
0.8396
1.3898
1.6676
1.9555
2.0881
2.2714
2.1296
1.8588
1.5971
1.1138
0.9921
0.4629
0.2688
0.3166
-0.2447
-0.4280
-0.4346
-0.5111
-0.9235
-1.0078
-1.1932
-1.9543
-2.3234
-3.4586
-3.2417
-3.9690
-4.1233
-5.1762
-5.5054
-5.7550
-6.2467
-6.4872
-6.7931
-7.1368
-7.4304
-7.5316
-7.8296
-8.2936
-8.0568
-8.2487
-8.8343
-9.1163
-9.2262
-9.4227
-9.1831
-9.6401
-9.5663
-9.7109
-9.5431
-9.6626
-10.0403
-10.1769
-10.3074
-10.3235
-10.3813
-9.9365
-10.0687
-10.0159
-10.2408
-10.3652
-10.4246
-10.6925
-10.6966
-10.5042
-10.9421
-10.8242
-10.9430
-10.4028
-10.5061
-10.5959
-10.5053
-10.3816
-10.0217
-10.1678
-9.9221
-10.0206
-9.9311
-9.8149
-9.6655
-9.5418
-9.4024
-9.3244
-9.3521
-9.3510
-9.3471
-9.2652
-9.1025
-8.6502
-8.8949
-8.8833
-8.7436
-8.6859
-8.2868
-8.4789
-8.3243
-8.2668
-8.2264
-8.1216
-8.1380
-8.0653
-7.9620
-7.8987
-7.7739
-7.7622
-7.4766
-7.5598
-7.4868
-7.0130
-7.1988
-6.9865
-7.0108
-6.9188
-6.8889
-6.7999
-6.7153
-6.5711
-6.4685
-6.3118
-6.2362
-5.9045
-5.9961
-5.8327
-5.6834
-5.5093
-5.3947
-5.0502
-5.0763
-4.9763
-4.8135
-4.7422
-4.5890
-4.4306
-4.2578
-4.1169
-3.9680
-3.8549
-3.7218
-3.5969
-3.3526
-3.2686
-3.0753
-3.0802
-2.9735
-2.6815
-2.7606
-2.6146
-2.0491
-1.7973
-1.6826
-1.3181
-1.1782
-0.6228
-0.6535
-0.0892
0.7306
0.6428
0.8477
0.9287
1.1287
1.1005
1.0269
1.6472
1.6240
1.2282
1.1753
1.3322
2.1147
1.8481
2.6501
2.3097
2.9579
2.9895
3.3499
3.1982
3.5474
3.8410
3.3607
3.4010
3.3921
3.4425
3.4884
3.4758
3.6379
3.4765
3.9848
3.4408
3.6190
3.7037
4.0754
3.9812
4.5142
4.8762
4.9397
5.2102
6.1481
5.9400
6.2570
6.6582
6.8855
6.9692
7.4040
7.6500
8.0473
7.2639
7.7644
7.4935
7.7915
7.5112
7.5381
7.6731
7.3890
7.1799
7.2235
7.2918
7.3699
7.8225
7.7588
8.5577
9.2431
9.7937
10.2197
10.6676
10.3731
10.6059
10.2104
10.1861
9.2816
9.1815
8.9197
8.5385
8.0550
7.7687
7.4219
7.3234
6.9387
6.8157
7.2248
6.6950
6.5699
6.5063
6.1092
5.9859
5.7868
5.7142
5.4839
5.4816
5.2566
5.0314
5.1297
4.8256
4.2967
4.3025
3.6985
3.5049
3.0698
3.1130
2.6759
2.5573
2.3780
1.7408
1.7201
1.5864
1.6155
1.6873
1.2813
1.2963
1.0911
1.0500
0.9396
0.8355
0.5968
0.5113
0.2802
0.1452
0.6050
-0.0061
0.0989
0.1980
0.3709
0.3888
0.4363
0.5519
0.4929
0.3269
0.2708
0.4123
0.2099
0.2417
0.4996
0.8250
0.8239
0.3970
0.5237
0.6197
0.5902
0.4774
0.3147
-0.0990
-0.0382
-0.2361
-0.3210
-0.3329
-0.2516
-0.4975
-0.3907
0.0166
-0.2737
-0.3220
0.2727
-0.2438
-0.2315
-0.5151
-0.6656
-0.8898
-0.8684
-1.2479
-1.1422
-1.2183
-1.5403
-1.6020
-1.7178
-1.6687
-1.2785
-1.5822
-1.6774
-1.5780
-1.6369
-1.3247
-1.5782
-1.3832
-1.6469
-1.6139
-1.6280
-1.6650
-1.7740
-1.8747
-1.9762
-2.0456
-2.1317
-2.1835
-2.0317
-2.3985
-2.5896
-2.7110
-2.9246
-3.2750
-3.4422
-3.5889
-3.7292
-3.8256
-3.8398
-3.8942
-3.7541
-3.8224
-4.1047
-4.1679
-4.0425
-4.3070
-4.3870
-4.0600
-4.3884
-3.6545
-4.2174
-3.9403
-4.1446
-4.3064
-4.1448
-3.8545
-4.0012
-3.9389
-4.1109
-4.2432
-3.9185
-3.9920
-4.5109
-4.4951
-4.6108
-4.4941
-4.2815
-4.2648
-4.2189
-4.0005
-3.9489
-3.6230
-3.3383
-3.6445
-3.4699
-3.7405
-3.8445
-3.7276
-3.3291
-3.4614
-3.2000
-3.5405
-3.7282
-3.1635
-3.4270
-3.3901
-3.0101
-3.5951
-3.0557
-2.8289
-3.2303
-2.8475
-3.2094
-3.2309
-2.4902
-2.7526
-2.6475
-1.9966
-1.9502
-1.6555
-1.9984
-2.1365
-1.5375
-1.8208
-1.8702
-2.4750
-2.1462
-2.0556
-2.1900
-1.6396
-2.3894
-2.0750
-2.4399
-2.6927
-2.7404
-3.1774
-3.3279
-2.9517
-2.8327
-2.9066
-3.0860
-2.5840
-2.7693
-3.5680
-3.6419
-4.0080
-3.6620
-3.7343
-3.4153
-3.6402
-3.5096
-3.5589
-3.3841
-3.2702
-3.3093
-3.2788
-2.9072
-3.6391
-3.6413
-3.3867
-3.6555
-3.4077
-3.6531
-3.5737
-3.9404
-3.8364
-3.9046
-4.3047
-3.7522
-3.7143
-3.9224
-3.7162
-4.1094
-3.9132
-4.1187
-3.6368
-3.7588
-3.0836
-3.2914
-3.0009
-2.3166
-2.0420
-1.6098
-1.6143
-0.9036
-0.6252
-0.5879
0.1446
0.1727
1.2976
1.8087
1.8142
2.2623
2.0703
2.6626
2.8950
2.9083
3.0181
3.8960
3.6538
4.1801
4.2786
4.3670
4.4535
4.1321
3.7862
3.7686
3.4632
3.5684
3.3763
2.8324
2.4579
2.9709
2.8655
3.2559
2.4742
2.5596
1.8916
2.0451
1.6711
1.7956
1.6772
1.6219
1.3659
1.6017
1.1691
1.3395
1.1939
1.1777
2.3158
1.7759
1.6512
2.4384
2.7116
3.1703
2.8158
2.7718
2.6883
3.0677
3.2149
3.2367
3.3103
3.6031
4.0914
4.2079
4.1803
4.1282
4.5326
3.7901
3.8556
3.9594
4.3219
4.4330
4.4434
5.2258
4.5979
5.0598
5.6672
6.1253
5.8818
6.0951
5.7941
5.6883
5.1647
5.8521
5.6373
6.5041
5.3478
5.7467
5.2964
5.3459
4.6186
4.3223
3.9644
3.7980
3.5240
2.0623
1.2612
1.1148
0.6723
0.9810
0.3476
0.6181
0.7922
1.4410
0.8912
1.0121
1.5613
1.4755
1.5440
1.2264
1.2390
0.8571
0.3059
1.1807
0.5952
1.0272
0.7547
1.3597
1.1461
0.7072
0.6890
0.4959
0.5520
0.6780
1.0274
0.2496
0.5661
0.5091
0.1274
0.1607
-0.2156
-0.2250
-0.3696
-0.5869
-0.6302
-0.6616
-0.6343
-0.6251
-0.4772
-0.2187
-0.5940
-0.7014
-0.6681
-0.5394
-0.5702
-0.7054
-0.6240
-1.0224
-1.0511
-0.2331
-1.0627
-0.9725
-0.9258
-1.1842
-0.8149
-1.1523
-1.1362
-0.8404
-0.6713
-0.9535
-0.5335
-0.5090
-0.6188
-0.4345
-0.7788
-0.5723
-0.4207
-0.9406
-0.6795
-0.4806
-0.8959
-1.1220
-1.4436
-1.5355
-1.4417
-1.6738
-1.9742
-2.0652
-2.2284
-1.8639
-1.8997
-1.6423
-1.9918
-2.0078
-1.9726
-1.6404
-1.9180
-1.7227
-1.9217
-1.9890
-2.2961
-1.9832
-1.6604
-1.7263
-1.8367
-1.8554
-1.6787
-1.0611
-1.0442
-1.3352
-1.5524
-1.5669
-1.1715
-1.0477
-0.9676
-1.2833
-1.1986
-0.9135
-1.0917
-1.1200
-1.0838
-1.1059
-1.1618
-0.9665
-1.2346
-1.0286
-1.4557
-1.3934
-1.6963
-1.5353
-1.5062
-1.2740
-1.6658
-1.0979
-1.6413
-1.6917
-1.6391
-2.0150
-1.9619
-2.0847
-1.5933
-1.9690
-1.7937
-1.8621
-1.8244
-1.1722
-1.5185
-1.0910
-1.3684
-1.3511
-1.4279
-1.3631
-1.2219
-1.1203
-0.9709
-0.5633
-0.1006
-0.2980
-0.2509
-0.3525
-0.3721
-0.0755
-0.3958
-0.4752
-0.3432
-0.4893
-0.0254
-0.7769
-0.8187
-1.0926
-1.2561
-1.0186
-1.1006
-1.1055
-1.5569
-1.7301
-1.7865
-1.7286
-2.0207
-2.1946
-2.2297
-2.0414
-2.1413
-1.9095
-2.0221
-2.0263
-2.0966
-2.1706
-2.2810
-2.4030
-2.4720
-2.4858
-2.8295
-2.1365
-2.6457
-2.8279
-2.6665
-2.8450
-3.1152
-3.2821
-3.7090
-3.7499
-3.8554
-3.6690
-3.7623
-3.7899
-3.4368
-3.4513
-3.7810
-3.9585
-4.2427
-4.5562
-4.7972
-4.8532
-5.2124
-5.2656
-5.5075
-5.3759
-5.4311
-5.5849
-5.8579
-5.7968
-6.1205
-6.2716
-6.0019
-6.3944
-6.2853
-6.5598
-6.2217
-6.5713
-6.4628
-6.7115
-6.6606
-6.6078
-6.7653
-6.6492
-6.8584
-6.9247
-7.0254
-7.1330
-6.9930
-7.3285
-7.4090
-7.1207
-7.5702
-7.4655
-7.6146
-7.8380
-7.8988
-8.0779
-8.2509
-8.5835
-8.6519
-9.0794
-9.0111
-9.3104
-9.2899
-9.3794
-9.1996
-9.2752
-9.0215
-9.2996
-9.1522
-9.2433
-8.7936
-8.7896
-8.8976
-8.7634
-8.8643
-8.7880
-8.7256
-8.3358
-8.2102
-8.2668
-8.2608
-8.1829
-8.2721
-8.2376
-8.1989
-7.8908
-7.8457
-7.7113
-7.4459
-8.0818
-8.2536
-8.3978
-8.3378
-8.3466
-8.5528
-8.2302
-8.3807
-8.4469
-8.5634
-8.5563
-8.6673
-8.3220
-8.2212
-7.8745
-7.9946
-8.0243
-7.9192
-7.9103
-7.1228
-7.7122
-7.6116
-7.7652
-7.5234
-7.6240
-7.4757
-7.2750
-7.3862
-7.4377
-7.3257
-7.2995
-6.9867
-6.9735
-7.0576
-7.3104
-7.3417
-6.8979
-7.1428
-6.5777
-7.1161
-6.6721
-6.5538
-6.3149
-5.9251
-6.6934
-6.1869
-5.6814
-5.6329
-5.3529
-5.0379
-5.2493
-4.9334
-5.4000
-5.4293
-5.0494
-5.1562
-4.2250
-4.5033
-4.2333
-4.1265
-3.6192
-3.5936
-3.1120
-3.1492
-3.1346
-2.9053
-2.2594
-2.4550
-2.1508
-2.4351
-2.5248
-2.6351
-2.5497
-2.7034
-2.3972
-2.2662
-1.9483
-1.7861
-1.8439
-1.5092
-1.6899
-1.4628
-1.2944
-1.2735
-1.1337
-0.9469
-0.0155
0.0843
0.9307
1.0743
1.4659
2.1873
2.2528
2.8425
3.6963
3.5509
4.6284
4.6227
5.5360
6.0662
6.1664
6.1056
6.6819
6.6924
6.8530
7.4187
8.1518
9.1609
8.6435
9.8050
10.4469
11.1168
11.9240
12.8955
13.2722
13.6083
14.8431
15.5649
16.6671
16.9121
17.8462
18.7496
19.3570
19.0635
19.6323
20.1370
20.7225
21.6054
22.6170
23.4437
23.4666
24.3005
24.4919
24.3628
24.7954
25.8349
26.8857
26.8432
27.0223
26.9266
27.2433
27.8538
27.6829
27.7995
28.0023
28.3170
27.6747
27.6904
27.8047
28.2767
28.1440
28.1670
27.0784
27.6461
27.2558
26.7742
25.5962
24.5638
23.7298
22.7771
22.3682
21.3890
20.5734
19.4440
18.8679
17.6063
16.0454
15.3003
14.2551
13.1036
12.7510
11.8737
11.3471
10.5870
9.9861
9.3513
8.7595
8.1090
7.7309
7.1231
6.9045
6.0623
5.3794
4.8728
4.3901
4.1228
3.4089
3.2839
2.5951
2.1416
1.5856
1.4551
0.9091
0.8177
0.4542
0.3033
0.0857
0.3586
-0.0310
-0.0997
-0.0467
0.1394
0.5753
0.3213
0.1430
0.0027
-0.1235
-0.2390
-0.2938
-0.1322
-0.4283
-0.2322
-0.5867
-0.3373
-0.4949
-0.3327
-0.2433
-0.0741
-0.3150
-0.2734
-0.5464
-0.3252
-0.4344
-0.5432
-0.8118
-0.8560
-1.1485
-0.7057
-1.4401
-1.5861
-1.6036
-1.8350
-1.7973
-2.2172
-2.2323
-2.0544
-2.1589
-1.8277
-1.9055
-1.5494
-1.3102
-1.6463
-1.7137
-1.9688
-1.8515
-1.8954
-1.3444
-2.1118
-1.7348
-2.5744
-2.7721
-2.2083
-2.9712
-2.4878
-2.8854
-3.6074
-3.7593
-4.0041
-4.0918
-4.1998
-4.0879
-4.2858
-4.7826
-4.6909
-5.0830
-5.2961
-5.5034
-5.7999
-6.1595
-6.2608
-6.3140
-6.3423
-6.0095
-6.3721
-6.4695
-6.3308
-6.5015
-6.5559
-6.5584
-6.6993
-6.5908
-6.7668
-6.8496
-6.8165
-6.9588
-6.9593
-7.0425
-6.9491
-6.9641
-6.8000
-6.5206
-6.9758
-7.1735
-7.3117
-7.1761
-7.6117
-7.7177
-7.9566
-7.9127
-8.2678
-8.4231
-8.5192
-8.5775
-8.6339
-8.4837
-8.6933
-8.5196
-8.7759
-8.8839
-8.8248
-9.0462
-8.9802
-9.1609
-9.1919
-9.1253
-9.1051
-8.9809
-8.4549
-8.8329
-8.7816
-8.8725
-8.6130
-8.9538
-8.9561
-8.9044
-9.1436
-9.1895
-9.1772
-9.2858
-9.3578
-9.5148
-9.4679
-9.2264
-9.4461
-9.5554
-9.6310
-9.9974
-10.2087
-10.0468
-10.4037
-10.3699
-10.5681
-10.6076
-10.4044
-10.6601
-10.5088
-10.5943
-10.3273
-10.6526
-10.2937
-10.5586
-10.3823
-10.2912
-10.5058
-9.6513
-9.3086
-9.5597
-9.5569
-9.6234
-9.1702
-9.0688
-9.0064
-9.3056
-9.0671
-8.9395
-8.8582
-8.8751
-8.4270
-8.6729
-8.4930
-8.8582
-8.6777
-8.4557
-8.6164
-8.2227
-7.5275
-7.3684
-6.8251
-6.6403
-6.5874
-6.4355
-6.2817
-6.0787
-6.0456
-6.0303
-5.6119
-5.1040
-5.6815
-5.4299
-4.6598
-4.8141
-4.2429
-4.7020
-4.4151
-3.7107
-4.0833
-2.9994
-3.5057
-2.9674
-2.6713
-2.4123
-1.7499
-1.2878
-1.3256
0.5312
0.5291
2.9211
3.4519
4.0253
5.5190
5.6326
6.6849
7.6706
8.0741
6.6934
6.8384
6.0836
6.9759
5.8260
6.4597
6.4749
6.9916
6.8638
7.7466
6.7976
8.0811
8.3325
9.7677
9.8535
10.1982
9.8537
10.6532
11.6884
11.4422
11.4558
12.1004
11.7296
11.7320
11.7564
11.6864
11.0192
10.4775
9.8101
9.6409
9.6849
9.6319
9.1224
9.0481
9.1859
9.3781
9.2656
9.2413
9.2675
8.7608
8.6715
8.1645
8.6149
8.7395
8.2408
9.1267
8.9744
9.4311
10.0136
10.0242
9.8868
10.2479
10.4328
11.2333
11.5596
12.3981
11.9880
12.1157
12.1688
13.2891
12.1654
13.1501
12.6204
12.6853
12.6400
12.8420
12.0959
12.2820
12.1731
12.5673
12.4567
11.7248
11.6301
11.3820
11.2813
10.9035
11.1419
11.1817
10.9716
11.6045
11.1963
10.9466
10.8157
10.7297
10.4058
11.0162
10.2855
10.0844
11.2742
10.7820
10.9941
10.3733
10.5198
10.4371
10.3039
9.8874
9.7928
9.8706
9.9710
9.8510
9.5433
9.6117
9.5644
9.5723
8.9419
8.6502
8.6835
8.7127
9.3070
9.2960
10.1980
9.6261
9.0823
8.1033
8.4986
8.0108
7.1372
7.1469
6.3714
6.5667
6.4349
5.9517
5.3622
5.6176
5.0223
4.5614
4.5412
4.3019
4.2121
4.6898
4.0625
4.0845
3.9161
3.9844
3.8685
3.6041
3.6629
3.2661
3.1182
3.1726
2.8069
2.7010
2.5039
2.3721
2.1676
2.1213
1.7078
1.5481
1.3418
1.2510
1.1842
0.8521
0.6581
0.7458
0.3467
0.2239
0.0388
-0.0893
-0.2444
-0.2777
-0.4052
-0.4059
-0.5149
-0.5582
-0.6513
-0.7660
-0.8635
-0.9209
-0.9461
-0.9774
-0.7706
-1.0651
-1.0951
-1.2011
-1.2361
-1.2620
-1.2898
-1.3217
-1.3544
-1.4013
-1.2500
-1.5128
-1.5782
-1.6168
-1.6874
-1.7085
-1.7988
-1.8137
-1.7234
-1.7159
-1.5841
-1.6646
-1.6273
-1.6493
-1.4099
-1.6086
-1.5961
-1.6438
-1.6172
-1.7509
-1.8062
-2.0015
-2.1158
-2.2425
-2.1560
-2.4864
-2.5962
-2.6929
-2.7095
-2.8048
-2.6685
-3.0116
-3.1027
-3.1691
-3.2335
-3.2831
-3.3163
-3.3270
-3.0520
-3.2834
-3.2452
-3.3241
-3.3261
-3.3670
-3.3892
-3.3944
-3.2669
-3.4779
-3.5666
-3.5948
-3.6178
-3.6876
-3.7380
-3.8101
-3.6361
-3.7771
-3.8208
-3.7737
-3.6927
-3.9204
-3.6252
-3.8977
-3.6950
-3.5665
-3.4181
-3.9240
-3.8243
-4.1666
-4.2627
-4.3662
-4.3599
-4.4055
-4.4729
-4.5961
-4.7286
-4.8267
-4.6509
-4.8285
-4.8848
-4.8680
-4.7866
-5.0056
-5.0269
-4.9614
-4.9169
-4.1886
-4.3867
-4.4831
-3.6826
-3.6171
-3.8126
-3.5246
-2.5222
-3.7023
-3.9525
-3.9976
-3.9597
-3.3802
-3.5139
-3.2098
-3.6127
-3.7740
-3.5169
-4.0520
-3.5422
-4.2889
-3.5708
-3.5080
-3.7649
-3.6806
-3.7512
-3.5568
-3.9757
-3.9414
-3.8592
-4.2557
-4.2225
-4.2288
-3.8471
-3.5926
-3.5592
-3.7420
-3.7160
-3.8855
-3.9549
-3.9730
-4.0701
-4.3397
-3.9725
-4.0023
-3.7736
-3.7806
-3.8272
-3.7537
-3.6435
-3.3921
-3.2668
-2.6995
-2.6765
-2.2796
-1.8795
-1.4769
-1.3772
-1.0291
-0.5532
0.5198
0.9037
1.1392
0.8618
1.1697
1.0718
1.1961
1.8563
1.6583
1.8856
1.4167
1.6201
1.4916
1.8268
1.7409
2.1400
1.5171
1.5179
1.0047
0.8428
1.1614
0.8888
0.7312
0.4069
0.6479
-0.0277
-0.0086
-0.5626
-0.7902
-1.0206
-1.1330
-0.9617
-0.9534
-1.0609
-0.9499
-0.9669
-0.7790
-1.0068
-1.0231
-0.6396
-0.6740
-0.6689
-0.5867
-0.1644
-0.1959
0.0104
0.1644
0.2060
0.4527
0.1941
-0.0669
-0.4576
-0.6040
-0.4596
-0.9713
-0.9601
-1.1632
-1.1576
-1.2019
-1.1230
-1.3418
-1.4286
-1.5345
-1.5166
-1.5047
-1.3660
-1.4095
-1.6216
-1.4013
-1.4897
-1.8745
-2.0527
-2.0758
-2.1213
-2.1722
-2.1629
-2.2163
-2.4159
-2.2101
-2.4617
-2.5815
-2.7094
-2.4746
-2.3792
-2.6218
-2.3681
-2.2956
-2.5051
-2.6472
-2.6752
-2.0401
-2.0502
-2.2887
-2.3735
-2.3046
-1.6429
-1.7618
-1.9542
-1.5968
-1.3898
-0.1666
-1.1434
-0.8067
-0.8479
-0.7785
-0.1883
0.3878
0.5765
0.5963
0.9684
0.7726
0.9991
0.9878
0.7506
0.4203
0.6007
0.7242
0.0599
0.1143
-0.1480
-0.1320
-0.1685
0.5081
0.2824
0.9680
0.7147
0.1382
0.2954
0.4672
0.7745
1.3290
1.1071
0.9138
1.0497
1.7139
0.8537
0.8407
1.0280
0.9785
0.9670
1.0153
1.0223
1.2139
1.3712
1.4291
1.1472
1.3579
0.9817
1.1556
1.3319
1.4503
1.5454
1.5276
1.7136
1.3971
1.4731
1.5974
1.5757
1.7788
1.7622
2.0302
2.1807
2.5143
2.6409
3.2119
3.5089
3.6549
3.9989
3.8539
3.8129
3.7685
3.7320
3.8600
3.6365
3.2765
3.1810
2.9798
2.5646
2.3171
2.0895
1.8770
2.0515
1.7561
1.7531
1.6515
1.5667
1.7615
1.4055
1.3325
1.1988
1.1197
1.0958
1.1807
0.9246
1.3151
0.7939
0.7940
0.6842
0.5572
0.5178
0.4192
0.4067
0.4377
0.4510
0.4778
0.5397
0.4306
0.3422
0.4074
0.1749
-0.0064
-0.4112
-0.4529
-0.6416
-0.5256
-1.0367
-0.9109
-1.0899
-1.3453
-1.4737
-1.2411
-1.5611
-1.5677
-1.6803
-1.8841
-1.9496
-2.2639
-2.2989
-2.5416
-2.4096
-2.3404
-2.5954
-2.5454
-2.4835
-2.9798
-3.0367
-3.0466
-3.1280
-3.0224
-3.1928
-3.1877
-3.2992
-3.3691
-3.2793
-3.3979
-3.2849
-3.2271
-3.3737
-3.4581
-3.4914
-3.5544
-3.5782
-3.5127
-3.5224
-3.2891
-3.4997
-3.3981
-3.3445
-3.2594
-3.0763
-3.0750
-3.2074
-3.2970
-3.0631
-3.2805
-3.0105
-3.2331
-3.2892
-3.4152
-3.4883
-3.5363
-3.6204
-3.6499
-3.6798
-3.4622
-3.6440
-3.6039
-3.4795
-3.4120
-3.3727
-3.4565
-3.5412
-3.6412
-3.6645
-3.7586
-3.7259
-3.7448
-3.6152
-3.5156
-3.7131
-3.8367
-3.6614
-3.6905
-3.8196
-3.5656
-3.6815
-3.9544
-3.7268
-4.0399
-4.0381
-4.0220
-4.0076
-4.0084
-4.0569
-4.0308
-4.1238
-4.1158
-4.0338
-4.2504
-4.2774
-4.2675
-4.1616
-4.1809
-3.9517
-4.3154
-4.4322
-4.5814
-4.6080
-4.7811
-4.8351
-5.0053
-5.0531
-4.7677
-4.9858
-4.8304
-4.7122
-4.9038
-4.9683
-4.8849
-5.0978
-5.2339
-5.2407
-5.3272
-5.3281
-5.3873
-5.4121
-5.4243
-5.2397
-5.4302
-5.4647
-5.3926
-5.4982
-5.4832
-5.5796
-5.6606
-5.6671
-5.7565
-5.7511
-5.5692
-5.8047
-5.8661
-5.9466
-6.0287
-6.0338
-5.9480
-6.0804
-6.0012
-6.1645
-6.1996
-6.2169
-6.1720
-6.1876
-6.1627
-6.2187
-6.2619
-6.2417
-6.3413
-6.3508
-6.5141
-6.4874
-6.5898
-6.5637
-6.7336
-6.6114
-7.0002
-7.1184
-7.1921
-7.2809
-7.3672
-7.4686
-7.5916
-7.5834
-7.4480
-7.6258
-7.6321
-7.6067
-7.5673
-7.5249
-7.4526
-7.4164
-6.9656
-7.3589
-7.3269
-7.3173
-7.3066
-7.2949
-7.2325
-7.2784
-7.2434
-7.2977
-7.3409
-7.4015
-7.5345
-7.6126
-7.6700
-7.6998
-7.7155
-7.7306
-7.7171
-7.5141
-7.6957
-7.5997
-7.6425
-7.5956
-7.5975
-7.3618
-7.4900
-7.4547
-7.4704
-7.1446
-7.4107
-7.2963
-7.3831
-7.3809
-7.4132
-7.4815
-7.2407
-7.4262
-7.3538
-7.2935
-7.2954
-7.2972
-6.9362
-7.1592
-7.0250
-7.1464
-7.1818
-7.0338
-7.2706
-7.2851
-7.2350
-7.2124
-7.1242
-7.1241
-7.0438
-6.6925
-6.4080
-6.4607
-6.7981
-6.5338
-6.8688
-6.3234
-6.5135
-5.9507
-5.9418
-5.4998
-5.5561
-4.4270
-4.2741
-4.8099
-4.2919
-4.5181
-3.8760
-4.2485
-3.7080
-4.0474
-3.7390
-4.1185
-3.6026
-4.0105
-3.3673
-3.2553
-3.1925
-2.7517
-2.9230
-2.2212
-1.4296
-2.6671
-1.3914
-1.7216
-1.9127
-0.6172
-0.9248
-0.6492
-0.2026
0.0204
1.2301
1.6745
2.4599
2.4209
2.7560
3.3835
2.9867
4.1096
3.4083
3.2966
3.7666
4.1279
3.9290
3.1914
3.3912
3.1940
2.8302
2.4603
1.9808
1.7614
1.8330
1.6227
1.4954
1.4988
1.6705
1.7932
2.4416
2.2177
2.4150
2.3975
2.5109
2.2477
2.3781
2.2688
2.5485
2.8313
2.7108
2.8220
2.5795
3.0655
2.8075
3.8113
3.0911
3.2556
3.0199
3.1091
3.1654
3.3640
3.7934
4.0969
3.5276
3.7704
3.6919
3.8499
3.8524
4.4243
4.5708
4.7262
4.9664
5.1447
5.3037
5.2326
5.8246
5.1903
5.4406
5.2093
4.9973
5.0393
5.1202
5.0650
5.0933
4.8445
5.0906
5.2540
5.1415
5.4360
5.3026
5.4944
5.7496
5.6185
5.6897
5.9988
6.0553
6.0717
5.5844
5.6398
5.2639
5.0803
5.2855
4.8992
5.1633
4.6288
4.5657
4.4254
4.1219
4.1126
4.1188
4.1086
3.4395
3.3784
3.2403
3.4436
3.0504
3.5878
3.2996
3.7125
3.1803
3.3750
3.4132
3.6774
3.8609
3.8314
4.1659
4.0781
4.7882
4.4958
5.1332
5.0569
5.2299
5.4228
5.4693
5.7483
5.0953
5.0788
4.8309
4.7237
4.7724
4.3915
3.9671
3.5996
3.1547
2.9030
2.4630
2.0604
1.8539
1.6395
1.2569
0.8739
0.5238
0.0860
-0.3545
-0.5525
-0.4403
-1.0379
-1.1086
-1.5627
-1.5345
-1.3414
-1.5085
-1.6001
-1.7973
-2.0389
-1.8337
-2.1021
-2.0663
-2.0693
-1.9680
-2.1408
-1.9568
-1.6840
-1.1313
-1.5743
-1.4309
-0.9894
-0.6600
-0.4660
-0.0632
-0.4223
-0.0161
0.2175
0.2914
-0.1021
-0.2190
0.0215
0.2182
0.5704
0.4739
0.0715
0.3825
1.1518
0.9590
2.1144
1.8851
1.9046
1.7354
2.2792
2.5183
1.7571
2.7080
2.3487
3.5210
3.0767
3.8942
3.0416
4.0522
3.5165
4.1960
4.5173
4.8665
4.7084
4.7828
4.7635
4.2480
4.5148
4.1534
3.9759
3.4503
3.6002
3.2070
3.4050
3.5983
2.6459
2.5356
2.2563
2.6323
1.9461
2.0636
2.6768
2.7349
2.3764
2.6542
2.5967
2.8518
2.7013
2.9456
2.7836
3.2213
3.6312
4.2878
4.1292
4.3485
3.9399
4.3297
3.6627
4.2931
3.9188
3.6902
3.6196
3.1177
2.6282
2.9353
3.1495
3.2620
3.2108
3.3436
3.3339
3.6811
3.4121
4.1275
3.7565
4.1752
4.0712
4.3235
4.6694
3.8864
3.8515
3.8236
3.1590
3.5696
3.3078
3.2308
3.4758
3.0330
3.3261
3.1217
2.9206
3.1344
2.9145
2.8240
2.4902
2.4447
2.4920
1.6839
1.3387
1.2027
0.8239
0.7368
0.5208
0.5629
0.7457
0.4328
0.5758
0.7779
0.7170
1.0003
1.1944
1.3526
1.4329
1.5933
0.8860
1.3838
1.5222
1.4587
0.8338
0.9303
0.7215
0.8820
1.3832
0.9357
0.8148
0.4909
0.3542
0.6564
0.4455
0.9606
0.9282
1.3009
1.2388
0.7520
1.5908
0.1557
0.4794
-0.2908
0.0953
-0.3071
-0.3090
-0.4496
-0.6651
-0.4734
0.2321
0.1409
-0.6773
-0.7198
-0.6184
-0.5576
-0.3094
-1.3000
-0.9529
-1.2849
-0.4835
-0.9225
-0.8305
-1.1508
-0.5588
-1.4351
-0.3113
-0.2746
-0.5559
0.0989
-0.4122
-0.5324
0.7890
-0.5090
0.3019
0.8616
1.7560
1.2766
2.3606
2.9415
2.1807
1.6545
2.9963
3.4105
3.2966
4.1430
3.3531
4.1628
3.6305
3.0140
2.8472
3.1235
3.6592
3.5219
3.3600
2.5967
2.5934
2.5648
2.2622
2.1856
2.4082
1.9407
1.5168
1.9978
1.8675
2.0389
1.7206
1.8265
2.0460
1.9730
2.4362
1.6195
2.0329
1.9925
1.6765
1.5835
1.2442
1.3895
1.3156
0.8765
0.9290
0.9643
0.5137
1.5308
0.8402
0.7850
0.1744
0.2000
-0.0032
0.3753
-0.4028
-0.2844
-0.4934
-0.8538
-0.4714
0.0071
0.4797
0.2043
0.9778
0.7771
0.9837
0.9880
1.1032
1.7261
1.9783
1.7653
1.3141
1.4925
1.1978
1.0876
0.6707
0.8248
0.5866
0.8662
1.4510
1.0609
0.7101
1.1119
1.4663
2.2087
2.1257
2.0549
2.1342
2.5153
2.6495
2.7439
3.1437
4.0027
3.8899
4.0716
4.2469
4.5464
5.1425
5.4411
5.6890
6.2564
6.1388
6.7736
6.5194
6.5825
6.8479
6.5645
7.1039
6.7121
6.7079
6.5359
6.0492
5.9911
5.8660
6.3137
5.6669
5.4577
5.7340
5.5089
5.8952
6.0494
6.3979
6.3354
5.9716
5.9892
6.0453
6.1212
5.8638
5.7074
5.4605
5.3332
5.1180
4.8851
4.4823
4.1696
3.7928
3.4008
3.2002
2.5286
2.1299
1.7444
1.4652
1.2649
1.1723
0.6525
0.2660
-0.1312
-0.4448
-0.7804
-0.9749
-1.2503
-1.4372
-1.7065
-1.8639
-1.7901
-2.0302
-2.0873
-2.0698
-2.0673
-2.0336
-2.0097
-1.9828
-1.9614
-1.8998
-1.6428
-1.5210
-1.5396
-1.4028
-1.0061
-0.9847
-0.8540
-0.6272
-0.5811
-0.2224
-0.0746
-0.0833
0.1127
0.3534
0.5627
0.9804
1.0920
1.0095
1.1281
1.2756
1.5703
1.6966
1.9530
2.0497
2.4492
2.4734
2.5489
2.6574
2.6307
2.9857
2.8117
2.9760
3.2037
3.1442
3.2750
3.3724
3.6307
3.5862
3.7526
3.6186
3.9000
3.7262
3.9570
3.8038
3.8026
3.8715
3.9314
4.0980
4.1549
4.3419
4.2828
4.4128
4.5838
4.5159
4.5896
4.7488
4.8942
5.0937
5.1206
5.3767
5.1067
5.0501
4.9627
4.8685
4.6318
4.6871
4.1746
3.9748
3.8156
3.7435
3.3260
3.0382
3.0169
2.6479
2.4485
2.2973
2.1709
2.0525
1.9929
1.8667
1.7992
1.6507
1.5470
1.4209
1.3168
1.4672
1.1780
1.1710
1.0510
1.1324
0.9936
1.0239
0.8201
0.7866
0.5897
0.5253
0.3098
0.2018
0.0101
-0.0461
-0.3032
-0.3295
-0.6836
-0.8128
-1.0834
-1.2262
-1.3592
-1.4803
-1.6001
-1.7114
-1.8360
-1.9521
-2.0782
-2.1812
-2.0821
-2.3469
-2.3924
-2.4385
-2.2891
-2.5126
-2.6468
-2.6979
-2.8218
-2.8541
-2.6561
-2.8928
-2.9060
-2.9634
-2.9962
-3.0537
-3.0908
-3.1458
-3.1814
-3.2309
-3.0547
-3.2925
-3.3108
-3.3467
-3.1691
-3.3980
-3.4169
-3.4336
-3.4541
-3.3892
-3.4588
-3.4387
-3.5344
-3.5527
-3.5648
-3.5961
-3.6435
-3.6596
-3.7152
-3.7100
-3.7648
-3.7768
-3.8296
-3.8570
-3.9023
-3.9390
-3.9549
-4.0007
-4.0026
-4.0758
-4.0911
-4.1420
-4.1519
-4.1871
-4.2241
-4.2740
-4.1358
-4.3960
-4.5040
-4.6071
-4.7463
-4.8747
-5.0132
-5.1850
-5.3644
-5.5725
-5.7428
-5.8969
-6.0028
-6.1115
-6.1936
-6.2845
-6.2753
-6.3114
-6.2447
-6.3264
-6.3481
-6.3529
-6.4506
-6.4524
-6.5829
-6.5876
-6.5476
-6.2741
-6.3556
-6.2449
-6.1062
-5.9793
-5.8342
-5.7203
-5.5251
-5.5130
-5.4144
-5.4953
-5.4299
-5.4006
-5.3005
-5.1563
-5.1590
-5.0638
-5.1869
-5.1378
-5.2111
-5.1314
-5.3034
-5.3558
-5.4864
-5.6135
-5.3976
-5.7082
-5.6802
-5.5097
-5.3388
-5.4047
-5.5956
-5.9470
-5.4997
-5.8959
-5.8416
-5.9279
-6.0881
-6.1655
-6.4070
-5.9471
-6.4646
-6.2750
-6.7119
-7.1322
-7.1188
-7.2934
-7.1656
-6.5889
-6.8217
-6.3084
-6.2208
-6.0852
-5.6696
-5.2266
-4.5424
-4.8356
-4.5974
-5.1744
-4.6634
-4.3669
-4.3152
-4.7974
-4.4436
-4.3176
-4.1598
-4.0239
-3.6383
-3.1112
-3.0235
-2.5517
-1.7157
-1.4405
-1.9491
-1.8365
-1.8457
-2.2996
-2.4459
-2.6597
-2.9410
-2.6523
-3.2271
-3.6428
-3.9511
-4.0035
-4.3962
-4.7453
-5.0387
-5.2223
-5.2168
-5.7295
-5.6495
-5.7501
-6.0504
-5.7658
-6.1061
-5.9665
-5.6685
-5.9503
-5.7727
-5.8061
-5.4038
-5.6186
-5.6600
-5.4269
-5.6109
-5.6466
-5.5229
-5.2298
-5.3403
-5.2563
-5.0784
-5.2328
-4.8876
-4.7464
-4.5334
-4.4725
-4.3158
-4.3789
-4.0109
-3.8410
-3.1769
-3.2278
-2.6062
-2.1511
-1.6446
-1.1567
-1.1671
-0.5439
-0.3965
-0.1089
0.1203
0.6305
1.1680
1.2648
1.6682
1.6624
1.8965
2.0996
2.3422
2.1929
2.1521
2.1773
2.5494
2.5175
3.2315
3.1461
3.3103
3.3902
3.5222
3.4070
4.0747
3.5808
3.7661
4.2792
4.3480
5.0970
4.6032
4.9165
5.0623
5.5310
5.9552
6.4304
7.0936
7.2533
7.5236
7.5922
8.0816
8.0632
8.2811
8.2882
8.7783
8.7058
9.1965
9.2500
9.6397
9.7421
9.6963
9.8035
9.8369
10.1938
10.2934
9.7004
10.3305
10.0515
9.7319
10.1728
10.4679
10.0538
11.0204
9.9222
10.1224
9.9725
10.4031
10.3169
10.1061
10.3411
10.4022
10.3113
10.1597
10.8893
10.3520
10.5242
10.6647
10.7745
10.9020
10.7808
10.8940
10.6172
11.1225
10.6073
10.4819
10.2211
10.6231
9.9515
9.6223
9.6972
8.9122
8.7434
8.3536
8.5070
8.1524
7.7521
7.6949
6.9098
6.6009
6.3065
6.7931
6.3497
6.4800
5.7918
6.0079
5.7953
6.2397
5.3068
4.9153
4.8633
4.5187
4.0787
4.5080
4.4428
4.7473
4.4170
4.7237
5.0830
4.0822
4.7231
4.5829
4.1328
4.9979
3.8442
4.4109
3.9727
4.2843
3.7394
3.4850
3.2593
2.5331
2.1709
2.1029
1.6708
0.9401
1.2589
1.2737
0.8142
1.5139
1.2966
1.5762
1.1643
0.7326
0.9282
0.8552
0.8621
0.4064
-0.1693
0.2942
-0.4457
-0.1244
-0.2816
-0.0389
-0.5636
-0.0136
-0.6849
-0.7701
-0.3850
-1.3456
-1.2648
-0.9696
-1.9959
-1.8158
-1.4948
-1.8384
-2.0129
-2.2845
-2.3706
-2.6016
-2.3379
-3.1726
-3.2596
-2.3754
-2.3811
-2.5879
-1.9544
-2.5209
-1.6769
-2.5883
-2.0308
-2.7271
-2.8089
-3.1601
-3.1241
-3.5758
-3.5562
-3.5749
-3.7831
-3.9505
-3.8682
-4.5971
-4.5630
-4.8691
-5.1053
-5.1920
-5.1654
-5.3519
-5.4227
-5.4277
-5.5844
-5.1808
-5.4675
-5.4516
-5.7376
-5.8850
-5.7612
-5.9207
-6.1496
-6.2214
-6.3857
-6.3927
-6.6152
-6.4664
-6.8206
-7.1717
-7.0661
-7.5983
-7.6169
-7.7480
-7.9765
-8.1049
-8.0774
-8.2812
-8.5436
-8.7657
-8.5398
-8.7080
-8.5870
-8.6724
-8.5339
-8.6373
-8.4344
-8.2891
-8.1434
-8.1768
-7.9846
-7.9537
-8.0445
-7.7929
-7.8818
-7.5792
-8.1394
-8.2029
-7.9411
-7.6140
-7.7731
-7.6202
-7.4568
-6.9411
-7.0971
-7.0008
-6.2796
-6.8078
-6.4422
-6.7358
-6.8002
-6.5475
-7.0432
-6.7091
-6.7557
-6.3030
-5.6465
-5.9948
-5.8204
-5.7516
-5.1657
-5.4035
-5.2160
-5.0110
-4.6824
-4.7154
-4.3927
-3.8430
-4.3770
-4.2143
-3.8533
-3.1404
-2.9572
-2.6309
-3.1417
-2.5460
-2.5321
-2.3145
-1.7539
-1.6746
-1.6816
-1.3348
-0.9536
-0.3651
-0.3176
-0.4148
0.3359
0.2765
0.9650
0.8487
1.6082
1.6245
1.8829
2.2358
2.7213
3.1647
3.5021
3.5506
3.9629
4.2888
4.8341
4.8647
5.3566
5.3074
5.4808
5.7228
5.7662
5.8067
5.9027
5.9346
6.0299
5.9205
6.1274
5.9377
6.2078
6.0848
6.0757
5.7818
5.7562
5.6575
5.6640
5.7395
5.3738
5.5152
5.0136
5.4416
5.4190
5.0837
5.1578
5.0210
4.5453
4.4173
4.5538
4.1918
4.0113
3.9903
3.7228
4.2807
3.6476
3.3719
3.0113
2.8396
3.1099
2.6739
2.8199
2.5780
2.2355
2.5185
2.4217
2.2727
2.2225
2.6544
2.5696
2.7169
2.3915
2.0909
2.1933
2.6697
2.4249
2.0898
1.8286
1.3468
1.7379
1.6962
1.7077
1.3853
1.7861
1.5142
1.6109
3.1961
3.2688
2.8682
2.2327
6.0805
3.7014
2.6373
3.3599
3.9466
3.9323
3.9570
3.4806
3.9044
3.7933
4.2028
4.9071
3.7199
3.9623
3.7012
4.3321
4.6514
4.5987
4.1699
4.7249
4.3596
4.9264
4.8737
4.7128
5.3114
4.9855
4.8954
4.9114
4.9292
5.2552
5.2052
5.2557
4.9473
5.2254
4.8310
5.0260
4.7850
4.5786
4.7513
4.6596
5.1932
4.9169
4.7806
4.7474
4.8908
4.7614
4.6856
4.8251
4.9604
5.8460
5.2590
5.7462
5.5453
5.7799
5.9486
5.4489
5.7694
5.4971
5.6078
5.7928
5.7899
5.9692
6.0464
5.8587
5.9885
5.8238
6.7556
5.9960
7.0720
6.6960
7.1109
6.8435
7.3450
6.8505
7.5834
7.6821
7.2121
7.5493
7.3423
7.6015
8.4942
7.9945
7.8949
7.8126
7.7371
7.5199
7.5681
8.4424
8.2146
8.0792
8.5579
8.4534
8.0882
8.9605
9.1659
8.9245
9.4396
9.5373
9.8112
9.9576
10.1157
10.4380
10.7427
11.7360
10.9235
11.4264
12.0265
12.2219
12.3091
12.0090
11.5285
12.1906
11.6533
11.5357
11.9519
11.1378
10.6119
10.5902
10.6132
10.4690
10.2200
10.5693
9.9766
10.0925
9.3804
9.3150
8.5843
8.6683
8.4266
7.9668
7.3656
6.9650
6.6814
6.4984
6.3107
6.4712
6.0924
6.3199
5.8001
5.8866
5.7877
5.8289
5.7326
5.6096
5.2648
5.8047
5.4090
5.0084
5.0739
4.4912
4.5487
3.8490
3.4712
2.9621
2.4199
2.5721
1.5266
1.1743
1.3758
0.9572
0.1391
-0.2041
-0.6887
-0.7483
-1.2701
-0.9856
-1.8437
-1.8285
-2.0720
-2.2235
-1.9534
-2.7594
-2.9668
-3.2250
-3.3154
-3.0701
-2.9142
-2.9083
-3.1599
-3.1887
-3.3008
-3.2626
-3.1232
-3.4944
-3.5443
-3.6549
-3.7589
-3.8992
-3.9370
-4.1260
-4.1829
-4.3302
-4.3563
-4.4944
-4.5682
-4.7615
-4.7087
-5.1505
-5.3044
-5.4481
-5.6669
-5.8413
-6.2129
-6.5072
-6.8736
-7.1834
-7.4467
-7.6823
-7.8385
-7.9992
-8.0578
-7.8640
-7.9383
-7.9001
-7.8455
-7.9039
-7.9133
-7.9079
-7.8847
-7.8844
-7.8737
-7.8712
-7.8591
-7.8162
-7.7557
-7.6932
-7.6174
-7.5998
-7.3544
-7.4699
-7.4736
-7.4091
-7.4390
-7.3768
-7.2863
-7.1857
-7.0776
-6.8811
-6.6176
-6.4599
-6.3089
-6.2660
-6.3466
-6.1909
-6.3519
-6.1493
-5.6767
-5.8445
-5.5631
-5.4601
-5.5676
-5.4070
-5.0614
-5.2979
-5.0999
-4.8457
-4.2996
-4.3128
-4.2616
-3.3922
-3.7198
-3.3481
-2.8776
-3.0623
-3.1017
-2.9499
-2.9283
-2.8985
-2.3852
-2.9550
-2.7111
-2.4884
-2.4000
-2.1702
-1.5987
-1.1791
-0.9055
-0.7372
-1.2282
-1.1733
-1.3883
-1.4713
-1.3598
-1.0864
-1.1437
-1.1704
-0.8336
-1.0672
-0.9020
-0.4245
-0.4590
-0.0019
0.0780
0.6230
0.6614
0.4978
0.7751
1.2306
1.6969
1.5944
1.9594
2.0278
2.4653
3.0514
3.0134
3.5816
3.6823
4.0797
