6.2413
6.2048
5.9840
6.0965
6.1920
5.8896
6.0194
6.2444
6.0297
5.2143
4.3256
4.0496
4.1989
4.1938
3.6950
4.3338
4.0608
3.1857
4.2665
3.1719
2.8725
2.7727
2.7628
2.4012
2.3304
1.6963
1.9802
1.5848
2.0768
1.9557
2.2362
1.8118
2.1303
2.0169
1.6930
1.6473
1.7914
1.4568
1.4907
1.1079
1.4545
1.7931
1.4842
1.4749
1.0940
1.3063
1.5764
0.8178
1.0283
1.9700
0.7775
0.7041
0.8180
0.5250
0.5795
0.2234
0.0787
0.0230
0.2767
0.0334
0.0709
-0.2328
0.2362
-0.2858
-0.6116
-0.4985
-0.6153
-0.6403
-0.6800
-1.1066
-0.8942
-1.1087
-1.0065
-1.0491
-0.8341
-1.2159
-1.3435
-1.4387
-1.3586
-1.1524
-1.2904
-0.9205
-0.9259
-0.8786
-1.0268
-0.8297
-1.1618
-1.3035
-1.2797
-1.0164
-1.2667
-1.2773
-0.9322
-0.5778
-0.6660
-0.3949
0.2593
-0.3847
-0.6132
-0.0521
-0.5080
-0.0066
-0.1933
0.6338
0.1873
0.1040
0.3543
0.1529
-0.3362
0.0827
-0.0069
0.1213
-0.3628
-0.2419
-0.2452
-0.4783
-0.3519
-0.3665
-0.6213
-0.3932
-0.4338
-1.1786
-0.7798
-1.3989
-0.7925
-1.4525
-1.2428
-1.2977
-1.4610
-1.0668
-1.3930
-1.7140
-1.9271
-2.0011
-1.7824
-1.8529
-1.6296
-1.9021
-2.1347
-2.2507
-1.9662
-1.9674
-2.2411
-1.9996
-2.0830
-2.0208
-2.1461
-2.3377
-2.3537
-2.2069
-2.2737
-2.1045
-1.9090
-2.0118
-1.2651
-1.9413
-1.6827
-1.9170
-1.8698
-1.7321
-1.6387
-1.7226
-1.5237
-1.5527
-1.7255
-1.8586
-1.6962
-1.7206
-1.7890
-1.5978
-1.5939
-1.7264
-1.7724
-1.5689
-1.4711
-1.8678
-1.4887
-1.9365
-1.8328
-1.9058
-1.7288
-1.5164
-2.0356
-2.1269
-2.0678
-1.9844
-1.8691
-2.0331
-1.8859
-2.0410
-1.9904
-2.1419
-1.8850
-1.7950
-2.0496
-1.8900
-2.2705
-2.2926
-2.2683
-2.2243
-2.0447
-1.9916
-1.9736
-1.6033
-2.1342
-1.8541
-1.7892
-1.8013
-1.4965
-1.4384
-1.5654
-1.3110
-0.9357
-0.9173
-1.2072
-1.2253
-1.6258
-1.2419
-1.7795
-1.5564
-1.7479
-1.7434
-1.6735
-1.5297
-1.4276
-1.5687
-1.8375
-1.8222
-1.7866
-1.4926
-1.2893
-1.1861
-0.9062
-1.0222
-0.9387
-1.0631
-0.9686
-0.6012
-0.8788
-0.3937
-1.0850
-1.0875
-1.3750
-0.9256
-1.3058
-1.6638
-1.8271
-1.8283
-1.2947
-1.6970
-1.3346
-1.6258
-1.1628
-1.3131
-1.6825
-1.2454
-1.3470
-1.0408
-1.2484
-1.3599
-0.9341
-1.0441
-0.7174
-0.7244
-1.4128
-1.2678
-1.3435
-1.0924
-1.2925
-1.4602
-1.4775
-1.7096
-1.7214
-1.7103
-1.7804
-1.2036
-1.7495
-1.4403
-1.6402
-1.6544
-1.5535
-1.4549
-1.5550
-1.3992
-1.3554
-1.3725
-1.6515
-1.6017
-2.1359
-2.1667
-2.0730
-1.7147
-2.0205
-1.8415
-1.9634
-1.8753
-1.7983
-1.6502
-1.4375
-1.6049
-1.7009
-1.7307
-1.7160
-1.6391
-1.6755
-1.5084
-1.8582
-1.9332
-1.9380
-1.9443
-1.7961
-1.8627
-1.7631
-1.6673
-1.8034
-1.7754
-1.6591
-1.6785
-1.4710
-1.7680
-1.7859
-1.6821
-1.6896
-1.6261
-1.7224
-1.5307
-1.7332
-1.6650
-1.6362
-1.4745
-1.3543
-1.4464
-1.5455
-1.4446
-1.3408
-1.2921
-0.9604
-1.1547
-1.0497
-1.0285
-0.9552
-0.9209
-0.7719
-0.8108
-0.7902
-0.6951
-0.9095
-0.8839
-0.7529
-0.7388
-0.5926
-0.5907
-0.4605
-0.3336
-0.0334
-0.1557
-0.1557
-0.1032
-0.0082
0.1193
0.1668
0.2569
0.1780
0.3246
0.2783
0.8070
0.4633
0.6859
0.8390
1.0382
1.4569
1.2045
1.0357
1.0957
1.1572
0.9714
1.3631
1.8963
1.4104
1.7062
1.4841
1.7156
1.3659
1.5911
1.9273
2.1260
2.5679
2.5123
2.9303
2.5434
2.6702
2.5096
3.4853
3.3426
2.7320
2.7405
2.9236
3.0289
3.1508
2.6789
2.7153
2.7362
2.7268
2.8745
2.7791
2.8230
3.1691
3.2334
3.3081
3.1114
3.1231
3.2702
3.6854
3.6664
3.8069
3.6063
3.5180
3.5318
3.9003
3.8135
4.1161
4.1390
4.1465
3.8691
3.9884
4.2364
3.9481
3.9973
4.0972
3.9575
3.9657
3.9670
4.0988
4.3137
4.3476
4.3234
4.4708
4.5475
4.3792
4.5079
4.4845
4.5150
4.7865
4.7757
4.7224
4.8243
4.7731
4.4210
4.4219
4.4843
5.0481
5.1345
5.4178
5.2362
5.4311
5.5591
5.2703
6.1035
5.1986
6.1232
5.5892
6.0338
5.8132
6.1000
6.1891
6.7319
6.4975
6.6402
6.0794
6.4498
6.5835
6.4042
7.2021
6.8775
6.5479
6.4051
6.3600
6.3621
6.2704
6.3484
6.4957
5.9125
5.8769
5.7553
5.5280
6.2254
6.7653
8.3878
7.2387
7.3138
7.0672
7.2918
6.5918
6.6622
6.0880
6.6246
6.0062
6.3671
6.0025
4.9934
5.5244
5.4879
5.6333
5.8236
5.3149
5.3352
5.2573
4.9796
5.3560
4.7544
5.1761
4.4343
4.4583
4.3630
4.3403
3.4350
3.3746
2.8381
2.7211
2.3711
3.2430
2.3605
1.9463
1.8807
1.6691
1.2768
1.2847
1.0889
0.9257
0.7878
0.3706
-0.0383
0.1412
0.5859
-0.0521
-0.1148
-0.1004
-0.3815
-0.5887
-0.2225
-0.3999
-0.4563
-0.0123
-0.1199
-0.6743
-0.7561
-1.1785
-0.8901
-1.1978
-1.4101
-1.0477
-1.2177
-1.1146
-1.2508
-1.4059
-1.6905
-1.5269
-1.6476
-1.9302
-1.8581
-2.3090
-1.7322
-2.5020
-2.3890
-2.3351
-2.7584
-2.9573
-2.9944
-2.8315
-3.4316
-3.4939
-3.0323
-3.6173
-3.1869
-2.9121
-3.4683
-3.1738
-3.5751
-4.0256
-4.1525
-4.2122
-4.4250
-4.2223
-4.3098
-4.6673
-4.7992
-4.8759
-4.4790
-4.9817
-5.2297
-4.6483
-5.1059
-5.0627
-5.2001
-4.9453
-4.8429
-5.2927
-4.8834
-5.2637
-5.4207
-5.3437
-5.5160
-5.6251
-5.6541
-5.6349
-5.5841
-5.4319
-5.6286
-5.5404
-5.6061
-5.4679
-5.6135
-5.5745
-5.6904
-5.7045
-5.8334
-5.8360
-5.8369
-5.8760
-5.7372
-6.1310
-6.0576
-6.3841
-6.4221
-6.4311
-6.4675
-6.1587
-6.3164
-6.5150
-6.6836
-6.6221
-6.6740
-6.6072
-6.5043
-6.6493
-6.6567
-6.3745
-6.5885
-6.5202
-6.5390
-6.4802
-6.4512
-6.2274
-6.2724
-6.1676
-6.3060
-6.2509
-6.2069
-6.1013
-6.0835
-6.0124
-5.8133
-5.9750
-5.9240
-5.8489
-5.5410
-5.5726
-5.1667
-5.1380
-5.0859
-4.8126
-5.0980
-4.8464
-4.8806
-4.9724
-4.8050
-4.8234
-4.7117
-4.5174
-4.6041
-4.6560
-4.5452
-4.1608
-4.3095
-4.1159
-4.0269
-3.9814
-3.9287
-3.7390
-3.8185
-3.7032
-3.3177
-3.3117
-3.2050
-2.9071
-3.0394
-3.0002
-2.8635
-2.6256
-2.7237
-2.5555
-2.4997
-2.2210
-1.9908
-1.9272
-1.8115
-1.3023
-1.1350
-1.0778
-0.6253
-0.6380
0.0671
0.2804
-0.0929
-0.0364
1.0388
0.6209
0.6613
1.0330
1.2900
1.7424
1.5765
1.7488
1.5134
1.2162
1.8680
2.1811
2.3556
2.4488
2.8825
2.5010
3.3680
2.9464
3.2891
2.7331
3.2337
2.9657
3.5979
2.9675
3.2221
2.8070
3.2086
3.6185
3.4792
4.5552
4.1541
4.7241
6.1956
5.9272
5.9028
5.8075
6.4845
5.9573
6.2986
6.7683
7.2276
6.8948
6.8287
6.5276
6.1702
6.6192
6.7540
6.7461
6.4313
6.5597
6.3274
6.3896
5.5200
5.5097
5.8832
5.0283
5.6933
5.3012
5.3016
6.0233
6.1260
5.4668
5.4745
5.9846
5.8825
5.8604
5.3457
5.7003
5.5397
4.9870
5.2064
4.9280
5.0161
4.6583
4.5352
4.1568
3.8153
4.6164
3.3597
3.2576
3.6413
3.1749
3.4758
3.3391
3.5405
2.7408
2.2472
2.0395
1.8901
1.7563
1.9960
0.9632
0.5631
0.2048
0.1729
-0.0889
0.0502
-0.3042
-0.0752
-0.4187
-0.4270
0.1110
-0.6172
-0.7900
-0.3917
-0.9649
-1.1532
-1.2726
-1.7304
-1.9091
-2.1184
-2.1151
-2.4740
-2.6836
-2.7330
-2.5705
-2.8319
-2.8718
-2.4542
-3.0564
-3.0681
-3.1766
-3.0990
-3.1689
-3.1511
-3.4486
-3.5626
-3.8533
-3.5507
-3.4836
-2.3032
-3.6682
-3.6668
-4.1890
-4.1196
-4.3698
-4.3321
-4.4951
-4.7672
-4.6741
-4.8069
-4.4746
-5.0647
-4.6661
-4.9555
-4.9314
-4.9937
-5.1669
-5.2756
-5.2413
-4.9289
-5.1800
-5.2029
-4.7654
-4.7256
-4.4444
-4.6275
-4.5407
-4.5909
-4.6510
-4.1464
-4.7081
-4.3662
-5.1547
-5.4359
-5.5071
-5.4011
-5.7384
-5.5532
-5.7937
-5.5018
-5.5255
-5.7972
-6.1330
-6.3396
-6.6576
-6.7097
-6.4771
-5.4490
-5.6674
-5.5411
-6.2532
-4.8242
-5.9079
-5.8488
-5.5568
-6.2867
-5.8731
-6.3265
-6.4294
-6.7271
-6.8956
-6.9081
-6.8501
-7.1112
-7.0377
-6.5487
-6.9433
-7.0589
-7.0739
-7.0245
-7.3338
-7.4130
-7.4348
-7.5105
-7.5133
-7.3918
-6.8510
-7.3186
-7.0188
-7.5575
-7.3119
-6.6363
-6.9002
-7.0980
-7.1643
-7.3836
-7.1900
-7.0064
-7.2716
-7.0138
-7.1120
-7.0236
-6.9516
-6.1610
-6.4422
-6.3241
-6.3951
-6.1877
-5.7052
-5.6250
-5.5917
-5.3602
-5.6644
-5.5691
-5.1749
-5.1122
-4.8590
-5.0783
-5.0256
-5.1057
-4.8560
-4.7102
-4.5178
-4.3258
-4.4285
-3.9728
-4.1780
-3.8339
-3.9613
-4.0070
-3.8528
-3.6924
-3.7721
-3.7389
-3.4981
-3.4232
-3.3909
-3.0798
-3.1595
-2.7672
-2.7547
-2.7074
-2.6256
-2.4253
-2.2520
-2.3517
-2.0909
-2.1356
-2.0826
-1.7382
-1.9445
-1.6408
-1.6274
-1.4521
-1.2421
-1.1460
-0.8428
-0.1964
-0.2223
-0.4365
-0.2275
-0.1124
0.1663
0.4515
0.2950
0.7050
0.5141
0.7799
0.8427
0.9922
1.4368
1.5659
1.6844
1.6690
1.8652
1.8366
2.1768
2.1366
2.2229
2.3969
2.4654
2.8707
2.7277
2.8249
2.8044
3.1457
3.1391
3.3172
3.4670
3.7671
3.8833
3.8431
4.0444
4.3806
4.3957
4.4248
4.8477
4.5889
4.6818
4.6124
4.6764
5.0530
5.0852
5.1803
5.5564
5.2967
5.6534
5.4990
5.8359
5.8073
5.8583
6.1676
6.3403
6.1415
6.2848
6.2182
6.4865
6.4252
6.4607
6.7946
6.5822
6.5618
6.5174
6.4754
6.5887
6.5803
6.7896
6.6744
6.4166
6.5581
6.4775
6.6295
6.5074
6.5009
6.4711
6.5512
6.2495
6.0599
6.0332
5.7206
5.7515
5.1579
5.2249
5.0374
5.2308
4.7073
5.0507
4.6923
4.5494
4.4927
4.5225
4.6064
4.3781
4.1791
4.2928
4.0742
4.2371
3.7680
3.9463
3.6492
3.8691
3.7936
3.4796
4.4078
4.5443
3.7989
4.6488
5.4308
5.0054
5.0178
5.0236
5.4274
5.8827
5.6115
6.6042
6.6806
6.5201
5.1957
6.0498
5.0652
5.6282
5.0753
5.0564
5.0917
4.0638
3.7445
3.6075
3.5734
3.9551
3.4896
3.1521
3.2663
3.5233
2.9108
2.7877
2.3891
2.2859
2.3898
2.1367
3.0082
2.2755
2.7176
2.3478
2.2107
2.5043
1.7960
2.0839
2.3293
1.9930
1.7352
1.7448
2.1505
1.9103
1.7485
1.1483
0.8667
1.2802
1.3744
1.2880
0.7065
0.5987
0.5388
0.7599
0.4284
0.5425
0.7207
0.8391
0.9008
1.0617
0.7972
1.0179
1.0698
0.6299
0.4995
0.7588
0.7331
0.6748
1.1919
1.5434
0.8261
1.2766
0.6410
0.5250
0.7008
0.9752
1.1910
1.0063
0.7524
0.7943
1.1888
0.6714
0.9634
1.0901
0.8162
1.0173
0.6818
0.4463
0.2890
0.1574
1.3419
-0.0454
0.2934
-0.0472
-0.2404
0.0904
0.1351
-0.6147
-0.6092
-0.5913
0.0960
-0.3841
0.1715
-0.5921
-0.7543
-0.6861
-1.2996
-0.9749
-1.4546
-1.3127
-1.4574
-1.3079
-1.3276
-1.0346
-1.3075
-1.6342
-1.4462
-1.4309
-0.7708
-1.4806
-1.1291
-1.2766
-1.1694
-0.9519
-1.3850
-1.0054
-0.6880
-0.4072
-0.6894
-0.9452
-1.1964
-1.2605
-1.4433
-1.6691
-1.7317
-1.5321
-1.7840
-1.8485
-1.4020
-1.7942
-1.6391
-1.2354
-1.0544
-0.8974
-1.1334
-0.7956
-1.1028
-1.0728
-1.1215
-1.4608
-1.6133
-1.6987
-1.4523
-1.4840
-0.4167
-0.9077
-0.4591
-0.4046
-0.0043
-1.0573
-0.7083
-0.9318
-0.9715
-0.6776
-1.0592
-1.0563
-1.5153
-1.7506
-1.5890
-1.9667
-1.7758
-1.8028
-1.5095
-0.9420
-0.7450
-1.2363
-0.7961
-1.2629
-0.9859
-1.5678
-1.7389
-1.4885
-1.7607
-1.2457
-1.8656
-1.6866
-2.0142
-1.6947
-1.9284
-1.5608
-2.1644
-1.6325
-2.3057
-1.8569
-2.5249
-2.2164
-2.3426
-2.6187
-2.7639
-2.7582
-2.7580
-3.1138
-3.1596
-3.0682
-3.0472
-2.8362
-2.7442
-3.3404
-3.5922
-3.3544
-3.7129
-3.5720
-3.4490
-3.4140
-3.9082
-3.8711
-4.1834
-4.1936
-4.3813
-4.2964
-4.3856
-4.8906
-4.7356
-5.0512
-5.1175
-4.7285
-5.1885
-5.0499
-5.4683
-5.5875
-6.1100
-6.0129
-6.2242
-6.0288
-5.4556
-5.6296
-5.6868
-5.0525
-5.6508
-5.4709
-5.6115
-5.1008
-5.1457
-4.3179
-4.3197
-3.8243
-3.5226
-3.5218
-3.2838
-3.2448
-2.5853
-2.5497
-2.2886
-2.2676
-1.8288
-2.3955
-3.0875
-3.1283
-2.9048
-2.0859
-2.1901
-2.5758
-2.3120
-2.1884
-2.5535
-1.3709
-1.4205
-1.2906
-1.2661
-0.9869
-1.1641
-1.6009
-1.1835
-2.1060
-2.5190
-2.3185
-2.2231
-2.5325
-2.7879
-2.9615
-3.0771
-3.0270
-2.9563
-2.8687
-2.5124
-2.8153
-3.0179
-2.5107
-2.8845
-2.6785
-2.4418
-2.4553
-2.7812
-2.4732
-2.3573
-2.1879
-2.1375
-2.3186
-2.1103
-1.7050
-1.7764
-1.9628
-1.9282
-1.1042
-0.6560
-1.2489
-1.2381
-1.0420
-0.9032
-0.6661
-0.7487
-0.6854
-0.6105
-0.7009
-0.0670
-0.0714
0.0366
0.2861
-0.1891
-0.0050
-0.3019
0.0529
-0.4332
-0.1518
0.0909
0.1117
-0.2183
0.0021
-0.0123
0.0391
-0.0012
-0.0055
0.3402
0.0641
0.3122
0.4106
0.7330
0.2663
0.2626
0.3702
0.2954
0.3648
0.2656
0.7108
0.5660
0.9054
0.7089
0.8941
0.9263
1.1205
1.3938
1.3599
1.1758
1.9053
1.5340
1.7831
1.3745
1.6471
1.7938
1.3827
1.1931
1.0717
1.4408
1.2807
1.4397
1.6477
1.3193
1.4792
1.2623
1.0946
0.9656
0.9380
0.9697
0.7992
0.9041
1.0177
1.1042
1.3888
1.3055
1.4917
1.3050
1.4685
1.3402
1.5644
1.4943
1.2069
1.1753
1.4351
1.1768
1.1136
1.1440
1.0289
1.5814
0.9991
1.2608
1.1173
1.0417
0.8222
0.9821
0.8778
0.8555
1.4908
1.3896
0.9215
1.1018
0.8272
1.2276
0.9478
0.7061
0.9986
0.9798
0.9747
0.7084
0.9192
0.5876
0.9802
0.5879
0.6861
0.6021
0.6910
0.5287
0.4642
0.6213
0.7520
0.7918
0.9961
0.5597
0.7398
0.4556
0.5290
0.6248
0.7403
0.6376
0.9842
0.8031
0.8991
1.0287
1.1520
0.7669
0.6239
0.7587
0.6990
1.4864
1.1523
1.3556
1.0281
1.3214
1.0268
1.0738
1.3437
1.4913
1.7006
1.5504
1.8126
1.4795
1.8018
1.9235
1.8000
1.7888
1.6652
1.6887
1.4426
1.3162
1.2308
1.5137
1.2249
0.8943
1.0413
0.8295
0.9115
0.7724
1.2362
1.3475
1.4675
1.2495
1.3542
1.7247
2.1310
2.0816
2.2711
1.9089
1.3787
1.5166
2.1029
1.9637
1.9607
2.9049
2.5797
2.6634
2.6598
2.7476
2.4351
2.2568
2.0774
2.3255
2.2777
2.2389
2.0128
2.3326
1.8847
2.1927
1.2654
1.1287
1.1681
1.2619
1.4679
1.1534
1.1913
1.0480
1.0477
0.8677
0.9687
0.7437
0.3890
0.7683
0.3911
0.5391
0.0511
0.0090
0.1915
-0.1005
-0.1767
-0.3512
-0.4470
-0.5076
-0.6330
-0.7213
-0.8444
-0.6896
-0.9380
-1.0100
-1.0442
-1.2262
-1.2888
-1.3299
-1.5904
-1.6877
-1.6959
-1.6615
-1.7372
-1.7785
-1.7239
-1.9763
-2.0359
-2.0889
-2.2001
-2.1982
-2.3563
-2.3608
-2.2707
-2.5413
-2.6030
-2.6529
-2.6005
-2.8080
-2.9878
-3.0204
-3.1292
-3.2255
-3.2442
-3.3760
-3.3165
-3.4729
-3.3239
-3.6642
-3.7661
-3.8159
-3.6663
-3.9090
-3.7670
-4.0705
-4.0841
-4.2957
-4.2989
-4.5673
-4.6468
-4.6673
-5.0641
-5.0357
-5.4570
-5.5629
-5.7081
-5.7432
-5.7559
-5.6872
-5.7065
-5.7403
-5.6582
-5.9001
-5.8398
-5.6297
-5.8257
-5.8966
-5.9726
-6.0417
-5.8669
-6.0890
-6.0963
-6.1556
-6.2055
-6.2580
-6.3423
-6.4289
-6.5706
-6.4478
-6.7362
-6.7330
-6.8168
-6.8161
-6.6925
-6.9700
-7.0353
-7.1369
-7.1913
-7.1011
-7.1075
-6.9713
-6.9894
-6.8433
-6.6736
-5.9069
-6.0468
-5.6824
-5.4843
-5.2747
-5.1058
-5.0238
-4.5987
-4.4831
-4.5324
-4.5252
-4.5543
-4.4996
-4.2899
-4.3977
-4.3039
-4.2910
-4.1336
-4.2559
-3.9405
-4.2678
-4.2079
-3.9903
-4.1664
-4.0880
-4.0228
-3.7933
-3.6670
-3.4912
-3.2861
-3.4050
-3.2988
-3.0811
-3.2517
-3.2862
-3.2538
-3.1689
-2.9413
-2.8824
-2.4755
-2.7254
-2.6523
-2.4133
-2.4832
-2.4100
-2.3052
-1.7770
-2.1113
-1.9106
-1.7644
-1.6312
-1.3874
-1.1734
-1.1952
-1.1263
-0.8877
-0.8402
-0.7170
-0.7514
-0.4238
-0.4999
-0.3313
-0.1893
-0.0865
0.1017
0.3487
0.2854
0.4116
0.4495
0.6034
0.6252
0.9276
0.8517
0.9669
1.0727
1.4173
1.3701
1.4823
1.5927
1.7371
1.9641
1.9312
1.9698
2.3307
2.5848
2.8779
3.3579
3.0439
3.2445
2.9890
3.0908
3.7002
3.3656
3.8676
3.6723
3.6098
3.9785
3.9211
4.4430
4.1752
4.5040
4.6800
5.0381
4.8288
4.8519
5.2637
5.6529
5.6471
6.6731
7.4052
7.7638
8.5898
8.5037
8.8853
9.4587
9.1480
9.3509
9.7181
8.8745
8.9020
9.7574
9.5628
9.4428
9.7725
10.1233
10.4334
10.6704
10.8471
11.2562
10.6172
10.6294
10.6466
10.5976
10.7838
11.5948
9.9722
10.1761
10.4194
10.4335
10.6438
11.0206
10.3626
10.3538
10.4984
9.1413
10.1038
9.5520
9.5560
9.9078
10.2169
10.1030
9.3504
9.7758
10.0359
9.8902
8.8688
8.2943
9.0508
8.5120
8.1542
7.6655
7.7982
7.5072
7.8982
7.2661
7.3125
6.4987
6.2391
6.3964
5.1344
5.8402
5.3932
5.0434
5.1359
4.5183
3.8391
4.2440
3.9620
3.4053
3.3539
2.5400
2.9360
2.2991
2.7257
2.9193
2.3467
2.3809
2.4452
2.5029
2.4681
2.7581
1.8796
2.5725
1.9799
2.3464
2.0434
2.2027
2.2277
2.8023
3.0273
2.7405
2.2153
2.4722
2.5602
3.0630
2.9002
2.7800
2.6339
2.8874
2.8370
3.1016
2.8061
3.2023
3.0414
3.0379
2.5525
2.1538
2.5194
1.4100
1.3069
1.3398
1.1572
1.0627
1.5643
0.6514
0.7179
0.8870
0.8143
0.2434
0.5896
0.3657
0.5700
0.6808
0.5256
0.5102
0.2431
0.2714
0.0200
-0.3598
-0.3907
-0.1302
-0.2207
0.0375
-0.2300
-0.2527
-0.3584
-0.5569
-0.4049
-0.9917
-1.0476
-1.2647
-0.9709
-1.4181
-1.4688
-1.3269
-1.1004
-1.8245
-2.1589
-2.2506
-2.4808
-2.3627
-3.1213
-3.4091
-3.5566
-3.6394
-3.8024
-3.6909
-4.0568
-3.8872
-4.1908
-4.0351
-4.3912
-4.4105
-4.4097
-4.3291
-4.2869
-4.3148
-4.1830
-4.3552
-4.2720
-4.3560
-4.5301
-4.4623
-4.4974
-4.3058
-4.3079
-4.5506
-4.3332
-4.6589
-4.7984
-5.0237
-5.1924
-5.2278
-5.2321
-5.2436
-5.0684
-5.3269
-5.3166
-5.4055
-5.5149
-5.7673
-5.9534
-6.1449
-6.2016
-6.1560
-6.1629
-6.4565
-6.5607
-6.5538
-6.7338
-6.7077
-6.8392
-6.6606
-6.9562
-6.9037
-6.8723
-6.8009
-6.7963
-6.7721
-6.6278
-6.8371
-7.0151
-7.0365
-7.2131
-7.2320
-6.9423
-7.4020
-7.4839
-7.2713
-7.5453
-7.5540
-7.7206
-7.6594
-7.7693
-7.9935
-8.0419
-7.8326
-8.1000
-8.1526
-8.2200
-8.2824
-8.2073
-8.2540
-8.1716
-8.0968
-8.0634
-7.9045
-7.9442
-7.8558
-7.8951
-7.5892
-7.7180
-7.8624
-7.7335
-7.8149
-7.2264
-7.4725
-6.6557
-7.0480
-6.9972
-7.2509
-7.3227
-7.0718
-7.2571
-7.0141
-7.2850
-6.9116
-7.2578
-7.1509
-7.0295
-6.9260
-7.0235
-6.9065
-6.8745
-6.8893
-6.6158
-6.6463
-6.6746
-6.4761
-6.3950
-6.0524
-6.0705
-6.0594
-6.0178
-5.8122
-5.8607
-5.5632
-5.7049
-5.3735
-5.3251
-4.9340
-4.5575
-4.7868
-4.5230
-4.1761
-3.8420
-4.2733
-3.9067
-3.8621
-3.7717
-3.6382
-3.6234
-3.5908
-3.4860
-3.2511
-3.3359
-2.9219
-3.1607
-3.0795
-3.1092
-2.9569
-2.8590
-2.4860
-2.3697
-2.6455
-2.7869
-2.7148
-2.6995
-2.6283
-2.4195
-2.3885
-2.0938
-2.2882
-2.3231
-2.3030
-2.3501
-2.3564
-2.2494
-1.9914
-1.9421
-1.6996
-1.3261
-0.7646
-0.5118
-0.1355
-0.1222
0.0516
-0.0294
0.1785
0.8939
1.2937
1.6411
2.0296
1.3629
1.6624
2.1716
1.9152
1.9961
2.5710
2.9274
2.7466
2.9663
3.4456
3.9488
3.3586
3.6427
3.4768
4.0121
3.7197
3.5986
3.7292
4.1685
4.1674
4.3202
5.0562
4.8433
4.9981
5.7812
5.4928
5.5966
5.9401
6.7760
6.4685
7.3944
6.6784
8.0316
7.7122
7.7728
7.3100
7.8215
6.9893
6.4420
6.1595
6.9106
6.7732
6.6810
6.4099
6.3775
6.9379
7.2666
7.1550
7.4534
6.8535
7.0651
6.9734
6.8944
7.1230
7.0618
7.4783
7.7271
7.5205
6.9221
7.3861
7.7015
7.3231
7.0959
7.2647
6.8062
6.6028
5.9226
6.0044
5.9039
6.0943
5.5165
5.5782
5.5020
5.0071
5.0266
4.6075
4.6374
4.3416
3.9187
4.2902
4.3508
4.2645
3.9659
4.1305
3.3092
3.4307
3.7644
3.6270
3.6355
3.1862
3.1981
3.0702
3.7805
3.2751
2.9189
3.5183
3.5471
2.8373
2.9885
2.8394
3.7760
3.2146
3.7453
3.7206
3.5773
4.1336
2.9047
3.0098
2.9813
2.6005
2.7259
2.5272
1.8513
2.1092
2.4865
1.9792
2.0355
1.8570
1.8772
2.0129
2.0237
0.9755
1.3009
1.2295
1.0557
1.3757
1.0387
1.4422
0.9048
0.8610
1.2487
1.3638
1.3138
1.3350
1.5088
1.7501
1.2535
1.4309
1.1479
1.7793
1.2308
1.5966
1.7699
1.8062
2.0900
2.2432
2.2292
1.9499
1.7653
1.9310
1.8209
2.2058
2.0200
2.4112
2.1652
2.7124
2.2611
2.2438
2.0582
2.2761
2.4274
2.6434
2.7962
2.5218
2.4772
2.5066
2.3239
2.3498
2.1838
1.8439
1.6251
1.9355
1.6121
1.5895
1.4681
1.5370
1.6411
1.9599
1.9109
1.7896
1.6200
1.8197
1.5441
1.7896
1.6346
1.8607
1.7363
1.8936
1.7091
1.4580
1.1381
1.2735
1.0381
1.0330
1.1102
1.1794
0.9868
0.8920
0.9545
1.0644
1.2621
1.0697
1.0515
1.1373
0.9068
0.7163
0.6025
0.6733
0.5598
0.6154
0.4141
0.5255
0.2891
0.1880
0.1859
0.1198
0.2911
0.0928
0.0994
0.0688
0.1720
0.2350
0.0783
-0.0570
-0.0120
0.0809
0.0534
0.1223
-0.0083
0.0034
0.1432
0.2128
-0.0624
-0.1128
-0.3084
-0.3561
-0.5115
-0.5188
-0.5046
-0.7547
-0.8427
-0.7625
-1.0917
-1.2387
-1.3259
-1.4166
-1.5010
-1.5923
-1.7512
-1.6681
-2.0754
-2.1917
-2.0765
-2.3902
-2.4352
-2.4689
-2.2112
-2.0470
-2.1961
-2.2226
-2.3871
-2.4083
-2.6843
-2.8620
-2.8611
-2.9370
-2.7734
-3.0733
-3.2089
-3.3080
-3.2868
-3.1866
-2.7909
-2.8425
-2.7247
-2.6944
-2.6564
-2.6156
-2.2739
-2.4962
-2.3711
-2.4164
-2.1401
-2.2681
-2.2729
-2.2880
-2.3505
-2.4286
-2.4461
-2.1826
-2.4276
-2.0494
-2.3702
-2.2527
-2.3283
-2.2033
-2.2982
-2.0812
-2.3809
-2.4250
-2.3146
-2.2211
-2.3200
-2.3364
-2.1509
-2.1867
-2.3444
-2.4297
-1.6657
-2.0476
-2.6443
-2.1265
-2.2588
-2.4490
-2.1834
-2.0690
-2.3349
-1.6266
-1.8222
-1.2018
-1.4854
-1.4361
-1.3111
-1.5006
-1.5637
-1.3513
-0.7267
-0.6080
-0.5068
-0.1100
-0.0311
-0.7079
-1.0522
-0.5604
-0.0425
-0.4440
-0.5580
-0.7505
-0.5235
-0.3701
-0.4157
-0.7292
-1.0715
-0.8409
-0.9871
-0.5421
-0.8898
-0.6531
-1.1732
-1.1290
-1.3235
-1.4271
-0.8839
-0.5764
-0.3879
-0.8808
-0.1385
-0.3441
0.3049
-0.4653
-0.2265
0.1153
0.0178
0.1944
-0.1780
0.0343
0.8889
1.2146
0.7937
0.3466
0.3877
0.3867
0.4450
0.5918
0.2473
0.5049
0.0792
0.0440
0.2061
-0.2278
0.1332
-0.2964
-0.0928
-0.0748
-0.1118
-0.2626
0.3828
-0.1092
-0.1840
0.0272
0.2167
-0.1598
-0.0254
-0.2237
0.0053
0.0440
0.1868
0.0240
0.2637
0.4133
0.3386
0.1283
0.3974
0.8248
0.7241
0.2221
0.2341
0.4725
0.4674
0.6052
0.2825
0.5234
0.7645
0.9019
0.8360
1.1871
1.0020
0.9249
1.1067
1.2687
1.0012
1.1208
1.0577
0.7191
1.1187
1.2457
1.4070
1.1721
1.6986
1.7439
1.5454
1.1577
1.3496
1.5814
1.5722
1.7301
1.8424
2.0849
2.0746
2.0015
1.8221
1.8009
1.8000
1.6843
2.1163
1.8160
1.7816
1.5597
1.5163
2.2446
1.9701
1.8233
1.8240
2.1757
2.1366
2.3745
2.2347
2.9413
2.2995
2.8238
2.5166
3.1051
2.7635
3.0592
3.5248
3.4874
3.7073
2.8577
3.0858
3.2763
2.8100
2.9145
2.7381
2.6765
2.3524
3.2429
2.5976
3.2477
2.8896
3.1279
3.6228
3.3241
3.1153
2.9590
2.2944
2.4818
2.3868
2.0341
2.3237
2.2981
2.7343
2.5098
2.4945
2.2818
2.4340
2.3657
2.1728
2.4268
2.7804
2.1090
2.4617
2.0348
1.8240
1.4986
1.4482
1.2812
1.3601
1.1681
1.3241
2.0557
2.0682
1.7087
1.3467
1.7040
1.3054
1.1535
1.2596
1.4795
1.1399
1.2747
1.3742
0.9262
1.2135
0.9846
1.2870
1.0452
1.1062
1.0772
1.0716
1.0538
0.7521
1.0867
0.6235
0.7099
0.9101
0.9924
0.9367
1.0704
0.7963
0.7648
0.8911
0.8020
0.7522
0.9978
0.9644
0.8902
0.7910
1.0864
1.0204
0.9536
0.8942
0.7546
0.6641
0.6384
1.2137
0.9828
0.8086
0.8103
0.9809
0.8265
0.8182
0.8284
0.6697
0.8701
0.4924
0.5430
0.5440
0.2496
0.3540
-0.0347
0.1612
0.0292
0.1844
0.6451
0.6822
0.3643
0.3574
-0.0656
-0.0023
-0.0804
0.0463
-0.0081
0.2504
0.2040
0.2460
0.0511
0.1231
-0.1755
0.0269
0.1116
0.5853
0.8951
0.6281
0.4373
0.5418
0.0585
-0.0200
0.2142
0.0482
0.0278
-0.1426
-0.3168
-0.1394
-0.4221
0.0219
-0.1333
-0.4810
-0.7719
-0.8306
-0.8583
-0.6361
-0.6739
-0.4859
-0.5008
-0.6194
-0.8833
-0.7954
-1.1856
-1.0096
-1.3676
-1.1880
-1.3854
-1.1474
-1.5725
-1.3817
-1.3742
-1.2186
-1.2312
-1.4669
-1.5305
-1.0012
-1.4109
-1.2637
-1.3797
-1.1148
-1.2672
-1.4105
-1.4170
-1.5353
-1.3322
-1.4742
-1.2293
-1.5947
-1.8506
-2.0429
-1.0391
-1.8987
-1.6887
-2.1564
-2.2495
-2.0937
-2.3493
-1.7755
-1.1982
-1.9964
-2.2992
-1.9038
-2.0867
-2.3465
-2.5032
-2.6500
-2.6378
-2.5966
-2.8018
-2.5804
-2.6303
-3.0171
-2.9125
-3.1189
-3.1246
-3.0907
-3.0738
-3.0399
-3.0449
-3.0793
-3.0269
-3.1325
-2.8559
-3.1374
-3.0452
-3.0687
-2.9025
-2.9521
-2.7965
-2.9138
-2.9028
-3.0007
-2.8759
-2.9680
-2.7227
-3.0371
-2.9441
-2.9963
-3.0054
-3.1760
-3.0330
-3.2373
-3.0519
-3.2601
-3.2384
-3.2090
-3.0383
-2.8237
-2.9017
-2.9432
-2.7191
-2.9166
-2.9468
-2.8363
-2.8780
-2.7565
-2.8592
-2.8345
-2.8647
-2.8518
-2.6169
-2.7722
-2.7121
-2.4619
-2.6030
-2.5954
-2.5997
-2.6946
-2.7679
-2.8434
-2.8461
-2.7239
-2.6918
-2.5745
-2.6001
-2.5793
-2.3815
-2.6130
-2.5941
-2.5318
-2.5258
-2.5047
-2.3799
-2.3733
-2.5781
-2.5308
-2.5111
-2.4136
-2.3539
-2.2554
-2.2553
-1.9937
-2.2212
-2.2993
-2.1734
-2.4624
-2.4138
-2.2075
-2.1698
-1.7239
-2.0660
-1.9875
-2.1199
-2.0980
-2.1222
-2.0770
-1.9946
-1.9867
-2.0361
-2.0852
-2.2326
-2.2466
-2.1151
-2.3263
-2.2537
-2.2359
-2.1028
-2.1165
-2.1250
-2.2745
-2.3623
-2.3976
-2.1474
-2.2425
-2.2028
-2.1880
-2.2231
-2.2550
-2.2216
-2.1532
-1.9265
-2.0147
-1.9610
-1.8318
-1.5419
-1.4085
-1.6446
-1.4752
-1.8038
-1.9154
-1.9342
-2.0125
-1.7797
-1.9636
-1.8409
-1.8261
-1.7916
-1.8280
-1.8002
-1.5822
-1.4523
-0.7979
-1.0489
-1.0226
-0.9327
-1.0171
-1.1723
-1.0491
-1.4525
-1.5033
-0.9744
-0.8727
-1.0000
-0.9104
-1.1153
-0.4014
-0.8702
-1.1517
-1.2075
-0.3038
-1.0242
-0.8598
-0.8492
-1.2196
-1.1627
-1.4331
-0.7506
-0.6345
0.1874
0.1306
0.1881
-0.1934
0.4552
-0.3635
0.1580
-0.8095
0.0394
-0.4270
-0.0760
-0.5195
-0.8162
-0.4882
-0.2258
-0.4243
-0.1999
0.3897
0.2734
1.0162
0.0961
0.0517
0.4419
0.1320
0.8004
-0.3025
-0.1122
-0.4426
-0.0685
-0.4267
-0.8274
-0.2437
-0.9665
-0.6283
-0.3051
-0.9696
-0.6242
-0.4288
-0.3176
-0.7910
0.1370
-0.4236
-1.0052
-0.9696
-0.5612
-0.0061
-0.5589
-0.4650
-0.7003
-0.6225
-0.2256
0.4438
0.2488
1.2458
0.3992
0.9708
2.2194
1.6153
1.4776
1.5604
2.0788
2.2632
2.7325
2.9638
2.9867
1.7536
3.8746
2.1239
2.8433
3.1911
2.5988
2.6926
2.1390
2.0969
2.0422
1.4139
1.4355
1.0015
0.7080
0.0891
-0.1489
-0.5864
-0.7233
-0.8192
-0.4361
-0.3927
-0.1622
-0.1900
-0.0425
-1.1412
-1.2695
-1.3546
-1.1673
-1.1768
-1.1464
-0.9069
-1.4625
-1.8709
-2.0369
-1.8827
-1.8720
-1.7160
-1.6627
-1.6122
-1.2142
-1.5940
-1.9418
-1.7323
-1.9373
-1.7837
-1.9004
-1.9694
-1.6386
-1.5093
-1.7277
-1.6934
-1.7349
-1.6720
-1.6377
-1.6138
-1.5255
-1.3285
-1.5635
-1.6066
-1.7089
-1.4369
-1.5228
-1.3397
-1.0585
-0.9239
-0.8608
-0.7276
-1.0532
-0.8260
-1.0990
-0.4385
-0.5925
-0.6352
-0.4623
-0.7025
-0.6459
-0.5702
-0.8576
-0.2063
-0.4043
0.0465
0.0652
-0.0626
0.4630
0.4088
0.7123
0.1979
0.5171
0.9798
0.7028
0.3465
0.3071
0.4482
0.4042
0.4142
0.6745
0.5392
0.8626
0.8508
0.8544
0.8055
0.4312
0.5454
0.5176
0.7205
1.4118
0.9388
1.1648
0.9115
0.8677
0.8845
0.9486
1.1298
1.4514
1.7765
1.6275
2.0088
1.7587
1.7694
1.7027
1.8566
1.6213
1.6091
1.7217
1.7774
1.9419
2.0385
2.2800
2.3232
2.4557
2.2996
2.4616
2.2810
2.4334
2.2646
2.6333
2.4071
2.6071
2.9112
3.5615
3.9779
3.5883
3.3882
3.3127
3.2132
3.6260
3.3216
3.5350
3.2533
3.4213
3.0752
3.1370
3.6019
3.5158
3.3042
3.3466
3.5010
3.5962
3.4900
3.3965
3.2662
3.3616
2.8776
3.0723
2.9380
2.8118
2.8565
2.8700
2.7461
2.6116
2.5105
2.4570
2.5726
2.2882
2.3788
2.3090
2.4253
2.8738
2.3875
2.4767
2.2938
2.5385
2.4406
2.5823
2.4673
2.6899
2.3900
2.1693
2.1481
1.7588
1.8218
1.7526
1.7417
1.6327
1.8031
1.5051
1.6721
1.3287
1.3206
1.3339
1.2652
1.1713
0.9656
0.8026
0.6693
0.5459
0.4474
0.6576
0.8010
0.4583
0.3894
0.4274
0.9706
0.4260
0.3217
0.3414
0.4145
0.1116
0.2099
0.3709
-0.0985
-0.4086
-0.5722
-0.9737
-1.0118
-1.3959
-1.5295
-1.5652
-1.6324
-1.7365
-1.3144
-1.5570
-1.7585
-1.8200
-1.4961
-1.5990
-1.7511
-1.7337
-1.8332
-2.3041
-2.7352
-2.9365
-2.9823
-3.0415
-3.4722
-3.5805
-3.7719
-3.7582
-3.8110
-3.8145
-3.8550
-3.8714
-3.8188
-3.8314
-3.7019
-3.7774
-3.9560
-3.7606
-4.0236
-4.2593
-4.5693
-4.5682
-3.5815
-4.3830
-4.1281
-4.4268
-4.6544
-4.6825
-4.8292
-4.8389
-5.0781
-5.2351
-5.2522
-5.4069
-5.5366
-5.4811
-6.0874
-6.3123
-6.6707
-6.8548
-7.0181
-7.0404
-7.0563
-6.5759
-6.7058
-6.3781
-6.3575
-6.1539
-6.3878
-6.6192
-6.6125
-6.7292
-6.4868
-6.7159
-6.6863
-6.5503
-6.5514
-6.8559
-6.7145
-6.8946
-6.9166
-6.5601
-6.6422
-6.4492
-6.3744
-6.3464
-6.4082
-5.9967
-5.9625
-5.4400
-5.4009
-4.9122
-5.9136
-5.8179
-5.0719
-5.2770
-4.4276
-4.6197
-4.3769
-3.3635
-3.3195
-3.9137
-2.7875
-3.6304
-2.6174
-4.2697
-4.0666
-3.4727
-3.6768
-3.2117
-4.4143
-4.1238
-4.0828
-4.2554
-4.2494
-3.9763
-4.0744
-3.6452
-3.3671
-1.9745
-3.5150
-2.7955
-2.5142
-2.1728
-2.5203
-0.8035
0.5738
0.2088
1.2319
2.0225
0.8422
1.0730
1.6960
1.7878
1.3618
1.5130
1.9680
2.7239
2.3392
1.1482
1.6100
0.6448
1.0038
0.9834
0.5939
0.2607
-0.0336
-0.0348
-0.5476
-0.4027
-0.4922
-0.4492
-0.4335
-0.0455
0.0722
0.2386
0.3612
0.3644
0.5676
0.1871
0.6751
0.4184
0.7106
0.6697
0.6685
0.7943
0.7768
1.4344
1.2884
1.6636
1.8304
2.5189
2.5437
2.7662
3.0777
3.5914
3.4545
3.8467
3.5824
3.8014
4.0048
4.1114
4.4701
4.6696
5.0083
5.2761
5.1535
5.6048
5.7891
5.7575
6.0731
5.8504
6.0600
6.2374
6.3079
6.8080
6.3315
6.7262
6.9851
7.0172
6.8833
7.1572
7.3279
7.6788
7.8145
8.0559
7.6157
7.5149
7.8195
7.9531
8.0900
8.0411
7.9766
7.8768
8.1555
7.8428
7.8607
8.0948
7.9499
7.9937
8.0050
8.4391
8.3102
8.0717
8.0451
8.1944
7.7222
7.3098
7.0794
6.7217
6.6473
6.3305
5.8733
6.1126
5.6135
5.6321
5.3973
5.3162
5.5302
5.1560
5.5011
5.3759
5.3170
5.2923
4.8254
4.7590
5.5598
5.2125
4.9789
5.1582
5.1156
4.9886
4.7302
4.8491
4.7121
4.8897
4.7369
4.8075
4.9442
5.2630
4.6196
4.5952
4.3410
4.0684
4.1322
3.8867
3.8749
3.5349
3.3882
3.0868
3.3242
2.8798
2.8677
3.1336
2.7998
2.8128
2.5403
2.5148
2.5975
2.4692
2.5104
2.5036
2.7491
2.1384
2.3965
1.9744
1.7897
2.4391
1.9740
2.2118
2.2120
2.0973
2.2860
2.0177
1.9552
1.7270
1.8838
1.6861
1.6862
1.3774
1.2274
1.1764
1.3838
1.1128
1.2017
1.0270
1.0220
1.1629
0.9651
0.9763
0.9457
1.0653
1.0127
1.1625
1.3003
1.3792
1.2239
1.0396
0.8026
1.2070
1.1010
1.2922
0.7187
0.7962
0.7824
1.0543
1.6790
1.3886
1.6864
0.9165
0.9823
0.8698
0.8527
0.8405
1.1074
0.4623
1.0776
0.6222
0.0970
-0.2123
-0.0174
-0.3811
-0.4092
-0.7802
-0.7455
-1.2061
-1.3449
-1.3247
-1.2740
-1.3465
-1.2710
-1.4377
-1.3463
-1.2816
-1.1910
-1.4101
-1.4005
-1.8408
-1.8186
-1.6469
-1.5602
-1.4468
-1.5005
-1.4143
-1.3345
-1.4463
-1.4183
-1.0735
-0.9976
-0.4237
-0.9076
-0.8495
-0.9684
-0.7479
-0.9145
-0.3585
-0.5907
-0.7036
-0.9415
-1.0531
-1.0683
-1.0753
-1.3020
-1.5824
-1.0085
-1.9349
-1.5423
-1.9025
-1.3622
-1.7711
-1.6292
-1.9665
-2.6091
-2.1624
-2.0552
-2.8186
-3.0233
-3.2910
-3.5023
-3.6973
-3.8386
-3.8628
-3.6860
-3.7350
-3.6214
-3.9312
-4.0746
-3.9276
-4.1196
-4.2035
-4.2199
-4.2935
-4.2983
-4.0226
-3.8399
-3.2085
-3.2905
-3.2370
-2.9362
-2.9828
-3.2113
-2.8581
-3.0908
-3.6605
-3.6182
-3.6680
-3.5082
-3.5370
-2.7515
-3.0034
-2.5594
-3.3788
-3.2267
-2.8966
-3.2553
-3.2955
-3.2243
-2.7305
-3.2083
-3.6240
-3.3165
-4.2443
-3.7346
-4.2459
-4.1088
-4.4280
-4.1890
-4.4807
-4.3469
-4.2371
-4.9190
-4.6238
-4.7021
-3.7784
-4.0300
-3.7548
-3.5150
-3.4897
-3.3641
-3.3600
-3.4550
-3.4974
-3.4336
-3.3682
-3.3241
-2.9880
-3.2147
-2.9924
-3.3672
-3.4140
-3.3937
-3.3743
-3.1681
-2.9389
-2.8797
-2.6973
-3.1462
-3.0064
-3.0037
-2.5487
-2.3868
-2.3998
-2.3591
-2.2828
-1.9596
-2.1363
-1.7140
-1.8181
-1.7201
-1.5340
-1.3818
-0.6710
-0.8998
-1.1538
-0.6005
-0.6707
-0.9278
-0.4436
-0.6701
-0.6796
-0.3142
-0.3908
-0.1090
-0.3590
-0.0482
0.0914
-0.0390
-0.0887
0.5851
0.2830
0.3678
0.7282
0.9950
0.8376
1.1184
1.3835
1.8354
1.8093
1.8169
1.6874
1.8124
2.3623
2.7319
2.8579
2.7147
3.0490
3.2310
3.2877
3.7773
4.1617
4.8521
4.3898
5.1196
4.4655
5.0894
5.5911
5.5535
5.7507
5.8997
5.8945
5.8610
6.0825
5.8782
6.0066
5.8922
6.1839
5.7136
5.9873
6.0181
5.9808
6.5892
7.1262
7.1516
6.9565
6.9340
6.2875
6.3076
6.8811
6.8944
6.5296
6.4904
6.3956
6.7995
7.1731
7.5260
7.0965
7.4472
7.7082
7.7648
8.0689
7.5293
7.4438
7.1256
7.2290
6.9847
7.1768
6.7084
6.4004
7.0611
7.0414
6.5553
6.8789
6.6131
5.8706
5.7347
5.6366
5.4223
5.3638
5.2095
4.8565
4.4570
3.9345
3.6784
3.5203
3.2394
3.2688
2.9960
2.5331
2.0996
2.0045
2.1248
1.5925
1.3447
1.3368
0.8864
0.7369
0.6174
0.6850
0.3331
0.2010
0.4128
0.0485
0.4719
-0.1562
-0.1151
-0.5246
0.3576
0.0838
-0.3678
-0.4507
0.5020
0.4191
0.5444
0.4034
0.2780
0.0035
-0.4592
0.2304
0.2438
0.7447
0.5103
-0.1656
-0.2777
-1.3499
-1.5673
-2.4924
-2.6785
-3.4098
-2.8788
-3.3971
-3.2970
-3.5283
-3.3252
-3.1359
-3.6471
-3.7909
-3.7872
-4.2116
-4.4671
-4.3129
-4.5433
-4.1460
-4.3822
-4.0133
-4.6887
-3.9080
-4.3310
-4.1920
-4.1867
-4.2531
-4.2335
-4.3260
-3.7722
-3.9952
-3.9982
-3.7617
-4.4337
-3.8716
-4.4235
-4.4460
-5.1860
-5.2992
-5.1718
-4.8038
-4.5964
-4.6560
-4.8838
-5.0111
-5.2815
-5.4243
-5.6656
-5.4310
-5.1760
-4.8709
-4.3908
-5.3728
-5.3875
-5.0985
-5.4676
-5.1707
-5.0397
-4.6149
-4.4300
-4.4820
-4.6459
-5.1065
-4.9709
-4.9847
-5.2532
-4.8842
-4.8796
-4.2184
-4.2267
-4.1301
-4.0045
-4.3281
-4.7103
-4.8107
-5.1383
-4.7417
-4.9989
-4.6355
-4.9779
-5.1440
-5.2687
-5.4823
-5.7007
-5.8060
-5.8131
-5.7506
-5.5598
-5.5207
-5.3959
-5.3228
-5.2504
-5.1445
-5.1206
-5.0401
-4.8176
-4.9043
-4.7500
-4.5515
-4.3192
-4.1355
-3.9502
-3.7701
-3.6943
-3.5750
-3.5148
-3.3160
-2.9308
-2.7573
-2.5312
-2.5656
-2.4129
-2.3466
-2.1603
-1.8639
-1.8687
-1.6639
-1.4719
-1.2642
-1.0771
-0.8713
-0.6863
-0.2093
-0.2456
-0.0051
0.1517
0.3663
0.6159
0.8248
1.0394
1.2208
1.4041
1.5768
1.8184
1.9557
2.1509
2.4749
2.4436
2.6864
2.9363
3.2893
3.6231
4.0976
4.4285
4.4779
4.6996
4.8991
5.2595
5.2952
5.4865
5.5715
5.7918
5.8424
6.0068
6.0260
6.1679
6.3390
6.4714
6.7412
6.9924
6.9841
7.1932
7.6521
8.2677
8.0020
8.0256
8.5059
8.4008
8.6560
8.8549
9.1691
9.6288
9.2605
9.3739
9.8404
9.5304
9.7374
9.5238
9.4403
9.2728
9.2614
9.2669
9.3007
8.9069
8.5061
8.4117
8.0260
7.7391
7.7888
7.6139
7.1723
7.2659
6.7294
6.5768
6.4982
6.3286
6.0320
6.0959
5.7672
6.0736
5.7937
5.4331
5.1909
5.1260
5.1684
5.1039
4.9573
5.0981
4.8869
5.1949
5.1193
4.6703
4.4154
4.2831
4.3686
4.1035
4.2405
4.0191
3.9427
3.9115
3.9200
4.0260
4.0949
3.6712
3.6560
3.4465
3.3756
3.2887
3.3652
3.3833
3.4582
3.5733
3.3342
3.3106
3.3382
3.4521
3.4137
3.4457
3.3783
3.3641
3.6021
3.3792
3.3607
3.3112
3.2343
3.2522
3.3465
3.1560
3.0581
2.9787
2.8613
2.6546
2.5029
2.4422
2.4937
2.7153
2.8177
2.9762
3.2173
3.0500
3.1104
3.0563
3.2562
3.0188
3.0348
3.0178
2.9992
2.9392
2.9740
2.9009
2.9400
2.9265
2.9624
3.0420
3.0018
2.9885
3.1363
2.9275
2.9569
3.0427
3.0170
3.0037
2.8987
2.8102
2.7901
2.7198
2.7234
2.7280
2.7472
2.7659
3.0388
2.7862
2.8190
2.7495
2.7405
2.7525
2.6791
2.6262
2.5007
2.3973
2.2461
2.3557
2.0353
2.0022
1.9152
1.9669
1.8827
1.9319
1.8521
1.8568
2.2097
2.6449
2.2836
2.0969
1.6636
2.1658
1.7303
1.8009
2.1509
1.9198
2.3873
1.9655
1.7817
1.6496
1.7271
2.1968
2.0924
2.4181
2.3639
2.0587
2.0205
2.0928
2.2988
2.7715
2.5267
2.3187
2.6144
3.2127
3.7612
3.6262
3.8434
3.3974
3.8810
4.4734
3.2484
3.7053
4.1652
4.3343
4.0638
4.5107
3.5989
3.7177
3.6677
3.9216
3.7823
3.4699
3.2003
3.0535
3.0803
2.8281
1.6046
1.7315
1.2365
1.4812
1.4565
1.2228
1.6670
0.7963
1.3224
0.9790
0.9844
0.4224
0.6882
1.8218
1.2006
1.5208
2.2047
2.0269
1.9207
1.8726
2.6764
3.0840
1.7953
2.3328
1.8084
1.1016
1.2100
0.6552
-0.4453
-0.4531
-1.3014
-1.1120
-0.8255
-0.8359
-0.7975
-0.8727
-0.9009
-1.6469
-0.7994
-2.0119
-1.9443
-2.4193
-2.4210
-2.2996
-2.7387
-3.1017
-3.3715
-3.8212
-3.8946
-4.2928
-4.1832
-4.0700
-4.6377
-4.8595
-4.8030
-5.0162
-4.7403
-4.2632
-4.6431
-4.7584
-4.5017
-4.4992
-4.6175
-4.9950
-4.4764
-4.2387
-4.8769
-5.3417
-4.8587
-5.5911
-5.4959
-5.1576
-5.3877
-5.0623
-5.0719
-4.9598
-5.8231
-5.8408
-5.9992
-6.0203
-6.0669
-5.6155
-5.5418
-5.6018
-5.5381
-5.1920
-5.5784
-5.7205
-5.4292
-5.3550
-5.3444
-4.8626
-5.1847
-5.0054
-4.6854
-4.7611
-4.8138
-4.9266
-4.8372
-4.5906
-4.4730
-4.1422
-4.2170
-4.2029
-4.1450
-3.5977
-3.6487
-3.3726
-3.6733
-3.4570
-3.4468
-3.2927
-3.0610
-3.3848
-2.8438
-2.9697
-2.7585
-2.6955
-2.6474
-2.2903
-2.5423
-2.5104
-2.3397
-2.2262
-2.2014
-1.9638
-2.0747
-2.0709
-1.8588
-1.6228
-1.6499
-1.2957
-1.3822
-1.1173
-1.4059
-0.9316
-1.1048
-1.0084
-0.1292
-0.3178
-0.3621
0.0939
-0.2311
0.3972
-0.0678
0.1540
0.2172
0.7910
0.6102
1.0363
0.9534
0.8222
0.8361
0.8362
0.9792
1.0721
1.4291
1.3026
1.3663
1.4534
1.5996
1.8513
1.8179
1.8738
2.3744
2.1352
2.1694
2.4805
2.6868
2.6342
3.2098
3.0637
3.5006
3.4976
4.0224
4.8047
5.1023
4.3233
4.6721
5.4190
5.2861
