1.5985
2.2065
2.6020
2.8548
3.2123
3.5729
3.7697
4.0017
4.1023
4.1867
4.3351
4.4714
4.4291
4.6411
4.4326
4.1069
3.9428
3.6871
3.8969
3.6530
3.2288
2.9256
2.9551
2.3532
2.1351
1.8748
1.6313
1.2578
0.8913
0.6309
0.5769
0.1327
-0.2215
-0.6659
-0.8204
-1.3241
-1.5127
-1.5071
-1.7671
-1.9026
-2.0091
-2.1535
-2.1945
-2.2846
-1.5636
-2.3335
-2.0919
-2.1376
-2.2947
-2.2639
-2.1774
-1.9958
-2.0103
-1.8337
-1.5940
-1.8453
-2.0379
-2.2242
-2.0519
-2.4343
-2.3779
-2.6158
-3.0206
-3.0376
-3.2541
-3.6494
-3.4118
-3.9446
-3.8203
-3.8358
-4.1295
-4.1420
-4.1716
-3.9907
-4.1623
-4.2052
-3.7569
-3.7693
-3.2151
-3.4405
-3.9621
-4.0897
-3.3972
-3.9106
-3.7626
-3.8118
-3.4641
-3.6471
-3.7050
-3.4979
-3.2210
-3.0352
-2.9502
-2.7970
-2.7334
-1.9822
-2.1843
-1.9230
-1.8915
-1.5731
-1.2051
-0.9431
-0.5577
-0.2007
-0.0964
0.1165
0.3325
0.8120
0.4544
0.0995
0.1110
-0.3902
-0.3438
-0.2034
-0.7454
-0.3672
-0.5678
-1.1288
-1.2749
-2.2165
-1.8669
-2.6125
-1.6914
-2.6864
-3.3607
-3.4649
-3.8059
-4.1986
-4.4083
-4.3895
-4.6555
-4.1171
-4.4113
-4.0580
-4.3391
-4.5272
-4.6732
-4.3311
-4.4662
-4.0314
-3.5206
-3.6898
-3.5794
-2.9053
-2.8810
-2.2071
-2.8860
-2.2798
-2.5115
-1.9232
-1.3002
-2.1270
-1.4515
-2.6373
-2.5045
-3.0000
-2.2392
-3.2203
-3.3798
-3.8557
-4.0994
-3.3698
-3.8556
-3.2869
-4.9297
-4.7108
-5.0944
-5.1390
-5.3832
-5.1480
-5.8049
-5.5561
-5.9201
-6.1718
-6.3149
-5.9915
-6.2255
-5.7915
-6.1067
-6.0135
-6.2008
-5.9801
-5.7193
-6.0584
-6.0634
-6.2778
-6.1124
-6.6121
-5.8879
-6.6028
-6.2010
-6.0372
-6.2302
-5.3082
-5.8436
-5.8495
-5.7451
-6.0711
-6.4164
-6.0077
-6.1548
-6.5943
-6.1192
-5.6741
-6.4697
-5.7262
-6.2550
-6.3240
-5.7479
-5.9148
-6.0075
-6.5576
-6.5419
-6.3204
-6.4623
-6.5789
-6.0395
-6.2247
-6.1898
-6.1577
-5.9235
-5.9395
-5.9761
-6.3060
-5.7175
-6.1876
-5.7597
-5.2785
-5.6550
-4.5631
-4.9450
-5.4618
-4.5583
-4.6876
-5.6690
-5.0580
-5.4771
-5.7893
-5.6335
-5.5820
-5.7261
-6.0576
-6.2943
-5.7870
-6.2730
-6.1720
-6.3236
-5.9730
-5.7388
-6.0267
-6.0320
-5.9600
-6.1187
-5.8780
-5.5902
-5.2967
-5.4078
-5.2928
-5.3923
-5.1165
-5.2052
-5.5612
-5.4235
-5.4026
-5.1955
-5.0239
-4.7645
-4.5565
-4.6337
-4.2411
-4.5565
-4.0798
-4.0347
-3.5476
-3.6956
-3.5722
-3.7214
-3.8006
-3.6607
-3.9175
-3.8182
-4.4279
-4.0602
-4.4117
-4.5284
-4.4883
-4.9061
-5.0731
-4.6763
-5.0439
-5.1036
-5.1113
-5.2353
-5.1773
-5.3954
-5.2161
-5.2665
-5.2631
-5.0928
-5.1754
-5.0592
-4.9342
-4.9795
-4.9873
-4.8112
-4.7268
-4.4292
-4.3672
-4.3422
-4.1261
-4.5322
-4.8239
-4.9236
-4.6593
-4.5517
-4.6219
-4.2998
-4.5150
-4.2790
-4.5842
-4.2030
-4.4719
-4.4481
-4.2133
-3.9980
-4.0831
-4.2589
-4.0165
-4.4219
-4.4547
-4.6192
-4.6495
-4.4466
-4.2718
-4.3169
-4.5485
-4.5147
-4.5926
-4.5989
-4.5246
-4.1702
-4.0163
-3.5386
-2.9013
-2.5336
-2.1885
-1.8848
-2.2989
-2.1641
-2.3092
-2.0589
-1.8443
-1.4073
-1.4545
-0.8991
-1.0337
-0.6339
-0.6891
-0.7203
-0.7673
-0.7305
-0.3515
-0.8441
-0.7960
-0.8787
-0.6845
-0.8926
-0.8796
-0.7604
-1.3140
-1.2118
-1.3344
-1.4736
-1.2020
-0.9774
-0.9621
-0.4460
-0.5436
-0.1886
-0.0533
-0.0541
0.3966
0.7525
1.4739
1.5675
2.0126
2.3615
2.9439
2.9962
3.3599
4.0341
3.9818
4.1542
4.5317
4.7956
4.6064
5.1603
4.9518
5.1677
5.2297
5.2106
5.2397
5.0980
5.1262
4.6918
4.8752
4.7908
4.3075
4.4511
4.2330
4.0333
3.9157
4.1422
4.0004
3.9581
3.9579
3.8319
4.1896
4.3141
4.4897
4.4614
4.5979
4.7617
4.9556
5.2915
5.5697
5.7167
6.0074
6.0568
6.4160
6.3630
6.7302
6.6862
6.8338
7.5333
7.0704
7.2945
7.2527
7.3638
7.3273
6.7589
6.7878
6.5575
6.2588
5.8552
5.8940
5.5454
5.8907
5.2649
4.9776
4.6047
4.3971
4.2257
4.4532
3.8922
3.8027
3.7557
3.9833
3.8422
4.1014
4.3452
4.3258
4.5779
4.7824
5.3798
5.1635
5.6126
5.3458
5.6898
5.7667
6.0467
6.1843
6.2231
6.3299
6.8174
6.8290
6.8596
7.0857
7.0840
7.1661
7.4446
7.3174
7.2908
7.3564
7.2413
7.4490
7.6578
7.2897
7.2529
7.0967
6.9212
6.9035
6.6320
6.5159
6.4665
6.3885
6.2633
6.3937
6.0975
6.0785
5.9733
5.8955
5.7211
5.5820
5.4114
5.3144
5.4518
5.2936
4.9598
4.6781
4.5365
4.4297
4.2823
4.4049
4.1919
3.8008
3.7774
3.3741
3.3823
3.0608
2.9717
2.9008
2.7282
2.6059
2.3368
2.4487
2.1413
1.9608
1.8389
1.5332
1.3469
1.1410
1.1354
0.9938
1.5060
0.9189
0.8955
0.7444
0.6475
0.5228
0.4242
0.4076
-0.0116
-0.3486
-0.6776
-1.0562
-1.1597
-1.5998
-1.9217
-2.1783
-2.6212
-2.8389
-2.9393
-3.3855
-3.5741
-3.7693
-4.0758
-4.3966
-4.6116
-4.5355
-4.8123
-4.8974
-4.8769
-4.8516
-4.4304
-4.6156
-4.7664
-4.8451
-4.7447
-4.8877
-4.2965
-4.5387
-3.6313
-3.6896
-3.6653
-4.2055
-4.2486
-4.0324
-4.0452
-4.5191
-4.4363
-4.6763
-4.2521
-4.5542
-4.1439
-3.6803
-4.5577
-4.5962
-5.0224
-5.2993
-5.0851
-5.6220
-5.3036
-5.6734
-6.1546
-6.2709
-6.3940
-6.2845
-6.4263
-6.7001
-6.2478
-5.8531
-6.1890
-6.2083
-6.2163
-5.4070
-5.6587
-4.6161
-3.7198
-4.1106
-3.5412
-3.3676
-3.0261
-3.0976
-3.0230
-2.5858
-2.2811
-1.9181
-1.2225
-0.5642
-0.7370
-0.4888
-0.0998
0.0646
-0.2854
0.5260
0.2328
0.0968
1.0924
-0.0107
0.1960
0.2718
1.0205
1.1657
1.2885
1.8636
1.9215
2.8109
3.3038
3.8440
4.1923
4.7825
5.7486
5.8840
6.2810
6.6459
7.5402
7.4469
8.2831
7.8992
7.6802
8.0653
6.7306
8.1873
7.7228
9.5653
8.1021
8.0468
8.1714
8.5395
8.6930
8.3148
9.0929
8.5357
9.0227
8.6916
8.1434
8.8178
8.8489
9.2010
8.8766
10.4047
10.3623
10.2268
10.4538
9.4802
11.1000
10.0187
10.3547
9.3631
9.5793
9.1762
9.0051
9.2858
8.7540
8.8200
8.3866
8.4278
7.5227
7.3454
7.4495
6.7266
6.7776
6.9970
6.8297
7.7968
8.1269
8.3888
9.4837
10.2381
10.6180
10.9850
10.6091
11.6126
11.6978
11.6563
12.2203
11.5145
11.4965
11.9842
11.5411
10.8523
11.1507
10.6441
10.5467
10.9075
10.3787
10.8776
10.5352
10.7902
10.5204
11.0926
11.6191
11.6195
11.8009
11.9881
12.0428
12.9907
12.8868
13.0673
13.4188
14.1357
13.9065
14.7850
15.2356
15.3505
15.8420
15.8938
16.1833
16.3209
16.5240
17.3635
17.0315
18.1006
18.3158
18.8605
18.7804
20.7319
19.8222
19.5733
20.0954
20.9198
20.2398
19.9942
20.7141
21.4161
22.1507
21.0410
21.1296
21.2098
22.1205
22.1443
21.5701
21.5474
20.6085
20.8678
21.0685
20.7889
20.8795
19.6857
19.8929
19.1414
18.8120
18.9441
18.4180
18.3367
18.4977
18.0540
17.4867
16.8237
16.9146
16.7699
15.6610
15.9301
15.7283
15.9533
14.5454
14.5209
13.2141
12.4221
11.8299
12.0958
10.6586
9.7329
9.0275
8.4884
8.5935
7.0823
7.1909
5.8891
5.2334
4.2859
4.1810
4.0334
3.2654
3.3010
3.0605
2.9810
2.3327
2.3011
1.6265
1.3560
1.2405
0.9601
1.0130
0.2207
-0.1786
-0.3072
-0.7104
-0.6394
-0.7749
-0.9680
-1.2259
-0.8957
-1.3871
-1.6287
-1.7256
-1.8418
-2.0458
-2.2925
-1.7849
-2.2185
-1.7838
-2.3643
-1.9810
-2.4085
-2.5832
-2.7915
-2.5039
-2.9037
-2.7212
-2.6506
-1.8815
-2.2609
-1.9612
-1.8289
-1.6019
-0.8839
-0.9917
-0.3815
-0.5093
-0.2709
0.2631
0.3042
-0.0517
0.0799
0.5800
0.3673
0.1179
0.7774
0.4340
0.2019
-0.3719
-0.2681
-0.5450
-0.7497
-1.2308
-1.2976
-1.5148
-1.4278
-1.6355
-1.7458
-2.0084
-2.2007
-2.4504
-2.7868
-2.9854
-3.6145
-4.0343
-4.4366
-4.9106
-5.1323
-5.8505
-6.3332
-6.8065
-7.3704
-7.8756
-8.4575
-8.9167
-9.3561
-9.7589
-10.1768
-10.5624
-10.9850
-11.3787
-11.7506
-12.2251
-12.4095
-13.1030
-13.4601
-13.8280
-14.1581
-14.4982
-14.8096
-15.0730
-15.3130
-15.2854
-15.6749
-15.8378
-15.9938
-16.1520
-16.2863
-16.3504
-16.5169
-16.5911
-16.7641
-16.8472
-16.9025
-16.9675
-16.8868
-16.9955
-16.9513
-17.1485
-17.1848
-17.0664
-17.2788
-17.2851
-17.2666
-17.2339
-17.1758
-16.7860
-16.8517
-16.7233
-16.7424
-16.5721
-16.7734
-16.6657
-16.5994
-16.4502
-16.2962
-15.7591
-16.0673
-15.8601
-16.0602
-15.9804
-15.8375
-15.6851
-15.4446
-15.3756
-15.2171
-15.0517
-14.7384
-14.6612
-14.5614
-14.2961
-14.0703
-13.7579
-13.5353
-13.2516
-12.9026
-12.7800
-12.6806
-12.4101
-12.3924
-12.2672
-12.2191
-12.1478
-11.8676
-11.9885
-11.8902
-11.7290
-11.6657
-11.5447
-11.2680
-11.3879
-11.2185
-11.1863
-11.0612
-11.0099
-10.8826
-10.6708
-10.5675
-10.3517
-10.2769
-10.0755
-9.5892
-9.5566
-9.3106
-8.9269
-8.9909
-8.4461
-7.8948
-7.8052
-7.5098
-7.2109
-7.2008
-7.4001
-6.9061
-6.6068
-6.4026
-5.6254
-5.4833
-4.5836
-4.9486
-4.8333
-4.6577
-4.4604
-4.3141
-4.1035
-3.6238
-3.0452
-2.9240
-2.5973
-2.3551
-2.1382
-1.6883
-1.8179
-1.6604
-1.4144
-1.1160
-1.1999
-1.3302
-1.2868
-1.3987
-1.3405
-1.1993
-1.3148
-1.1742
-0.9738
-0.6907
-0.1013
0.0026
0.3700
0.6064
0.8839
1.1805
1.3953
1.6422
1.7526
1.9044
2.0027
2.2172
2.3276
2.7431
2.6416
2.8756
3.0757
3.3612
3.6686
4.0392
4.4519
4.8416
5.3853
5.4917
5.8988
6.2785
7.0420
6.7682
7.0693
7.5330
7.6407
7.7750
7.6663
7.5690
7.2542
7.4487
7.1533
7.3334
7.3169
6.9827
7.3262
7.0588
7.2867
7.3263
8.0554
8.0394
9.1007
8.5985
8.5362
9.3214
9.3972
9.6945
9.0891
9.2267
8.5339
8.8912
8.3643
7.8486
7.7567
7.1357
7.0018
6.5173
6.1110
5.3036
5.2040
5.2646
5.7651
5.0572
4.6223
4.3405
4.0153
4.1232
3.3044
3.2484
3.1060
3.1829
2.4070
2.5861
2.2494
2.7294
2.1898
1.8236
0.9953
0.5002
0.7786
-0.1147
-0.4330
-0.8569
-1.1355
-1.4609
-1.6021
-2.2697
-2.2647
-2.4032
-2.1676
-2.2914
-2.6817
-2.7667
-2.4823
-3.2483
-3.4662
-3.6467
-3.5725
-3.5651
-3.1077
-3.5956
-3.6256
-3.0054
-3.6402
-3.7177
-3.6078
-3.7164
-3.5269
-3.3658
-3.5213
-3.4461
-3.6470
-3.0757
-3.7671
-3.5645
-3.7686
-3.6656
-3.6961
-3.6065
-3.5192
-3.6906
-3.6392
-3.6155
-3.5998
-3.4930
-3.7141
-3.7222
-3.7792
-3.4764
-3.7426
-3.8422
-4.0358
-3.7485
-4.1578
-3.9267
-4.2032
-3.8851
-3.9624
-3.9582
-4.1037
-4.0886
-3.9169
-4.2016
-4.5034
-4.4311
-4.5932
-4.6571
-4.3562
-4.6694
-4.4216
-4.3490
-4.6629
-4.8045
-4.5823
-4.9540
-5.0171
-5.0567
-4.9065
-5.1680
-4.8270
-4.8885
-4.7724
-5.1672
-5.4672
-5.0411
-5.0867
-4.8691
-5.1351
-5.3266
-5.2904
-5.1886
-5.5422
-5.2511
-5.4615
-5.6917
-5.5384
-5.8456
-5.9123
-5.8751
-5.7722
-5.8546
-5.5582
-5.7996
-5.2106
-5.8901
-5.5295
-5.5997
-5.6867
-4.8667
-5.1670
-4.9696
-4.3512
-4.8631
-3.8780
-4.3281
-4.5233
-4.2282
-4.2910
-3.8266
-3.5768
-3.7171
-3.3793
-3.1741
-3.5381
-2.8707
-2.7127
-1.7915
-1.5408
-1.6084
-1.6900
-2.1587
-1.9772
-1.9101
-2.1465
-1.8500
-1.7021
-1.9730
-1.1238
-1.5579
-1.7332
-2.0437
-2.2229
-2.0570
-2.2401
-2.3320
-2.0105
-2.2579
-1.5577
-2.1951
-1.4378
-1.8038
-1.6735
-2.0468
-1.2510
-2.0111
-1.7949
-1.4392
-1.3669
-1.5032
-1.7045
-0.8826
-1.1528
-0.7888
-1.0149
-1.4026
-0.8026
-0.8913
-0.8831
-0.8341
-1.1268
-1.4642
-0.5825
-1.1026
-1.0249
-0.6627
-0.9814
-1.4506
-1.0122
-1.4966
-1.5906
-1.4581
-1.7208
-1.4830
-1.8624
-2.2766
-2.3320
-2.2847
-1.8855
-2.2557
-2.2284
-2.4778
-2.6422
-2.2349
-2.3444
-2.3307
-2.2122
-2.8084
-2.5195
-2.4481
-2.6611
-2.5017
-2.9330
-3.3037
-2.9553
-3.0801
-3.1209
-2.9230
-3.0574
-3.0121
-2.7699
-2.6466
-2.1266
-2.1320
-2.2037
-1.3926
-1.6171
-1.5090
-1.4128
-0.7095
-0.3717
-0.2277
-0.1980
0.2068
0.1117
0.5406
0.7590
1.1114
1.3746
1.9674
2.0864
2.4566
2.6551
3.2720
3.4794
3.4804
3.7999
4.3959
4.3340
4.4326
3.8298
4.1985
4.0182
4.0786
4.2254
4.1447
4.0318
3.7356
4.1259
3.4946
3.5849
3.3151
3.2427
2.9800
2.6623
2.9869
2.3626
2.2398
2.4421
2.7154
2.3164
2.4048
1.6987
1.9384
1.2522
1.4143
1.4625
1.5187
1.4615
1.7018
1.8018
2.1407
2.3335
2.4326
2.4637
2.6455
2.8175
3.0380
3.2730
3.9117
3.7573
4.1329
4.5231
4.9953
5.3923
6.0329
6.2827
6.7859
7.1729
7.6251
7.9009
8.3377
8.9283
9.1318
9.4777
9.9880
10.1415
9.9829
9.8516
9.9438
9.7201
9.8090
9.0819
9.0531
8.6847
8.4985
7.7766
7.6415
7.3120
7.5810
7.1139
7.0079
6.6386
6.2056
5.7922
5.1780
4.8205
4.3913
3.8336
3.5275
3.2503
3.2102
3.1247
2.7141
2.8831
2.8873
2.9707
2.8854
3.5256
3.3126
3.5027
3.6191
3.9588
4.0407
4.4437
3.9268
3.8308
3.8330
3.9405
4.0518
3.5306
3.7365
3.6353
3.2566
3.2063
2.7141
2.5065
2.6479
2.0805
2.0213
1.6295
1.6177
1.6116
0.7760
0.4495
-0.0180
0.0211
-0.4775
-0.6644
-0.9097
-0.9378
-0.6777
-1.2743
-1.1317
-0.7450
-1.1582
-1.1959
-1.3997
-1.1285
-1.5850
-1.2107
-1.6313
-1.5498
-1.7325
-1.7502
-1.5242
-1.2415
-1.5198
-1.4747
-1.9090
-1.9672
-2.1574
-1.9987
-2.0094
-2.2952
-2.0988
-2.3805
-2.4422
-2.4931
-2.4529
-3.0705
-2.8153
-2.9419
-2.6815
-3.4445
-3.4408
-3.6140
-3.6530
-3.5499
-3.2962
-3.9379
-3.7002
-4.2030
-3.8533
-4.0579
-3.5408
-3.1734
-2.8853
-2.5965
-2.3184
-2.5516
-2.4020
-1.3355
-2.4028
-2.1003
-2.3036
-2.1546
-2.2023
-2.1481
-1.4878
-1.8890
-1.9472
-1.7866
-1.6862
-1.2370
-1.3889
-1.5332
-1.7799
-1.8368
-1.8189
-1.7429
-1.5487
-1.3248
-1.8351
-1.9564
-2.1075
-2.3970
-2.4294
-2.9563
-2.8889
-3.5005
-3.9586
-4.0946
-4.1324
-4.5991
-4.7602
-4.8128
-5.1313
-4.9136
-5.3689
-5.1494
-5.5258
-5.1058
-5.1012
-4.9150
-4.8855
-4.9488
-4.7867
-5.1026
-4.8167
-4.1800
-4.1517
-3.9250
-3.8557
-3.6929
-3.3394
-3.1290
-3.3503
-2.9273
-3.1934
-3.4559
-3.4152
-3.8298
-4.0295
-3.7416
-4.2709
-4.4031
-4.6565
-4.6089
-5.2733
-5.3018
-5.5371
-5.4128
-5.6257
-5.8624
-6.1035
-6.1240
-6.4846
-6.5310
-6.3803
-6.6269
-6.2887
-6.5353
-6.3772
-6.5595
-6.6595
-6.6657
-7.0831
-7.1925
-7.1528
-7.3953
-7.5572
-7.6735
-7.5764
-7.7962
-7.6948
-7.5526
-7.5642
-8.1638
-8.2150
-8.2466
-8.5417
-8.6805
-8.5970
-8.9005
-8.7477
-8.8992
-9.2851
-9.3825
-9.0424
-9.6553
-9.9832
-9.9031
-10.1591
-10.4814
-10.0874
-10.5517
-10.7176
-11.1058
-11.0817
-10.9688
-11.1215
-11.3751
-11.2377
-11.3977
-11.5313
-11.4478
-11.4991
-11.6897
-11.5575
-11.6109
-11.3040
-11.6091
-11.4832
-11.6885
-11.5002
-11.6037
-11.5913
-11.6908
-11.5623
-11.7651
-11.8109
-11.9334
-11.6933
-11.8933
-12.0944
-12.3385
-12.4178
-12.3946
-12.6844
-12.8344
-12.4545
-12.8832
-12.7149
-12.6933
-12.3589
-12.2213
-12.0352
-11.9672
-11.7298
-11.7055
-11.2556
-10.9174
-10.4697
-10.2450
-10.0448
-9.3180
-9.1347
-9.0118
-7.7542
-8.4282
-7.8991
-7.5465
-6.6039
-5.8440
-5.7935
-5.6538
-4.9006
-4.4214
-3.0056
-4.4764
-4.3039
-3.3544
-4.5959
-3.9386
-4.0999
-3.5982
-2.9189
-2.9998
-2.0518
-2.6579
-2.2358
-2.3528
-2.4874
-2.5715
-2.8938
-2.7677
-2.9620
-2.6236
-2.0048
-2.1336
-2.1698
-1.7732
-1.7130
-0.9837
-0.9326
-0.0162
0.0546
0.9149
1.0430
1.3433
1.5406
1.4393
1.1288
1.2261
0.7192
0.4315
0.5125
-0.2845
-0.8328
-1.4014
-1.9593
-2.4913
-2.7793
-2.6383
-3.0206
-3.4367
-3.5269
-3.6131
-3.2449
-3.2404
-3.2623
-3.1167
-3.0345
-2.8754
-3.0272
-3.1183
-3.1092
-2.9128
-2.3569
-2.4715
-2.2835
-2.1589
-1.4281
-1.9245
-1.8065
-1.7928
-1.6131
-1.5749
-1.4145
-1.0581
-1.2387
-1.2449
-1.2423
-1.2457
-0.7622
-1.0754
-0.8899
-0.7146
-0.7279
-0.4901
-0.1717
-0.4160
-0.2243
-0.1945
0.0883
0.7993
1.0906
1.2190
1.7119
1.4722
2.0689
2.0440
2.3356
2.7108
3.1716
3.2187
3.6129
4.0649
4.8482
4.8630
5.3985
5.8417
6.1159
6.6540
6.9993
7.4764
7.8653
8.4749
8.9021
9.8316
10.2458
11.0198
11.4088
12.3184
12.9247
13.6878
15.0663
15.5142
16.4038
17.2181
17.9448
18.9613
19.4671
19.8992
20.2747
20.8145
21.4711
22.1543
22.5721
22.9925
23.5595
24.4430
24.7490
25.4573
25.7051
26.0311
25.9967
26.6718
27.2445
27.7956
28.2915
28.8132
28.6672
27.6990
28.2539
29.0316
28.3051
29.5007
29.0824
29.3294
29.5810
29.5595
29.6951
29.8243
29.3980
29.5402
28.8453
29.1597
28.9241
28.3963
28.3435
28.1416
27.5887
27.4354
26.5687
25.5933
25.0211
24.5444
23.5993
22.6184
21.5892
20.9361
20.2005
19.3329
18.7521
17.3769
16.6826
15.9662
15.4362
14.8617
13.9997
13.4929
12.6131
12.7050
12.5163
11.9887
10.6058
9.4064
9.0159
7.1641
6.2445
4.6637
4.2199
2.8474
1.8232
1.3029
0.5082
-0.0933
-1.0598
-1.3597
-1.6902
-1.7557
-1.9477
-1.6796
-2.6025
-2.2075
-2.8338
-2.6855
-3.2627
-2.9760
-3.3226
-3.5890
-3.9019
-3.8665
-3.6300
-4.1263
-4.1053
-3.8961
-4.0038
-3.9271
-3.6226
-3.5427
-3.6910
-3.6058
-3.2674
-3.5255
-3.1643
-3.2300
-3.2416
-2.7308
-2.8801
-2.9551
-2.9974
-2.5451
-3.1047
-2.3423
-2.8981
-2.0691
-2.3509
-2.0887
-1.8165
-2.0243
-1.9424
-1.0745
-1.4252
-1.2147
-1.7967
-0.9681
-0.7957
-1.3285
-1.6381
-1.4225
-1.3322
-1.3277
-0.8903
-0.6228
-1.0097
-1.1634
-1.2557
-0.0445
-1.0914
-0.7212
-0.9410
-0.7996
-0.8817
-1.2044
-1.0696
-1.8085
-2.2666
-3.0737
-3.5821
-3.6881
-4.4858
-4.1175
-4.7711
-5.1969
-5.5269
-5.6506
-6.3497
-6.5055
-7.2242
-7.5001
-7.4528
-7.1295
-8.1508
-8.3270
-8.0323
-8.0885
-7.6994
-8.3237
-8.0383
-8.5878
-8.3696
-8.7824
-8.6729
-8.6812
-8.7878
-9.1024
-9.7552
-9.5937
-9.9287
-9.5120
-9.1575
-9.8083
-9.7398
-10.3164
-10.2640
-10.3880
-10.3837
-10.4043
-10.8888
-10.9309
-10.1814
-10.8428
-10.9153
-10.7804
-10.5852
-10.0140
-10.7467
-10.3840
-10.5689
-10.4947
-10.1845
-10.6152
-10.4408
-10.2686
-10.3499
-10.3352
-10.5519
-10.6684
-10.7402
-10.8245
-11.1252
-11.0623
-10.7002
-10.7366
-10.9919
-11.1227
-11.1595
-11.7130
-11.7754
-11.6839
-11.6975
-11.8278
-11.5818
-11.5323
-11.8544
-11.9576
-11.2577
-10.9045
-11.0130
-10.8542
-9.5864
-9.9379
-9.4715
-8.8428
-8.7726
-7.9160
-8.1806
-7.7999
-7.5755
-7.3368
-6.7106
-6.6205
-5.6320
-5.2991
-5.6298
-4.8714
-4.8865
-3.4069
-3.9717
-2.6996
-3.4175
-2.9940
-2.0868
-1.7435
-1.0992
-1.7355
-1.0460
-0.5279
-0.2742
0.8063
1.7713
1.8518
2.2593
2.8890
3.9452
5.4116
5.9651
5.7612
6.1880
6.7140
8.0975
7.8622
9.4254
9.6444
9.4907
10.6286
10.0773
11.1585
11.6742
11.6782
12.2970
12.5145
12.9003
14.1323
13.7416
14.5217
14.8906
15.7462
15.5852
16.4583
15.8288
16.0179
15.7526
16.1237
16.4339
16.9608
16.0520
16.1969
16.7786
16.9656
17.3393
18.3628
18.3990
19.1383
19.2700
20.2885
21.2875
22.0933
22.2529
23.0618
23.4409
23.6789
24.2541
24.2898
24.5893
26.1510
25.0402
24.5034
24.7427
24.1606
24.2574
23.6069
23.0470
23.3445
22.0773
21.7462
20.6320
20.3827
20.2470
19.5576
18.8528
17.9003
16.7882
16.0762
15.3989
14.6095
14.2063
13.6309
13.4313
13.2058
12.8500
12.7517
12.5122
12.3891
12.5814
12.3532
12.3559
12.3559
12.2084
11.7187
11.6790
11.7028
12.0562
11.8805
11.9720
12.0514
12.3053
12.4504
12.2844
12.7616
13.0088
12.7514
12.7929
12.9465
13.3793
13.0130
13.0014
12.5112
12.6763
12.2595
12.0510
11.8355
11.6211
11.0941
11.2430
10.7937
10.5829
10.3102
10.3694
10.0897
9.9810
10.1895
9.9617
9.8929
9.6231
9.3460
9.5582
9.3385
9.3542
9.6320
9.4493
9.0581
8.9812
8.6693
8.6196
8.8684
8.2481
8.2866
8.0187
8.0515
8.0547
8.1289
8.3141
8.0572
8.0492
7.8949
7.5407
7.3063
6.6034
6.2767
6.1190
5.9737
5.1157
4.4854
3.9016
3.4427
2.9845
2.8301
2.4159
1.8384
1.4255
1.2371
0.7606
0.3629
0.0812
-0.3261
-0.6422
-0.8949
-1.1864
-1.3608
-1.6337
-1.8934
-2.0764
-2.5507
-2.7418
-3.1264
-3.2624
-3.4787
-3.5004
-3.7457
-3.8387
-3.9446
-4.1978
-4.3954
-4.6831
-4.4536
-5.0547
-5.1108
-5.2531
-5.1456
-5.5544
-5.3984
-5.8224
-5.8238
-5.9531
-5.9795
-5.9905
-6.1224
-6.2854
-6.3892
-6.4893
-6.3313
-6.1861
-6.2955
-6.5929
-6.1068
-5.9711
-5.8984
-5.9663
-6.0041
-6.2637
-6.4645
-6.6298
-6.5390
-6.7387
-6.7605
-6.6815
-6.5193
-6.6997
-6.8234
-7.1117
-7.0025
-7.2940
-7.0902
-6.8529
-6.6087
-5.9357
-6.6981
-6.9350
-6.6619
-6.6568
-6.7020
-6.5756
-6.8391
-6.7370
-6.8645
-6.7214
-6.8378
-6.8571
-6.6298
-6.8884
-6.1787
-7.1294
-6.5771
-7.2816
-7.3312
-7.6015
-7.3001
-7.3546
-7.3257
-6.6453
-6.5657
-5.5775
-5.4734
-4.4350
-4.1944
-3.1897
-3.4320
-3.0701
-2.9628
-3.0300
-3.2022
-2.2269
-2.2711
-2.2335
-0.9151
-1.6271
-0.8230
-0.7644
0.0415
0.2589
0.5463
1.3829
2.3390
2.1172
2.8585
2.8465
3.4654
3.1729
3.4073
2.9825
2.7459
3.3243
2.7592
3.4573
2.9348
3.7838
3.2232
3.3651
3.1327
3.4104
3.2442
3.2720
2.6639
2.5269
2.8308
1.7592
1.6109
1.3653
1.2458
0.4917
0.4318
0.2845
-0.2965
-0.2074
-0.5861
-1.1157
-0.6747
-1.2852
-1.8480
-1.7443
-2.7217
-2.7811
-2.8315
-2.6511
-3.0922
-3.2215
-3.7494
-4.1445
-4.8667
-4.8403
-5.4103
-5.0663
-5.6807
-5.7079
-6.0284
-5.8813
-6.1128
-6.1210
-6.2005
-6.0404
-5.3808
-5.7671
-5.7242
-5.8703
-5.9517
-5.8063
-5.7417
-5.5998
-5.5751
-5.4246
-5.3551
-5.2049
-4.9214
-5.1586
-4.8759
-5.3200
-4.8866
-4.9361
-4.8930
-4.3638
-4.6540
-3.8969
-4.4430
-3.7832
-4.0970
-3.8203
-3.7727
-3.5374
-3.4484
-3.0158
-2.9134
-2.9248
-2.7208
-2.4114
-2.4565
-2.4068
-2.2700
-2.1728
-2.0232
-1.8918
-2.4457
-2.0356
-2.5315
-2.7047
-2.9455
-2.7689
-3.0529
-2.9865
-3.0545
-2.9136
-3.0901
-3.2787
-3.2536
-3.0441
-3.0686
-3.3297
-3.6273
-3.5315
-3.6674
-3.6015
-3.6098
-3.9212
-3.4800
-3.1171
-2.9181
-2.6808
-2.5047
-2.6266
-2.5002
-2.3000
-2.0169
-2.3446
-2.0705
-1.5172
-1.5369
-1.3783
-1.5437
-1.7797
-1.5710
-1.5580
-1.2749
-0.8442
-0.7587
-0.6857
-0.3002
-0.3574
0.0055
-0.1883
0.1081
0.2830
0.6676
1.3203
0.6022
0.7728
0.7552
0.5259
0.5055
0.6314
0.7265
0.6114
0.5846
0.3022
0.5257
-0.3441
-0.5101
-0.7926
-0.8316
-1.4027
-1.6546
-1.8411
-2.0224
-1.8440
-2.1555
-2.1553
-2.3923
-2.5298
-2.4692
-2.6839
-2.8645
-2.8080
-2.7142
-2.8618
-2.4804
-2.4739
-2.2489
-2.1393
-1.9973
-1.8900
-1.9449
-1.6453
-1.2841
-0.9712
-0.7631
-0.3993
-0.2813
-0.6566
-0.4965
-0.9090
-0.7567
-1.2269
-1.3961
-1.8112
-2.3023
-2.3331
-2.5090
-3.0534
-2.8730
-3.3358
-3.3163
-3.5343
-3.4551
-3.7428
-4.1701
-3.8421
-4.3487
-4.1399
-4.4743
-3.9614
-4.0396
-4.4912
-4.0320
-4.7844
-4.6615
-4.7674
-4.6494
-4.7915
-4.6445
-4.8137
-4.6840
-4.3201
-4.5346
-4.5450
-4.0502
-4.3575
-4.2970
-4.2468
-4.5837
-4.6429
-4.0984
-4.6210
-4.4090
-4.4312
-4.1504
-4.4011
-4.1951
-4.2832
-4.0501
-4.1123
-3.9938
-3.8275
-3.7292
-3.4845
-3.4227
-3.2548
-3.0540
-3.2040
-2.8925
-3.0836
-3.0313
-3.0560
-3.0641
-2.9683
-3.0868
-3.4007
-3.5618
-3.6341
-3.7465
-3.8471
-3.9299
-4.0657
-4.2812
-4.4262
-4.6009
-4.7149
-4.6696
-4.8148
-4.8074
-4.9990
-4.8706
-4.9735
-5.2829
-5.3798
-5.4831
-5.5717
-5.6155
-5.7316
-5.7672
-5.4571
-5.8719
-5.8997
-5.9523
-5.8332
-5.7836
-5.9015
-6.1579
-6.1805
-6.2948
-6.3066
-6.4963
-6.6504
-6.9260
-7.0906
-7.1783
-7.0780
-7.3396
-7.4532
-7.6395
-7.8034
-7.9939
-7.8605
-8.0873
-8.0398
-8.0811
-8.2309
-8.2319
-8.6280
-8.7880
-8.8975
-9.0570
-9.1824
-9.2698
-9.1011
-9.1774
-9.2753
-9.4430
-9.4256
-9.5880
-9.6049
-9.5984
-9.4452
-9.6679
-9.7667
-9.6586
-9.8734
-10.0127
-9.7594
-10.1519
-10.0412
-10.1827
-10.0899
-10.1727
-9.9111
-10.0858
-10.0227
-9.9905
-9.8919
-9.9323
-9.9241
-9.8194
-10.0604
-9.9855
-9.8408
-9.9725
-10.0316
-10.0125
-10.0087
-10.0656
-10.0657
-10.1240
-10.0994
-10.0909
-9.8463
-9.7965
-9.8799
-9.9434
-9.9131
-10.0876
-9.9740
-10.0946
-10.0585
-10.1920
-10.2516
-10.2356
-10.2914
-10.2884
-10.3301
-10.3366
-10.3701
-10.3893
-10.4210
-10.4520
-10.1624
-10.4355
-9.9052
-10.4831
-10.4792
-10.5512
-10.4211
-10.5002
-10.5946
-10.3161
-10.5369
-9.8623
-9.9519
-10.1412
-9.5894
-10.0246
-9.1628
-9.9109
-9.9224
-9.6641
-9.5732
-9.8038
-9.7213
-8.4633
-9.0985
-8.7152
-9.1118
-8.8825
-9.1047
-8.4230
-8.5858
-7.5708
-8.3678
-8.4310
-7.9698
-7.8549
-7.2462
-7.9665
-7.3755
-8.4419
-7.6418
-8.4395
-7.7236
-8.4982
-8.2165
-8.7096
-8.6657
-8.4278
-8.2730
-8.2293
-8.3092
-8.0954
-7.5691
-8.3565
-8.3159
-8.4476
-8.5266
-8.4009
-8.5210
-8.5045
-8.4704
-8.3978
-8.5558
-8.5021
-8.5398
-8.5637
-8.7986
-8.9418
-9.1968
-9.5383
-9.5642
-9.6619
-9.1060
-9.4356
-9.1047
-9.3487
-8.8663
-9.4774
-9.6154
-9.9086
-9.8061
-10.0691
-9.5301
-10.0187
-9.8856
-9.9475
-9.9487
-9.9009
-9.6630
-9.9738
-10.0231
-10.0392
-10.0755
-10.1900
-10.0835
-10.2765
-9.5801
-10.1035
-9.8748
-9.6625
-9.7453
-9.8919
-9.7798
-9.6390
-9.7575
-9.7429
-9.8222
-9.4978
-9.7637
-9.5988
-9.5323
-9.4100
-9.2932
-9.2701
-8.9564
-9.1522
-9.0172
-8.8201
-8.9951
-8.6629
-8.8419
-8.7610
-8.7342
-8.6827
-8.5427
-8.2066
-8.0565
-8.1968
-8.0375
-8.0138
-7.8651
-7.7240
-7.1875
-7.1541
-7.2450
-7.0657
-7.0888
-7.0216
-6.9469
-6.9302
-6.5598
-6.7941
-6.5488
-6.4827
-5.6479
-5.4862
-5.4650
-5.2972
-5.1028
-4.8744
-4.4877
-3.6509
-4.1036
-4.2244
-3.9749
-4.2007
-4.1629
-4.1458
-4.4082
-3.7615
-3.6198
-4.2441
-3.9113
-4.1634
-4.0212
-4.1895
-4.0021
-4.2753
-3.8364
-4.0026
-4.1506
-3.8220
-3.9677
-4.4282
-4.3754
-4.1405
-4.1218
-4.0110
-3.9473
-3.3361
-3.6410
-3.0494
-3.1582
-2.8999
-2.7859
-2.6940
-2.6174
-1.9327
-2.0110
-1.7213
-1.5105
-0.8025
-0.5545
-0.1820
0.6126
0.3526
1.0516
1.6741
1.9786
2.0771
2.7637
2.6775
2.9670
3.1483
3.1717
3.2491
3.6510
3.3278
4.0766
3.4011
3.6353
3.1941
2.9239
2.9828
2.6428
2.7356
2.5051
2.9365
2.6080
2.7893
3.0323
3.0128
3.1564
3.4218
2.8862
2.9817
3.1819
2.8849
3.7399
3.4343
3.3934
3.2631
3.6031
3.1429
2.9824
3.0528
2.8475
2.9959
2.8500
2.8632
2.5947
2.5033
2.3245
2.3431
2.3054
2.3575
2.4366
2.4426
2.5701
2.4575
2.3283
2.8522
2.2315
2.5058
2.3642
2.4417
2.8015
2.8483
3.1313
2.8687
2.9988
3.8821
3.4499
3.6136
3.7235
3.8698
3.5775
3.7260
3.5380
4.0069
3.7145
3.9084
4.0203
4.4445
4.5851
4.5250
4.5071
4.7312
4.4165
3.9826
4.0210
3.5952
3.4859
3.3838
3.5340
3.4922
2.9881
3.1844
2.9948
3.1035
2.5867
2.6556
2.6913
2.2459
1.8276
2.2539
2.4239
1.9298
1.8253
1.9710
2.0982
2.3954
2.4630
2.3202
2.7766
2.2523
2.5858
2.7405
2.6229
3.2716
2.8871
3.6531
3.4658
3.8667
3.9526
3.0903
3.2766
3.6630
2.5304
2.8655
2.6484
2.9550
2.6877
2.5601
2.3559
1.7055
1.7944
1.6308
2.4648
1.5489
0.9171
0.6627
1.1851
0.6869
1.3602
1.0462
1.0923
0.7191
0.7335
0.9502
1.1138
0.3969
1.2224
1.3501
1.4749
1.4615
2.3758
2.3912
3.1291
3.3600
3.3207
3.8653
4.8218
5.0698
4.6773
4.9646
5.9158
6.2727
6.6628
6.5205
6.8695
7.1340
7.2257
8.0063
9.3900
8.7057
9.2163
9.2886
9.0643
9.8811
10.2855
10.4567
10.2553
10.7460
10.0223
9.8611
10.9737
10.7073
10.8270
10.9479
11.3911
11.8190
11.5339
11.6313
11.2161
11.9511
11.2547
11.6092
11.7577
12.1069
12.4264
13.2101
11.5472
11.7338
12.1177
11.7679
12.5585
11.3160
12.7327
12.4987
12.5032
12.1049
12.6166
13.0264
12.6900
12.8685
12.9805
12.1916
12.4647
12.2165
12.6226
13.2834
13.7770
13.9579
14.7351
14.0482
14.8002
14.5213
15.5711
14.8940
14.9232
16.1630
15.5320
15.8674
15.2343
15.7470
15.5040
15.9660
15.4448
14.7826
15.2113
14.6375
14.6255
14.0440
14.7807
14.8902
15.6577
16.1610
16.5133
17.2879
17.3491
17.7283
18.6000
19.7664
19.2323
21.1286
19.7492
20.3697
21.7212
21.8255
21.6143
21.9046
21.7361
21.4966
21.9141
22.0512
22.0989
21.9939
23.1007
22.2099
21.2130
20.7241
21.1624
20.5613
21.0074
19.6854
19.5415
19.7242
19.3392
18.9754
18.1105
18.1001
18.0468
17.5563
16.7533
16.5309
16.0739
15.9699
15.3763
15.3704
15.5302
15.4359
15.2157
15.1508
14.9363
15.1687
14.9572
14.9804
14.9844
15.4883
15.7446
15.8696
15.6870
16.1430
16.5149
16.5310
16.9621
17.2993
17.5433
17.4508
17.9216
17.7179
17.8650
17.5209
16.9613
16.5716
16.3372
16.0327
15.6985
15.2449
15.2189
15.2120
14.6635
13.9494
13.9873
13.9781
13.6178
13.0061
12.2568
11.5134
10.5925
9.7559
9.0726
8.8620
8.2784
8.1616
7.9616
7.4200
7.1288
6.4657
6.4633
6.1543
6.2127
6.1731
5.8821
5.8338
5.5354
5.2809
5.6028
5.1609
5.3058
4.7712
4.6025
4.6059
4.3147
4.7237
3.8545
3.6110
3.8288
3.5953
3.4474
3.6820
2.7501
2.3347
2.2088
1.7049
1.5274
1.4895
1.2384
0.8570
0.8243
0.5933
0.7659
0.5930
0.4087
0.4157
-0.0893
0.0064
0.0058
0.0828
0.0877
-0.0341
-0.4546
-0.4617
-0.5383
-0.3767
-0.7368
-0.4545
-1.0225
-1.1895
-1.4315
-1.2763
-1.8924
-1.9137
-1.8187
-2.1005
-2.3291
-2.4352
-2.1811
-2.4798
-2.7867
-2.9835
-3.0633
-3.0390
-3.2856
-3.2648
-2.6942
-3.1365
-2.9631
-2.9113
-3.0142
-3.0864
-3.0170
-2.8689
-2.6329
-3.1512
-3.2039
-3.0806
-3.2437
-3.1645
-2.9115
-2.5244
-2.5243
-2.7463
-2.9785
-2.9923
-3.0161
-2.9306
-2.8722
-2.6329
-2.5051
-2.1859
-1.7542
-1.8220
-1.1206
-1.3356
-1.2832
-1.1702
-0.7445
-0.4608
-0.1636
0.6179
0.8399
1.0085
1.4399
1.5556
1.5596
1.5382
1.5730
1.5719
1.5798
1.8593
2.1054
2.5608
2.0311
2.0675
2.0345
1.8797
1.6838
1.2876
1.5336
1.1079
1.2892
1.0555
0.9372
0.9183
0.8197
0.7764
0.7691
0.5991
0.5429
0.8174
0.5038
0.5942
0.2748
-0.0005
0.0206
-0.3575
-0.3337
-0.8649
-0.9850
-1.4012
-1.6866
-2.1975
-2.3117
-2.6718
-3.1356
-3.1670
-3.0667
-3.0636
-3.8814
-4.2647
-4.4232
-4.5609
-4.6474
-4.8636
-4.6530
-4.4101
-4.7126
-4.2357
-3.1680
-4.1121
-3.9015
-3.9438
-2.7806
-2.5243
-3.1890
-2.7182
-2.5932
-1.9207
-2.4615
-2.7408
-2.9840
-2.7199
-3.1128
-2.9817
-3.0234
-3.2944
-2.8808
-3.0317
-2.5623
-2.6198
-2.4362
-2.0814
-2.1453
-1.9459
-1.8066
-1.3836
-1.1555
-1.2135
-1.0182
-0.5903
-0.6879
-0.4146
-0.3996
-0.1718
-0.0928
0.0492
0.3850
0.2124
0.3464
0.5380
0.4919
0.3206
0.1929
0.2035
0.1099
0.1110
0.2326
0.1716
0.2257
0.0085
-0.0691
0.1536
0.0981
0.1140
-0.1283
0.0080
-0.1960
-0.0791
-0.2850
-0.3854
-0.4614
-0.5753
-0.5135
-0.5546
-0.4323
-0.5920
-0.4642
-0.8139
-0.9896
-0.9832
-1.1669
-1.0029
-1.4126
-1.5334
-1.4194
-1.5199
-1.7738
-1.7567
-2.3354
-2.7859
-3.1359
-3.0906
-3.5193
-3.6467
-3.3159
-3.7572
-3.7805
-4.1391
-4.1512
-4.5363
-4.5365
-4.9474
-4.7335
-5.2937
-5.4663
-5.4583
-5.7253
-5.7903
-6.0553
-6.1286
-6.1136
-6.1187
-6.1981
-6.3809
-6.6662
-6.6578
-6.9852
-7.0140
-6.8999
-7.2162
-7.3974
-7.5521
-7.5199
-7.9369
-8.1513
-8.3660
-8.2721
-8.4343
-8.5548
-8.2253
-8.9391
-9.1230
-9.2445
-9.2354
-9.2429
-9.2366
-9.4350
-9.4054
-9.7656
-9.7136
-9.9443
-10.1029
-9.9688
-9.9612
-10.1802
-10.2365
-10.1225
-10.4443
-10.4637
-10.2822
-10.4702
-10.2585
-10.2735
-10.4931
-10.5880
-10.6491
-10.7237
-10.6795
-10.7103
-10.6995
-10.7649
-10.8234
-10.8506
-10.8780
-10.7255
-10.9387
-10.9368
-11.0070
-11.0218
-11.1191
-11.1320
-10.9470
-11.1072
-11.1488
-11.1209
-11.2438
-11.2925
-11.3404
-11.4087
-11.4248
-11.4940
-11.5324
-11.5529
-11.5909
-11.6375
-11.6736
-11.6456
-11.7521
-11.7907
-11.7860
-12.1033
-12.2415
-12.3538
-12.4740
-12.5243
-12.6393
-12.6808
-12.8398
-12.9169
-12.8567
-13.1411
-13.2649
-13.2895
-13.4205
-13.4606
-13.5940
-13.6856
-13.7762
-13.8610
-13.9351
-13.9566
-13.9614
-13.9213
-13.8646
-13.7805
-13.7051
-13.6234
-13.4572
-13.4446
-13.1185
-13.3847
-13.3172
-13.2732
-13.1900
-13.0850
-13.0007
-12.8885
-12.8394
-12.7669
-12.7419
-12.6941
-12.5783
-12.5856
-12.5142
-12.5143
-12.4626
-12.1238
-12.2973
-12.1951
-12.1610
-12.0715
-11.9914
-11.8828
-11.8084
-11.7022
-11.6603
-11.3658
-11.4704
-11.2529
-11.1340
-10.9309
-10.8540
-10.6807
-10.5587
-10.4185
-10.3422
-10.2319
-10.0554
-10.0076
-9.9069
-9.9742
-10.0027
-9.8028
-10.0444
-10.0177
-9.9921
-9.9261
-9.5452
-9.6976
-9.5191
-9.4493
-9.2192
-8.9664
-8.6793
-8.3274
-8.1135
-7.5483
-7.4425
-6.9776
-7.1278
-6.7599
-6.2470
-5.7554
-5.4565
-5.0755
-4.2144
-4.0989
-3.7046
-2.8017
-2.9816
-2.8545
-2.7922
-2.9265
-2.4632
-3.0225
-2.8407
-3.2714
-2.8960
-3.4378
-3.5541
-4.9383
-5.1043
-5.2085
-5.1957
-4.6827
-5.2379
-5.2826
-5.1005
-5.2871
-5.1571
-5.0596
-5.1038
-4.5452
-4.3080
-4.2399
-4.2196
-4.2281
-3.9347
-3.5348
-3.2068
-3.5406
-3.7117
-3.8965
-4.1394
-4.0397
-3.7844
-3.8241
-3.5797
-2.9981
-2.9339
-2.4124
-2.9048
-3.3704
-2.5345
-3.1582
-2.7613
-2.8391
-2.3207
-2.7491
-2.1996
-1.9831
-1.7993
-1.8623
-1.5324
-0.6121
-0.8058
-0.4207
-0.3323
0.5100
0.1478
0.5230
1.4547
1.3726
1.7829
1.9451
3.1042
2.7390
3.5082
3.5503
4.2375
4.6292
4.9312
5.8955
5.6837
6.5382
6.7890
7.1487
7.4126
7.5319
7.5990
8.0056
8.0130
8.5110
8.6506
8.6523
9.2271
9.5249
8.7352
8.5873
8.3329
7.8524
7.9266
7.7357
7.8376
8.0790
8.4108
8.1654
8.5687
8.5309
8.4392
8.8662
8.6489
8.5177
8.2126
8.2808
8.0608
7.9475
7.8406
8.3207
7.5553
7.5697
7.1673
6.9804
6.7529
6.7469
6.4422
6.3783
6.1478
6.0510
5.9655
5.9283
5.9086
5.9294
5.9158
5.9134
6.0650
5.8566
6.0040
5.7709
5.6510
5.5309
5.4624
5.2829
5.1874
4.9617
4.7954
4.6251
4.4024
4.1922
3.9705
3.7703
3.5711
3.3376
3.0622
2.7810
2.6760
2.2042
1.9305
1.6568
1.3947
1.1072
0.8555
0.5875
0.7813
0.6387
0.2368
0.1084
-0.0098
-0.1749
0.1959
-0.2284
-0.2532
0.2759
-0.0062
-0.1259
0.0546
0.5020
0.0804
0.6167
0.7640
1.0341
1.0934
1.1500
1.5703
1.5087
1.8360
1.4554
1.7282
1.5888
1.5938
1.2468
1.6381
1.8151
1.2178
1.5859
1.2807
1.3710
1.6697
1.2252
1.4145
2.1158
1.7324
1.2792
1.9275
1.4519
1.5710
1.5299
1.3589
1.9376
3.6033
2.6933
4.6633
2.3351
2.9792
3.1625
2.6936
2.8768
3.0332
1.7681
2.1343
1.5329
2.4014
2.0328
2.3549
1.4076
2.0714
1.6877
2.6462
1.8807
2.4842
1.8160
2.6077
3.0985
3.1167
2.8147
2.9385
2.6306
3.0480
3.0137
2.6044
2.5147
2.8127
2.3477
2.6309
2.3570
3.6514
2.1022
2.4327
2.1057
2.0560
1.3563
2.1363
1.2161
1.1775
0.7806
0.7089
0.7406
0.6855
-0.2545
-0.5321
-0.2220
-0.4861
-0.2989
-0.5364
-0.6854
-1.1480
-0.9522
-1.4693
-0.8880
-0.8450
-1.2687
-1.3290
-1.5435
-1.2347
-1.4568
-1.8592
-1.2659
-1.0653
-1.3533
-1.6095
-1.2227
-2.3006
-1.6586
-2.5702
-2.8373
-2.2673
-2.6069
-2.6066
-1.6983
-2.0804
-2.7582
-3.0166
-2.9235
-3.1062
-3.0202
-2.8232
-3.1202
-2.8536
-2.9465
-2.6078
-2.2081
-2.9725
-3.1537
-3.1895
-2.5366
-2.0778
-1.3487
-2.2097
-1.3608
-1.7414
-1.3673
-1.5441
-1.0756
-0.8478
-0.4183
-0.4923
0.0949
-0.4558
0.1435
0.1928
0.9838
0.9083
1.0063
1.1194
1.8413
1.3072
1.3939
2.0790
2.6962
2.3065
2.4111
2.5172
2.7098
3.3191
3.0869
3.2109
3.6541
3.5293
3.2279
3.8219
3.5953
3.8127
3.6172
4.0536
3.9641
4.5629
3.7848
3.9082
3.8293
3.8587
4.3312
4.1624
4.4302
4.6385
4.8676
4.8712
4.7220
5.2140
5.6485
6.5414
6.2177
6.9684
7.2984
8.3706
7.8344
8.9760
8.7943
9.6754
9.7351
9.9471
10.5641
10.5706
10.7424
10.6554
11.5304
11.4021
11.1599
11.4495
11.6226
11.8705
12.5273
11.2925
11.7531
11.5248
11.9663
11.8088
11.9022
12.6295
12.4985
12.4179
12.6284
13.1405
13.2770
12.7419
12.9632
12.4322
12.1723
12.3596
11.7704
12.0725
11.6952
12.3966
11.4301
11.2080
10.6195
10.3641
9.9081
9.7915
9.6668
9.4370
9.0491
8.7811
8.7898
8.9148
8.6119
8.2104
8.4011
8.4587
8.6290
8.9738
8.9905
9.6936
9.4203
9.7497
10.1971
10.1101
9.7932
9.9379
9.4074
10.0742
9.5007
9.5972
9.5924
9.4195
9.1877
9.2093
9.0217
8.7748
8.7000
8.4184
8.7747
8.5610
7.9727
8.5239
9.0886
8.1058
7.9189
7.8014
7.9988
7.5119
7.7969
7.0247
6.9129
7.4016
7.0924
6.6576
6.8825
6.3739
6.2577
6.5823
6.5272
6.7328
6.8675
7.3696
7.5499
7.5658
8.0541
7.7359
7.8808
7.9331
8.1332
8.3871
8.3409
8.3866
8.3828
8.3684
8.6393
8.9641
8.9130
8.7418
9.0908
9.0006
8.9915
8.8240
9.2784
9.0362
9.4248
9.6080
9.8569
10.1262
10.4382
10.7904
10.8569
11.8653
11.5079
11.5402
11.5765
11.8804
12.0635
12.3363
12.6411
12.6484
12.6998
12.8648
12.7709
12.8858
12.4275
12.2733
12.3909
12.0799
12.1468
11.5641
11.5780
11.0217
10.6989
10.6712
10.1875
10.1722
10.0390
10.3643
10.0662
10.5542
10.7241
10.4673
10.2029
10.5166
10.5743
10.6501
10.6804
10.6299
10.2708
10.2614
10.5230
9.9362
9.8236
9.7336
9.6827
9.6526
9.7897
9.6205
9.6910
9.7155
9.7542
9.8593
10.7340
10.2175
10.4446
10.3019
10.4380
10.4327
10.2051
9.9691
10.3753
9.5744
9.6002
9.5592
9.0374
9.1680
8.4811
8.5220
8.2194
8.1741
7.9780
7.9226
7.6963
7.3739
7.2114
7.7532
6.7045
6.5072
6.1853
5.5574
5.8005
5.3505
5.3172
5.4645
4.5653
4.4435
4.4588
4.4561
4.8769
3.6196
3.6866
3.9310
3.7136
3.4636
3.6147
3.1164
2.7953
3.2559
2.5309
2.3896
2.0724
1.4493
1.0001
0.2484
-0.1661
-0.8709
-0.8946
-1.5913
-2.5159
-2.7892
-3.4112
-4.0639
-4.3496
-4.9422
-5.0001
-5.3664
-5.4127
-5.3226
-5.8350
-5.9382
-6.1011
-6.5058
-6.8422
-6.5440
-6.8388
-6.9810
-7.2646
-7.3717
-7.4442
-8.0187
-8.1534
-8.3663
-8.8432
-8.8632
-9.0148
-8.5854
-9.0068
-9.3902
-9.5717
-9.6656
-9.8731
-10.1014
-9.9704
-10.3514
-10.3224
-10.4510
-10.1005
-10.8123
-11.0638
-11.2322
-11.4522
-11.6254
-11.8366
-12.1830
-12.3838
-12.5235
-12.7945
-12.2585
-13.0986
-12.3292
-12.9610
-12.9317
-13.0855
-13.5018
-13.4983
-13.6550
-13.6239
-13.3957
-13.5578
-12.7694
-13.0179
-13.1354
-12.6799
-12.8353
-12.4468
-12.7187
-12.6970
-12.5366
-12.3683
-12.4003
-12.0059
-12.1029
-11.9207
-11.9102
-11.7172
-11.3504
-11.5482
-11.3560
-10.6118
-10.8791
-10.7038
-10.1872
-10.3708
-10.0142
-9.7030
-9.4915
-9.4944
-9.0024
-8.8960
-8.8193
-8.4629
-8.3127
-8.0338
-7.5454
-7.6985
-7.2784
-7.4713
-7.0687
-7.1077
-7.1840
-6.9393
-6.7111
-6.6668
-6.7486
-6.6218
-6.5832
-5.8794
-6.1676
-6.1369
-6.2399
-6.1661
-5.8691
-6.1635
-5.5441
-6.1226
-5.7970
-5.8413
-5.7594
-5.4672
-5.3781
-5.5650
-5.2396
-5.2396
-5.0015
-5.0532
-4.7187
-4.4623
-4.0207
-3.9005
-3.6312
-3.4514
-3.0086
-3.1634
-2.5835
-2.5328
-2.1698
-1.6592
-1.5574
-0.7227
-0.9954
-0.3740
-0.5344
0.1950
0.5099
0.8378
0.9854
1.4831
