0.000000000000000000e+00 -1.203170065685710721e+00
1.000000000000000000e+00 -1.137626230885504963e+00
2.000000000000000000e+00 -1.742418788849082301e+00
3.000000000000000000e+00 -1.335534081123584293e+00
4.000000000000000000e+00 2.455028844328832061e-01
5.000000000000000000e+00 8.026951309922358835e-01
6.000000000000000000e+00 2.703778186899924219e+00
7.000000000000000000e+00 2.312298228913709508e+00
8.000000000000000000e+00 2.994612414173398296e+00
9.000000000000000000e+00 1.826562082120482433e+00
1.000000000000000000e+01 -6.502633944014112322e-01
1.100000000000000000e+01 -1.518085956958400207e+00
1.200000000000000000e+01 -8.087620072112663427e-01
1.300000000000000000e+01 -9.717140791181846371e-01
1.400000000000000000e+01 -3.223149299085796837e-01
1.500000000000000000e+01 -5.711594176534996459e-01
1.600000000000000000e+01 1.530603811600610431e+00
1.700000000000000000e+01 2.078405221115736001e+00
1.800000000000000000e+01 2.465933221046255674e+00
1.900000000000000000e+01 2.229044084206507126e+00
2.000000000000000000e+01 8.388392912272706337e-01
2.100000000000000000e+01 -4.044620563444715211e-01
2.200000000000000000e+01 -6.039862721126426637e-01
2.300000000000000000e+01 -1.293353556121084935e+00
2.400000000000000000e+01 -1.162765535818103046e+00
2.500000000000000000e+01 -3.528446421929066767e-01
2.600000000000000000e+01 1.875799394765168548e-01
2.700000000000000000e+01 2.051224453588551100e+00
2.800000000000000000e+01 3.399768574195886295e+00
2.900000000000000000e+01 1.681841087599887707e+00
3.000000000000000000e+01 2.065606375650068216e+00
3.100000000000000000e+01 -1.816860497948216135e-01
3.200000000000000000e+01 4.167568730228399243e-02
3.300000000000000000e+01 -9.750836961371291967e-01
3.400000000000000000e+01 -1.372297748919657945e+00
3.500000000000000000e+01 -1.123428857574769069e+00
3.600000000000000000e+01 -1.451825762162507916e+00
3.700000000000000000e+01 -3.737307507041820465e-01
3.800000000000000000e+01 1.820854578896749398e+00
3.900000000000000000e+01 3.924638553164816912e+00
4.000000000000000000e+01 4.903387464827035913e+00
4.100000000000000000e+01 1.407972627523937259e+00
4.200000000000000000e+01 8.381359576385308818e-01
4.300000000000000000e+01 -8.553481864959842085e-01
4.400000000000000000e+01 -1.586911551470819415e+00
4.500000000000000000e+01 -1.237466095866363247e+00
4.600000000000000000e+01 -1.826377233419209656e+00
4.700000000000000000e+01 -1.382794891210572086e+00
4.800000000000000000e+01 -4.490979971823525485e-01
4.900000000000000000e+01 2.100926270086645786e+00
5.000000000000000000e+01 3.286805964094277055e+00
5.100000000000000000e+01 3.632826190603024585e+00
5.200000000000000000e+01 3.345446656917309802e+00
5.300000000000000000e+01 7.737177927149321288e-01
5.400000000000000000e+01 -1.220024541965714526e+00
5.500000000000000000e+01 -1.743504680019069664e+00
5.600000000000000000e+01 -1.336827141963717214e+00
5.700000000000000000e+01 -1.861429976988048018e+00
5.800000000000000000e+01 -1.337519289613369411e+00
5.900000000000000000e+01 1.859129965055161260e-01
6.000000000000000000e+01 2.454831316174671763e+00
6.100000000000000000e+01 3.291155294407146492e+00
6.200000000000000000e+01 4.129535998018239340e+00
6.300000000000000000e+01 2.323417694899998054e+00
6.400000000000000000e+01 1.724797641744509669e+00
6.500000000000000000e+01 -1.556009210737911097e+00
6.600000000000000000e+01 -1.905826995634577692e+00
6.700000000000000000e+01 -1.551345585429465324e+00
6.800000000000000000e+01 -2.212522309689055611e+00
6.900000000000000000e+01 -1.874484740616343625e+00
7.000000000000000000e+01 1.951535879101357063e-01
7.100000000000000000e+01 3.309809294588181405e+00
7.200000000000000000e+01 4.010732563386691041e+00
7.300000000000000000e+01 2.789376873745720076e+00
7.400000000000000000e+01 2.222809754874810029e+00
7.500000000000000000e+01 1.513586575509057397e+00
7.600000000000000000e+01 -3.571524162879623487e-01
7.700000000000000000e+01 -1.962269163467798894e+00
7.800000000000000000e+01 -1.707868459221268953e+00
7.900000000000000000e+01 -2.537354619408983325e+00
8.000000000000000000e+01 -2.030700361681857746e+00
8.100000000000000000e+01 -3.154158211458040761e-01
8.200000000000000000e+01 3.562089298440026308e+00
8.300000000000000000e+01 3.835359876929635981e+00
8.400000000000000000e+01 3.338122667886903816e+00
8.500000000000000000e+01 1.447826993831283993e+00
8.600000000000000000e+01 1.488782241341651380e+00
8.700000000000000000e+01 -3.565738806043395881e-01
8.800000000000000000e+01 -1.822419580077919932e+00
8.900000000000000000e+01 -1.472446744623572723e+00
9.000000000000000000e+01 -2.174731115626143740e+00
9.100000000000000000e+01 -1.972779238618870057e+00
9.200000000000000000e+01 -6.322041930962583045e-01
9.300000000000000000e+01 2.487908745090010587e+00
9.400000000000000000e+01 4.472612613112227464e+00
9.500000000000000000e+01 3.206936977286007906e+00
9.600000000000000000e+01 2.959887934190451819e+00
9.700000000000000000e+01 1.418433960608132871e+00
9.800000000000000000e+01 -1.022275589880280666e+00
9.900000000000000000e+01 -1.077933796370207364e+00
1.000000000000000000e+02 -1.751205147453347433e+00
1.010000000000000000e+02 -1.741774587052333345e+00
1.020000000000000000e+02 -1.438805797052794766e+00
1.030000000000000000e+02 -7.834824717256136939e-01
1.040000000000000000e+02 2.351202924021095431e+00
1.050000000000000000e+02 2.311468477980660019e+00
1.060000000000000000e+02 2.987730122108806174e+00
1.070000000000000000e+02 1.128253008196527851e+00
1.080000000000000000e+02 1.886344954786645989e+00
1.090000000000000000e+02 1.267852114179048861e-01
1.100000000000000000e+02 -2.902064872360877734e-01
1.110000000000000000e+02 -8.908626626351829891e-01
1.120000000000000000e+02 -7.564922470573278712e-01
1.130000000000000000e+02 -4.224550991187576154e-01
1.140000000000000000e+02 6.054841699205275596e-01
1.150000000000000000e+02 4.389552097390886365e-01
1.160000000000000000e+02 4.906748448693690756e-01
1.170000000000000000e+02 2.475397429044455588e+00
1.180000000000000000e+02 1.284688652417892207e+00
1.190000000000000000e+02 6.415806884899222240e-02
1.200000000000000000e+02 -4.671969056674764031e-01
1.210000000000000000e+02 2.638780538524089780e-01
1.220000000000000000e+02 1.350751017195696013e-01
1.230000000000000000e+02 1.528740884920891219e+00
1.240000000000000000e+02 2.142867344100080285e+00
1.250000000000000000e+02 2.064846439297307601e+00
1.260000000000000000e+02 8.569465536695115571e-01
1.270000000000000000e+02 -1.151243003129936771e+00
1.280000000000000000e+02 -4.383378618548489092e-01
1.290000000000000000e+02 -1.896972181111699074e-01
1.300000000000000000e+02 -8.160264747279188935e-01
1.310000000000000000e+02 -2.193467277354490541e-01
1.320000000000000000e+02 -3.358319353070181590e-01
1.330000000000000000e+02 1.878093845797421224e+00
1.340000000000000000e+02 2.662074234804897355e+00
1.350000000000000000e+02 1.738714117029132478e+00
1.360000000000000000e+02 1.280573480740695658e+00
1.370000000000000000e+02 2.988587296851099029e-01
1.380000000000000000e+02 6.078210999025749350e-01
1.390000000000000000e+02 -1.549676883553660067e-01
1.400000000000000000e+02 -3.885531677369851167e-01
1.410000000000000000e+02 -1.516722796606171819e+00
1.420000000000000000e+02 -1.348889837479683163e+00
1.430000000000000000e+02 2.673516696256871272e-01
1.440000000000000000e+02 7.036750408812207924e-01
1.450000000000000000e+02 2.728094674131847253e+00
1.460000000000000000e+02 2.010287927350226767e+00
1.470000000000000000e+02 3.027479947724874165e+00
1.480000000000000000e+02 1.897937886078885139e+00
1.490000000000000000e+02 1.396921332701805962e-01
