0.000000000000000000e+00 -3.359055035902391850e-01
1.000000000000000000e+00 -4.635252453707169318e-01
2.000000000000000000e+00 -1.280102185802665993e+00
3.000000000000000000e+00 -1.828996928352061291e-01
4.000000000000000000e+00 4.074116597122150463e-01
5.000000000000000000e+00 5.699495933509395318e-01
6.000000000000000000e+00 8.353398175495736488e-01
7.000000000000000000e+00 1.313581463470969712e+00
8.000000000000000000e+00 2.810549271304712438e+00
9.000000000000000000e+00 1.189568105971874123e+00
1.000000000000000000e+01 -1.224920569957594907e-01
1.100000000000000000e+01 -9.889134444105439625e-01
1.200000000000000000e+01 -3.544946183010830865e-01
1.300000000000000000e+01 1.128159406539518961e-01
1.400000000000000000e+01 -1.024008165765744605e-01
1.500000000000000000e+01 5.094334346191903284e-01
1.600000000000000000e+01 2.265808834310700792e-01
1.700000000000000000e+01 2.315612308200636793e+00
1.800000000000000000e+01 2.055292332789139920e+00
1.900000000000000000e+01 1.918573860595682135e+00
2.000000000000000000e+01 -9.233070899060534797e-01
2.100000000000000000e+01 -6.198189037072922014e-01
2.200000000000000000e+01 -4.162639955703039130e-01
2.300000000000000000e+01 1.162305783339221965e-01
2.400000000000000000e+01 -1.506373061662540369e-01
2.500000000000000000e+01 8.637819430154036748e-02
2.600000000000000000e+01 -1.030911512927594753e-01
2.700000000000000000e+01 2.168102068164716734e+00
2.800000000000000000e+01 3.086499479369715804e+00
2.900000000000000000e+01 9.410775227325507419e-01
3.000000000000000000e+01 -4.277962937568194901e-01
3.100000000000000000e+01 9.676597965373123778e-02
3.200000000000000000e+01 1.151061725222391807e+00
3.300000000000000000e+01 1.732767420269802905e-01
3.400000000000000000e+01 8.802500781296596077e-02
3.500000000000000000e+01 -1.070165744328768431e+00
3.600000000000000000e+01 -1.022897878726690024e+00
3.700000000000000000e+01 3.148855757345871420e-01
3.800000000000000000e+01 2.483437892118004697e+00
3.900000000000000000e+01 1.349078704498326786e+00
4.000000000000000000e+01 7.523062578650271393e-01
4.100000000000000000e+01 1.467438732900205878e+00
4.200000000000000000e+01 1.867469993247801607e+00
4.300000000000000000e+01 9.555649690281364794e-02
4.400000000000000000e+01 -7.352505974987497694e-01
4.500000000000000000e+01 -4.572618653490388985e-01
4.600000000000000000e+01 -9.512295012431020158e-01
4.700000000000000000e+01 -7.283049595932222786e-01
4.800000000000000000e+01 3.991777234389158879e-01
4.900000000000000000e+01 1.756459124988285492e+00
5.000000000000000000e+01 1.545937630178603861e+00
5.100000000000000000e+01 2.144654697608245897e+00
5.200000000000000000e+01 1.865937930305304970e+00
5.300000000000000000e+01 7.308110751018137563e-01
5.400000000000000000e+01 2.827220653965113462e-01
5.500000000000000000e+01 -9.264698675981364318e-01
5.600000000000000000e+01 -8.048826036217123781e-01
5.700000000000000000e+01 -1.275429225981511205e+00
5.800000000000000000e+01 -8.445005883795010382e-01
5.900000000000000000e+01 3.431708170272085301e-01
6.000000000000000000e+01 1.218829060753562565e+00
6.100000000000000000e+01 2.089911028433293350e+00
6.200000000000000000e+01 4.886323621794696592e+00
6.300000000000000000e+01 1.723707638684773169e+00
6.400000000000000000e+01 -2.104817719888779637e-01
6.500000000000000000e+01 -3.476553148811862837e-01
6.600000000000000000e+01 -1.272987263140060277e+00
6.700000000000000000e+01 -6.957272930433581193e-01
6.800000000000000000e+01 -1.365854248675694826e+00
6.900000000000000000e+01 -1.087440092673698233e+00
7.000000000000000000e+01 2.344102049090291406e-01
7.100000000000000000e+01 8.256664000786381186e-01
7.200000000000000000e+01 4.372305196610703604e+00
7.300000000000000000e+01 2.616549286574560984e+00
7.400000000000000000e+01 2.478061660932221244e+00
7.500000000000000000e+01 2.887918778761585648e-01
7.600000000000000000e+01 -9.163978551354392543e-01
7.700000000000000000e+01 -1.195304679825303307e+00
7.800000000000000000e+01 -7.282918328818414055e-01
7.900000000000000000e+01 -1.243694497985267544e+00
8.000000000000000000e+01 -1.049926159828066252e+00
8.100000000000000000e+01 2.174750969426368363e-01
8.200000000000000000e+01 8.026825343758018372e-01
8.300000000000000000e+01 3.785481364999214282e+00
8.400000000000000000e+01 3.494501780446746420e+00
8.500000000000000000e+01 1.056759668094296778e+00
8.600000000000000000e+01 8.352736832908307374e-01
8.700000000000000000e+01 -7.018621444703334600e-01
8.800000000000000000e+01 -9.806880501317588594e-01
8.900000000000000000e+01 -6.203865841577292928e-01
9.000000000000000000e+01 -1.252563199007948214e+00
9.100000000000000000e+01 -9.300518978235299272e-01
9.200000000000000000e+01 1.645168052535173064e-01
9.300000000000000000e+01 6.747883465981546758e-01
9.400000000000000000e+01 3.457047572346281239e+00
9.500000000000000000e+01 3.225570570180201546e+00
9.600000000000000000e+01 1.621565282903496552e+00
9.700000000000000000e+01 -2.202100084536539049e-01
9.800000000000000000e+01 -1.560485979845328552e-01
9.900000000000000000e+01 -8.257886218804237899e-01
1.000000000000000000e+02 -8.545830814351518256e-02
1.010000000000000000e+02 -5.183571572161542740e-01
1.020000000000000000e+02 -5.266060174174904684e-01
1.030000000000000000e+02 3.520623458598324262e-01
1.040000000000000000e+02 5.157462404456661931e-01
1.050000000000000000e+02 2.701433492616287069e+00
1.060000000000000000e+02 2.145881258460863972e+00
1.070000000000000000e+02 -2.378088950536338952e-02
1.080000000000000000e+02 -6.494579981972559146e-03
1.090000000000000000e+02 2.976468925882891359e-01
1.100000000000000000e+02 2.094625856590215385e-02
1.110000000000000000e+02 8.311644861188571820e-01
1.120000000000000000e+02 3.554068604853910518e-02
1.130000000000000000e+02 2.221013377094632757e-01
1.140000000000000000e+02 1.909583680067228784e+00
1.150000000000000000e+02 2.203149703755573618e+00
1.160000000000000000e+02 -5.103115643126350243e-01
1.170000000000000000e+02 -5.452111510743234968e-01
1.180000000000000000e+02 -9.901835372695908521e-01
1.190000000000000000e+02 1.146194292391504721e-01
1.200000000000000000e+02 6.365035344220080216e-01
1.210000000000000000e+02 6.189917981969760286e-01
1.220000000000000000e+02 9.160138527631800365e-01
1.230000000000000000e+02 2.046804402776646992e+00
1.240000000000000000e+02 2.196028786484283124e+00
1.250000000000000000e+02 6.839170898033550827e-01
1.260000000000000000e+02 -6.929977292822329105e-01
1.270000000000000000e+02 -2.526334088126360733e-01
1.280000000000000000e+02 -5.612413999496566053e-01
1.290000000000000000e+02 4.192647187348335081e-01
1.300000000000000000e+02 5.407126386005544072e-01
1.310000000000000000e+02 1.805691700880205364e-01
1.320000000000000000e+02 -3.016453494034210259e-01
1.330000000000000000e+02 1.598828160715509483e+00
1.340000000000000000e+02 2.608368700014555674e+00
1.350000000000000000e+02 8.934265998795861696e-01
1.360000000000000000e+02 -4.715402287847886287e-01
1.370000000000000000e+02 8.801018870087207180e-02
1.380000000000000000e+02 5.723106989272063183e-01
1.390000000000000000e+02 1.104549202930678486e+00
1.400000000000000000e+02 5.217427252579658337e-01
1.410000000000000000e+02 -8.995157913291562668e-01
1.420000000000000000e+02 -3.225941452406608789e-01
1.430000000000000000e+02 -3.823493429248173703e-01
1.440000000000000000e+02 2.722466460335084548e+00
1.450000000000000000e+02 3.973678677923889735e-01
1.460000000000000000e+02 6.223701159894283741e-01
1.470000000000000000e+02 9.711022437933081175e-02
1.480000000000000000e+02 1.938095220105702676e+00
1.490000000000000000e+02 2.025490538951427499e+00
