0.000000000000000000e+00 8.927795797413031753e-01
1.000000000000000000e+00 -6.023410151217405417e-01
2.000000000000000000e+00 1.394922648858359926e-01
3.000000000000000000e+00 -2.505943515334224658e-01
4.000000000000000000e+00 7.007588015345735943e-01
5.000000000000000000e+00 8.524775436893040625e-01
6.000000000000000000e+00 5.868752380770216881e-01
7.000000000000000000e+00 6.082211297296041819e-01
8.000000000000000000e+00 1.979120774740995348e+00
9.000000000000000000e+00 -2.439522269404692523e-02
1.000000000000000000e+01 2.202297730158335187e-01
1.100000000000000000e+01 -9.791849544834463348e-02
1.200000000000000000e+01 -5.705202790994625683e-01
1.300000000000000000e+01 5.856983665529105210e-01
1.400000000000000000e+01 1.641164519932180710e+00
1.500000000000000000e+01 2.959826399546116038e-01
1.600000000000000000e+01 5.650067722506701973e-01
1.700000000000000000e+01 1.311010976008036621e+00
1.800000000000000000e+01 1.574241638854510406e+00
1.900000000000000000e+01 7.792002408175633388e-01
2.000000000000000000e+01 -3.017488617173527121e-01
2.100000000000000000e+01 4.800335815157663610e-02
2.200000000000000000e+01 -6.422515731377852477e-01
2.300000000000000000e+01 3.914631466813030536e-01
2.400000000000000000e+01 1.325098586037043891e+00
2.500000000000000000e+01 -1.097403736207838709e-01
2.600000000000000000e+01 4.227899092555909011e-02
2.700000000000000000e+01 3.060998237836387026e-01
2.800000000000000000e+01 2.026354442985194293e+00
2.900000000000000000e+01 9.777995281520972526e-01
3.000000000000000000e+01 1.457781932310926454e-01
3.100000000000000000e+01 5.383289676480605968e-01
3.200000000000000000e+01 -1.617022536335940286e-01
3.300000000000000000e+01 1.694542043191717529e+00
3.400000000000000000e+01 -1.765625613647472947e-01
3.500000000000000000e+01 4.207634440798730946e-01
3.600000000000000000e+01 -2.479699387987926995e-01
3.700000000000000000e+01 3.445133057209954774e-01
3.800000000000000000e+01 5.117479522603834985e-01
3.900000000000000000e+01 1.389205070045569590e+00
4.000000000000000000e+01 9.708966095130545648e-01
4.100000000000000000e+01 8.801092817779682109e-01
4.200000000000000000e+01 3.529628128465172043e-01
4.300000000000000000e+01 1.240132358794194811e-01
4.400000000000000000e+01 4.033336134739929357e-01
4.500000000000000000e+01 6.012919086800722068e-01
4.600000000000000000e+01 2.691737472064967274e-01
4.700000000000000000e+01 -6.883901552111693078e-01
4.800000000000000000e+01 2.047861162685181147e-01
4.900000000000000000e+01 1.007927700048365294e+00
5.000000000000000000e+01 1.864915831415583369e+00
5.100000000000000000e+01 9.436016770685058397e-01
5.200000000000000000e+01 6.628200839272727629e-01
5.300000000000000000e+01 6.175612816850195586e-02
5.400000000000000000e+01 1.755011791874420357e+00
5.500000000000000000e+01 -5.134485202752214761e-01
5.600000000000000000e+01 -2.465780790268581324e-01
5.700000000000000000e+01 -7.602774269855128164e-01
5.800000000000000000e+01 8.524773593343404343e-02
5.900000000000000000e+01 5.865704720212827628e-02
6.000000000000000000e+01 1.753451412337089010e+00
6.100000000000000000e+01 1.101003980064272803e+00
6.200000000000000000e+01 2.236003727465095903e+00
6.300000000000000000e+01 9.642134561639296164e-01
6.400000000000000000e+01 5.199120034526188983e-01
6.500000000000000000e+01 1.847172174606732664e-01
6.600000000000000000e+01 -6.415120399353122504e-01
6.700000000000000000e+01 -6.435958799856114076e-01
6.800000000000000000e+01 8.083820042682243745e-02
6.900000000000000000e+01 -2.912589984456270820e-01
7.000000000000000000e+01 6.883220825753151306e-01
7.100000000000000000e+01 1.509153518421002316e+00
7.200000000000000000e+01 1.633239640474421162e+00
7.300000000000000000e+01 1.590505904710622698e+00
7.400000000000000000e+01 5.952605387714436924e-01
7.500000000000000000e+01 4.355123080794678914e-01
7.600000000000000000e+01 -2.133665525581135980e-01
7.700000000000000000e+01 2.046287373011451693e-01
7.800000000000000000e+01 -4.325428905117773559e-01
7.900000000000000000e+01 1.022430124289300246e-01
8.000000000000000000e+01 1.544318720327366168e-01
8.100000000000000000e+01 4.548681816806497968e-01
8.200000000000000000e+01 1.513633696888065039e+00
8.300000000000000000e+01 1.138145743864325432e+00
8.400000000000000000e+01 8.507357603341559882e-01
8.500000000000000000e+01 6.557309432738688271e-01
8.600000000000000000e+01 6.485747577841681766e-01
8.700000000000000000e+01 5.217017456572022871e-01
8.800000000000000000e+01 2.001080567398945687e-01
8.900000000000000000e+01 -8.933702358125605869e-02
9.000000000000000000e+01 -5.817950029619712859e-01
9.100000000000000000e+01 2.817282024077405467e-01
9.200000000000000000e+01 7.294451816255076437e-02
9.300000000000000000e+01 1.312343468696105298e+00
9.400000000000000000e+01 6.465432467235779912e-01
9.500000000000000000e+01 1.332028757063956625e+00
9.600000000000000000e+01 1.286380494947402919e+00
9.700000000000000000e+01 5.620860878318888476e-01
9.800000000000000000e+01 -2.084481881766989675e-01
9.900000000000000000e+01 4.778947079090649641e-01
1.000000000000000000e+02 2.157443954237481254e-02
1.010000000000000000e+02 7.030142801456636947e-01
1.020000000000000000e+02 4.541043035759727564e-01
1.030000000000000000e+02 2.750618473073309644e-01
1.040000000000000000e+02 3.582953243312155811e-01
1.050000000000000000e+02 1.179761432427346879e+00
1.060000000000000000e+02 5.558376779587996808e-01
1.070000000000000000e+02 7.147331195533890291e-02
1.080000000000000000e+02 -5.894153358619702576e-01
1.090000000000000000e+02 6.151684176935522386e-01
1.100000000000000000e+02 1.656382497683976940e+00
1.110000000000000000e+02 9.699543993396044783e-01
1.120000000000000000e+02 6.592320971997276402e-01
1.130000000000000000e+02 6.026303834207605847e-01
1.140000000000000000e+02 1.298460883212895434e+00
1.150000000000000000e+02 6.887988357890354463e-01
1.160000000000000000e+02 -4.118257922999744025e-01
1.170000000000000000e+02 -6.300307886073415187e-01
1.180000000000000000e+02 1.345120858457150570e-01
1.190000000000000000e+02 7.295758030047684306e-01
1.200000000000000000e+02 9.200150159882253265e-01
1.210000000000000000e+02 6.490092740034758556e-01
1.220000000000000000e+02 3.533673787887945394e-01
1.230000000000000000e+02 5.254151143537619806e-01
1.240000000000000000e+02 1.965687325861690926e+00
1.250000000000000000e+02 1.311173552351302396e-01
1.260000000000000000e+02 3.540611469270917300e-01
1.270000000000000000e+02 -4.253081192140968358e-01
1.280000000000000000e+02 2.594488141941231341e-01
1.290000000000000000e+02 7.825060363841372935e-01
1.300000000000000000e+02 1.469445622417235642e+00
1.310000000000000000e+02 5.007622404223464052e-01
1.320000000000000000e+02 -2.168518338080024921e-01
1.330000000000000000e+02 2.787450740244353242e-01
1.340000000000000000e+02 1.062020815002908236e+00
1.350000000000000000e+02 7.046293350154479995e-01
1.360000000000000000e+02 8.110046653504797698e-01
1.370000000000000000e+02 -1.729885717807871925e-01
1.380000000000000000e+02 3.704200407774573822e-01
1.390000000000000000e+02 1.235181481613520704e+00
1.400000000000000000e+02 5.204742612396419110e-01
1.410000000000000000e+02 2.187787049798079475e-01
1.420000000000000000e+02 1.080723147396298600e-01
1.430000000000000000e+02 -5.185051643490281581e-01
1.440000000000000000e+02 3.264376213942967175e-01
1.450000000000000000e+02 1.392077691143839502e+00
1.460000000000000000e+02 9.231408543261029331e-01
1.470000000000000000e+02 1.415174721947708436e-01
1.480000000000000000e+02 1.455238333030314024e+00
1.490000000000000000e+02 6.389700628728379739e-01
