2.65151603
2.83110687
2.88157364
3.00222239
3.15187134
3.48154659
3.64637891
3.67640726
4.03752296
4.14952267
4.22475945
4.22113416
4.16959021
4.16015704
4.05144697
4.08919345
4.02121157
4.65705997
4.43260132
4.22799242
4.28611937
4.27172686
4.35637681
4.54038776
4.37552078
4.46889824
4.85403720
5.15700131
4.79074700
4.96053067
4.86804206
4.98988353
5.17489521
4.69337039
4.98771675
4.83673748
4.95176337
4.83984799
4.79580656
5.17361297
4.92720592
4.72176108
5.03624291
4.65160622
4.99067251
5.09911036
4.55898082
5.06139330
5.01538170
4.95630864
4.96425252
5.00113671
4.95941061
5.19460265
4.88610317
4.71243951
4.74457230
4.89147875
4.76019165
4.96079606
4.91986922
5.16298945
5.03478957
5.08358189
4.70565091
4.86244892
4.82298417
4.95605333
4.73505402
4.78697247
4.86047322
4.95560037
4.98491174
4.99974074
4.96776260
