0.2906
-0.3487
0.1107
-0.1081
1.0072
0.7114
0.1597
0.2589
0.6651
0.4843
0.3458
0.7335
0.5778
0.4130
0.7884
0.8384
0.8780
1.3489
1.3988
1.3074
1.4200
1.0008
1.5947
0.7718
0.8306
0.8260
0.5845
0.1601
0.5317
0.1768
0.5867
0.3958
0.4168
1.1581
0.8691
0.8164
1.2517
0.5990
0.6760
1.0069
0.3417
0.4593
0.6239
0.7346
0.4556
-0.2712
-0.2117
-0.3791
-0.0388
0.1156
-0.2219
-0.0578
-0.2318
0.1051
-0.5423
-0.1703
-0.7328
-0.6619
-1.3322
-0.8480
-1.1427
-0.7845
-0.7070
-0.6899
-1.0414
-1.6462
-1.5521
-1.5978
-0.9327
-0.8927
-1.2859
-1.2782
-1.0479
-0.7867
-0.7114
-0.7201
-0.5313
-0.6208
-1.1383
-1.1353
-1.1285
-0.7095
-0.7031
-0.5677
-0.5660
-0.4641
-0.7236
-0.5230
-0.4405
-0.0884
-0.2643
-0.5749
-0.6054
-0.2040
-0.5458
-0.7187
-1.2234
-0.6211
-1.3578
-0.9736
-0.7995
-0.6314
-1.2756
-1.1880
-1.3198
-1.4354
-0.6283
-1.3533
-1.2213
-1.2756
-1.5155
-1.3876
-1.8501
-1.7856
-1.2615
-1.5836
-1.5245
-1.3021
-1.5392
-1.1679
-1.3681
-1.8377
-2.0495
-1.9048
-1.8571
-1.7024
-1.9322
-1.8808
-1.9267
-1.9079
-2.0814
-2.3430
-2.0043
-2.2275
-2.0203
-2.6385
-2.6328
-2.5045
-2.7572
-2.4982
-2.5557
-2.3928
-2.1049
-2.6629
-2.4657
-2.5249
-2.4534
-2.5241
-2.6304
-2.4577
-2.3668
-2.5090
-2.4385
-2.3667
-2.1598
-1.8070
-2.2268
-2.1370
-2.1536
-2.0291
-1.5765
-1.1061
-1.7068
-1.2908
-1.4062
-1.3556
-1.5470
-1.6280
-1.6641
-1.7563
-1.7832
-1.7856
-1.3328
-1.6411
-1.5016
-1.4413
-1.2509
-1.2217
-1.0437
-0.9918
-0.4281
-0.4665
-0.8675
-0.5704
-0.6619
-0.3293
-0.4371
0.0851
-0.5185
-0.3833
-0.1868
0.1048
0.7074
1.0707
1.1287
0.6987
0.9350
1.7335
1.2794
1.1282
1.7009
0.5836
0.6930
0.6253
0.8267
1.3160
0.9538
1.0495
1.2467
1.3846
1.2554
1.6305
1.7404
1.7384
1.8020
1.7862
1.8190
2.1641
1.8818
2.2479
1.9008
2.6999
2.2285
2.7584
2.9609
2.4622
2.4713
2.8003
2.1326
2.6219
2.5197
2.5292
2.3059
2.2947
2.5512
2.6943
2.6687
2.9314
2.5613
3.2730
2.3997
2.2796
2.3509
1.9648
2.0064
2.0065
2.1904
1.8443
2.2911
1.5471
2.0686
1.5206
1.3225
1.5007
1.5978
1.1053
1.2051
1.2382
1.6867
1.6416
1.6397
2.1258
1.9957
2.4212
2.2488
2.5560
2.7988
2.7342
3.3268
3.3091
3.2382
3.3390
2.9996
3.2893
2.5316
2.3765
2.7519
3.1352
3.0055
3.4573
3.2489
2.5279
2.4791
2.4891
2.5770
2.8642
2.8383
3.1425
3.8817
3.0152
3.0126
3.1063
2.8921
2.7635
2.2491
2.1415
2.0103
2.1089
2.0156
1.7034
2.1842
1.9770
2.3090
1.8826
1.8355
2.1087
2.0805
1.9003
1.6140
1.3138
1.1144
0.8267
0.8894
0.9672
0.5586
0.4084
0.3718
0.2326
0.5189
-0.3365
-0.8194
-0.7724
-0.9508
-0.5462
-0.3764
-0.0513
-0.3659
-0.2798
0.2257
-0.1033
-0.5804
-0.8521
-0.9629
-0.6950
-1.1336
-0.8724
-1.1749
-0.4621
-1.3821
-1.3103
-0.8271
-1.6829
-1.7929
-2.1497
-1.9013
-2.0129
-1.7479
-1.4506
-1.6638
-1.6361
-1.6333
-1.6403
-1.7619
-2.0152
-2.1010
-1.7487
-2.1779
-1.9127
-1.2850
-1.9231
-1.9787
-2.0346
-2.0543
-1.8385
-1.9878
-1.2084
-1.6933
-1.2450
-1.7608
-1.1287
-1.0206
-0.9666
-0.5815
-0.6869
-0.4257
-0.5945
-0.6183
-0.4462
-0.8604
-0.9150
-0.6502
-0.6141
-0.4133
-0.4135
-0.3692
-0.7080
-0.2044
-0.0362
0.1342
0.1725
0.5840
0.2644
0.0051
0.0897
0.1156
0.0903
0.1309
0.1813
-0.0169
0.2184
0.1414
0.1823
0.5954
0.3186
0.6709
0.0974
0.0558
0.1486
0.0284
0.2404
0.6830
0.7304
0.4783
0.8861
0.8945
0.8635
0.7272
0.6718
0.4796
1.0202
0.4452
0.4969
0.3111
0.7039
0.2260
0.3242
0.3774
0.6124
0.5308
0.4984
0.7716
1.0421
0.6700
0.9387
0.7928
1.1627
1.1077
1.4097
1.3251
1.4514
1.5186
2.0128
1.7890
2.5174
2.1436
2.3060
2.1161
2.6827
2.1004
2.3699
2.1415
2.1871
1.6099
1.6712
1.6657
1.5535
1.6211
1.5417
1.4404
1.3976
1.5080
1.3209
1.6493
1.6152
1.8584
1.9493
1.8381
1.7466
1.9436
2.1562
1.5068
1.4119
1.3596
1.0502
0.7226
0.3394
-0.0026
-0.1641
-0.3086
-0.1579
-0.5367
-0.6202
-0.7566
-0.6521
-0.5394
-0.4216
-0.3182
-0.4413
-0.2805
-0.3847
-0.2440
-0.3993
-0.3717
-0.6320
-0.4732
-0.7605
-0.8184
-1.0117
-1.0307
-1.4704
-1.6761
-1.8523
-2.0151
-1.9085
-2.0529
-2.2705
-2.0640
-2.3403
-2.3148
-2.5294
-2.3280
-2.6835
-2.5181
-2.9438
-3.0110
-3.0491
-2.7958
-2.9366
-2.9224
-2.7263
-2.8708
-2.5218
-2.6322
-2.6266
-2.9113
-2.7026
-2.7681
-2.7279
-3.0623
-2.3653
-2.9841
-2.8829
-2.5115
-2.8159
-2.3306
-2.7292
-2.9729
-2.9213
-2.9315
-2.8406
-2.3348
-2.2054
-2.0923
-1.5970
-2.1683
-1.9994
-2.1376
-1.4930
-1.5808
-1.7532
-2.0223
-1.2080
-2.1707
-1.5231
-2.0818
-2.1464
-2.1629
-1.8453
-2.3271
-2.5546
-2.6287
-2.7613
-2.8921
-2.4982
-2.6328
-2.0366
-2.4729
-2.0629
-2.0321
-1.3991
-1.5107
-1.5507
-1.5187
-1.4805
-1.9919
-1.7804
-2.0545
-1.4980
-1.7767
-1.0938
-1.1998
-0.9718
-1.4885
-1.0252
-1.0770
-1.0400
-1.0950
-0.9237
-0.5502
-0.3459
-0.3695
-0.0377
0.0199
0.3590
0.8705
0.8685
0.7016
1.2596
0.9974
1.8239
1.0000
1.5306
1.2011
1.2141
1.4357
1.2168
1.5342
1.5439
1.4767
1.4718
1.0766
1.0596
0.8563
0.5669
0.4484
0.3808
0.4463
0.6450
0.4681
1.1792
1.4176
1.3901
1.4483
1.2761
1.1730
1.1872
1.0136
1.2703
1.2887
1.2564
1.0953
0.9770
0.8420
0.8409
0.6804
0.9355
0.8663
0.9676
0.8859
1.4188
1.1534
1.1277
1.1403
0.9809
1.1247
0.7965
0.7148
0.7158
1.2042
1.0235
1.4172
1.3283
1.2138
1.0794
0.6937
0.6504
0.5936
0.5532
0.5666
0.2174
-0.0557
-0.2724
-0.2798
-0.6294
-0.2652
-0.7004
-0.7770
-0.7146
-1.0095
-1.3420
-1.0708
-1.4213
-0.7868
-1.7345
-2.0158
-1.9704
-2.2804
-2.4044
-2.0376
-2.4978
-2.9355
-2.8148
-2.4837
-2.7113
-2.2136
-2.5277
-2.9848
-2.7314
-2.4881
-2.7479
-2.4789
-2.1215
-2.2609
-2.7093
-2.4888
-2.2068
-2.0684
-2.4845
-2.7703
-2.4729
-2.3179
-2.1141
-1.9714
-2.3408
-1.6846
-1.2751
-1.5233
-0.8818
-1.2307
-0.9683
-1.1460
0.0566
-0.2325
-0.2189
-0.0430
-0.3644
-0.6091
-0.0014
0.0729
0.2664
0.2202
0.5859
1.9960
1.2581
2.1589
1.8013
2.1053
1.8090
1.6574
1.8754
2.0263
2.5472
2.4664
3.0035
3.5245
2.6205
3.3673
3.0099
3.2250
3.4821
3.5868
3.1818
2.8897
2.7327
3.2704
3.3544
3.2352
4.0039
2.7772
2.8157
3.0144
2.5561
2.2147
2.1430
2.5632
2.8317
2.8723
2.0651
2.5504
2.3254
2.6623
2.2318
2.7221
1.9413
1.9150
1.4150
1.6013
1.3231
1.0471
1.1840
1.2848
1.0848
0.9323
0.6716
0.4479
0.3665
0.4932
0.3473
0.5412
0.5158
0.4679
-0.0142
0.0149
0.0353
0.2876
0.0002
-0.0796
0.1560
-0.0098
0.2504
-0.5253
-0.6608
-0.8986
-0.6253
-1.0162
-1.3511
-1.2512
-1.4939
-0.9493
-0.8801
-1.1890
-1.2375
-1.5240
-1.0454
-1.2598
-0.7784
-0.8224
-1.1782
-1.1507
-0.9283
-0.8493
-0.6032
-0.5037
-0.9496
-1.3598
-1.1513
-1.6361
-1.8305
-1.5999
-1.6036
-1.3058
-1.5040
-1.6659
-1.9570
-1.7534
-2.2321
-2.2554
-2.4500
-2.7305
-2.0577
-2.4882
-2.1943
-2.4057
-1.8820
-2.5433
-2.4859
-2.8497
-2.8900
-3.0271
-2.6072
-2.7296
-2.8718
-3.0054
-2.8483
-2.5961
-2.8958
-2.9056
-2.5977
-2.4511
-2.4158
-2.1998
-2.2587
-2.2049
-1.7324
-1.6104
-1.5777
-1.0961
-0.5425
-1.1754
-0.8425
-0.7091
-1.3081
-1.4366
-1.2736
-1.4204
-1.4766
-1.7972
-1.6983
-1.4319
-1.1907
-0.7213
-0.4221
-0.4511
-0.4923
-0.5324
-0.3032
-0.3436
-0.5290
-0.1319
-0.2964
0.2242
-0.2615
-0.1712
0.0584
-0.1906
-0.2253
-0.3085
-0.2208
0.1818
0.4422
0.3216
0.6632
0.9547
0.8809
0.8300
0.5487
0.4128
0.3553
0.2065
0.3993
-0.5263
-0.2792
-0.4250
-0.5325
-0.3694
-0.4491
-0.6859
-0.9010
-1.2119
-1.2725
-1.5679
-1.5592
-1.1979
-0.7130
-0.6297
-0.5625
-0.5594
-0.5931
-0.6554
-0.4664
-0.3917
-0.1822
-0.0485
-0.5744
-0.4485
-0.2045
-0.2212
-0.1126
0.2752
0.2151
0.2666
0.3585
0.4221
0.5542
0.9942
1.0753
1.3017
1.0526
1.5253
1.4260
1.3778
1.3663
1.6132
1.6386
2.0506
2.7429
2.0446
2.6778
2.2164
2.5749
3.1816
2.7774
2.8540
2.9593
3.4542
3.3859
4.1525
4.2846
4.4813
4.3072
4.5875
4.3428
4.7139
4.8461
5.0834
4.5072
4.3996
4.1236
4.5391
4.3727
4.6609
4.5314
4.6798
3.9584
3.8630
3.8391
3.7317
3.8037
3.7577
3.4042
3.7410
3.9880
3.6610
3.7546
4.0204
3.9691
3.9472
4.1432
4.3050
4.6765
4.3681
4.6121
4.3957
4.8035
4.4506
5.3706
4.8971
4.7956
4.9104
5.2505
4.8131
4.5740
4.7492
4.4828
4.6580
4.8705
4.4363
3.9958
4.3667
3.6880
3.6233
3.2856
2.6035
2.1212
1.7750
1.8127
1.9647
1.5810
2.1482
2.0789
1.9870
1.7883
2.2232
2.5879
2.6297
2.0867
2.8053
2.4886
1.9900
2.7774
1.9946
1.9427
1.6028
1.3784
1.2988
1.7446
2.1380
1.9304
1.5206
1.7060
1.3364
1.5460
0.8603
1.3395
0.4415
0.6186
0.1923
0.3361
0.7634
0.5809
0.3003
0.5227
0.3772
0.5538
0.1385
0.3551
0.3078
-0.1628
0.0928
-0.4225
-0.7327
-0.4383
-0.9527
-0.5117
-1.3533
-1.5886
-1.7986
-1.6942
-1.6071
-1.8681
-1.7142
-1.5360
-2.0387
-1.5339
-2.2057
-2.1690
-2.1505
-2.4198
-2.1289
-2.4632
-2.3013
-2.3106
-1.8579
-2.1689
-2.3141
-2.0723
-2.1891
-2.2045
-2.0729
-1.8003
-1.8217
-2.2229
-2.0856
-2.3239
-1.8782
-2.1206
-2.1599
-2.1175
-2.0346
-1.9726
-1.7701
-1.8997
-1.8637
-2.0476
-1.9632
-1.9386
-1.9664
-1.7266
-2.1055
-2.3872
-2.4977
-2.4064
-2.1376
-2.3063
-2.3424
-1.7256
-2.3810
-2.4028
-2.4662
-2.5405
-2.5490
-2.7382
-2.4631
-2.6698
-2.9958
-2.5555
-2.8095
-3.0784
-2.3660
-2.4875
-2.6769
-3.0312
-2.9398
-2.5831
-2.5120
-2.4270
-2.7889
-2.8736
-2.5786
-3.0380
-2.6933
-3.0392
-2.5776
-2.8409
-2.4221
-2.7612
-2.5434
-2.4540
-2.6367
-2.1339
-2.5442
-2.2411
-2.1086
-1.7803
-2.4706
-2.1141
-2.4738
-1.6891
-2.3033
-2.0416
-1.9910
-2.4482
-2.3703
-2.2396
-2.0957
-2.0230
-1.6621
-2.2829
-1.4473
-1.1620
-1.5486
-1.5341
-2.2064
-1.0540
-1.3330
-1.4624
-1.3173
-1.0358
-0.5307
-0.9188
-0.8233
-0.6882
-0.7034
0.1792
0.4222
0.6649
0.1397
0.5119
0.1816
0.5635
0.4401
0.1186
0.5761
0.6640
1.1553
0.9187
0.9417
1.5563
1.4121
1.4704
1.6828
1.1264
1.3324
1.1985
1.0130
1.0607
0.5580
0.3104
0.1682
0.3533
-0.0650
0.1314
0.0351
0.1007
-0.1805
0.0604
0.1050
-0.6407
-0.0225
-0.5227
-0.1934
-0.4250
-0.0484
-0.6314
-0.2807
-0.6482
-0.4890
-0.6168
-0.9157
-0.7537
-0.4867
-0.6088
-0.5919
-0.4310
-0.4808
0.0317
-0.4072
-0.4326
-0.8334
-0.4048
-0.4375
-0.6401
-0.4871
-0.5197
-0.5158
-0.2254
0.1752
0.1959
-0.1661
-0.5235
-0.8222
-0.6751
-0.5760
-0.4002
-0.0005
-0.1616
-0.2891
-0.1145
-0.4597
-0.2330
-0.2910
-0.3527
0.1269
0.3456
0.5473
0.3681
0.5894
0.6764
0.4260
0.4008
0.8252
0.6402
0.6806
0.8115
0.6949
0.7386
0.7829
1.0097
1.5850
1.3329
1.8814
1.6327
2.0799
2.0471
2.1680
1.9505
2.3856
2.2890
2.6352
2.4938
2.7143
3.0868
3.3937
2.9571
3.2151
3.1169
3.4467
3.6391
3.5780
3.6594
3.7327
3.8478
3.6941
3.5590
3.5231
3.4603
3.3513
3.3295
3.2362
3.3110
3.6435
3.4714
3.2127
3.1061
3.0887
3.4076
3.3462
3.2903
3.3118
3.4419
3.1550
3.5203
3.3595
3.5454
3.7813
4.1029
4.0747
3.8975
4.1676
4.0950
4.6806
4.2945
4.1289
4.1001
4.1709
4.2411
4.3259
4.4432
4.5919
4.8520
4.8561
4.7738
5.0300
5.1093
5.2501
5.1879
5.2823
5.0194
5.3893
4.8374
4.8380
4.8433
5.0672
4.8577
4.6909
4.6398
4.3976
4.3997
4.1521
4.6864
3.8904
3.8748
3.6941
3.5889
3.3491
3.3555
3.3338
3.3328
3.4807
3.1736
3.7651
3.2951
2.9814
3.2358
2.9341
2.6401
2.5461
2.4941
2.6787
2.4611
2.5907
2.2635
2.2145
2.1056
2.1284
1.4359
1.4259
1.4114
1.4380
1.2003
1.3191
1.5929
1.1118
0.9174
0.7492
0.6075
0.5873
0.5100
0.4347
0.3173
0.1762
0.1175
0.0258
0.0801
0.0072
-0.0852
-0.1237
-0.6063
-0.8927
-1.1482
-0.9804
-1.5462
-1.5350
-1.6787
-1.8120
-2.0651
-2.0845
-2.3301
-2.5062
-2.4237
-2.9049
-2.8865
-2.9552
-2.9868
-2.9665
-2.8984
-2.9312
-3.0646
-2.9493
-2.7790
-2.7421
-3.0064
-2.9440
-3.0490
-2.8666
-2.9241
-2.6508
-2.2421
-2.0976
-2.0477
-2.1907
-2.0889
-1.7952
-1.8523
-1.9404
-1.7249
-1.5419
-1.8797
-1.7045
-1.6110
-1.2935
-1.2495
-1.4795
-1.4245
-1.2321
-1.0068
-0.8053
-0.5218
-0.2759
-0.5633
-0.2808
-0.4291
-0.4060
-0.2766
-0.0842
0.2228
-0.2646
-0.1260
0.1306
0.3280
0.6618
0.9249
0.6652
1.0584
0.5652
1.0518
0.7642
0.9207
0.9223
0.9913
0.7779
0.2555
0.4941
0.2268
-0.0227
0.5271
0.0515
0.8000
0.6000
0.4483
0.4612
0.4226
0.4058
-0.1516
0.0001
-0.2719
-0.4812
-0.3920
-0.4517
-0.5090
-0.6330
-0.4964
-0.7116
-0.9131
-0.8317
-0.7095
-0.4736
-0.6765
-0.9229
-1.2143
-1.2761
-1.3634
-1.5728
-1.5094
-1.6098
-1.5049
-1.3227
-1.8274
-2.0243
-2.2332
-2.1679
-2.0219
-1.8621
-2.0662
-1.9933
-1.7461
-1.4485
-0.8173
-0.9860
-1.1767
-0.8387
-0.9667
-1.2527
-1.4627
-1.1297
-0.9107
-0.5749
-0.7239
-0.8596
-0.4225
-1.0462
-0.9999
-0.9152
-0.8461
-1.1827
-1.0509
-1.1125
-1.4387
-1.5594
-1.4388
-1.3383
-1.7469
-1.3779
-1.8122
-1.9841
-2.3230
-2.5258
-2.2985
-1.9906
-1.7646
-2.0980
-1.9707
-2.0382
-1.7153
-1.8119
-1.6895
-1.8541
-1.8320
-2.1268
-1.8567
-2.0877
-1.6874
-1.6146
-2.1773
-2.7182
-2.6691
-2.7106
-2.8143
-2.7234
-2.8951
-2.8549
-2.5608
-2.8867
-2.9564
-2.8526
-2.7594
-2.8851
-2.5980
-2.8294
-2.8355
-3.0064
-2.6918
-2.8239
-2.8835
-2.0556
-2.4297
-2.2833
-2.5968
-2.0217
-2.7180
-2.6244
-2.8519
-2.5798
-2.1533
-2.5741
-2.5822
-2.3928
-2.4451
-2.2075
-2.0250
-1.7931
-2.1910
-2.2993
-1.7486
-2.5211
-2.2118
-2.0863
-1.5026
-1.9685
-1.9690
-1.7448
-0.9897
-1.3739
-0.5521
-0.1836
-0.4586
0.1640
0.3227
-0.0099
-0.2175
-0.0550
0.1734
-0.1483
-0.3651
0.1053
0.7599
0.7901
0.3977
-0.2048
0.0389
0.0315
-0.2466
-0.2505
-0.0709
-0.3162
0.4645
0.7587
0.5892
0.4901
0.2470
0.6538
0.1674
-0.6642
-0.2296
-0.5396
0.3292
-0.4712
-0.1441
-0.1473
-0.5510
-0.3036
-0.5729
-0.6711
-0.1238
-0.5226
-0.4656
-0.4130
-0.9863
-0.1516
-1.1612
-0.5863
-1.1220
-0.5279
-1.1616
-0.8828
-0.2297
-0.7505
-1.0540
0.0485
-0.9310
-0.7032
-0.7350
-0.6267
-0.3230
-0.7461
-0.8066
-1.0317
-1.3212
-1.2534
-0.5099
-0.6557
-0.9185
-1.0081
-0.1546
-0.5791
0.0263
-1.0202
-0.4205
-0.5611
-0.7840
-0.2348
-0.5261
0.0020
-0.2555
-0.7603
-0.7132
-0.6668
-0.4262
-0.1300
-1.1672
-1.4219
-1.4634
-1.3870
-0.7021
-1.0527
-1.4431
-0.9053
-0.9226
-1.5965
-1.2176
-0.9806
-1.3917
-1.6668
-1.4251
-1.5852
-1.2078
-0.7839
-0.4460
-0.8216
-0.3686
-1.0622
-0.7155
-0.6675
-1.1361
-0.6659
-0.6049
-0.5969
-0.0130
-0.5742
-0.3535
-0.4874
-0.1201
-0.3650
-0.5278
-0.0456
-0.1885
-0.4174
-0.7410
-0.4393
-0.3058
-0.4984
-0.2293
0.0952
-0.2070
-0.1592
-0.1810
-0.2690
0.1220
0.4997
-0.2217
0.1945
0.1427
0.5338
0.1111
0.1633
0.2892
0.2696
0.6566
0.6369
0.6764
0.8881
0.8683
1.0528
0.8151
0.5844
0.5208
0.1061
0.1640
0.0783
0.1919
0.3154
0.3035
-0.1194
-0.0311
0.0536
0.1867
-0.2605
-0.0363
-0.1434
0.4188
0.2368
0.7576
0.3670
0.4774
0.3846
0.8272
0.6126
0.6285
0.3687
0.5443
0.4160
0.1608
-0.2499
-0.5411
-0.5202
-0.6514
-0.5705
-0.6379
-0.2447
-0.4210
0.1907
-0.3060
-0.2984
-0.1841
-0.6955
-0.5769
-0.9312
-0.8423
-1.0761
-1.0928
-1.1949
-0.9958
-1.1285
-1.0172
-1.1263
-0.9000
-0.8743
-0.6984
-0.8700
-0.8507
-0.1416
-0.3223
-0.4546
-0.4215
-0.8240
-0.6646
-0.9830
-0.6556
-0.5236
-0.2572
-0.5160
-0.3119
-0.7784
-1.0602
-1.0021
-1.0994
-1.3670
-1.4435
-1.3078
-1.0893
-1.3543
-1.0623
-1.0732
-0.8353
-0.2948
-0.2591
-0.0055
0.4971
0.3402
0.3309
0.4410
0.9075
1.0191
0.7345
0.1793
0.4793
-0.0968
0.0616
0.2709
0.1481
0.1683
-0.1058
0.3115
-0.0006
0.1747
-0.3009
-0.3537
-0.0461
-0.3761
-0.5405
-0.3006
-0.2595
-0.2130
0.4627
-0.2593
-0.0844
-0.0427
-0.0922
-0.1983
-0.3603
0.2870
0.3115
-0.2424
-0.5187
-0.4862
-1.1590
-1.1921
-1.3623
-1.2250
-1.5754
-1.6021
-0.9873
-1.7835
-0.8338
-1.1186
-0.8330
-1.3463
-0.4746
-0.8095
-1.1005
-1.3810
-1.7368
-1.8858
-1.8315
-1.5958
-1.7779
-1.4492
-2.1544
-2.1968
-1.8625
-1.1460
-1.2326
-1.0787
-1.7252
-1.2684
-0.8436
-1.3772
-1.0586
-1.3302
-0.4708
-0.6398
0.1029
-0.5275
-0.0629
-0.6024
-0.6036
-0.7092
-0.8059
0.0136
-0.9723
-0.7273
-0.5760
-0.5906
-0.6278
-0.6867
-0.7785
-0.5964
-0.4277
-0.6062
-0.5966
-0.6770
-0.6167
-0.6012
-0.4220
-0.2821
-0.1363
-0.2084
-0.7300
-0.6142
-0.3599
-0.9142
-0.6336
-0.9465
-0.6407
-1.0145
-0.9958
-1.3396
-1.3076
-0.9809
-0.7576
-0.8032
-0.9734
-1.1925
-1.1616
-0.9291
-0.5479
-0.2946
0.0126
0.3223
0.5161
0.4622
0.5465
0.8562
0.9613
1.4585
2.0640
1.9295
2.6947
2.4253
2.9674
3.1229
2.9901
3.3650
3.1313
3.3080
3.4283
3.0837
3.6416
3.3194
3.2873
3.6604
3.3160
3.6407
4.2761
4.3136
4.3542
4.6757
4.2235
4.5186
4.7458
4.7068
4.8386
4.9605
5.1707
5.1655
5.4681
5.1876
5.3288
5.2106
5.2370
5.0938
5.1206
4.8110
4.8232
5.2539
5.1953
5.6519
5.1465
5.6553
5.3527
5.5115
5.0709
5.1704
5.1153
4.8843
4.6889
4.8586
5.3442
5.1161
5.2678
5.2494
6.1455
6.0871
5.6248
6.0697
5.7824
5.9046
6.0291
6.3145
7.0455
6.6039
6.3463
6.2282
6.3764
6.3963
6.6372
6.4744
6.9927
6.6947
6.8030
6.0253
6.4587
6.1901
6.2968
6.4403
6.3779
5.8899
6.5811
6.0445
5.7970
5.7633
6.0144
5.5317
6.0485
6.0425
5.6400
5.1650
5.5250
4.3397
4.4046
4.0237
4.3308
4.0648
4.3652
4.0846
4.2068
3.5113
3.6136
3.3005
3.6053
3.7741
3.7316
3.9514
4.3392
3.2940
3.4525
3.4167
3.3918
3.5142
2.9875
3.2795
3.6245
2.9587
3.2228
3.1028
3.5055
3.4864
3.4761
3.1714
3.1868
2.8960
2.8290
2.8336
2.7682
3.5608
2.9942
2.6825
2.8135
2.5490
2.2844
1.8072
1.6783
1.4310
1.0817
1.0534
0.9091
0.6444
0.8480
0.8207
1.4724
1.3305
1.2070
0.9588
0.9534
1.3893
1.3711
1.5316
1.7042
1.6023
1.5827
1.6656
1.1002
1.4065
1.0281
1.0580
1.1069
0.7046
0.3230
1.1212
0.9209
0.7087
0.5963
1.0342
0.6179
0.5460
0.4739
-0.2019
-0.1003
-0.0847
0.8714
0.3869
0.2972
0.2940
-0.3575
-0.4407
-0.3702
-0.4198
-1.0974
-1.4049
-1.4178
-1.0978
-1.1590
-0.5459
-0.8812
-1.0438
-1.2858
-1.7788
-2.3918
-2.3736
-2.3283
-2.1789
-2.3071
-1.9961
-2.1611
-2.3237
-2.3775
-2.4602
-2.0533
-2.4108
-2.4800
-2.7513
-2.6692
-2.9666
-2.9209
-2.6646
-2.7307
-2.7408
-2.9754
-2.8663
-2.5745
-2.1899
-2.2606
-2.3256
-2.4975
-2.4375
-2.5493
-2.5737
-2.7667
-2.4006
-2.2412
-1.9506
-1.7585
-2.1318
-1.9875
-2.3570
-2.3313
-2.1963
-2.4172
-2.3607
-2.4257
-2.3227
-2.6439
-2.6360
-2.4036
-2.3789
-2.2934
-2.0419
-2.2735
-1.9434
-1.9883
-1.9187
-2.2534
-2.2516
-2.4337
-2.2829
-2.1633
-2.4849
-2.1256
-2.0431
-1.7472
-1.9016
-2.1891
-2.0183
-2.3277
-2.1579
-2.2835
-2.4279
-2.6670
-2.2812
-2.8334
-2.1512
-2.4974
-2.7298
-2.8155
-2.7148
-2.6903
-2.7916
-2.8942
-2.7813
-3.0327
-2.8883
-2.7504
-2.7540
-3.0203
-2.9674
-2.2047
-2.2588
-2.5402
-2.3723
-1.7800
-1.8988
-1.7291
-2.1514
-1.8188
-1.5741
-1.1761
-0.9345
-1.1538
-1.4680
-1.5210
-1.4376
-1.6360
-1.6073
-1.0800
-1.0162
-1.1111
-0.8544
-0.5671
-0.4500
-0.1164
-0.2083
-0.2530
-0.2660
-0.1436
0.3877
-0.1031
-0.3306
0.0590
-0.0564
-0.3820
-0.3739
-0.6828
-0.0481
-0.2845
-0.2680
-0.3309
-0.2216
-0.4122
-0.4756
-0.7633
-0.8957
-0.9489
-0.8377
-0.8112
-0.7905
-1.4128
-1.4454
-1.3903
-1.2877
-1.5048
-1.4294
-0.6105
-1.3459
-1.3140
-1.4927
-1.0850
-1.3671
-1.4536
-1.8807
-1.6946
-1.9272
-1.8070
-1.3009
-1.2505
-1.5854
-1.3297
-1.5736
-1.3406
-1.2432
-1.6443
-1.6727
-1.7601
-1.9164
-1.9852
-2.3049
-2.5487
-2.3655
-2.4395
-2.5706
-2.7356
-2.8368
-2.9549
-3.0334
-2.9079
-3.0159
-2.8936
-3.0746
-2.5037
-2.7712
-2.9374
-2.9596
-2.7962
-2.6773
-2.3646
-2.1217
-2.4659
-2.7618
-2.5870
-2.7814
-2.4005
-1.8352
-2.3384
-2.0408
-1.9440
-1.7464
-1.7276
-2.0550
-2.0371
-1.8378
-1.9626
-1.9357
-1.6956
-1.6838
-1.6177
-1.0109
-1.0544
-0.6224
-0.6034
-0.3566
-0.4316
0.2065
0.2445
0.3367
0.5138
0.3440
0.4062
0.3901
0.8196
0.9991
0.6435
0.5207
0.4101
0.5812
0.6083
0.1182
0.3276
0.1846
0.3276
0.3136
-0.0290
-0.0905
0.1931
-0.3938
-0.5240
-0.5423
-0.3681
-0.5244
-0.4898
-0.6297
-0.7371
-0.3588
-0.4884
-0.5394
-0.6703
-0.2410
-0.6208
-0.7027
-0.5537
-0.8887
-0.9696
-0.7343
-0.5737
-0.5917
-0.3633
-0.4202
-0.8303
-1.1491
-1.2108
-1.4914
-1.8519
-1.6821
-1.9823
-2.0777
-2.3446
-2.1821
-2.5959
-2.5884
-2.5600
-2.4565
-2.7861
-2.6749
-2.6105
-2.2504
-2.8373
-2.9880
-2.7249
-2.9451
-2.6292
-2.8915
-2.9302
-2.5832
-2.9656
-2.7605
-2.7894
-2.2770
-2.7100
-2.5426
-2.8398
-2.5990
-2.2281
-2.1696
-1.9878
-2.0485
-1.7151
-1.3894
-0.8230
-1.8610
-1.5212
-1.3351
-0.0877
-0.0907
0.3077
-0.2263
-0.2667
-0.8279
-0.5927
-0.5113
-0.8558
-0.3258
-0.4257
-0.0899
0.0195
-0.1868
0.5400
-0.1190
0.1994
-0.4897
-0.2794
0.1183
-0.8953
-1.1466
-1.2480
-1.1286
-1.4713
-1.1159
-0.9892
-1.0775
-1.1736
-0.9173
-1.1750
-1.1892
-1.3235
-2.0071
-1.9336
-1.8820
-2.2331
-1.4904
-2.2046
-1.4907
-1.5448
-1.3974
-1.4262
-1.2440
-1.6201
-1.6288
-1.2254
-1.5697
-1.5710
-1.4612
-1.6092
-1.3008
-1.5033
-1.4673
-0.7430
-0.7275
-0.6844
-0.7328
-0.3262
-0.5012
-0.3133
-0.2383
-0.0772
0.1914
-0.4107
-0.4613
-0.1783
-0.6750
-0.6658
-0.7953
-0.6896
-0.8734
-1.0080
-1.2044
-0.9933
-1.0815
-1.0654
-1.0194
-0.7163
-0.7976
-0.1407
-0.0559
-0.5039
-0.5794
-0.6028
-1.0495
-0.9007
-1.0959
-0.8889
-1.2377
-0.4531
-0.6290
-1.2584
-1.1204
-1.4358
-1.2306
-1.5416
-1.5220
-1.7122
-2.1502
-2.1087
-1.8735
-1.7878
-1.7044
-1.6398
-1.9195
-1.6979
-2.0848
-1.6394
-1.4810
-1.5376
-1.5398
-1.2482
-1.1203
-1.2475
-1.4014
-1.1763
-1.0362
-1.5673
-1.6973
-1.3253
-1.5307
-1.2091
-1.0718
-1.0705
-0.4924
-1.0195
-0.9185
-0.5245
-0.8665
-0.7256
-0.8372
-0.5810
-1.0840
-0.8085
-0.8538
-1.0965
-0.8975
-1.2390
-1.1229
-1.3938
-1.4356
-1.4777
-1.3868
-1.5647
-1.5660
-1.7666
-1.6775
-1.7873
-2.1837
-2.5125
-2.2713
-2.2680
-2.6039
-2.7748
-2.9402
-3.0395
-2.9204
-2.7411
-3.0786
-2.7259
-2.7181
-3.0134
-2.7364
-2.8757
-2.7175
-2.9971
-3.0602
-2.9446
-2.6007
-2.4972
-2.0950
-2.4660
-2.2300
-2.1374
-2.1513
-1.5451
-1.8581
-1.5219
-1.8012
-2.0355
-1.3634
-0.9403
-0.6726
-0.3126
-0.0349
0.2040
-0.2457
0.4255
0.3101
0.1774
-0.0076
0.4923
0.2063
0.6939
0.5120
0.9053
0.9277
0.8886
0.5090
0.2014
0.5690
0.6479
0.4834
0.8012
0.9053
0.5440
0.3273
0.2951
0.0717
0.8337
0.4909
1.0553
1.7520
2.0752
2.2786
2.1138
2.0527
2.4869
2.5654
2.4201
2.6097
2.6166
3.6270
3.0281
3.5848
3.5600
4.3146
3.4229
3.5811
3.4124
4.3708
3.8118
4.0870
3.6115
3.6256
3.9136
4.8045
4.3032
4.7686
4.8396
4.9292
5.4032
5.1416
5.4348
5.0055
4.4691
5.3983
6.2613
5.2072
5.3439
5.7603
5.8379
5.7421
5.4707
5.3840
6.1139
6.1417
6.4053
6.8504
6.3294
6.5323
6.5804
6.7632
6.1225
6.5549
7.0503
6.4597
6.4146
6.6323
6.2368
5.9179
6.7371
5.9050
6.0283
5.9231
5.9786
6.0155
5.2164
5.7437
5.2339
5.5469
5.1023
5.0463
5.0883
5.2999
4.9792
5.5001
4.5948
4.8437
4.9077
5.3168
5.1035
5.3915
5.5384
5.2633
4.6726
4.5763
4.5124
4.3674
4.8447
4.8111
5.1989
5.5434
5.5310
4.8914
5.3141
5.1176
5.0077
5.4189
5.9284
6.0888
6.0287
6.4568
5.8299
5.5463
5.5636
5.7702
5.5065
5.7415
5.9481
5.9282
5.4525
5.3939
5.4456
5.7646
5.9848
5.5263
5.6110
5.7659
5.9723
5.7854
5.8196
6.2154
5.7629
6.7824
6.2564
6.5250
7.2176
6.3773
6.8213
6.7585
6.3108
6.1887
6.0738
6.2620
6.5395
6.3853
5.6358
5.5137
5.6075
5.5773
5.7883
5.5790
6.1612
5.8428
6.1196
6.5875
6.2311
6.3313
6.1200
5.9835
6.0758
5.7393
5.6531
5.7315
5.9951
5.9372
6.0411
6.2973
6.0793
6.5102
6.2321
6.3589
6.0808
5.9846
5.6833
5.4249
5.0297
4.8697
4.4811
4.5960
4.0638
3.8832
3.5516
3.3233
2.8906
2.6642
2.4316
2.0921
1.6737
1.5008
1.0743
0.8969
0.5402
0.2717
-0.0576
-0.2030
-0.2291
-0.5961
-0.7633
-0.7685
-1.0558
-1.1691
-1.2807
-1.1918
-1.0429
-1.3807
-1.6098
-1.4855
-1.6178
-1.3730
-1.7271
-1.7280
-1.6576
-1.7040
-1.6812
-1.6824
-1.9463
-2.1564
-2.2027
-2.4986
-2.4216
-2.8491
-2.9309
-2.7986
-2.8199
-3.0609
-2.7733
-2.9610
-2.5325
-2.6863
-2.5841
-2.5572
-2.5527
-2.9031
-3.0068
-2.9309
-3.0359
-2.7929
-2.6078
-3.0317
-2.7974
-2.7983
-2.6257
-2.8566
-2.6663
-1.8659
-2.3753
-3.0137
-2.5265
-2.6123
-2.3592
-2.4540
-2.7729
-2.7082
-2.7689
-2.8689
-2.9370
-2.6030
-2.6829
-2.3511
-2.3497
-2.4706
-2.4981
-2.4543
-2.5418
-2.5984
-2.1027
-2.1079
-2.9591
-2.7077
-2.7705
-1.9811
-2.5330
-2.4769
-2.4776
-2.4482
-2.2030
-1.9557
-2.5986
-2.4769
-2.4878
-2.1869
-2.1806
-2.2902
-2.3756
-2.5853
-2.7449
-2.5486
-2.9414
-2.6543
-2.6475
-2.8245
-2.8644
-2.8131
-2.4259
-2.3170
-2.5965
-2.5313
-2.4828
-2.4418
-2.5401
-2.6923
-2.1559
-2.7335
-2.5824
-2.2548
-2.4035
-2.3792
-2.6549
-2.4410
-2.4514
-2.5242
-2.7825
-2.5429
-2.3522
-2.3079
-2.7948
-2.4144
-2.0931
-1.5659
-1.9999
-1.7361
-2.0199
-2.0783
-2.3745
-2.7154
-2.4596
-2.1738
-2.3697
-2.7083
-2.9580
-2.4609
-2.1407
-2.5163
-1.7640
-2.3455
-2.6352
-2.3453
-2.3218
-1.9436
-1.9868
-2.1173
-2.1807
-2.4394
-2.1667
-2.0369
-2.4199
-1.4863
-2.3023
-2.5513
-2.4297
-1.8935
-2.3875
-1.3909
-2.5498
-2.6307
-2.6557
-2.3917
-2.2481
-2.3893
-2.6914
-2.4023
-2.4831
-2.7719
-2.5411
-2.4209
-2.3370
-2.4769
-2.1967
-2.5359
-2.1142
-2.2012
-2.2344
-1.8272
-2.1370
-1.7308
-1.7555
-2.0000
-1.9425
-2.3708
-2.1670
-2.3377
-2.2955
-2.4766
-2.2936
-2.5186
-2.1573
-2.4956
-2.2414
-2.4020
-1.8028
-2.4024
-2.3635
-2.8539
-2.3551
-2.7892
-3.0030
-3.0366
-2.8432
-2.4846
-2.5128
-1.8469
-1.9785
-2.1989
-2.4292
-2.3265
-2.5150
-2.1216
-2.7744
-2.4038
-2.7353
-2.5722
-2.1925
-2.3995
-2.5755
-2.7378
-2.5731
-2.2956
-3.0792
-2.3574
-2.7781
-2.4699
-2.1757
-1.8016
-1.9979
-1.7223
-1.1970
-1.1858
-1.3995
-1.3643
-1.5853
-1.7144
-1.2897
-1.9965
-2.0706
-1.8462
-2.1971
-2.0072
-2.2267
-2.2570
-2.1432
-1.8359
-2.0136
-1.5520
-2.0653
-1.9344
-1.8122
-1.8317
-1.9592
-1.5460
-1.6788
-1.2676
-1.5480
-1.4521
-1.2625
-0.9825
-0.6656
-0.3396
-0.4838
-0.4885
-0.3732
-0.5623
-0.1900
-0.3660
0.2668
-0.2237
-0.1374
-0.3683
-0.2244
-0.3501
-0.3063
0.2519
-0.0854
-0.1931
-0.1324
-0.1830
-0.0156
0.3472
0.3807
0.6450
0.8584
1.1727
0.8475
0.5980
0.7304
0.7239
0.8443
0.9511
0.8056
0.9607
0.8218
0.7290
1.0294
0.4443
0.3183
0.3043
0.2295
0.0934
-0.0264
-0.0418
-0.0230
0.2336
0.1559
0.3209
0.3076
0.5228
0.3835
0.4706
0.3701
0.4177
0.2633
0.2745
0.0291
0.2245
0.0735
-0.0602
-0.1698
-0.1725
-0.2438
-0.1749
0.0597
-0.0559
-0.0877
0.1379
0.2542
0.1793
-0.3102
-0.3331
-0.1459
-0.1400
-0.0034
0.1657
-0.3758
-0.5309
-0.6511
-0.7627
-1.0933
-0.9937
-1.3407
-1.3141
-1.3253
-1.6114
-1.5021
-1.4483
-1.3792
-1.4582
-1.3797
-1.6430
-1.4416
-1.4870
-1.4415
-1.6073
-1.6891
-1.8437
-1.9082
-1.7593
-1.7606
-1.5607
-1.5329
-0.7852
-1.3602
-0.8694
-1.3135
-1.3514
-1.3344
-1.2787
-0.9101
-0.9325
-0.8248
-0.4587
-0.7530
-0.7537
-0.8579
-0.7915
-1.1547
-1.0676
-1.4721
-1.3554
-1.4106
-1.4426
-1.8836
-1.9121
-1.9345
-1.6869
-1.6851
-1.9676
-1.8554
-2.0074
-1.8487
-1.9698
-1.9609
-1.8083
-2.0627
-2.0946
-1.9819
-2.2683
-2.4025
-2.5197
-2.6670
-2.5968
-2.8931
-2.9822
-3.0567
-2.9420
-3.0150
-2.8068
-2.9426
-2.9573
-2.8894
-2.9847
-3.0111
-2.7883
-2.9111
-3.0229
-2.8275
-2.9867
-2.8082
-2.8976
-2.8118
-2.5074
-2.6965
-2.8388
-2.9452
-2.8219
-3.0211
-2.8120
-2.6796
-2.7328
-2.7143
-2.9097
-2.5927
-2.4353
-2.6608
-2.5186
-3.0777
-2.8322
-2.4976
-2.9671
-2.7158
-2.8047
-2.8668
-2.7527
-2.3434
-2.6339
-2.6629
-2.7756
-2.6510
-2.5844
-2.7185
-2.4210
-2.4685
-2.5136
-2.5288
-2.3987
-2.3184
-2.3051
-2.3462
-2.6859
-2.6130
-2.6363
-2.6850
-2.9557
-2.5507
-2.2949
-2.5183
-2.5073
-2.3213
-2.4004
-2.3886
-2.3434
-1.7456
-2.4125
-2.2663
-2.4204
-1.7505
-2.2018
-1.7445
-2.0356
-2.4583
-2.3340
-2.4952
-2.5617
-2.3531
-1.8661
-1.6029
-1.6899
-1.4054
-1.5086
-1.5037
-1.9715
-1.4843
-1.7937
-1.9188
-1.1936
-1.4229
-1.0331
-1.8114
-1.2590
-1.4915
-1.3783
-1.3553
-0.6610
-1.0564
-0.9718
-0.9467
-0.5132
-0.9015
-0.2685
-0.8195
-1.1037
-0.6863
-1.1361
-1.0950
-1.3234
-1.3695
-1.1341
-1.5321
-1.8162
-1.8525
-1.9293
-1.7296
-1.6187
-1.5621
-1.4750
-2.5598
-2.4293
-2.3854
-2.1853
-2.3418
-2.1983
-1.9065
-2.2034
-1.7953
-1.8198
-1.0980
-1.1516
-0.9469
-1.3456
-1.3469
-1.4014
-0.9712
-1.1473
-1.7421
-1.3701
-2.3566
-2.6093
-2.7781
-1.9137
-2.5322
-1.7751
-1.8820
-1.6452
-1.7093
-1.1894
-0.7801
-1.3466
-1.2832
-1.2109
-1.0211
-1.1012
-0.7207
-0.7082
-0.8882
-0.5507
-0.3204
-0.2621
-0.3716
0.0641
-0.2131
0.0659
-0.2209
0.0048
0.0889
0.1044
0.1887
0.6013
0.6801
0.8401
0.7480
1.5934
0.6901
1.0069
1.0413
1.0311
1.4354
1.1893
1.3612
1.7493
2.0787
2.0599
2.4313
1.9031
1.6245
1.4623
1.7502
1.9695
2.2773
2.0493
3.0653
2.6164
2.3533
2.4722
2.0998
2.3828
2.4492
2.3485
1.9069
1.8756
1.7597
1.3200
1.6911
1.1720
1.9070
2.2390
2.4454
1.9160
2.8394
1.8662
2.2946
2.2709
1.6623
1.3231
1.5495
1.2731
1.2651
1.1700
1.5232
2.0237
1.9368
1.8904
1.9674
1.4334
1.3064
1.7678
1.4451
1.5248
1.6526
1.8464
2.7216
2.6417
2.4979
2.6421
2.0594
2.0650
1.6339
1.9465
2.0714
2.2129
1.8986
1.8807
1.5041
1.5398
1.5499
1.5852
2.3958
1.8419
2.1981
3.2508
2.4757
2.1364
2.6950
2.2804
2.3998
2.4295
2.0763
2.3161
2.4535
2.1615
2.7234
2.2227
2.5021
2.5298
2.2284
1.7966
2.3842
1.8605
2.2004
2.2240
2.4391
2.6955
2.8710
3.2260
3.1134
3.5396
3.3810
3.8209
4.2360
4.3515
4.5537
3.7275
3.7105
3.8231
3.8811
3.9202
3.5849
4.4035
3.6832
3.9432
3.8979
4.1727
4.0431
3.9067
3.9837
3.6211
3.5526
3.1085
3.2925
2.4403
2.3977
2.4601
2.5404
2.4190
2.5111
2.3770
1.9104
1.9864
1.5722
1.4794
1.6667
1.7149
1.6701
1.3585
1.2347
0.7708
0.4934
0.5738
0.5445
0.3708
0.0520
0.3869
0.0612
-0.1761
-0.4706
-0.3254
-0.5062
0.1871
-0.4949
-0.4226
-0.5784
-0.2887
-0.6429
-0.2120
-0.1215
-0.7048
-1.0636
-0.7821
-0.8087
-1.2313
-0.9850
-1.3439
-1.1300
-1.4661
-0.9183
-0.9082
-0.3695
-0.5809
-0.5400
-0.3497
-0.5698
-0.6957
-1.1941
-1.2299
-0.9478
-1.6098
-1.3705
-1.6953
-1.6082
-1.4189
-1.5449
-1.6243
-1.3072
-1.0835
-1.3351
-1.1325
-0.6831
-0.1952
-0.2208
-0.2845
0.0945
0.0695
0.3960
0.8371
0.4544
0.8130
0.9649
0.7721
0.6455
0.4319
0.5477
0.4026
0.7324
0.7224
1.1122
1.3286
1.3371
1.6128
2.0347
2.5203
2.6498
3.1081
3.2765
3.6809
4.0335
4.6338
4.2089
4.1658
4.7314
4.3746
4.5420
4.7193
4.8948
4.9613
5.4146
5.5224
5.5111
5.6133
5.3348
5.5861
5.2426
5.1457
4.8978
5.1764
4.8376
4.7664
4.4288
4.5063
4.4324
4.5546
4.4200
4.5899
4.4799
4.9954
4.3219
4.7102
4.4431
4.5134
4.6110
4.6465
4.2784
4.3354
4.1210
4.0044
4.3151
3.9194
3.6057
3.3218
3.1749
2.9810
2.7510
2.5476
2.1073
2.1535
2.2102
1.7551
1.4089
1.5342
1.4813
1.9001
1.4744
1.5641
1.0946
0.7835
0.5606
0.5541
0.5015
0.1381
-0.1637
0.0193
-0.5354
-0.5562
-0.1239
-0.8521
-0.6062
-0.8112
-1.1012
-0.9998
-1.1991
-1.4083
-1.4393
-1.2102
-1.2354
-1.3531
-1.4839
-1.4701
-1.4047
-1.4646
-1.1694
-1.2785
-1.4766
-1.5280
-1.4484
-1.4948
-1.4100
-1.1963
-1.3890
-1.3548
-1.1796
-1.3934
-1.2418
-1.0600
-1.0757
-1.0159
-0.6024
-0.7240
-0.5870
-0.5513
-0.4690
-0.3339
-0.1165
-0.2441
-0.0261
0.2130
-0.1696
0.3894
-0.1266
0.0237
-0.1885
-0.0617
-0.0016
0.2710
0.4099
0.4308
0.0623
0.3959
0.2401
0.3073
0.3449
0.4195
0.3651
0.4568
0.5269
0.3890
0.3109
0.1483
-0.2169
0.0486
-0.3436
-0.4893
-0.6434
-0.8792
-1.0262
-0.9367
-1.0996
-0.6155
-1.0775
-1.2579
-1.2744
-1.4517
-1.4013
-1.5569
-1.5849
-1.2376
-1.4106
-1.5111
-1.7599
-1.8540
-2.1701
-2.3656
-2.4992
-2.7432
-2.7533
-3.0635
-2.7931
-2.7769
-2.9752
-2.7353
-3.0758
-2.7597
-3.0647
-2.9076
-2.7417
-3.0487
-2.9594
-2.8644
-2.9600
-2.2077
-2.7113
-2.2335
-2.2878
-2.0555
-1.8859
-2.0350
-2.2906
-2.1562
-2.3150
-2.0555
-2.2921
-2.3233
-1.9882
-2.1809
-2.5391
-1.6999
-2.2714
-1.5297
-1.7220
-1.4688
-1.3720
-1.1442
-0.9310
-0.9516
-1.1417
-1.1222
-1.3629
-1.2822
-1.4477
-1.5259
-1.2257
-1.1005
-1.1067
-0.9324
-1.1667
-1.1739
-1.0966
-0.9943
-1.0589
-1.1625
-0.8534
-0.7301
-0.9600
-0.8787
-0.4575
-0.9002
-0.8063
-0.3933
-1.2116
-1.2882
-1.7787
-1.8376
-1.3278
-1.9550
-1.5059
-1.8017
-1.4188
-1.7971
-1.8335
-1.4043
-1.7154
-1.3884
-1.5957
-2.2068
-1.2408
-2.2506
-1.4117
-1.9732
-2.0528
-1.9583
-2.1966
-2.3562
-2.0715
-1.9132
-1.9693
-1.5744
-1.6339
-1.7366
-1.7990
-1.4330
-1.8014
-1.6927
-2.1705
-1.9754
-1.7558
-2.0004
-2.3425
-1.9782
-1.8847
-2.0172
-2.4785
-2.3452
-2.3908
-1.8658
-2.4356
-2.3486
-2.2690
-2.6024
-2.3982
-2.3764
-2.5020
-2.7178
-2.1724
-1.4943
-1.8557
-1.5116
-1.1471
-1.7076
-1.3752
-1.1058
-1.2366
-1.6032
-1.4144
-1.3026
-1.1794
-1.0118
-0.4246
-0.6042
-0.1694
-0.6465
-0.1578
-0.3296
0.1634
-0.1485
0.2394
0.2834
0.9640
0.7425
0.9458
0.9331
0.9524
1.1554
2.0195
1.7240
1.7495
1.6090
2.3119
3.1974
2.6360
2.8578
2.6661
3.2163
2.6586
2.9062
3.3142
2.7557
2.8453
2.5006
2.0178
2.1993
2.3284
2.0546
1.7917
2.0962
1.6498
1.3442
1.6536
1.7514
1.4792
1.6512
1.0285
1.3742
1.5984
1.1782
1.3788
0.7959
1.1067
1.4939
0.7763
1.3287
0.7693
1.1270
0.5126
0.7266
0.9881
0.6250
0.8389
0.7144
0.0368
-0.0830
-0.1145
0.0085
-0.9671
-0.5672
-0.2521
-0.2805
-0.3574
0.1719
-0.2040
0.0323
0.2089
-0.8763
-0.6882
-0.7509
-1.2813
-1.1547
-1.1543
-1.4400
-1.0611
-1.2509
-1.2745
-1.6892
-1.6589
-2.1442
-1.7550
-1.6231
-1.6055
-1.8026
-2.1443
-1.3181
-1.3839
-1.5809
-1.2881
-1.2602
-1.4246
-0.9077
-1.0406
-1.1971
-1.0559
-1.4656
-1.0717
-1.2765
-1.4459
-0.4216
-1.5093
-1.0070
-1.2280
-1.4142
-1.0284
-0.9688
-0.8392
-0.7967
-0.4714
-1.1094
-1.0460
-1.1225
-0.8860
-0.4994
-0.3247
-0.4113
-0.3640
-0.6226
-0.4063
-0.5067
-0.3160
0.3324
-0.1042
-0.0013
0.4346
0.4522
0.8012
1.5619
1.4879
2.1329
1.1948
1.4292
1.0962
1.3205
0.7145
0.9597
1.3433
1.0766
1.1295
1.4467
1.1757
1.2623
1.8097
2.0028
2.4932
2.2446
2.8002
2.4187
2.3707
2.2200
2.6111
2.1843
2.9911
2.6627
2.5236
2.5435
2.3473
2.5591
2.5809
2.3441
2.6842
2.3938
2.3454
2.0061
1.8263
1.8312
2.1737
2.4234
2.0591
2.4235
2.2893
2.4582
2.5374
2.5556
2.5794
2.8054
2.2806
2.6677
2.5736
2.6318
2.6660
2.3818
2.4652
2.0899
2.0608
2.0143
2.1235
1.7823
1.8316
1.5986
1.8265
1.6637
1.4557
1.2920
1.3410
1.5460
1.2497
1.2069
0.7488
0.8485
0.7982
0.6525
0.5390
0.5187
0.3806
0.5484
0.3127
0.0123
0.0557
0.3237
-0.1356
-0.3244
-0.3879
-0.4349
-0.2072
-0.1174
-0.3680
0.0074
0.0010
-0.0207
0.1820
-0.3237
-0.2053
-0.4717
-0.4490
-0.4054
-0.3572
-0.4281
-0.2795
0.0017
-0.7865
-0.8205
-0.8789
-0.8436
-0.1211
-0.2843
-0.3988
-0.3718
-0.2699
-0.9116
-0.7702
-1.1786
-0.6807
-1.0802
-1.1549
-0.8730
-1.0903
-0.8775
-0.7908
-0.7731
-0.8510
-0.8649
-1.1995
-1.2396
-0.9128
-0.7897
-1.3910
-1.0641
-1.3215
-0.5138
-1.2929
-0.9769
-1.0598
-1.6249
-1.8655
-1.7795
-1.4764
-2.1394
-2.2699
-2.5730
-2.6479
-2.8378
-2.7368
-2.9087
-2.2542
-2.6064
-2.6317
-2.3698
-2.5724
-2.2455
-2.6774
-2.3137
-2.4535
-2.2218
-2.2901
-2.6661
-3.0129
-2.6454
-2.1397
-2.6894
-2.9162
-2.3595
-2.9855
-2.2160
-2.8236
-2.7007
-2.4392
-2.5928
-2.3148
-2.4846
-2.5975
-2.5071
-2.5179
-1.7212
-2.4325
-2.3174
-2.5270
-1.8629
-2.6370
-2.2022
-2.0443
-0.9802
-1.5601
-0.8779
-1.2887
-0.8893
-1.0803
-0.6367
-1.1106
-0.9035
-0.7150
-0.8877
-0.6742
-0.3555
-0.8248
-0.7759
-0.6237
-0.9979
-0.3261
-0.8286
-0.6915
-0.8162
0.0886
-0.1123
0.0493
0.0570
0.2265
0.1472
0.6516
0.6667
0.3916
0.3592
-0.2350
-0.5230
-0.3418
-0.6949
-0.4140
-0.4363
0.1184
-0.0209
-0.3644
-0.2540
0.0074
-0.5525
-0.2995
-0.8524
-0.9082
-0.9962
-0.6205
-0.3406
-0.4636
-0.2475
-0.4012
-0.7900
-1.0988
-0.9293
-1.4195
-1.3823
-1.3634
-1.5981
-1.6819
-1.5320
-1.2015
-1.1255
-1.2161
-1.2359
-1.3004
-1.3453
-1.5811
-1.4378
-1.5592
-1.3618
-0.9537
-1.2388
-1.2845
-1.6060
-1.4746
-1.5551
-1.2466
-1.0836
-0.7538
-0.5089
-0.2034
-0.2274
-0.3552
-0.2086
-0.3065
-0.3152
-0.5324
-0.6228
-0.3857
-0.7542
0.0244
-0.3839
-0.6366
-0.7416
-0.6321
-0.3012
-0.3191
-0.0873
0.0388
0.2320
0.7072
0.8326
0.8977
1.5425
1.0375
1.2789
1.5217
1.3508
1.3834
1.7646
1.4704
1.9281
1.7035
1.3015
1.5031
1.3157
1.4967
2.1206
1.6180
1.4432
1.5475
1.4583
1.3099
1.7445
0.9589
0.8804
1.2008
0.9556
1.6098
1.2370
1.5562
1.0225
0.9255
0.9874
0.5373
0.7810
0.9582
1.0075
1.1185
0.8507
0.5827
0.8139
0.9696
0.3474
1.1755
0.6928
0.8492
1.0540
0.9888
1.0557
1.1469
0.9850
0.6043
0.5488
0.6121
0.6155
0.2780
