1.4390
1.4815
1.3605
1.7932
1.9846
1.0408
1.0273
0.5058
0.6269
1.0478
0.9838
1.0847
0.7565
0.8688
1.2148
1.2062
0.9035
1.0960
1.5335
2.0675
1.5260
0.9837
1.0055
0.7218
0.6537
0.7712
0.5749
0.4544
0.6358
0.1524
0.3768
0.5762
0.5204
0.5011
0.5667
0.5596
0.3217
0.2477
-0.0130
0.0843
0.0327
-0.1096
-0.0522
-0.1302
0.0837
-0.1029
-0.0605
-0.3005
-0.2866
0.0173
-0.4510
-0.3370
-0.1722
-0.5770
-0.6484
-0.5969
-0.6243
-0.6467
-0.6928
-0.7822
-0.7651
-0.7561
-0.7874
-0.6073
-0.9893
-1.0465
-1.2815
-1.0309
-1.5096
-1.5351
-1.7540
-1.7606
-1.6181
-1.5433
-1.4586
-1.5161
-1.4077
-1.5740
-1.6803
-1.7072
-1.6167
-1.6985
-1.8781
-1.9219
-1.9815
-1.7097
-2.0810
-1.7543
-2.0623
-1.8103
-1.5628
-1.6222
-1.1389
-1.4666
-1.4085
-1.6511
-1.9172
-1.9184
-1.6762
-1.4230
-1.7080
-1.8193
-1.8122
-1.8395
-2.2082
-2.2901
-1.9809
-2.1481
-2.1428
-1.9698
-1.9072
-1.9181
-2.0744
-1.8944
-2.0151
-2.3344
-2.3457
-2.4076
-2.3901
-2.4270
-2.4905
-2.4807
-2.7767
-2.6801
-2.9285
-2.7359
-3.0461
-2.9170
-2.9485
-3.0085
-2.8768
-2.7269
-2.9574
-2.8512
-2.8841
-2.8492
-2.8278
-2.5485
-2.9638
-2.6203
-2.0859
-2.6098
-2.7583
-3.0794
-2.4727
-2.7907
-2.8444
-2.4666
-2.8481
-2.8492
-2.4142
-2.7900
-2.3559
-2.3884
-2.1215
-1.7829
-1.8148
-2.2090
-1.4927
-2.2061
-2.2136
-1.8786
-1.9765
-1.8285
-1.5338
-1.5297
-1.2977
-1.8269
-1.4118
-1.1210
-1.6566
-1.7915
-1.1591
-1.4698
-1.3827
-1.6754
-1.3237
-1.7236
-1.6438
-1.7590
-1.5091
-1.5760
-1.7412
-1.2244
-0.8492
-0.5837
-0.8826
-0.6939
-0.7352
0.2590
-0.1949
0.4714
-0.1130
-0.1094
-0.2035
-0.1942
-0.3916
-0.0724
-0.1119
-0.2290
-0.4011
-0.0045
-0.1240
-0.6398
-0.5168
0.1898
-0.0875
-0.2069
-0.3761
-0.2526
0.3813
0.6846
0.5631
-0.2305
0.1434
0.3283
0.3907
0.8334
0.2773
0.2247
0.3301
0.1507
0.3984
0.2787
-0.0033
0.1154
1.2878
0.4573
0.8442
0.7383
0.9471
0.6986
0.4929
0.9667
1.0196
0.8350
0.7395
0.5334
-0.0572
0.7713
-0.1389
0.0108
-0.2655
-0.0300
-0.0053
-0.2596
-0.1519
-0.0536
0.2134
0.1883
0.8561
0.1301
0.2763
-0.0059
-0.0262
0.4418
0.7535
0.1259
0.2633
0.3567
0.4434
0.5026
0.4167
0.3178
0.7355
0.6443
1.5276
1.5269
1.8463
1.4206
1.6162
1.7900
1.7258
2.0775
1.5070
1.6089
2.0461
2.0335
2.3001
2.4804
2.1817
2.2446
1.9411
2.3357
2.6707
2.0641
2.2658
2.6172
2.9693
2.9234
3.0079
3.4162
2.8766
3.2639
2.8592
2.2856
2.3842
2.9709
2.7558
3.2834
3.4402
2.5608
3.0775
2.5968
2.7766
2.3640
2.2732
2.3123
2.2252
2.0645
1.7663
1.2455
1.0930
1.1214
1.3701
1.3649
1.2832
1.5355
1.0323
1.2843
0.9662
1.2336
1.1380
0.7074
1.1637
0.4749
0.6499
0.6974
0.3329
0.3455
0.5400
0.1135
-0.1682
-0.0341
0.0742
-0.0583
0.1489
-0.0598
-0.4164
-0.3163
0.0550
-0.4246
-0.1968
-0.4692
-0.2596
-0.3491
-0.3002
-0.1467
-0.1126
-0.2606
-0.2334
-0.5051
-0.7244
-0.9037
-0.8722
-0.8848
-0.6582
-0.3649
-0.2891
-0.2716
0.3325
-0.0090
-0.0488
-0.1937
-0.3074
0.2392
0.0765
0.4231
0.5658
0.7677
0.7707
1.2403
1.2259
1.1504
1.2499
1.1174
1.0686
1.0409
0.9622
0.8415
0.9018
0.9545
1.0673
1.0550
1.2528
1.3512
1.7036
1.6248
1.4006
1.6406
1.8644
2.5877
2.1692
2.1030
2.1377
2.0874
2.0437
2.3095
2.2370
1.9047
1.6427
2.0233
1.9704
2.4229
2.0011
2.2417
2.0161
2.0778
2.5201
2.7119
2.5392
2.3816
2.4063
2.3228
2.2479
2.2858
2.2056
2.1501
2.1310
2.2833
2.1610
2.5098
2.5712
2.3840
2.7299
2.0538
2.4774
2.2288
2.3622
2.5184
2.1853
2.2674
2.0785
2.5945
2.8630
2.5172
2.8849
2.8077
2.7895
2.9036
2.6713
3.1395
2.9950
3.1348
3.1136
3.2657
2.8368
2.8900
2.5281
1.9192
1.6498
1.9108
1.4175
1.3186
1.4002
0.9415
0.7450
0.4353
0.4348
0.4762
0.2641
0.6079
0.6570
0.2671
-0.0911
-0.3522
-0.1862
-0.2074
-0.3395
-0.5649
-0.0315
-0.3143
0.0047
-0.4528
-0.1383
-0.6958
-0.9373
-1.2769
-1.3550
-1.2363
-1.4962
-1.2979
-1.1031
-1.2449
-1.0287
-1.1740
-1.3696
-1.5649
-1.0512
-1.6487
-1.2002
-1.2911
-1.1346
-1.3155
-1.2284
-1.2871
-1.6586
-2.0084
-1.9354
-2.0077
-1.1721
-2.0055
-1.8255
-1.7958
-1.7509
-1.8393
-2.2852
-2.5034
-2.4100
-2.3234
-2.0609
-2.1551
-1.5939
-2.2993
-2.1757
-1.5704
-1.9920
-2.1388
-2.0223
-2.0172
-1.7244
-1.8210
-1.5295
-1.6058
-1.3691
-1.3601
-1.6385
-1.7487
-1.9136
-1.9888
-1.8807
-2.0005
-1.9508
-2.3777
-2.1482
-2.3573
-1.7626
-2.2745
-2.6411
-2.5066
-2.8529
-2.8182
-2.7032
-2.7505
-2.6127
-2.0414
-2.2579
-2.5100
-2.4388
-2.2946
-2.5487
-2.7759
-2.9227
-2.8593
-2.5718
-2.6977
-2.6677
-2.7121
-2.5468
-3.0013
-2.4342
-2.4771
-2.1423
-2.4893
-2.6873
-2.7115
-2.8505
-2.8045
-2.1003
-2.8532
-2.6501
-2.1680
-2.4692
-2.1547
-2.6314
-1.9658
-2.3517
-2.2733
-1.9665
-2.0802
-2.2810
-2.2405
-2.1104
-2.4476
-1.9819
-2.3189
-2.4747
-1.7247
-2.6407
-2.5731
-2.7473
-2.4677
-2.1161
-2.0715
-1.7623
-1.5911
-2.2051
-2.1673
-2.0935
-2.5704
-1.7711
-1.0831
-0.8593
0.2508
-0.9061
0.1252
-1.0568
0.5267
-0.5571
-0.6663
-0.3133
-0.0458
-0.2226
-0.5789
-0.1812
-0.0485
0.0068
-0.0924
0.4361
0.7969
1.1143
0.7490
0.2000
0.6084
1.0806
0.4615
1.7196
0.5965
0.3904
0.9086
0.5155
1.0257
1.7087
1.8220
1.3825
1.3189
0.8650
1.7730
0.8730
1.4471
1.1471
1.9161
1.6290
2.3418
2.2758
2.5201
2.1644
2.3131
2.3997
1.8111
1.7212
1.7702
1.5466
1.6473
1.4926
1.4486
1.2544
1.3409
1.0878
0.6245
0.8853
0.5210
0.7340
0.9877
1.7255
1.3368
1.3668
1.7788
1.7324
1.2726
1.0732
1.1304
1.3830
1.2512
1.0535
1.1167
1.1397
0.9276
0.6089
0.4743
0.6174
0.4762
0.5323
0.6585
0.4614
0.4320
0.2409
0.2984
0.1186
-0.0347
0.0881
0.1662
-0.0240
0.0904
-0.2480
-0.2566
-0.3737
-0.3717
-0.1062
-0.2758
-0.2062
0.1779
0.0058
0.5850
0.1768
0.3233
0.7506
0.8174
0.6559
0.7768
0.6835
0.7638
0.7308
0.7965
0.4373
0.6472
0.5749
1.4310
1.1197
1.4358
1.3255
1.4062
1.3976
1.8097
1.5825
2.0114
2.2379
2.1489
2.4109
2.5922
2.5403
2.6677
3.1227
3.0260
2.9673
2.9417
3.0104
3.3470
3.0102
3.3213
3.0205
3.2094
3.0510
3.0069
3.3328
2.9124
2.7856
2.7627
3.0397
3.1730
3.1412
3.1896
3.1001
2.8124
2.6472
2.5448
2.4803
2.7092
2.1096
1.9224
1.7951
2.2987
1.5461
1.6701
1.1557
1.4821
1.0482
1.2024
0.9101
1.2520
1.5673
1.5891
1.5792
1.7345
1.6314
1.1066
1.2228
0.6038
0.8075
0.4836
0.0823
-0.0157
0.0875
0.0555
-0.0019
0.3495
0.2589
0.1771
0.5855
0.2272
0.8860
0.6965
0.3289
0.3466
-0.1842
-0.4031
-0.2936
-0.7985
-0.5061
-0.7468
-0.7328
-0.8634
-0.7339
-0.5658
-0.8023
-0.8371
-0.8469
-0.7640
-0.4127
-0.7289
-0.7782
-0.7118
-0.7286
-0.9195
-0.6509
-0.9737
-0.9931
-0.9313
-0.7163
-1.0898
-1.0103
-1.5220
-1.7549
-1.6299
-1.8296
-1.9977
-2.1315
-2.1551
-2.2186
-2.0414
-1.9065
-1.9600
-2.3117
-2.3193
-2.4846
-2.7257
-2.5995
-2.4456
-2.2608
-2.2076
-2.4116
-2.0626
-2.1975
-2.2282
-2.1753
-2.3023
-2.4775
-2.0793
-2.4110
-2.3127
-2.1362
-1.9547
-2.1404
-1.5267
-1.4132
-1.4820
-1.1574
-0.9728
-0.7047
-0.9880
-0.5736
-1.1002
-0.9575
-0.9894
-1.1956
-0.9535
-0.9394
-1.1272
-1.1331
-1.0353
-1.3182
-0.9857
-1.4135
-1.3512
-1.2112
-1.1354
-1.4332
-1.4111
-1.4819
-1.4629
-0.7956
-1.2126
-1.3007
-1.5870
-1.2994
-1.5721
-1.3882
-1.4865
-1.1835
-1.4490
-1.3905
-1.7804
-1.8544
-1.7029
-1.5407
-1.3350
-1.4293
-1.3807
-1.2801
-1.5229
-0.8733
-1.6196
-1.6641
-1.1972
-1.4418
-1.5883
-1.4329
-1.6829
-1.3698
-1.6022
-1.5937
-1.0793
-0.7545
-0.9430
-0.4126
-0.6234
-0.6226
-0.7563
-0.5604
-0.4127
-0.3085
-0.6929
-0.2409
-0.6893
-0.4595
-0.3943
-0.4901
0.1194
0.1658
-0.0492
0.4445
0.3033
0.9145
0.2247
0.2292
0.1668
0.6601
0.3178
0.5101
0.3535
0.9690
0.8142
0.5362
1.0427
1.0987
1.8801
1.3363
1.8866
1.8648
2.1657
2.4828
2.2492
2.8854
2.9754
2.6326
2.9449
2.6847
3.2321
2.9148
3.5597
3.2616
3.2123
3.4595
4.1049
3.7618
3.4530
3.1956
3.1985
3.1038
3.3958
3.7345
3.6362
3.3028
3.6690
3.3791
3.4573
2.7514
2.6290
2.5486
2.8946
3.2043
3.1665
3.0981
3.0467
3.0106
2.5581
2.7359
2.3281
2.1282
2.3153
2.1626
2.3414
2.0846
2.3706
2.4967
2.6620
2.9097
2.9570
2.8423
2.8218
2.9753
3.0016
3.2446
3.4737
2.9732
2.9452
2.8196
2.2997
2.1892
1.7647
1.1374
1.0178
1.0059
1.1910
1.1258
0.5389
0.4716
0.1233
-0.0637
-0.4392
0.0143
-0.2072
-0.2870
-0.5071
-0.6681
0.2673
0.3802
-0.1346
-0.6965
0.7583
-0.2013
0.3574
0.0159
0.2044
-0.1493
-0.1797
-0.5131
-0.2646
0.0220
-0.0461
-0.8109
-0.6251
-0.6445
-0.6081
0.7630
0.2527
-0.4161
-0.6082
-0.7088
-0.8224
0.1984
0.0236
0.3670
-0.5808
-0.5447
-0.4425
-0.0667
-0.4762
-0.6773
-0.4239
-0.5458
-0.5203
-0.6573
-0.9559
-0.6742
-0.3045
-0.8869
-0.8672
-0.6496
-0.4619
-0.6240
-0.4623
-0.7137
-0.4397
-0.7235
-0.7076
-0.4459
-0.9734
-0.7314
-0.5958
-0.5404
-0.5417
-0.3807
-0.0446
-0.1789
-0.3737
-0.3235
-0.4450
-0.2514
0.0473
-0.1733
-0.1820
0.2786
-0.3862
-0.1108
0.1284
0.1317
0.1228
0.2533
0.0399
0.4170
0.0282
0.0450
0.2031
0.0663
-0.1298
0.1610
-0.1609
-0.2267
-0.4223
-0.5936
-0.2707
-0.6226
-0.5150
-0.2618
0.1310
0.1924
-0.0527
0.3764
-0.2664
-0.0993
-0.1636
0.6258
-0.1177
0.2108
-0.3362
-0.6179
-0.6128
-0.4628
-0.5093
-1.1558
-1.1723
-1.0756
-1.0420
-0.7741
-0.9289
-0.8330
-0.7395
-0.7501
-0.7092
-1.1233
-1.2223
-1.5533
-1.5734
-1.6400
-2.0426
-1.7270
-2.0249
-1.9864
-2.0103
-1.8863
-1.8827
-1.2312
-1.5801
-1.3850
-1.7012
-1.4870
-1.7353
-1.6498
-1.4462
-1.4169
-1.5162
-1.5670
-1.0095
-1.8814
-1.9119
-1.8436
-2.0022
-2.0591
-1.6599
-2.0122
-2.2675
-2.1489
-1.9904
-1.8752
-1.9746
-1.9348
-1.9143
-2.3877
-2.6088
-2.6228
-2.3184
-2.6520
-2.2300
-2.4663
-2.2073
-2.4479
-2.0522
-2.5840
-2.4023
-2.4155
-2.1753
-2.1955
-2.0396
-2.0113
-1.8109
-1.6938
-1.4139
-1.3609
-1.3416
-1.4058
-1.4350
-1.3014
-1.1739
-1.0198
-0.8938
-0.8429
-0.6252
-0.5419
-0.4310
-0.6707
-0.2279
-0.9264
-0.8305
-0.9330
-0.8613
-0.8652
-0.4415
-0.6703
-0.7631
-0.6456
-0.5364
-0.3486
-0.7978
-0.8721
-0.8338
-0.5733
-0.8275
-0.6684
-0.9185
-0.7706
-0.7215
-0.7876
-0.8776
-0.7370
-0.6257
-0.5236
-0.3341
0.1025
0.1921
0.2182
0.2579
0.0204
0.2976
0.3019
-0.0078
-0.5039
-0.4794
-0.6361
-0.2437
-0.3237
0.0119
-0.2321
-0.4979
-0.9640
-0.1537
0.1596
0.2060
-0.0448
0.7340
0.4828
0.3949
0.3384
0.5387
0.7011
1.4488
1.5491
1.5184
2.1121
2.4898
2.0978
2.2279
2.2335
1.8214
2.5753
2.1325
2.2905
2.5883
2.1996
2.6325
2.9036
3.0694
2.9948
3.0990
3.0349
4.1250
3.4749
3.9295
3.9835
4.0110
4.1479
3.8507
4.1158
3.8552
4.5032
4.0599
4.7502
4.4403
4.9770
5.0294
5.1448
4.9864
4.5103
4.4567
4.6864
4.7898
4.4630
4.2143
4.6851
4.9194
4.4168
4.1728
4.2373
4.0788
4.5031
4.0593
3.9044
3.8490
4.1563
3.9413
3.9698
4.1675
4.1046
4.0761
3.8863
3.7066
3.5249
3.8015
3.7816
3.6629
3.9259
4.2129
3.8553
4.5817
4.7267
5.0170
4.7982
4.7647
4.7536
4.6815
5.1255
4.9580
5.2562
5.2945
4.6216
5.3601
5.1098
6.0132
6.0572
5.9191
5.8520
5.1985
5.6422
5.1360
5.0273
5.2661
4.7382
4.5782
4.9384
4.6944
4.6810
4.4555
4.6490
3.8344
3.7831
3.4102
3.1818
3.1148
3.1589
3.2087
3.2063
3.4234
2.7001
2.9037
2.4964
2.7869
2.2923
2.7111
2.4243
2.1773
2.1987
2.2059
2.2082
1.9567
1.9131
1.7540
1.7531
1.6744
1.5625
1.6304
1.6214
1.6796
1.8283
1.2466
1.3578
1.6408
1.4278
0.9291
0.6533
0.8845
0.8225
1.0132
0.6983
0.7567
0.5110
0.2902
0.2328
0.3586
-0.1386
-0.0104
-0.2404
-0.3938
-0.3103
-0.6108
-0.6322
-0.5827
-1.0532
-1.2244
-1.4060
-1.0982
-1.4063
-1.1680
-1.3503
-1.3991
-1.2355
-0.6904
-1.0199
-1.1250
-1.3166
-1.7388
-1.4224
-1.5947
-1.5258
-1.3524
-1.1751
-1.0328
-1.4957
-1.6515
-1.0125
-1.1011
-1.0230
-0.8591
-0.0863
-0.3410
-0.1379
-0.4389
-0.4001
-0.7167
-0.8134
-0.6996
-0.8044
-0.5821
-1.0774
-1.1780
-1.1359
-1.3142
-1.2171
-1.3059
-0.9594
-1.4981
-1.3301
-1.8547
-1.8032
-1.9245
-2.1274
-2.0395
-2.3490
-2.3962
-2.5358
-2.4731
-2.6992
-2.8962
-2.4242
-3.0034
-2.8246
-2.9354
-2.8015
-2.8615
-2.7674
-2.9402
-2.5588
-2.7000
-2.7679
-3.0762
-2.6109
-2.7298
-2.7245
-2.5693
-2.0974
-2.6412
-2.1161
-2.4670
-2.3278
-2.2503
-2.4309
-2.7056
-2.7987
-2.5312
-2.4903
-2.4964
-1.5662
-2.0939
-2.6101
-2.3677
-2.0269
-1.7588
-1.6438
-1.9876
-1.3395
-2.0794
-1.6684
-2.4783
-2.1726
-2.4574
-2.6380
-2.8295
-2.8433
-2.7437
-2.6262
-2.7008
-2.5315
-3.0031
-2.6600
-2.4118
-2.9146
-2.3181
-2.6138
-2.4865
-2.0604
-2.0867
-2.1772
-1.7887
-1.5757
-1.1944
-1.7633
-0.9482
-1.0639
-0.6608
-1.0434
-0.3680
-0.9135
-0.8943
-1.4754
-1.8343
-1.7456
-1.8564
-1.4420
-1.1851
-0.9746
-1.6582
-1.1766
-1.5142
-1.4427
-1.6661
-1.7620
-1.8679
-1.5557
-1.7274
-0.9996
-1.2920
-1.3055
-0.9570
-1.1522
-1.0821
-0.7222
-0.9134
-0.4034
-0.5953
-0.9246
-0.9232
-1.0046
-0.6772
-0.9989
-0.5908
-0.8760
-0.9993
-1.0317
-1.2517
-0.9969
-1.6208
-1.3143
-1.5322
-1.4490
-1.3356
-0.7942
-0.7755
-0.6093
-1.3681
-1.4873
-1.2164
-1.3282
-1.8340
-1.9549
-1.4045
-1.6126
-0.7481
-1.1141
-0.4998
-0.5708
-0.4979
0.0069
-0.4336
-0.6438
-0.4939
-0.7482
-0.5751
-0.3565
-0.5527
-0.1944
0.1396
-0.1505
0.2533
0.5333
0.4310
0.4049
0.7740
0.7459
0.3165
0.7536
0.4439
0.8818
0.5623
0.5864
0.2915
0.5486
0.8462
0.9947
1.2849
1.7161
1.8747
1.7721
1.8554
2.3230
1.6365
1.7566
1.4342
1.8377
1.8480
1.8994
2.0174
1.8672
1.6900
1.2625
1.2406
1.2041
0.8941
1.6633
0.9583
1.1690
1.2834
1.4201
1.2314
1.3992
1.3157
1.3718
1.5442
1.5509
1.0709
1.0675
0.8793
1.3181
0.8030
0.8512
0.6209
0.8913
0.4269
0.3958
0.3187
0.2129
0.3724
0.6665
0.4881
0.1440
0.0264
0.2855
0.7719
0.6151
0.3477
0.7436
0.3752
0.5747
0.2742
0.3631
0.0158
0.3735
-0.2783
-0.0153
0.0668
-0.3696
-0.3705
-0.3809
-0.3637
-0.0815
-0.1295
0.0106
0.4219
0.4153
0.3157
0.4723
0.4942
0.4863
0.8394
0.5863
0.7618
1.2410
0.6164
0.3721
-0.2213
-0.3742
-0.6129
-0.6997
-0.8464
-0.4297
-0.1460
0.0866
-0.3920
0.2631
0.0195
-0.0897
0.5541
0.3295
0.3000
0.0050
0.1666
0.1278
0.1943
0.3405
0.1455
0.3794
0.3299
0.4526
0.4462
0.6714
0.6084
0.6440
0.6394
0.6393
0.6684
0.5816
0.9296
0.1978
0.3981
0.1336
0.0421
0.0351
-0.1637
-0.0274
-0.3816
-0.4434
-0.2008
-0.4318
-0.1872
-0.3572
-0.2789
-0.5866
-0.2604
-0.1930
-0.2390
0.1079
-0.5679
-0.3872
-0.1414
-0.4703
-0.3192
-0.6121
-0.5104
-0.5049
-0.6069
-0.7061
-0.4670
-0.7164
-0.5579
-0.7272
-0.9420
-0.9757
-1.1922
-1.1876
-1.2491
-1.3578
-0.8118
-1.2192
-0.5549
-1.1123
-1.2553
-1.1243
-1.3311
-1.3617
-1.5412
-1.6109
-1.3913
-1.3022
-1.4151
-1.5493
-1.4969
-1.3163
-1.5120
-1.3319
-1.5149
-1.4065
-1.4618
-1.3777
-1.2281
-1.1048
-1.4928
-1.3222
-1.6938
-1.8039
-1.8499
-2.0478
-2.1560
-2.2858
-2.1308
-2.2243
-2.5086
-2.7325
-2.9324
-3.0793
-2.6985
-2.9634
-2.8469
-2.9546
-2.7882
-2.9172
-2.5035
-2.9631
-2.9160
-2.5125
-2.8081
-2.9932
-2.9056
-2.7132
-2.6943
-2.6035
-2.8260
-2.6931
-2.4925
-2.7633
-2.7067
-2.6550
-2.9979
-2.4050
-3.0207
-2.4794
-2.9290
-2.8840
-2.7034
-2.8998
-2.3116
-2.0893
-2.4616
-2.5629
-2.8320
-2.6457
-1.9509
-2.3425
-2.3330
-2.1298
-2.2671
-2.2691
-1.8953
-2.3211
-1.6947
-2.2295
-1.4218
-1.8197
-1.5681
-1.8717
-1.9174
-1.8638
-1.9008
-1.6832
-1.6653
-1.5718
-1.4437
-1.5082
-1.4821
-0.5945
-1.1774
-1.3148
-1.1307
-1.3497
-1.3590
-0.9569
-1.4346
-1.3083
-1.5475
-1.2629
-1.1606
-1.3622
-1.2564
-1.3037
-1.2264
-1.4239
-1.5778
-1.6505
-1.7027
-1.7262
-1.6717
-1.8665
-1.7615
-1.5465
-1.6000
-1.7733
-1.3456
-1.7123
-1.3839
-1.8431
-1.7396
-1.6753
-1.8712
-1.5064
-1.8063
-2.0654
-2.0593
-2.0921
-2.1191
-2.0576
-2.2333
-1.7336
-2.0916
-1.6657
-1.9181
-1.7606
-1.3941
-1.4886
-1.3897
-1.1328
-1.1892
-0.9309
-0.8262
-0.8399
-0.9315
-1.1641
-1.3836
-1.9181
-1.4941
-0.8229
-1.1607
-1.3548
-0.6911
-1.2871
-0.8750
-1.0634
-0.5802
-1.2702
-1.2588
-1.1768
-1.2321
-0.5147
-0.1979
-0.6558
-1.0011
-0.3237
-0.7328
-0.4314
-0.5801
-0.4068
-0.0495
0.3241
0.1291
0.1186
0.2332
-0.1192
0.3612
0.2627
-0.3309
-0.3992
-0.4286
-0.0056
0.2127
-0.2189
0.2139
0.2453
0.0508
0.3159
0.4254
0.7885
0.3034
0.3128
0.6746
0.8168
1.0462
1.2933
1.4282
1.6393
0.9858
1.2290
0.7659
1.4069
1.6524
1.6770
2.2426
1.9511
2.2601
2.1635
2.6501
2.1699
2.3227
2.4120
2.5463
3.3193
3.6586
3.1129
3.0208
2.1323
2.1668
2.4364
3.1928
2.7247
3.2400
3.1106
3.9868
4.0913
4.5856
3.9410
4.5884
4.0599
5.5420
3.6243
3.7199
3.0174
2.9826
2.6419
2.5889
3.1300
3.3327
4.3932
3.8435
4.3929
3.4700
3.9099
3.7661
3.6828
3.2217
3.1670
4.3534
4.2413
3.7552
3.2753
3.3151
3.9399
3.4550
3.5734
4.5408
3.2211
3.8549
3.5676
4.0137
4.9491
5.6754
4.3113
5.0003
4.7610
4.5514
4.7933
4.8011
4.5491
4.8315
4.5729
4.7766
4.9926
5.1841
5.3636
5.6644
5.7076
5.9343
6.8913
5.8744
6.3746
5.7358
6.0850
5.8735
5.7169
5.6740
5.0689
4.7100
4.5393
4.6140
4.5384
5.2449
4.5194
5.4668
5.2911
5.7131
5.0963
5.4957
5.3460
5.5703
5.0831
5.9317
4.9421
4.9651
5.3497
4.8114
5.0703
5.4310
5.5136
6.2093
5.5722
5.7902
5.8971
5.3658
6.2841
5.2995
5.4134
4.9545
4.9058
5.1221
5.2544
4.3345
4.5214
4.0382
3.8980
3.9292
4.3356
3.8911
4.1902
4.2543
3.7369
3.2797
3.0659
3.1652
2.7731
2.7561
2.4679
2.7871
2.3934
2.3726
2.8391
2.7162
2.4371
2.6568
2.6122
2.0472
1.9126
1.8291
2.0818
2.0607
1.9553
2.1006
2.1569
1.9702
2.0092
1.8743
1.7732
1.6265
1.5400
1.4998
1.3876
1.3478
1.4437
1.8489
2.0228
1.3904
1.4195
1.1716
1.6714
1.2497
1.4361
1.0874
0.9789
1.1490
1.2330
0.8945
0.7632
1.2246
0.5825
0.3712
0.3912
0.3407
0.0819
-0.0858
0.0172
-0.1038
0.1161
-0.1439
-0.2417
-0.1818
-0.8844
-0.8459
-1.0087
-1.2453
-1.1777
-1.5207
-1.5850
-1.7373
-1.9117
-1.9012
-2.1165
-1.9100
-2.1790
-1.8508
-1.9351
-2.2116
-2.4713
-2.0528
-2.6092
-2.6445
-2.8950
-3.0196
-2.9120
-2.9672
-3.0011
-3.0115
-2.9933
-2.9609
-2.8752
-2.6038
-3.0448
-2.8084
-2.9765
-3.0809
-2.5163
-2.9826
-2.9626
-2.4024
-2.6314
-2.5142
-2.8898
-2.9371
-2.9178
-2.9791
-2.8558
-2.6705
-2.6758
-2.6054
-2.7027
-3.0805
-2.8055
-3.0462
-2.9944
-2.8654
-2.8459
-2.4752
-2.7760
-2.9334
-2.5329
-2.9586
-2.9756
-2.7024
-3.0179
-2.6564
-2.8955
-2.7964
-2.8509
-2.5194
-3.0005
-2.8370
-2.2987
-2.7385
-2.5589
-2.7792
-2.3108
-2.3162
-2.4206
-2.2734
-2.6630
-2.8248
-2.5681
-2.9510
-2.8955
-2.9936
-2.9278
-2.7525
-2.7601
-2.7757
-2.6755
-2.4658
-2.5294
-2.4922
-2.4519
-2.6696
-2.6493
-2.2912
-2.5065
-2.4073
-1.9993
-1.9899
-1.8926
-1.3275
-1.8443
-1.8332
-2.1123
-2.1589
-1.9851
-1.9631
-1.2990
-1.7284
-1.4126
-1.0560
-0.9012
-0.9324
-1.1669
-0.6548
-1.2602
-0.8420
-0.9665
-1.1358
-1.5363
-1.4664
-1.4074
-1.4265
-1.2333
-1.4885
-1.1994
-1.2415
-1.3016
-1.1452
-1.4725
-1.2160
-1.4399
-1.7207
-1.5179
-1.7523
-2.1628
-2.1279
-2.3370
-2.1806
-1.8456
-2.2472
-2.3813
-2.4902
-2.5042
-2.4959
-2.6602
-2.6239
-2.7178
-2.8612
-2.2207
-2.6903
-2.4535
-2.2663
-2.0710
-2.5257
-2.6337
-2.6109
-2.7245
-2.4434
-2.8145
-2.7290
-2.7556
-2.6922
-2.5076
-2.7793
-2.5963
-2.7314
-2.4112
-2.4374
-2.1580
-2.0946
-1.9631
-2.0854
-2.1325
-2.3571
-2.2488
-2.1721
-2.2992
-2.1825
-1.9629
-1.9615
-2.0184
-1.5783
-1.1058
-1.2929
-1.5540
-0.6534
-0.8799
-1.0139
-0.4438
-0.7034
-0.6847
-0.5287
-0.7288
-0.0123
-0.4495
-0.7908
-0.3284
-0.6278
-0.7834
-0.1633
-0.1295
-0.4029
-0.3260
-0.2085
-0.2454
0.3231
0.2281
0.5645
0.6223
0.9145
1.6274
1.1593
1.3869
1.6690
1.1984
1.5742
1.9353
1.7265
1.8811
1.9353
2.2670
2.1307
2.5731
1.7460
1.9369
1.8174
1.9350
1.4326
1.4331
1.2955
1.2504
1.5746
1.1589
1.1933
0.9017
0.7666
0.7040
0.6059
0.7070
1.0074
1.0284
0.9705
0.7806
0.8894
0.6075
1.0780
0.3063
0.5702
0.3938
0.6424
0.8332
0.6992
0.5222
0.3905
0.5649
0.2711
0.6028
0.6437
0.6474
0.4510
0.4397
0.4258
0.0815
0.1047
-0.4053
0.0689
-0.0726
-0.5159
-0.4993
-0.3473
-0.4874
-0.2205
-0.4157
-0.4688
-0.6516
-0.8553
-0.7260
-0.8627
-0.5726
-0.9900
-0.7610
-1.0068
-1.0837
-1.3144
-1.2072
-1.2130
-1.3031
-1.5142
-1.7563
-1.2886
-1.2790
-1.5988
-1.5343
-1.3980
-1.2277
-1.5463
-1.1993
-1.3612
-0.9581
-1.2680
-1.0215
-0.7753
-0.5115
-0.7293
-1.0203
-0.7637
-0.7105
-0.4173
-0.6208
-0.0953
-0.4516
0.0789
-0.4412
0.2633
-0.4601
-0.1885
-0.6742
-0.4917
-0.4288
-0.4039
-1.0586
-1.4034
-1.2997
-1.7039
-1.6602
-1.6124
-1.5534
-1.1949
-1.4485
-1.0880
-0.8052
-1.1639
-0.7468
-0.7680
-0.7265
-0.6584
-0.6258
-0.8904
-1.1830
-1.2862
-1.0921
-1.1713
-0.9559
-0.6720
-0.4418
-0.2252
-0.1284
0.1474
-0.0438
0.1442
0.0571
-0.1660
-0.2436
0.0024
-0.1632
-0.1296
0.0577
0.0935
0.3092
0.3972
0.6616
0.5025
0.5861
0.7461
0.8499
0.7025
0.5885
0.4600
0.2202
0.3338
0.4554
0.5560
0.8624
0.5728
0.8020
0.3095
0.3176
0.0997
0.3492
0.0423
0.4819
-0.0092
-0.0280
-0.1748
-0.1195
-0.4553
-0.3472
-0.7428
-0.8021
-0.7964
-0.9086
-0.7307
-0.4689
-0.9430
-0.6578
-1.0751
-0.9564
-0.8587
-1.0331
-1.2511
-1.3073
-0.9835
-1.6882
-1.2507
-1.4454
-1.1879
-1.5154
-1.3635
-0.9819
-0.7365
-1.0414
-1.1691
-1.3519
-1.3099
-1.2811
-1.3164
-1.3391
-0.9125
-0.9337
-0.9611
-0.9018
-0.4092
0.0180
-0.2092
-0.1654
-0.3019
0.0079
0.3428
0.9081
0.6932
0.5118
0.6670
0.7769
0.6831
0.9142
1.0881
0.9099
0.6122
0.8296
0.5973
0.0959
0.0104
-0.0440
0.0688
-0.0879
-0.1297
-0.2261
-0.3472
-0.6898
-0.3264
-0.6272
-0.7049
-0.8433
-0.7146
-0.5743
-1.0156
-1.0775
-1.2653
-1.2066
-1.6685
-2.3522
-2.4612
-2.2866
-2.1146
-1.8004
-2.0415
-1.9575
-2.1859
-2.1474
-1.5733
-2.0553
-2.2959
-2.2604
-2.2533
-2.5104
-2.5712
-2.5964
-2.4649
-2.2710
-2.4897
-2.7416
-2.5925
-2.8244
-2.2748
-2.8178
-2.4142
-2.6405
-2.8016
-2.3733
-2.3836
-2.2690
-1.9947
-2.3440
-1.9406
-1.8915
-1.5727
-0.9460
-1.1989
-0.6599
-1.2204
-0.9165
-1.2338
-1.5011
-0.4576
-1.3996
-1.4336
-1.2337
-1.0517
-1.2213
-1.2475
-1.3583
-1.1536
-1.0203
-1.0371
-0.3938
-0.0612
0.4825
-0.1936
0.2960
0.8442
0.3814
-0.0228
-0.3030
-0.2112
0.0833
0.2513
0.5273
0.5770
0.6384
0.5227
0.8375
0.8212
0.7842
0.8895
0.5764
0.6462
0.9314
0.8546
1.2653
1.3111
1.7459
1.4759
1.5345
1.5491
2.1637
1.9706
1.9880
1.6118
1.7282
1.6963
1.5311
1.7534
1.5558
1.9976
1.4382
1.5674
1.5983
1.5368
1.6549
1.7117
1.4560
1.7096
1.3891
1.3191
1.6574
1.8561
2.0289
1.8129
1.9416
1.6890
1.4045
1.0049
1.5222
0.7935
0.7500
0.5201
0.8443
1.0321
1.4217
1.5466
1.9565
1.4818
1.0953
1.3796
1.2978
1.4374
0.8368
1.2623
0.6102
0.3286
0.4078
0.2654
0.6116
1.0629
0.5873
1.6820
1.2640
1.8739
1.3010
1.6265
1.9210
1.6764
1.7280
2.0198
2.5020
1.7997
2.0584
2.7288
1.8602
1.9249
1.5040
2.2500
1.7042
2.7448
2.7572
2.5840
2.5933
2.1236
1.9765
2.4286
1.9794
2.6910
2.8194
3.1152
2.7247
2.9826
3.1834
2.5706
2.7361
2.4042
2.5506
2.5077
2.6163
1.8504
1.7319
2.3105
2.3545
2.6448
2.3711
2.6167
2.2909
2.1683
2.8605
2.6597
3.2983
3.7371
3.7219
3.8641
3.6207
3.2165
2.8279
2.5171
2.6074
2.1670
2.5178
2.6917
3.1102
2.8510
3.7530
3.5013
3.5795
3.4918
3.6381
3.5895
3.1148
3.6499
3.5898
3.9773
3.7061
3.7723
4.3451
3.8960
3.8926
3.4970
3.4466
3.5391
3.6226
3.5637
3.5393
3.7822
3.6898
3.6087
3.5305
4.0066
3.0638
2.4054
2.2970
2.3280
2.3770
1.9960
2.2758
1.9898
2.5203
2.6227
1.3839
1.7680
1.8480
1.2580
1.0690
1.0848
1.4939
1.3013
1.5840
1.1196
1.2417
1.1940
1.0582
0.7659
1.4544
1.2360
0.8743
1.3023
0.8750
0.7552
1.1015
1.3513
0.9444
1.2283
1.7255
1.0183
1.0421
0.9873
0.9558
1.1068
0.4465
0.7335
0.6194
0.9863
0.6516
1.1756
0.4030
0.6810
0.8094
0.9930
1.0510
0.8551
0.8409
0.8519
0.8829
0.7491
1.1397
1.0664
1.0345
0.6665
0.7143
0.9229
1.0272
0.3837
0.4173
0.5447
0.3221
0.0340
0.4931
-0.0490
0.1753
-0.1672
0.0532
-0.2426
-0.1521
0.0275
-0.1220
-0.0967
-0.1539
-0.4674
-0.2894
-0.7812
-0.9999
-0.9314
-0.8497
-0.7992
-1.0975
-1.2103
-1.0479
-1.5401
-1.4730
-1.8412
-1.8087
-2.0748
-2.0107
-2.1001
-2.0664
-1.6968
-1.8802
-1.6160
-2.0662
-2.0964
-1.9663
-2.1375
-1.6948
-2.3346
-2.7129
-2.6000
-2.6866
-2.9082
-2.8935
-2.9378
-2.5651
-2.9302
-3.0457
-2.9777
-2.8355
-2.9222
-2.6126
-2.6895
-2.6898
-2.7705
-2.7114
-3.0223
-2.8178
-2.8622
-2.5720
-2.7451
-2.9210
-3.0816
-2.5379
-2.5456
-2.7957
-2.6508
-2.6910
-2.6980
-2.8851
-2.9088
-2.7395
-2.8858
-2.9148
-2.7389
-2.9646
-2.6262
-3.0070
-2.5825
-2.9050
-2.8225
-2.8890
-2.6463
-2.3523
-2.6431
-2.2499
-2.2872
-2.0521
-2.1729
-2.3703
-2.3393
-2.7350
-2.9308
-2.9933
-2.7305
-3.0196
-3.0735
-3.0504
-2.4280
-2.8027
-2.7761
-2.3599
-2.9583
-2.9443
-2.9867
-3.0224
-2.5877
-2.9401
-2.7242
-2.9655
-2.8721
-2.9592
-2.3426
-2.8020
-2.7140
-2.5861
-2.5722
-2.4285
-2.6191
-2.7895
-2.6014
-2.7672
-2.1585
-2.7487
-1.9009
-2.1306
-2.1738
-2.6050
-2.4291
-2.6874
-2.1613
-1.8065
-2.2634
-2.1755
-2.1552
-2.3244
-2.1659
-2.1490
-2.3807
-2.4525
-1.9223
-1.9617
-1.7914
-1.6801
-1.6473
-1.9085
-1.7021
-1.5778
-1.3865
-1.8219
-1.6313
-1.8337
-2.0389
-2.0044
-2.1477
-1.9620
-1.6618
-1.3919
-1.3061
-1.0716
-0.8381
-0.6183
-0.5277
-0.4469
-0.5675
-0.5139
-0.7654
-0.5220
-0.1936
-0.1773
0.0724
-0.2201
-0.2960
-0.4369
0.2125
-0.7873
-0.9820
-1.0047
-0.7270
-0.4224
-0.1747
0.0637
0.1726
-0.2727
-0.3550
-0.5903
-0.2946
-0.5534
-0.4767
-0.3506
-0.2867
-0.0845
-0.2159
-0.1893
-0.1834
-0.3229
0.1262
-0.1810
-0.0410
0.0060
-0.0765
0.3194
0.4406
0.3897
0.7160
0.8862
0.5272
0.8555
1.0506
0.8571
1.3930
1.1997
1.4838
1.2958
1.6596
1.9682
1.7398
1.8625
1.9661
2.1929
2.3823
2.8928
2.6665
3.0203
2.6439
3.1556
2.7274
3.0835
3.4540
3.2102
3.4369
3.6263
3.7282
3.7460
4.0821
3.8567
3.8281
3.6468
3.2861
3.1478
3.8860
3.7076
3.6756
2.9525
3.0199
3.1430
3.3032
3.0347
3.6351
4.0470
3.7891
4.3768
4.0686
4.0232
3.8971
4.1355
3.6834
3.2539
3.7387
3.3862
3.7900
3.5320
3.2122
3.2518
2.9642
2.8074
3.1903
3.0720
2.9629
3.1963
3.7398
3.1227
3.1591
3.0449
3.2709
3.2216
3.2977
3.2440
3.5072
3.2705
3.2791
3.0883
3.2108
2.8696
3.0293
2.7906
2.7329
2.5741
2.2224
2.1884
1.9109
2.2908
2.0079
1.7360
1.9896
1.6862
1.5077
1.3730
1.2285
1.2733
1.3575
1.7300
1.8078
2.1849
3.0405
2.8438
2.5772
2.6153
2.4915
2.2673
2.4836
2.5725
2.6301
2.8250
2.9317
3.0118
2.3276
2.1073
2.3651
2.0062
2.3273
1.8795
1.7846
1.6700
1.6192
1.4113
1.5962
1.3261
1.3771
1.4144
1.2673
1.3114
1.1261
1.0021
0.9314
1.4370
0.9982
0.9061
1.3638
0.8566
0.9651
1.5238
1.4767
1.2537
1.0652
0.9281
0.0551
-0.0938
-0.2059
-0.4529
-0.5518
-1.1050
-0.9358
-1.3009
-0.9235
-1.2451
-1.3880
-1.1797
-1.1769
-1.3292
-1.1305
-1.1052
-0.8783
-1.2891
-1.4338
-1.3665
-1.8510
-1.6660
-2.2959
-2.0032
-2.1260
-1.3743
-1.9464
-2.3758
-2.2512
-2.1089
-1.8203
-2.2004
-2.1533
-2.0568
-2.3792
-2.2098
-1.8964
-1.7973
-1.9738
-2.1201
-2.1759
-2.3076
-2.2369
-2.1828
-1.7687
-1.6584
-1.5985
-1.7801
-1.5432
-1.9666
-1.8402
-1.6989
-1.0875
-1.3165
-1.7083
-1.5760
-1.6599
-1.6097
-1.1983
-1.5916
-1.5504
-1.2638
-1.8222
-1.6454
-1.7472
-1.5953
-1.7428
-1.1125
-1.4498
-1.0032
-1.6724
-1.4823
-1.2105
-1.3817
-1.5526
-1.4875
-1.6537
-1.3004
-1.4197
-1.0422
-1.1771
-1.0061
-1.0101
-0.6246
-0.5583
-0.3244
-0.4381
-0.5527
-0.8465
-1.0508
-0.6676
-0.9852
-0.9775
-0.5654
-0.6300
0.0539
-0.9611
-0.8027
-0.8200
-0.1005
-0.4682
-0.5975
-0.4706
-0.7580
-0.5526
-0.7684
-0.6305
-0.6216
-1.0238
-0.8255
-0.7536
-0.8775
-0.6183
-1.0674
-0.7738
-0.3761
-0.9896
-1.1367
-0.9501
-1.4583
-1.5208
-1.5533
-1.4335
-2.0734
-2.1573
-2.1980
-1.9898
-1.9206
-1.3884
-1.6316
-1.8648
-1.9405
-1.7200
-2.0333
-1.8558
-2.0343
-1.9546
-1.7145
-1.9215
-1.6416
-1.8284
-1.6527
-1.7436
-1.6999
-1.5655
-1.7753
-1.8840
-1.9867
-2.4011
-2.0974
-2.5270
-2.5946
-2.5303
-2.8363
-2.7144
-2.5348
-2.6906
-2.5191
-2.8077
-2.4050
-2.7141
-2.4218
-2.4288
-2.2390
-1.9372
-1.8624
-1.4638
-1.4421
-1.6251
-1.9243
-1.8371
-1.5043
-2.1457
-1.8194
-2.1195
-2.4246
-2.0614
-1.7044
-2.1223
-2.0392
-2.0278
-2.0914
-2.3606
-1.8415
-1.9667
-1.8515
-1.7361
-1.9839
-2.0445
-2.2243
-1.2087
-2.2567
-2.2188
-1.9128
-1.7235
-2.2116
-1.7669
-1.5610
-1.1556
-0.9934
-1.4543
-1.4538
-1.6393
-1.4929
-1.4875
-1.8820
-1.6363
-1.8522
-1.5406
-1.4957
-1.6141
-1.4639
-1.8167
-1.6585
-1.7920
-2.1429
-1.8783
-1.8468
-2.1980
-1.5093
-2.0778
-1.8228
-1.6169
-1.7761
-1.7964
-2.1383
-2.4187
-1.6429
-2.1130
-1.4346
-1.7123
-1.6320
-1.5349
-1.1452
-1.3919
-1.1579
-0.7339
-0.7417
-0.5238
-0.5508
-0.6809
-0.8202
-0.2024
-1.3362
-1.1901
-0.6181
-1.2472
-0.7762
-0.8812
-0.7678
-0.6026
-0.9870
-1.0997
-0.8619
-1.0523
-1.2422
-1.1306
-1.3703
-0.8935
-1.0633
-0.4535
-0.6951
-0.7551
-0.2292
-0.1072
0.3710
0.4890
0.5690
0.7086
0.8333
0.4458
0.6829
0.3938
1.0325
1.4209
0.7285
0.4934
0.6902
0.6675
0.6201
0.3291
0.6310
0.4851
0.5910
0.6195
0.4915
1.5618
0.7206
1.2722
1.9853
1.4133
1.5031
1.8571
1.2436
1.8053
1.4990
2.1340
1.7296
1.8903
1.6597
1.6658
1.5647
1.7559
1.5805
1.2900
1.2309
1.6057
0.7840
0.8599
1.3133
0.3426
-0.0145
0.3432
-0.1303
-0.3307
-0.3369
-0.2355
0.1395
0.0478
0.0868
0.1926
0.0688
0.6498
-0.2715
-0.2956
-0.3718
-0.2403
-0.5824
-0.7294
-1.1307
-1.3980
-1.6895
-1.5390
-2.2425
-2.3849
-1.6860
-2.4587
-2.4776
-2.1672
-2.4931
-1.9506
-2.1214
-2.2607
-2.5003
-2.4009
-2.1542
-2.2785
-2.0402
-2.2959
-1.8367
-2.3772
-2.2592
-2.6106
-2.5604
-2.4840
-2.2390
-2.2484
-1.9876
-1.9204
-1.7333
-1.6739
-1.2747
-1.2155
-0.9211
-0.7236
-0.6252
-0.8077
-0.7692
-1.1343
-1.0703
-1.0867
-1.2527
-0.7537
-1.3196
-1.2733
-0.8799
-0.7141
-0.7446
-0.3530
-0.3242
-0.1049
0.4999
0.4868
0.0880
-0.0008
0.5528
0.0644
0.2654
0.2033
0.5547
0.6431
0.5144
0.7559
-0.1510
-0.0102
-0.1913
-0.0386
0.6301
0.8428
1.1648
0.9325
1.3006
1.2287
1.6327
2.0398
2.4913
2.4440
2.2329
2.3304
3.1504
2.2238
2.7947
3.0369
3.9002
3.2352
3.9018
3.7243
3.9885
3.9958
4.1238
4.1477
4.7866
3.7941
3.5462
3.5636
3.0658
3.3745
3.2696
3.0993
2.6572
2.6084
2.3899
2.1368
2.5495
2.8018
3.0540
2.4814
2.5765
2.4083
2.2730
2.0585
2.2866
2.2015
2.4414
2.7913
2.9519
2.4706
2.3537
2.3289
2.3615
1.9953
2.1674
2.0516
1.4850
1.2733
1.1880
1.1510
1.6188
1.7225
1.3581
1.2939
0.9171
0.9876
1.1417
1.2552
1.5992
1.4249
1.3856
1.2523
1.2331
0.8138
0.9132
0.7447
0.9730
0.7325
1.0492
0.5525
0.7235
0.6331
0.8948
0.6480
0.5921
0.9018
0.6062
0.6828
0.7316
0.8567
1.1776
1.5660
1.8938
1.5382
1.7601
2.2997
2.0647
1.8159
1.6452
1.9163
1.7343
2.4217
2.1078
1.9005
2.1053
2.9550
2.3270
2.6274
2.7337
3.1170
2.8830
2.9303
2.8533
3.1638
3.0148
3.1241
3.3884
3.3599
3.7518
3.7585
3.9297
3.4181
3.3050
4.4299
3.7297
3.9502
3.9296
3.8713
3.8946
3.7219
3.4429
3.5257
3.8046
3.6945
3.5481
3.6029
4.0320
4.0104
4.2983
3.5913
4.0282
3.7479
3.5242
3.7601
3.2977
2.8116
2.8954
2.7549
3.0493
3.1219
3.1173
2.9327
2.9040
2.4859
2.7125
2.4502
2.2755
2.5042
2.4363
3.2371
2.5228
2.4095
2.0919
2.3408
1.7578
1.6106
1.6969
1.2576
1.4757
0.8929
0.3684
-0.1682
-0.2311
-0.1224
-0.2625
-0.1379
-0.5682
-0.6225
-0.3570
-0.7439
-0.5646
-0.7675
-0.8687
-0.6511
-1.3702
-1.6288
-2.0050
-2.1296
-2.1866
-1.9846
-1.7930
-2.2528
-2.2936
-1.7447
-2.4077
-2.3757
-2.1586
-2.4058
-2.2385
-2.3625
-2.5623
-2.6149
-2.5332
-2.4386
-2.5281
-2.4289
-2.6602
-2.6164
-2.8559
-2.7307
-2.2682
-2.6080
-2.7821
-2.8598
-2.6012
-2.6381
-2.8371
-2.5094
-2.8321
-3.0746
-2.6532
-3.0185
-2.7980
-2.8335
-2.4547
-2.5900
-2.9374
-2.6997
-2.6437
-2.8147
-2.5499
-2.2752
-2.4236
-2.4361
-2.8050
-2.6160
-2.7988
-2.9963
-2.8816
-2.4359
-2.0580
-2.0635
-1.8826
-2.7040
-2.2864
-2.5844
-2.3640
-2.4189
-2.0771
-2.4803
-2.4549
-1.8876
-2.0503
-2.0888
-1.9245
-2.3397
-2.4580
-2.5241
-2.0248
-2.6678
-2.7404
-2.6038
-1.6443
-2.3476
-1.5145
-1.8432
-1.7926
-1.7002
-1.9269
-2.0669
-2.1002
-2.1664
-2.3270
-2.3890
-2.1916
-2.4682
-1.9339
-1.8093
-1.5348
-1.8849
-1.9951
-1.8893
-2.3989
-2.3271
-1.7942
-2.1523
-2.2420
-2.1471
-1.9490
-1.9317
-2.0642
-2.1019
-2.1717
-1.6905
-2.1989
-2.5304
-2.5049
-2.0651
-2.0447
-2.2085
-2.4669
-2.8694
-2.3231
-2.7749
-2.8071
-2.8439
-2.8080
-2.7732
-2.7925
-2.4947
-2.5693
-2.2005
-2.0736
-1.9859
-2.1769
-2.1355
-2.4600
-2.2155
-1.3482
-1.8208
-1.3238
-1.5549
-1.0467
-1.4153
-1.7946
-1.9753
-1.6511
-1.8938
-1.1763
-0.6912
-1.2473
-1.0094
-0.7394
-1.0090
-0.6569
-1.1935
-1.1203
-1.5406
-1.6678
-1.3764
-1.4399
-1.1883
-0.8707
-1.0490
-1.1131
-0.4874
-0.9877
-1.1531
-1.1241
-1.6614
-1.2507
-1.6938
-1.6587
-1.3188
-1.7144
-2.0159
-2.2233
-2.1399
-2.1344
-2.4148
-2.2751
-2.2075
-1.7803
-2.2781
-2.2681
-2.6428
-2.4696
-2.3254
-1.8341
-1.5749
-1.9803
-1.7811
-2.2257
-2.2354
-1.8250
-2.1516
-2.0334
-2.2814
-1.9262
-2.0236
-1.9035
-1.9005
-1.9220
-1.4065
-1.5778
-1.8274
-1.8144
-1.7114
-1.4105
-0.8445
-1.2253
-0.7693
-1.0688
-1.1847
-1.1932
-1.0285
-0.9968
-0.8731
-0.4784
-0.5328
-0.3522
-0.2913
-0.1984
-0.2412
-0.6532
-0.7491
-0.7959
-0.5568
-0.6324
-0.0810
-0.2370
-0.2346
-0.1254
-0.3013
-0.2931
-0.3762
-0.0817
-0.3335
-0.3395
-0.1963
-0.3261
-0.2602
-0.2791
-0.1530
-0.1964
-0.1133
0.2251
0.3515
0.8418
0.7342
0.9435
1.0856
1.4490
1.4625
1.5406
1.4894
1.4558
1.3886
1.1252
1.3490
1.7846
2.0700
2.3735
2.3807
3.0340
2.8618
2.4763
2.0717
2.0344
2.0437
2.3825
2.1331
2.5866
2.5378
2.5252
2.5207
2.5753
3.4900
4.2055
3.5243
4.0905
3.6035
3.8330
3.8399
3.0602
3.0564
2.8304
2.9064
3.2469
2.5343
2.6760
2.6902
3.0134
2.7852
3.0126
2.3168
2.5797
3.1462
2.8712
2.7986
2.6847
2.8197
2.6155
2.7236
2.4823
2.2557
2.8107
2.2847
2.9658
3.0384
3.2351
2.9005
2.6810
2.9643
2.5883
2.8032
2.6459
2.9988
2.6792
2.8932
2.5573
2.5437
3.1169
2.7105
2.5739
2.4432
2.0921
1.9736
1.8266
2.2053
1.7047
1.6708
1.3199
1.3793
1.0731
1.2552
1.1764
1.0152
1.1257
0.8812
0.9406
1.0772
1.1935
1.0478
1.8033
1.0711
1.1601
1.1678
1.0402
1.0567
0.5729
0.3645
0.3149
0.9486
0.5048
0.6659
0.3655
0.4748
0.3426
-0.1589
-0.2249
-0.1515
-0.1119
-0.4287
-0.5448
-0.4872
-0.5587
-0.3802
-0.6367
-0.3374
-0.9484
-0.5647
-0.5793
-0.3685
-0.6910
-0.7514
-0.9555
-0.6338
-0.8325
-0.7276
-0.8470
-0.7070
-0.9468
-0.9701
-1.3011
-1.3531
-1.9744
-1.9146
-1.9561
-2.0857
-1.6629
-1.7275
-1.5238
-0.9788
-0.9784
-1.4481
-1.3296
-0.9608
-1.6160
-1.4921
-1.4387
-1.9103
-2.0173
-1.7966
-2.0414
-1.7523
-1.9807
-1.8530
-1.9039
-1.4745
-1.5418
-1.6765
-1.4846
-1.3656
-1.6323
-1.3894
-1.5810
-1.4839
-1.9620
-1.7500
-1.7044
-1.6913
-1.5171
-2.1315
-2.2273
-2.1740
-2.5507
-2.4901
-2.7101
-2.6408
-2.5612
-2.5611
-2.5886
-2.6707
-2.6472
-2.5722
-2.7563
-2.6881
-2.8767
-2.7620
-2.9930
-3.0784
-2.8051
-3.0300
-2.6598
-2.5400
-2.7245
-2.6873
-2.8438
-2.5442
-2.7322
-2.5408
-2.9562
-2.8684
-2.9410
-2.3513
-2.7283
-2.7885
-2.5790
-2.6375
-2.5508
-2.8898
-2.9059
-2.5384
-2.9630
-2.3105
-2.1031
-2.1768
-2.5776
-1.9130
-2.4645
-2.7171
-2.4554
-2.4869
-2.0936
-2.4124
-2.0669
-1.8277
-2.1439
-1.7783
-1.6199
-1.7933
-1.6457
-1.5674
-1.4090
-1.6437
-1.6318
-2.0337
-1.7083
-1.9395
-1.9506
-1.6083
-2.3231
-2.2413
-2.5318
-1.9309
-1.6349
-1.8404
-1.6694
-1.6940
-1.3856
-1.4197
-1.0022
-1.4623
-0.9556
-0.7152
-1.0250
-0.5002
-0.4709
-0.3289
-0.9370
-0.7914
-0.3458
-0.6577
-0.7084
-0.1855
0.0087
0.9251
0.8457
0.7835
0.8164
1.3456
0.8466
1.8695
0.6945
0.8600
1.6084
1.2876
1.6643
1.1514
0.5675
1.1968
0.5302
0.7715
1.4386
1.2326
1.7497
1.5981
1.3380
1.8557
2.3402
3.1721
2.3685
2.8075
2.4074
2.9177
2.9745
3.4155
3.7861
3.6521
3.5137
3.0769
3.8590
2.8640
2.6545
2.6055
2.6090
3.0452
2.6680
2.8310
2.9193
2.9310
3.2047
2.7515
2.5828
2.8275
2.4597
2.4432
2.1960
2.4947
2.4498
2.7486
1.9405
2.1845
1.8689
1.4322
1.6450
1.6671
1.5781
1.6340
2.6282
2.1333
2.1382
2.0844
2.6434
2.5655
2.1506
1.9841
1.4878
1.9017
1.8640
1.6650
1.7679
1.5042
1.7378
1.6785
