0.2233
0.3360
0.4912
0.4737
0.5617
0.5054
0.6343
0.6104
0.8451
0.5101
0.8779
0.7249
0.8820
1.2286
0.8853
0.8796
0.8170
1.0593
0.5191
1.1936
0.8022
0.1156
0.1044
0.6020
1.3853
0.9754
1.3642
0.6707
1.2230
0.4502
1.5076
1.0416
1.4111
1.4245
1.0037
1.4843
1.2746
1.1749
0.5392
0.7637
0.5717
0.5974
0.3909
0.7329
0.7162
1.5665
1.5181
1.0147
0.5370
0.5464
0.8386
1.4594
1.0489
1.4802
1.5711
1.6278
2.2499
1.9472
1.5536
1.8933
1.5816
1.8331
2.0820
1.7948
1.9624
1.4197
1.6087
2.1829
1.3203
1.4553
1.7021
1.7345
2.6925
1.7184
2.2250
2.0310
1.9781
1.9558
1.8391
1.8393
2.0201
1.8797
1.8934
1.8815
1.7587
1.5977
2.1164
2.2143
2.1378
1.9741
2.1759
1.3200
1.6439
1.9401
2.1999
1.8065
2.1431
1.7196
1.5157
1.4197
1.4425
1.5715
1.2167
1.1594
1.6409
1.0182
1.4516
1.8504
1.1446
1.7965
1.7661
1.2310
1.9246
1.9208
2.0736
1.9540
1.3120
1.9560
1.9032
1.8806
0.7696
0.7583
0.6485
0.4107
0.0626
0.1271
0.2569
0.3947
0.3413
0.3483
0.0057
-0.0410
-0.1560
-0.3584
-0.1921
0.0433
-0.5976
-0.3831
-0.4236
-0.4973
-0.7147
-0.4402
-0.9195
-0.9202
-1.0054
-1.0236
-0.6368
-1.0155
-0.9097
-0.8563
-0.8326
-0.8259
-0.9759
-0.7792
-0.9248
-1.1232
-1.1638
-1.1794
-1.1886
-1.2120
-1.1863
-1.1401
-1.0136
-1.0008
-0.9591
-1.0370
-1.0433
-1.0294
-0.9664
-0.9255
-0.8747
-0.9325
-0.9906
-0.8784
-1.1152
-1.1066
-1.0441
-0.9741
-0.8920
-0.8698
-0.8519
-0.8496
-0.7577
-0.7872
-0.7352
-0.8189
-0.7949
-0.7838
-0.7396
-0.7079
-0.4535
-0.6264
-0.5966
-0.6091
-0.6230
-0.5615
-0.4055
-0.5033
-0.5517
-0.4447
-0.4442
-0.3815
-0.2147
-0.4061
-0.4512
-0.4803
-0.5192
-0.5668
-0.5725
-0.6201
-0.4066
-0.6578
-0.4694
-0.4113
-0.6496
-0.1813
-0.3515
-0.5592
-0.4877
-0.5757
-0.5784
-0.4773
-0.3075
-0.3377
-0.4937
-0.4045
-0.5776
-0.5838
-0.4800
-0.7064
-0.6164
-0.5799
-0.4856
-0.2213
-0.3566
-0.5908
-0.7146
-0.7361
-0.6651
-0.5383
-0.6900
-0.7120
-0.6405
-0.3900
-0.5071
-0.2809
0.0391
-0.4431
-0.1617
-0.5602
-0.2861
-0.4592
-0.5863
-0.6672
-0.6754
-0.7333
-0.4711
-0.5445
-0.3483
-0.6751
-0.4559
-0.3471
-0.0980
-0.3222
-0.1705
0.2529
0.2699
0.5066
0.0932
0.6846
0.0233
0.1258
0.0781
0.0352
0.1790
0.2143
-0.0103
0.0808
0.0782
0.3364
0.4062
0.0015
0.3531
0.2567
0.5371
0.3786
0.3851
0.2720
0.6305
0.5670
0.7143
0.9097
0.8011
0.7849
0.9649
0.9683
1.0932
0.7788
0.7912
0.5925
0.6997
0.6594
1.1286
0.7282
1.4637
0.9539
0.9034
1.0595
0.9276
0.9673
1.0050
0.8088
0.9162
0.6423
1.0108
0.6515
0.6758
0.5356
1.2897
0.9143
0.9950
0.4282
0.7157
0.5765
0.6423
0.6579
0.3254
0.1699
-0.0395
0.0840
-0.0651
0.2113
0.0647
-0.3273
0.1637
-0.0910
0.4726
0.2582
0.1328
0.0628
-0.1979
-0.2545
-0.2354
0.0433
-0.3055
0.2024
0.1178
0.2955
0.2491
-0.0366
-0.6139
-0.2487
-0.6020
-0.2118
-0.6099
-0.0825
-0.4917
-0.7870
-0.9228
-0.6290
-0.2843
-0.4435
-0.3767
-0.3263
0.0298
-0.0936
-0.2286
0.1226
0.0588
-0.0027
0.1063
0.0131
0.1163
0.2188
-0.5195
-0.6079
-0.5892
0.0104
-0.3821
-0.6505
-0.4707
-0.1294
0.1833
0.0085
-0.2874
0.5235
-0.1561
-0.1582
-0.1388
-0.4652
-0.3979
-0.3000
-0.3916
-0.0822
0.1166
0.2728
-0.0715
0.4435
0.3010
-0.0136
-0.0979
-0.0043
-0.3463
-0.1139
0.1671
0.4564
0.6712
0.3827
0.6922
0.3360
0.2985
0.5035
0.1205
-0.0490
0.6770
0.2609
-0.0084
0.6123
0.0725
0.6170
0.3596
0.3728
0.3000
0.8539
0.9705
1.0704
0.5496
0.4267
0.5087
0.4264
0.4889
-0.0395
-0.0444
0.2533
0.1342
0.3923
0.2836
0.7532
-0.0987
0.0229
0.1124
0.2768
0.0872
0.4492
0.0119
0.2082
-0.1702
0.1197
-0.0999
-0.0777
0.2342
-0.1687
-0.5309
-0.6025
-0.2558
0.2105
-0.0395
0.1136
-0.0500
0.6696
0.1099
-0.0318
-0.5572
-0.4312
-0.9028
-0.3299
-0.4232
0.0641
-0.1046
0.2273
0.0459
-0.0752
-0.2970
0.2095
-0.1784
-0.2085
0.3006
-0.1139
-0.0578
-0.1932
-0.3659
-0.1853
0.0929
0.3612
0.1167
0.0692
0.2138
-0.1313
-0.3063
-0.2545
-0.2128
-0.1758
-0.5175
-0.5864
-0.5370
-0.3308
-0.3489
-0.7930
0.1177
-0.0153
0.1902
0.8606
0.2283
0.2139
0.5062
0.6740
1.3197
0.4920
0.5167
0.0912
-0.3792
0.0708
-0.1798
0.2816
-0.1211
-0.0766
0.2295
-0.0648
0.1766
0.7009
0.1051
0.6341
0.2506
0.8723
0.6248
0.2904
0.6975
0.2939
0.9830
0.5131
0.9878
0.3814
0.5487
0.6927
0.5377
0.4492
0.6937
0.4069
0.2268
0.2435
0.2242
0.5051
0.3714
0.4235
0.6314
0.6593
0.7177
0.4533
0.2727
0.0240
-0.0082
0.4628
-0.0324
-0.0633
-0.2309
-0.1010
-0.1537
-0.4161
-0.2877
-0.5639
-0.2273
-0.6752
-0.2933
-0.7130
-0.7218
-0.6808
-0.4753
-0.5273
-0.7963
-0.6703
-0.7685
-0.2141
-0.5935
-0.5399
-0.4186
-0.2503
-0.1131
-0.0087
-0.4154
-0.2052
-0.2735
0.1191
-0.1313
-0.1570
-0.1498
-0.3325
-0.4015
-0.3930
0.0324
-0.0185
-0.2325
0.0460
0.1779
0.2355
0.1291
0.0789
0.6633
0.2140
0.6818
0.6059
0.2733
0.7246
-0.1041
0.5178
0.4386
0.4124
0.3990
0.1657
1.0359
0.7508
1.1058
0.6536
0.7390
0.6789
0.6597
0.6651
0.5370
1.1314
0.8943
0.9063
0.8002
1.0268
1.3116
0.4470
0.6596
0.3342
0.1405
0.2519
0.0494
-0.0822
-0.0353
0.1085
0.0860
-0.0698
0.4817
0.2558
0.4517
0.3880
0.1869
0.3611
0.5282
0.4894
0.1865
0.5557
0.0906
0.9509
0.3880
0.7678
0.2897
-0.1097
-0.3160
-0.1506
-0.3710
0.1495
-0.0551
0.3730
-0.3260
-0.1076
-0.3846
-0.5383
-0.5119
-0.1446
-0.1656
-0.1335
0.3473
-0.1426
0.2980
0.4198
0.1646
0.3436
-0.0413
0.1720
0.4805
0.7002
0.6024
0.0842
-0.4470
0.0772
-0.1283
-0.0686
-0.0865
-0.2719
0.0071
0.1888
0.2858
0.2610
-0.1173
0.1037
-0.1054
0.1886
-0.1841
-0.2163
-0.0604
0.2934
0.0128
0.1327
-0.0488
0.2301
0.5999
0.1520
0.2488
0.2197
0.4352
0.3670
0.2568
0.5714
0.8076
0.7152
0.7148
0.7695
0.6821
0.7619
1.1563
0.4568
0.5984
0.4516
0.5890
0.4413
1.3505
0.8309
0.9077
0.4735
0.8167
0.8649
0.7656
2.0253
1.4958
1.2765
1.3386
0.8867
0.5881
0.9071
0.5849
0.8358
0.7609
0.9701
1.1702
0.7628
1.3664
0.9574
1.1000
0.9529
1.5091
0.9955
0.9193
1.0544
1.2981
1.2663
1.4778
1.5602
1.2955
1.3218
1.2991
0.9314
1.0054
0.9212
0.5618
0.7354
0.5011
0.3002
0.3551
0.7671
0.7680
0.5437
0.5883
0.3622
0.7249
0.5160
0.2358
0.5558
0.1162
0.6263
0.4197
0.0201
0.0753
0.2446
0.0854
-0.1836
-0.0118
-0.1104
-0.2237
0.0512
0.1044
-0.0629
-0.1527
-0.3896
-0.2766
-0.4538
-0.6772
-0.8548
-0.8396
-0.7042
-0.9004
-0.6915
-0.6710
-0.6047
-0.5892
-0.4220
-0.3868
-0.5295
-0.8818
-0.9619
-0.6427
-0.4496
-1.1127
-0.8496
-1.0806
-1.0416
-0.9704
-1.3973
-1.3492
-1.0544
-1.5266
-1.5466
-0.8514
-1.6112
-1.3860
-1.1622
-1.5404
-1.4210
-1.3263
-1.4135
-0.8486
-0.7921
-1.2709
-1.0382
-1.5234
-1.4754
-1.2165
-1.1036
-1.3878
-1.5319
-1.2601
-1.3669
-1.0486
-0.8436
-0.9831
-1.1306
-1.2157
-1.2709
-1.3315
-1.2652
-1.5375
-1.2017
-1.1646
-1.2973
-1.2825
-1.3610
-1.0621
-1.3481
-0.6656
-1.0083
-0.0533
-0.0002
-0.6207
-0.5091
-0.6392
-0.1040
-0.4504
0.0945
-0.1557
0.3862
0.0456
-0.1223
-0.1154
-0.3640
0.0172
-0.2869
0.1311
0.4368
0.1018
0.6675
0.1583
0.3674
0.3205
0.3805
-0.0113
-0.0353
0.5368
0.4884
0.5466
0.8082
0.9007
0.6949
0.8698
0.8789
1.2054
1.0237
1.3367
0.9927
1.1241
0.8004
0.9027
0.8192
1.1708
1.0491
0.8204
0.8706
0.4418
0.1857
0.2036
0.1742
0.1079
0.4475
0.5828
0.6930
0.6712
0.3224
0.5041
0.3231
0.8424
1.2769
0.6568
1.0844
0.8421
1.0968
1.1958
1.1388
1.0612
1.0633
0.9691
0.8692
0.9454
1.0650
0.8338
1.1677
0.8463
1.0118
0.6875
1.2679
1.4781
1.0389
1.1037
1.1178
1.3415
1.5209
1.7605
1.5347
0.8223
0.8253
0.9305
1.4404
1.4932
1.7324
1.4509
1.6790
1.5355
1.6282
1.2319
1.2838
1.3003
0.8484
1.0666
1.3225
1.4686
2.2319
1.8160
1.4210
1.8616
1.7860
2.0811
1.3622
1.2592
1.6594
2.0880
1.2484
1.4456
2.0500
1.2242
1.1270
1.3846
0.7295
1.3130
1.0849
0.8173
0.9832
0.7371
0.6052
0.7693
0.9400
0.7692
1.1425
0.4941
0.9307
0.4563
0.4853
1.1183
0.2132
0.7542
0.4541
0.3880
0.7669
1.5198
0.7719
0.6265
0.9378
0.4882
1.0136
1.1836
0.6299
0.4719
0.3952
0.8002
1.0212
0.3991
0.3543
0.3478
0.0653
-0.1619
0.3376
0.2692
0.1029
0.1969
0.3244
0.0474
0.1280
0.2430
0.7596
0.0798
0.2552
0.4439
0.1422
0.3408
0.6478
0.6029
0.5427
0.6548
0.1807
0.4853
0.3761
-0.2517
-0.2661
-0.2868
-0.0544
-0.1461
0.0357
-0.2266
-0.0252
-0.0515
0.0279
-0.0071
0.1619
0.0769
0.3778
0.2404
0.3369
0.2322
0.3344
0.2150
0.3339
0.5306
0.1408
0.0067
0.1793
0.0061
0.1849
0.1464
0.3038
0.3122
0.2286
0.4372
1.1813
0.7971
0.8742
0.4906
0.3954
0.1853
0.1421
0.4560
0.4096
0.6425
0.6308
0.6115
0.7673
0.2800
0.3163
0.0936
0.0470
-0.2375
0.3301
0.0441
0.3087
0.4274
0.4644
0.6326
0.7454
0.4497
-0.0138
0.3066
0.0520
0.1564
0.1405
0.4799
0.7839
0.4675
1.0788
0.3966
0.9393
0.4593
0.5714
0.8379
0.7726
0.9543
0.7237
0.6861
0.7443
0.6566
0.3725
0.1917
0.0637
0.1912
0.0611
-0.1540
-0.0912
-0.2021
0.1118
-0.1875
0.3337
-0.0222
-0.2592
0.1471
-0.2045
-0.2892
-0.2472
-0.0972
-0.3010
-0.3240
-0.1207
0.1496
0.1689
-0.1932
-0.2785
0.0630
0.1476
-0.4375
-0.1734
-0.2363
-0.0983
-0.3926
-0.6085
-0.4973
-0.7943
-0.5654
-1.0483
-0.7909
-1.0518
-1.1124
-1.1116
-0.9926
-1.2534
-1.3299
-1.5573
-1.6456
-1.7318
-1.6782
-1.5579
-1.4858
-0.9409
-1.5699
-1.6928
-1.6607
-1.4885
-1.6210
-1.6574
-1.2142
-1.1998
-1.5344
-1.2477
-1.3170
-1.3091
-1.1898
-1.5115
-1.7500
-1.7778
-1.8881
-1.6459
-1.6001
-1.5008
-1.2288
-1.4141
-1.3620
-1.3466
-1.5869
-1.6111
-1.5446
-1.5654
-1.5762
-1.5422
-1.5874
-1.1981
-1.4162
-0.9296
-1.2113
-0.8666
-1.0659
-1.0337
-0.9451
-0.9295
-0.8827
-0.8232
-0.8592
-0.8585
-0.8900
-0.8780
-0.6555
-0.8352
-0.7902
-0.7717
-0.7225
-0.6554
-0.5875
-0.2764
-0.4600
-0.4225
-0.4646
-0.2064
-0.2854
-0.4519
-0.5194
-0.4340
-0.3305
0.1054
0.1982
0.2578
0.2123
0.4274
0.3034
0.3873
0.2836
0.2963
0.3682
0.4517
0.3985
0.4028
0.1724
0.1715
0.1807
0.4036
0.3219
0.2989
0.3590
0.5066
0.5540
0.1530
0.4591
0.2652
-0.2680
-0.2761
-0.4282
-0.4184
-0.5001
-0.1534
-0.3358
-0.2684
-0.2038
-0.3446
-0.3736
-0.3137
-0.6074
-0.6199
-0.6435
-0.5293
-0.7849
-0.8046
-0.8941
-0.7745
-0.4566
-0.4055
-0.5322
-0.6637
-0.5614
-0.7159
-0.7787
-0.3508
-0.8626
-0.6065
-0.8147
-0.5921
-0.5525
-0.8289
-0.4294
-0.5951
-0.5617
-0.4903
-0.2041
-0.1179
-0.3805
-0.2211
-0.4402
-0.2105
-0.0457
-0.2292
-0.0647
0.5898
0.2882
0.0482
0.9173
0.8919
1.1206
1.3390
1.3253
0.5541
0.9291
1.0231
1.2636
0.9187
1.3142
1.4389
1.2513
1.5440
1.1128
1.2176
1.2903
1.4262
1.4185
1.2771
0.9996
1.4055
1.7708
1.6435
1.2307
1.0791
1.5017
1.9052
2.6534
1.4476
1.8017
1.2179
2.1326
1.6346
1.5287
1.7540
1.9580
1.4285
1.5317
1.5108
2.4007
1.4493
1.5730
1.8296
2.0310
1.8252
1.9405
1.4442
1.7823
1.7969
2.3496
2.6901
2.9224
2.7849
3.7307
2.7751
2.5558
2.8730
2.2189
2.3387
1.7346
1.4979
1.6700
1.3089
0.9257
1.0508
1.0807
1.4028
2.1515
1.4360
1.7121
0.9835
0.8963
0.7390
0.8146
0.8235
1.1564
1.3291
1.2319
1.4070
1.1748
1.7000
1.2012
1.4762
0.7893
1.1213
0.9414
1.1474
1.2103
1.4943
1.0281
0.8719
1.8932
1.3992
0.9884
0.7429
1.3515
0.9340
1.3446
0.9883
1.1210
2.3215
1.5886
1.7154
1.3736
1.4590
2.2026
1.3187
0.9554
1.4531
0.9754
1.9538
1.1743
1.6071
0.8286
0.5370
0.5022
0.8048
0.7645
0.9623
0.4749
0.4050
1.0940
1.5464
1.0434
0.6854
0.8406
0.8147
0.7847
0.4813
0.9903
0.6941
0.5276
0.2338
0.9445
0.5047
1.3182
0.6716
0.8000
0.6581
0.4135
0.4014
0.4554
0.4533
0.4832
0.7088
0.4058
0.5474
0.4149
0.3652
0.3340
0.3421
0.4115
0.1242
0.0179
-0.0079
-0.1687
-0.1476
0.1301
0.1729
0.4018
0.1680
0.4514
0.2171
0.0878
-0.2936
-0.0921
-0.4081
-0.3558
-0.5590
-0.4349
-0.8862
-0.6877
-1.0224
-0.7603
-0.7804
-0.4419
-0.6759
-0.6638
-0.4893
-0.5578
-0.8025
-0.6576
-0.4550
-0.0014
-0.6406
-0.7565
-0.7390
-0.7440
-0.8583
-0.8938
-0.8070
-0.7972
-0.7285
-0.5522
-0.2188
-0.4047
-0.1505
-0.5924
-0.6115
-0.6875
-0.8919
-0.8058
-0.2890
-0.6248
-0.5329
-0.1273
-0.2085
-0.4286
-0.5634
-0.7567
-0.4822
-0.6597
-0.4925
-1.0290
-0.5118
-1.1973
-1.1525
-1.4418
-1.3453
-1.4677
-1.4702
-0.9578
-1.1319
-1.1624
-1.0898
-1.1052
-0.4585
-1.2000
-1.0321
-1.2141
-1.1262
-1.0772
-1.1597
-1.2428
-1.5595
-2.0652
-2.0590
-2.5169
-2.3372
-2.4983
-2.4947
-2.2129
-2.3409
-2.4251
-2.2001
-2.2849
-2.2100
-2.2292
-2.2882
-2.1486
-2.0059
-1.4557
-1.7624
-1.6556
-2.0634
-1.8008
-2.1925
-2.0407
-2.0949
-2.1671
-1.7067
-2.0408
-1.5775
-1.9847
-1.8265
-1.3946
-1.6726
-1.4713
-1.4548
-1.5656
-1.5519
-1.5475
-1.0705
-1.1582
-1.5417
-1.6118
-1.8788
-2.3007
-1.7392
-1.9081
-2.0496
-2.1542
-1.5955
-1.5258
-1.5871
-1.3531
-1.3145
-1.4195
-1.4113
-1.5587
-1.7062
-1.6813
-1.5713
-1.5923
-1.8469
-1.9264
-1.7719
-1.5668
-1.1481
-1.3958
-1.2323
-1.1534
-1.3183
-1.0699
-1.2282
-1.1814
-0.8327
-0.8785
-0.7290
-0.7046
-0.9408
-0.9125
-1.0009
-0.9488
-0.9816
-0.8303
-0.6364
-0.6841
-0.5077
-0.5816
-0.6103
-0.5861
-0.6655
-0.5336
-0.1315
-0.3558
-0.4391
-0.1847
-0.2388
-0.1380
0.0623
0.3627
0.1611
-0.2245
-0.1307
-0.0898
0.6341
0.3370
0.4464
0.3572
0.4070
0.4344
0.5830
0.3868
0.3713
0.5651
0.3342
0.4126
0.1963
0.3080
0.5651
0.6930
0.8196
0.9841
0.9565
1.0694
1.1481
1.0214
0.6739
0.8080
0.5351
0.6083
0.5784
0.5213
1.0582
0.7905
0.6821
0.5082
0.4503
0.3612
0.4530
0.5965
0.5697
0.2710
0.6593
0.6793
0.8235
0.3222
0.7922
0.9467
0.5841
1.1814
1.4379
0.7191
0.7567
0.4806
0.5183
0.9108
0.3607
0.9186
0.5589
0.5973
0.7367
0.5337
0.3974
1.1435
0.9153
0.8373
1.3865
0.9170
0.7290
0.7603
0.5135
0.5279
0.2296
0.9754
0.8984
0.9536
1.5907
1.3303
1.2018
0.8834
0.6894
1.0585
0.8782
0.5791
0.5086
1.3508
0.2356
0.6957
0.9978
1.2209
0.5437
0.9406
0.3240
0.6988
0.9037
0.6532
0.3474
1.4943
1.0672
1.6571
1.7216
1.5828
1.7240
1.2764
1.1054
1.1358
0.3159
1.2687
1.2612
1.2341
1.4648
1.5412
0.9409
1.2597
0.9029
1.6666
1.5162
0.6285
0.5670
1.5199
0.7798
0.4859
1.0952
0.1505
0.9460
0.8226
0.4758
0.8291
0.6754
0.4680
0.5132
0.5691
0.5866
0.8705
0.6419
1.2226
1.2084
1.1049
1.0157
0.8290
1.0819
0.4682
0.6508
0.8838
0.7189
0.9326
1.0104
1.2505
1.0580
0.4921
1.0608
0.8113
0.1857
0.3146
0.1926
0.7161
0.5520
0.9915
1.4620
1.4410
0.8710
0.5815
1.3539
0.8187
0.3423
0.2406
0.3702
-0.1717
0.2964
-0.1299
0.2299
0.3944
0.5259
0.6191
0.6337
0.9352
0.9019
0.6161
0.3735
0.6449
0.6289
0.5965
0.2313
0.2744
-0.1090
0.0427
-0.2303
-0.3481
-0.1750
-0.1170
-0.5130
-0.1696
-0.3334
-0.6478
-1.0649
-1.1091
-1.1666
-1.2319
-0.9829
-1.2006
-0.8122
-0.8487
-0.4101
-0.4265
-0.3491
-0.0170
-0.4414
-0.6350
-0.5693
-0.7406
-0.7160
-0.8223
-0.8699
-0.8183
-0.7559
-0.5080
-0.5574
-0.6518
-0.4855
-0.6506
-0.3802
-0.3451
-0.5643
-0.5407
-0.6644
-0.6760
-0.7048
-0.4690
-0.5105
-0.7025
-0.6031
-0.5986
-0.2688
-0.1479
-0.4046
-0.1092
-0.4798
-0.3665
-0.3985
-0.3066
-0.3129
-0.1871
0.0455
0.2390
-0.0232
0.2079
0.0675
0.3554
0.1283
0.1800
0.3315
0.4355
0.2444
0.0649
0.2341
-0.0624
-0.0921
-0.1410
-0.1767
-0.1676
-0.1659
0.0770
0.1112
0.0248
-0.0262
0.0148
-0.1448
-0.2114
-0.2111
-0.2159
0.0186
-0.1963
-0.2108
-0.2510
-0.2908
-0.3422
-0.2670
-0.5156
-0.3718
-0.3191
-0.4926
-0.5382
-0.3023
-0.5911
-0.4890
-0.5785
-0.5190
-0.3137
-0.4605
-0.4030
-0.4863
-0.5222
-0.6937
-0.2938
-0.7791
-0.8090
-0.8853
-0.7293
-0.7107
-0.6574
-0.6395
-0.7590
-0.8138
-0.6973
-0.8214
-0.7470
-0.8224
-0.8442
-0.6898
-0.9622
-1.0873
-1.1150
-1.2384
-1.2679
-1.2697
-1.2905
-1.2763
-1.3278
-1.3538
-1.3880
-1.4062
-1.2574
-1.3447
-1.2738
-1.4526
-1.4124
-1.3928
-1.2055
-1.1264
-0.9936
-1.0625
-0.8769
-0.7329
-1.1306
-1.0552
-1.1304
-0.7795
-0.8961
-0.8525
-0.5811
-0.9105
-0.8732
-0.4793
-0.7281
-0.7066
-0.8274
-0.7463
-0.8395
-0.8831
-0.7506
-0.5138
-0.4955
-0.2397
-0.2598
-0.1603
-0.3026
0.0867
-0.0285
-0.0115
0.2575
0.2574
0.1184
0.1042
-0.0309
0.0878
-0.0889
0.0804
-0.1666
-0.2090
-0.0827
0.0392
0.3514
0.4364
0.3161
0.5617
0.1542
0.4719
0.1679
0.1637
0.5389
0.6911
0.6255
0.2910
0.6310
1.4706
1.7390
1.6637
0.9645
1.5574
1.3621
1.6477
1.1647
0.5235
0.8849
0.3934
0.7464
0.7716
0.8330
1.0541
0.6905
1.1992
0.9973
0.9073
0.7109
1.2452
0.5409
0.5966
0.5657
1.2419
1.0151
0.6280
0.0454
0.7163
0.6979
0.7301
0.1975
0.8753
0.2835
0.3399
0.1149
-0.0267
-0.1356
-0.3789
0.1680
-0.1863
0.3038
0.0671
0.2441
0.4096
0.1903
0.5976
0.4277
0.2557
0.1043
0.3907
0.3832
0.5283
0.4806
0.3269
0.6095
0.7013
0.9445
1.0679
1.2728
0.4383
0.4479
0.6296
0.3592
0.8178
0.9041
0.7288
0.8156
0.2198
0.8864
0.6956
0.6845
1.1477
0.8300
0.2599
0.1310
0.3601
0.1956
0.6756
0.1931
0.5876
0.9783
0.9244
0.9003
0.4654
-0.0985
0.0824
0.1068
-0.1335
0.4472
1.0237
-0.1012
0.7061
0.4734
-0.3011
0.0069
-0.3192
0.1444
-0.0459
0.0455
-0.0100
0.5870
0.1866
-0.0611
-0.0521
0.1563
0.3481
-0.3275
0.0330
-0.0099
0.1599
-0.2842
-0.3855
-0.2097
0.2075
0.4376
0.2925
0.7765
0.4634
-0.4595
-0.0541
0.1769
-0.0066
0.0449
0.7894
-0.1213
0.3545
-0.5907
0.3267
-0.1451
-0.0802
-0.3934
-0.0174
-0.1313
1.0301
0.0603
0.1242
0.6016
-0.4087
-0.3186
0.2609
0.0468
0.4867
0.2156
-0.0946
0.6647
0.6068
0.5104
0.8960
0.0341
0.1742
0.3889
0.0961
0.0740
0.2342
0.2752
0.1937
-0.1566
-0.2456
0.4854
-0.0319
0.2273
0.1320
0.1433
-0.6491
-0.2042
-0.5420
-0.1578
0.2182
-0.0143
-0.0390
0.2813
0.0467
-0.0601
-0.2631
-0.5600
-0.4740
-0.7012
-1.0054
-0.6410
-0.7447
-0.3295
-0.2528
-0.5338
-0.4737
-0.5205
-0.1830
-0.7722
-0.5201
-0.8558
-0.5591
-0.5043
-0.3839
-0.6719
-0.0549
-0.1727
-0.5223
-0.9407
-1.3934
-1.2182
-1.4212
-1.3921
-0.8455
-1.1728
-1.0695
-0.9644
-1.1204
-0.8988
-0.7825
-0.4745
-0.7112
-0.5796
-0.6002
-0.5927
-0.8555
-1.1010
-1.2378
-1.2865
-0.9969
-0.9454
-0.7551
-0.9303
-0.8845
-1.0219
-0.9991
-0.9562
-0.9849
-0.8947
-0.8920
-0.8688
-0.8422
-0.8559
-0.8067
-0.7571
-0.5452
-0.5175
-0.3587
-0.3630
-0.4449
-0.4657
-0.6878
-0.7119
-0.7932
-0.7247
-0.6612
-0.3164
-0.3999
-0.3151
-0.2612
-0.2647
-0.2200
-0.2318
-0.1970
-0.2116
-0.0176
-0.1665
-0.0860
0.0154
0.2312
0.1413
0.0281
0.0842
-0.0633
-0.0897
-0.0343
-0.0053
0.1259
0.3047
0.1529
0.1175
0.4565
0.2892
0.7522
0.6733
0.7656
0.3930
0.7216
0.2057
0.1826
0.0543
0.4974
-0.0782
0.0869
-0.0704
0.4213
0.1380
-0.0502
-0.0787
0.0889
-0.1269
0.0458
-0.2405
0.0697
-0.0231
-0.1864
-0.2589
-0.3007
-0.3332
-0.1986
-0.2653
-0.2670
-0.5192
-0.6695
-0.7072
-0.2822
-0.3753
-0.4867
-0.3752
-0.0564
-0.3209
-0.1824
-0.4988
-0.6200
-0.4038
-0.4691
-0.3851
-0.6310
-0.3595
-0.3692
-0.0605
0.2392
0.0471
0.0893
-0.2026
-0.0885
0.0996
-0.1337
-0.1318
0.0188
0.0270
0.4177
-0.0936
-0.1163
-0.3020
-0.2227
0.1838
0.3788
0.2346
0.1816
-0.2020
-0.2811
-0.2259
0.3233
0.1640
0.1798
0.1381
-0.1054
0.1709
0.5899
0.1797
0.0486
0.6295
0.5482
0.3896
-0.0283
-0.0738
-0.4399
-0.5943
-0.2359
-0.0216
0.1262
-0.5539
0.0844
0.5799
0.2566
0.3814
0.0426
0.0901
0.9891
0.8941
0.3803
0.9370
1.1691
1.7371
0.8927
1.0657
1.5299
1.7189
1.9247
1.7974
1.3909
1.2751
1.8169
1.7026
2.0712
2.6944
2.7843
2.5038
2.3622
2.7797
2.3566
2.2242
2.0649
1.5199
2.1001
1.9436
2.9412
2.3431
2.5809
2.6904
2.3016
2.4973
2.1663
2.5412
1.5351
1.6217
1.1045
1.7593
2.0216
1.6750
1.6749
1.5319
1.3136
1.5583
2.0930
1.2610
1.1833
1.0383
1.3284
1.4163
1.0674
1.6448
2.1171
0.7978
0.7834
0.8123
0.6198
0.3267
0.6914
1.4776
0.5364
0.7742
0.6969
0.4367
0.2718
0.1079
0.0256
0.4440
-0.1174
0.4898
-0.0859
0.6723
0.0405
0.2870
0.1892
-0.2173
-0.2052
-0.1973
-0.1431
0.0169
0.0214
-0.5734
-0.7109
-0.4513
-0.4767
-0.5591
-0.0621
-0.4740
0.0677
-0.6938
-0.6304
-0.4361
-0.4111
-0.4725
-0.3568
-0.4848
-0.3218
-0.6307
-0.4029
-0.6868
-0.6556
-0.2828
-0.3760
-0.4900
-0.4976
-0.3196
-0.4326
-0.5915
-0.5170
-0.5348
-0.5304
-0.2455
-0.6418
-0.5683
-0.4469
-0.7404
-0.6283
-0.6493
-0.5135
-0.5566
-0.8213
-0.7180
-0.9504
-0.8643
-0.8779
-0.8312
-0.8189
-0.5579
-0.2918
-0.6681
-0.6898
-0.7343
-0.5579
-0.6937
-0.4363
-0.6783
-0.9496
-0.9292
-0.9014
-0.7949
-0.4389
-0.6145
-0.5193
-0.5545
-0.4826
-0.2911
-0.2706
-0.2248
-0.3856
-0.4598
-0.2934
-0.3783
-0.4792
-0.4625
-0.6485
-0.6661
-0.5171
-0.4914
-0.6659
-0.6227
-0.5306
-0.5236
0.0482
-0.4851
-0.4407
-0.6378
0.0448
-0.3481
-0.3966
-0.4538
-0.2364
-0.2277
-0.2526
-0.3136
-0.3852
-0.3093
-0.2536
-0.2645
-0.1254
-0.2508
-0.1596
-0.1202
0.0731
-0.3222
-0.0261
0.1437
-0.1162
-0.0364
0.0093
-0.2869
-0.4673
-0.2415
-0.0942
-0.5149
-0.3909
-0.4063
0.2855
-0.3203
0.1908
-0.2685
0.0943
0.0665
0.0423
0.2968
0.3796
0.4295
0.7869
0.4194
-0.0668
0.1239
0.3244
0.2478
0.3853
0.4732
0.4986
0.7742
0.7868
0.5504
0.8357
0.4977
0.6054
0.4358
0.2752
0.5188
0.4424
0.2784
0.3325
0.3656
0.4974
0.8510
0.4522
0.7791
0.4383
0.5967
0.3257
0.3887
0.3692
0.7010
0.5248
0.4266
1.0187
0.7336
0.6187
0.0868
0.2599
0.3052
0.9954
0.6951
0.2968
0.6916
-0.0850
0.0259
0.1792
0.4766
0.3903
0.4085
-0.0209
-0.0435
-0.3824
-0.2432
-0.2584
-0.2555
-0.1336
0.0051
-0.3070
-0.1115
-0.6084
-0.4517
-0.4660
-0.2167
-0.1163
-0.4220
-0.6124
-0.7665
-0.9811
-0.9974
-1.0892
-0.9265
-1.3526
-1.5527
-1.3690
-1.3786
-1.4707
-1.5047
-1.4070
-1.6228
-1.3634
-1.2429
-1.0944
-1.6144
-1.4991
-1.4714
-1.1538
-1.2148
-1.1961
-1.3072
-1.4723
-1.3120
-1.4469
-1.5016
-1.1942
-1.3732
-1.1690
-1.1927
-1.1082
-1.1687
-1.0415
-1.0141
-0.9319
-0.5753
-0.9717
-0.9848
-1.0143
-0.9777
-0.9889
-1.0057
-0.9179
-1.2090
-1.3368
-1.3810
-1.2528
-1.4730
-1.4682
-1.3062
-1.1181
-1.4706
-1.4616
-1.2363
-1.4228
-1.4471
-1.3923
-1.4354
-0.9703
-1.5746
-1.5239
-1.3476
-1.8147
-1.6943
-1.0575
-0.8523
-1.1471
-0.7307
-0.8535
-1.2479
-1.2287
-1.1947
-0.9901
-1.0763
-1.1790
-1.2087
-1.4258
-0.3725
-0.7249
-1.1271
-1.0859
-1.8097
-1.2655
-1.0378
-0.8077
-0.9409
-0.0968
-0.1456
0.1143
-0.3731
0.0104
-0.2831
-0.4826
-0.6176
-0.3161
-0.6508
-0.6424
-0.5980
-0.4218
-0.7251
-0.6675
0.1915
-0.2111
-0.2619
-0.4402
-0.7081
-0.6250
0.1004
-0.1552
-0.2021
0.1215
-0.1401
-0.0344
-0.1799
-0.1104
-0.2333
-0.3099
-0.4216
0.1268
0.4351
0.3353
0.6102
0.2164
0.6161
0.3753
1.1435
0.9115
1.2939
0.7654
0.7134
0.4554
0.5786
0.4831
0.5399
0.6916
0.8355
1.0231
1.5847
0.9203
1.0426
0.8981
0.7464
0.6311
1.0786
0.7941
1.1740
1.3020
1.1182
0.7872
0.9957
0.9673
0.8010
0.6417
0.7553
0.9981
1.3535
0.8795
0.9547
0.3001
1.1677
0.5473
0.8745
0.7964
0.4124
0.3049
0.9086
0.6280
0.6629
0.5477
0.4807
0.3350
1.0918
1.3371
0.6380
0.8000
0.4280
0.4214
0.1527
-0.0858
0.4951
-0.3419
1.1621
0.0222
0.0284
0.4691
0.3049
0.4172
0.5863
0.6725
0.5211
0.1559
0.1521
-0.0511
0.4064
0.7196
0.4886
0.8902
0.0682
0.5157
0.5427
0.7653
0.1571
0.0951
0.0041
0.6132
0.5084
0.5401
1.6304
0.4223
0.4090
0.6706
0.6998
0.5332
0.3051
-0.2723
-0.1687
-0.4899
-0.4815
-0.4831
-0.3213
0.5347
-0.0010
0.2172
0.2466
0.3060
0.3505
0.9739
0.4777
-0.2660
-0.4426
-0.9822
-0.2513
-1.0345
-0.6634
-1.2031
-1.1454
-0.4569
-0.7273
-0.2755
-0.2052
-0.2474
0.2863
-0.0654
0.0818
0.2848
-0.4192
0.1970
-0.8858
-0.8087
-0.5978
-0.0377
-0.1907
-0.1770
-0.7415
-0.6853
-0.9679
-0.7801
-0.4563
-0.1266
0.2571
0.2194
0.6597
0.3323
0.4944
-0.0242
0.3005
-0.0602
-0.0375
0.1166
0.3812
0.4174
0.8385
0.8396
1.0858
0.4219
0.4812
0.3085
0.2614
0.0598
0.3683
0.0889
0.3784
0.0621
0.0944
0.5043
0.2342
0.0011
0.3357
0.1487
-0.0439
0.0083
0.0368
0.4630
0.4486
0.1962
0.2371
0.6173
0.4291
0.3094
0.1304
0.1391
0.4610
0.9321
1.1191
0.5324
0.5238
0.3681
0.1971
0.1553
-0.0080
0.3272
-0.2329
-0.1685
-0.2416
-0.0512
-0.0437
0.1067
-0.0343
-0.2262
-0.0687
-0.4354
-0.4820
-0.6159
-0.2493
-0.5215
-0.4056
-0.5798
-0.3564
-0.4964
-0.7459
-0.8376
-0.5695
-0.3894
-0.4647
-0.4775
-0.5593
-0.4402
-0.6127
-0.4411
-0.5545
-0.5113
-0.7639
-0.4427
-0.7118
-0.5463
-0.5534
-0.7987
-0.6450
-0.7092
-0.8938
-0.6415
-0.7550
-0.6247
-0.6721
-0.7053
-0.6670
-0.7572
-0.9860
-0.9933
-0.8951
-0.8073
-0.1088
-0.4431
-0.2626
-0.2366
-0.5583
-0.7901
-0.9585
-1.0081
-1.0908
-0.9421
-0.9575
-0.7531
-0.8090
-0.7397
-0.9493
-0.8325
-1.0166
-1.2133
-0.9769
-1.0464
-1.0249
-1.0236
-1.0964
-1.2010
-0.9774
-1.3059
-1.0842
-1.1850
-0.9441
-1.3472
-1.5564
-1.6435
-1.5151
-1.7614
-1.7465
-1.7893
-1.7124
-1.6908
-1.3762
-1.4347
-1.0848
-1.0762
-0.9994
-1.0746
-1.2009
-0.8969
-1.3172
-1.6966
-1.5250
-1.5258
-1.2966
-0.8515
-1.1787
-0.8393
-1.3031
-1.3599
-1.0920
-1.3534
-1.1722
-1.5739
-1.6650
-1.6300
-1.7084
-1.6180
-1.5659
-1.3657
-1.2167
-1.4896
-1.3095
-1.0077
-1.0326
-1.1903
-1.6057
-1.5910
-1.4129
-1.5006
-1.1607
-1.3134
-1.0081
-0.8371
-0.8596
-0.9667
-1.0970
-1.1964
-1.1250
-0.9836
-0.7457
-0.6511
-0.6159
-0.3445
-0.3764
-0.1847
-0.1677
-0.6101
-0.7987
-0.7215
-0.7257
-0.7132
-0.5716
-0.4895
0.1817
0.3362
0.6538
0.5097
-0.3826
-0.5397
-0.2388
0.0509
-0.0560
0.1563
-0.0681
0.1105
0.0959
0.0820
0.7933
0.5822
0.6992
1.0671
0.5189
0.3552
0.7897
0.3515
0.7764
0.1278
0.5118
0.8388
0.7365
0.7330
1.0244
1.3463
1.6839
0.8949
0.8685
0.8017
1.2663
1.0652
1.2946
1.2741
1.2230
1.2622
0.8810
0.9107
1.2919
0.9126
1.3291
1.2526
1.9704
1.1792
1.3141
1.0056
1.6935
1.2866
0.9841
0.4957
0.7092
0.6848
0.5551
1.1702
1.1499
1.4442
0.7737
0.4035
0.5995
0.6765
0.4024
0.2965
0.3957
0.3422
0.4746
-0.4079
-0.0173
-0.0449
0.5882
-0.2577
-0.3570
-0.3140
-0.3125
0.1655
-0.0900
-0.1156
0.1170
0.0896
0.5458
0.4399
0.3438
0.1628
0.6335
0.4523
0.0536
-0.3576
-0.1722
-0.3318
-0.2814
-0.2401
-0.3081
-0.3086
-0.2333
-0.1167
0.8620
0.0650
1.2159
1.0278
1.1374
0.8541
1.0422
-0.2559
0.2428
0.1735
0.6081
0.3665
0.1088
0.6981
0.6796
0.3920
1.2124
1.1901
0.8823
1.1906
0.8551
1.1448
0.3722
0.3586
0.0991
1.0792
1.0227
0.0578
0.5016
0.5108
0.3501
0.6949
1.2156
0.9078
1.3326
1.0148
0.9978
0.3812
0.1735
0.5394
0.2983
-0.1641
-0.4062
-0.2684
-0.8091
-0.8861
-1.0820
-0.8559
-0.8243
-0.7848
-0.8378
-0.4315
-0.4420
0.4383
0.4300
-0.0301
0.4698
-0.8525
-0.8395
-1.5765
-1.3951
-1.4651
-0.5605
-0.7039
-0.9395
-1.3154
-1.2874
-1.8673
-1.6551
-2.1035
-2.0196
-1.3406
-1.8740
-1.9105
-2.0676
-2.3441
-2.4719
-2.5658
-2.4215
-1.7873
-2.2492
-2.2743
-2.2430
-2.2936
-2.1372
-1.9831
-2.1544
-1.9767
-2.2011
-2.2817
-2.5286
-2.5991
-2.4789
-2.6547
-2.2058
-2.4065
-2.0800
-2.0844
-1.8200
-1.8708
-2.0894
-1.6499
-2.1057
-2.2889
-2.2713
-2.3111
-2.3092
-2.5366
-2.7025
-2.7657
-2.7766
-2.4683
-2.4479
-2.2099
-2.2698
-2.1703
-2.1589
-1.9608
-1.7715
-1.7848
-1.9289
-1.4494
-1.7668
-1.5174
-1.5668
-1.8072
-1.9593
-1.9497
-1.5939
-1.5376
-1.3079
-1.7993
-1.3184
-1.5217
-1.4237
-1.4082
-1.0815
-1.0298
-1.1897
-0.3311
-0.8286
-0.2396
-0.6324
-0.7137
-0.8466
-0.4964
-0.6103
-0.5947
-0.3161
-0.5653
-0.5693
-0.4600
-0.4889
-0.4500
-0.2787
-0.2777
0.0312
-0.2540
0.2563
0.2415
0.1036
1.0180
0.4315
0.3584
0.4652
0.7150
0.9731
1.0600
1.4295
1.2257
0.9008
0.8179
1.0553
0.6325
1.2833
1.6173
1.2487
1.4868
1.9249
1.5559
1.4663
1.2667
1.3124
1.2798
1.3905
0.8358
0.8938
1.0686
1.4093
1.4843
1.0798
1.4260
1.1515
1.1951
1.0781
1.4791
1.2151
1.0017
1.1960
1.3747
1.0940
0.8371
0.6330
0.6253
0.5797
0.6789
0.2704
0.6424
0.2528
0.1495
0.0068
0.1288
-0.0010
0.1168
-0.1467
-0.0518
-0.3382
-0.1874
-0.5065
-0.4122
-0.2723
0.0514
0.1389
0.5107
0.2671
0.1867
-0.0264
0.4765
0.2086
-0.2655
-0.1501
-0.1704
-0.5726
-0.4214
-0.0628
-0.5838
-0.5323
-0.2887
-0.4766
0.0777
0.0598
-0.0299
-0.2039
-0.1767
-0.1538
0.0457
0.1215
0.4975
0.2196
0.2910
0.3899
0.8914
0.8285
0.3046
0.5755
0.6690
0.6290
0.0401
1.0507
0.5015
0.0593
0.0518
0.3323
0.0409
0.2760
0.4855
0.5246
0.9648
0.6279
0.3875
0.7825
0.8750
0.7079
0.5602
0.5703
0.6172
0.6399
1.0513
0.2563
0.6354
0.6216
0.1186
0.0284
-0.0027
0.4863
0.5526
0.4582
0.3460
0.1508
0.4615
0.3687
0.3335
0.1438
-0.1862
0.1798
0.1591
0.6204
0.4524
0.9610
0.4208
0.2178
0.0618
0.2271
0.3074
0.5828
-0.0874
0.3698
0.4144
-0.1488
0.2393
0.2561
0.2986
0.1199
-0.2614
0.3409
-0.4481
0.1065
0.0813
0.2097
-0.0479
0.2928
0.3002
0.3922
0.1915
0.0709
0.6224
-0.0244
0.5317
0.6315
1.2460
0.4686
0.3388
0.4106
0.3528
0.7929
0.7583
0.6045
1.0027
0.3864
1.2458
0.4318
0.8009
0.4474
0.0598
0.1159
-0.3090
-0.1940
-0.2355
-0.3293
-0.1881
-0.2615
0.1355
-0.1490
0.0776
-0.1158
-0.2171
-0.3075
-0.1912
-0.3497
-0.3707
-0.1482
0.0455
-0.0491
-0.1694
-0.0268
-0.7017
-0.7218
-0.8690
-1.0087
-1.0912
-0.9869
-1.2413
-1.1385
-1.3109
-1.3758
-1.3790
-1.4527
-1.5076
-1.5162
-1.4931
-1.5675
-1.3999
-1.7181
-1.7577
-1.7503
-1.6781
-1.5191
-1.7270
-1.8510
-1.9288
-1.8925
-2.0100
-2.0007
-2.0574
-2.0800
-2.0312
-2.0396
-1.7821
-1.5432
-1.7137
-1.9490
-1.9349
-1.8549
-1.8496
-1.7835
-1.8632
-1.8936
-1.9505
-1.7325
-1.8170
-1.9957
-2.0145
-1.8393
-2.0091
-2.1749
-2.2225
-2.2526
-2.2942
-2.2700
-2.3711
-2.2956
-2.3476
-2.2554
-2.3016
-2.1908
-2.1318
-2.0471
-1.9633
-1.9979
-1.8064
-1.8195
-1.8992
-2.0118
-2.0100
-1.8484
-1.6885
-1.3458
-1.4764
-1.4437
-1.4582
-1.3890
-1.4274
-1.3728
-1.2213
-1.3009
-1.3483
-1.3299
-1.3138
-1.5943
-1.6353
-1.6196
-1.5789
-1.5411
-1.5560
-1.5338
-1.5121
-1.4754
-1.4231
-1.4366
-1.3969
-1.4308
-1.3721
-1.3795
-1.1983
-1.1198
-0.9205
-0.8069
-0.4615
-0.5246
-0.3131
-0.2816
-0.1281
0.3445
0.0244
0.3952
0.4560
0.4380
0.8148
0.8853
1.1882
1.2059
1.3253
1.6687
1.1976
1.1943
1.1141
1.4534
1.2391
1.3578
1.0867
1.3151
0.9316
1.0622
1.2665
1.5624
1.2657
0.9704
1.1641
1.6886
1.7086
1.2999
0.9975
1.0187
1.1471
0.9213
0.4674
1.0463
0.5092
0.9193
0.5173
1.2369
0.9625
0.8789
0.5778
1.0047
0.5170
0.1585
0.8059
0.1258
0.7069
0.3598
0.5950
0.5480
0.5331
0.3516
0.5150
0.0913
1.2235
0.3575
0.1411
-0.0425
-0.2250
0.6600
0.4343
0.5339
0.9513
0.1136
0.5991
0.1907
0.7630
0.3087
0.1040
0.5304
0.7892
0.9305
1.1246
1.0881
0.8767
1.0775
0.8365
0.7863
0.3976
0.3504
0.8445
0.4323
0.5487
0.7831
0.4537
0.3607
0.8389
0.9311
1.0281
0.9695
0.5519
1.2324
1.0187
0.7869
1.0408
1.3715
0.7563
0.3138
0.4251
0.7156
1.5785
0.7727
1.6359
1.1142
1.4417
1.1891
1.2053
1.6608
1.2846
1.7176
1.0463
1.3040
1.2386
1.5104
1.4826
1.7222
1.2830
1.0997
1.8657
1.1096
0.9843
1.1548
1.6304
0.6442
0.3846
-0.0569
0.6821
-0.0585
-0.3269
0.5088
0.2603
1.2101
0.9278
0.8744
0.8332
0.4981
0.0893
0.4164
0.5954
0.4365
0.3795
1.0369
0.8666
0.7328
-0.1123
1.0088
0.6789
0.9802
0.4326
0.4276
0.5253
0.1195
0.8597
0.5673
0.4476
0.0017
0.0838
0.4065
-0.2685
-0.5174
-0.1281
-0.2483
-0.1959
0.0429
0.6944
0.2166
0.5805
0.1851
0.5248
-0.0761
0.2705
0.1606
0.8295
0.0085
-0.1502
-0.1573
-0.0686
0.2965
-0.2059
0.0588
0.1176
0.3664
0.0851
0.1621
0.4225
0.5225
0.3606
0.7338
0.2453
0.4387
0.1278
0.2175
0.0157
0.2584
0.1051
0.3684
0.1117
0.2522
0.2746
0.2095
0.0538
0.2169
0.0235
0.1460
-0.2164
-0.1727
-0.2524
-0.0869
-0.2646
-0.4117
-0.4089
-0.1936
-0.2696
-0.0055
-0.0605
-0.1124
-0.0587
0.0301
-0.1612
-0.1844
-0.2654
-0.3167
-0.4313
-0.4098
-0.4390
-0.3714
-0.4116
-0.3917
-0.3879
-0.4549
-0.4841
-0.5295
-0.5340
-0.1920
-0.4428
-0.4037
-0.4898
-0.4952
-0.4856
-0.5077
-0.5102
-0.5090
-0.4643
-0.4142
-0.3740
-0.3416
-0.3495
-0.1266
-0.3103
-0.2771
-0.2473
-0.2771
-0.3039
-0.3575
-0.2943
-0.3260
-0.2524
-0.2937
-0.2566
-0.2433
-0.2348
-0.2405
-0.2358
-0.2327
-0.2212
-0.1827
-0.1803
-0.1379
-0.1106
0.0408
-0.1975
-0.3259
-0.3942
-0.2444
-0.4689
-0.4754
-0.4670
-0.3886
-0.4426
-0.4278
-0.5122
-0.5450
-0.5442
-0.6159
-0.6476
-0.7058
-0.7235
-0.7606
-0.7921
-0.6647
-0.9298
-0.9967
-1.0807
-1.0481
-1.1699
-1.1664
-1.1643
-1.0110
-1.1474
-1.2616
-1.3003
-1.2496
-1.3512
-1.3101
-1.4941
-1.4530
-1.4044
-1.5628
-1.7035
-1.6036
-1.7207
-1.6702
-1.8041
-1.6487
-1.7138
-1.5395
-1.6971
-1.6469
-1.8196
-1.8344
-1.8966
-1.8115
-1.7171
-1.7794
-1.5683
-1.7409
-1.5074
-1.3521
-1.3459
-1.4369
-1.5597
-1.3282
-1.6148
-1.5278
-1.5548
-1.3922
-1.3132
-0.9698
-0.9224
-0.9087
-1.1384
-0.9381
-0.9876
-1.2329
-1.3529
-1.0554
-1.2920
-1.1453
-0.7401
-1.0498
-0.7118
-0.9571
-1.0561
-1.1350
-0.7987
-1.0431
-1.0123
-0.6607
-0.9778
-0.8391
-0.6897
-0.3634
-0.6730
-0.5818
-0.8892
-0.6429
-0.0726
0.1862
-0.1953
-0.3247
-0.4952
-0.1203
-0.3868
-0.4307
-0.4618
-0.5071
-0.3650
-0.5546
-0.1961
-0.2611
0.3505
0.3505
0.3599
0.2083
0.3500
0.0605
0.4646
0.6612
0.4590
0.3516
0.8924
0.1782
0.1125
-0.0632
-0.2549
-0.2404
0.0278
0.1559
0.1956
0.0594
0.6741
0.2184
0.3390
0.3917
0.3468
0.2926
0.0823
0.7278
0.3358
0.7365
0.0870
0.1421
0.6902
0.5156
0.2183
0.6247
0.9025
0.8579
0.4181
1.1737
0.9478
1.2269
1.3183
0.5935
1.1305
0.6734
0.8128
0.8396
0.7075
0.9391
1.0486
1.2009
1.0184
0.8348
1.1787
1.3768
1.5734
2.1766
1.9225
1.4154
1.5392
1.5446
2.0390
1.8344
2.0893
1.3279
1.5785
1.0644
1.0783
1.0575
1.1067
0.9789
1.6663
1.8111
1.5521
1.8705
1.2055
1.9048
1.0073
1.2013
0.8074
1.2071
1.3309
1.3716
1.5267
1.4695
1.8940
1.2121
1.2865
1.2978
1.5611
1.4494
1.7335
1.6492
1.3786
1.5323
1.7504
1.5770
1.4408
1.2984
1.8257
1.5761
1.7523
1.7507
1.7325
1.7106
1.9701
1.4273
1.6914
1.9652
1.2044
1.2523
1.5877
1.6113
1.6450
0.9621
1.2671
1.0463
1.1625
1.3193
0.8737
1.3289
1.0255
0.3186
0.2934
0.2315
1.2414
0.7756
1.2643
1.3213
0.5459
1.2891
0.7658
0.8369
1.1841
1.4041
1.2057
0.1562
0.5561
0.2539
0.0306
0.6371
0.1931
1.3723
0.7558
1.5541
1.1599
0.4620
-0.1331
0.6435
-0.4085
0.5055
0.2850
0.2275
-0.0022
-0.4230
-0.1939
-0.1839
-0.0029
0.0089
0.2711
0.0703
0.0719
-0.1187
-0.5142
-0.6230
-0.5999
-0.7134
-0.5275
-0.5256
-0.6563
-0.5214
-0.1422
-0.4930
0.0345
-0.2445
-0.0365
-0.0128
-0.7857
-0.5696
-0.4866
-0.2111
-0.5589
-0.8967
-0.7042
-0.7901
-0.9000
-0.8576
-0.6893
-0.6783
-0.6311
-0.6991
-0.4107
-0.4444
-0.2201
-0.4632
-0.0056
-0.5679
-0.5439
-0.5854
-0.2459
-0.7146
-0.8008
-0.8202
-0.7383
-0.5356
-0.3588
-0.2039
-0.3190
-0.2330
-0.4609
-0.3285
-0.4172
-0.4223
-0.4372
-0.4844
-0.4719
-0.3301
-0.3743
-0.1588
-0.5025
-0.5397
-0.6444
-0.5027
-0.7891
-0.4560
-0.6202
-0.5339
-0.6305
-0.2675
-0.6369
-0.7256
-0.7773
-0.7383
-0.9119
-0.8801
-0.7823
-0.7038
-0.6958
-0.7373
-0.8277
-0.6488
-0.8810
-0.9545
-1.0596
-1.0293
-1.0508
-1.3215
-1.3301
-1.1987
-1.2468
-1.5012
-1.3237
-1.5231
-1.3161
-1.5655
-1.5399
-1.3388
-1.2992
-1.3846
-1.5542
-1.4881
-1.7994
-1.3895
-1.7856
-1.9143
-2.0239
-1.9896
-2.1091
-2.0930
-1.9783
-1.9270
-1.8473
-1.8693
-1.9795
-1.9763
-2.1477
-2.2471
-2.4132
-2.3514
-2.6044
-2.6008
-2.5910
-2.4321
-2.4673
-2.2970
-2.3570
-2.1868
-2.2168
-2.1439
-2.1324
-2.0156
-1.9183
-1.6167
-1.6967
-1.2928
-1.3300
-1.1765
-1.1507
-1.0928
-0.8283
-0.9368
-0.7217
-0.3395
-0.3692
-0.3194
-0.2714
-0.1778
0.0306
0.1939
0.5334
0.3453
0.3490
0.2680
0.2045
0.3236
0.5757
0.3586
0.5117
0.6329
0.6291
0.8461
0.7860
0.7527
0.5665
0.5851
0.4009
0.8512
1.1284
1.2475
1.0842
1.2031
1.3281
0.7784
0.6777
0.6260
0.8436
1.1146
1.2469
1.0997
0.7624
0.9211
1.3874
0.5114
0.9253
0.7447
0.5589
0.3000
0.4932
0.0115
0.2190
-0.0263
0.0528
-0.1782
-0.0798
-0.4572
-0.3624
-0.6803
-0.3934
-0.2802
-0.4844
-0.6914
-0.7536
-0.1883
-0.2890
-0.4194
-0.4177
-0.2491
-0.4527
-0.0246
-0.3226
0.1236
-0.0877
0.0089
-0.0224
0.2633
0.1351
0.1428
0.5134
0.7285
0.6543
