1.5540
1.6385
1.7100
1.7684
1.8155
1.8540
1.8864
1.9148
1.9400
1.9622
1.9815
1.9974
2.0101
2.0193
2.0249
2.0264
2.0231
2.0141
1.9989
1.9774
1.9505
1.9196
1.8871
1.8550
1.8250
1.7978
1.7728
1.7489
1.7245
1.6984
1.6697
1.6386
1.6049
1.5693
1.5314
1.4911
1.4476
1.4010
1.3513
1.2999
1.2483
1.1989
1.1532
1.1125
1.0767
1.0449
1.0157
0.9877
0.9598
0.9313
0.9023
0.8728
0.8431
0.8134
0.7840
0.7555
0.7289
0.7055
0.6862
0.6717
0.6610
0.6524
0.6429
0.6298
0.6109
0.5856
0.5547
0.5203
0.4850
0.4515
0.4210
0.3942
0.3701
0.3473
0.3238
0.2981
0.2690
0.2364
0.2011
0.1647
0.1298
0.0988
0.0736
0.0550
0.0421
0.0324
0.0226
0.0089
-0.0116
-0.0405
-0.0773
-0.1200
-0.1650
-0.2088
-0.2484
-0.2821
-0.3095
-0.3313
-0.3487
-0.3629
-0.3745
-0.3841
-0.3923
-0.3997
-0.4076
-0.4173
-0.4299
-0.4462
-0.4658
-0.4874
-0.5085
-0.5262
-0.5375
-0.5397
-0.5311
-0.5112
-0.4803
-0.4400
-0.3926
-0.3406
-0.2871
-0.2347
-0.1857
-0.1417
-0.1033
-0.0700
-0.0405
-0.0127
0.0150
0.0440
0.0749
0.1073
0.1409
0.1752
0.2103
0.2464
0.2838
0.3228
0.3634
0.4054
0.4488
0.4940
0.5414
0.5921
0.6474
0.7081
0.7744
0.8457
0.9195
0.9926
1.0614
1.1227
1.1745
1.2162
1.2484
1.2726
1.2906
1.3043
1.3159
1.3281
1.3440
1.3667
1.3988
1.4414
1.4942
1.5551
1.6205
1.6866
1.7496
1.8069
1.8573
1.9009
1.9391
1.9736
2.0056
2.0359
2.0646
2.0913
2.1160
2.1395
2.1634
2.1896
2.2197
2.2541
2.2918
2.3305
2.3676
2.4011
2.4307
2.4576
2.4844
2.5141
2.5489
2.5897
2.6356
2.6845
2.7333
2.7792
2.8200
2.8543
2.8816
2.9019
2.9155
2.9227
2.9240
2.9198
2.9108
2.8971
2.8781
2.8519
2.8154
2.7646
2.6965
2.6095
2.5051
2.3876
2.2638
2.1409
2.0258
1.9239
1.8381
1.7692
1.7161
1.6760
1.6451
1.6193
1.5946
1.5675
1.5349
1.4945
1.4444
1.3831
1.3100
1.2252
1.1300
1.0269
0.9189
0.8086
0.6985
0.5903
0.4850
0.3834
0.2867
0.1956
0.1107
0.0314
-0.0438
-0.1177
-0.1928
-0.2714
-0.3539
-0.4398
-0.5270
-0.6130
-0.6957
-0.7736
-0.8463
-0.9139
-0.9774
-1.0383
-1.0986
-1.1601
-1.2250
-1.2944
-1.3690
-1.4479
-1.5295
-1.6110
-1.6892
-1.7606
-1.8221
-1.8713
-1.9067
-1.9283
-1.9373
-1.9357
-1.9269
-1.9142
-1.9007
-1.8888
-1.8796
-1.8731
-1.8682
-1.8630
-1.8559
-1.8453
-1.8310
-1.8134
-1.7935
-1.7728
-1.7521
-1.7319
-1.7115
-1.6899
-1.6661
-1.6394
-1.6098
-1.5784
-1.5469
-1.5176
-1.4918
-1.4703
-1.4524
-1.4368
-1.4212
-1.4039
-1.3833
-1.3585
-1.3292
-1.2949
-1.2553
-1.2101
-1.1590
-1.1020
-1.0398
-0.9737
-0.9058
-0.8384
-0.7740
-0.7149
-0.6627
-0.6188
-0.5841
-0.5588
-0.5426
-0.5338
-0.5293
-0.5246
-0.5150
-0.4964
-0.4669
-0.4277
-0.3822
-0.3356
-0.2931
-0.2583
-0.2332
-0.2177
-0.2105
-0.2096
-0.2136
-0.2206
-0.2296
-0.2391
-0.2475
-0.2535
-0.2558
-0.2541
-0.2491
-0.2421
-0.2356
-0.2321
-0.2337
-0.2416
-0.2554
-0.2732
-0.2916
-0.3072
-0.3168
-0.3192
-0.3148
-0.3060
-0.2960
-0.2878
-0.2834
-0.2839
-0.2895
-0.3005
-0.3177
-0.3425
-0.3766
-0.4209
-0.4754
-0.5383
-0.6069
-0.6781
-0.7486
-0.8162
-0.8797
-0.9389
-0.9945
-1.0477
-1.1003
-1.1547
-1.2136
-1.2796
-1.3549
-1.4406
-1.5362
-1.6395
-1.7469
-1.8542
-1.9574
-2.0536
-2.1416
-2.2222
-2.2976
-2.3713
-2.4470
-2.5278
-2.6155
-2.7097
-2.8085
-2.9083
-3.0053
-3.0962
-3.1790
-3.2535
-3.3209
-3.3834
-3.4440
-3.5055
-3.5704
-3.6400
-3.7144
-3.7917
-3.8685
-3.9408
-4.0052
-4.0596
-4.1044
-4.1419
-4.1758
-4.2099
-4.2473
-4.2897
-4.3376
-4.3910
-4.4497
-4.5138
-4.5835
-4.6586
-4.7377
-4.8183
-4.8964
-4.9679
-5.0295
-5.0798
-5.1197
-5.1525
-5.1820
-5.2117
-5.2433
-5.2759
-5.3064
-5.3308
-5.3451
-5.3473
-5.3373
-5.3169
-5.2888
-5.2558
-5.2194
-5.1799
-5.1365
-5.0883
-5.0349
-4.9772
-4.9170
-4.8572
-4.8001
-4.7477
-4.7003
-4.6573
-4.6169
-4.5774
-4.5372
-4.4956
-4.4518
-4.4055
-4.3559
-4.3024
-4.2440
-4.1806
-4.1126
-4.0409
-3.9668
-3.8913
-3.8151
-3.7388
-3.6626
-3.5869
-3.5122
-3.4386
-3.3662
-3.2949
-3.2244
-3.1542
-3.0840
-3.0135
-2.9426
-2.8708
-2.7982
-2.7249
-2.6516
-2.5794
-2.5097
-2.4436
-2.3820
-2.3247
-2.2706
-2.2181
-2.1652
-2.1107
-2.0543
-1.9968
-1.9396
-1.8845
-1.8327
-1.7842
-1.7383
-1.6935
-1.6482
-1.6012
-1.5519
-1.5005
-1.4475
-1.3940
-1.3413
-1.2908
-1.2445
-1.2040
-1.1708
-1.1456
-1.1279
-1.1164
-1.1091
-1.1036
-1.0976
-1.0892
-1.0768
-1.0599
-1.0383
-1.0129
-0.9847
-0.9556
-0.9271
-0.9011
-0.8791
-0.8623
-0.8516
-0.8471
-0.8486
-0.8551
-0.8655
-0.8785
-0.8932
-0.9091
-0.9260
-0.9437
-0.9615
-0.9782
-0.9921
-1.0010
-1.0034
-0.9983
-0.9862
-0.9681
-0.9462
-0.9229
-0.9005
-0.8813
-0.8675
-0.8607
-0.8619
-0.8712
-0.8873
-0.9074
-0.9281
-0.9454
-0.9559
-0.9578
-0.9507
-0.9360
-0.9163
-0.8943
-0.8726
-0.8530
-0.8364
-0.8227
-0.8114
-0.8020
-0.7947
-0.7899
-0.7890
-0.7929
-0.8020
-0.8149
-0.8285
-0.8389
-0.8419
-0.8345
-0.8158
-0.7870
-0.7510
-0.7114
-0.6714
-0.6334
-0.5985
-0.5672
-0.5400
-0.5175
-0.5007
-0.4905
-0.4871
-0.4897
-0.4963
-0.5044
-0.5111
-0.5145
-0.5136
-0.5087
-0.5017
-0.4949
-0.4910
-0.4922
-0.4999
-0.5146
-0.5358
-0.5628
-0.5945
-0.6299
-0.6683
-0.7090
-0.7516
-0.7953
-0.8390
-0.8815
-0.9218
-0.9594
-0.9946
-1.0289
-1.0641
-1.1026
-1.1458
-1.1941
-1.2467
-1.3018
-1.3570
-1.4103
-1.4599
-1.5049
-1.5449
-1.5799
-1.6100
-1.6349
-1.6547
-1.6693
-1.6795
-1.6862
-1.6907
-1.6941
-1.6974
-1.7005
-1.7034
-1.7061
-1.7096
-1.7152
-1.7250
-1.7406
-1.7626
-1.7900
-1.8201
-1.8489
-1.8723
-1.8867
-1.8903
-1.8832
-1.8678
-1.8478
-1.8280
-1.8128
-1.8055
-1.8078
-1.8197
-1.8397
-1.8652
-1.8937
-1.9226
-1.9505
-1.9765
-2.0006
-2.0234
-2.0454
-2.0668
-2.0874
-2.1068
-2.1239
-2.1376
-2.1474
-2.1530
-2.1552
-2.1553
-2.1552
-2.1565
-2.1604
-2.1675
-2.1775
-2.1896
-2.2030
-2.2165
-2.2294
-2.2411
-2.2515
-2.2606
-2.2689
-2.2765
-2.2835
-2.2897
-2.2946
-2.2976
-2.2981
-2.2954
-2.2894
-2.2800
-2.2680
-2.2543
-2.2402
-2.2271
-2.2159
-2.2069
-2.1997
-2.1931
-2.1860
-2.1776
-2.1678
-2.1574
-2.1474
-2.1391
-2.1335
-2.1307
-2.1304
-2.1313
-2.1321
-2.1315
-2.1284
-2.1222
-2.1128
-2.1007
-2.0865
-2.0709
-2.0545
-2.0375
-2.0203
-2.0030
-1.9857
-1.9686
-1.9520
-1.9361
-1.9213
-1.9080
-1.8966
-1.8873
-1.8805
-1.8759
-1.8734
-1.8724
-1.8725
-1.8734
-1.8750
-1.8776
-1.8814
-1.8864
-1.8927
-1.8997
-1.9071
-1.9149
-1.9238
-1.9345
-1.9482
-1.9654
-1.9859
-2.0085
-2.0310
-2.0508
-2.0652
-2.0718
-2.0695
-2.0578
-2.0376
-2.0105
-1.9783
-1.9431
-1.9067
-1.8709
-1.8373
-1.8070
-1.7808
-1.7588
-1.7404
-1.7243
-1.7090
-1.6932
-1.6763
-1.6585
-1.6408
-1.6245
-1.6107
-1.6002
-1.5923
-1.5856
-1.5778
-1.5664
-1.5496
-1.5265
-1.4975
-1.4639
-1.4274
-1.3895
-1.3514
-1.3138
-1.2775
-1.2432
-1.2116
-1.1835
-1.1592
-1.1382
-1.1196
-1.1017
-1.0828
-1.0612
-1.0358
-1.0060
-0.9722
-0.9352
-0.8967
-0.8586
-0.8230
-0.7918
-0.7663
-0.7475
-0.7350
-0.7276
-0.7232
-0.7190
-0.7120
-0.6999
-0.6811
-0.6559
-0.6254
-0.5918
-0.5576
-0.5251
-0.4956
-0.4694
-0.4459
-0.4237
-0.4012
-0.3776
-0.3521
-0.3250
-0.2967
-0.2674
-0.2372
-0.2057
-0.1726
-0.1379
-0.1021
-0.0661
-0.0312
0.0009
0.0292
0.0528
0.0714
0.0850
0.0939
0.0986
0.0999
0.0991
0.0973
0.0961
0.0968
0.1001
0.1059
0.1134
0.1211
0.1272
0.1302
0.1291
0.1235
0.1135
0.0995
0.0820
0.0615
0.0387
0.0140
-0.0116
-0.0371
-0.0615
-0.0837
-0.1033
-0.1202
-0.1349
-0.1483
-0.1611
-0.1739
-0.1865
-0.1985
-0.2092
-0.2182
-0.2256
-0.2324
-0.2398
-0.2497
-0.2635
-0.2824
-0.3068
-0.3363
-0.3694
-0.4044
-0.4389
-0.4708
-0.4986
-0.5216
-0.5399
-0.5545
-0.5666
-0.5772
-0.5869
-0.5955
-0.6027
-0.6080
-0.6113
-0.6134
-0.6150
-0.6173
-0.6211
-0.6271
-0.6348
-0.6437
-0.6527
-0.6609
-0.6673
-0.6713
-0.6724
-0.6702
-0.6647
-0.6560
-0.6444
-0.6308
-0.6163
-0.6024
-0.5904
-0.5819
-0.5776
-0.5775
-0.5808
-0.5861
-0.5917
-0.5961
-0.5983
-0.5978
-0.5946
-0.5890
-0.5814
-0.5721
-0.5613
-0.5493
-0.5364
-0.5230
-0.5095
-0.4970
-0.4863
-0.4787
-0.4749
-0.4752
-0.4793
-0.4859
-0.4930
-0.4985
-0.5001
-0.4961
-0.4856
-0.4686
-0.4458
-0.4191
-0.3905
-0.3621
-0.3355
-0.3119
-0.2914
-0.2741
-0.2592
-0.2460
-0.2335
-0.2203
-0.2056
-0.1883
-0.1682
-0.1455
-0.1210
-0.0953
-0.0696
-0.0442
-0.0199
0.0032
0.0247
0.0443
0.0620
0.0783
0.0944
0.1113
0.1300
0.1507
0.1728
0.1946
0.2144
0.2305
0.2422
0.2493
0.2523
0.2520
0.2492
0.2451
0.2406
0.2372
0.2363
0.2397
0.2488
0.2644
0.2863
0.3135
0.3441
0.3760
0.4070
0.4357
0.4611
0.4834
0.5029
0.5202
0.5356
0.5492
0.5611
0.5717
0.5816
0.5919
0.6040
0.6191
0.6386
0.6629
0.6922
0.7259
0.7626
0.8004
0.8373
0.8711
0.9004
0.9248
0.9446
0.9607
0.9741
0.9858
0.9960
1.0046
1.0111
1.0151
1.0163
1.0149
1.0113
1.0066
1.0014
0.9963
0.9909
0.9841
0.9733
0.9550
0.9252
0.8797
0.8152
0.7295
0.6218
0.4931
0.3461
0.1850
0.0157
-0.1550
-0.3195
-0.4711
-0.6045
-0.7173
-0.8093
-0.8832
-0.9427
-0.9922
-1.0352
-1.0748
-1.1130
-1.1513
-1.1907
-1.2315
-1.2730
-1.3140
-1.3525
-1.3865
-1.4149
-1.4374
-1.4546
-1.4679
-1.4784
-1.4869
-1.4938
-1.4987
-1.5018
-1.5031
-1.5035
-1.5041
-1.5066
-1.5124
-1.5227
-1.5380
-1.5581
-1.5822
-1.6091
-1.6375
-1.6663
-1.6951
-1.7238
-1.7526
-1.7821
-1.8126
-1.8444
-1.8772
-1.9107
-1.9440
-1.9765
-2.0072
-2.0350
-2.0587
-2.0772
-2.0897
-2.0961
-2.0967
-2.0925
-2.0846
-2.0739
-2.0613
-2.0467
-2.0300
-2.0103
-1.9869
-1.9594
-1.9283
-1.8950
-1.8617
-1.8304
-1.8028
-1.7788
-1.7573
-1.7362
-1.7138
-1.6889
-1.6613
-1.6316
-1.6007
-1.5689
-1.5360
-1.5010
-1.4628
-1.4201
-1.3725
-1.3204
-1.2650
-1.2080
-1.1512
-1.0960
-1.0429
-0.9912
-0.9393
-0.8848
-0.8259
-0.7613
-0.6914
-0.6169
-0.5394
-0.4602
-0.3799
-0.2989
-0.2176
-0.1366
-0.0572
0.0189
0.0898
0.1544
0.2124
0.2647
0.3132
0.3602
0.4083
0.4591
0.5137
0.5721
0.6337
0.6981
0.7649
0.8345
0.9073
0.9836
1.0628
1.1432
1.2221
1.2965
1.3634
1.4212
1.4696
1.5099
1.5446
1.5762
1.6075
1.6404
1.6762
1.7152
1.7577
1.8036
1.8528
1.9055
1.9614
2.0198
2.0791
2.1376
2.1933
2.2449
2.2919
2.3350
2.3750
2.4129
2.4484
2.4806
2.5075
2.5273
2.5387
2.5418
2.5375
2.5273
2.5124
2.4932
2.4689
2.4388
2.4019
2.3585
2.3098
2.2581
2.2057
2.1549
2.1071
2.0625
2.0201
1.9782
1.9346
1.8875
1.8356
1.7786
1.7170
1.6522
1.5856
1.5186
1.4519
1.3858
1.3196
1.2527
1.1842
1.1140
1.0421
0.9691
0.8958
0.8230
0.7517
0.6827
0.6169
0.5547
0.4961
0.4407
0.3875
0.3349
0.2810
0.2242
0.1628
0.0964
0.0249
-0.0504
-0.1274
-0.2033
-0.2755
-0.3416
-0.4006
-0.4523
-0.4975
-0.5375
-0.5739
-0.6083
-0.6421
-0.6768
-0.7140
-0.7552
-0.8019
-0.8546
-0.9132
-0.9764
-1.0426
-1.1100
-1.1768
-1.2418
-1.3043
-1.3641
-1.4215
-1.4773
-1.5322
-1.5867
-1.6412
-1.6953
-1.7481
-1.7985
-1.8456
-1.8890
-1.9295
-1.9687
-2.0088
-2.0519
-2.0992
-2.1511
-2.2067
-2.2642
-2.3216
-2.3770
-2.4284
-2.4739
-2.5115
-2.5389
-2.5543
-2.5570
-2.5480
-2.5302
-2.5085
-2.4881
-2.4747
-2.4722
-2.4831
-2.5072
-2.5428
-2.5863
-2.6335
-2.6801
-2.7223
-2.7576
-2.7850
-2.8049
-2.8191
-2.8302
-2.8412
-2.8545
-2.8709
-2.8898
-2.9081
-2.9217
-2.9254
-2.9146
-2.8860
-2.8388
-2.7754
-2.7011
-2.6246
-2.5559
-2.5050
-2.4794
-2.4822
-2.5112
-2.5589
-2.6145
-2.6663
-2.7042
-2.7213
-2.7149
-2.6854
-2.6357
-2.5698
-2.4922
-2.4074
-2.3193
-2.2312
-2.1456
-2.0636
-1.9853
-1.9098
-1.8363
-1.7637
-1.6916
-1.6197
-1.5480
-1.4767
-1.4058
-1.3358
-1.2675
-1.2024
-1.1416
-1.0862
-1.0359
-0.9894
-0.9446
-0.8992
-0.8513
-0.8005
-0.7474
-0.6937
-0.6415
-0.5930
-0.5491
-0.5101
-0.4746
-0.4403
-0.4041
-0.3634
-0.3165
-0.2634
-0.2056
-0.1456
-0.0862
-0.0296
0.0227
0.0703
0.1135
0.1526
0.1883
0.2209
0.2511
0.2790
0.3048
0.3283
0.3494
0.3675
0.3827
0.3951
0.4051
0.4134
0.4207
0.4275
0.4342
0.4412
0.4488
0.4573
0.4671
0.4780
0.4891
0.4987
0.5046
0.5044
0.4964
0.4803
0.4572
0.4291
0.3988
0.3682
0.3386
0.3103
0.2833
0.2578
0.2345
0.2145
0.1986
0.1870
0.1791
0.1736
0.1689
0.1635
0.1565
0.1473
0.1359
0.1221
0.1063
0.0886
0.0694
0.0493
0.0284
0.0067
-0.0165
-0.0418
-0.0701
-0.1016
-0.1361
-0.1727
-0.2106
-0.2488
-0.2871
-0.3251
-0.3626
-0.3996
-0.4355
-0.4699
-0.5024
-0.5328
-0.5614
-0.5883
-0.6143
-0.6400
-0.6660
-0.6931
-0.7219
-0.7529
-0.7867
-0.8235
-0.8635
-0.9065
-0.9521
-0.9995
-1.0477
-1.0954
-1.1414
-1.1846
-1.2247
-1.2622
-1.2981
-1.3341
-1.3710
-1.4089
-1.4464
-1.4814
-1.5113
-1.5344
-1.5500
-1.5590
-1.5636
-1.5661
-1.5691
-1.5739
-1.5814
-1.5911
-1.6024
-1.6139
-1.6245
-1.6333
-1.6396
-1.6432
-1.6444
-1.6441
-1.6434
-1.6437
-1.6460
-1.6505
-1.6562
-1.6615
-1.6644
-1.6636
-1.6595
-1.6543
-1.6511
-1.6531
-1.6620
-1.6773
-1.6967
-1.7165
-1.7335
-1.7457
-1.7528
-1.7558
-1.7568
-1.7575
-1.7596
-1.7639
-1.7709
-1.7802
-1.7909
-1.8014
-1.8097
-1.8139
-1.8127
-1.8061
-1.7950
-1.7820
-1.7698
-1.7611
-1.7576
-1.7602
-1.7687
-1.7822
-1.7990
-1.8165
-1.8316
-1.8391
-1.8331
-1.8066
-1.7528
-1.6669
-1.5475
-1.3979
-1.2267
-1.0465
-0.8719
-0.7172
-0.5931
-0.5056
-0.4552
-0.4372
-0.4441
-0.4667
-0.4965
-0.5266
-0.5525
-0.5718
-0.5838
-0.5891
-0.5887
-0.5843
-0.5778
-0.5712
-0.5666
-0.5654
-0.5685
-0.5753
-0.5847
-0.5938
-0.6002
-0.6010
-0.5945
-0.5805
-0.5609
-0.5396
-0.5215
-0.5118
-0.5149
-0.5330
-0.5660
-0.6115
-0.6646
-0.7199
-0.7714
-0.8149
-0.8477
-0.8691
-0.8800
-0.8822
-0.8774
-0.8671
-0.8518
-0.8315
-0.8063
-0.7764
-0.7427
-0.7066
-0.6695
-0.6327
-0.5970
-0.5628
-0.5299
-0.4983
-0.4678
-0.4381
-0.4085
-0.3778
-0.3444
-0.3069
-0.2644
-0.2171
-0.1662
-0.1134
-0.0607
-0.0094
0.0398
0.0866
0.1307
0.1713
0.2070
0.2362
0.2571
0.2696
0.2748
0.2754
0.2749
0.2767
0.2828
0.2933
0.3059
0.3172
0.3230
0.3202
0.3074
0.2855
0.2568
0.2249
0.1926
0.1623
0.1345
0.1092
0.0851
0.0616
0.0376
0.0128
-0.0136
-0.0422
-0.0740
-0.1092
-0.1479
-0.1895
-0.2329
-0.2772
-0.3213
-0.3640
-0.4039
-0.4397
-0.4699
-0.4947
-0.5153
-0.5343
-0.5550
-0.5806
-0.6128
-0.6518
-0.6964
-0.7446
-0.7945
-0.8450
-0.8966
-0.9505
-1.0091
-1.0740
-1.1460
-1.2241
-1.3057
-1.3869
-1.4642
-1.5347
-1.5976
-1.6536
-1.7053
-1.7560
-1.8089
-1.8661
-1.9286
-1.9957
-2.0652
-2.1339
-2.1982
-2.2544
-2.2997
-2.3325
-2.3519
-2.3586
-2.3534
-2.3381
-2.3150
-2.2866
-2.2559
-2.2256
-2.1977
-2.1734
-2.1525
-2.1345
-2.1185
-2.1039
-2.0911
-2.0804
-2.0723
-2.0672
-2.0648
-2.0647
-2.0658
-2.0671
-2.0672
-2.0649
-2.0593
-2.0499
-2.0370
-2.0220
-2.0060
-1.9908
-1.9771
-1.9652
-1.9546
-1.9442
-1.9324
-1.9172
-1.8964
-1.8679
-1.8304
-1.7837
-1.7286
-1.6675
-1.6031
-1.5385
-1.4756
-1.4154
-1.3572
-1.2993
-1.2394
-1.1751
-1.1048
-1.0277
-0.9441
-0.8550
-0.7622
-0.6672
-0.5715
-0.4759
-0.3813
-0.2882
-0.1972
-0.1089
-0.0239
0.0574
0.1345
0.2072
0.2751
0.3379
0.3954
0.4480
0.4964
0.5419
0.5857
0.6289
0.6720
0.7155
0.7594
0.8042
0.8503
0.8984
0.9492
1.0037
1.0621
1.1247
1.1908
1.2594
1.3293
1.3991
1.4683
1.5370
1.6057
1.6755
1.7472
1.8213
1.8974
1.9748
2.0518
2.1268
2.1976
2.2626
2.3205
2.3709
2.4141
2.4513
2.4843
2.5153
2.5460
2.5778
2.6111
2.6452
2.6789
2.7107
2.7394
2.7645
2.7862
2.8047
2.8209
2.8351
2.8481
2.8605
2.8734
2.8880
2.9054
2.9261
2.9497
2.9748
2.9998
3.0226
3.0422
3.0580
3.0701
3.0788
3.0843
3.0865
3.0850
3.0796
3.0702
3.0569
3.0404
3.0212
2.9998
2.9765
2.9521
2.9281
2.9071
2.8925
2.8884
2.8973
2.9198
2.9532
2.9919
3.0286
3.0563
3.0698
3.0681
3.0534
3.0307
3.0058
2.9835
2.9658
2.9519
2.9387
2.9221
2.8984
2.8656
2.8236
2.7745
2.7209
2.6658
2.6117
2.5602
2.5118
2.4664
2.4235
2.3820
2.3407
2.2990
2.2563
2.2125
2.1676
2.1213
2.0728
2.0210
1.9646
1.9033
1.8378
1.7696
1.7014
1.6352
1.5729
1.5146
1.4589
1.4025
1.3417
1.2729
1.1946
1.1081
1.0180
0.9310
0.8538
0.7910
0.7431
0.7063
0.6737
0.6384
0.5944
0.5399
0.4761
0.4069
0.3373
0.2718
0.2130
0.1617
0.1165
0.0747
0.0327
-0.0119
-0.0608
-0.1133
-0.1679
-0.2220
-0.2740
-0.3232
-0.3708
-0.4188
-0.4694
-0.5239
-0.5818
-0.6411
-0.6986
-0.7511
-0.7962
-0.8331
-0.8630
-0.8883
-0.9119
-0.9360
-0.9609
-0.9848
-1.0040
-1.0142
-1.0120
-0.9961
-0.9683
-0.9327
-0.8949
-0.8599
-0.8313
-0.8096
-0.7938
-0.7808
-0.7682
-0.7542
-0.7395
-0.7258
-0.7163
-0.7140
-0.7214
-0.7396
-0.7685
-0.8061
-0.8499
-0.8962
-0.9413
-0.9816
-1.0144
-1.0380
-1.0517
-1.0553
-1.0493
-1.0343
-1.0117
-0.9837
-0.9528
-0.9224
-0.8954
-0.8743
-0.8606
-0.8543
-0.8540
-0.8568
-0.8587
-0.8555
-0.8442
-0.8237
-0.7958
-0.7642
-0.7341
-0.7094
-0.6928
-0.6844
-0.6823
-0.6838
-0.6860
-0.6864
-0.6829
-0.6737
-0.6577
-0.6346
-0.6059
-0.5746
-0.5451
-0.5218
-0.5081
-0.5054
-0.5127
-0.5277
-0.5469
-0.5674
-0.5875
-0.6067
-0.6261
-0.6469
-0.6693
-0.6920
-0.7118
-0.7240
-0.7240
-0.7087
-0.6776
-0.6332
-0.5800
-0.5233
-0.4670
-0.4132
-0.3617
-0.3110
-0.2598
-0.2084
-0.1590
-0.1162
-0.0856
-0.0722
-0.0789
-0.1055
-0.1485
-0.2015
-0.2571
-0.3082
-0.3498
-0.3793
-0.3971
-0.4054
-0.4073
-0.4054
-0.4018
-0.3971
-0.3917
-0.3855
-0.3791
-0.3734
-0.3699
-0.3700
-0.3749
-0.3855
-0.4016
-0.4225
-0.4464
-0.4708
-0.4929
-0.5103
-0.5217
-0.5278
-0.5308
-0.5335
-0.5390
-0.5485
-0.5621
-0.5782
-0.5944
-0.6073
-0.6144
-0.6137
-0.6046
-0.5882
-0.5666
-0.5427
-0.5186
-0.4953
-0.4716
-0.4454
-0.4142
-0.3770
-0.3342
-0.2886
-0.2433
-0.2018
-0.1658
-0.1359
-0.1102
-0.0867
-0.0623
-0.0352
-0.0038
0.0312
0.0689
0.1071
0.1446
0.1806
0.2162
0.2533
0.2941
0.3395
0.3890
0.4397
0.4878
0.5290
0.5607
0.5822
0.5955
0.6034
0.6098
0.6175
0.6283
0.6422
0.6587
0.6764
0.6949
0.7143
0.7359
0.7613
0.7922
0.8296
0.8725
0.9184
0.9639
1.0058
1.0425
1.0754
1.1082
1.1461
1.1933
1.2521
1.3217
1.3993
1.4809
1.5633
1.6442
1.7228
1.7988
1.8716
1.9397
2.0007
2.0517
2.0900
2.1139
2.1239
2.1217
2.1106
2.0938
2.0735
2.0505
2.0247
1.9959
1.9650
1.9354
1.9122
1.9018
1.9099
1.9397
1.9906
2.0583
2.1349
2.2108
2.2765
2.3247
2.3514
2.3568
2.3441
2.3190
2.2873
2.2544
2.2241
2.1986
2.1783
2.1627
2.1506
2.1408
2.1319
2.1234
2.1151
2.1073
2.1004
2.0948
2.0907
2.0879
2.0859
2.0837
2.0800
2.0726
2.0586
2.0349
1.9980
1.9452
1.8753
1.7892
1.6908
1.5867
1.4850
1.3945
1.3217
1.2696
1.2362
1.2155
1.1991
1.1787
1.1483
1.1058
1.0531
0.9943
0.9345
0.8777
0.8259
0.7787
0.7339
0.6881
0.6383
0.5821
0.5188
0.4493
0.3763
0.3034
0.2341
0.1712
0.1159
0.0678
0.0253
-0.0139
-0.0515
-0.0884
-0.1245
-0.1590
-0.1911
-0.2203
-0.2471
-0.2724
-0.2969
-0.3202
-0.3407
-0.3558
-0.3637
-0.3639
-0.3589
-0.3532
-0.3533
-0.3652
-0.3935
-0.4402
-0.5048
-0.5843
-0.6746
-0.7708
-0.8681
-0.9619
-1.0486
-1.1257
-1.1917
-1.2460
-1.2881
-1.3181
-1.3365
-1.3442
-1.3430
-1.3347
-1.3212
-1.3037
-1.2825
-1.2576
-1.2293
-1.1985
-1.1676
-1.1395
-1.1174
-1.1031
-1.0972
-1.0978
-1.1023
-1.1067
-1.1073
-1.1012
-1.0864
-1.0618
-1.0272
-0.9836
-0.9324
-0.8761
-0.8173
-0.7593
-0.7047
-0.6558
-0.6139
-0.5797
-0.5531
-0.5343
-0.5223
-0.5164
-0.5144
-0.5135
-0.5100
-0.5000
-0.4802
-0.4489
-0.4066
-0.3555
-0.2995
-0.2425
-0.1880
-0.1375
-0.0912
-0.0478
-0.0057
0.0366
0.0795
0.1224
0.1636
0.2013
0.2342
0.2619
0.2854
0.3073
0.3313
0.3618
0.4022
0.4544
0.5181
0.5900
0.6650
0.7371
0.8008
0.8525
0.8914
0.9191
0.9390
0.9554
0.9722
0.9923
1.0172
1.0472
1.0817
1.1192
1.1577
1.1951
1.2288
1.2565
1.2761
1.2862
1.2866
1.2789
1.2660
1.2527
1.2443
1.2461
1.2614
1.2912
1.3338
1.3855
1.4414
1.4971
1.5495
1.5979
1.6432
1.6876
1.7333
1.7819
1.8330
1.8846
1.9333
1.9753
2.0070
2.0262
2.0326
2.0276
2.0143
1.9964
1.9781
1.9619
1.9491
1.9382
1.9266
1.9105
1.8870
1.8549
1.8155
1.7719
1.7278
1.6860
1.6471
1.6097
1.5711
1.5288
1.4820
1.4313
1.3791
1.3281
1.2801
1.2357
1.1940
1.1536
1.1123
1.0685
1.0210
0.9690
0.9124
0.8519
0.7888
0.7254
0.6636
0.6054
0.5514
0.5014
0.4541
0.4083
0.3635
0.3201
0.2790
0.2414
0.2076
0.1767
0.1469
0.1163
0.0833
0.0475
0.0092
-0.0309
-0.0722
-0.1144
-0.1577
-0.2026
-0.2491
-0.2963
-0.3428
-0.3867
-0.4261
-0.4599
-0.4881
-0.5118
-0.5330
-0.5543
-0.5781
-0.6066
-0.6414
-0.6833
-0.7318
-0.7852
-0.8406
-0.8944
-0.9429
-0.9835
-1.0148
-1.0372
-1.0522
-1.0626
-1.0710
-1.0799
-1.0905
-1.1028
-1.1156
-1.1270
-1.1350
-1.1386
-1.1379
-1.1344
-1.1301
-1.1269
-1.1260
-1.1267
-1.1272
-1.1243
-1.1149
-1.0970
-1.0702
-1.0364
-0.9986
-0.9609
-0.9264
-0.8970
-0.8735
-0.8553
-0.8419
-0.8326
-0.8268
-0.8237
-0.8217
-0.8184
-0.8104
-0.7945
-0.7677
-0.7282
-0.6755
-0.6113
-0.5396
-0.4660
-0.3975
-0.3407
-0.3005
-0.2785
-0.2723
-0.2763
-0.2834
-0.2870
-0.2831
-0.2712
-0.2538
-0.2343
-0.2154
-0.1971
-0.1776
-0.1536
-0.1229
-0.0858
-0.0455
-0.0072
0.0238
0.0440
0.0526
0.0518
0.0455
0.0375
0.0305
0.0263
0.0259
0.0309
0.0433
0.0661
0.1010
0.1484
0.2060
0.2696
0.3341
0.3953
0.4499
0.4966
0.5355
0.5673
0.5929
0.6131
0.6279
0.6376
0.6421
0.6421
0.6389
0.6348
0.6326
0.6347
0.6431
0.6583
0.6799
0.7066
0.7370
0.7700
0.8043
0.8384
0.8698
0.8955
0.9121
0.9169
0.9085
0.8876
0.8567
0.8197
0.7813
0.7461
0.7178
0.6987
0.6895
0.6892
0.6953
0.7047
0.7141
0.7211
0.7247
0.7252
0.7240
0.7226
0.7226
0.7247
0.7290
0.7347
0.7405
0.7445
0.7444
0.7380
0.7236
0.7001
0.6678
0.6279
0.5826
0.5340
0.4845
0.4357
0.3892
0.3463
0.3083
0.2764
0.2516
0.2343
0.2243
0.2201
0.2196
0.2192
0.2152
0.2031
0.1794
0.1411
0.0878
0.0212
-0.0543
-0.1329
-0.2081
-0.2745
-0.3285
-0.3687
-0.3961
-0.4130
-0.4221
-0.4255
-0.4253
-0.4228
-0.4197
-0.4186
-0.4221
-0.4331
-0.4528
-0.4805
-0.5131
-0.5460
-0.5744
-0.5956
-0.6089
-0.6169
-0.6233
-0.6318
-0.6440
-0.6592
-0.6742
-0.6859
-0.6920
-0.6932
-0.6921
-0.6934
-0.7013
-0.7187
-0.7456
-0.7798
-0.8176
-0.8547
-0.8878
-0.9151
-0.9368
-0.9541
-0.9689
-0.9826
-0.9956
-1.0069
-1.0151
-1.0189
-1.0179
-1.0130
-1.0064
-1.0011
-0.9999
-1.0045
-1.0151
-1.0300
-1.0463
-1.0601
-1.0680
-1.0678
-1.0594
-1.0446
-1.0279
-1.0138
-1.0071
-1.0101
-1.0235
-1.0453
-1.0727
-1.1025
-1.1319
-1.1590
-1.1825
-1.2014
-1.2149
-1.2229
-1.2257
-1.2242
-1.2198
-1.2136
-1.2063
-1.1980
-1.1884
-1.1773
-1.1646
-1.1507
-1.1362
-1.1220
-1.1089
-1.0976
-1.0882
-1.0807
-1.0745
-1.0690
-1.0630
-1.0553
-1.0446
-1.0300
-1.0110
-0.9886
-0.9642
-0.9399
-0.9177
-0.8984
-0.8810
-0.8638
-0.8443
-0.8215
-0.7959
-0.7699
-0.7465
-0.7284
-0.7163
-0.7089
-0.7039
-0.6988
-0.6926
-0.6858
-0.6803
-0.6781
-0.6800
-0.6852
-0.6912
-0.6949
-0.6934
-0.6858
-0.6731
-0.6584
-0.6456
-0.6390
-0.6417
-0.6550
-0.6781
-0.7078
-0.7399
-0.7695
-0.7929
-0.8077
-0.8146
-0.8158
-0.8149
-0.8154
-0.8197
-0.8284
-0.8403
-0.8529
-0.8631
-0.8685
-0.8673
-0.8590
-0.8443
-0.8249
-0.8033
-0.7825
-0.7660
-0.7566
-0.7565
-0.7661
-0.7847
-0.8098
-0.8384
-0.8669
-0.8923
-0.9118
-0.9238
-0.9273
-0.9225
-0.9104
-0.8931
-0.8736
-0.8549
-0.8395
-0.8288
-0.8231
-0.8210
-0.8206
-0.8199
-0.8172
-0.8115
-0.8024
-0.7894
-0.7718
-0.7485
-0.7185
-0.6817
-0.6396
-0.5958
-0.5553
-0.5229
-0.5024
-0.4947
-0.4983
-0.5091
-0.5224
-0.5339
-0.5410
-0.5429
-0.5409
-0.5371
-0.5338
-0.5330
-0.5353
-0.5403
-0.5472
-0.5542
-0.5598
-0.5623
-0.5601
-0.5521
-0.5378
-0.5181
-0.4957
-0.4747
-0.4598
-0.4552
-0.4632
-0.4838
-0.5139
-0.5493
-0.5846
-0.6154
-0.6382
-0.6517
-0.6557
-0.6517
-0.6416
-0.6276
-0.6113
-0.5941
-0.5772
-0.5620
-0.5500
-0.5426
-0.5405
-0.5436
-0.5499
-0.5563
-0.5598
-0.5584
-0.5518
-0.5418
-0.5313
-0.5231
-0.5182
-0.5159
-0.5132
-0.5066
-0.4933
-0.4720
-0.4436
-0.4100
-0.3744
-0.3393
-0.3067
-0.2775
-0.2519
-0.2293
-0.2086
-0.1887
-0.1684
-0.1470
-0.1239
-0.0990
-0.0720
-0.0426
-0.0099
0.0261
0.0653
0.1059
0.1457
0.1810
0.2086
0.2253
0.2301
0.2236
0.2085
0.1887
0.1692
0.1540
0.1465
0.1478
0.1579
0.1752
0.1979
0.2243
0.2534
0.2848
0.3186
0.3544
0.3917
0.4289
0.4647
0.4976
0.5274
0.5545
0.5801
0.6053
0.6304
0.6548
0.6771
0.6956
0.7091
0.7170
0.7193
0.7165
0.7092
0.6986
0.6860
0.6735
0.6627
0.6555
0.6519
0.6506
0.6486
0.6420
0.6269
0.6010
0.5640
0.5187
0.4696
0.4226
0.3825
0.3518
0.3300
0.3141
0.2992
0.2811
0.2572
0.2276
0.1943
0.1607
0.1296
0.1030
0.0807
0.0616
0.0434
0.0237
0.0001
-0.0290
-0.0643
-0.1050
-0.1494
-0.1957
-0.2424
-0.2896
-0.3389
-0.3932
-0.4552
-0.5263
-0.6062
-0.6923
-0.7807
-0.8671
-0.9483
-1.0229
-1.0914
-1.1561
-1.2199
-1.2848
-1.3516
-1.4193
-1.4860
-1.5494
-1.6081
-1.6617
-1.7110
-1.7577
-1.8037
-1.8509
-1.9006
-1.9529
-2.0072
-2.0622
-2.1166
-2.1692
-2.2194
-2.2670
-2.3118
-2.3533
-2.3910
-2.4244
-2.4532
-2.4779
-2.4991
-2.5170
-2.5317
-2.5431
-2.5513
-2.5568
-2.5608
-2.5645
-2.5681
-2.5704
-2.5693
-2.5618
-2.5463
-2.5225
-2.4926
-2.4604
-2.4305
-2.4075
-2.3942
-2.3921
-2.4004
-2.4164
-2.4363
-2.4552
-2.4686
-2.4730
-2.4666
-2.4494
-2.4229
-2.3893
-2.3508
-2.3090
-2.2647
-2.2185
-2.1714
-2.1249
-2.0814
-2.0434
-2.0132
-1.9908
-1.9745
-1.9606
-1.9442
-1.9211
-1.8886
-1.8468
-1.7976
-1.7447
-1.6911
-1.6390
-1.5883
-1.5377
-1.4852
-1.4296
-1.3711
-1.3117
-1.2545
-1.2029
-1.1591
-1.1237
-1.0956
-1.0726
-1.0520
-1.0317
-1.0103
-0.9876
-0.9640
-0.9401
-0.9170
-0.8954
-0.8759
-0.8586
-0.8431
-0.8283
-0.8130
-0.7962
-0.7775
-0.7573
-0.7371
-0.7183
-0.7029
-0.6918
-0.6857
-0.6840
-0.6858
-0.6895
-0.6935
-0.6962
-0.6970
-0.6957
-0.6929
-0.6901
-0.6885
-0.6892
-0.6923
-0.6970
-0.7016
-0.7040
-0.7029
-0.6983
-0.6916
-0.6854
-0.6822
-0.6832
-0.6877
-0.6928
-0.6945
-0.6891
-0.6748
-0.6527
-0.6272
-0.6042
-0.5898
-0.5881
-0.6001
-0.6233
-0.6524
-0.6806
-0.7014
-0.7097
-0.7025
-0.6794
-0.6425
-0.5955
-0.5428
-0.4893
-0.4388
-0.3941
-0.3565
-0.3263
-0.3030
-0.2861
-0.2754
-0.2709
-0.2727
-0.2808
-0.2945
-0.3125
-0.3335
-0.3558
-0.3776
-0.3970
-0.4119
-0.4200
-0.4191
-0.4073
-0.3835
-0.3478
-0.3020
-0.2490
-0.1924
-0.1362
-0.0832
-0.0355
0.0057
0.0399
0.0666
0.0852
0.0952
0.0966
0.0900
0.0773
0.0614
0.0463
0.0359
0.0339
0.0431
0.0642
0.0964
0.1370
0.1825
0.2288
0.2731
0.3135
0.3495
0.3813
0.4088
0.4314
0.4477
0.4562
0.4561
0.4481
0.4347
0.4194
0.4054
0.3952
0.3895
0.3873
0.3868
0.3856
0.3821
0.3755
0.3658
0.3536
0.3400
0.3257
0.3115
0.2975
0.2832
0.2680
0.2507
0.2305
0.2073
0.1818
0.1557
0.1313
0.1108
0.0960
0.0877
0.0855
0.0881
0.0940
0.1018
0.1105
0.1192
0.1275
0.1346
0.1393
0.1402
0.1359
0.1251
0.1068
0.0805
0.0461
0.0043
-0.0434
-0.0947
-0.1466
-0.1961
-0.2408
-0.2792
-0.3110
-0.3368
-0.3573
-0.3735
-0.3857
-0.3945
-0.4005
-0.4051
-0.4100
-0.4176
-0.4295
-0.4469
-0.4693
-0.4957
-0.5240
-0.5525
-0.5797
-0.6049
-0.6276
-0.6478
-0.6651
-0.6792
-0.6891
-0.6940
-0.6933
-0.6868
-0.6752
-0.6594
-0.6413
-0.6226
-0.6049
-0.5889
-0.5749
-0.5623
-0.5506
-0.5390
-0.5274
-0.5152
-0.5025
-0.4890
-0.4748
-0.4602
-0.4453
-0.4301
-0.4145
-0.3977
-0.3788
-0.3571
-0.3326
-0.3061
-0.2793
-0.2547
-0.2344
-0.2199
-0.2110
-0.2060
-0.2016
-0.1937
-0.1783
-0.1524
-0.1145
-0.0651
-0.0064
0.0579
0.1237
0.1866
0.2422
0.2868
0.3174
0.3322
0.3318
0.3193
0.3001
0.2814
0.2700
0.2711
0.2867
0.3150
0.3512
0.3889
0.4215
0.4442
0.4547
0.4536
0.4440
0.4310
0.4197
0.4151
0.4202
0.4361
0.4616
0.4940
0.5293
0.5640
0.5946
0.6191
0.6366
0.6470
0.6512
0.6503
0.6456
0.6384
0.6297
0.6201
0.6094
0.5968
0.5809
0.5603
0.5339
0.5024
0.4675
0.4328
0.4021
0.3787
0.3646
0.3596
0.3619
0.3680
0.3747
0.3792
0.3801
0.3773
0.3716
0.3642
0.3557
0.3462
0.3348
0.3205
0.3027
0.2814
0.2580
0.2346
0.2144
0.2002
0.1941
0.1967
0.2076
0.2247
0.2452
0.2660
0.2846
0.2990
0.3087
0.3140
0.3160
0.3161
0.3155
0.3145
0.3130
0.3105
0.3063
0.3000
0.2919
0.2822
0.2710
0.2581
0.2424
0.2229
0.1985
0.1693
0.1366
0.1032
0.0725
0.0485
0.0338
0.0300
0.0359
0.0490
0.0651
0.0798
0.0899
0.0937
0.0915
0.0849
0.0757
0.0658
0.0560
0.0468
0.0381
0.0302
0.0233
0.0174
0.0121
0.0059
-0.0028
-0.0162
-0.0358
-0.0622
-0.0951
-0.1331
-0.1747
-0.2180
-0.2618
-0.3053
-0.3478
-0.3888
-0.4276
-0.4637
-0.4969
-0.5277
-0.5571
-0.5863
-0.6164
-0.6478
-0.6800
-0.7121
-0.7427
-0.7709
-0.7964
-0.8192
-0.8398
-0.8588
-0.8768
-0.8945
-0.9128
-0.9325
-0.9547
-0.9799
-1.0087
-1.0409
-1.0762
-1.1139
-1.1537
-1.1950
-1.2376
-1.2809
-1.3242
-1.3665
-1.4064
-1.4426
-1.4738
-1.4992
-1.5183
-1.5312
-1.5382
-1.5402
-1.5382
-1.5334
-1.5272
-1.5207
-1.5147
-1.5092
-1.5036
-1.4965
-1.4864
-1.4719
-1.4522
-1.4275
-1.3987
-1.3678
-1.3369
-1.3077
-1.2816
-1.2588
-1.2388
-1.2205
-1.2030
-1.1854
-1.1676
-1.1495
-1.1316
-1.1140
-1.0970
-1.0802
-1.0637
-1.0473
-1.0313
-1.0159
-1.0013
-0.9869
-0.9721
-0.9558
-0.9374
-0.9164
-0.8930
-0.8673
-0.8399
-0.8110
-0.7802
-0.7474
-0.7119
-0.6733
-0.6310
-0.5847
-0.5338
-0.4784
-0.4186
-0.3549
-0.2883
-0.2203
-0.1526
-0.0871
-0.0256
0.0304
0.0802
0.1236
0.1614
0.1950
0.2258
0.2552
0.2838
0.3118
0.3387
0.3641
0.3880
0.4111
0.4347
0.4603
0.4890
0.5210
0.5558
0.5920
0.6282
0.6635
0.6977
0.7317
0.7668
0.8043
0.8449
0.8883
0.9333
0.9784
1.0220
1.0631
1.1016
1.1381
1.1737
1.2098
1.2473
1.2865
1.3272
1.3686
1.4094
1.4483
1.4838
1.5148
1.5405
1.5604
1.5745
1.5829
1.5858
1.5837
1.5774
1.5677
1.5559
1.5431
1.5300
1.5170
1.5038
1.4900
1.4750
1.4589
1.4420
1.4256
1.4112
1.4003
1.3938
1.3913
1.3914
1.3917
1.3890
1.3807
1.3651
1.3419
1.3125
1.2795
1.2461
1.2152
1.1896
1.1708
1.1598
1.1571
1.1626
1.1758
1.1960
1.2214
1.2496
1.2773
1.3011
1.3177
1.3256
1.3244
1.3161
1.3032
1.2886
1.2744
1.2613
1.2488
1.2354
1.2202
1.2026
1.1836
1.1648
1.1485
1.1367
1.1301
1.1288
1.1319
1.1382
1.1468
1.1578
1.1713
1.1881
1.2086
1.2327
1.2596
1.2883
1.3171
1.3446
1.3699
1.3926
1.4129
1.4320
1.4514
1.4730
1.4980
1.5271
1.5599
1.5947
1.6296
1.6623
1.6914
1.7168
1.7395
1.7612
1.7838
1.8091
1.8376
1.8692
1.9029
1.9379
1.9729
2.0075
2.0411
2.0736
2.1051
2.1355
2.1646
2.1923
2.2180
2.2413
2.2619
2.2794
2.2938
2.3057
2.3158
2.3252
2.3353
2.3474
2.3630
2.3828
2.4073
2.4362
2.4686
2.5027
2.5365
2.5681
2.5960
2.6197
2.6393
2.6560
2.6710
2.6856
2.7008
2.7172
2.7351
2.7543
2.7748
2.7962
2.8186
2.8422
2.8677
2.8954
2.9255
2.9570
2.9882
3.0166
3.0397
3.0556
3.0635
3.0643
3.0599
3.0527
3.0452
3.0389
3.0351
3.0340
3.0364
3.0427
3.0540
3.0713
3.0952
3.1248
3.1588
3.1944
3.2288
3.2596
3.2855
3.3065
3.3241
3.3406
3.3586
3.3803
3.4071
3.4394
3.4771
3.5195
3.5653
3.6127
3.6592
3.7015
3.7361
3.7597
3.7701
3.7669
3.7512
3.7255
3.6929
3.6563
3.6184
3.5811
3.5460
3.5144
3.4871
3.4647
3.4474
3.4342
3.4237
3.4138
3.4023
3.3877
3.3692
3.3468
3.3213
3.2938
3.2652
3.2359
3.2061
3.1757
3.1445
3.1120
3.0779
3.0416
3.0026
2.9610
2.9168
2.8707
2.8236
2.7765
2.7299
2.6846
2.6408
2.5986
2.5581
2.5195
2.4830
2.4493
2.4193
2.3936
2.3727
2.3563
2.3434
2.3328
2.3235
2.3143
2.3044
2.2928
2.2787
2.2606
2.2375
2.2087
2.1745
2.1363
2.0963
2.0573
2.0221
1.9929
1.9709
1.9564
1.9485
1.9455
1.9456
1.9465
1.9466
1.9448
1.9408
1.9351
1.9284
1.9218
1.9164
1.9128
1.9113
1.9119
1.9142
1.9176
1.9213
1.9242
1.9256
1.9248
1.9219
1.9170
1.9110
1.9043
1.8974
1.8898
1.8806
1.8685
1.8527
1.8330
1.8104
1.7870
1.7650
1.7466
1.7324
1.7218
1.7130
1.7034
1.6909
1.6743
1.6533
1.6287
1.6019
1.5738
1.5454
1.5169
1.4883
1.4598
1.4322
1.4065
1.3845
1.3676
1.3572
1.3535
1.3562
1.3640
1.3750
1.3872
1.3988
1.4083
1.4146
1.4173
1.4166
1.4133
1.4084
1.4032
1.3984
1.3943
1.3903
1.3855
1.3787
1.3697
1.3587
1.3473
1.3374
1.3308
1.3287
1.3313
1.3375
1.3454
1.3528
1.3580
1.3598
1.3579
1.3528
1.3451
1.3353
1.3237
1.3098
1.2932
1.2739
1.2522
1.2294
1.2074
1.1879
1.1725
1.1622
1.1568
1.1557
1.1574
1.1603
1.1627
1.1628
1.1589
1.1496
1.1340
1.1118
1.0840
1.0523
1.0192
0.9874
0.9592
0.9361
0.9187
0.9060
0.8966
0.8881
0.8781
0.8646
0.8464
0.8232
0.7954
0.7644
0.7316
0.6985
0.6663
0.6358
0.6075
0.5816
0.5583
0.5374
0.5192
0.5037
0.4913
0.4819
0.4754
0.4711
0.4678
0.4638
0.4577
0.4485
0.4360
0.4210
0.4044
0.3875
0.3713
0.3561
0.3425
0.3306
0.3214
0.3156
0.3142
0.3178
0.3262
0.3389
0.3551
0.3739
0.3944
0.4157
0.4371
0.4580
0.4781
0.4974
0.5164
0.5356
0.5554
0.5758
0.5960
0.6152
0.6323
0.6468
0.6589
0.6695
0.6805
0.6941
0.7123
0.7363
0.7666
0.8025
0.8428
0.8865
0.9329
0.9820
1.0344
1.0899
1.1481
1.2072
1.2652
1.3200
1.3704
1.4168
1.4605
1.5044
1.5513
1.6039
1.6639
1.7316
1.8060
1.8848
1.9646
2.0418
2.1130
2.1758
2.2286
2.2710
2.3035
2.3271
2.3427
2.3515
2.3551
2.3550
2.3532
2.3519
2.3526
2.3568
2.3648
2.3763
2.3908
2.4077
2.4263
2.4464
2.4678
2.4900
2.5121
2.5333
2.5525
2.5692
2.5836
2.5966
2.6099
2.6249
2.6432
2.6654
2.6911
2.7188
2.7461
2.7701
2.7879
2.7978
2.7993
2.7939
2.7841
2.7735
2.7653
2.7618
2.7636
2.7703
2.7803
2.7918
2.8037
2.8152
2.8263
2.8370
2.8467
2.8539
2.8562
2.8512
2.8365
2.8113
2.7760
2.7326
2.6842
2.6346
2.5874
2.5460
2.5123
2.4874
2.4707
2.4609
2.4561
2.4540
2.4525
2.4499
2.4446
2.4355
2.4221
2.4046
2.3832
2.3589
2.3325
2.3050
2.2767
2.2482
2.2194
2.1907
2.1620
2.1336
2.1057
2.0780
2.0499
2.0207
1.9895
1.9560
1.9207
1.8849
1.8505
1.8195
1.7932
1.7723
1.7561
1.7437
1.7336
1.7248
1.7169
1.7100
1.7044
1.7004
1.6977
1.6953
1.6918
1.6856
1.6755
1.6610
1.6424
1.6205
1.5964
1.5713
1.5462
1.5222
1.5002
1.4811
1.4659
1.4552
1.4494
1.4484
1.4514
1.4573
1.4649
1.4733
1.4816
1.4898
1.4981
1.5068
1.5163
1.5269
1.5381
1.5495
1.5600
1.5684
1.5735
1.5745
1.5710
1.5637
1.5539
1.5440
1.5363
1.5333
1.5366
1.5469
1.5641
1.5868
1.6127
1.6389
1.6620
1.6788
1.6869
1.6853
1.6749
1.6580
1.6379
1.6184
1.6023
1.5913
1.5858
1.5850
1.5874
1.5913
1.5952
1.5984
1.6005
1.6020
1.6034
1.6053
1.6083
1.6128
1.6195
1.6285
1.6402
1.6542
1.6696
1.6842
1.6955
1.7004
1.6967
1.6831
1.6599
1.6288
1.5924
1.5536
1.5147
1.4772
1.4418
1.4084
1.3774
1.3493
1.3255
1.3076
1.2967
1.2932
1.2962
1.3039
1.3139
1.3242
1.3332
1.3402
1.3447
1.3469
1.3463
1.3421
1.3335
1.3194
1.2994
1.2739
1.2444
1.2131
1.1824
1.1548
1.1320
1.1153
1.1051
1.1015
1.1034
1.1089
1.1155
1.1203
1.1209
1.1164
1.1074
1.0965
1.0870
1.0823
1.0848
1.0954
1.1133
1.1367
1.1631
1.1899
1.2150
1.2366
1.2536
1.2648
1.2697
1.2678
1.2592
1.2441
1.2236
1.1992
1.1723
1.1447
1.1179
1.0933
1.0723
1.0565
1.0474
1.0459
1.0520
1.0645
1.0815
1.1008
1.1207
1.1404
1.1603
1.1811
1.2035
1.2277
1.2529
1.2773
1.2991
1.3165
1.3283
1.3342
1.3349
1.3318
1.3263
1.3203
1.3153
1.3126
1.3133
1.3176
1.3251
1.3347
1.3443
1.3523
1.3572
1.3591
1.3589
1.3588
1.3611
1.3679
1.3799
1.3970
1.4173
1.4382
1.4561
1.4676
1.4695
1.4599
1.4385
1.4074
1.3702
1.3324
1.2995
1.2761
1.2648
1.2654
1.2751
1.2897
1.3043
1.3153
1.3211
1.3225
1.3224
1.3245
1.3321
1.3466
1.3674
1.3911
1.4137
1.4307
1.4392
1.4384
1.4294
1.4150
1.3982
1.3817
1.3666
1.3530
1.3395
1.3241
1.3050
1.2804
1.2493
1.2111
1.1659
1.1142
1.0568
0.9946
0.9290
0.8612
0.7924
0.7238
0.6561
0.5902
0.5266
0.4660
0.4091
0.3564
0.3080
0.2636
0.2229
0.1850
0.1496
0.1166
0.0861
0.0588
0.0353
0.0165
0.0024
-0.0068
-0.0118
-0.0137
-0.0141
-0.0149
-0.0177
-0.0237
-0.0332
-0.0460
-0.0613
-0.0788
-0.0981
-0.1194
-0.1429
-0.1685
-0.1956
-0.2233
-0.2502
-0.2752
-0.2973
-0.3157
-0.3296
-0.3381
-0.3396
-0.3328
-0.3166
-0.2907
-0.2561
-0.2146
-0.1687
-0.1211
-0.0737
-0.0272
0.0181
0.0629
0.1078
0.1532
0.1989
0.2446
0.2897
0.3337
0.3763
0.4175
0.4576
0.4974
0.5377
0.5794
0.6233
0.6701
0.7203
0.7747
0.8344
0.9009
0.9756
1.0596
1.1526
1.2528
1.3564
1.4585
