1.4996
1.5719
1.6387
1.6992
1.7532
1.8007
1.8419
1.8771
1.9069
1.9318
1.9520
1.9679
1.9796
1.9871
1.9905
1.9897
1.9847
1.9757
1.9628
1.9464
1.9270
1.9050
1.8810
1.8556
1.8291
1.8019
1.7740
1.7455
1.7163
1.6862
1.6548
1.6220
1.5875
1.5512
1.5131
1.4732
1.4318
1.3892
1.3459
1.3023
1.2591
1.2167
1.1756
1.1361
1.0983
1.0623
1.0280
0.9953
0.9637
0.9333
0.9038
0.8751
0.8472
0.8203
0.7945
0.7700
0.7468
0.7250
0.7044
0.6848
0.6657
0.6467
0.6273
0.6069
0.5853
0.5622
0.5377
0.5119
0.4851
0.4576
0.4297
0.4016
0.3734
0.3450
0.3166
0.2880
0.2594
0.2308
0.2025
0.1748
0.1480
0.1223
0.0978
0.0743
0.0514
0.0286
0.0053
-0.0190
-0.0449
-0.0724
-0.1015
-0.1318
-0.1628
-0.1936
-0.2236
-0.2520
-0.2784
-0.3022
-0.3236
-0.3426
-0.3594
-0.3746
-0.3886
-0.4019
-0.4148
-0.4275
-0.4401
-0.4523
-0.4635
-0.4731
-0.4802
-0.4837
-0.4828
-0.4766
-0.4648
-0.4469
-0.4233
-0.3945
-0.3612
-0.3245
-0.2855
-0.2454
-0.2051
-0.1654
-0.1268
-0.0895
-0.0537
-0.0190
0.0148
0.0481
0.0813
0.1148
0.1489
0.1838
0.2197
0.2569
0.2954
0.3355
0.3774
0.4212
0.4671
0.5154
0.5662
0.6194
0.6748
0.7322
0.7910
0.8502
0.9090
0.9663
1.0210
1.0723
1.1194
1.1620
1.2002
1.2344
1.2654
1.2943
1.3224
1.3510
1.3813
1.4143
1.4506
1.4906
1.5341
1.5805
1.6291
1.6787
1.7284
1.7771
1.8240
1.8686
1.9104
1.9495
1.9860
2.0201
2.0524
2.0834
2.1134
2.1431
2.1728
2.2029
2.2335
2.2646
2.2963
2.3286
2.3613
2.3944
2.4279
2.4621
2.4969
2.5326
2.5691
2.6063
2.6438
2.6810
2.7171
2.7515
2.7830
2.8110
2.8347
2.8535
2.8668
2.8742
2.8753
2.8696
2.8567
2.8359
2.8067
2.7684
2.7207
2.6635
2.5971
2.5224
2.4408
2.3542
2.2650
2.1754
2.0880
2.0048
1.9273
1.8565
1.7925
1.7347
1.6821
1.6331
1.5858
1.5382
1.4884
1.4348
1.3760
1.3112
1.2398
1.1621
1.0783
0.9894
0.8963
0.8004
0.7029
0.6050
0.5077
0.4120
0.3183
0.2271
0.1383
0.0517
-0.0329
-0.1161
-0.1981
-0.2794
-0.3600
-0.4399
-0.5190
-0.5970
-0.6737
-0.7488
-0.8223
-0.8942
-0.9648
-1.0344
-1.1036
-1.1727
-1.2419
-1.3114
-1.3808
-1.4495
-1.5168
-1.5814
-1.6421
-1.6977
-1.7471
-1.7894
-1.8241
-1.8511
-1.8708
-1.8837
-1.8907
-1.8930
-1.8914
-1.8871
-1.8807
-1.8727
-1.8635
-1.8531
-1.8416
-1.8289
-1.8149
-1.7995
-1.7827
-1.7645
-1.7449
-1.7241
-1.7021
-1.6790
-1.6550
-1.6304
-1.6054
-1.5802
-1.5552
-1.5306
-1.5064
-1.4826
-1.4591
-1.4354
-1.4110
-1.3854
-1.3578
-1.3276
-1.2943
-1.2574
-1.2168
-1.1725
-1.1248
-1.0740
-1.0210
-0.9666
-0.9121
-0.8584
-0.8067
-0.7581
-0.7134
-0.6730
-0.6371
-0.6055
-0.5775
-0.5523
-0.5287
-0.5057
-0.4823
-0.4580
-0.4324
-0.4057
-0.3784
-0.3515
-0.3258
-0.3025
-0.2823
-0.2658
-0.2532
-0.2445
-0.2391
-0.2366
-0.2362
-0.2371
-0.2388
-0.2406
-0.2424
-0.2440
-0.2455
-0.2473
-0.2496
-0.2528
-0.2569
-0.2620
-0.2679
-0.2741
-0.2803
-0.2860
-0.2908
-0.2946
-0.2976
-0.3001
-0.3027
-0.3064
-0.3121
-0.3208
-0.3335
-0.3510
-0.3739
-0.4027
-0.4374
-0.4780
-0.5238
-0.5744
-0.6287
-0.6859
-0.7451
-0.8055
-0.8666
-0.9282
-0.9904
-1.0535
-1.1183
-1.1854
-1.2555
-1.3293
-1.4069
-1.4884
-1.5735
-1.6614
-1.7513
-1.8422
-1.9333
-2.0238
-2.1133
-2.2016
-2.2890
-2.3757
-2.4621
-2.5485
-2.6351
-2.7218
-2.8083
-2.8941
-2.9786
-3.0612
-3.1416
-3.2196
-3.2951
-3.3685
-3.4402
-3.5104
-3.5794
-3.6474
-3.7142
-3.7795
-3.8429
-3.9040
-3.9623
-4.0179
-4.0707
-4.1214
-4.1707
-4.2193
-4.2684
-4.3187
-4.3712
-4.4262
-4.4841
-4.5445
-4.6072
-4.6713
-4.7358
-4.7997
-4.8618
-4.9212
-4.9770
-5.0286
-5.0759
-5.1185
-5.1565
-5.1898
-5.2184
-5.2419
-5.2602
-5.2728
-5.2792
-5.2791
-5.2725
-5.2592
-5.2394
-5.2136
-5.1823
-5.1461
-5.1056
-5.0617
-5.0150
-4.9664
-4.9167
-4.8665
-4.8165
-4.7671
-4.7184
-4.6707
-4.6236
-4.5768
-4.5298
-4.4821
-4.4331
-4.3821
-4.3289
-4.2730
-4.2143
-4.1528
-4.0885
-4.0218
-3.9529
-3.8823
-3.8104
-3.7376
-3.6643
-3.5909
-3.5175
-3.4443
-3.3715
-3.2991
-3.2270
-3.1552
-3.0836
-3.0123
-2.9412
-2.8705
-2.8002
-2.7307
-2.6622
-2.5949
-2.5290
-2.4648
-2.4022
-2.3413
-2.2819
-2.2238
-2.1670
-2.1112
-2.0563
-2.0022
-1.9490
-1.8966
-1.8450
-1.7941
-1.7439
-1.6942
-1.6448
-1.5958
-1.5471
-1.4989
-1.4516
-1.4056
-1.3615
-1.3198
-1.2812
-1.2461
-1.2146
-1.1870
-1.1629
-1.1418
-1.1231
-1.1060
-1.0897
-1.0734
-1.0567
-1.0391
-1.0205
-1.0010
-0.9812
-0.9615
-0.9426
-0.9253
-0.9103
-0.8982
-0.8893
-0.8839
-0.8821
-0.8837
-0.8884
-0.8956
-0.9048
-0.9154
-0.9265
-0.9374
-0.9473
-0.9556
-0.9615
-0.9646
-0.9646
-0.9616
-0.9559
-0.9479
-0.9384
-0.9284
-0.9188
-0.9106
-0.9044
-0.9007
-0.8997
-0.9011
-0.9043
-0.9085
-0.9127
-0.9159
-0.9174
-0.9165
-0.9128
-0.9064
-0.8975
-0.8868
-0.8749
-0.8626
-0.8506
-0.8395
-0.8299
-0.8222
-0.8164
-0.8125
-0.8103
-0.8093
-0.8087
-0.8077
-0.8052
-0.8005
-0.7927
-0.7811
-0.7658
-0.7466
-0.7242
-0.6993
-0.6729
-0.6461
-0.6201
-0.5956
-0.5737
-0.5548
-0.5393
-0.5271
-0.5182
-0.5120
-0.5081
-0.5059
-0.5049
-0.5048
-0.5054
-0.5067
-0.5090
-0.5129
-0.5189
-0.5276
-0.5395
-0.5550
-0.5743
-0.5974
-0.6242
-0.6542
-0.6871
-0.7222
-0.7591
-0.7973
-0.8362
-0.8756
-0.9154
-0.9554
-0.9959
-1.0369
-1.0788
-1.1217
-1.1656
-1.2105
-1.2560
-1.3017
-1.3470
-1.3912
-1.4336
-1.4735
-1.5104
-1.5437
-1.5734
-1.5992
-1.6212
-1.6398
-1.6551
-1.6677
-1.6780
-1.6868
-1.6945
-1.7018
-1.7094
-1.7176
-1.7270
-1.7379
-1.7502
-1.7639
-1.7785
-1.7933
-1.8075
-1.8204
-1.8311
-1.8392
-1.8444
-1.8470
-1.8476
-1.8470
-1.8463
-1.8467
-1.8492
-1.8545
-1.8631
-1.8750
-1.8901
-1.9079
-1.9278
-1.9491
-1.9711
-1.9932
-2.0149
-2.0356
-2.0552
-2.0732
-2.0895
-2.1040
-2.1167
-2.1276
-2.1369
-2.1450
-2.1522
-2.1589
-2.1656
-2.1725
-2.1800
-2.1882
-2.1969
-2.2063
-2.2160
-2.2258
-2.2354
-2.2447
-2.2533
-2.2611
-2.2678
-2.2732
-2.2772
-2.2796
-2.2804
-2.2793
-2.2764
-2.2719
-2.2658
-2.2584
-2.2501
-2.2410
-2.2316
-2.2220
-2.2125
-2.2032
-2.1942
-2.1855
-2.1773
-2.1695
-2.1623
-2.1556
-2.1496
-2.1441
-2.1392
-2.1346
-2.1300
-2.1251
-2.1197
-2.1133
-2.1058
-2.0969
-2.0867
-2.0751
-2.0623
-2.0485
-2.0339
-2.0188
-2.0034
-1.9881
-1.9731
-1.9586
-1.9449
-1.9323
-1.9208
-1.9108
-1.9022
-1.8951
-1.8896
-1.8856
-1.8831
-1.8819
-1.8821
-1.8835
-1.8861
-1.8899
-1.8947
-1.9007
-1.9079
-1.9163
-1.9259
-1.9367
-1.9485
-1.9612
-1.9742
-1.9870
-1.9989
-2.0091
-2.0167
-2.0208
-2.0209
-2.0165
-2.0074
-1.9937
-1.9759
-1.9546
-1.9307
-1.9050
-1.8784
-1.8518
-1.8258
-1.8008
-1.7772
-1.7550
-1.7343
-1.7150
-1.6969
-1.6799
-1.6638
-1.6485
-1.6338
-1.6195
-1.6052
-1.5906
-1.5751
-1.5584
-1.5399
-1.5193
-1.4964
-1.4712
-1.4437
-1.4145
-1.3838
-1.3524
-1.3208
-1.2895
-1.2590
-1.2295
-1.2012
-1.1741
-1.1479
-1.1222
-1.0967
-1.0709
-1.0444
-1.0172
-0.9890
-0.9602
-0.9310
-0.9019
-0.8736
-0.8466
-0.8214
-0.7983
-0.7773
-0.7583
-0.7407
-0.7241
-0.7075
-0.6905
-0.6723
-0.6526
-0.6312
-0.6080
-0.5835
-0.5579
-0.5315
-0.5049
-0.4781
-0.4515
-0.4249
-0.3983
-0.3715
-0.3443
-0.3166
-0.2881
-0.2589
-0.2290
-0.1986
-0.1678
-0.1369
-0.1066
-0.0771
-0.0490
-0.0229
0.0008
0.0219
0.0400
0.0553
0.0676
0.0775
0.0852
0.0911
0.0958
0.0997
0.1029
0.1057
0.1080
0.1097
0.1105
0.1099
0.1076
0.1032
0.0965
0.0872
0.0754
0.0613
0.0451
0.0272
0.0080
-0.0119
-0.0321
-0.0521
-0.0716
-0.0903
-0.1080
-0.1246
-0.1400
-0.1545
-0.1680
-0.1807
-0.1928
-0.2046
-0.2164
-0.2287
-0.2417
-0.2560
-0.2718
-0.2895
-0.3091
-0.3307
-0.3538
-0.3782
-0.4033
-0.4283
-0.4527
-0.4759
-0.4974
-0.5170
-0.5344
-0.5497
-0.5629
-0.5743
-0.5840
-0.5922
-0.5994
-0.6057
-0.6114
-0.6167
-0.6220
-0.6271
-0.6323
-0.6374
-0.6422
-0.6466
-0.6501
-0.6525
-0.6534
-0.6528
-0.6505
-0.6466
-0.6413
-0.6348
-0.6275
-0.6201
-0.6129
-0.6064
-0.6009
-0.5965
-0.5933
-0.5911
-0.5897
-0.5886
-0.5875
-0.5858
-0.5833
-0.5798
-0.5750
-0.5689
-0.5617
-0.5535
-0.5447
-0.5355
-0.5264
-0.5177
-0.5099
-0.5031
-0.4976
-0.4932
-0.4899
-0.4872
-0.4846
-0.4815
-0.4772
-0.4712
-0.4629
-0.4521
-0.4387
-0.4229
-0.4052
-0.3860
-0.3659
-0.3454
-0.3251
-0.3053
-0.2860
-0.2674
-0.2493
-0.2313
-0.2133
-0.1949
-0.1758
-0.1561
-0.1356
-0.1143
-0.0926
-0.0706
-0.0485
-0.0265
-0.0050
0.0161
0.0366
0.0566
0.0761
0.0952
0.1138
0.1319
0.1494
0.1659
0.1814
0.1953
0.2075
0.2179
0.2263
0.2329
0.2381
0.2422
0.2460
0.2501
0.2553
0.2622
0.2713
0.2829
0.2973
0.3143
0.3337
0.3548
0.3772
0.4002
0.4232
0.4455
0.4669
0.4871
0.5059
0.5235
0.5402
0.5561
0.5719
0.5879
0.6048
0.6229
0.6426
0.6643
0.6878
0.7132
0.7400
0.7677
0.7958
0.8236
0.8504
0.8756
0.8989
0.9199
0.9384
0.9543
0.9677
0.9787
0.9873
0.9936
0.9978
0.9999
0.9998
0.9975
0.9926
0.9848
0.9731
0.9567
0.9343
0.9044
0.8655
0.8162
0.7551
0.6815
0.5951
0.4962
0.3859
0.2662
0.1396
0.0089
-0.1226
-0.2519
-0.3761
-0.4929
-0.6005
-0.6981
-0.7854
-0.8629
-0.9314
-0.9923
-1.0467
-1.0960
-1.1414
-1.1835
-1.2229
-1.2599
-1.2946
-1.3267
-1.3560
-1.3824
-1.4058
-1.4260
-1.4433
-1.4577
-1.4697
-1.4797
-1.4880
-1.4953
-1.5022
-1.5092
-1.5169
-1.5259
-1.5367
-1.5495
-1.5647
-1.5822
-1.6021
-1.6241
-1.6481
-1.6736
-1.7006
-1.7286
-1.7575
-1.7870
-1.8168
-1.8468
-1.8765
-1.9056
-1.9337
-1.9601
-1.9845
-2.0062
-2.0249
-2.0400
-2.0514
-2.0588
-2.0623
-2.0619
-2.0577
-2.0500
-2.0390
-2.0249
-2.0079
-1.9885
-1.9669
-1.9434
-1.9186
-1.8928
-1.8663
-1.8396
-1.8128
-1.7861
-1.7594
-1.7326
-1.7054
-1.6775
-1.6485
-1.6183
-1.5864
-1.5525
-1.5166
-1.4783
-1.4377
-1.3946
-1.3493
-1.3017
-1.2523
-1.2010
-1.1483
-1.0941
-1.0385
-0.9813
-0.9224
-0.8616
-0.7985
-0.7331
-0.6654
-0.5954
-0.5234
-0.4498
-0.3753
-0.3003
-0.2257
-0.1521
-0.0802
-0.0103
0.0571
0.1219
0.1842
0.2444
0.3028
0.3603
0.4174
0.4749
0.5334
0.5934
0.6552
0.7190
0.7848
0.8522
0.9208
0.9901
1.0592
1.1273
1.1934
1.2569
1.3171
1.3737
1.4264
1.4757
1.5220
1.5659
1.6083
1.6501
1.6921
1.7350
1.7792
1.8250
1.8725
1.9216
1.9718
2.0227
2.0737
2.1241
2.1734
2.2209
2.2660
2.3083
2.3471
2.3821
2.4129
2.4390
2.4601
2.4759
2.4860
2.4904
2.4889
2.4816
2.4686
2.4502
2.4265
2.3981
2.3654
2.3290
2.2895
2.2475
2.2036
2.1583
2.1120
2.0648
2.0166
1.9674
1.9168
1.8647
1.8107
1.7547
1.6967
1.6367
1.5749
1.5114
1.4465
1.3805
1.3135
1.2456
1.1771
1.1081
1.0390
0.9698
0.9011
0.8330
0.7659
0.7001
0.6355
0.5723
0.5103
0.4491
0.3883
0.3275
0.2662
0.2041
0.1408
0.0766
0.0115
-0.0538
-0.1189
-0.1828
-0.2449
-0.3046
-0.3614
-0.4151
-0.4657
-0.5136
-0.5594
-0.6038
-0.6476
-0.6918
-0.7371
-0.7841
-0.8333
-0.8850
-0.9390
-0.9953
-1.0533
-1.1125
-1.1726
-1.2328
-1.2927
-1.3520
-1.4103
-1.4676
-1.5235
-1.5782
-1.6315
-1.6835
-1.7341
-1.7834
-1.8317
-1.8792
-1.9262
-1.9730
-2.0199
-2.0672
-2.1149
-2.1629
-2.2107
-2.2576
-2.3029
-2.3454
-2.3843
-2.4184
-2.4472
-2.4702
-2.4875
-2.4996
-2.5074
-2.5123
-2.5158
-2.5197
-2.5255
-2.5346
-2.5476
-2.5651
-2.5866
-2.6116
-2.6391
-2.6678
-2.6968
-2.7248
-2.7512
-2.7755
-2.7972
-2.8163
-2.8326
-2.8457
-2.8554
-2.8608
-2.8613
-2.8560
-2.8443
-2.8261
-2.8017
-2.7722
-2.7393
-2.7053
-2.6726
-2.6437
-2.6207
-2.6049
-2.5966
-2.5949
-2.5980
-2.6034
-2.6080
-2.6088
-2.6029
-2.5883
-2.5637
-2.5285
-2.4832
-2.4288
-2.3668
-2.2987
-2.2265
-2.1515
-2.0752
-1.9985
-1.9221
-1.8465
-1.7720
-1.6986
-1.6264
-1.5556
-1.4863
-1.4186
-1.3527
-1.2888
-1.2271
-1.1676
-1.1102
-1.0548
-1.0012
-0.9490
-0.8980
-0.8480
-0.7988
-0.7504
-0.7028
-0.6561
-0.6102
-0.5651
-0.5204
-0.4760
-0.4315
-0.3863
-0.3402
-0.2930
-0.2448
-0.1957
-0.1463
-0.0970
-0.0485
-0.0014
0.0437
0.0865
0.1266
0.1639
0.1983
0.2299
0.2587
0.2848
0.3083
0.3294
0.3482
0.3649
0.3797
0.3928
0.4045
0.4150
0.4247
0.4337
0.4421
0.4499
0.4571
0.4633
0.4681
0.4711
0.4717
0.4694
0.4639
0.4550
0.4426
0.4269
0.4084
0.3877
0.3654
0.3423
0.3191
0.2965
0.2749
0.2549
0.2367
0.2202
0.2056
0.1924
0.1804
0.1691
0.1580
0.1468
0.1350
0.1223
0.1084
0.0931
0.0763
0.0579
0.0380
0.0163
-0.0070
-0.0321
-0.0590
-0.0876
-0.1178
-0.1495
-0.1826
-0.2166
-0.2515
-0.2867
-0.3221
-0.3573
-0.3919
-0.4259
-0.4591
-0.4913
-0.5227
-0.5534
-0.5834
-0.6132
-0.6431
-0.6734
-0.7044
-0.7366
-0.7702
-0.8054
-0.8422
-0.8806
-0.9205
-0.9616
-1.0036
-1.0459
-1.0884
-1.1305
-1.1719
-1.2125
-1.2519
-1.2899
-1.3265
-1.3612
-1.3938
-1.4241
-1.4518
-1.4765
-1.4983
-1.5171
-1.5332
-1.5469
-1.5586
-1.5689
-1.5781
-1.5866
-1.5946
-1.6023
-1.6096
-1.6164
-1.6226
-1.6282
-1.6331
-1.6373
-1.6409
-1.6440
-1.6467
-1.6491
-1.6514
-1.6534
-1.6554
-1.6575
-1.6599
-1.6628
-1.6665
-1.6712
-1.6770
-1.6841
-1.6922
-1.7011
-1.7104
-1.7197
-1.7287
-1.7371
-1.7449
-1.7520
-1.7585
-1.7646
-1.7703
-1.7757
-1.7806
-1.7849
-1.7882
-1.7905
-1.7916
-1.7914
-1.7902
-1.7883
-1.7862
-1.7844
-1.7833
-1.7830
-1.7834
-1.7837
-1.7830
-1.7795
-1.7711
-1.7554
-1.7299
-1.6925
-1.6414
-1.5757
-1.4957
-1.4028
-1.2997
-1.1902
-1.0786
-0.9698
-0.8682
-0.7777
-0.7011
-0.6399
-0.5944
-0.5635
-0.5453
-0.5373
-0.5367
-0.5407
-0.5472
-0.5544
-0.5610
-0.5664
-0.5704
-0.5732
-0.5751
-0.5765
-0.5775
-0.5784
-0.5790
-0.5792
-0.5786
-0.5772
-0.5748
-0.5719
-0.5688
-0.5666
-0.5663
-0.5690
-0.5757
-0.5873
-0.6039
-0.6253
-0.6508
-0.6791
-0.7086
-0.7377
-0.7646
-0.7879
-0.8064
-0.8193
-0.8261
-0.8269
-0.8217
-0.8110
-0.7953
-0.7752
-0.7515
-0.7247
-0.6957
-0.6650
-0.6331
-0.6006
-0.5676
-0.5344
-0.5010
-0.4672
-0.4329
-0.3976
-0.3611
-0.3232
-0.2836
-0.2423
-0.1994
-0.1554
-0.1107
-0.0659
-0.0217
0.0211
0.0618
0.0996
0.1341
0.1647
0.1913
0.2140
0.2328
0.2481
0.2605
0.2703
0.2779
0.2835
0.2870
0.2882
0.2868
0.2825
0.2747
0.2636
0.2490
0.2313
0.2109
0.1883
0.1641
0.1388
0.1126
0.0859
0.0586
0.0306
0.0017
-0.0284
-0.0598
-0.0926
-0.1270
-0.1626
-0.1993
-0.2365
-0.2740
-0.3111
-0.3474
-0.3825
-0.4164
-0.4491
-0.4807
-0.5119
-0.5433
-0.5754
-0.6091
-0.6449
-0.6832
-0.7246
-0.7691
-0.8169
-0.8681
-0.9225
-0.9802
-1.0409
-1.1041
-1.1696
-1.2366
-1.3043
-1.3722
-1.4396
-1.5059
-1.5709
-1.6344
-1.6967
-1.7578
-1.8181
-1.8776
-1.9360
-1.9930
-2.0477
-2.0992
-2.1463
-2.1879
-2.2228
-2.2504
-2.2702
-2.2821
-2.2864
-2.2840
-2.2756
-2.2627
-2.2463
-2.2277
-2.2080
-2.1883
-2.1692
-2.1514
-2.1351
-2.1207
-2.1083
-2.0977
-2.0889
-2.0816
-2.0755
-2.0703
-2.0655
-2.0607
-2.0554
-2.0494
-2.0424
-2.0343
-2.0249
-2.0145
-2.0029
-1.9903
-1.9765
-1.9615
-1.9448
-1.9259
-1.9043
-1.8794
-1.8506
-1.8175
-1.7798
-1.7377
-1.6913
-1.6411
-1.5874
-1.5309
-1.4719
-1.4107
-1.3473
-1.2817
-1.2136
-1.1428
-1.0690
-0.9921
-0.9122
-0.8294
-0.7442
-0.6571
-0.5687
-0.4798
-0.3911
-0.3033
-0.2171
-0.1330
-0.0517
0.0266
0.1014
0.1726
0.2400
0.3038
0.3640
0.4209
0.4749
0.5265
0.5761
0.6245
0.6721
0.7196
0.7674
0.8161
0.8661
0.9178
0.9714
1.0272
1.0851
1.1453
1.2075
1.2715
1.3373
1.4044
1.4728
1.5421
1.6123
1.6831
1.7542
1.8253
1.8959
1.9655
2.0336
2.0993
2.1623
2.2218
2.2777
2.3297
2.3779
2.4225
2.4639
2.5026
2.5389
2.5732
2.6058
2.6369
2.6663
2.6942
2.7205
2.7450
2.7678
2.7890
2.8089
2.8276
2.8457
2.8633
2.8809
2.8987
2.9167
2.9351
2.9536
2.9719
2.9895
3.0061
3.0211
3.0341
3.0445
3.0523
3.0570
3.0586
3.0570
3.0524
3.0449
3.0348
3.0227
3.0091
2.9950
2.9811
2.9685
2.9582
2.9511
2.9478
2.9486
2.9532
2.9612
2.9714
2.9825
2.9931
3.0018
3.0075
3.0094
3.0071
3.0006
2.9901
2.9761
2.9586
2.9380
2.9143
2.8873
2.8571
2.8235
2.7868
2.7471
2.7049
2.6607
2.6154
2.5693
2.5230
2.4769
2.4311
2.3855
2.3401
2.2945
2.2484
2.2013
2.1530
2.1030
2.0513
1.9975
1.9419
1.8844
1.8253
1.7649
1.7034
1.6409
1.5775
1.5132
1.4478
1.3812
1.3135
1.2447
1.1754
1.1061
1.0377
0.9709
0.9063
0.8445
0.7853
0.7284
0.6733
0.6192
0.5654
0.5113
0.4569
0.4019
0.3469
0.2920
0.2378
0.1845
0.1321
0.0807
0.0301
-0.0201
-0.0700
-0.1200
-0.1702
-0.2206
-0.2714
-0.3225
-0.3738
-0.4252
-0.4764
-0.5273
-0.5772
-0.6259
-0.6726
-0.7169
-0.7583
-0.7965
-0.8311
-0.8619
-0.8886
-0.9110
-0.9288
-0.9416
-0.9493
-0.9515
-0.9484
-0.9403
-0.9278
-0.9117
-0.8930
-0.8730
-0.8525
-0.8326
-0.8141
-0.7975
-0.7835
-0.7725
-0.7651
-0.7617
-0.7627
-0.7685
-0.7792
-0.7948
-0.8146
-0.8380
-0.8638
-0.8905
-0.9167
-0.9409
-0.9616
-0.9778
-0.9888
-0.9941
-0.9939
-0.9885
-0.9789
-0.9660
-0.9510
-0.9350
-0.9190
-0.9036
-0.8893
-0.8762
-0.8639
-0.8520
-0.8400
-0.8273
-0.8137
-0.7990
-0.7836
-0.7678
-0.7522
-0.7373
-0.7235
-0.7110
-0.6997
-0.6892
-0.6790
-0.6686
-0.6573
-0.6449
-0.6314
-0.6170
-0.6024
-0.5883
-0.5758
-0.5658
-0.5590
-0.5560
-0.5569
-0.5618
-0.5701
-0.5813
-0.5946
-0.6089
-0.6233
-0.6365
-0.6474
-0.6548
-0.6574
-0.6544
-0.6450
-0.6289
-0.6059
-0.5766
-0.5417
-0.5023
-0.4597
-0.4153
-0.3707
-0.3273
-0.2869
-0.2508
-0.2206
-0.1976
-0.1826
-0.1761
-0.1782
-0.1882
-0.2048
-0.2265
-0.2513
-0.2771
-0.3022
-0.3251
-0.3446
-0.3602
-0.3719
-0.3798
-0.3846
-0.3870
-0.3878
-0.3880
-0.3884
-0.3896
-0.3923
-0.3969
-0.4037
-0.4125
-0.4233
-0.4357
-0.4492
-0.4631
-0.4770
-0.4905
-0.5032
-0.5151
-0.5262
-0.5365
-0.5460
-0.5548
-0.5626
-0.5691
-0.5739
-0.5763
-0.5760
-0.5724
-0.5653
-0.5546
-0.5403
-0.5226
-0.5016
-0.4777
-0.4510
-0.4220
-0.3908
-0.3580
-0.3240
-0.2893
-0.2544
-0.2198
-0.1856
-0.1522
-0.1195
-0.0872
-0.0551
-0.0228
0.0099
0.0434
0.0779
0.1133
0.1499
0.1875
0.2261
0.2653
0.3047
0.3440
0.3825
0.4196
0.4545
0.4868
0.5160
0.5420
0.5651
0.5856
0.6040
0.6212
0.6378
0.6547
0.6724
0.6915
0.7126
0.7358
0.7614
0.7895
0.8201
0.8529
0.8879
0.9248
0.9635
1.0040
1.0465
1.0913
1.1389
1.1896
1.2439
1.3020
1.3636
1.4285
1.4957
1.5643
1.6331
1.7006
1.7654
1.8262
1.8815
1.9304
1.9718
2.0052
2.0302
2.0470
2.0560
2.0579
2.0539
2.0452
2.0334
2.0203
2.0078
1.9978
1.9920
1.9921
1.9992
2.0138
2.0357
2.0639
2.0967
2.1318
2.1667
2.1989
2.2261
2.2468
2.2600
2.2657
2.2644
2.2572
2.2455
2.2309
2.2147
2.1982
2.1823
2.1674
2.1540
2.1421
2.1316
2.1223
2.1140
2.1063
2.0989
2.0912
2.0824
2.0717
2.0581
2.0404
2.0175
1.9883
1.9521
1.9083
1.8571
1.7993
1.7360
1.6691
1.6007
1.5327
1.4671
1.4053
1.3480
1.2952
1.2465
1.2009
1.1570
1.1137
1.0700
1.0251
0.9788
0.9308
0.8814
0.8305
0.7783
0.7248
0.6700
0.6137
0.5562
0.4975
0.4380
0.3783
0.3192
0.2612
0.2052
0.1516
0.1009
0.0532
0.0085
-0.0332
-0.0721
-0.1084
-0.1423
-0.1738
-0.2030
-0.2298
-0.2542
-0.2762
-0.2958
-0.3132
-0.3290
-0.3439
-0.3591
-0.3759
-0.3959
-0.4207
-0.4516
-0.4897
-0.5355
-0.5889
-0.6492
-0.7150
-0.7845
-0.8557
-0.9263
-0.9941
-1.0573
-1.1143
-1.1638
-1.2050
-1.2376
-1.2616
-1.2773
-1.2854
-1.2864
-1.2815
-1.2716
-1.2577
-1.2410
-1.2226
-1.2035
-1.1846
-1.1669
-1.1506
-1.1360
-1.1230
-1.1109
-1.0990
-1.0862
-1.0714
-1.0536
-1.0319
-1.0058
-0.9753
-0.9404
-0.9020
-0.8610
-0.8185
-0.7759
-0.7345
-0.6953
-0.6593
-0.6270
-0.5986
-0.5739
-0.5522
-0.5327
-0.5141
-0.4954
-0.4750
-0.4521
-0.4258
-0.3956
-0.3614
-0.3236
-0.2826
-0.2394
-0.1947
-0.1492
-0.1038
-0.0590
-0.0153
0.0272
0.0682
0.1076
0.1455
0.1822
0.2180
0.2536
0.2895
0.3267
0.3659
0.4076
0.4522
0.4996
0.5493
0.6004
0.6518
0.7023
0.7508
0.7963
0.8384
0.8769
0.9122
0.9447
0.9754
1.0048
1.0337
1.0623
1.0907
1.1185
1.1452
1.1702
1.1929
1.2125
1.2290
1.2425
1.2534
1.2626
1.2715
1.2814
1.2937
1.3096
1.3301
1.3555
1.3859
1.4211
1.4602
1.5024
1.5470
1.5928
1.6392
1.6855
1.7308
1.7745
1.8157
1.8538
1.8877
1.9168
1.9404
1.9582
1.9700
1.9761
1.9770
1.9731
1.9651
1.9536
1.9388
1.9212
1.9008
1.8775
1.8514
1.8224
1.7908
1.7567
1.7204
1.6822
1.6423
1.6010
1.5584
1.5149
1.4705
1.4255
1.3800
1.3341
1.2880
1.2417
1.1950
1.1477
1.0996
1.0505
1.0000
0.9483
0.8952
0.8412
0.7865
0.7316
0.6771
0.6235
0.5711
0.5204
0.4716
0.4249
0.3802
0.3375
0.2966
0.2573
0.2193
0.1823
0.1458
0.1094
0.0727
0.0354
-0.0027
-0.0417
-0.0816
-0.1223
-0.1635
-0.2050
-0.2462
-0.2868
-0.3263
-0.3644
-0.4010
-0.4360
-0.4697
-0.5024
-0.5348
-0.5674
-0.6009
-0.6358
-0.6724
-0.7105
-0.7499
-0.7899
-0.8297
-0.8684
-0.9051
-0.9390
-0.9696
-0.9967
-1.0202
-1.0405
-1.0577
-1.0723
-1.0848
-1.0953
-1.1041
-1.1113
-1.1169
-1.1210
-1.1236
-1.1246
-1.1240
-1.1216
-1.1174
-1.1110
-1.1021
-1.0905
-1.0761
-1.0589
-1.0390
-1.0171
-0.9938
-0.9699
-0.9463
-0.9237
-0.9026
-0.8834
-0.8660
-0.8500
-0.8348
-0.8193
-0.8026
-0.7835
-0.7609
-0.7340
-0.7024
-0.6662
-0.6260
-0.5829
-0.5384
-0.4943
-0.4521
-0.4135
-0.3794
-0.3502
-0.3260
-0.3062
-0.2896
-0.2752
-0.2618
-0.2481
-0.2335
-0.2172
-0.1990
-0.1788
-0.1568
-0.1334
-0.1092
-0.0850
-0.0617
-0.0400
-0.0206
-0.0041
0.0095
0.0205
0.0294
0.0373
0.0453
0.0549
0.0673
0.0835
0.1046
0.1308
0.1622
0.1984
0.2385
0.2814
0.3257
0.3699
0.4126
0.4527
0.4892
0.5214
0.5491
0.5722
0.5911
0.6062
0.6182
0.6280
0.6366
0.6450
0.6541
0.6646
0.6772
0.6923
0.7097
0.7293
0.7503
0.7718
0.7927
0.8118
0.8279
0.8399
0.8469
0.8485
0.8448
0.8361
0.8234
0.8078
0.7907
0.7736
0.7576
0.7438
0.7327
0.7246
0.7194
0.7167
0.7159
0.7165
0.7180
0.7200
0.7220
0.7239
0.7255
0.7263
0.7262
0.7246
0.7209
0.7145
0.7047
0.6910
0.6730
0.6506
0.6238
0.5932
0.5594
0.5233
0.4861
0.4487
0.4124
0.3780
0.3462
0.3176
0.2922
0.2697
0.2494
0.2303
0.2111
0.1904
0.1668
0.1392
0.1067
0.0690
0.0264
-0.0202
-0.0696
-0.1200
-0.1696
-0.2167
-0.2599
-0.2979
-0.3303
-0.3569
-0.3784
-0.3953
-0.4090
-0.4205
-0.4312
-0.4420
-0.4539
-0.4673
-0.4825
-0.4991
-0.5169
-0.5352
-0.5535
-0.5713
-0.5880
-0.6036
-0.6179
-0.6310
-0.6430
-0.6541
-0.6646
-0.6748
-0.6852
-0.6962
-0.7084
-0.7222
-0.7380
-0.7560
-0.7761
-0.7981
-0.8213
-0.8451
-0.8688
-0.8915
-0.9128
-0.9322
-0.9493
-0.9639
-0.9761
-0.9860
-0.9938
-0.9999
-1.0045
-1.0083
-1.0116
-1.0149
-1.0184
-1.0223
-1.0264
-1.0306
-1.0343
-1.0374
-1.0395
-1.0407
-1.0412
-1.0415
-1.0422
-1.0443
-1.0485
-1.0552
-1.0647
-1.0770
-1.0916
-1.1078
-1.1248
-1.1416
-1.1574
-1.1713
-1.1828
-1.1915
-1.1973
-1.2002
-1.2002
-1.1978
-1.1931
-1.1866
-1.1785
-1.1693
-1.1592
-1.1485
-1.1376
-1.1266
-1.1158
-1.1052
-1.0949
-1.0846
-1.0742
-1.0635
-1.0521
-1.0398
-1.0263
-1.0116
-0.9955
-0.9782
-0.9599
-0.9408
-0.9210
-0.9009
-0.8805
-0.8602
-0.8400
-0.8203
-0.8013
-0.7833
-0.7666
-0.7514
-0.7379
-0.7262
-0.7163
-0.7081
-0.7016
-0.6964
-0.6925
-0.6894
-0.6869
-0.6847
-0.6825
-0.6803
-0.6781
-0.6761
-0.6747
-0.6744
-0.6760
-0.6799
-0.6864
-0.6956
-0.7072
-0.7206
-0.7352
-0.7501
-0.7646
-0.7782
-0.7904
-0.8011
-0.8103
-0.8183
-0.8251
-0.8307
-0.8351
-0.8380
-0.8391
-0.8384
-0.8357
-0.8312
-0.8253
-0.8186
-0.8120
-0.8064
-0.8028
-0.8018
-0.8040
-0.8095
-0.8178
-0.8284
-0.8404
-0.8526
-0.8639
-0.8734
-0.8802
-0.8839
-0.8844
-0.8819
-0.8769
-0.8701
-0.8621
-0.8535
-0.8448
-0.8363
-0.8279
-0.8194
-0.8103
-0.8001
-0.7882
-0.7741
-0.7574
-0.7381
-0.7163
-0.6925
-0.6674
-0.6420
-0.6175
-0.5950
-0.5752
-0.5590
-0.5467
-0.5381
-0.5328
-0.5303
-0.5299
-0.5307
-0.5324
-0.5343
-0.5363
-0.5383
-0.5401
-0.5416
-0.5428
-0.5434
-0.5431
-0.5416
-0.5387
-0.5345
-0.5291
-0.5231
-0.5171
-0.5120
-0.5088
-0.5083
-0.5112
-0.5176
-0.5273
-0.5398
-0.5540
-0.5687
-0.5827
-0.5948
-0.6041
-0.6101
-0.6125
-0.6115
-0.6076
-0.6015
-0.5940
-0.5860
-0.5780
-0.5708
-0.5646
-0.5595
-0.5555
-0.5522
-0.5493
-0.5464
-0.5432
-0.5393
-0.5346
-0.5288
-0.5218
-0.5132
-0.5030
-0.4907
-0.4762
-0.4593
-0.4399
-0.4183
-0.3947
-0.3696
-0.3436
-0.3171
-0.2907
-0.2646
-0.2389
-0.2137
-0.1886
-0.1635
-0.1381
-0.1119
-0.0848
-0.0566
-0.0276
0.0020
0.0317
0.0608
0.0883
0.1134
0.1353
0.1532
0.1668
0.1762
0.1817
0.1842
0.1848
0.1848
0.1854
0.1879
0.1933
0.2022
0.2149
0.2316
0.2520
0.2757
0.3021
0.3307
0.3608
0.3917
0.4229
0.4540
0.4843
0.5136
0.5415
0.5678
0.5921
0.6143
0.6340
0.6510
0.6650
0.6759
0.6836
0.6881
0.6898
0.6889
0.6857
0.6808
0.6743
0.6665
0.6573
0.6466
0.6340
0.6190
0.6012
0.5805
0.5568
0.5304
0.5018
0.4718
0.4412
0.4106
0.3807
0.3518
0.3238
0.2967
0.2701
0.2440
0.2179
0.1920
0.1660
0.1400
0.1139
0.0876
0.0609
0.0334
0.0046
-0.0259
-0.0586
-0.0939
-0.1321
-0.1735
-0.2182
-0.2666
-0.3187
-0.3746
-0.4343
-0.4977
-0.5645
-0.6342
-0.7060
-0.7793
-0.8532
-0.9270
-1.0001
-1.0719
-1.1423
-1.2110
-1.2780
-1.3432
-1.4066
-1.4682
-1.5279
-1.5859
-1.6422
-1.6970
-1.7505
-1.8031
-1.8550
-1.9063
-1.9573
-2.0078
-2.0578
-2.1068
-2.1547
-2.2009
-2.2451
-2.2868
-2.3257
-2.3616
-2.3942
-2.4235
-2.4495
-2.4721
-2.4915
-2.5078
-2.5212
-2.5317
-2.5395
-2.5445
-2.5466
-2.5460
-2.5423
-2.5358
-2.5266
-2.5151
-2.5020
-2.4880
-2.4742
-2.4615
-2.4508
-2.4425
-2.4369
-2.4337
-2.4322
-2.4313
-2.4298
-2.4263
-2.4197
-2.4091
-2.3938
-2.3737
-2.3489
-2.3200
-2.2877
-2.2528
-2.2166
-2.1798
-2.1435
-2.1081
-2.0742
-2.0417
-2.0105
-1.9798
-1.9491
-1.9175
-1.8843
-1.8488
-1.8106
-1.7697
-1.7260
-1.6798
-1.6317
-1.5819
-1.5312
-1.4800
-1.4290
-1.3789
-1.3303
-1.2838
-1.2399
-1.1990
-1.1612
-1.1265
-1.0948
-1.0657
-1.0388
-1.0136
-0.9898
-0.9671
-0.9454
-0.9244
-0.9041
-0.8845
-0.8654
-0.8470
-0.8290
-0.8116
-0.7947
-0.7785
-0.7632
-0.7490
-0.7362
-0.7251
-0.7157
-0.7083
-0.7026
-0.6986
-0.6959
-0.6943
-0.6934
-0.6931
-0.6930
-0.6932
-0.6935
-0.6938
-0.6942
-0.6945
-0.6948
-0.6948
-0.6945
-0.6939
-0.6930
-0.6916
-0.6898
-0.6875
-0.6845
-0.6808
-0.6760
-0.6704
-0.6640
-0.6571
-0.6504
-0.6445
-0.6400
-0.6375
-0.6372
-0.6386
-0.6411
-0.6435
-0.6443
-0.6422
-0.6359
-0.6243
-0.6072
-0.5847
-0.5575
-0.5269
-0.4941
-0.4609
-0.4288
-0.3990
-0.3729
-0.3511
-0.3342
-0.3224
-0.3157
-0.3136
-0.3158
-0.3214
-0.3294
-0.3387
-0.3482
-0.3564
-0.3621
-0.3640
-0.3611
-0.3526
-0.3380
-0.3173
-0.2909
-0.2595
-0.2242
-0.1865
-0.1478
-0.1097
-0.0735
-0.0406
-0.0119
0.0120
0.0309
0.0449
0.0547
0.0611
0.0654
0.0689
0.0732
0.0795
0.0891
0.1027
0.1206
0.1429
0.1689
0.1978
0.2285
0.2599
0.2906
0.3196
0.3457
0.3683
0.3868
0.4010
0.4108
0.4165
0.4187
0.4179
0.4149
0.4103
0.4047
0.3986
0.3921
0.3854
0.3783
0.3707
0.3623
0.3530
0.3427
0.3313
0.3187
0.3050
0.2901
0.2742
0.2573
0.2397
0.2216
0.2034
0.1856
0.1686
0.1532
0.1398
0.1287
0.1203
0.1146
0.1114
0.1103
0.1108
0.1122
0.1137
0.1143
0.1133
0.1098
0.1030
0.0922
0.0770
0.0573
0.0329
0.0043
-0.0279
-0.0629
-0.0998
-0.1373
-0.1743
-0.2100
-0.2433
-0.2738
-0.3010
-0.3250
-0.3458
-0.3639
-0.3799
-0.3945
-0.4084
-0.4224
-0.4370
-0.4527
-0.4697
-0.4882
-0.5079
-0.5284
-0.5493
-0.5700
-0.5898
-0.6081
-0.6242
-0.6377
-0.6482
-0.6554
-0.6591
-0.6594
-0.6565
-0.6506
-0.6423
-0.6319
-0.6200
-0.6072
-0.5938
-0.5802
-0.5665
-0.5530
-0.5395
-0.5261
-0.5126
-0.4989
-0.4848
-0.4703
-0.4552
-0.4394
-0.4228
-0.4053
-0.3871
-0.3682
-0.3488
-0.3291
-0.3095
-0.2903
-0.2715
-0.2532
-0.2351
-0.2168
-0.1975
-0.1765
-0.1527
-0.1256
-0.0946
-0.0597
-0.0213
0.0197
0.0619
0.1039
0.1439
0.1805
0.2124
0.2389
0.2599
0.2758
0.2877
0.2969
0.3049
0.3130
0.3222
0.3330
0.3456
0.3593
0.3736
0.3874
0.4001
0.4112
0.4207
0.4290
0.4366
0.4446
0.4538
0.4650
0.4784
0.4941
0.5117
0.5305
0.5495
0.5677
0.5841
0.5981
0.6089
0.6162
0.6200
0.6202
0.6169
0.6105
0.6010
0.5886
0.5737
0.5564
0.5372
0.5166
0.4954
0.4742
0.4540
0.4354
0.4191
0.4054
0.3944
0.3860
0.3796
0.3748
0.3707
0.3666
0.3621
0.3564
0.3495
0.3409
0.3308
0.3193
0.3066
0.2933
0.2800
0.2673
0.2561
0.2470
0.2406
0.2373
0.2373
0.2402
0.2458
0.2534
0.2621
0.2713
0.2801
0.2881
0.2947
0.2996
0.3029
0.3043
0.3040
0.3020
0.2983
0.2929
0.2858
0.2767
0.2657
0.2527
0.2376
0.2207
0.2022
0.1825
0.1623
0.1425
0.1238
0.1071
0.0931
0.0823
0.0747
0.0701
0.0681
0.0679
0.0687
0.0696
0.0700
0.0693
0.0673
0.0639
0.0591
0.0533
0.0465
0.0388
0.0305
0.0212
0.0108
-0.0011
-0.0150
-0.0313
-0.0503
-0.0725
-0.0978
-0.1263
-0.1576
-0.1914
-0.2271
-0.2641
-0.3019
-0.3397
-0.3773
-0.4141
-0.4501
-0.4850
-0.5189
-0.5518
-0.5839
-0.6150
-0.6453
-0.6748
-0.7033
-0.7309
-0.7574
-0.7828
-0.8072
-0.8308
-0.8538
-0.8765
-0.8993
-0.9227
-0.9471
-0.9729
-1.0003
-1.0295
-1.0607
-1.0938
-1.1285
-1.1646
-1.2016
-1.2390
-1.2763
-1.3127
-1.3476
-1.3803
-1.4101
-1.4366
-1.4595
-1.4783
-1.4932
-1.5043
-1.5117
-1.5157
-1.5169
-1.5155
-1.5118
-1.5060
-1.4982
-1.4883
-1.4765
-1.4625
-1.4464
-1.4282
-1.4082
-1.3866
-1.3640
-1.3407
-1.3173
-1.2941
-1.2714
-1.2495
-1.2284
-1.2082
-1.1887
-1.1699
-1.1516
-1.1338
-1.1164
-1.0992
-1.0824
-1.0657
-1.0491
-1.0326
-1.0159
-0.9989
-0.9813
-0.9629
-0.9436
-0.9229
-0.9008
-0.8769
-0.8511
-0.8232
-0.7931
-0.7605
-0.7253
-0.6872
-0.6463
-0.6022
-0.5551
-0.5051
-0.4524
-0.3973
-0.3405
-0.2826
-0.2244
-0.1667
-0.1104
-0.0561
-0.0044
0.0443
0.0897
0.1319
0.1710
0.2072
0.2410
0.2727
0.3028
0.3318
0.3599
0.3878
0.4157
0.4440
0.4730
0.5028
0.5336
0.5654
0.5983
0.6321
0.6670
0.7028
0.7396
0.7771
0.8155
0.8547
0.8943
0.9343
0.9746
1.0147
1.0547
1.0945
1.1338
1.1728
1.2114
1.2496
1.2871
1.3238
1.3594
1.3933
1.4251
1.4542
1.4801
1.5024
1.5208
1.5351
1.5452
1.5513
1.5537
1.5527
1.5487
1.5422
1.5336
1.5233
1.5119
1.4996
1.4868
1.4739
1.4611
1.4487
1.4370
1.4259
1.4156
1.4058
1.3961
1.3861
1.3752
1.3630
1.3492
1.3335
1.3162
1.2977
1.2787
1.2602
1.2431
1.2286
1.2174
1.2103
1.2075
1.2090
1.2144
1.2231
1.2340
1.2459
1.2578
1.2685
1.2771
1.2829
1.2856
1.2849
1.2811
1.2746
1.2657
1.2549
1.2429
1.2300
1.2169
1.2039
1.1916
1.1806
1.1713
1.1641
1.1595
1.1577
1.1590
1.1633
1.1707
1.1811
1.1942
1.2100
1.2280
1.2479
1.2693
1.2918
1.3151
1.3388
1.3628
1.3869
1.4112
1.4358
1.4609
1.4865
1.5129
1.5399
1.5676
1.5956
1.6239
1.6522
1.6804
1.7084
1.7363
1.7642
1.7924
1.8209
1.8501
1.8799
1.9104
1.9414
1.9727
2.0041
2.0352
2.0658
2.0955
2.1242
2.1514
2.1771
2.2012
2.2235
2.2441
2.2632
2.2810
2.2979
2.3142
2.3307
2.3476
2.3656
2.3849
2.4057
2.4282
2.4520
2.4769
2.5024
2.5280
2.5533
2.5778
2.6013
2.6236
2.6449
2.6651
2.6847
2.7040
2.7232
2.7428
2.7629
2.7839
2.8057
2.8284
2.8518
2.8758
2.8999
2.9236
2.9464
2.9676
2.9867
3.0032
3.0168
3.0274
3.0352
3.0406
3.0444
3.0471
3.0498
3.0534
3.0585
3.0659
3.0760
3.0891
3.1053
3.1244
3.1458
3.1692
3.1939
3.2193
3.2450
3.2707
3.2964
3.3223
3.3485
3.3756
3.4040
3.4338
3.4652
3.4978
3.5310
3.5642
3.5960
3.6252
3.6506
3.6709
3.6852
3.6929
3.6936
3.6877
3.6757
3.6585
3.6373
3.6133
3.5877
3.5617
3.5362
3.5118
3.4888
3.4673
3.4472
3.4280
3.4093
3.3905
3.3711
3.3508
3.3290
3.3058
3.2810
3.2545
3.2264
3.1968
3.1657
3.1331
3.0990
3.0633
3.0261
2.9875
2.9475
2.9063
2.8642
2.8216
2.7787
2.7360
2.6939
2.6528
2.6131
2.5752
2.5393
2.5058
2.4749
2.4467
2.4211
2.3982
2.3776
2.3589
2.3416
2.3252
2.3089
2.2921
2.2742
2.2548
2.2334
2.2101
2.1850
2.1584
2.1311
2.1037
2.0771
2.0521
2.0294
2.0094
1.9924
1.9785
1.9672
1.9583
1.9513
1.9456
1.9409
1.9368
1.9331
1.9297
1.9267
1.9241
1.9220
1.9205
1.9194
1.9188
1.9183
1.9179
1.9171
1.9159
1.9138
1.9108
1.9066
1.9011
1.8942
1.8858
1.8759
1.8646
1.8518
1.8378
1.8228
1.8071
1.7909
1.7746
1.7583
1.7420
1.7257
1.7092
1.6922
1.6743
1.6553
1.6351
1.6137
1.5910
1.5674
1.5432
1.5189
1.4952
1.4725
1.4516
1.4329
1.4170
1.4042
1.3947
1.3885
1.3852
1.3846
1.3860
1.3888
1.3923
1.3958
1.3988
1.4010
1.4020
1.4018
1.4004
1.3979
1.3943
1.3899
1.3848
1.3792
1.3733
1.3673
1.3617
1.3566
1.3524
1.3491
1.3469
1.3456
1.3450
1.3448
1.3445
1.3437
1.3418
1.3385
1.3335
1.3265
1.3176
1.3068
1.2944
1.2806
1.2659
1.2508
1.2358
1.2214
1.2081
1.1962
1.1859
1.1770
1.1694
1.1625
1.1557
1.1484
1.1398
1.1294
1.1167
1.1017
1.0843
1.0650
1.0441
1.0225
1.0006
0.9790
0.9582
0.9383
0.9192
0.9007
0.8824
0.8637
0.8441
0.8234
0.8012
0.7775
0.7526
0.7266
0.7002
0.6737
0.6477
0.6227
0.5990
0.5771
0.5571
0.5392
0.5233
0.5092
0.4968
0.4856
0.4754
0.4656
0.4560
0.4461
0.4357
0.4248
0.4133
0.4015
0.3897
0.3783
0.3678
0.3586
0.3513
0.3462
0.3438
0.3442
0.3475
0.3538
0.3629
0.3745
0.3882
0.4039
0.4209
0.4389
0.4577
0.4768
0.4961
0.5154
0.5345
0.5533
0.5717
0.5896
0.6072
0.6245
0.6418
0.6595
0.6780
0.6978
0.7196
0.7438
0.7709
0.8013
0.8351
0.8723
0.9127
0.9562
1.0024
1.0507
1.1007
1.1518
1.2036
1.2558
1.3082
1.3608
1.4137
1.4674
1.5222
1.5786
1.6368
1.6969
1.7588
1.8217
1.8850
1.9475
2.0079
2.0650
2.1178
2.1653
2.2069
2.2424
2.2717
2.2955
2.3142
2.3288
2.3403
2.3497
2.3580
2.3660
2.3746
2.3842
2.3952
2.4077
2.4219
2.4374
2.4541
2.4716
2.4897
2.5080
2.5264
2.5447
2.5629
2.5810
2.5992
2.6175
2.6360
2.6548
2.6735
2.6918
2.7093
2.7253
2.7395
2.7514
2.7608
2.7677
2.7725
2.7756
2.7777
2.7794
2.7815
2.7843
2.7881
2.7929
2.7986
2.8046
2.8104
2.8152
2.8182
2.8187
2.8156
2.8085
2.7969
2.7804
2.7594
2.7343
2.7059
2.6753
2.6438
2.6126
2.5828
2.5554
2.5310
2.5098
2.4917
2.4763
2.4629
2.4507
2.4389
2.4267
2.4135
2.3986
2.3819
2.3632
2.3426
2.3201
2.2961
2.2708
2.2444
2.2172
2.1895
2.1612
2.1325
2.1034
2.0740
2.0442
2.0141
1.9840
1.9541
1.9247
1.8961
1.8689
1.8435
1.8201
1.7990
1.7803
1.7640
1.7499
1.7378
1.7275
1.7184
1.7101
1.7023
1.6944
1.6860
1.6766
1.6659
1.6537
1.6398
1.6243
1.6075
1.5897
1.5714
1.5533
1.5358
1.5198
1.5055
1.4936
1.4843
1.4776
1.4737
1.4723
1.4732
1.4762
1.4808
1.4868
1.4938
1.5015
1.5096
1.5178
1.5259
1.5335
1.5403
1.5460
1.5505
1.5537
1.5556
1.5565
1.5568
1.5571
1.5581
1.5602
1.5641
1.5701
1.5780
1.5878
1.5988
1.6101
1.6210
1.6304
1.6377
1.6421
1.6437
1.6423
1.6385
1.6329
1.6263
1.6194
1.6130
1.6076
1.6034
1.6007
1.5993
1.5993
1.6002
1.6022
1.6049
1.6085
1.6129
1.6180
1.6239
1.6304
1.6373
1.6441
1.6502
1.6549
1.6574
1.6569
1.6528
1.6445
1.6319
1.6149
1.5939
1.5696
1.5427
1.5143
1.4852
1.4566
1.4294
1.4044
1.3822
1.3634
1.3482
1.3368
1.3290
1.3243
1.3224
1.3223
1.3235
1.3249
1.3259
1.3256
1.3234
1.3189
1.3115
1.3013
1.2883
1.2727
1.2552
1.2363
1.2168
1.1977
1.1797
1.1636
1.1496
1.1382
1.1292
1.1225
1.1175
1.1139
1.1113
1.1094
1.1082
1.1077
1.1084
1.1105
1.1147
1.1211
1.1300
1.1411
1.1540
1.1681
1.1825
1.1962
1.2083
1.2178
1.2241
1.2266
1.2251
1.2195
1.2103
1.1979
1.1831
1.1667
1.1498
1.1334
1.1185
1.1059
1.0964
1.0905
1.0885
1.0905
1.0962
1.1054
1.1176
1.1324
1.1491
1.1672
1.1862
1.2055
1.2245
1.2427
1.2596
1.2747
1.2877
1.2984
1.3067
1.3129
1.3172
1.3200
1.3220
1.3236
1.3253
1.3274
1.3300
1.3334
1.3373
1.3417
1.3465
1.3517
1.3573
1.3635
1.3703
1.3777
1.3857
1.3941
1.4022
1.4095
1.4151
1.4181
1.4180
1.4142
1.4068
1.3959
1.3825
1.3674
1.3521
1.3377
1.3253
1.3156
1.3090
1.3057
1.3052
1.3074
1.3116
1.3174
1.3245
1.3327
1.3418
1.3515
1.3616
1.3716
1.3810
1.3890
1.3950
1.3985
1.3991
1.3966
1.3910
1.3823
1.3708
1.3566
1.3396
1.3197
1.2966
1.2701
1.2398
1.2053
1.1664
1.1231
1.0755
1.0240
0.9690
0.9112
0.8514
0.7902
0.7284
0.6670
0.6064
0.5474
0.4906
0.4362
0.3846
0.3360
0.2906
0.2485
0.2097
0.1741
0.1419
0.1131
0.0876
0.0654
0.0463
0.0302
0.0166
0.0052
-0.0047
-0.0136
-0.0222
-0.0311
-0.0409
-0.0519
-0.0645
-0.0789
-0.0951
-0.1130
-0.1323
-0.1527
-0.1739
-0.1951
-0.2159
-0.2354
-0.2529
-0.2676
-0.2787
-0.2855
-0.2873
-0.2836
-0.2742
-0.2589
-0.2380
-0.2118
-0.1809
-0.1460
-0.1079
-0.0673
-0.0249
0.0186
0.0629
0.1074
0.1521
0.1965
0.2408
0.2847
0.3284
0.3719
0.4154
0.4592
0.5038
0.5495
0.5970
0.6468
0.6996
0.7560
0.8164
0.8811
0.9503
1.0237
1.1008
1.1806
1.2619
1.3432
1.4229
