1.4488
1.5092
1.5666
1.6205
1.6706
1.7165
1.7580
1.7950
1.8273
1.8549
1.8780
1.8965
1.9106
1.9205
1.9263
1.9282
1.9264
1.9212
1.9127
1.9012
1.8870
1.8702
1.8510
1.8298
1.8066
1.7816
1.7550
1.7269
1.6974
1.6665
1.6344
1.6011
1.5667
1.5313
1.4951
1.4580
1.4203
1.3822
1.3438
1.3053
1.2669
1.2287
1.1911
1.1541
1.1178
1.0825
1.0481
1.0147
0.9824
0.9511
0.9210
0.8919
0.8638
0.8367
0.8104
0.7850
0.7603
0.7362
0.7126
0.6894
0.6663
0.6433
0.6202
0.5970
0.5734
0.5495
0.5252
0.5004
0.4752
0.4495
0.4234
0.3970
0.3703
0.3434
0.3164
0.2894
0.2623
0.2354
0.2086
0.1820
0.1555
0.1292
0.1030
0.0768
0.0507
0.0246
-0.0015
-0.0277
-0.0539
-0.0801
-0.1063
-0.1323
-0.1580
-0.1832
-0.2079
-0.2319
-0.2550
-0.2771
-0.2981
-0.3178
-0.3363
-0.3535
-0.3692
-0.3834
-0.3960
-0.4069
-0.4159
-0.4228
-0.4274
-0.4296
-0.4292
-0.4258
-0.4194
-0.4099
-0.3972
-0.3813
-0.3623
-0.3404
-0.3159
-0.2889
-0.2599
-0.2291
-0.1968
-0.1634
-0.1292
-0.0944
-0.0591
-0.0234
0.0125
0.0488
0.0853
0.1223
0.1599
0.1981
0.2372
0.2772
0.3183
0.3606
0.4042
0.4490
0.4951
0.5423
0.5906
0.6398
0.6897
0.7399
0.7902
0.8403
0.8899
0.9386
0.9863
1.0328
1.0778
1.1215
1.1638
1.2049
1.2449
1.2841
1.3228
1.3613
1.3998
1.4385
1.4777
1.5173
1.5576
1.5984
1.6395
1.6810
1.7225
1.7638
1.8047
1.8451
1.8847
1.9235
1.9613
1.9982
2.0342
2.0693
2.1037
2.1375
2.1708
2.2037
2.2365
2.2692
2.3019
2.3348
2.3677
2.4008
2.4340
2.4673
2.5004
2.5332
2.5655
2.5970
2.6273
2.6561
2.6830
2.7074
2.7290
2.7472
2.7615
2.7714
2.7765
2.7762
2.7704
2.7585
2.7404
2.7160
2.6853
2.6483
2.6054
2.5569
2.5033
2.4452
2.3834
2.3187
2.2518
2.1834
2.1145
2.0454
1.9769
1.9091
1.8424
1.7766
1.7116
1.6472
1.5829
1.5183
1.4528
1.3861
1.3176
1.2470
1.1740
1.0985
1.0206
0.9402
0.8577
0.7733
0.6874
0.6003
0.5124
0.4242
0.3360
0.2482
0.1609
0.0743
-0.0112
-0.0957
-0.1791
-0.2613
-0.3424
-0.4222
-0.5009
-0.5785
-0.6549
-0.7302
-0.8044
-0.8775
-0.9495
-1.0202
-1.0897
-1.1577
-1.2240
-1.2885
-1.3508
-1.4106
-1.4676
-1.5214
-1.5717
-1.6181
-1.6603
-1.6981
-1.7313
-1.7600
-1.7840
-1.8035
-1.8187
-1.8298
-1.8370
-1.8407
-1.8412
-1.8388
-1.8338
-1.8265
-1.8171
-1.8058
-1.7929
-1.7784
-1.7626
-1.7456
-1.7274
-1.7081
-1.6880
-1.6670
-1.6452
-1.6227
-1.5996
-1.5759
-1.5515
-1.5265
-1.5008
-1.4743
-1.4469
-1.4184
-1.3887
-1.3576
-1.3250
-1.2909
-1.2551
-1.2176
-1.1786
-1.1381
-1.0963
-1.0536
-1.0101
-0.9663
-0.9225
-0.8792
-0.8366
-0.7951
-0.7549
-0.7162
-0.6792
-0.6439
-0.6103
-0.5783
-0.5480
-0.5190
-0.4915
-0.4653
-0.4404
-0.4168
-0.3946
-0.3737
-0.3543
-0.3365
-0.3204
-0.3060
-0.2935
-0.2827
-0.2738
-0.2665
-0.2609
-0.2567
-0.2539
-0.2523
-0.2518
-0.2522
-0.2534
-0.2552
-0.2576
-0.2606
-0.2639
-0.2677
-0.2719
-0.2765
-0.2815
-0.2870
-0.2932
-0.3002
-0.3082
-0.3175
-0.3284
-0.3411
-0.3561
-0.3736
-0.3940
-0.4174
-0.4441
-0.4743
-0.5080
-0.5452
-0.5859
-0.6300
-0.6773
-0.7277
-0.7810
-0.8371
-0.8957
-0.9568
-1.0203
-1.0860
-1.1540
-1.2242
-1.2965
-1.3709
-1.4473
-1.5256
-1.6056
-1.6871
-1.7700
-1.8540
-1.9390
-2.0246
-2.1107
-2.1970
-2.2833
-2.3695
-2.4554
-2.5409
-2.6257
-2.7098
-2.7929
-2.8751
-2.9562
-3.0360
-3.1145
-3.1916
-3.2672
-3.3412
-3.4137
-3.4844
-3.5536
-3.6210
-3.6869
-3.7511
-3.8138
-3.8751
-3.9350
-3.9938
-4.0515
-4.1085
-4.1649
-4.2209
-4.2767
-4.3325
-4.3884
-4.4444
-4.5004
-4.5564
-4.6123
-4.6676
-4.7223
-4.7757
-4.8276
-4.8776
-4.9251
-4.9698
-5.0112
-5.0490
-5.0827
-5.1122
-5.1371
-5.1572
-5.1724
-5.1824
-5.1873
-5.1871
-5.1817
-5.1713
-5.1561
-5.1363
-5.1123
-5.0843
-5.0526
-5.0178
-4.9802
-4.9402
-4.8981
-4.8543
-4.8090
-4.7625
-4.7150
-4.6665
-4.6170
-4.5667
-4.5153
-4.4629
-4.4093
-4.3545
-4.2982
-4.2404
-4.1812
-4.1203
-4.0579
-3.9941
-3.9288
-3.8622
-3.7945
-3.7259
-3.6564
-3.5862
-3.5156
-3.4446
-3.3735
-3.3024
-3.2313
-3.1605
-3.0900
-3.0199
-2.9503
-2.8814
-2.8132
-2.7457
-2.6792
-2.6136
-2.5490
-2.4855
-2.4231
-2.3618
-2.3015
-2.2424
-2.1844
-2.1274
-2.0715
-2.0165
-1.9625
-1.9094
-1.8572
-1.8059
-1.7556
-1.7062
-1.6579
-1.6107
-1.5648
-1.5202
-1.4771
-1.4356
-1.3959
-1.3581
-1.3222
-1.2883
-1.2564
-1.2264
-1.1983
-1.1719
-1.1472
-1.1240
-1.1021
-1.0814
-1.0618
-1.0432
-1.0256
-1.0089
-0.9934
-0.9790
-0.9659
-0.9542
-0.9440
-0.9354
-0.9285
-0.9233
-0.9199
-0.9180
-0.9176
-0.9184
-0.9202
-0.9227
-0.9256
-0.9287
-0.9316
-0.9342
-0.9361
-0.9373
-0.9377
-0.9373
-0.9361
-0.9342
-0.9319
-0.9291
-0.9262
-0.9232
-0.9203
-0.9175
-0.9148
-0.9124
-0.9100
-0.9076
-0.9050
-0.9022
-0.8990
-0.8954
-0.8911
-0.8863
-0.8810
-0.8751
-0.8688
-0.8622
-0.8554
-0.8485
-0.8416
-0.8347
-0.8278
-0.8209
-0.8138
-0.8064
-0.7985
-0.7900
-0.7806
-0.7702
-0.7587
-0.7461
-0.7323
-0.7174
-0.7017
-0.6852
-0.6683
-0.6512
-0.6343
-0.6179
-0.6024
-0.5879
-0.5747
-0.5630
-0.5530
-0.5447
-0.5383
-0.5337
-0.5311
-0.5304
-0.5317
-0.5351
-0.5405
-0.5481
-0.5580
-0.5702
-0.5847
-0.6016
-0.6209
-0.6426
-0.6667
-0.6930
-0.7214
-0.7518
-0.7841
-0.8179
-0.8533
-0.8900
-0.9278
-0.9666
-1.0061
-1.0463
-1.0869
-1.1278
-1.1687
-1.2094
-1.2497
-1.2893
-1.3280
-1.3655
-1.4015
-1.4359
-1.4684
-1.4989
-1.5273
-1.5536
-1.5776
-1.5996
-1.6196
-1.6378
-1.6544
-1.6697
-1.6837
-1.6969
-1.7093
-1.7211
-1.7326
-1.7436
-1.7544
-1.7649
-1.7751
-1.7849
-1.7942
-1.8032
-1.8116
-1.8197
-1.8273
-1.8347
-1.8419
-1.8492
-1.8568
-1.8649
-1.8735
-1.8831
-1.8935
-1.9050
-1.9176
-1.9311
-1.9455
-1.9607
-1.9764
-1.9924
-2.0086
-2.0246
-2.0404
-2.0557
-2.0705
-2.0845
-2.0978
-2.1104
-2.1222
-2.1333
-2.1439
-2.1538
-2.1634
-2.1725
-2.1813
-2.1899
-2.1982
-2.2063
-2.2141
-2.2215
-2.2285
-2.2351
-2.2410
-2.2461
-2.2505
-2.2540
-2.2564
-2.2578
-2.2582
-2.2575
-2.2557
-2.2529
-2.2491
-2.2444
-2.2390
-2.2330
-2.2264
-2.2194
-2.2122
-2.2048
-2.1972
-2.1897
-2.1823
-2.1750
-2.1678
-2.1606
-2.1536
-2.1466
-2.1396
-2.1325
-2.1252
-2.1175
-2.1096
-2.1011
-2.0922
-2.0828
-2.0728
-2.0622
-2.0512
-2.0398
-2.0280
-2.0160
-2.0040
-1.9920
-1.9803
-1.9689
-1.9581
-1.9479
-1.9386
-1.9301
-1.9227
-1.9163
-1.9111
-1.9070
-1.9042
-1.9026
-1.9022
-1.9030
-1.9050
-1.9080
-1.9121
-1.9170
-1.9227
-1.9291
-1.9359
-1.9429
-1.9499
-1.9566
-1.9627
-1.9679
-1.9719
-1.9744
-1.9751
-1.9739
-1.9705
-1.9648
-1.9569
-1.9468
-1.9345
-1.9203
-1.9044
-1.8870
-1.8685
-1.8490
-1.8291
-1.8088
-1.7884
-1.7682
-1.7482
-1.7285
-1.7093
-1.6904
-1.6717
-1.6533
-1.6350
-1.6166
-1.5980
-1.5789
-1.5593
-1.5391
-1.5180
-1.4960
-1.4731
-1.4493
-1.4247
-1.3992
-1.3730
-1.3462
-1.3190
-1.2915
-1.2637
-1.2358
-1.2079
-1.1801
-1.1523
-1.1247
-1.0972
-1.0699
-1.0428
-1.0160
-0.9894
-0.9632
-0.9373
-0.9119
-0.8869
-0.8625
-0.8387
-0.8154
-0.7926
-0.7703
-0.7483
-0.7266
-0.7050
-0.6834
-0.6616
-0.6396
-0.6172
-0.5943
-0.5710
-0.5471
-0.5227
-0.4977
-0.4723
-0.4463
-0.4200
-0.3932
-0.3661
-0.3387
-0.3112
-0.2835
-0.2558
-0.2282
-0.2009
-0.1740
-0.1477
-0.1221
-0.0976
-0.0741
-0.0520
-0.0313
-0.0122
0.0053
0.0211
0.0352
0.0475
0.0582
0.0672
0.0746
0.0805
0.0848
0.0877
0.0892
0.0892
0.0877
0.0848
0.0804
0.0745
0.0672
0.0584
0.0483
0.0369
0.0243
0.0107
-0.0037
-0.0188
-0.0344
-0.0504
-0.0665
-0.0827
-0.0988
-0.1147
-0.1305
-0.1460
-0.1614
-0.1767
-0.1919
-0.2073
-0.2228
-0.2387
-0.2550
-0.2717
-0.2891
-0.3069
-0.3253
-0.3442
-0.3634
-0.3829
-0.4024
-0.4217
-0.4408
-0.4594
-0.4773
-0.4943
-0.5104
-0.5255
-0.5395
-0.5524
-0.5641
-0.5748
-0.5845
-0.5932
-0.6010
-0.6080
-0.6141
-0.6195
-0.6242
-0.6281
-0.6313
-0.6337
-0.6354
-0.6363
-0.6364
-0.6358
-0.6345
-0.6325
-0.6300
-0.6269
-0.6235
-0.6197
-0.6158
-0.6118
-0.6077
-0.6036
-0.5996
-0.5955
-0.5915
-0.5875
-0.5833
-0.5790
-0.5744
-0.5696
-0.5646
-0.5592
-0.5536
-0.5477
-0.5416
-0.5354
-0.5291
-0.5227
-0.5164
-0.5099
-0.5035
-0.4969
-0.4901
-0.4830
-0.4755
-0.4674
-0.4587
-0.4491
-0.4386
-0.4272
-0.4148
-0.4014
-0.3871
-0.3719
-0.3559
-0.3391
-0.3218
-0.3040
-0.2858
-0.2672
-0.2483
-0.2292
-0.2098
-0.1903
-0.1705
-0.1506
-0.1306
-0.1104
-0.0902
-0.0699
-0.0497
-0.0295
-0.0095
0.0102
0.0296
0.0485
0.0670
0.0848
0.1020
0.1185
0.1341
0.1490
0.1629
0.1760
0.1883
0.1999
0.2108
0.2212
0.2313
0.2412
0.2512
0.2615
0.2722
0.2836
0.2957
0.3087
0.3227
0.3375
0.3533
0.3698
0.3871
0.4050
0.4233
0.4420
0.4608
0.4799
0.4990
0.5182
0.5375
0.5569
0.5765
0.5964
0.6167
0.6373
0.6584
0.6798
0.7017
0.7238
0.7460
0.7683
0.7903
0.8119
0.8329
0.8529
0.8717
0.8892
0.9051
0.9191
0.9311
0.9408
0.9481
0.9527
0.9544
0.9528
0.9477
0.9386
0.9250
0.9067
0.8829
0.8534
0.8175
0.7750
0.7255
0.6687
0.6048
0.5338
0.4562
0.3723
0.2831
0.1893
0.0921
-0.0073
-0.1079
-0.2083
-0.3075
-0.4043
-0.4978
-0.5873
-0.6722
-0.7520
-0.8266
-0.8959
-0.9599
-1.0188
-1.0728
-1.1222
-1.1673
-1.2084
-1.2458
-1.2798
-1.3107
-1.3387
-1.3640
-1.3869
-1.4077
-1.4266
-1.4438
-1.4597
-1.4746
-1.4887
-1.5024
-1.5160
-1.5298
-1.5440
-1.5589
-1.5747
-1.5915
-1.6094
-1.6285
-1.6488
-1.6703
-1.6928
-1.7162
-1.7403
-1.7649
-1.7898
-1.8147
-1.8393
-1.8633
-1.8864
-1.9083
-1.9287
-1.9473
-1.9638
-1.9780
-1.9898
-1.9988
-2.0051
-2.0085
-2.0091
-2.0067
-2.0016
-1.9937
-1.9833
-1.9704
-1.9554
-1.9383
-1.9194
-1.8988
-1.8768
-1.8535
-1.8290
-1.8034
-1.7767
-1.7491
-1.7205
-1.6908
-1.6600
-1.6280
-1.5947
-1.5600
-1.5238
-1.4861
-1.4466
-1.4055
-1.3625
-1.3177
-1.2711
-1.2226
-1.1723
-1.1201
-1.0661
-1.0102
-0.9527
-0.8934
-0.8325
-0.7701
-0.7062
-0.6411
-0.5749
-0.5079
-0.4401
-0.3719
-0.3036
-0.2353
-0.1672
-0.0996
-0.0326
0.0337
0.0993
0.1642
0.2284
0.2920
0.3552
0.4181
0.4808
0.5435
0.6062
0.6690
0.7318
0.7948
0.8576
0.9203
0.9825
1.0442
1.1050
1.1648
1.2234
1.2807
1.3366
1.3910
1.4440
1.4957
1.5461
1.5956
1.6442
1.6922
1.7396
1.7867
1.8334
1.8799
1.9260
1.9717
2.0168
2.0610
2.1041
2.1457
2.1854
2.2230
2.2581
2.2902
2.3190
2.3442
2.3654
2.3825
2.3953
2.4036
2.4072
2.4063
2.4007
2.3906
2.3762
2.3575
2.3348
2.3084
2.2785
2.2453
2.2092
2.1704
2.1291
2.0855
2.0399
1.9923
1.9428
1.8917
1.8389
1.7845
1.7286
1.6712
1.6125
1.5524
1.4912
1.4288
1.3655
1.3014
1.2366
1.1713
1.1056
1.0397
0.9737
0.9078
0.8421
0.7766
0.7114
0.6465
0.5820
0.5179
0.4541
0.3907
0.3275
0.2647
0.2022
0.1401
0.0784
0.0173
-0.0432
-0.1029
-0.1618
-0.2196
-0.2764
-0.3322
-0.3869
-0.4406
-0.4933
-0.5454
-0.5969
-0.6481
-0.6992
-0.7504
-0.8019
-0.8538
-0.9063
-0.9594
-1.0131
-1.0674
-1.1223
-1.1775
-1.2330
-1.2885
-1.3440
-1.3993
-1.4541
-1.5085
-1.5622
-1.6153
-1.6677
-1.7192
-1.7701
-1.8201
-1.8693
-1.9177
-1.9652
-2.0117
-2.0572
-2.1014
-2.1442
-2.1854
-2.2248
-2.2621
-2.2973
-2.3300
-2.3603
-2.3881
-2.4135
-2.4367
-2.4578
-2.4773
-2.4954
-2.5126
-2.5292
-2.5456
-2.5622
-2.5791
-2.5966
-2.6147
-2.6334
-2.6524
-2.6717
-2.6908
-2.7094
-2.7272
-2.7436
-2.7583
-2.7710
-2.7812
-2.7886
-2.7931
-2.7946
-2.7929
-2.7882
-2.7807
-2.7707
-2.7585
-2.7447
-2.7295
-2.7136
-2.6973
-2.6810
-2.6649
-2.6489
-2.6331
-2.6171
-2.6006
-2.5830
-2.5638
-2.5421
-2.5175
-2.4894
-2.4573
-2.4209
-2.3800
-2.3346
-2.2849
-2.2310
-2.1736
-2.1129
-2.0496
-1.9842
-1.9172
-1.8493
-1.7808
-1.7123
-1.6441
-1.5765
-1.5098
-1.4442
-1.3799
-1.3169
-1.2554
-1.1954
-1.1368
-1.0797
-1.0240
-0.9696
-0.9165
-0.8645
-0.8135
-0.7634
-0.7142
-0.6656
-0.6175
-0.5700
-0.5227
-0.4758
-0.4291
-0.3826
-0.3363
-0.2902
-0.2445
-0.1993
-0.1546
-0.1107
-0.0677
-0.0259
0.0145
0.0535
0.0907
0.1261
0.1595
0.1908
0.2201
0.2473
0.2724
0.2954
0.3165
0.3357
0.3530
0.3686
0.3826
0.3950
0.4059
0.4152
0.4230
0.4292
0.4338
0.4368
0.4380
0.4374
0.4350
0.4306
0.4244
0.4163
0.4064
0.3949
0.3819
0.3676
0.3523
0.3362
0.3195
0.3025
0.2854
0.2684
0.2516
0.2351
0.2189
0.2031
0.1875
0.1720
0.1566
0.1410
0.1251
0.1088
0.0918
0.0740
0.0552
0.0354
0.0144
-0.0078
-0.0312
-0.0559
-0.0818
-0.1089
-0.1370
-0.1662
-0.1963
-0.2271
-0.2585
-0.2903
-0.3226
-0.3550
-0.3876
-0.4202
-0.4528
-0.4854
-0.5180
-0.5507
-0.5834
-0.6163
-0.6494
-0.6829
-0.7168
-0.7513
-0.7864
-0.8220
-0.8583
-0.8951
-0.9325
-0.9703
-1.0083
-1.0464
-1.0845
-1.1222
-1.1594
-1.1959
-1.2315
-1.2659
-1.2990
-1.3306
-1.3605
-1.3886
-1.4150
-1.4394
-1.4619
-1.4825
-1.5013
-1.5184
-1.5339
-1.5478
-1.5603
-1.5716
-1.5817
-1.5908
-1.5991
-1.6065
-1.6132
-1.6193
-1.6248
-1.6298
-1.6345
-1.6388
-1.6429
-1.6468
-1.6507
-1.6545
-1.6584
-1.6625
-1.6668
-1.6713
-1.6762
-1.6814
-1.6870
-1.6929
-1.6992
-1.7056
-1.7122
-1.7190
-1.7257
-1.7324
-1.7388
-1.7451
-1.7510
-1.7565
-1.7615
-1.7660
-1.7700
-1.7734
-1.7761
-1.7782
-1.7796
-1.7802
-1.7800
-1.7787
-1.7762
-1.7722
-1.7664
-1.7583
-1.7474
-1.7332
-1.7151
-1.6924
-1.6647
-1.6314
-1.5924
-1.5474
-1.4965
-1.4402
-1.3790
-1.3138
-1.2457
-1.1760
-1.1059
-1.0369
-0.9703
-0.9073
-0.8490
-0.7962
-0.7493
-0.7088
-0.6745
-0.6464
-0.6238
-0.6064
-0.5935
-0.5842
-0.5780
-0.5741
-0.5720
-0.5712
-0.5711
-0.5716
-0.5724
-0.5734
-0.5745
-0.5757
-0.5772
-0.5791
-0.5816
-0.5849
-0.5892
-0.5946
-0.6014
-0.6097
-0.6194
-0.6306
-0.6431
-0.6567
-0.6710
-0.6856
-0.7001
-0.7139
-0.7265
-0.7373
-0.7459
-0.7519
-0.7550
-0.7548
-0.7512
-0.7442
-0.7339
-0.7202
-0.7035
-0.6839
-0.6617
-0.6372
-0.6105
-0.5820
-0.5518
-0.5202
-0.4873
-0.4532
-0.4182
-0.3822
-0.3454
-0.3079
-0.2699
-0.2316
-0.1931
-0.1546
-0.1165
-0.0791
-0.0425
-0.0072
0.0266
0.0585
0.0885
0.1161
0.1413
0.1639
0.1838
0.2010
0.2153
0.2268
0.2355
0.2415
0.2447
0.2451
0.2429
0.2381
0.2307
0.2209
0.2088
0.1944
0.1779
0.1593
0.1390
0.1169
0.0932
0.0680
0.0415
0.0138
-0.0150
-0.0449
-0.0756
-0.1072
-0.1395
-0.1724
-0.2058
-0.2396
-0.2737
-0.3080
-0.3426
-0.3775
-0.4126
-0.4480
-0.4840
-0.5205
-0.5579
-0.5963
-0.6360
-0.6771
-0.7198
-0.7644
-0.8108
-0.8593
-0.9098
-0.9623
-1.0168
-1.0729
-1.1307
-1.1898
-1.2499
-1.3109
-1.3724
-1.4341
-1.4957
-1.5568
-1.6171
-1.6764
-1.7342
-1.7903
-1.8442
-1.8957
-1.9442
-1.9895
-2.0312
-2.0689
-2.1024
-2.1315
-2.1560
-2.1758
-2.1910
-2.2018
-2.2084
-2.2111
-2.2104
-2.2067
-2.2005
-2.1922
-2.1825
-2.1718
-2.1605
-2.1489
-2.1373
-2.1260
-2.1151
-2.1046
-2.0946
-2.0851
-2.0759
-2.0668
-2.0579
-2.0488
-2.0393
-2.0294
-2.0187
-2.0071
-1.9944
-1.9804
-1.9648
-1.9475
-1.9281
-1.9067
-1.8828
-1.8564
-1.8272
-1.7951
-1.7601
-1.7220
-1.6807
-1.6362
-1.5887
-1.5380
-1.4842
-1.4274
-1.3678
-1.3053
-1.2402
-1.1726
-1.1025
-1.0303
-0.9560
-0.8799
-0.8022
-0.7234
-0.6436
-0.5633
-0.4828
-0.4024
-0.3227
-0.2439
-0.1664
-0.0904
-0.0163
0.0558
0.1257
0.1934
0.2589
0.3222
0.3834
0.4428
0.5006
0.5570
0.6123
0.6669
0.7211
0.7752
0.8294
0.8841
0.9395
0.9958
1.0531
1.1116
1.1712
1.2321
1.2941
1.3572
1.4212
1.4860
1.5513
1.6170
1.6828
1.7483
1.8134
1.8776
1.9407
2.0024
2.0625
2.1207
2.1768
2.2306
2.2821
2.3311
2.3777
2.4218
2.4635
2.5029
2.5400
2.5750
2.6080
2.6391
2.6684
2.6961
2.7224
2.7473
2.7710
2.7935
2.8151
2.8357
2.8555
2.8745
2.8926
2.9100
2.9265
2.9421
2.9567
2.9700
2.9821
2.9928
3.0018
3.0092
3.0149
3.0188
3.0209
3.0214
3.0203
3.0179
3.0143
3.0100
3.0051
3.0000
2.9950
2.9903
2.9863
2.9830
2.9804
2.9787
2.9776
2.9770
2.9767
2.9762
2.9752
2.9734
2.9703
2.9655
2.9588
2.9498
2.9384
2.9242
2.9073
2.8876
2.8651
2.8398
2.8118
2.7814
2.7485
2.7135
2.6765
2.6378
2.5974
2.5557
2.5127
2.4686
2.4235
2.3774
2.3305
2.2826
2.2338
2.1840
2.1332
2.0813
2.0283
1.9741
1.9187
1.8622
1.8044
1.7455
1.6854
1.6244
1.5625
1.4998
1.4365
1.3727
1.3087
1.2445
1.1805
1.1167
1.0534
0.9906
0.9286
0.8674
0.8070
0.7475
0.6889
0.6311
0.5741
0.5179
0.4623
0.4073
0.3529
0.2990
0.2456
0.1926
0.1399
0.0877
0.0357
-0.0159
-0.0672
-0.1182
-0.1689
-0.2192
-0.2691
-0.3185
-0.3673
-0.4153
-0.4623
-0.5082
-0.5526
-0.5953
-0.6360
-0.6745
-0.7104
-0.7435
-0.7736
-0.8004
-0.8237
-0.8434
-0.8595
-0.8719
-0.8808
-0.8861
-0.8883
-0.8875
-0.8842
-0.8787
-0.8715
-0.8632
-0.8543
-0.8454
-0.8368
-0.8292
-0.8230
-0.8186
-0.8161
-0.8159
-0.8181
-0.8225
-0.8291
-0.8377
-0.8478
-0.8592
-0.8714
-0.8838
-0.8960
-0.9073
-0.9175
-0.9260
-0.9327
-0.9371
-0.9394
-0.9393
-0.9371
-0.9327
-0.9265
-0.9187
-0.9094
-0.8991
-0.8878
-0.8758
-0.8632
-0.8503
-0.8371
-0.8238
-0.8103
-0.7968
-0.7834
-0.7699
-0.7566
-0.7434
-0.7304
-0.7176
-0.7049
-0.6925
-0.6804
-0.6686
-0.6573
-0.6464
-0.6362
-0.6268
-0.6183
-0.6109
-0.6047
-0.5999
-0.5964
-0.5944
-0.5937
-0.5942
-0.5956
-0.5977
-0.6000
-0.6020
-0.6034
-0.6035
-0.6019
-0.5982
-0.5919
-0.5828
-0.5706
-0.5555
-0.5374
-0.5166
-0.4935
-0.4687
-0.4426
-0.4160
-0.3897
-0.3643
-0.3406
-0.3192
-0.3007
-0.2855
-0.2740
-0.2661
-0.2619
-0.2613
-0.2638
-0.2691
-0.2766
-0.2859
-0.2964
-0.3076
-0.3189
-0.3301
-0.3408
-0.3509
-0.3603
-0.3689
-0.3770
-0.3845
-0.3918
-0.3989
-0.4061
-0.4135
-0.4213
-0.4295
-0.4381
-0.4472
-0.4566
-0.4663
-0.4761
-0.4859
-0.4954
-0.5045
-0.5130
-0.5207
-0.5272
-0.5326
-0.5364
-0.5386
-0.5389
-0.5372
-0.5334
-0.5272
-0.5186
-0.5076
-0.4941
-0.4782
-0.4600
-0.4395
-0.4169
-0.3925
-0.3663
-0.3387
-0.3097
-0.2797
-0.2487
-0.2171
-0.1848
-0.1520
-0.1189
-0.0854
-0.0515
-0.0174
0.0170
0.0517
0.0866
0.1217
0.1569
0.1921
0.2272
0.2620
0.2965
0.3303
0.3633
0.3954
0.4265
0.4564
0.4852
0.5128
0.5393
0.5649
0.5897
0.6140
0.6380
0.6621
0.6864
0.7113
0.7370
0.7639
0.7921
0.8219
0.8534
0.8868
0.9222
0.9597
0.9993
1.0411
1.0852
1.1314
1.1797
1.2299
1.2818
1.3352
1.3896
1.4447
1.4999
1.5547
1.6084
1.6605
1.7102
1.7571
1.8006
1.8402
1.8756
1.9067
1.9334
1.9558
1.9741
1.9889
2.0005
2.0098
2.0172
2.0236
2.0296
2.0360
2.0431
2.0514
2.0612
2.0726
2.0853
2.0993
2.1141
2.1291
2.1440
2.1581
2.1709
2.1818
2.1907
2.1972
2.2011
2.2025
2.2015
2.1983
2.1931
2.1863
2.1781
2.1688
2.1586
2.1477
2.1361
2.1238
2.1107
2.0966
2.0813
2.0643
2.0454
2.0242
2.0003
1.9734
1.9433
1.9099
1.8731
1.8330
1.7898
1.7437
1.6952
1.6447
1.5927
1.5397
1.4861
1.4323
1.3787
1.3256
1.2730
1.2210
1.1696
1.1187
1.0681
1.0176
0.9672
0.9165
0.8654
0.8139
0.7618
0.7092
0.6561
0.6026
0.5489
0.4951
0.4415
0.3883
0.3358
0.2842
0.2338
0.1848
0.1374
0.0919
0.0483
0.0068
-0.0325
-0.0697
-0.1049
-0.1380
-0.1693
-0.1989
-0.2272
-0.2544
-0.2810
-0.3073
-0.3339
-0.3612
-0.3897
-0.4199
-0.4522
-0.4869
-0.5243
-0.5643
-0.6070
-0.6521
-0.6992
-0.7479
-0.7974
-0.8470
-0.8960
-0.9434
-0.9886
-1.0307
-1.0692
-1.1035
-1.1331
-1.1580
-1.1779
-1.1930
-1.2034
-1.2095
-1.2115
-1.2099
-1.2053
-1.1979
-1.1884
-1.1769
-1.1639
-1.1496
-1.1340
-1.1173
-1.0995
-1.0805
-1.0602
-1.0385
-1.0153
-0.9906
-0.9644
-0.9367
-0.9077
-0.8775
-0.8465
-0.8149
-0.7829
-0.7509
-0.7192
-0.6879
-0.6572
-0.6271
-0.5975
-0.5685
-0.5397
-0.5111
-0.4822
-0.4528
-0.4227
-0.3917
-0.3595
-0.3261
-0.2915
-0.2557
-0.2187
-0.1808
-0.1421
-0.1027
-0.0628
-0.0227
0.0176
0.0579
0.0983
0.1387
0.1792
0.2198
0.2606
0.3018
0.3433
0.3852
0.4275
0.4702
0.5132
0.5563
0.5994
0.6421
0.6844
0.7260
0.7666
0.8061
0.8443
0.8811
0.9164
0.9501
0.9823
1.0129
1.0420
1.0695
1.0955
1.1201
1.1435
1.1656
1.1868
1.2071
1.2270
1.2466
1.2663
1.2865
1.3074
1.3295
1.3531
1.3783
1.4052
1.4340
1.4646
1.4969
1.5305
1.5653
1.6007
1.6362
1.6715
1.7060
1.7391
1.7703
1.7991
1.8252
1.8482
1.8677
1.8835
1.8954
1.9034
1.9075
1.9076
1.9039
1.8964
1.8853
1.8709
1.8532
1.8325
1.8089
1.7826
1.7539
1.7229
1.6899
1.6549
1.6181
1.5798
1.5400
1.4990
1.4568
1.4135
1.3693
1.3242
1.2783
1.2316
1.1842
1.1362
1.0875
1.0383
0.9886
0.9386
0.8883
0.8378
0.7874
0.7372
0.6873
0.6379
0.5892
0.5412
0.4942
0.4480
0.4029
0.3588
0.3156
0.2733
0.2317
0.1909
0.1506
0.1107
0.0712
0.0319
-0.0072
-0.0463
-0.0852
-0.1240
-0.1626
-0.2011
-0.2394
-0.2774
-0.3152
-0.3526
-0.3897
-0.4265
-0.4629
-0.4992
-0.5352
-0.5710
-0.6067
-0.6421
-0.6773
-0.7120
-0.7463
-0.7799
-0.8126
-0.8442
-0.8745
-0.9033
-0.9304
-0.9556
-0.9788
-1.0000
-1.0189
-1.0358
-1.0504
-1.0630
-1.0734
-1.0817
-1.0880
-1.0923
-1.0947
-1.0950
-1.0935
-1.0900
-1.0847
-1.0775
-1.0685
-1.0578
-1.0456
-1.0319
-1.0168
-1.0007
-0.9835
-0.9656
-0.9469
-0.9277
-0.9079
-0.8876
-0.8667
-0.8451
-0.8227
-0.7995
-0.7751
-0.7496
-0.7229
-0.6950
-0.6659
-0.6358
-0.6049
-0.5735
-0.5419
-0.5105
-0.4795
-0.4493
-0.4201
-0.3921
-0.3654
-0.3400
-0.3159
-0.2929
-0.2709
-0.2497
-0.2292
-0.2091
-0.1893
-0.1698
-0.1505
-0.1314
-0.1125
-0.0939
-0.0756
-0.0577
-0.0401
-0.0227
-0.0055
0.0117
0.0291
0.0470
0.0657
0.0854
0.1064
0.1289
0.1530
0.1787
0.2060
0.2348
0.2648
0.2956
0.3269
0.3582
0.3893
0.4196
0.4488
0.4766
0.5029
0.5274
0.5503
0.5715
0.5912
0.6096
0.6269
0.6433
0.6590
0.6743
0.6891
0.7036
0.7176
0.7312
0.7441
0.7561
0.7670
0.7765
0.7844
0.7904
0.7945
0.7967
0.7969
0.7952
0.7920
0.7873
0.7816
0.7752
0.7684
0.7616
0.7549
0.7486
0.7429
0.7378
0.7334
0.7295
0.7259
0.7226
0.7193
0.7157
0.7115
0.7063
0.7000
0.6922
0.6827
0.6713
0.6578
0.6422
0.6244
0.6045
0.5826
0.5590
0.5338
0.5074
0.4800
0.4520
0.4235
0.3949
0.3663
0.3377
0.3092
0.2806
0.2519
0.2229
0.1933
0.1630
0.1317
0.0995
0.0661
0.0318
-0.0033
-0.0391
-0.0752
-0.1112
-0.1467
-0.1813
-0.2148
-0.2467
-0.2768
-0.3050
-0.3313
-0.3557
-0.3782
-0.3992
-0.4188
-0.4372
-0.4547
-0.4715
-0.4878
-0.5037
-0.5193
-0.5347
-0.5498
-0.5648
-0.5796
-0.5941
-0.6085
-0.6227
-0.6368
-0.6508
-0.6649
-0.6792
-0.6937
-0.7086
-0.7239
-0.7396
-0.7559
-0.7727
-0.7899
-0.8074
-0.8250
-0.8426
-0.8600
-0.8770
-0.8934
-0.9091
-0.9238
-0.9375
-0.9500
-0.9615
-0.9718
-0.9810
-0.9892
-0.9965
-1.0030
-1.0087
-1.0139
-1.0185
-1.0228
-1.0268
-1.0306
-1.0345
-1.0384
-1.0425
-1.0470
-1.0519
-1.0574
-1.0635
-1.0703
-1.0778
-1.0859
-1.0946
-1.1036
-1.1129
-1.1221
-1.1312
-1.1397
-1.1474
-1.1542
-1.1598
-1.1641
-1.1669
-1.1683
-1.1681
-1.1664
-1.1633
-1.1589
-1.1533
-1.1467
-1.1390
-1.1306
-1.1214
-1.1116
-1.1012
-1.0902
-1.0787
-1.0667
-1.0541
-1.0409
-1.0272
-1.0129
-0.9980
-0.9826
-0.9666
-0.9501
-0.9333
-0.9162
-0.8989
-0.8816
-0.8644
-0.8475
-0.8310
-0.8151
-0.7999
-0.7855
-0.7720
-0.7596
-0.7482
-0.7378
-0.7286
-0.7204
-0.7133
-0.7072
-0.7021
-0.6980
-0.6948
-0.6925
-0.6912
-0.6909
-0.6916
-0.6933
-0.6960
-0.6998
-0.7046
-0.7104
-0.7171
-0.7246
-0.7328
-0.7415
-0.7504
-0.7595
-0.7685
-0.7772
-0.7854
-0.7929
-0.7996
-0.8055
-0.8104
-0.8144
-0.8175
-0.8196
-0.8211
-0.8219
-0.8223
-0.8225
-0.8226
-0.8229
-0.8235
-0.8245
-0.8262
-0.8284
-0.8312
-0.8344
-0.8380
-0.8418
-0.8455
-0.8489
-0.8518
-0.8540
-0.8552
-0.8555
-0.8546
-0.8525
-0.8491
-0.8445
-0.8387
-0.8317
-0.8235
-0.8141
-0.8036
-0.7920
-0.7793
-0.7656
-0.7510
-0.7356
-0.7195
-0.7030
-0.6863
-0.6695
-0.6531
-0.6371
-0.6221
-0.6080
-0.5952
-0.5838
-0.5739
-0.5654
-0.5584
-0.5527
-0.5483
-0.5448
-0.5423
-0.5404
-0.5390
-0.5379
-0.5370
-0.5361
-0.5353
-0.5343
-0.5333
-0.5324
-0.5315
-0.5309
-0.5306
-0.5308
-0.5317
-0.5333
-0.5357
-0.5388
-0.5427
-0.5473
-0.5523
-0.5576
-0.5629
-0.5680
-0.5726
-0.5767
-0.5798
-0.5821
-0.5833
-0.5835
-0.5827
-0.5810
-0.5785
-0.5753
-0.5715
-0.5673
-0.5627
-0.5578
-0.5525
-0.5469
-0.5408
-0.5342
-0.5269
-0.5189
-0.5100
-0.5000
-0.4890
-0.4766
-0.4630
-0.4480
-0.4317
-0.4141
-0.3952
-0.3751
-0.3540
-0.3319
-0.3090
-0.2853
-0.2610
-0.2362
-0.2110
-0.1855
-0.1597
-0.1339
-0.1081
-0.0825
-0.0572
-0.0323
-0.0082
0.0151
0.0374
0.0584
0.0780
0.0962
0.1129
0.1282
0.1422
0.1550
0.1670
0.1784
0.1897
0.2010
0.2129
0.2256
0.2394
0.2545
0.2711
0.2892
0.3088
0.3298
0.3520
0.3752
0.3992
0.4235
0.4480
0.4723
0.4959
0.5188
0.5405
0.5607
0.5793
0.5961
0.6109
0.6235
0.6339
0.6421
0.6479
0.6515
0.6527
0.6517
0.6485
0.6431
0.6355
0.6259
0.6142
0.6006
0.5850
0.5677
0.5487
0.5282
0.5062
0.4830
0.4588
0.4337
0.4079
0.3815
0.3548
0.3278
0.3006
0.2733
0.2459
0.2183
0.1904
0.1623
0.1337
0.1044
0.0744
0.0433
0.0110
-0.0228
-0.0583
-0.0956
-0.1351
-0.1768
-0.2209
-0.2676
-0.3168
-0.3686
-0.4229
-0.4796
-0.5386
-0.5996
-0.6623
-0.7266
-0.7919
-0.8582
-0.9249
-0.9918
-1.0585
-1.1249
-1.1906
-1.2555
-1.3194
-1.3822
-1.4438
-1.5041
-1.5632
-1.6209
-1.6774
-1.7327
-1.7866
-1.8394
-1.8908
-1.9410
-1.9897
-2.0370
-2.0828
-2.1268
-2.1691
-2.2093
-2.2474
-2.2832
-2.3166
-2.3474
-2.3756
-2.4011
-2.4238
-2.4437
-2.4608
-2.4751
-2.4867
-2.4956
-2.5020
-2.5061
-2.5079
-2.5078
-2.5058
-2.5024
-2.4976
-2.4919
-2.4853
-2.4782
-2.4706
-2.4627
-2.4545
-2.4460
-2.4370
-2.4275
-2.4172
-2.4058
-2.3932
-2.3790
-2.3632
-2.3455
-2.3259
-2.3043
-2.2808
-2.2554
-2.2284
-2.2000
-2.1702
-2.1392
-2.1074
-2.0746
-2.0411
-2.0068
-1.9718
-1.9360
-1.8993
-1.8617
-1.8231
-1.7835
-1.7428
-1.7012
-1.6588
-1.6156
-1.5719
-1.5279
-1.4838
-1.4401
-1.3968
-1.3545
-1.3131
-1.2731
-1.2346
-1.1976
-1.1624
-1.1289
-1.0972
-1.0671
-1.0387
-1.0119
-0.9864
-0.9624
-0.9396
-0.9179
-0.8973
-0.8778
-0.8592
-0.8416
-0.8250
-0.8093
-0.7947
-0.7811
-0.7686
-0.7572
-0.7469
-0.7377
-0.7296
-0.7226
-0.7166
-0.7116
-0.7074
-0.7040
-0.7013
-0.6991
-0.6974
-0.6961
-0.6950
-0.6940
-0.6931
-0.6921
-0.6911
-0.6899
-0.6884
-0.6867
-0.6847
-0.6824
-0.6799
-0.6770
-0.6739
-0.6706
-0.6671
-0.6635
-0.6598
-0.6560
-0.6521
-0.6480
-0.6436
-0.6387
-0.6332
-0.6269
-0.6195
-0.6108
-0.6006
-0.5889
-0.5755
-0.5606
-0.5441
-0.5265
-0.5079
-0.4889
-0.4697
-0.4508
-0.4328
-0.4159
-0.4006
-0.3870
-0.3753
-0.3654
-0.3573
-0.3508
-0.3454
-0.3409
-0.3366
-0.3322
-0.3270
-0.3206
-0.3126
-0.3027
-0.2905
-0.2760
-0.2593
-0.2403
-0.2195
-0.1971
-0.1735
-0.1493
-0.1248
-0.1006
-0.0770
-0.0544
-0.0329
-0.0127
0.0063
0.0240
0.0408
0.0569
0.0726
0.0883
0.1041
0.1205
0.1375
0.1554
0.1740
0.1933
0.2132
0.2333
0.2533
0.2730
0.2919
0.3096
0.3259
0.3405
0.3532
0.3638
0.3723
0.3787
0.3830
0.3852
0.3857
0.3844
0.3816
0.3773
0.3718
0.3651
0.3573
0.3485
0.3388
0.3283
0.3170
0.3051
0.2925
0.2794
0.2659
0.2523
0.2385
0.2249
0.2115
0.1986
0.1864
0.1748
0.1641
0.1543
0.1453
0.1370
0.1294
0.1222
0.1151
0.1080
0.1003
0.0918
0.0822
0.0712
0.0584
0.0438
0.0272
0.0085
-0.0121
-0.0346
-0.0586
-0.0840
-0.1104
-0.1374
-0.1648
-0.1920
-0.2188
-0.2450
-0.2704
-0.2948
-0.3181
-0.3404
-0.3617
-0.3821
-0.4017
-0.4207
-0.4391
-0.4571
-0.4747
-0.4918
-0.5085
-0.5247
-0.5402
-0.5548
-0.5684
-0.5808
-0.5917
-0.6010
-0.6085
-0.6141
-0.6178
-0.6194
-0.6191
-0.6169
-0.6130
-0.6073
-0.6002
-0.5917
-0.5821
-0.5714
-0.5599
-0.5477
-0.5347
-0.5213
-0.5073
-0.4929
-0.4780
-0.4627
-0.4470
-0.4308
-0.4142
-0.3972
-0.3798
-0.3619
-0.3436
-0.3248
-0.3054
-0.2854
-0.2648
-0.2433
-0.2209
-0.1976
-0.1732
-0.1477
-0.1211
-0.0935
-0.0649
-0.0355
-0.0057
0.0244
0.0543
0.0838
0.1125
0.1401
0.1663
0.1909
0.2139
0.2352
0.2549
0.2730
0.2897
0.3052
0.3196
0.3332
0.3462
0.3587
0.3708
0.3826
0.3943
0.4060
0.4176
0.4294
0.4412
0.4532
0.4654
0.4776
0.4900
0.5022
0.5143
0.5259
0.5369
0.5470
0.5560
0.5636
0.5695
0.5735
0.5756
0.5756
0.5735
0.5693
0.5630
0.5550
0.5452
0.5341
0.5218
0.5088
0.4952
0.4813
0.4675
0.4540
0.4409
0.4284
0.4165
0.4053
0.3948
0.3848
0.3753
0.3662
0.3573
0.3486
0.3400
0.3314
0.3229
0.3146
0.3064
0.2987
0.2914
0.2848
0.2791
0.2743
0.2706
0.2680
0.2665
0.2661
0.2666
0.2680
0.2699
0.2723
0.2748
0.2771
0.2791
0.2805
0.2810
0.2806
0.2790
0.2761
0.2719
0.2663
0.2593
0.2510
0.2415
0.2309
0.2193
0.2071
0.1943
0.1813
0.1683
0.1556
0.1434
0.1318
0.1211
0.1113
0.1024
0.0946
0.0876
0.0814
0.0758
0.0706
0.0656
0.0607
0.0555
0.0499
0.0437
0.0366
0.0286
0.0194
0.0090
-0.0029
-0.0164
-0.0315
-0.0483
-0.0670
-0.0874
-0.1098
-0.1339
-0.1597
-0.1872
-0.2161
-0.2462
-0.2774
-0.3095
-0.3421
-0.3752
-0.4083
-0.4415
-0.4744
-0.5070
-0.5391
-0.5707
-0.6015
-0.6318
-0.6613
-0.6902
-0.7184
-0.7461
-0.7733
-0.8002
-0.8268
-0.8534
-0.8801
-0.9069
-0.9341
-0.9617
-0.9899
-1.0187
-1.0481
-1.0781
-1.1085
-1.1393
-1.1703
-1.2011
-1.2317
-1.2615
-1.2904
-1.3181
-1.3441
-1.3684
-1.3905
-1.4102
-1.4275
-1.4422
-1.4541
-1.4633
-1.4698
-1.4737
-1.4749
-1.4736
-1.4699
-1.4639
-1.4558
-1.4457
-1.4338
-1.4203
-1.4053
-1.3891
-1.3717
-1.3535
-1.3346
-1.3152
-1.2954
-1.2755
-1.2555
-1.2356
-1.2158
-1.1963
-1.1770
-1.1579
-1.1391
-1.1205
-1.1020
-1.0836
-1.0652
-1.0465
-1.0276
-1.0083
-0.9884
-0.9677
-0.9462
-0.9236
-0.8998
-0.8745
-0.8477
-0.8192
-0.7889
-0.7566
-0.7222
-0.6859
-0.6474
-0.6069
-0.5645
-0.5202
-0.4744
-0.4272
-0.3788
-0.3297
-0.2801
-0.2303
-0.1809
-0.1319
-0.0839
-0.0369
0.0087
0.0527
0.0952
0.1361
0.1753
0.2130
0.2494
0.2844
0.3185
0.3517
0.3842
0.4164
0.4484
0.4804
0.5125
0.5450
0.5779
0.6113
0.6453
0.6799
0.7152
0.7510
0.7874
0.8243
0.8616
0.8993
0.9372
0.9753
1.0134
1.0513
1.0890
1.1262
1.1629
1.1987
1.2336
1.2672
1.2994
1.3300
1.3588
1.3854
1.4098
1.4317
1.4511
1.4677
1.4816
1.4927
1.5011
1.5068
1.5101
1.5109
1.5096
1.5064
1.5015
1.4952
1.4876
1.4790
1.4695
1.4594
1.4488
1.4378
1.4264
1.4148
1.4028
1.3906
1.3782
1.3655
1.3528
1.3400
1.3273
1.3149
1.3029
1.2916
1.2811
1.2718
1.2637
1.2571
1.2520
1.2484
1.2462
1.2454
1.2457
1.2468
1.2485
1.2504
1.2522
1.2537
1.2544
1.2543
1.2532
1.2510
1.2476
1.2433
1.2381
1.2322
1.2260
1.2196
1.2133
1.2076
1.2027
1.1988
1.1962
1.1953
1.1960
1.1987
1.2034
1.2100
1.2187
1.2294
1.2419
1.2563
1.2723
1.2899
1.3088
1.3290
1.3502
1.3724
1.3954
1.4192
1.4435
1.4685
1.4940
1.5199
1.5462
1.5729
1.5999
1.6273
1.6549
1.6828
1.7109
1.7392
1.7678
1.7965
1.8254
1.8544
1.8835
1.9125
1.9415
1.9702
1.9987
2.0268
2.0545
2.0815
2.1079
2.1335
2.1584
2.1824
2.2057
2.2283
2.2503
2.2718
2.2928
2.3136
2.3342
2.3548
2.3756
2.3965
2.4176
2.4390
2.4607
2.4826
2.5048
2.5270
2.5493
2.5716
2.5938
2.6159
2.6378
2.6597
2.6813
2.7029
2.7243
2.7457
2.7669
2.7881
2.8091
2.8298
2.8503
2.8704
2.8898
2.9086
2.9266
2.9437
2.9597
2.9747
2.9887
3.0017
3.0138
3.0252
3.0361
3.0468
3.0575
3.0685
3.0800
3.0924
3.1057
3.1202
3.1359
3.1529
3.1713
3.1910
3.2119
3.2340
3.2572
3.2813
3.3063
3.3320
3.3581
3.3846
3.4112
3.4376
3.4635
3.4886
3.5126
3.5350
3.5554
3.5735
3.5889
3.6012
3.6103
3.6160
3.6182
3.6170
3.6125
3.6049
3.5945
3.5816
3.5666
3.5498
3.5316
3.5124
3.4922
3.4715
3.4502
3.4284
3.4062
3.3835
3.3603
3.3365
3.3119
3.2864
3.2600
3.2326
3.2040
3.1742
3.1432
3.1110
3.0777
3.0433
3.0079
2.9716
2.9346
2.8970
2.8591
2.8210
2.7830
2.7453
2.7081
2.6717
2.6362
2.6018
2.5688
2.5371
2.5068
2.4779
2.4505
2.4243
2.3993
2.3754
2.3522
2.3297
2.3077
2.2859
2.2643
2.2427
2.2211
2.1994
2.1778
2.1564
2.1352
2.1145
2.0944
2.0751
2.0568
2.0397
2.0238
2.0093
1.9962
1.9844
1.9740
1.9649
1.9570
1.9501
1.9442
1.9392
1.9348
1.9310
1.9276
1.9245
1.9216
1.9188
1.9159
1.9128
1.9093
1.9054
1.9009
1.8958
1.8899
1.8832
1.8756
1.8670
1.8576
1.8472
1.8359
1.8238
1.8108
1.7970
1.7825
1.7673
1.7515
1.7350
1.7179
1.7003
1.6822
1.6637
1.6447
1.6255
1.6061
1.5866
1.5672
1.5482
1.5296
1.5118
1.4949
1.4792
1.4648
1.4518
1.4403
1.4303
1.4219
1.4150
1.4094
1.4050
1.4017
1.3991
1.3971
1.3955
1.3940
1.3926
1.3911
1.3893
1.3873
1.3849
1.3822
1.3793
1.3761
1.3727
1.3693
1.3658
1.3623
1.3588
1.3553
1.3519
1.3483
1.3447
1.3408
1.3365
1.3319
1.3266
1.3208
1.3142
1.3069
1.2989
1.2902
1.2808
1.2708
1.2605
1.2497
1.2388
1.2277
1.2165
1.2053
1.1941
1.1829
1.1715
1.1600
1.1482
1.1359
1.1232
1.1098
1.0958
1.0810
1.0654
1.0491
1.0321
1.0144
0.9961
0.9773
0.9580
0.9384
0.9183
0.8979
0.8771
0.8560
0.8346
0.8129
0.7910
0.7689
0.7466
0.7243
0.7021
0.6802
0.6587
0.6376
0.6173
0.5977
0.5789
0.5610
0.5441
0.5281
0.5130
0.4988
0.4853
0.4726
0.4605
0.4490
0.4382
0.4279
0.4183
0.4095
0.4015
0.3944
0.3885
0.3838
0.3805
0.3788
0.3787
0.3803
0.3837
0.3888
0.3957
0.4043
0.4145
0.4261
0.4391
0.4532
0.4683
0.4842
0.5009
0.5182
0.5360
0.5543
0.5730
0.5923
0.6122
0.6328
0.6543
0.6768
0.7004
0.7254
0.7520
0.7804
0.8105
0.8427
0.8769
0.9131
0.9514
0.9918
1.0340
1.0781
1.1240
1.1714
1.2202
1.2704
1.3217
1.3741
1.4275
1.4816
1.5363
1.5914
1.6468
1.7020
1.7568
1.8109
1.8638
1.9152
1.9647
2.0120
2.0566
2.0984
2.1372
2.1728
2.2052
2.2345
2.2610
2.2847
2.3061
2.3255
2.3433
2.3598
2.3753
2.3903
2.4050
2.4196
2.4343
2.4493
2.4647
2.4804
2.4965
2.5129
2.5296
2.5466
2.5637
2.5807
2.5978
2.6146
2.6310
2.6470
2.6624
2.6772
2.6911
2.7041
2.7162
2.7272
2.7373
2.7463
2.7545
2.7617
2.7680
2.7736
2.7784
2.7825
2.7858
2.7882
2.7897
2.7901
2.7893
2.7869
2.7829
2.7771
2.7693
2.7595
2.7476
2.7337
2.7179
2.7005
2.6816
2.6615
2.6407
2.6193
2.5978
2.5763
2.5552
2.5345
2.5144
2.4948
2.4758
2.4570
2.4386
2.4201
2.4015
2.3826
2.3632
2.3431
2.3222
2.3005
2.2780
2.2545
2.2303
2.2052
2.1795
2.1532
2.1264
2.0994
2.0721
2.0449
2.0178
1.9911
1.9649
1.9394
1.9147
1.8910
1.8684
1.8469
1.8267
1.8077
1.7900
1.7735
1.7580
1.7434
1.7296
1.7165
1.7037
1.6912
1.6788
1.6664
1.6538
1.6411
1.6281
1.6151
1.6020
1.5890
1.5762
1.5638
1.5521
1.5412
1.5314
1.5227
1.5153
1.5093
1.5048
1.5018
1.5001
1.4998
1.5006
1.5026
1.5055
1.5090
1.5132
1.5177
1.5224
1.5272
1.5320
1.5367
1.5413
1.5457
1.5501
1.5544
1.5587
1.5631
1.5677
1.5724
1.5774
1.5825
1.5877
1.5929
1.5980
1.6029
1.6075
1.6114
1.6148
1.6174
1.6193
1.6203
1.6207
1.6204
1.6196
1.6185
1.6172
1.6158
1.6146
1.6137
1.6132
1.6131
1.6135
1.6145
1.6159
1.6178
1.6198
1.6220
1.6240
1.6257
1.6268
1.6271
1.6262
1.6240
1.6202
1.6146
1.6071
1.5977
1.5864
1.5731
1.5583
1.5419
1.5245
1.5062
1.4876
1.4689
1.4506
1.4330
1.4164
1.4010
1.3869
1.3743
1.3631
1.3531
1.3444
1.3365
1.3293
1.3225
1.3158
1.3088
1.3015
1.2936
1.2849
1.2754
1.2652
1.2542
1.2427
1.2307
1.2186
1.2065
1.1946
1.1833
1.1727
1.1629
1.1543
1.1467
1.1405
1.1355
1.1319
1.1296
1.1287
1.1290
1.1307
1.1335
1.1373
1.1420
1.1474
1.1534
1.1595
1.1656
1.1714
1.1766
1.1808
1.1839
1.1857
1.1861
1.1850
1.1824
1.1785
1.1735
1.1677
1.1613
1.1548
1.1485
1.1428
1.1381
1.1347
1.1328
1.1327
1.1344
1.1379
1.1434
1.1506
1.1593
1.1694
1.1805
1.1925
1.2049
1.2175
1.2300
1.2422
1.2539
1.2648
1.2750
1.2843
1.2927
1.3002
1.3070
1.3131
1.3187
1.3238
1.3287
1.3334
1.3380
1.3426
1.3472
1.3520
1.3568
1.3617
1.3665
1.3711
1.3755
1.3794
1.3828
1.3853
1.3870
1.3876
1.3871
1.3855
1.3828
1.3791
1.3745
1.3693
1.3636
1.3579
1.3523
1.3471
1.3425
1.3389
1.3363
1.3349
1.3346
1.3355
1.3374
1.3401
1.3436
1.3475
1.3516
1.3556
1.3591
1.3619
1.3637
1.3640
1.3628
1.3596
1.3543
1.3467
1.3365
1.3235
1.3077
1.2889
1.2670
1.2420
1.2138
1.1823
1.1478
1.1102
1.0697
1.0266
0.9810
0.9332
0.8837
0.8327
0.7808
0.7283
0.6756
0.6233
0.5717
0.5211
0.4721
0.4248
0.3796
0.3366
0.2961
0.2582
0.2228
0.1901
0.1600
0.1324
0.1072
0.0842
0.0632
0.0440
0.0262
0.0097
-0.0059
-0.0209
-0.0355
-0.0499
-0.0643
-0.0788
-0.0935
-0.1084
-0.1234
-0.1383
-0.1529
-0.1670
-0.1803
-0.1923
-0.2027
-0.2111
-0.2172
-0.2205
-0.2207
-0.2177
-0.2111
-0.2009
-0.1871
-0.1696
-0.1485
-0.1242
-0.0966
-0.0663
-0.0333
0.0019
0.0391
0.0779
0.1182
0.1597
0.2023
0.2457
0.2901
0.3354
0.3816
0.4289
0.4774
0.5272
0.5786
0.6317
0.6866
0.7434
0.8023
0.8630
0.9256
0.9898
1.0553
1.1217
1.1885
1.2552
1.3212
1.3860
