1.6333
1.7358
1.7921
1.8207
1.8333
1.8537
1.8840
1.9224
1.9570
1.9821
1.9988
2.0086
2.0210
2.0281
2.0386
2.0411
2.0451
2.0425
2.0347
2.0152
1.9808
1.9321
1.8763
1.8266
1.7887
1.7787
1.7639
1.7704
1.7371
1.7256
1.6755
1.6521
1.6039
1.5728
1.5311
1.5031
1.4668
1.4324
1.3745
1.3109
1.2323
1.1673
1.1121
1.0815
1.0557
1.0404
1.0158
0.9979
0.9684
0.9412
0.9022
0.8638
0.8362
0.8098
0.7980
0.7619
0.7263
0.6766
0.6438
0.6321
0.6360
0.6565
0.6679
0.6767
0.6599
0.6316
0.5744
0.5204
0.4552
0.4209
0.3862
0.3825
0.3637
0.3596
0.3342
0.3188
0.2906
0.2607
0.2217
0.1650
0.1121
0.0548
0.0231
0.0084
0.0146
0.0304
0.0465
0.0532
0.0492
0.0177
-0.0305
-0.1063
-0.1829
-0.2533
-0.3008
-0.3218
-0.3318
-0.3343
-0.3479
-0.3668
-0.3859
-0.4017
-0.4024
-0.4039
-0.3974
-0.4025
-0.4030
-0.4207
-0.4378
-0.4798
-0.5196
-0.5643
-0.5895
-0.5952
-0.5868
-0.5592
-0.5280
-0.4742
-0.4156
-0.3423
-0.2766
-0.2138
-0.1605
-0.1091
-0.0673
-0.0382
-0.0292
-0.0257
-0.0154
0.0175
0.0668
0.1167
0.1573
0.1781
0.2022
0.2263
0.2712
0.3171
0.3642
0.4065
0.4416
0.4882
0.5300
0.5827
0.6247
0.6741
0.7292
0.8086
0.9064
1.0199
1.1184
1.1964
1.2338
1.2538
1.2658
1.2837
1.3121
1.3262
1.3341
1.3201
1.3104
1.3097
1.3307
1.3778
1.4440
1.5316
1.6220
1.7149
1.7921
1.8558
1.9010
1.9279
1.9494
1.9643
1.9931
2.0320
2.0745
2.1214
2.1413
2.1581
2.1501
2.1536
2.1682
2.2114
2.2777
2.3518
2.4143
2.4517
2.4634
2.4608
2.4570
2.4685
2.4962
2.5504
2.6157
2.6916
2.7607
2.8159
2.8595
2.8836
2.9084
2.9194
2.9402
2.9457
2.9582
2.9446
2.9321
2.8969
2.8782
2.8614
2.8667
2.8581
2.8270
2.7333
2.5968
2.4118
2.2359
2.0726
1.9476
1.8469
1.7590
1.6922
1.6428
1.6280
1.6300
1.6343
1.6233
1.5935
1.5590
1.5245
1.4915
1.4456
1.3784
1.2842
1.1721
1.0434
0.9150
0.7884
0.6767
0.5772
0.4830
0.3811
0.2725
0.1529
0.0607
-0.0188
-0.0547
-0.0999
-0.1415
-0.2268
-0.3212
-0.4411
-0.5450
-0.6434
-0.7254
-0.7951
-0.8707
-0.9289
-1.0004
-1.0440
-1.1008
-1.1369
-1.1958
-1.2552
-1.3387
-1.4291
-1.5258
-1.6246
-1.7162
-1.8067
-1.8810
-1.9416
-1.9782
-1.9917
-1.9898
-1.9670
-1.9431
-1.9052
-1.8819
-1.8581
-1.8557
-1.8570
-1.8687
-1.8787
-1.8843
-1.8770
-1.8575
-1.8227
-1.7898
-1.7577
-1.7384
-1.7248
-1.7129
-1.7039
-1.6871
-1.6692
-1.6327
-1.5888
-1.5309
-1.4852
-1.4488
-1.4403
-1.4380
-1.4465
-1.4420
-1.4291
-1.4051
-1.3711
-1.3461
-1.3076
-1.2824
-1.2341
-1.1916
-1.1305
-1.0657
-0.9912
-0.9045
-0.8219
-0.7380
-0.6769
-0.6245
-0.5897
-0.5526
-0.5188
-0.4899
-0.4799
-0.5014
-0.5442
-0.5878
-0.6014
-0.5571
-0.4782
-0.3670
-0.2861
-0.2200
-0.1979
-0.1861
-0.1896
-0.1973
-0.1993
-0.2074
-0.2028
-0.2202
-0.2313
-0.2662
-0.2773
-0.2914
-0.2775
-0.2649
-0.2442
-0.2220
-0.2050
-0.1902
-0.1928
-0.2171
-0.2529
-0.3124
-0.3520
-0.3873
-0.3805
-0.3484
-0.3027
-0.2554
-0.2416
-0.2470
-0.2722
-0.2957
-0.2975
-0.2986
-0.2898
-0.3131
-0.3512
-0.4257
-0.5084
-0.6066
-0.6971
-0.7777
-0.8479
-0.8969
-0.9559
-0.9994
-1.0586
-1.1019
-1.1464
-1.1861
-1.2299
-1.2918
-1.3731
-1.4819
-1.6130
-1.7522
-1.8912
-2.0088
-2.1104
-2.1874
-2.2551
-2.3084
-2.3617
-2.4122
-2.4755
-2.5570
-2.6640
-2.7948
-2.9338
-3.0605
-3.1614
-3.2287
-3.2822
-3.3330
-3.3878
-3.4503
-3.4912
-3.5446
-3.5844
-3.6722
-3.7665
-3.8954
-4.0010
-4.0895
-4.1349
-4.1507
-4.1521
-4.1503
-4.1694
-4.2055
-4.2598
-4.3268
-4.3850
-4.4459
-4.4909
-4.5447
-4.6133
-4.7001
-4.8188
-4.9294
-5.0420
-5.1142
-5.1599
-5.1689
-5.1586
-5.1472
-5.1567
-5.1957
-5.2666
-5.3417
-5.4057
-5.4357
-5.4285
-5.3905
-5.3374
-5.2805
-5.2431
-5.2103
-5.1969
-5.1681
-5.1341
-5.0737
-5.0004
-4.9149
-4.8308
-4.7583
-4.7034
-4.6686
-4.6482
-4.6273
-4.6014
-4.5529
-4.5029
-4.4433
-4.4063
-4.3660
-4.3378
-4.2811
-4.2178
-4.1266
-4.0413
-3.9562
-3.8848
-3.8195
-3.7487
-3.6699
-3.5816
-3.4962
-3.4227
-3.3589
-3.2987
-3.2312
-3.1561
-3.0816
-3.0080
-2.9451
-2.8762
-2.8112
-2.7329
-2.6553
-2.5709
-2.4882
-2.4144
-2.3459
-2.3002
-2.2568
-2.2292
-2.1881
-2.1418
-2.0745
-1.9985
-1.9198
-1.8504
-1.7984
-1.7620
-1.7362
-1.7084
-1.6724
-1.6207
-1.5623
-1.5001
-1.4448
-1.3955
-1.3427
-1.2869
-1.2192
-1.1615
-1.1164
-1.0984
-1.0978
-1.1038
-1.1093
-1.1075
-1.1092
-1.1065
-1.1062
-1.0895
-1.0647
-1.0246
-0.9857
-0.9478
-0.9163
-0.8861
-0.8583
-0.8325
-0.8173
-0.8120
-0.8225
-0.8385
-0.8633
-0.8806
-0.8998
-0.9062
-0.9184
-0.9276
-0.9528
-0.9793
-1.0173
-1.0395
-1.0570
-1.0422
-1.0194
-0.9779
-0.9435
-0.9139
-0.8891
-0.8658
-0.8401
-0.8188
-0.8123
-0.8210
-0.8521
-0.8959
-0.9490
-0.9950
-1.0220
-1.0181
-0.9924
-0.9523
-0.9154
-0.8829
-0.8545
-0.8314
-0.8139
-0.8086
-0.8099
-0.8108
-0.8040
-0.7825
-0.7629
-0.7435
-0.7535
-0.7829
-0.8348
-0.8909
-0.9196
-0.9238
-0.8803
-0.8212
-0.7480
-0.6865
-0.6404
-0.6119
-0.5904
-0.5687
-0.5359
-0.4985
-0.4629
-0.4413
-0.4418
-0.4608
-0.4911
-0.5220
-0.5413
-0.5513
-0.5440
-0.5291
-0.5024
-0.4757
-0.4557
-0.4499
-0.4628
-0.4849
-0.5151
-0.5468
-0.5827
-0.6234
-0.6612
-0.7020
-0.7379
-0.7860
-0.8375
-0.8972
-0.9481
-0.9891
-1.0123
-1.0297
-1.0403
-1.0652
-1.1012
-1.1611
-1.2323
-1.3089
-1.3782
-1.4389
-1.4843
-1.5283
-1.5590
-1.5951
-1.6236
-1.6557
-1.6830
-1.7003
-1.7066
-1.6961
-1.6837
-1.6738
-1.6834
-1.7003
-1.7254
-1.7270
-1.7202
-1.6928
-1.6820
-1.6849
-1.7166
-1.7638
-1.8212
-1.8784
-1.9278
-1.9592
-1.9634
-1.9408
-1.8921
-1.8420
-1.7899
-1.7613
-1.7443
-1.7518
-1.7761
-1.8150
-1.8627
-1.9062
-1.9409
-1.9667
-1.9857
-2.0045
-2.0243
-2.0419
-2.0634
-2.0844
-2.1121
-2.1406
-2.1624
-2.1778
-2.1766
-2.1720
-2.1552
-2.1427
-2.1309
-2.1346
-2.1486
-2.1714
-2.1912
-2.2064
-2.2180
-2.2342
-2.2497
-2.2658
-2.2670
-2.2683
-2.2665
-2.2788
-2.2954
-2.3089
-2.3137
-2.3096
-2.3048
-2.3053
-2.2988
-2.2893
-2.2599
-2.2331
-2.2027
-2.1925
-2.1869
-2.1968
-2.2020
-2.2069
-2.1978
-2.1799
-2.1539
-2.1319
-2.1160
-2.1132
-2.1145
-2.1226
-2.1320
-2.1409
-2.1504
-2.1482
-2.1433
-2.1246
-2.1072
-2.0867
-2.0708
-2.0557
-2.0401
-2.0220
-2.0028
-1.9837
-1.9669
-1.9509
-1.9332
-1.9169
-1.8977
-1.8875
-1.8739
-1.8717
-1.8616
-1.8667
-1.8640
-1.8786
-1.8770
-1.8809
-1.8686
-1.8650
-1.8696
-1.8846
-1.9084
-1.9200
-1.9252
-1.9195
-1.9124
-1.9212
-1.9330
-1.9699
-2.0010
-2.0438
-2.0763
-2.1057
-2.1224
-2.1235
-2.1038
-2.0687
-2.0236
-1.9802
-1.9440
-1.9072
-1.8702
-1.8244
-1.7807
-1.7471
-1.7294
-1.7263
-1.7278
-1.7246
-1.7112
-1.6905
-1.6620
-1.6360
-1.6072
-1.5862
-1.5700
-1.5708
-1.5809
-1.6025
-1.6092
-1.6024
-1.5643
-1.5171
-1.4620
-1.4181
-1.3812
-1.3520
-1.3186
-1.2808
-1.2331
-1.1895
-1.1531
-1.1333
-1.1241
-1.1181
-1.1100
-1.0973
-1.0819
-1.0613
-1.0329
-0.9923
-0.9458
-0.8924
-0.8478
-0.8000
-0.7670
-0.7294
-0.7123
-0.6973
-0.7058
-0.7160
-0.7379
-0.7460
-0.7488
-0.7234
-0.6914
-0.6381
-0.5908
-0.5379
-0.4985
-0.4650
-0.4483
-0.4379
-0.4353
-0.4212
-0.3996
-0.3625
-0.3233
-0.2885
-0.2600
-0.2413
-0.2184
-0.1917
-0.1533
-0.1074
-0.0609
-0.0134
0.0222
0.0565
0.0750
0.0934
0.1012
0.1100
0.1159
0.1150
0.1110
0.0955
0.0822
0.0732
0.0740
0.0906
0.1090
0.1339
0.1495
0.1567
0.1556
0.1420
0.1282
0.1082
0.0911
0.0719
0.0507
0.0240
-0.0070
-0.0432
-0.0754
-0.1041
-0.1236
-0.1346
-0.1417
-0.1438
-0.1506
-0.1629
-0.1831
-0.2082
-0.2282
-0.2389
-0.2379
-0.2309
-0.2247
-0.2272
-0.2345
-0.2552
-0.2765
-0.3136
-0.3534
-0.4051
-0.4560
-0.5010
-0.5352
-0.5525
-0.5584
-0.5589
-0.5586
-0.5693
-0.5828
-0.6031
-0.6191
-0.6275
-0.6279
-0.6178
-0.6066
-0.6000
-0.6011
-0.6148
-0.6283
-0.6471
-0.6580
-0.6719
-0.6781
-0.6853
-0.6850
-0.6842
-0.6793
-0.6709
-0.6587
-0.6390
-0.6181
-0.5937
-0.5725
-0.5555
-0.5464
-0.5505
-0.5675
-0.5897
-0.6117
-0.6169
-0.6153
-0.6049
-0.5984
-0.5964
-0.5896
-0.5818
-0.5651
-0.5506
-0.5378
-0.5262
-0.5134
-0.4949
-0.4749
-0.4554
-0.4469
-0.4455
-0.4616
-0.4791
-0.5039
-0.5202
-0.5298
-0.5316
-0.5215
-0.5038
-0.4702
-0.4280
-0.3809
-0.3405
-0.3114
-0.2948
-0.2809
-0.2693
-0.2509
-0.2376
-0.2275
-0.2262
-0.2255
-0.2142
-0.1914
-0.1536
-0.1182
-0.0840
-0.0633
-0.0408
-0.0240
0.0049
0.0304
0.0623
0.0823
0.0921
0.0923
0.0877
0.0997
0.1252
0.1688
0.2143
0.2477
0.2661
0.2657
0.2613
0.2566
0.2580
0.2583
0.2556
0.2430
0.2302
0.2158
0.2110
0.2124
0.2259
0.2520
0.2914
0.3402
0.3903
0.4320
0.4635
0.4798
0.4921
0.5005
0.5178
0.5389
0.5632
0.5791
0.5841
0.5822
0.5787
0.5859
0.5977
0.6186
0.6388
0.6657
0.7012
0.7489
0.8045
0.8598
0.9052
0.9359
0.9535
0.9574
0.9639
0.9675
0.9846
0.9991
1.0169
1.0254
1.0325
1.0291
1.0297
1.0158
1.0106
0.9929
0.9872
0.9791
0.9838
0.9910
1.0015
0.9976
0.9750
0.9192
0.8328
0.7174
0.5754
0.4171
0.2358
0.0393
-0.1745
-0.3880
-0.5817
-0.7357
-0.8373
-0.8976
-0.9297
-0.9591
-0.9965
-1.0406
-1.0884
-1.1209
-1.1487
-1.1684
-1.2051
-1.2563
-1.3245
-1.3876
-1.4343
-1.4568
-1.4625
-1.4639
-1.4654
-1.4759
-1.4853
-1.5042
-1.5120
-1.5227
-1.5135
-1.5079
-1.4931
-1.4894
-1.4861
-1.4947
-1.5081
-1.5373
-1.5682
-1.6100
-1.6422
-1.6766
-1.7006
-1.7251
-1.7477
-1.7713
-1.8024
-1.8336
-1.8764
-1.9130
-1.9520
-1.9804
-2.0112
-2.0440
-2.0817
-2.1140
-2.1303
-2.1287
-2.1135
-2.0989
-2.0889
-2.0800
-2.0700
-2.0479
-2.0332
-2.0165
-2.0158
-1.9963
-1.9667
-1.9006
-1.8405
-1.7799
-1.7606
-1.7518
-1.7654
-1.7623
-1.7512
-1.7130
-1.6707
-1.6196
-1.5869
-1.5585
-1.5428
-1.5226
-1.4898
-1.4533
-1.3954
-1.3429
-1.2748
-1.2065
-1.1383
-1.0650
-1.0173
-0.9733
-0.9526
-0.9246
-0.8763
-0.8067
-0.7098
-0.6144
-0.5265
-0.4503
-0.3859
-0.3128
-0.2337
-0.1416
-0.0433
0.0478
0.1317
0.1959
0.2484
0.2883
0.3190
0.3502
0.3797
0.4275
0.4839
0.5608
0.6347
0.7067
0.7647
0.8193
0.8787
0.9503
1.0387
1.1379
1.2443
1.3435
1.4271
1.4828
1.5158
1.5317
1.5473
1.5656
1.5918
1.6210
1.6579
1.7000
1.7498
1.7975
1.8438
1.8863
1.9352
1.9994
2.0735
2.1597
2.2284
2.2904
2.3193
2.3473
2.3608
2.3962
2.4390
2.4998
2.5539
2.5899
2.5981
2.5804
2.5488
2.5231
2.5024
2.5049
2.4979
2.4906
2.4499
2.3960
2.3215
2.2536
2.1836
2.1303
2.0790
2.0437
2.0125
1.9885
1.9580
1.9219
1.8677
1.8072
1.7328
1.6563
1.5794
1.5029
1.4404
1.3776
1.3287
1.2678
1.2042
1.1262
1.0436
0.9664
0.8892
0.8213
0.7462
0.6723
0.5967
0.5297
0.4718
0.4279
0.3830
0.3448
0.2931
0.2469
0.1890
0.1310
0.0564
-0.0314
-0.1291
-0.2285
-0.3155
-0.3885
-0.4442
-0.4834
-0.5147
-0.5416
-0.5738
-0.6129
-0.6477
-0.6794
-0.6981
-0.7224
-0.7575
-0.8145
-0.8888
-0.9675
-1.0478
-1.1173
-1.1893
-1.2537
-1.3198
-1.3797
-1.4307
-1.4838
-1.5252
-1.5820
-1.6286
-1.6956
-1.7533
-1.8219
-1.8755
-1.9211
-1.9486
-1.9656
-1.9831
-2.0114
-2.0593
-2.1262
-2.2009
-2.2767
-2.3416
-2.3947
-2.4450
-2.4866
-2.5459
-2.5898
-2.6368
-2.6395
-2.6145
-2.5581
-2.4901
-2.4415
-2.4036
-2.3987
-2.4077
-2.4437
-2.4996
-2.5716
-2.6481
-2.7147
-2.7675
-2.8018
-2.8270
-2.8392
-2.8406
-2.8329
-2.8166
-2.8140
-2.8268
-2.8677
-2.9204
-2.9719
-3.0017
-3.0093
-2.9849
-2.9397
-2.8576
-2.7476
-2.6084
-2.4660
-2.3467
-2.2831
-2.2933
-2.3816
-2.5199
-2.6724
-2.7891
-2.8508
-2.8513
-2.8146
-2.7572
-2.6934
-2.6179
-2.5289
-2.4213
-2.3097
-2.2000
-2.1104
-2.0339
-1.9740
-1.9118
-1.8483
-1.7711
-1.6900
-1.6090
-1.5349
-1.4764
-1.4121
-1.3517
-1.2642
-1.1826
-1.0959
-1.0389
-1.0006
-0.9815
-0.9625
-0.9330
-0.8830
-0.8234
-0.7484
-0.6845
-0.6156
-0.5654
-0.5144
-0.4800
-0.4533
-0.4425
-0.4346
-0.4197
-0.3753
-0.3050
-0.2091
-0.1223
-0.0470
-0.0012
0.0414
0.0769
0.1265
0.1675
0.2095
0.2322
0.2579
0.2758
0.3089
0.3355
0.3690
0.3863
0.4012
0.4057
0.4091
0.4139
0.4172
0.4271
0.4337
0.4435
0.4496
0.4512
0.4567
0.4606
0.4800
0.5028
0.5336
0.5553
0.5608
0.5357
0.4882
0.4205
0.3696
0.3330
0.3301
0.3231
0.3069
0.2656
0.2129
0.1766
0.1548
0.1630
0.1726
0.1827
0.1855
0.1733
0.1675
0.1487
0.1447
0.1310
0.1204
0.1018
0.0731
0.0478
0.0160
0.0030
-0.0120
-0.0171
-0.0397
-0.0758
-0.1262
-0.1814
-0.2211
-0.2572
-0.2818
-0.3178
-0.3589
-0.4038
-0.4475
-0.4813
-0.5133
-0.5424
-0.5687
-0.5956
-0.6141
-0.6373
-0.6596
-0.6865
-0.7152
-0.7416
-0.7714
-0.8059
-0.8468
-0.8958
-0.9445
-0.9947
-1.0447
-1.0974
-1.1555
-1.2109
-1.2562
-1.2846
-1.2952
-1.3106
-1.3327
-1.3893
-1.4490
-1.5220
-1.5635
-1.5919
-1.5892
-1.5794
-1.5634
-1.5503
-1.5481
-1.5516
-1.5674
-1.5844
-1.6043
-1.6216
-1.6359
-1.6457
-1.6527
-1.6562
-1.6565
-1.6559
-1.6414
-1.6336
-1.6142
-1.6216
-1.6363
-1.6764
-1.7091
-1.7237
-1.6996
-1.6502
-1.5975
-1.5729
-1.5922
-1.6443
-1.7128
-1.7627
-1.7899
-1.7842
-1.7685
-1.7502
-1.7436
-1.7460
-1.7519
-1.7554
-1.7582
-1.7621
-1.7782
-1.8007
-1.8314
-1.8554
-1.8605
-1.8490
-1.8062
-1.7731
-1.7315
-1.7244
-1.7208
-1.7359
-1.7512
-1.7686
-1.7894
-1.8095
-1.8414
-1.8687
-1.9098
-1.9185
-1.9210
-1.8533
-1.7460
-1.5512
-1.3018
-1.0172
-0.7362
-0.5207
-0.3679
-0.3042
-0.2954
-0.3310
-0.3983
-0.4643
-0.5330
-0.5725
-0.5934
-0.6019
-0.6019
-0.6128
-0.6134
-0.6056
-0.5843
-0.5514
-0.5406
-0.5295
-0.5507
-0.5536
-0.5807
-0.5921
-0.6295
-0.6483
-0.6599
-0.6341
-0.5866
-0.5269
-0.4722
-0.4384
-0.4243
-0.4436
-0.4866
-0.5661
-0.6545
-0.7566
-0.8303
-0.8925
-0.9116
-0.9206
-0.9071
-0.8955
-0.8848
-0.8759
-0.8705
-0.8602
-0.8387
-0.8081
-0.7547
-0.7043
-0.6498
-0.6156
-0.5894
-0.5647
-0.5358
-0.4965
-0.4571
-0.4249
-0.3973
-0.3849
-0.3680
-0.3475
-0.3092
-0.2437
-0.1741
-0.0932
-0.0368
0.0137
0.0467
0.0844
0.1231
0.1782
0.2296
0.2890
0.3152
0.3323
0.3069
0.2836
0.2437
0.2293
0.2255
0.2590
0.3025
0.3586
0.3875
0.3984
0.3674
0.3277
0.2588
0.2081
0.1497
0.1343
0.1178
0.1214
0.1026
0.0710
0.0335
-0.0024
-0.0154
-0.0252
-0.0376
-0.0727
-0.1303
-0.1968
-0.2480
-0.2890
-0.3060
-0.3554
-0.4015
-0.4827
-0.5250
-0.5522
-0.5354
-0.5144
-0.5066
-0.5211
-0.5673
-0.6211
-0.6896
-0.7500
-0.8130
-0.8609
-0.9020
-0.9329
-0.9673
-1.0166
-1.0907
-1.1879
-1.3065
-1.4194
-1.5258
-1.5958
-1.6472
-1.6749
-1.7006
-1.7331
-1.7734
-1.8299
-1.8950
-1.9732
-2.0594
-2.1518
-2.2392
-2.3187
-2.3686
-2.4000
-2.4017
-2.4001
-2.3911
-2.3803
-2.3533
-2.3057
-2.2454
-2.1908
-2.1561
-2.1473
-2.1455
-2.1454
-2.1294
-2.1049
-2.0792
-2.0538
-2.0513
-2.0490
-2.0649
-2.0630
-2.0657
-2.0581
-2.0695
-2.0829
-2.0954
-2.0879
-2.0524
-2.0194
-1.9803
-1.9756
-1.9626
-1.9655
-1.9513
-1.9450
-1.9353
-1.9359
-1.9278
-1.9217
-1.8867
-1.8417
-1.7631
-1.6798
-1.5891
-1.5114
-1.4457
-1.3918
-1.3493
-1.3071
-1.2694
-1.2139
-1.1499
-1.0611
-0.9695
-0.8665
-0.7674
-0.6631
-0.5635
-0.4693
-0.3775
-0.2900
-0.1894
-0.0930
0.0028
0.0816
0.1461
0.2168
0.2845
0.3687
0.4332
0.4814
0.5116
0.5304
0.5739
0.6180
0.6804
0.7242
0.7615
0.7962
0.8348
0.8899
0.9395
0.9913
1.0352
1.0933
1.1666
1.2570
1.3441
1.4229
1.4801
1.5383
1.5911
1.6604
1.7299
1.8091
1.8874
1.9715
2.0556
2.1445
2.2247
2.3031
2.3607
2.4111
2.4434
2.4715
2.4926
2.5120
2.5292
2.5569
2.5892
2.6431
2.6926
2.7423
2.7723
2.7835
2.7935
2.7967
2.8232
2.8423
2.8693
2.8686
2.8733
2.8589
2.8790
2.8897
2.9398
2.9741
3.0246
3.0527
3.0699
3.0755
3.0721
3.0815
3.0875
3.1038
3.1080
3.1068
3.0938
3.0693
3.0455
3.0177
3.0019
2.9854
2.9716
2.9421
2.9036
2.8482
2.8089
2.7879
2.8223
2.8907
3.0023
3.0970
3.1820
3.1908
3.1689
3.0869
3.0118
2.9455
2.9170
2.9179
2.9405
2.9628
2.9820
2.9704
2.9357
2.8630
2.7825
2.6996
2.6466
2.5946
2.5591
2.4959
2.4498
2.3991
2.3802
2.3566
2.3259
2.2719
2.2064
2.1497
2.1091
2.0850
2.0556
2.0120
1.9384
1.8580
1.7611
1.6867
1.6019
1.5447
1.4775
1.4413
1.4067
1.3881
1.3542
1.2881
1.1809
1.0242
0.8631
0.7129
0.6436
0.6324
0.6917
0.7377
0.7516
0.6960
0.5998
0.4862
0.3870
0.2980
0.2287
0.1609
0.1168
0.0849
0.0786
0.0643
0.0463
-0.0170
-0.0878
-0.1895
-0.2596
-0.3226
-0.3470
-0.3692
-0.3880
-0.4255
-0.4806
-0.5574
-0.6459
-0.7346
-0.8095
-0.8587
-0.8825
-0.8905
-0.8837
-0.8904
-0.8934
-0.9325
-0.9754
-1.0488
-1.0994
-1.1280
-1.0924
-1.0220
-0.9220
-0.8460
-0.7896
-0.7730
-0.7682
-0.7861
-0.7970
-0.8128
-0.7889
-0.7579
-0.6957
-0.6634
-0.6480
-0.6689
-0.6980
-0.7300
-0.7627
-0.8231
-0.8922
-0.9871
-1.0392
-1.0756
-1.0713
-1.0760
-1.0837
-1.0969
-1.0870
-1.0535
-0.9984
-0.9396
-0.8985
-0.8593
-0.8431
-0.8177
-0.8129
-0.8162
-0.8420
-0.8841
-0.9157
-0.9340
-0.8990
-0.8393
-0.7432
-0.6671
-0.6193
-0.6247
-0.6606
-0.6988
-0.7098
-0.7001
-0.6777
-0.6859
-0.6992
-0.7212
-0.7016
-0.6479
-0.5695
-0.4923
-0.4465
-0.4281
-0.4444
-0.4757
-0.5196
-0.5607
-0.5955
-0.6131
-0.6199
-0.6125
-0.6139
-0.6263
-0.6673
-0.7302
-0.7927
-0.8398
-0.8286
-0.7740
-0.6704
-0.5650
-0.4737
-0.4150
-0.3828
-0.3626
-0.3419
-0.3015
-0.2416
-0.1527
-0.0648
0.0163
0.0549
0.0514
0.0001
-0.0923
-0.2001
-0.3102
-0.3901
-0.4381
-0.4485
-0.4411
-0.4170
-0.4020
-0.3880
-0.3934
-0.4043
-0.4101
-0.4083
-0.3817
-0.3614
-0.3385
-0.3423
-0.3502
-0.3676
-0.3788
-0.3936
-0.4212
-0.4689
-0.5272
-0.5766
-0.5870
-0.5613
-0.5153
-0.4813
-0.4916
-0.5144
-0.5648
-0.5772
-0.6092
-0.6189
-0.6569
-0.6732
-0.6698
-0.6324
-0.5666
-0.5131
-0.4684
-0.4677
-0.4734
-0.4949
-0.4812
-0.4440
-0.3584
-0.2753
-0.1893
-0.1538
-0.1187
-0.1214
-0.0944
-0.1008
-0.0773
-0.0776
-0.0365
0.0027
0.0707
0.1262
0.1816
0.2084
0.2271
0.2214
0.2432
0.2715
0.3597
0.4414
0.5516
0.6042
0.6514
0.6290
0.6203
0.5794
0.5847
0.5781
0.6123
0.6269
0.6657
0.6832
0.7073
0.7198
0.7255
0.7358
0.7439
0.7738
0.8253
0.9067
1.0000
1.0849
1.1213
1.1182
1.0719
1.0511
1.0713
1.1647
1.2927
1.4226
1.5217
1.5895
1.6469
1.7162
1.7924
1.8845
1.9545
2.0404
2.1019
2.1763
2.2084
2.2070
2.1649
2.1027
2.0661
2.0468
2.0591
2.0623
2.0493
2.0058
1.9348
1.8547
1.7916
1.7637
1.8036
1.8755
2.0075
2.1309
2.2815
2.3917
2.4744
2.4892
2.4522
2.3843
2.3162
2.2623
2.2305
2.1954
2.1751
2.1482
2.1425
2.1428
2.1453
2.1474
2.1296
2.1160
2.0938
2.0870
2.0839
2.0872
2.0886
2.0848
2.0803
2.0802
2.0869
2.0961
2.0942
2.0727
2.0317
1.9655
1.8807
1.7538
1.6028
1.4230
1.2709
1.1562
1.1218
1.1422
1.2052
1.2677
1.2888
1.2647
1.1779
1.0745
0.9645
0.8809
0.8256
0.7892
0.7665
0.7428
0.7132
0.6803
0.6286
0.5701
0.4823
0.3840
0.2735
0.1788
0.1088
0.0674
0.0450
0.0224
-0.0002
-0.0377
-0.0768
-0.1287
-0.1784
-0.2246
-0.2508
-0.2631
-0.2578
-0.2669
-0.2907
-0.3509
-0.4105
-0.4577
-0.4420
-0.3946
-0.3097
-0.2664
-0.2464
-0.2946
-0.3534
-0.4484
-0.5350
-0.6478
-0.7608
-0.8920
-1.0092
-1.1122
-1.1815
-1.2347
-1.2791
-1.3277
-1.3761
-1.4030
-1.4028
-1.3706
-1.3340
-1.3064
-1.3022
-1.3015
-1.2978
-1.2667
-1.2183
-1.1602
-1.0940
-1.0637
-1.0294
-1.0567
-1.0689
-1.1185
-1.1371
-1.1521
-1.1454
-1.1235
-1.1050
-1.0666
-1.0333
-0.9619
-0.8964
-0.8028
-0.7368
-0.6636
-0.6221
-0.5749
-0.5552
-0.5228
-0.5134
-0.4874
-0.4856
-0.4868
-0.5098
-0.5421
-0.5599
-0.5645
-0.5231
-0.4662
-0.3737
-0.2912
-0.2016
-0.1459
-0.0967
-0.0787
-0.0499
-0.0305
0.0178
0.0634
0.1286
0.1835
0.2343
0.2736
0.2950
0.3110
0.3092
0.3071
0.3054
0.3199
0.3690
0.4461
0.5637
0.6836
0.8056
0.8917
0.9438
0.9608
0.9489
0.9396
0.9287
0.9423
0.9629
0.9931
1.0280
1.0624
1.1094
1.1591
1.2114
1.2593
1.2905
1.3194
1.3356
1.3413
1.3336
1.2859
1.2409
1.1738
1.1558
1.1557
1.2118
1.2850
1.3802
1.4663
1.5439
1.5942
1.6301
1.6467
1.6669
1.6923
1.7426
1.8085
1.8918
1.9713
2.0361
2.0806
2.0963
2.0977
2.0725
2.0390
1.9889
1.9469
1.9134
1.9083
1.9188
1.9502
1.9703
1.9726
1.9310
1.8492
1.7536
1.6628
1.6220
1.6122
1.6282
1.6304
1.5931
1.5278
1.4317
1.3491
1.2806
1.2408
1.2211
1.1986
1.1755
1.1274
1.0829
1.0296
0.9910
0.9428
0.8848
0.8022
0.7139
0.6255
0.5637
0.5138
0.4893
0.4616
0.4352
0.3846
0.3175
0.2428
0.1875
0.1668
0.1709
0.1764
0.1573
0.1123
0.0540
0.0011
-0.0399
-0.0742
-0.1094
-0.1482
-0.1889
-0.2321
-0.2812
-0.3479
-0.4123
-0.4804
-0.5049
-0.5218
-0.5085
-0.5225
-0.5361
-0.5681
-0.5850
-0.6040
-0.6309
-0.6840
-0.7634
-0.8521
-0.9338
-0.9969
-1.0385
-1.0650
-1.0758
-1.0753
-1.0683
-1.0550
-1.0543
-1.0588
-1.0886
-1.1192
-1.1577
-1.1752
-1.1789
-1.1615
-1.1370
-1.1119
-1.0944
-1.0922
-1.1063
-1.1341
-1.1649
-1.1792
-1.1712
-1.1260
-1.0630
-0.9815
-0.9174
-0.8696
-0.8596
-0.8591
-0.8621
-0.8430
-0.8147
-0.7918
-0.7915
-0.8153
-0.8418
-0.8582
-0.8492
-0.8279
-0.7902
-0.7442
-0.6728
-0.5773
-0.4579
-0.3339
-0.2294
-0.1639
-0.1560
-0.1954
-0.2714
-0.3483
-0.3885
-0.3854
-0.3130
-0.2375
-0.1601
-0.1467
-0.1716
-0.2194
-0.2439
-0.2185
-0.1408
-0.0374
0.0651
0.1300
0.1478
0.1176
0.0595
0.0070
-0.0165
0.0007
0.0362
0.0549
0.0425
-0.0054
-0.0290
-0.0157
0.0681
0.1814
0.2965
0.3869
0.4456
0.4871
0.5270
0.5566
0.5951
0.6081
0.6317
0.6382
0.6596
0.6714
0.6763
0.6625
0.6309
0.6000
0.5798
0.5890
0.6224
0.6684
0.7142
0.7415
0.7622
0.7823
0.8189
0.8793
0.9372
0.9921
1.0002
0.9892
0.9364
0.8845
0.8176
0.7611
0.7068
0.6634
0.6407
0.6302
0.6516
0.6766
0.7200
0.7464
0.7619
0.7549
0.7317
0.7127
0.6973
0.7036
0.7135
0.7268
0.7334
0.7389
0.7485
0.7666
0.7820
0.7840
0.7598
0.7073
0.6464
0.5805
0.5283
0.4793
0.4283
0.3816
0.3258
0.2871
0.2402
0.2148
0.1889
0.1907
0.1969
0.2162
0.2274
0.2421
0.2503
0.2590
0.2372
0.1851
0.0844
-0.0360
-0.1640
-0.2748
-0.3601
-0.4152
-0.4376
-0.4379
-0.4254
-0.4219
-0.4252
-0.4412
-0.4456
-0.4394
-0.4124
-0.3809
-0.3616
-0.3699
-0.4224
-0.4999
-0.5963
-0.6569
-0.6908
-0.6587
-0.6221
-0.5662
-0.5600
-0.5788
-0.6485
-0.7167
-0.7724
-0.7691
-0.7310
-0.6656
-0.6251
-0.6182
-0.6474
-0.7030
-0.7643
-0.8333
-0.8947
-0.9426
-0.9642
-0.9632
-0.9478
-0.9465
-0.9583
-0.9921
-1.0246
-1.0495
-1.0613
-1.0557
-1.0337
-1.0031
-0.9632
-0.9532
-0.9502
-0.9867
-1.0153
-1.0584
-1.0906
-1.1225
-1.1347
-1.1246
-1.0743
-1.0177
-0.9455
-0.9229
-0.9212
-0.9796
-1.0361
-1.0984
-1.1226
-1.1426
-1.1543
-1.1904
-1.2265
-1.2585
-1.2642
-1.2499
-1.2279
-1.2108
-1.2038
-1.2053
-1.2055
-1.2031
-1.1935
-1.1754
-1.1553
-1.1292
-1.1121
-1.0958
-1.0901
-1.0790
-1.0757
-1.0643
-1.0694
-1.0638
-1.0717
-1.0612
-1.0590
-1.0398
-1.0182
-0.9729
-0.9212
-0.8684
-0.8486
-0.8569
-0.8925
-0.9082
-0.8898
-0.8219
-0.7388
-0.6734
-0.6507
-0.6730
-0.7100
-0.7429
-0.7448
-0.7242
-0.6815
-0.6442
-0.6189
-0.6293
-0.6650
-0.7139
-0.7539
-0.7548
-0.7370
-0.6854
-0.6468
-0.6055
-0.5823
-0.5795
-0.5821
-0.6327
-0.6765
-0.7669
-0.8197
-0.8731
-0.8735
-0.8536
-0.8193
-0.7841
-0.7711
-0.7723
-0.7984
-0.8363
-0.8749
-0.9034
-0.9109
-0.9027
-0.8872
-0.8678
-0.8441
-0.8126
-0.7658
-0.7296
-0.6940
-0.6962
-0.7081
-0.7518
-0.7953
-0.8511
-0.8896
-0.9267
-0.9421
-0.9610
-0.9672
-0.9692
-0.9499
-0.9119
-0.8643
-0.8200
-0.7959
-0.7894
-0.8004
-0.8164
-0.8322
-0.8435
-0.8411
-0.8329
-0.8072
-0.7915
-0.7724
-0.7759
-0.7704
-0.7503
-0.6914
-0.5941
-0.4962
-0.4161
-0.3999
-0.4181
-0.4732
-0.5162
-0.5576
-0.5759
-0.5868
-0.5744
-0.5496
-0.5200
-0.4992
-0.5028
-0.5154
-0.5396
-0.5536
-0.5653
-0.5691
-0.5720
-0.5793
-0.5842
-0.5894
-0.5664
-0.5186
-0.4481
-0.3790
-0.3569
-0.3659
-0.4328
-0.4942
-0.5703
-0.6193
-0.6657
-0.6922
-0.7052
-0.6997
-0.6756
-0.6459
-0.6194
-0.6030
-0.6001
-0.5871
-0.5685
-0.5301
-0.5003
-0.4849
-0.5027
-0.5361
-0.5858
-0.6139
-0.6287
-0.5947
-0.5478
-0.4827
-0.4573
-0.4630
-0.5076
-0.5555
-0.5729
-0.5665
-0.5146
-0.4645
-0.3992
-0.3575
-0.3160
-0.2929
-0.2608
-0.2370
-0.2122
-0.1999
-0.1969
-0.1868
-0.1675
-0.1300
-0.0947
-0.0642
-0.0539
-0.0309
-0.0144
0.0447
0.0898
0.1684
0.2151
0.2744
0.2932
0.3072
0.2764
0.2422
0.1775
0.1334
0.0935
0.0867
0.1009
0.1239
0.1637
0.1940
0.2312
0.2565
0.2714
0.2978
0.3216
0.3838
0.4356
0.5016
0.5325
0.5580
0.5571
0.5659
0.5746
0.6138
0.6582
0.7134
0.7409
0.7466
0.7348
0.7200
0.7288
0.7286
0.7332
0.7000
0.6661
0.6255
0.6115
0.6151
0.6385
0.6653
0.6905
0.7000
0.6864
0.6375
0.5580
0.4544
0.3590
0.2867
0.2639
0.2770
0.3194
0.3523
0.3636
0.3212
0.2582
0.1656
0.1167
0.0759
0.0831
0.0727
0.0652
0.0456
0.0288
0.0292
0.0155
-0.0075
-0.0705
-0.1500
-0.2280
-0.2841
-0.3060
-0.3173
-0.3345
-0.3822
-0.4584
-0.5639
-0.6764
-0.8026
-0.9133
-1.0144
-1.0805
-1.1198
-1.1447
-1.1768
-1.2380
-1.3299
-1.4289
-1.5287
-1.5885
-1.6471
-1.6732
-1.7250
-1.7554
-1.8036
-1.8311
-1.8719
-1.9238
-1.9939
-2.0811
-2.1470
-2.2018
-2.2222
-2.2571
-2.2989
-2.3693
-2.4303
-2.4714
-2.4801
-2.4779
-2.4837
-2.5132
-2.5489
-2.5828
-2.5874
-2.5756
-2.5473
-2.5304
-2.5350
-2.5650
-2.6086
-2.6350
-2.6276
-2.5770
-2.5035
-2.4304
-2.3793
-2.3484
-2.3389
-2.3347
-2.3494
-2.3828
-2.4322
-2.4956
-2.5317
-2.5527
-2.5285
-2.4938
-2.4416
-2.3930
-2.3470
-2.3077
-2.2747
-2.2389
-2.1945
-2.1299
-2.0592
-1.9860
-1.9432
-1.9248
-1.9444
-1.9746
-2.0029
-2.0061
-1.9683
-1.9000
-1.8032
-1.7168
-1.6419
-1.6037
-1.5782
-1.5635
-1.5299
-1.4777
-1.3955
-1.3072
-1.2090
-1.1418
-1.0870
-1.0788
-1.0754
-1.0861
-1.0747
-1.0482
-1.0156
-0.9814
-0.9650
-0.9413
-0.9194
-0.8842
-0.8544
-0.8349
-0.8316
-0.8316
-0.8359
-0.8182
-0.8004
-0.7602
-0.7283
-0.6942
-0.6745
-0.6640
-0.6611
-0.6655
-0.6740
-0.6904
-0.7046
-0.7175
-0.7150
-0.7107
-0.6947
-0.6855
-0.6704
-0.6620
-0.6657
-0.6800
-0.7181
-0.7398
-0.7559
-0.7312
-0.6972
-0.6529
-0.6282
-0.6252
-0.6561
-0.7009
-0.7570
-0.7765
-0.7673
-0.6986
-0.6195
-0.5318
-0.4858
-0.4774
-0.5182
-0.5873
-0.6682
-0.7390
-0.7826
-0.7999
-0.7836
-0.7537
-0.6934
-0.6247
-0.5365
-0.4569
-0.3891
-0.3480
-0.3198
-0.3096
-0.2872
-0.2762
-0.2491
-0.2390
-0.2344
-0.2459
-0.2766
-0.3026
-0.3377
-0.3577
-0.3819
-0.4077
-0.4311
-0.4599
-0.4681
-0.4712
-0.4495
-0.4112
-0.3472
-0.2652
-0.1739
-0.0980
-0.0401
-0.0053
0.0212
0.0570
0.0885
0.1288
0.1441
0.1471
0.1292
0.0956
0.0650
0.0227
-0.0037
-0.0289
-0.0307
-0.0062
0.0410
0.1162
0.1911
0.2658
0.3169
0.3491
0.3614
0.3736
0.3951
0.4417
0.4894
0.5308
0.5267
0.4948
0.4362
0.3849
0.3579
0.3473
0.3689
0.3819
0.4086
0.4099
0.4078
0.3905
0.3722
0.3564
0.3415
0.3244
0.3075
0.2873
0.2779
0.2727
0.2708
0.2622
0.2336
0.1976
0.1459
0.1080
0.0695
0.0545
0.0472
0.0615
0.0809
0.1025
0.1120
0.1130
0.1106
0.1169
0.1345
0.1576
0.1722
0.1736
0.1551
0.1356
0.1082
0.0865
0.0455
-0.0074
-0.0863
-0.1650
-0.2413
-0.2893
-0.3205
-0.3314
-0.3455
-0.3600
-0.3862
-0.4024
-0.4222
-0.4167
-0.4188
-0.3942
-0.3914
-0.3797
-0.4075
-0.4403
-0.4963
-0.5386
-0.5760
-0.5938
-0.6125
-0.6275
-0.6513
-0.6765
-0.6962
-0.7148
-0.7163
-0.7231
-0.7146
-0.7069
-0.6766
-0.6426
-0.5981
-0.5802
-0.5662
-0.5796
-0.5683
-0.5628
-0.5325
-0.5234
-0.5091
-0.5136
-0.4982
-0.4871
-0.4562
-0.4388
-0.4201
-0.4124
-0.4072
-0.3961
-0.3847
-0.3562
-0.3225
-0.2726
-0.2259
-0.1889
-0.1702
-0.1774
-0.1899
-0.2182
-0.2313
-0.2450
-0.2275
-0.1887
-0.1171
-0.0281
0.0629
0.1457
0.2161
0.2785
0.3418
0.3958
0.4318
0.4293
0.3820
0.3060
0.2212
0.1667
0.1543
0.1917
0.2664
0.3522
0.4388
0.4960
0.5323
0.5296
0.5075
0.4616
0.4149
0.3708
0.3493
0.3466
0.3770
0.4212
0.4876
0.5449
0.6002
0.6333
0.6572
0.6671
0.6733
0.6700
0.6670
0.6542
0.6448
0.6270
0.6145
0.6026
0.5993
0.6014
0.5999
0.5856
0.5455
0.4828
0.4089
0.3443
0.3053
0.2987
0.3154
0.3483
0.3816
0.4051
0.4194
0.4065
0.3927
0.3643
0.3512
0.3458
0.3463
0.3525
0.3462
0.3357
0.3089
0.2694
0.2224
0.1769
0.1457
0.1396
0.1474
0.1776
0.2070
0.2497
0.2842
0.3179
0.3329
0.3400
0.3283
0.3210
0.3031
0.3047
0.3033
0.3197
0.3272
0.3295
0.3184
0.2953
0.2759
0.2592
0.2573
0.2583
0.2583
0.2406
0.2078
0.1509
0.0965
0.0340
-0.0050
-0.0376
-0.0395
-0.0188
0.0274
0.0871
0.1336
0.1556
0.1415
0.1070
0.0730
0.0513
0.0536
0.0572
0.0632
0.0474
0.0282
0.0044
-0.0055
0.0006
0.0122
0.0281
0.0235
0.0118
-0.0264
-0.0676
-0.1251
-0.1777
-0.2283
-0.2699
-0.3049
-0.3441
-0.3880
-0.4396
-0.4890
-0.5260
-0.5481
-0.5543
-0.5647
-0.5853
-0.6298
-0.6843
-0.7332
-0.7714
-0.7842
-0.8076
-0.8167
-0.8503
-0.8607
-0.8860
-0.8907
-0.9123
-0.9205
-0.9413
-0.9537
-0.9872
-1.0225
-1.0742
-1.1141
-1.1543
-1.1855
-1.2264
-1.2726
-1.3249
-1.3781
-1.4227
-1.4689
-1.5006
-1.5315
-1.5467
-1.5551
-1.5602
-1.5566
-1.5563
-1.5401
-1.5262
-1.5071
-1.4993
-1.5008
-1.5054
-1.5116
-1.5101
-1.5026
-1.4886
-1.4559
-1.4172
-1.3613
-1.3168
-1.2774
-1.2575
-1.2425
-1.2349
-1.2221
-1.2141
-1.1931
-1.1764
-1.1436
-1.1226
-1.1007
-1.0933
-1.0876
-1.0742
-1.0542
-1.0249
-0.9994
-0.9873
-0.9804
-0.9852
-0.9767
-0.9612
-0.9318
-0.8957
-0.8660
-0.8373
-0.8177
-0.7910
-0.7620
-0.7245
-0.6860
-0.6453
-0.6036
-0.5558
-0.5024
-0.4388
-0.3713
-0.2958
-0.2218
-0.1439
-0.0702
0.0015
0.0655
0.1175
0.1575
0.1839
0.2018
0.2208
0.2417
0.2764
0.3135
0.3548
0.3861
0.4063
0.4157
0.4201
0.4325
0.4548
0.4972
0.5457
0.6032
0.6492
0.6883
0.7094
0.7269
0.7416
0.7734
0.8149
0.8779
0.9352
0.9995
1.0431
1.0871
1.1146
1.1419
1.1667
1.1937
1.2318
1.2725
1.3232
1.3701
1.4183
1.4626
1.5057
1.5417
1.5710
1.5855
1.5962
1.6002
1.6056
1.6080
1.5989
1.5816
1.5560
1.5311
1.5191
1.5088
1.5097
1.5014
1.4908
1.4728
1.4456
1.4206
1.3894
1.3715
1.3581
1.3631
1.3781
1.4036
1.4271
1.4369
1.4225
1.3830
1.3284
1.2712
1.2240
1.1851
1.1563
1.1331
1.1227
1.1229
1.1353
1.1476
1.1658
1.1884
1.2330
1.2892
1.3512
1.3882
1.3968
1.3691
1.3302
1.2889
1.2614
1.2500
1.2468
1.2554
1.2560
1.2538
1.2310
1.1939
1.1482
1.1066
1.0892
1.0926
1.1143
1.1355
1.1458
1.1486
1.1456
1.1515
1.1638
1.1860
1.2146
1.2493
1.2886
1.3273
1.3621
1.3891
1.4098
1.4250
1.4352
1.4435
1.4499
1.4665
1.4922
1.5376
1.5911
1.6502
1.6994
1.7309
1.7435
1.7417
1.7428
1.7537
1.7836
1.8192
1.8648
1.9003
1.9449
1.9768
2.0165
2.0452
2.0764
2.1069
2.1372
2.1709
2.1994
2.2274
2.2526
2.2757
2.2966
2.3109
2.3185
2.3205
2.3211
2.3231
2.3319
2.3435
2.3603
2.3820
2.4084
2.4512
2.4993
2.5558
2.6015
2.6304
2.6450
2.6477
2.6553
2.6668
2.6808
2.6980
2.7067
2.7260
2.7425
2.7735
2.7998
2.8253
2.8412
2.8545
2.8705
2.9006
2.9408
2.9964
3.0464
3.0908
3.1118
3.1107
3.0937
3.0630
3.0399
3.0211
3.0174
3.0256
3.0316
3.0410
3.0281
3.0265
3.0190
3.0517
3.0889
3.1550
3.2050
3.2599
3.2953
3.3258
3.3355
3.3351
3.3234
3.3246
3.3390
3.3781
3.4225
3.4690
3.5063
3.5461
3.5937
3.6590
3.7317
3.7986
3.8435
3.8523
3.8355
3.7905
3.7452
3.6932
3.6529
3.6115
3.5750
3.5364
3.4978
3.4627
3.4328
3.4158
3.4113
3.4174
3.4285
3.4315
3.4228
3.3964
3.3583
3.3197
3.2838
3.2629
3.2391
3.2181
3.1806
3.1442
3.1087
3.0814
3.0612
3.0241
2.9838
2.9210
2.8711
2.8167
2.7752
2.7257
2.6785
2.6281
2.5888
2.5508
2.5213
2.4808
2.4410
2.3946
2.3585
2.3393
2.3334
2.3420
2.3412
2.3341
2.3158
2.2989
2.2910
2.2895
2.2877
2.2769
2.2477
2.2062
2.1484
2.0903
2.0322
1.9856
1.9518
1.9292
1.9227
1.9216
1.9342
1.9461
1.9595
1.9659
1.9618
1.9545
1.9376
1.9260
1.9117
1.9046
1.9005
1.9006
1.9037
1.9084
1.9134
1.9228
1.9312
1.9403
1.9434
1.9369
1.9263
1.9073
1.8947
1.8850
1.8855
1.8923
1.8957
1.8915
1.8665
1.8264
1.7753
1.7290
1.6995
1.6934
1.7066
1.7265
1.7375
1.7296
1.7049
1.6679
1.6318
1.5960
1.5658
1.5402
1.5166
1.4985
1.4693
1.4371
1.3924
1.3553
1.3277
1.3162
1.3205
1.3294
1.3525
1.3711
1.3984
1.4124
1.4254
1.4311
1.4359
1.4370
1.4276
1.4089
1.3891
1.3759
1.3811
1.3915
1.4060
1.4058
1.3948
1.3706
1.3407
1.3137
1.2934
1.2915
1.3022
1.3283
1.3544
1.3772
1.3868
1.3854
1.3737
1.3575
1.3420
1.3309
1.3270
1.3246
1.3181
1.2987
1.2678
1.2273
1.1909
1.1575
1.1408
1.1300
1.1364
1.1448
1.1579
1.1647
1.1687
1.1741
1.1797
1.1845
1.1766
1.1508
1.1117
1.0573
1.0089
0.9593
0.9267
0.9010
0.8882
0.8852
0.8892
0.8982
0.9045
0.8982
0.8809
0.8460
0.8091
0.7666
0.7290
0.6911
0.6564
0.6233
0.5957
0.5699
0.5511
0.5292
0.5123
0.4921
0.4759
0.4645
0.4560
0.4599
0.4652
0.4777
0.4854
0.4791
0.4623
0.4245
0.3932
0.3646
0.3579
0.3573
0.3541
0.3359
0.3071
0.2811
0.2759
0.2884
0.3150
0.3349
0.3499
0.3629
0.3824
0.4126
0.4442
0.4720
0.4913
0.5020
0.5122
0.5231
0.5415
0.5687
0.5987
0.6322
0.6526
0.6693
0.6737
0.6749
0.6746
0.6664
0.6744
0.6851
0.7321
0.7833
0.8505
0.8975
0.9377
0.9617
1.0025
1.0506
1.1327
1.2103
1.2987
1.3607
1.4102
1.4411
1.4590
1.4854
1.5120
1.5625
1.6179
1.6928
1.7740
1.8723
1.9745
2.0805
2.1670
2.2367
2.2776
2.3086
2.3314
2.3526
2.3740
2.3801
2.3816
2.3650
2.3488
2.3330
2.3246
2.3317
2.3437
2.3676
2.3887
2.4094
2.4251
2.4375
2.4540
2.4780
2.5113
2.5498
2.5783
2.5956
2.5959
2.5945
2.5947
2.6045
2.6188
2.6408
2.6684
2.7084
2.7544
2.8040
2.8413
2.8605
2.8517
2.8230
2.7812
2.7450
2.7220
2.7182
2.7317
2.7553
2.7859
2.8091
2.8235
2.8216
2.8160
2.8163
2.8338
2.8652
2.8973
2.9126
2.9024
2.8674
2.8164
2.7566
2.6918
2.6221
2.5536
2.4951
2.4554
2.4424
2.4397
2.4514
2.4475
2.4557
2.4512
2.4643
2.4653
2.4635
2.4479
2.4211
2.3944
2.3637
2.3333
2.3055
2.2730
2.2495
2.2209
2.1949
2.1648
2.1293
2.0976
2.0673
2.0476
2.0326
2.0135
1.9851
1.9361
1.8819
1.8229
1.7826
1.7537
1.7445
1.7410
1.7418
1.7408
1.7332
1.7208
1.7025
1.6872
1.6785
1.6847
1.6955
1.7140
1.7146
1.7093
1.6826
1.6551
1.6240
1.5953
1.5701
1.5425
1.5183
1.4907
1.4666
1.4429
1.4275
1.4210
1.4260
1.4377
1.4552
1.4677
1.4824
1.4864
1.4937
1.4937
1.4998
1.5062
1.5189
1.5346
1.5508
1.5685
1.5805
1.5947
1.6000
1.6026
1.5879
1.5632
1.5297
1.5037
1.4917
1.4984
1.5145
1.5384
1.5653
1.5994
1.6452
1.6894
1.7351
1.7521
1.7516
1.7161
1.6697
1.6192
1.5814
1.5637
1.5581
1.5629
1.5723
1.5826
1.6014
1.6077
1.6150
1.6041
1.5981
1.5937
1.5968
1.6057
1.6092
1.6153
1.6135
1.6237
1.6295
1.6595
1.6850
1.7290
1.7516
1.7629
1.7431
1.7041
1.6515
1.5926
1.5362
1.4893
1.4559
1.4356
1.4166
1.3871
1.3456
1.2963
1.2585
1.2418
1.2481
1.2749
1.3030
1.3298
1.3439
1.3474
1.3502
1.3453
1.3514
1.3500
1.3579
1.3588
1.3569
1.3404
1.3071
1.2559
1.2029
1.1516
1.1241
1.1038
1.0961
1.0800
1.0689
1.0655
1.0854
1.1218
1.1589
1.1789
1.1669
1.1321
1.0838
1.0454
1.0241
1.0308
1.0538
1.0928
1.1308
1.1687
1.2028
1.2313
1.2593
1.2767
1.2903
1.2967
1.2977
1.2956
1.2761
1.2480
1.2031
1.1645
1.1312
1.1111
1.0911
1.0646
1.0313
0.9997
0.9882
1.0024
1.0411
1.0882
1.1242
1.1445
1.1475
1.1489
1.1583
1.1791
1.2133
1.2508
1.2916
1.3264
1.3537
1.3657
1.3644
1.3501
1.3351
1.3215
1.3154
1.3090
1.3021
1.2910
1.2884
1.2965
1.3268
1.3588
1.3906
1.3943
1.3858
1.3576
1.3395
1.3233
1.3311
1.3443
1.3777
1.4080
1.4487
1.4801
1.5147
1.5314
1.5351
1.5060
1.4577
1.3804
1.3068
1.2285
1.1893
1.1727
1.2043
1.2524
1.3090
1.3535
1.3710
1.3716
1.3428
1.3115
1.2740
1.2631
1.2799
1.3317
1.3997
1.4648
1.5031
1.5127
1.4877
1.4511
1.4086
1.3745
1.3564
1.3448
1.3477
1.3507
1.3466
1.3425
1.3077
1.2860
1.2321
1.1986
1.1381
1.0828
1.0106
0.9352
0.8609
0.7861
0.7173
0.6512
0.5824
0.5197
0.4491
0.3908
0.3304
0.2843
0.2444
0.2120
0.1863
0.1499
0.1158
0.0672
0.0381
0.0098
-0.0004
-0.0158
-0.0297
-0.0362
-0.0321
-0.0126
0.0039
0.0132
0.0046
-0.0138
-0.0416
-0.0660
-0.0844
-0.0954
-0.1017
-0.1199
-0.1486
-0.1896
-0.2354
-0.2667
-0.2989
-0.3075
-0.3297
-0.3363
-0.3603
-0.3716
-0.3821
-0.3762
-0.3445
-0.3003
-0.2280
-0.1638
-0.0965
-0.0518
-0.0167
0.0140
0.0483
0.0973
0.1485
0.2045
0.2504
0.2952
0.3385
0.3829
0.4296
0.4657
0.4991
0.5268
0.5610
0.6068
0.6565
0.7133
0.7637
0.8156
0.8685
0.9273
1.0012
1.0920
1.2112
1.3498
1.5007
