9.53950606
9.51403327
9.50397645
9.51936370
9.58421137
9.76417798
10.02044610
10.08707970
10.16211464
10.06185514
10.11939573
10.20094414
10.27439594
10.33470571
10.38321394
10.43141051
10.50958519
11.06416739
11.14002034
11.65254064
11.75385279
11.85445682
12.30214063
12.44618441
12.60168341
12.76972319
12.94769213
12.99554284
13.19878882
13.40124259
12.91148621
13.04109992
13.24030355
13.48794879
13.60389555
13.70445968
13.79105560
13.86882985
13.52836272
13.61350466
13.67450153
13.70478676
13.73848370
13.76819867
13.82350222
13.89045948
15.35802276
15.49747555
15.64665953
15.79770403
15.94029145
16.07848498
16.22301342
16.37670879
17.47598940
17.66460583
17.85938326
18.06013545
17.49408177
17.67762099
17.87465771
18.06525407
18.24925463
18.91673113
19.09483361
19.26451772
19.42645941
19.58965779
19.76352092
19.93239000
20.10230556
20.27279250
20.44326281
20.61115698
20.77834789
