3.3421
3.1381
3.1999
3.0011
3.1988
3.0512
2.7714
2.9050
2.6036
2.6532
2.3317
2.2904
2.0359
1.7958
1.9166
1.5443
1.6361
1.7290
1.1667
0.9856
0.8500
0.7175
0.7401
0.4277
0.2708
0.3768
0.0676
0.2066
0.0428
0.3146
0.1906
0.3582
0.1994
0.3610
0.3020
-0.0338
-0.0805
-0.1675
-0.0305
0.2861
0.5921
0.4997
0.5237
0.4037
0.1710
0.4631
0.2487
-0.0848
-0.0069
0.0484
0.1727
-0.0167
-0.0273
-0.0007
-0.1242
0.0176
-0.4453
-0.4454
-0.8021
-0.7447
-1.0599
-0.8971
-1.3004
-0.6483
-1.2786
-1.1327
-1.3460
-1.1333
-0.9960
-1.0687
-0.7551
-1.7126
-1.4091
-1.3641
-1.3386
-1.2678
-1.7508
-1.9291
-1.8432
-1.9250
-2.0222
-1.8253
-1.5599
-1.4038
-1.8167
-1.8328
-1.4704
-2.0290
-1.9123
-2.1371
-2.0625
-2.1319
-1.9736
-1.9539
-2.2687
-2.2415
-1.8535
-1.8699
-1.7973
-1.9833
-1.6890
-1.9842
-1.9720
-1.9068
-1.8552
-1.7749
-1.8870
-1.5348
-2.0905
-2.0388
-2.0675
-1.6985
-1.9142
-1.4647
-1.9658
-1.9621
-1.9025
-1.8267
-1.8478
-2.0012
-1.9846
-2.3183
-2.5020
-2.4025
-2.7325
-2.6570
-2.3536
-2.5106
-2.9320
-2.9209
-2.9897
-2.9417
-2.9855
-2.9240
-2.8694
-3.0889
-2.9848
-3.1215
-3.1159
-2.7991
-3.2220
-3.1017
-2.9187
-3.1263
-3.0523
-3.0872
-2.9179
-3.1431
-3.2391
-3.0600
-2.8696
-3.1258
-3.2104
-3.0994
-3.0433
-2.9697
-3.1870
-3.0317
-3.0653
-2.9728
-3.1058
-2.8584
-2.8467
-3.1202
-2.9308
-2.8742
-2.8045
-2.9207
-3.0545
-3.0172
-2.9719
-2.8874
-2.9562
-2.9065
-2.7652
-3.0577
-2.8210
-2.7757
-3.1317
-2.5667
-2.4495
-2.5246
-2.5349
-2.5675
-2.4724
-2.8666
-2.7274
-2.9447
-2.9316
-3.0183
-2.9857
-3.0118
-3.0870
-3.1559
-3.3131
-3.4241
-3.3023
-3.5593
-3.6000
-3.5581
-3.5544
-3.4241
-3.4775
-3.4090
-3.5107
-3.4855
-3.2726
-3.4538
-3.4210
-3.4740
-3.4169
-3.5307
-3.5270
-3.6355
-3.6777
-3.5017
-3.7219
-3.7448
-3.7359
-3.7783
-3.7891
-3.6480
-3.5402
-3.2405
-3.3450
-3.5063
-3.0556
-3.2764
-3.3117
-3.0259
-2.9559
-2.3746
-2.7050
-2.7880
-2.6224
-2.3950
-2.1933
-1.7867
-1.5587
-1.9449
-1.8887
-1.9343
-2.0241
-1.7366
-1.5938
-1.4148
-1.8002
-1.7294
-2.0911
-2.0882
-1.7189
-2.2050
-1.9915
-2.1299
-2.1690
-1.8231
-1.7905
-2.1111
-2.0387
-2.3655
-2.1506
-2.2538
-1.8407
-2.0889
-1.5538
-1.5740
-1.6773
-1.3684
-1.4016
-1.0808
-1.1046
-0.9091
-0.4606
-0.6557
-0.7884
-0.8667
-1.1646
-0.2622
-0.6236
-1.0974
-0.8727
-1.2497
-0.6302
-1.0138
-0.8223
-1.0325
-0.9423
-0.3603
-0.4844
-0.8483
-0.9877
-1.2112
-1.0653
-1.0594
-1.1314
-1.6153
-1.4784
-1.7394
-1.5769
-1.7636
-1.6049
-1.6251
-1.6668
-1.9464
-1.8191
-1.8510
-1.4762
-1.9087
-1.9310
-2.1484
-1.7647
-2.1977
-2.1277
-1.8700
-2.0196
-1.9164
-1.8685
-1.9823
-2.0180
-2.0874
-2.3847
-2.2558
-1.9272
-1.9409
-1.6545
-1.8629
-1.5254
-1.8123
-1.6951
-1.5710
-1.5971
-1.1430
-1.1713
-1.0128
-0.8502
-1.1130
-0.8519
-0.9523
-0.7367
-0.6993
-0.6277
-0.2601
-0.1756
-0.4948
-0.5632
-0.1302
-0.4000
-0.2663
-0.0489
0.1766
0.2653
0.4262
0.5335
0.9690
0.5975
0.7739
0.7849
0.9283
1.1077
1.3925
2.1884
2.0214
2.3940
3.1855
3.1100
3.9130
3.9602
4.4717
4.8261
4.9554
5.1686
5.4073
5.6994
5.9206
6.3985
6.7892
6.6084
7.4371
8.0103
8.5511
9.4355
9.8634
10.6067
10.2876
11.5563
11.6602
11.3851
12.6111
11.8170
12.7729
12.8404
12.0084
12.2033
12.7356
11.6478
11.8783
11.0279
10.4226
10.6295
10.3494
9.7905
9.9480
9.0035
8.7301
7.4437
7.2792
7.0636
7.2706
6.9558
6.8258
6.8797
6.1612
6.9583
6.8471
6.1195
6.3984
5.7607
6.3556
5.9404
6.7697
6.3105
6.3246
6.3878
6.1803
6.8932
6.0036
5.5092
6.5737
5.8909
6.2095
5.6728
5.3450
5.6133
5.5493
5.3112
5.0097
4.7479
5.5626
6.6795
5.7514
5.7022
5.1068
5.3051
5.3589
5.7450
5.2937
5.4157
5.6001
5.0705
5.4852
5.1629
5.2590
4.9424
5.5121
5.2638
4.5748
4.6538
4.5737
4.5679
4.8441
4.2359
4.7855
4.3335
3.8181
3.9656
4.2739
4.3636
4.1887
4.0098
4.1736
4.2999
3.9042
3.6700
3.6857
3.5548
4.0170
3.5195
3.3348
3.3786
2.9573
2.8959
3.0565
2.8840
2.8529
2.5918
3.2065
2.6205
2.4615
2.1636
1.7022
1.5720
1.5712
1.5536
2.1113
1.8251
1.9363
2.3714
2.5425
1.9323
1.9582
1.8020
1.6382
1.4007
1.3462
1.1942
0.6058
0.8881
0.9789
1.0623
0.8196
0.4545
0.5131
0.5181
0.7017
0.7180
0.7136
0.1155
-0.2073
-0.3087
0.3449
-0.1827
-0.2178
-0.5209
-0.7716
-0.5491
-1.2881
-1.2944
-1.5375
-1.7610
-1.6868
-1.9174
-2.0118
-2.0649
-1.9112
-1.7152
-2.1715
-2.3569
-2.4450
-2.5028
-2.4842
-2.7537
-2.9562
-2.4005
-2.7855
-2.5000
-3.2136
-3.2084
-3.2154
-3.6278
-3.0702
-3.1037
-2.6643
-3.0587
-2.6874
-2.3970
-2.4290
-2.6045
-1.8201
-1.8187
-2.3044
-2.4869
-2.3750
-1.6359
-1.8569
-0.1896
-1.5734
-1.1211
-1.1558
-1.0696
-0.7835
-1.4013
-1.4428
-0.0375
-0.7674
-1.0807
-1.8616
-1.0753
-0.2215
-1.0993
-0.6464
-1.2010
-1.0892
-1.1475
-0.1858
-0.7545
-0.7052
0.5390
0.4217
-0.0574
1.5255
0.4127
0.6280
1.1959
0.6376
0.7960
0.5591
0.3255
1.4895
0.3997
0.2320
0.2236
-0.0003
-0.4853
0.0471
-0.8699
-0.7681
-0.4312
0.4002
-0.5861
-0.4849
-0.5421
-0.7489
-0.5172
-0.5804
-0.7638
-0.1646
-0.5118
-0.5770
-1.0962
-0.9330
-0.6772
-1.1832
-1.1906
-1.8632
-2.0246
-1.6340
-2.0243
-1.7471
-2.2919
-2.2983
-2.1903
-2.7249
-2.7226
-2.8035
-3.0369
-2.2910
-2.5113
-2.0908
-2.5104
-2.9911
-1.8819
-1.1324
-1.6171
-1.5722
-2.5030
-2.2654
-2.0452
-2.0236
-1.8480
-2.5895
-2.2551
-2.3589
-2.2221
-2.2913
-2.5589
-2.7202
-2.5788
-2.7637
-2.7454
-2.8149
-3.0565
-3.2903
-3.2970
-3.4310
-3.5336
-3.2597
-3.7572
-3.8897
-3.9589
-3.7476
-3.9339
-3.9307
-3.8754
-3.9547
-3.8225
-3.8101
-3.6491
-3.6015
-3.3520
-3.4349
-3.6716
-3.7142
-3.6215
-3.6256
-3.5500
-3.5155
-3.3183
-3.3938
-3.2103
-3.2712
-3.2524
-3.1557
-3.1224
-2.7800
-2.8575
-2.7131
-2.4660
-2.4652
-2.2599
-2.2954
-2.0318
-1.7507
-1.8096
-1.8161
-1.7431
-1.6647
-1.4516
-1.3856
-0.9456
-1.0860
-0.8938
-0.8051
-0.6835
-0.6158
-0.4999
-0.0248
-0.3372
-0.1787
-0.1354
0.5901
0.1673
0.9460
0.6579
1.1891
1.0985
0.7660
1.0344
1.6543
2.1439
2.1042
2.4800
2.8216
2.9246
3.4370
3.3933
3.8896
3.9238
4.7931
4.4201
4.9487
4.4112
4.4205
3.9968
3.8511
3.5328
3.4365
3.2958
3.1506
3.2053
2.8539
2.7574
2.8654
2.8220
2.9253
2.8678
2.9541
3.0409
3.2353
3.6108
3.6534
3.8153
4.0455
4.2323
4.2080
4.3435
3.9067
3.7939
3.6826
3.6413
4.0405
3.9246
3.7300
3.7147
3.6507
3.5747
3.5114
3.3854
3.0185
2.8665
2.5407
3.3502
2.1526
3.0909
3.0201
3.2033
2.5536
2.5160
2.5522
3.0116
2.7207
2.5797
2.5124
2.3006
2.4654
2.2932
2.2839
2.1140
2.0265
1.4095
1.2605
0.8903
0.2080
0.1471
-0.1746
-0.5304
-0.7440
-0.5871
-0.6096
-0.9413
-1.0957
-1.3282
-1.2309
-1.4155
-1.8899
-2.2203
-2.3657
-2.8033
-2.9820
-3.2925
-3.5024
-3.4018
-3.9209
-4.1555
-4.1797
-4.4124
-4.3851
-4.5748
-4.7041
-4.8793
-4.6794
-5.1092
-5.2885
-5.3292
-5.5916
-5.7603
-5.7770
-6.0596
-6.2105
-6.2721
-6.4436
-6.2570
-6.2274
-6.4941
-6.5046
-6.6407
-6.6907
-6.6229
-6.4298
-6.6317
-6.5539
-6.8940
-6.9285
-7.0071
-6.9774
-7.0175
-6.7712
-7.0996
-6.9627
-7.3049
-7.3000
-7.1053
-7.3215
-7.3037
-7.3561
-7.1534
-7.3560
-7.0488
-7.0995
-7.1137
-7.1832
-7.0631
-7.0312
-6.8792
-6.6591
-6.8547
-6.6926
-6.8415
-6.8310
-6.9285
-7.3238
-7.5263
-7.7759
-7.9611
-8.1452
-8.2070
-8.4144
-8.2929
-8.7745
-8.9145
-9.0922
-9.2321
-9.3012
-9.2895
-9.3534
-9.0909
-9.4224
-9.4080
-9.4860
-9.2717
-9.4942
-9.3708
-9.3979
-9.2787
-9.3695
-9.1095
-9.3794
-9.2665
-9.3156
-9.0410
-9.2949
-9.1346
-9.3300
-8.9580
-9.1949
-8.9826
-8.6903
-8.8716
-8.5976
-8.8473
-8.5450
-8.7311
-8.7110
-8.5681
-8.6653
-8.5799
-8.8227
-8.6439
-8.8561
-8.7935
-8.6855
-8.6281
-8.5694
-8.5882
-8.5391
-8.4869
-8.2555
-7.9517
-7.9398
-7.9170
-7.7565
-7.6093
-7.4779
-7.4081
-7.1738
-7.3514
-7.2492
-7.1292
-7.0033
-6.8523
-6.7756
-6.6754
-6.5828
-6.3834
-6.2645
-6.1056
-6.0442
-5.9559
-5.6394
-5.7528
-5.6487
-5.5679
-5.4807
-5.3631
-5.0645
-5.1005
-5.0121
-4.8538
-4.7564
-4.6082
-4.4909
-4.3428
-4.1226
-3.9924
-3.7777
-3.6445
-3.1924
-2.9371
-2.6034
-2.1898
-1.9766
-1.4715
-0.5801
-0.9851
-0.6738
-0.6095
-0.1181
0.0105
0.2044
0.4242
1.0229
1.2500
0.9812
1.1573
1.2848
1.9062
2.3776
2.6478
2.8742
3.2515
3.5250
4.3266
4.3273
4.3551
5.1226
5.0802
5.5356
5.6947
6.4393
7.0770
6.5868
7.3389
7.0459
7.1868
7.2171
6.8113
6.8577
6.7014
6.6806
6.6452
6.8500
6.8881
7.1713
7.2098
7.5398
7.1781
7.4743
7.4867
7.3359
7.3599
6.9401
6.7911
6.9147
7.1492
7.5004
7.7472
7.5399
7.9870
8.1370
8.1518
8.5442
8.2351
8.1130
8.2466
8.0060
8.4322
8.2517
8.2915
8.3282
8.7642
8.2489
8.5661
8.4262
8.5786
8.4026
8.0693
8.3319
8.0551
8.0630
8.0961
8.1934
8.7548
8.1774
8.5986
8.4047
8.8255
8.0465
8.1736
7.5317
7.7391
6.8217
6.8246
6.7071
6.5479
6.5637
6.6838
5.9997
5.8054
5.9578
6.1743
6.3146
6.3528
6.4653
6.1863
6.1574
6.4184
6.9552
7.3982
7.2707
7.7943
8.2234
8.1988
8.8308
8.5954
8.4215
8.7750
8.6265
8.2298
8.9366
8.3033
8.6527
8.6440
7.9669
8.0634
8.2220
7.5555
8.1089
7.3487
6.9531
6.5664
7.1893
6.8518
6.7102
6.5635
6.1257
6.8805
6.0834
6.8887
6.6499
7.6574
6.7251
7.0684
6.8993
6.8668
6.6229
7.1250
6.6027
6.9851
6.4473
6.6711
5.2597
6.4929
5.0385
5.8540
5.9867
5.7560
6.0364
5.8025
5.7846
5.9781
4.9734
5.6477
5.4325
4.5404
5.2536
4.7321
4.6053
4.2521
3.3110
3.0551
2.0566
1.7819
1.1503
1.1465
1.0098
0.1474
0.6348
0.1441
0.0662
-0.1437
0.0986
-0.0880
0.2993
0.4291
0.0867
0.2227
0.1482
0.1450
0.0499
0.7743
-0.1674
0.1932
-0.3056
-0.4620
-0.2482
0.4227
0.9304
1.0865
0.9094
0.4762
0.7406
1.0962
1.4146
0.5462
0.5870
0.7833
1.0745
1.0642
0.9539
0.5029
0.2693
0.8536
0.8270
0.8924
0.8051
0.4024
0.7630
0.4844
1.0542
0.7936
1.5568
1.4173
1.3465
1.0415
1.4561
1.7663
1.7647
1.6701
1.7917
1.5714
1.7039
1.5204
1.7573
2.2979
1.4982
1.7052
1.7400
1.6997
1.9426
2.0194
2.4312
2.4726
2.4415
2.2306
1.6320
2.0680
1.0291
1.2791
1.0658
1.0785
1.0302
1.3086
1.5224
0.9546
1.5648
0.8222
0.4775
0.1628
-0.0970
0.1244
0.2322
-0.1850
-0.2451
-0.0401
-0.6442
-0.7952
-1.1734
-1.8181
-2.0497
-2.1428
-1.9853
-1.9403
-2.1385
-2.5508
-2.0928
-2.4853
-2.3270
-2.2637
-2.5069
-2.3472
-2.1278
-2.1284
-2.2718
-2.5689
-2.7036
-2.5562
-2.3598
-2.8259
-2.7214
-2.6448
-2.1661
-2.3631
-2.4998
-2.6470
-2.9320
-2.6405
-2.8180
-2.5261
-3.0071
-2.6004
-2.4652
-2.6291
-2.5242
-2.6979
-2.5040
-2.8642
-2.3770
-2.8159
-2.7762
-2.6999
-3.4289
-3.2960
-3.8286
-3.7499
-3.9938
-3.6266
-4.2385
-4.0591
-4.3830
-4.3899
-4.0944
-4.4470
-4.4870
-3.9476
-4.4798
-4.5197
-4.5012
-4.6708
-4.9643
-4.8514
-4.6627
-4.9646
-4.5338
-4.5082
-4.5499
-4.4320
-4.1645
-4.1855
-4.1889
-4.2502
-3.8284
-4.0111
-3.9107
-3.8174
-4.5703
-4.6008
-5.0434
-5.0596
-4.9048
-5.3259
-5.5333
-5.5289
-5.2131
-5.5715
-5.5252
-5.1753
-5.4412
-5.2447
-5.6467
-5.7055
-5.6980
-5.3215
-5.7523
-5.8124
-5.8142
-5.8366
-5.7486
-5.1256
-5.4993
-5.5875
-5.6488
-5.1821
-5.6241
-5.5600
-5.6081
-5.5731
-5.7338
-5.6290
-5.9170
-5.9773
-5.7820
-5.5849
-5.5135
-5.7438
-5.7627
-5.7209
-5.2931
-5.6026
-5.3945
-5.4952
-5.4661
-5.0468
-5.1742
-5.0271
-4.9270
-5.0048
-4.3458
-4.8156
-4.5516
-4.6939
-4.0659
-4.0295
-3.7691
-3.6236
-3.4926
-3.4736
-2.7611
-2.3229
-1.7936
-1.6691
-1.4231
-1.5258
-1.2441
-1.2816
-0.5787
-1.0016
-0.8923
-0.3432
0.1447
-0.2127
-0.0388
-0.1800
-0.0598
0.0000
-0.2297
-0.5932
-0.3943
-0.2856
-0.4160
-0.4466
-0.5330
-0.0048
-0.3235
-0.1512
-0.1930
-0.2891
-0.4299
-0.2020
-0.1857
-0.2524
-0.4057
0.0945
-0.0530
-0.2919
-0.1778
-0.1983
-0.1685
0.4431
-0.3539
-0.4905
-0.4740
-0.3911
-0.4370
-0.3198
-0.0320
-0.3805
-0.2485
0.1234
-0.2269
-0.1796
-0.2221
-0.2080
-0.1051
-0.0994
-0.0098
-0.0115
0.0565
0.1089
0.2357
0.4577
0.5491
0.8777
0.5943
0.5253
0.4174
0.2298
0.0723
-0.1568
-0.3272
-0.2997
-0.6447
-0.7459
-0.8639
-0.8408
-0.9755
-0.9761
-1.0946
-1.1103
-1.0947
-0.9271
-1.1307
-1.1369
-1.0327
-1.0148
-0.9437
-0.9923
-0.9996
-1.0154
-1.0093
-1.0424
-1.0337
-1.1059
-1.1261
-1.1778
-1.1807
-1.0147
-1.1142
-1.2038
-1.1302
-1.2704
-1.2666
-1.3058
-1.0577
-1.3310
-1.3478
-1.4241
-1.4520
-1.4196
-1.4610
-1.4764
-1.4815
-1.5312
-1.4483
-1.3868
-1.5849
-1.7083
-1.5098
-1.6895
-1.5626
-1.6120
-1.5452
-1.7006
-1.7161
-1.7318
-1.7213
-1.6709
-1.4856
-1.6728
-1.7066
-1.7042
-1.6529
-1.5394
-1.4795
-1.4559
-1.5050
-1.5350
-1.5178
-1.2072
-1.4070
-1.2862
-1.3213
-1.2639
-1.2856
-1.2926
-1.1103
-1.2901
-1.1899
-1.1966
-1.1389
-1.1712
-1.1087
-1.0534
-0.7538
-0.8604
-0.8218
-0.7899
-0.8356
-0.8105
-0.8049
-0.5505
-0.7466
-0.6970
-0.6901
-0.5595
-0.6121
-0.5392
-0.6702
-0.5024
-0.7659
-0.7778
-0.8774
-0.9267
-0.8650
-1.1384
-1.1811
-1.1663
-1.1283
-1.0103
-0.9107
-0.5886
-0.8180
-0.8092
-0.8564
-0.6225
-0.7816
-0.7318
-0.7754
-0.7412
-0.8047
-0.7509
-0.6975
-0.6067
-0.4011
-0.3402
-0.1804
-0.2421
-0.2179
-0.2609
-0.0838
-0.3517
-0.3953
-0.5041
-0.5727
-0.6891
-0.6718
-0.7703
-0.7496
-0.6223
-0.8079
-0.7290
-0.7225
-0.6596
-0.7685
-0.8230
-0.9722
-1.0523
-1.1480
-1.2229
-1.2321
-1.3558
-1.3973
-1.5269
-1.3844
-1.6448
-1.7600
-1.8894
-2.0106
-2.1143
-2.1875
-2.2593
-2.1286
-2.3879
-2.4631
-2.5275
-2.5354
-2.6345
-2.7001
-2.8772
-3.0507
-3.2010
-3.3448
-3.4322
-3.4805
-3.5093
-3.5213
-3.4683
-3.5382
-3.5657
-3.6674
-3.5487
-3.7573
-3.8947
-3.9745
-4.1296
-4.2238
-4.3173
-4.3843
-4.4000
-4.4408
-4.2259
-4.5200
-4.5035
-4.6770
-4.7384
-4.9247
-5.0110
-5.1002
-5.1632
-5.2450
-5.2957
-5.3784
-5.4429
-5.2358
-5.5693
-5.5944
-5.8081
-5.8946
-6.0407
-6.1564
-6.1029
-6.4230
-6.4650
-6.5929
-6.6653
-6.8152
-6.9482
-7.0321
-6.9893
-7.2689
-7.3286
-7.1993
-7.0554
-6.6692
-6.3094
-5.9151
-5.4286
-5.1517
-4.8091
-4.2984
-4.1263
-3.2835
-3.3067
-2.3107
-2.7142
-2.0157
-2.2404
-1.6735
-1.0629
-0.8224
-0.1044
0.0586
-0.8920
-0.0991
0.5861
0.8878
1.2534
0.1272
0.8450
1.2890
0.6142
1.3976
0.9883
0.4352
1.2101
2.0345
1.6373
3.0966
2.7691
3.7692
3.7394
4.3289
5.7314
6.2515
5.0832
5.1972
5.2802
4.8623
5.4419
4.8793
4.1701
4.8590
4.1429
4.1604
4.0769
4.1275
4.7418
4.1148
3.6029
3.2678
4.3570
4.4343
4.6170
4.2907
4.4996
3.9418
4.0216
3.7516
3.7849
3.7005
3.4536
3.6552
3.4428
3.5203
3.1605
3.0957
2.7193
2.5577
2.7808
3.2477
2.9316
3.1947
2.9733
3.1300
2.8717
3.0452
2.5182
2.1678
1.6350
2.4230
2.3723
2.5498
2.9865
3.0163
2.9126
2.7914
3.1040
2.7781
2.4778
2.4847
2.5145
3.2150
3.3919
3.9497
3.8338
4.0697
4.7325
4.5262
4.9355
4.2995
4.5793
4.6444
5.2620
4.4595
4.7370
4.9559
5.3337
4.9627
4.8038
5.2179
4.8865
5.5105
4.4008
5.4523
6.1784
6.3435
6.1926
5.4290
5.3658
6.0228
5.8628
5.6392
5.8474
5.9065
5.6827
5.8450
5.7716
5.8381
6.3994
6.4878
6.9111
6.6617
7.3242
6.7535
6.3545
6.4317
6.4264
6.5263
6.1959
6.3855
6.7562
6.1839
6.9457
6.9021
6.7349
7.1783
7.4049
6.7532
7.1393
6.9739
6.8787
6.6388
6.7728
6.4896
6.1412
6.8965
5.9650
6.4786
5.9983
6.2709
6.1100
6.4186
6.9464
5.9246
6.3140
5.4280
5.8540
5.5634
5.4200
5.3669
5.3471
5.5582
5.3208
5.5192
5.2157
5.1117
5.4749
5.1086
4.7929
4.7757
4.4467
4.4088
4.1597
4.2594
4.0456
3.4833
3.5399
3.1982
2.9557
2.8219
2.4380
2.2825
2.0231
1.8967
1.6313
1.2115
0.9842
1.2317
0.6975
0.2846
0.4911
0.4958
0.4461
0.1807
-0.0226
0.0122
-0.0615
-0.2105
-0.1649
-0.1591
-0.2150
0.0244
-0.2923
-0.3037
-0.2948
-0.0952
-0.2395
-0.2596
-0.2107
-0.0592
-0.1648
-0.2235
-0.1890
-0.2798
-0.3284
-0.1561
-0.3872
-0.2690
-0.2667
-0.1338
-0.1791
-0.1470
-0.1460
-0.1454
-0.1296
0.3380
0.0330
0.1441
0.4142
-0.2620
-0.1023
-0.0333
-0.2214
0.2333
-0.3246
-0.5742
-0.0393
-0.4947
-0.6410
-0.4696
-0.7184
-0.7247
-0.7263
-0.0436
-0.4104
-0.2258
0.1853
0.5310
0.5669
1.1816
0.7910
0.8382
1.0094
0.7482
0.1395
0.3043
-0.1769
-0.5761
-0.5492
-0.8481
-0.9302
-0.9460
-1.1849
-1.1253
-0.9708
-1.2743
-1.3962
-1.6539
-1.8247
-1.8348
-2.3002
-2.5785
-2.7033
-2.7770
-2.9160
-2.5913
-3.0700
-3.5575
-3.7384
-3.4570
-4.1870
-3.5823
-4.0605
-4.3589
-4.0065
-4.2187
-4.0673
-4.3070
-3.7654
-4.5341
-4.4404
-4.4780
-3.8345
-3.3611
-2.5525
-3.4355
-3.8134
-3.6839
-3.4575
-2.3441
-3.0096
-2.9579
-3.8200
-2.9765
-2.8634
-3.4006
-3.3184
-3.6945
-3.3206
-3.9103
-3.2266
-3.7346
-3.2626
-3.6718
-3.9705
-4.1017
-4.1710
-4.1717
-3.7941
-4.1986
-4.1339
-4.0640
-4.2631
-4.3130
-3.7795
-3.8980
-3.9156
-3.9583
-4.0788
-3.7704
-3.6598
-3.9195
-3.7653
-3.3972
-3.3985
-4.0059
-3.7057
-4.5558
-4.3832
-4.7854
-4.9460
-5.0913
-5.2086
-5.2740
-5.5561
-5.7278
-5.3553
-5.5365
-5.3287
-5.3647
-5.4848
-4.7999
-4.7310
-4.9816
-5.1888
-5.3375
-5.0150
-4.6264
-4.6811
-4.5444
-4.7939
-4.4135
-4.7288
-4.5725
-4.1034
-4.3596
-4.4750
-4.2912
-4.4309
-5.3574
-4.6524
-4.9032
-4.9457
-5.3427
-5.2070
-5.5212
-4.4639
-5.5559
-5.5053
-4.9554
-5.3826
-5.2665
-5.3587
-5.1226
-5.0054
-4.7942
-4.4752
-4.6373
-4.5906
-4.6382
-4.5813
-4.4834
-4.7435
-4.3915
-4.4944
-4.0289
-4.1377
-3.8542
-4.0795
-3.5046
-3.6341
-3.5004
-3.5011
-3.2070
-3.2016
-3.6093
-3.3536
-3.0717
-2.6743
-2.9046
-2.2181
-2.4352
-1.9332
-2.1316
-1.6630
-1.7618
-1.7508
-1.4605
-0.8679
-1.0076
-1.0058
-1.2141
-1.3808
-1.0885
-1.1251
-0.6675
-0.9526
-0.6338
-1.0303
-0.6276
-0.8723
-0.6648
-0.7507
-0.7501
-0.7964
-0.7411
-0.6289
-0.5668
-0.3965
-0.4880
-0.3921
-0.5593
-0.5529
-0.4079
-0.6087
-0.5766
-0.5539
-0.4639
-0.4748
-0.3978
-0.1114
-0.2505
-0.1366
-0.1044
0.0186
0.1356
0.3575
0.4492
0.6045
0.6550
1.1326
0.8468
0.9198
1.0884
1.1422
1.2708
1.3394
1.5778
1.7206
1.9739
1.9817
2.0738
2.0392
2.2434
2.0708
2.1101
2.1584
2.1833
2.2288
2.3650
2.4090
2.5021
2.4911
2.5541
2.6620
2.8390
3.1284
3.0559
3.0974
3.1772
3.2908
3.3457
3.4345
3.4583
3.5125
3.5008
3.5426
3.6755
3.6865
3.7934
3.6775
3.9007
3.7187
3.8277
3.8766
3.9788
4.2739
4.1191
4.4972
4.2236
4.2922
4.2125
4.4075
4.2920
4.2644
4.2934
4.2350
4.1644
4.1539
4.2550
3.9862
4.1700
3.8195
3.7578
3.5621
3.4495
3.4270
3.2987
3.2222
3.2109
2.8567
2.5856
2.3617
2.0793
2.0986
1.9183
1.9338
1.6738
1.5475
1.4115
1.2915
1.2710
1.1540
1.1085
1.0265
0.8913
0.8866
0.8902
0.6023
0.4921
0.3581
0.5019
0.1785
0.1877
0.0640
0.0322
0.1115
-0.1554
-0.1782
-0.2751
-0.0492
-0.1701
-0.3715
-0.2703
-0.0811
-0.4715
-0.4984
-0.5349
-0.6243
-0.7194
-0.8384
-0.9603
-1.0873
-1.0099
-1.3172
-1.3945
-1.4637
-1.4691
-1.5437
-1.5468
-1.6583
-1.4621
-1.6127
-1.5923
-1.5114
-1.5276
-1.4991
-1.4550
-1.4273
-1.3455
-1.2892
-1.1750
-1.1381
-1.0652
-0.7617
-0.9622
-0.9085
-0.9782
-0.9879
-0.9738
-0.9528
-0.8545
-0.7702
-0.6420
-0.6211
-0.5995
-0.6473
-0.5871
-0.6404
-0.5700
-0.5804
-0.4540
-0.3116
-0.1409
-0.0232
0.0835
0.1481
0.1712
0.2210
0.2101
0.2817
0.3352
0.6405
0.4993
0.6142
0.5744
0.5963
0.6005
0.5480
0.5778
0.4914
0.6184
0.3784
0.2853
0.2695
0.2748
0.3762
0.4717
0.8158
0.6519
0.6929
0.6625
0.6570
0.6620
0.6187
0.5892
0.4658
0.4200
0.3640
0.4193
0.5364
0.8352
0.8411
0.8198
0.9620
0.7964
0.7654
0.7846
1.0017
1.1182
1.0831
1.3112
1.1956
1.5395
1.5786
2.2768
1.8863
2.0614
2.6161
2.4269
2.5963
2.8123
2.5071
3.0422
3.2781
3.5206
3.4556
3.2053
3.5660
3.4108
4.7889
4.0806
3.5285
3.0350
3.3328
3.1972
3.2172
3.4390
3.8242
3.1741
3.5894
2.9915
3.0388
3.3049
2.4702
2.1849
2.5398
2.6965
3.0512
3.1408
2.6259
2.6857
2.6013
1.9441
2.6853
2.6439
2.2500
2.6995
1.7260
1.8131
1.1523
1.6767
1.0671
0.9464
1.9302
1.1603
1.1453
1.3972
1.0276
0.7864
1.0071
0.4436
0.6918
0.1481
0.0230
-0.0751
-0.0575
0.2424
-0.4442
0.5701
0.0641
0.2723
0.2389
2.1807
0.6504
0.0560
0.2112
-0.1253
0.8318
-0.1553
0.0080
0.1992
0.4244
0.6162
1.7640
0.8327
0.9265
1.1003
0.6033
1.5371
0.6155
0.7589
0.3397
0.0757
0.2696
0.7916
0.8471
1.0093
0.1775
-0.2966
-0.5284
0.1189
0.1466
0.1956
-0.2865
0.8303
-0.3541
0.6201
1.0040
0.8384
0.5649
1.3112
0.9358
1.1287
1.1904
1.7660
2.2564
1.5598
2.0354
2.4991
2.4551
1.7604
1.7050
1.7309
2.4775
2.1500
1.8589
1.4133
1.7400
1.2540
1.0424
1.2052
0.8099
0.6009
0.4682
0.6624
0.4721
0.5120
0.8084
0.7640
0.3443
0.3588
0.2323
0.0958
0.0004
-0.0760
0.2100
-0.5413
-0.1925
-0.7476
-0.4301
-0.3120
-0.7137
-0.5213
-0.7024
-0.0723
0.0063
-0.3303
-1.1825
-0.7877
-1.3260
-1.4555
-1.4996
-1.8026
-1.3716
-1.3924
-1.0369
-0.4527
-0.7250
-0.1220
-0.3996
-0.3922
-0.1091
-0.5913
-0.3566
-0.8074
-0.9042
-0.6786
-0.8444
-0.7473
-0.5901
-0.4775
-0.1070
-0.3847
-0.0665
-0.0944
0.0791
0.1837
0.2850
0.0003
0.6378
0.1820
0.4239
0.6334
1.0470
0.5787
1.3987
0.5708
1.0188
1.5516
0.8067
1.5890
0.9974
1.8361
1.1707
1.8857
1.2383
1.5374
1.0003
1.2064
1.8165
2.0042
1.3962
1.8530
1.4776
0.9402
0.9959
0.5956
0.6978
0.2923
0.8508
0.2966
0.3329
0.4670
0.6183
0.4928
0.6392
0.3912
0.7690
0.3266
0.3167
0.4739
0.4767
0.5224
0.5616
0.7462
0.7547
0.6689
0.7099
0.7854
0.5516
0.6205
0.6063
0.5945
0.5280
0.4970
0.6792
0.5462
0.5524
0.7032
0.6419
0.3307
0.2849
0.3261
0.2952
0.4329
0.3339
0.6333
0.3250
0.5851
0.3421
0.3604
0.3178
0.3357
0.3226
0.3423
0.4160
0.3821
0.4633
0.7855
0.3128
0.2212
0.1600
0.1979
0.1585
0.1092
0.3113
-0.1974
-0.3585
-0.4849
-0.5253
-0.5632
-0.6400
-0.2350
-0.5350
-0.5682
-0.5247
-0.1822
-0.1469
-0.1657
0.0016
-0.4545
-0.1146
-0.2943
-0.2552
-0.2297
0.0059
-0.1650
-0.0855
-0.0311
-0.1526
-0.1643
-0.1032
0.1592
0.3306
0.6000
-0.0876
0.1077
0.1018
0.0260
-0.1019
-0.1304
-0.0478
-0.0850
-0.4170
-0.3933
-0.0698
-0.3809
-0.2883
-0.4262
-0.0926
-0.4273
-0.3915
-0.3970
-0.4634
-0.6026
-0.4341
-0.3637
-0.4905
-0.3973
-0.6828
-0.7204
-0.8730
-0.8854
-0.8141
-0.9015
-1.0244
-0.9939
-1.2103
-0.9515
-1.2788
-1.2152
-1.3729
-1.3421
-1.3959
-1.2244
-1.2573
-0.9119
-1.1681
-1.0516
-1.0612
-0.8818
-1.1735
-1.2524
-1.1721
-1.2160
-0.9172
-1.2051
-1.1840
-1.0239
-1.1831
-1.2203
-1.0867
-1.3263
-1.4952
-1.5347
-1.6759
-1.5883
-1.8356
-1.8513
-1.7160
-1.7848
-1.9527
-1.9023
-2.1370
-2.1852
-2.0376
-2.2486
-2.2285
-1.9401
-2.1715
-2.0821
-2.0436
-2.0855
-1.8232
-2.1523
-2.1629
-1.9244
-2.1874
-2.2124
-2.2781
-2.2374
-2.2538
-2.2839
-2.3860
-2.4330
-2.2325
-2.4785
-2.4208
-2.4933
-2.4218
-2.3077
-2.4922
-2.5567
-2.5948
-2.6290
-2.5829
-2.6192
-2.4128
-2.5336
-2.1979
-2.2314
-2.4769
-2.5560
-2.9615
-2.2664
-2.5782
-2.3506
-2.3740
-2.7030
-2.4181
-2.5565
-2.1049
-2.6704
-2.1149
-2.6450
-2.5419
-2.2190
-2.2786
-2.1463
-1.4572
-2.4116
-1.6712
-1.9078
-1.4825
-1.7358
-1.3404
-1.4093
-1.4708
-1.4114
-1.1737
-1.6627
-1.4731
-1.7421
-1.2762
-1.7078
-1.2508
-1.5314
-1.2647
-1.3665
-1.6340
-1.6112
-1.4795
-1.0597
-1.5773
-1.6374
-1.6678
-1.5193
-1.5313
-1.7594
-1.4042
-1.6325
-1.9385
-1.8509
-1.9226
-1.6325
-1.2319
-1.3793
-1.3423
-1.0174
-1.4630
-1.0738
-0.9082
-1.1082
-0.8666
-1.3250
-0.7733
-0.6763
-0.5660
-1.0539
-1.1394
-1.3736
-1.0714
-1.1592
-1.6377
-1.3323
-1.8322
-1.6949
-1.5625
-1.5459
-1.6241
-1.5283
-1.5836
-1.3371
-1.1708
-1.2291
-1.4171
-1.3711
-1.5471
-1.5771
-1.2398
-1.1951
-1.0212
-1.5266
-1.4555
-1.1896
-1.7277
-1.4502
-1.3939
-1.6838
-1.9398
-1.5176
-1.0894
-1.5925
-1.0124
-1.6525
-1.8584
-1.8415
-1.6060
-1.3123
-1.5493
-1.0292
-0.7482
-0.3584
-0.5662
-0.7169
-0.0353
-0.0583
-0.2885
-0.3577
-0.4616
-0.0744
-0.5614
-0.4699
-0.7498
-0.6228
-0.6681
-0.5493
-0.5094
-0.1732
0.1033
0.0686
0.0748
0.2808
-0.3966
-0.3604
0.0945
0.1843
0.2631
0.3618
0.6827
0.7054
1.0539
1.0696
0.9811
1.1002
1.0021
1.2415
1.7383
1.9326
2.0083
2.3177
2.6255
3.2585
3.2570
3.4845
3.6060
3.7899
3.9162
4.0401
4.0561
3.9089
3.9542
4.1658
3.8463
3.8320
3.7744
3.7237
3.3455
3.5135
3.2210
3.3167
3.0162
2.6058
2.3905
2.4173
2.3319
2.3125
2.0688
2.1732
2.2927
1.8621
2.2431
1.9727
2.2203
1.8526
1.9852
1.1543
1.1900
0.7355
0.8900
0.2560
0.4388
0.0661
-0.2383
-0.2348
-0.3905
0.1860
-0.0939
-0.4659
-0.2933
-0.5614
0.3961
-0.6730
-0.4760
-1.1828
-1.0302
-0.7703
-1.0589
-1.0265
-1.0631
-1.1173
-0.3046
0.1929
-0.5119
-1.1726
-1.5411
-1.7624
-1.6601
-1.2681
-2.0249
-1.6647
-2.0725
-2.2186
-2.3042
-2.1760
-2.2422
-2.5053
-2.7191
-3.0977
-3.0752
-2.8728
-2.7456
-2.6938
-2.7385
-3.0680
-3.5392
-2.4834
-2.8811
-2.0880
-2.4458
-2.6995
-2.6944
-2.3122
-2.3140
-2.2241
-2.2917
-1.8027
-2.2579
-2.1179
-2.5488
-2.2712
-2.3578
-2.5300
-2.2432
-2.0809
-2.4009
-1.8805
-1.6353
-1.8121
-1.4480
-1.8917
-1.6957
-1.5241
-0.9985
-1.0930
-0.7578
-0.4537
-0.8701
-0.8164
-0.3332
-0.6931
-0.6997
-0.6250
-0.5745
-0.3853
-0.3469
-0.4889
0.4003
0.6315
1.7207
0.9794
0.6993
0.1780
-0.3643
-0.4512
-0.0214
-0.4768
-1.3111
-1.6507
-1.9872
-1.8518
-1.8819
-2.2192
-2.3269
-2.3151
-2.4707
-2.5531
-2.7396
-2.9317
-3.1208
-3.0879
-2.9939
-3.0886
-2.9097
-2.8008
-2.7098
-2.4373
-3.0228
-2.8564
-2.8294
-2.9944
-2.4478
-3.0062
-2.9995
-3.0658
-2.9956
-3.1148
-2.9291
-3.1191
-3.2473
-3.2430
-3.1714
-3.1270
-3.0204
-2.9373
-2.7977
-2.8967
-3.3543
-3.3152
-3.4383
-3.3175
-3.3688
-2.9469
-3.1395
-2.8057
-2.7409
-2.8802
-2.8016
-2.6972
-2.7627
-2.4587
-2.6481
-2.4311
-1.9804
-2.5618
-2.6005
-2.5556
-2.3845
-2.6307
-2.4032
-2.6131
-2.3823
-2.6407
-2.7680
-2.7942
-2.8765
-2.6246
-2.4484
-2.6645
-2.4138
-2.4781
-1.7103
-2.1197
-2.0577
-1.4991
-1.5562
-0.8442
-1.2588
-0.1423
-0.2036
-0.8170
-0.5720
-0.5918
-0.2268
-0.6265
-0.6437
-0.5615
-0.8597
-0.8148
-0.6751
-0.5756
0.0320
-0.2845
0.3795
0.2504
0.2717
0.8156
0.4661
0.3269
1.2894
1.2594
0.6982
1.7570
1.3178
0.8460
0.9454
1.2684
1.3726
1.6228
1.7055
2.1361
2.1139
2.1784
1.9131
2.2225
1.6305
2.8684
2.0094
2.9550
2.2440
2.7856
3.4155
3.0427
3.4474
2.9779
3.5614
3.1449
3.7422
3.3471
3.5976
3.4417
3.7222
3.4492
3.5802
4.2493
4.1745
4.1577
4.0919
4.7581
4.6793
5.3420
4.8130
5.5872
5.7659
5.6941
5.8171
7.0472
5.8838
6.6930
5.8844
6.1964
5.7596
6.1740
6.7773
6.5087
6.9554
7.1503
7.1482
7.1756
7.8497
7.8986
8.1265
8.7676
7.8247
8.2973
8.4866
8.3339
7.8511
7.7856
7.5977
6.7246
6.8618
6.0012
6.1008
6.3066
5.9384
5.8172
5.6046
5.9421
6.1158
5.9767
5.6957
5.8221
5.6654
5.6453
5.4540
5.1878
5.0806
4.7198
4.8769
4.6643
4.7112
4.7109
4.5819
4.7533
4.6014
4.3718
4.3544
4.3871
4.3506
4.4103
4.3752
4.3694
4.4034
4.2985
4.3467
4.2492
4.6688
4.5038
4.6978
4.4725
4.3369
4.1494
3.9396
4.0077
3.5304
3.3682
3.3188
3.0823
2.8494
2.9344
2.4241
2.3747
1.8170
1.5252
1.9000
1.1141
1.0521
0.6705
0.4682
0.3195
0.1820
0.1345
-0.3384
-0.4285
-0.3077
-0.7692
-1.1448
-1.5390
-2.2407
-2.6383
-3.4691
-3.8884
-3.3016
-4.4145
-4.4547
-4.5473
-4.2374
-4.3810
-4.5138
-4.5562
-4.5076
-4.6666
-4.7186
-4.9028
-5.0237
-5.2118
-5.1277
-5.4201
-5.3265
-5.5618
-5.4213
-5.4338
-5.1191
-5.0291
-5.0761
-4.9937
-5.1192
-5.1098
-5.8467
-5.4803
-6.6217
-5.9153
-6.0307
-6.0255
-6.3263
-6.1571
-6.4167
-6.8181
-6.6610
-6.3768
-6.6732
-6.7177
-6.7611
-6.6781
-6.3858
-6.7854
-6.5978
-6.4741
-5.9581
-5.9857
-6.1816
-6.6340
-6.2595
-5.9167
-5.6318
-5.6932
-5.2529
-5.9768
-6.1155
-6.5728
-6.3345
-6.6293
-6.9077
-7.3467
-6.9131
-7.6121
-7.5200
-7.7057
-7.4789
-7.9343
-7.9688
-8.0108
-7.7812
-7.8654
-7.7293
-7.4110
-7.5132
-7.3688
-7.1597
-6.6114
-6.8191
-6.8795
-6.5759
-6.8220
-6.7655
-6.6678
-6.5399
-6.3829
-6.3748
-6.3233
-6.3030
-6.1756
-5.9620
-5.7213
-5.4190
-5.1796
-4.9911
-4.9677
-4.7469
-5.0365
-5.1109
-5.2240
-5.3071
-5.3897
-5.1378
-5.2478
-5.1277
-5.0942
-5.0590
-4.9042
-4.9436
-4.7145
-4.4038
-4.1965
-4.7692
-4.6130
-4.0495
-4.2881
-4.1680
-3.9579
-3.6762
-3.9667
-3.9058
-3.8115
-3.7075
-3.5566
-3.3257
-3.1812
-2.6272
-2.2643
-2.2547
-1.9028
-1.5711
-1.6730
-1.2268
-1.2774
-0.7061
-0.6763
-0.3018
0.1652
0.7643
1.1548
1.1823
1.4800
1.4142
1.8157
2.3909
2.9591
3.2909
3.7705
4.3324
4.2770
5.1811
4.7802
5.5979
5.1965
5.3203
5.5857
5.8318
6.8187
6.2408
6.1067
6.5545
6.8078
7.1379
6.9163
7.1877
7.3021
7.2470
7.2922
7.3417
7.5455
7.9379
7.7426
8.4025
7.9960
8.9281
8.4435
8.6138
9.0098
9.2152
8.6867
9.2834
8.3776
8.7796
9.0617
9.0260
8.9158
8.6682
9.3576
9.4147
8.9114
8.9129
8.5514
8.3214
8.2108
7.9884
8.7253
8.3330
8.0198
7.7463
7.4273
7.1165
7.0590
7.2434
6.8639
6.5770
7.0535
6.4482
6.3551
6.5323
6.6185
6.1383
6.4854
6.6471
7.2837
7.3551
7.6428
7.5112
7.5470
7.6119
7.5946
7.5596
6.8650
7.2627
6.6912
6.5490
6.3169
6.4693
6.0101
6.0361
6.2494
6.6698
6.0782
6.3448
6.9912
6.6238
6.5215
6.6047
7.3426
6.4226
7.0459
6.5297
6.5453
6.3308
6.2238
5.9454
5.6531
5.1943
5.9437
5.6356
5.1299
5.0466
4.8651
5.3702
5.1099
5.1795
3.8424
4.0323
3.0536
2.6941
2.8396
3.0254
2.7775
2.6344
2.5002
2.5325
2.2260
2.5055
2.4660
2.4255
2.1850
1.9948
2.3153
1.9691
2.5436
2.5056
2.4489
2.3818
2.2621
2.0744
1.1474
1.6104
0.8507
1.3698
0.5742
0.7517
0.8358
0.4264
0.4555
0.8936
0.6833
0.6429
0.5853
0.0519
0.1227
-0.0060
-0.2948
-0.0350
-0.1377
0.2057
-0.2865
-0.4037
-0.5401
-0.5256
-0.5767
-0.5041
-0.6593
-0.4813
-0.9148
-0.9831
-1.1235
-1.2155
-1.2791
-1.4364
-1.5673
-1.7247
-1.8026
-2.0277
-2.1744
-2.2817
-2.6320
-2.8228
-2.9114
-2.9930
-2.9363
-2.7837
-2.9527
-3.0746
-3.1142
-3.2068
-3.2607
-3.2366
-3.2598
-3.2227
-3.2470
-3.0896
-3.0470
-3.2185
-3.2123
-3.2088
-3.2566
-3.2686
-3.1841
-3.1629
-2.8985
-2.9051
-2.4490
-2.3861
-2.5167
-2.3409
-2.4982
-2.5609
-2.4497
-2.8622
-2.2801
-2.9011
-2.4399
-2.5943
-2.3714
-2.8657
-3.1035
-2.5989
-2.5741
-3.1099
-2.1873
-2.2147
-2.1691
-2.5743
-2.1309
-2.7716
-2.9270
-2.8628
-2.8746
-2.5957
-2.1057
-2.2254
-2.0648
-1.7524
-1.0305
-0.7116
-0.5968
-0.3074
-0.4128
-0.7244
-0.1864
-1.0459
-0.8303
-1.4507
-1.1777
-1.9368
-1.7909
-1.5645
-1.7317
-2.0262
-2.3766
-2.5687
-2.3615
-2.5900
-3.2418
-3.3211
-2.6374
-2.6199
-3.4629
-2.9475
-2.9770
-2.1998
-2.3759
-2.8895
-3.1434
-2.5798
-2.8805
-1.9449
-2.7182
-2.4472
-1.6811
-2.5540
-2.3621
-2.2999
-2.9369
-3.0489
-3.7781
-3.9612
-3.9490
-4.2613
-4.5576
-4.5643
-4.3421
-4.5298
-4.2714
-4.1195
-4.1191
-3.7235
-3.8318
-4.1671
-3.5976
-3.5306
-3.3987
-3.2955
-3.1220
-2.7501
-2.7579
-2.7456
-2.5152
-2.5972
-2.3235
-2.4652
-2.0550
-2.1450
-2.1219
-2.0793
-1.5443
-2.0028
-2.0373
-2.1417
-2.2319
-1.7384
-2.1998
-2.1075
-2.1699
-2.1528
-2.0849
-1.9075
-1.6968
-1.6895
-1.5810
-0.9777
-1.6074
-1.3395
-1.2745
-1.4165
-1.4439
-1.3960
-1.0953
-0.9424
-0.8200
-0.4199
0.1366
0.1529
0.5968
0.5186
0.7085
1.2898
1.1817
0.8696
1.1071
0.8975
1.1879
0.9365
0.8722
0.7049
0.8909
0.6153
0.7106
0.6988
0.9264
0.8047
1.3621
1.0670
1.8016
1.5280
1.7347
2.0899
2.3695
2.7437
2.8610
3.0726
3.1047
3.2085
3.5011
3.6838
3.7710
4.3758
4.2156
4.1886
4.7331
4.3255
4.4750
4.6313
4.7818
4.6420
4.8787
5.1478
5.0061
5.0397
4.9075
4.9327
4.9073
5.1239
5.2497
5.2545
4.9541
5.1492
5.5507
5.1826
5.6206
5.5903
5.7039
6.1848
5.8807
6.3873
6.7252
6.7996
6.7400
6.7362
7.1587
6.9290
7.0365
7.2585
7.4835
7.4361
7.4879
7.9587
7.6233
7.7534
7.8135
7.5864
7.6080
7.3184
7.4701
7.2182
6.9599
7.0843
6.7320
5.9886
5.4242
4.8816
4.4910
4.2394
3.6957
4.1765
3.4939
3.6481
3.4543
3.2027
3.3230
3.4625
3.1741
3.0770
2.5147
2.1144
1.4891
1.4632
1.2424
0.8347
0.6290
0.6195
0.1570
0.1638
0.3435
-0.1689
-0.0067
-0.2387
-0.2319
-0.2571
-0.7047
-0.9194
-0.9933
-1.3582
-1.3520
-1.8751
-2.0512
-2.2886
-2.2333
-2.4106
-2.3880
-2.2450
-2.5593
-3.0090
-2.7897
-3.5228
-3.3868
-4.0278
-4.4135
-4.7241
-4.5321
-4.9269
-5.0612
-4.9653
-5.1483
-5.3133
-5.1438
-5.3567
-4.7435
-5.3681
-5.5103
-5.5971
-5.9081
-5.9647
-5.9334
-5.3562
-6.0449
-5.5014
-5.4287
-5.4082
-5.1393
-4.8898
-5.5693
-5.3065
-5.1899
-5.1123
-5.0241
-4.4092
-4.6111
-4.2973
-4.7773
-4.6970
-5.0357
-4.9253
-5.0456
-4.8271
-4.5576
-5.0275
-4.9420
-5.3019
-5.6081
-6.2807
-6.5606
-7.1225
-7.6108
-7.1679
-7.8530
-7.5528
-8.1295
-8.0748
-8.4489
-8.3069
-8.4282
-8.2945
-8.6092
-8.3768
-8.8176
-8.7789
-8.7685
-8.5257
-8.6511
-8.4210
-8.3554
-8.1303
-8.2826
-8.0956
-8.1710
-8.2318
-8.2724
-8.3056
-8.2828
-8.2113
-8.1978
-8.1419
-8.0931
-7.9473
-7.7108
-7.7232
-7.7627
-7.6288
-7.6021
-7.4575
-6.9355
-7.1822
-7.1080
-7.0168
-6.7594
-6.8796
-6.6834
-6.6071
-6.4036
-6.3619
-5.9747
-5.8590
-5.6555
-5.5508
-5.5014
-5.4392
-5.2254
-5.1847
-4.9932
-4.6913
-4.7175
-4.4155
-4.4630
-4.3418
-4.1906
-3.7426
-3.7997
-3.5379
-3.4315
-3.2116
-2.8703
-2.8149
-2.7259
-2.5048
-2.3990
-2.1507
-1.9292
-1.6648
-1.4866
-1.2711
-1.0993
-0.8984
-0.7129
-0.5345
-0.1398
-0.1704
0.0304
0.1849
0.3583
0.6278
0.7852
1.0760
1.2370
1.5104
1.7782
2.0626
2.3257
2.5931
2.7957
2.9955
3.1357
3.3721
3.4738
3.8658
3.7410
3.8817
4.0261
4.1497
4.3178
4.4575
4.6587
4.7981
4.9852
5.3515
5.7502
6.1670
6.3814
7.1792
6.5870
7.0413
7.1485
7.9482
8.1832
8.2402
8.2588
8.0755
8.6062
8.4477
8.3675
8.5306
8.4133
8.4174
8.3981
8.4067
8.3071
7.7329
7.8968
7.4115
7.9255
7.1088
6.8364
6.4799
6.7176
6.2845
6.5960
6.4952
6.2450
6.6219
7.4673
7.3918
7.3153
7.5129
8.1594
8.6004
10.4846
10.8754
10.6261
10.5822
10.5246
10.8035
11.1510
10.8767
10.9724
11.0171
11.1179
11.1189
10.9021
11.3144
11.0622
11.7214
11.4416
11.5868
10.6960
11.2205
10.0533
9.7971
9.6517
9.8329
9.5799
9.9034
9.5030
9.8863
9.9743
10.1442
9.0179
9.1761
8.8374
9.0129
9.6404
9.1023
9.1768
8.8186
8.7797
8.9201
8.4503
8.2202
8.4791
7.7890
8.2392
7.3958
7.3124
7.2162
7.0698
7.5851
6.8188
7.2043
7.0996
7.0413
7.1866
6.7639
6.7419
6.4869
6.4572
5.9446
5.6771
6.0465
5.2372
5.4481
4.4827
4.9952
4.3555
4.4458
4.8073
4.1426
4.1141
4.7846
4.2041
4.3336
3.9608
3.7745
4.2680
3.6533
3.2624
2.9566
2.6586
2.7313
2.4375
2.6530
2.5440
2.5531
2.5670
2.4391
2.5193
2.7354
2.8983
2.5070
2.8710
3.2488
3.1878
2.9627
2.9182
2.8846
3.1478
2.8887
2.8926
2.9287
2.9311
2.5252
2.7593
2.7621
2.8785
2.7322
2.9279
2.5771
2.5099
2.3909
2.1879
1.8379
2.1465
2.6153
2.3826
2.1564
2.4173
2.9526
2.9044
3.0171
3.3876
3.4363
3.3919
3.2822
3.9367
3.8407
3.9727
4.0011
3.5562
4.4189
3.9668
4.4424
4.6321
3.8074
4.5798
3.4356
4.1827
3.3624
3.5409
3.7741
3.6711
3.5994
3.8466
4.0382
4.2999
3.8150
3.2446
3.0563
3.0132
3.2224
2.6892
2.4642
2.3150
3.4136
2.3987
2.7684
2.3364
2.2132
2.1721
1.6949
1.9892
1.3893
1.3321
1.8027
1.2939
2.7587
2.1263
1.8751
2.1653
2.6432
4.6535
3.6489
3.0741
3.6137
3.6075
3.1702
3.7081
2.7613
2.9930
2.4670
3.4808
2.1595
1.9583
2.1347
1.6508
1.7345
0.7508
1.1516
0.5758
0.1997
0.4099
-0.2838
-0.3267
-0.4399
-0.8370
-0.7651
-1.0331
-1.3027
-1.5381
-1.8378
-1.9856
-2.2795
-2.6124
-2.3080
-3.1923
-3.6193
-3.7346
-3.9327
-3.9145
-3.8351
-4.0115
-4.3091
-3.6411
-4.3695
-4.6319
-4.6209
-4.5870
-5.2384
-4.8706
-5.3816
-5.5744
-5.1029
-6.3338
-5.4977
-6.3525
-6.3322
-6.1574
-6.7148
-6.5091
-6.7478
-6.3093
-6.3709
-6.2028
-5.9697
-5.6263
-5.9861
-5.5060
-5.2528
-4.8500
-5.1146
-4.9176
-5.3702
-4.8188
-5.4247
-5.4986
-5.9013
-5.9770
-5.7636
-5.5321
-5.8447
-5.6773
-5.5842
-5.8625
-5.7554
-5.7181
-5.2604
-5.3510
-5.3776
-4.6718
-5.0251
-4.7218
-4.7803
-4.7325
-4.6483
-4.1523
-4.4273
-4.0049
-4.1297
-3.5021
-3.2107
-3.1659
-3.2511
-3.2809
-3.2578
-3.1054
-3.1187
-3.1340
-3.0174
-2.7237
-3.0353
-2.8962
-2.7496
-2.9946
-2.7136
-2.7939
-2.7338
-2.5351
-2.0826
-2.5023
-2.4357
-2.5041
-1.9393
-2.1170
-1.4602
-1.3115
-1.1474
-0.9157
-0.6129
-0.5357
-0.6062
-0.3607
-0.3369
-0.0391
0.0332
-0.0172
0.0465
-0.0360
0.2618
0.5149
0.5871
0.6708
1.0485
1.2318
1.2643
1.9294
1.1760
1.4082
1.4156
2.0713
1.7183
1.4535
1.3925
1.6278
1.6619
1.6794
1.7788
1.8563
1.9003
1.6893
1.9220
2.2701
2.4290
2.5025
2.3032
2.6385
2.6584
2.9377
