0.3435
0.4352
0.3983
0.4284
0.7046
0.5088
0.6244
0.4428
0.5207
0.4089
0.2168
0.4663
0.2787
0.0484
0.0344
-0.5222
-0.7587
-0.8691
-0.6222
-0.7892
-0.8769
-0.9751
-1.4348
-1.4067
-1.3320
-1.3371
-1.3331
-1.4183
-1.0539
-1.2644
-0.8325
-0.5988
-0.9499
-0.5433
-0.4731
-0.4198
-0.3540
-0.5477
-0.2000
-0.6836
-0.2600
-0.5707
-0.6578
-0.7023
-0.6913
-0.9806
-1.0517
-0.9693
-1.3858
-1.2892
-1.2822
-1.4369
-1.0520
-1.8737
-1.9153
-2.0410
-1.9506
-1.9679
-1.7484
-1.7634
-1.7915
-1.9104
-1.9319
-2.1325
-2.4860
-2.6602
-2.7251
-2.7382
-2.9421
-3.2132
-3.0479
-3.4617
-3.3740
-3.6180
-3.8138
-3.6581
-3.6104
-3.8712
-3.5116
-3.4137
-3.6148
-3.9248
-3.6820
-3.7966
-3.7395
-3.7054
-3.6062
-3.9034
-3.9145
-3.8140
-3.8549
-3.6036
-3.9749
-3.6019
-4.1074
-4.0443
-3.9582
-3.8071
-3.5707
-3.8339
-3.7659
-3.8900
-3.8869
-3.2985
-3.6907
-3.8069
-3.9012
-3.6434
-3.8287
-4.0498
-4.1432
-3.8824
-3.9259
-3.8555
-3.7642
-3.4280
-4.1044
-4.1376
-4.0313
-4.2422
-3.9168
-4.2506
-4.4049
-4.2863
-4.2937
-4.0322
-4.4826
-4.1574
-4.0445
-4.0784
-4.3129
-4.4625
-4.5407
-4.5931
-4.7116
-4.8594
-5.0857
-5.2260
-5.3758
-5.2495
-5.5822
-5.6415
-5.7263
-5.7736
-5.7387
-5.6074
-5.7943
-5.8355
-5.8585
-5.8105
-5.8013
-5.8122
-5.6278
-5.8679
-5.8314
-5.8500
-5.8059
-5.8745
-5.8306
-5.8573
-5.4863
-5.7282
-5.5851
-5.7254
-5.7107
-5.5787
-5.7555
-5.7017
-5.7527
-5.7960
-5.9312
-6.0492
-6.0941
-6.2049
-6.2179
-6.0591
-6.1608
-5.9995
-6.1612
-6.2155
-6.2307
-6.2035
-6.2464
-6.2586
-6.1952
-6.2678
-6.2407
-6.1865
-6.3565
-6.4450
-6.4292
-6.3275
-6.5673
-6.6158
-6.7171
-6.6620
-6.7908
-6.7362
-6.6444
-6.8492
-6.8605
-6.8201
-6.6453
-6.8012
-6.8596
-6.8938
-6.9399
-6.8903
-6.9257
-6.8742
-6.7650
-7.0330
-7.0194
-7.0990
-7.0296
-6.8671
-7.0102
-7.0309
-7.0275
-7.0454
-6.8991
-6.8795
-6.6855
-6.7051
-6.5553
-6.3236
-6.3221
-6.2782
-5.9304
-6.1172
-6.0414
-5.9579
-5.8272
-5.7254
-5.5614
-5.4814
-5.2565
-5.1617
-4.7226
-4.8977
-4.8589
-4.8875
-4.9239
-4.8784
-4.6472
-4.7753
-4.6116
-4.5177
-4.3382
-4.1938
-4.0616
-3.5576
-3.7095
-3.4905
-3.4148
-3.1524
-2.6626
-2.4954
-1.9288
-1.4567
-0.2796
-0.1385
1.1674
1.2962
1.2122
2.2168
1.9401
1.9869
2.0267
1.4832
1.2866
0.7875
0.6900
0.6383
0.3493
-0.0109
-0.2180
-0.4255
0.1295
-0.2441
-0.6029
-0.9942
-0.6051
-1.0276
-1.2423
-1.2015
-1.5025
-1.6933
-1.4168
-1.8919
-2.2876
-2.3937
-2.4551
-2.6814
-2.5804
-2.6127
-2.8541
-3.1781
-2.7804
-3.2558
-3.3112
-3.2729
-3.6477
-3.7954
-3.4280
-3.7488
-3.9968
-3.9425
-3.7302
-3.9258
-4.0738
-4.1856
-4.2252
-4.0372
-4.1991
-4.2900
-4.2599
-4.1110
-4.0833
-4.1749
-4.2332
-4.1539
-4.1966
-4.0551
-3.6559
-3.8046
-3.3100
-3.7326
-3.6115
-3.6381
-3.4755
-3.6192
-3.5149
-3.4447
-3.3272
-3.4231
-2.9770
-2.6734
-2.6804
-2.5095
-1.9244
-2.1655
-1.9879
-2.1562
-2.2240
-2.0011
-1.9591
-2.0363
-1.7862
-1.6139
-1.7528
-1.2313
-0.6684
-0.4189
-0.2878
0.2299
0.6740
0.6031
0.9953
1.0366
1.6129
1.6380
2.3600
2.2784
2.7864
3.0589
3.1562
3.7737
3.6655
4.2364
4.7399
5.2782
5.8718
5.9784
7.0742
7.7849
8.4161
9.2966
9.9522
11.2233
11.2549
12.3871
12.6209
14.0297
14.2888
14.3025
15.3373
15.4714
16.6020
16.3439
16.6587
16.4751
16.2985
15.8581
15.7463
15.5026
15.0264
14.6552
14.1632
14.1346
13.4630
12.8022
12.0203
11.7464
10.9871
10.3309
9.9804
9.7400
9.4446
9.6922
9.1392
9.1710
8.4269
8.5134
8.3236
8.4943
8.4782
8.7463
8.4748
8.6918
8.6573
8.3595
8.0617
8.5617
8.3625
8.1077
8.3310
7.6256
7.5295
7.8534
7.5650
7.8205
7.6795
7.5931
6.9894
7.3422
6.9367
6.7676
6.1019
6.3855
5.8877
5.8363
5.3433
5.7816
5.8920
5.8531
5.6905
5.7862
5.5786
6.0330
5.8133
5.1004
4.8502
5.0052
5.4248
5.4576
5.0190
4.6758
5.1027
4.7895
4.9704
4.9840
5.4328
5.1335
5.3685
5.5737
5.3932
5.3901
5.2554
5.0718
5.1275
4.7773
4.8607
4.9851
4.6483
4.6463
4.3909
4.0284
4.1206
3.7620
3.8655
3.5808
3.1940
2.7358
2.8150
2.4497
2.2504
1.8593
1.7744
2.3205
1.8777
1.9553
2.4000
2.1546
2.0168
2.3938
2.9374
3.0658
3.6471
3.5106
3.2900
3.5298
3.7226
3.0717
3.1708
3.3869
3.8878
3.3187
3.3912
3.7348
3.8319
5.0706
3.9703
4.9053
5.0199
5.0814
6.1795
6.3771
5.6314
5.6948
6.0329
7.3527
6.4267
6.9876
7.4371
7.3864
8.5918
8.7308
7.8790
9.9239
8.9445
9.4890
9.0106
8.9906
9.5337
9.2170
11.4086
9.3161
9.4394
10.1167
10.0495
9.5842
9.7293
9.4493
9.3354
8.7777
9.3608
9.2997
10.0246
9.5368
9.7614
10.2182
10.0016
11.5019
11.7964
12.0840
12.4761
13.0537
12.4802
12.5380
12.0989
11.8147
11.6542
11.4404
11.1777
10.9402
10.4646
10.2204
9.5910
9.6718
9.2770
9.2190
8.9151
8.3863
7.9441
7.5714
7.0091
6.5413
6.4467
6.3970
5.4138
5.3213
4.6386
5.0210
4.1339
4.1489
4.1414
3.6468
3.4571
3.7359
3.5581
3.7833
3.4422
3.1966
2.8978
2.7084
2.5264
2.5480
1.9625
1.6677
1.9122
1.4602
1.6764
1.2629
1.2787
1.2381
1.0302
0.6733
0.6417
0.2956
-0.0993
-0.3680
-0.4897
-0.5021
-0.7495
-0.9564
-0.8009
-0.8515
-1.3448
-1.6610
-1.7794
-2.0829
-2.2561
-2.3299
-2.8076
-2.4242
-2.9456
-2.9954
-3.5040
-3.0902
-3.6986
-3.9029
-3.6092
-4.1861
-4.2734
-4.4404
-4.4063
-4.2601
-4.5573
-4.6685
-4.7701
-4.7294
-4.8983
-4.8412
-4.9561
-4.8201
-5.0174
-4.8424
-5.2241
-5.2784
-5.3044
-5.3521
-5.3182
-5.2340
-5.4229
-5.5248
-5.5560
-5.6293
-5.7492
-5.6482
-6.0143
-6.0804
-6.1054
-6.2117
-6.1198
-6.4930
-6.6266
-6.7173
-6.8496
-6.9215
-6.9991
-6.9778
-6.8776
-6.8673
-6.5903
-6.7694
-6.7849
-6.5148
-6.7827
-6.7575
-6.7506
-6.6841
-6.6355
-6.4690
-6.4827
-6.2262
-6.3855
-6.4285
-6.1146
-6.3931
-6.3415
-6.3251
-6.1501
-6.1135
-5.8937
-5.8580
-5.6445
-5.2496
-5.2480
-5.0444
-4.9524
-4.7287
-4.6813
-4.4518
-4.4026
-4.2182
-4.1410
-3.8092
-3.9094
-3.7559
-3.5962
-3.4270
-3.2743
-3.0236
-2.9351
-2.7320
-2.6508
-2.4686
-2.2328
-2.0335
-1.5857
-1.1441
-0.6524
-0.4331
-0.1230
0.3608
-0.1521
0.1813
0.3071
0.9077
0.7772
0.7221
1.4386
1.2101
1.2633
1.5705
1.6488
2.3269
2.0876
2.1230
1.8049
2.2661
1.9363
2.2380
2.3183
2.1260
2.1203
2.5499
2.8073
2.5456
3.4702
3.0233
2.8410
2.3859
2.5657
2.5190
3.2456
3.1033
3.4925
4.0312
4.0356
3.8384
4.2253
4.1402
4.2350
4.2727
4.2403
4.5656
4.5007
4.7100
4.2265
3.9608
4.1097
3.7883
3.8349
3.3840
3.2060
3.2248
2.8400
3.0095
2.7647
2.9995
2.8957
2.7829
2.7509
2.7975
2.4390
2.3062
2.4978
2.1578
2.5387
2.2963
2.0885
2.0296
1.9264
1.9808
1.5227
1.0916
0.8289
0.5444
0.0557
0.0950
-0.5782
-0.6879
-0.8484
-1.3109
-1.6269
-1.8000
-1.3682
-1.8712
-2.4992
-3.1596
-3.5986
-3.6990
-4.1665
-4.4327
-4.9688
-4.8936
-4.8211
-5.1580
-5.0455
-5.6028
-5.9860
-6.3329
-6.5220
-6.7501
-6.7688
-7.1593
-7.3718
-7.1903
-7.4615
-7.7245
-7.9064
-7.8804
-8.1871
-8.1655
-8.3961
-8.6304
-8.6744
-8.9111
-9.0221
-8.9652
-9.1358
-9.2450
-9.5494
-9.6511
-9.6257
-9.7694
-9.7333
-9.7987
-9.8410
-9.7321
-9.9243
-9.6288
-10.0305
-9.8724
-9.9167
-10.2494
-10.1049
-10.4214
-10.2360
-10.4361
-10.3511
-10.3863
-10.3670
-10.2516
-10.4070
-10.4362
-10.4047
-10.4124
-10.4008
-10.3417
-10.4113
-10.4524
-10.5544
-10.6293
-10.7153
-10.8137
-10.8879
-10.9997
-10.8837
-11.1668
-11.3689
-11.5181
-11.7830
-11.7385
-12.0856
-12.1173
-12.2252
-12.2661
-12.4020
-12.5082
-12.6170
-12.7054
-12.8175
-12.8688
-12.7266
-12.8597
-12.8027
-12.7917
-12.7896
-12.8732
-12.8526
-12.8672
-12.6406
-12.7866
-12.7341
-12.6730
-12.6850
-12.4843
-12.6639
-12.6291
-12.5429
-12.5094
-12.4527
-12.3314
-12.2588
-12.2303
-12.2684
-12.3569
-12.3578
-12.3607
-12.1172
-12.2861
-12.2422
-12.0321
-12.2661
-12.2686
-12.3258
-12.3037
-12.2919
-12.2156
-12.1225
-12.0201
-11.8338
-11.7845
-11.6468
-11.6275
-11.5139
-11.2989
-11.2190
-11.0591
-11.0475
-10.7808
-10.8879
-10.8409
-10.7246
-10.6692
-10.5410
-10.4372
-10.3048
-9.9959
-10.0901
-9.9657
-9.8457
-9.7024
-9.5399
-9.4796
-9.3627
-9.3215
-9.2069
-9.0640
-8.9568
-8.8305
-8.7290
-8.5330
-8.4501
-8.2446
-8.1581
-7.7296
-7.7461
-7.5192
-7.3065
-6.8473
-6.6290
-6.3166
-5.8482
-5.5509
-5.1104
-4.7154
-4.2925
-3.8615
-3.5750
-3.2561
-2.8865
-2.8645
-2.6620
-2.2570
-2.2219
-1.9739
-1.6822
-1.4020
-1.0797
-0.5927
-0.4349
0.3552
0.5064
0.6694
1.0373
1.8819
1.9684
2.3904
2.4686
2.9779
3.5827
3.4372
3.8000
3.7680
4.5412
4.3896
4.5862
4.9554
4.4799
5.0885
5.1194
4.8205
4.9996
4.9116
5.1762
5.1453
5.3741
5.4692
5.3615
6.1099
5.9838
6.4211
6.5799
6.4859
6.4208
6.7962
6.7913
7.4619
6.8715
7.5860
8.2266
7.9088
7.9123
8.1115
7.6557
7.9653
8.0763
8.6384
8.7658
8.9653
9.6053
8.7304
9.1073
8.8089
9.0389
9.9516
9.2967
9.8156
9.9956
10.0261
9.9917
11.2470
10.3873
10.4250
10.5149
10.9347
10.7701
10.6955
10.8123
10.3994
10.6144
10.2539
10.5934
9.9116
10.5238
9.4641
9.4364
9.1421
9.0526
9.5482
9.3984
10.0499
10.2345
10.8674
11.0221
10.5735
10.8539
12.2529
11.8275
13.0630
13.3647
12.8734
14.5608
14.4652
15.3672
14.9644
14.7462
14.4301
14.3015
15.4468
15.4988
15.4093
15.5613
15.5518
14.7609
14.3564
14.1475
14.0370
13.5439
13.4084
13.0942
13.6185
13.0258
12.9594
12.8093
11.9579
12.1456
11.3443
11.4462
11.0564
11.2744
11.0471
11.1138
10.9154
10.8360
11.1589
10.9792
11.2415
10.9560
11.3710
10.8313
12.0769
11.6145
12.0413
11.4568
12.2463
11.5687
12.3623
12.2688
13.3679
12.5189
12.9650
12.5455
13.3568
13.3458
13.6211
13.3714
13.7429
12.6028
12.5071
12.0020
11.7972
10.8323
11.2068
10.6565
12.1791
11.6250
11.9002
11.5322
10.9105
10.7033
10.4826
11.0765
10.4652
10.8022
10.4220
10.7032
9.9304
9.6888
9.0601
8.5736
7.9501
7.8971
7.6705
7.4299
6.8453
7.3780
7.4794
6.9431
6.7692
6.5786
6.0018
5.8108
5.8492
5.4947
4.8290
5.0935
4.6908
4.3657
3.9367
4.2888
3.3870
3.5680
3.3834
3.0857
3.4372
3.4614
3.6923
2.9159
3.1970
2.7273
2.9851
2.6135
2.7914
2.7052
3.4269
2.9745
3.1117
3.1265
3.1281
2.8690
2.7484
2.5593
2.4195
2.7412
2.7725
3.3358
3.7804
3.0969
2.8350
2.7226
2.9911
3.2211
2.7092
2.7519
3.3884
3.4093
3.2132
2.1359
2.1165
1.6244
1.6654
1.2639
1.1917
1.1637
0.8910
1.2678
0.5085
1.0305
0.3536
0.3533
0.7244
0.1718
0.2206
-0.2184
-0.3151
-0.0480
-0.2805
-0.5446
-1.1225
-0.7015
-1.3544
-1.5753
-2.0134
-2.2084
-2.6043
-2.6329
-2.8593
-2.5761
-2.9761
-3.2403
-3.2408
-3.5384
-3.5772
-3.4440
-3.4881
-3.2594
-3.4496
-3.2977
-3.3620
-3.8402
-3.6093
-3.3536
-3.6245
-3.5267
-3.4797
-3.4592
-3.6010
-3.6395
-3.5183
-3.8843
-3.8733
-3.8291
-3.2460
-3.2843
-3.8521
-3.9731
-3.8550
-3.9463
-3.7981
-3.3853
-3.6252
-3.5826
-3.1436
-3.5387
-3.7572
-3.9953
-4.1259
-4.1413
-4.6078
-4.5837
-4.4652
-4.9421
-4.9412
-4.4503
-4.9241
-5.0647
-4.9878
-5.3138
-5.2414
-4.7675
-5.1224
-4.9964
-5.1428
-5.1498
-5.1021
-5.2580
-4.7875
-5.0930
-5.0641
-5.2773
-5.3196
-5.4603
-5.2866
-5.3994
-4.9010
-5.2825
-4.8346
-5.2399
-5.1452
-5.6392
-5.9080
-6.1374
-5.8443
-6.2429
-6.0359
-5.8571
-5.3985
-5.4093
-5.6715
-5.9067
-5.6106
-5.4328
-6.1809
-6.1120
-6.7245
-6.6507
-6.4935
-6.3972
-6.5763
-6.5845
-6.4346
-6.6630
-6.3792
-6.2977
-5.6862
-5.7106
-6.0559
-6.3357
-6.3766
-6.8699
-6.6933
-6.6517
-6.8148
-6.6799
-6.8157
-6.3344
-6.5993
-6.5626
-6.1837
-6.4754
-6.4188
-6.6689
-5.7846
-6.0815
-6.2527
-5.4934
-6.1022
-5.4865
-4.9874
-5.6135
-5.6803
-5.3062
-5.5147
-5.2115
-4.8312
-4.5226
-4.6234
-4.7359
-4.4731
-4.0349
-4.3297
-3.9227
-3.5971
-3.4771
-3.3611
-2.7956
-2.9004
-2.9936
-2.4362
-2.2783
-2.2874
-1.1864
-1.9529
-1.4571
-1.1471
-1.1877
-1.1705
-1.0042
-1.7415
-1.0980
-0.9212
-0.1809
-0.5508
-0.6030
-0.3301
-0.5353
0.1117
-0.8140
-0.8255
-0.9126
0.0300
-0.7280
-0.1613
-0.6273
-0.3578
-0.6635
-0.4826
-0.0907
-0.1008
0.2877
0.3393
0.4967
0.0085
0.3030
0.4432
-0.0390
-0.1288
-0.3060
0.0791
0.3201
-0.1709
0.2649
-0.1651
-0.1226
-0.2068
-0.3532
-0.6531
-0.8689
-0.5557
-1.4009
-1.8692
-2.3899
-2.1831
-2.3132
-2.5755
-2.5636
-2.6869
-3.1576
-3.3602
-3.2713
-3.4064
-3.6701
-3.6796
-3.9667
-3.9864
-4.2175
-4.3476
-4.1835
-4.3476
-4.5286
-4.6486
-4.6128
-4.6725
-4.4656
-4.6256
-4.6342
-4.4018
-4.6322
-4.5556
-4.6214
-4.5896
-4.6900
-4.6610
-4.4885
-4.6385
-4.7053
-4.7047
-4.6875
-4.7165
-4.6734
-4.7150
-4.7130
-4.5185
-4.7246
-4.7705
-4.7673
-4.8556
-4.8754
-4.8678
-4.9125
-4.9139
-5.0067
-5.0073
-4.8147
-4.9716
-5.0170
-5.0097
-5.0545
-4.9523
-4.9891
-4.9090
-5.0037
-4.9996
-4.8386
-5.0622
-5.0558
-5.0752
-5.0511
-5.0912
-5.0398
-5.1219
-5.1358
-5.2430
-5.2380
-5.2417
-4.9829
-5.2067
-5.1622
-5.1659
-5.0233
-5.0446
-4.9618
-5.0440
-5.0195
-5.0004
-4.9417
-4.9089
-4.8566
-4.6632
-4.8440
-4.8222
-4.7953
-4.7558
-4.6595
-4.6418
-4.5593
-4.5634
-4.5497
-4.5289
-4.5151
-4.2923
-4.4298
-4.4002
-4.2661
-4.2857
-4.2030
-4.2285
-4.2062
-4.1754
-4.2399
-4.2758
-4.3355
-4.1600
-4.3757
-4.4176
-4.4524
-4.4250
-4.4862
-4.4693
-4.5252
-4.5483
-4.5235
-4.5723
-4.5601
-4.5480
-4.3072
-4.4387
-4.3368
-4.3398
-4.3032
-4.3616
-4.3429
-4.2692
-4.2298
-4.1437
-4.1530
-4.1256
-4.1413
-4.1215
-4.0266
-3.8406
-4.0062
-4.0903
-4.1319
-4.1706
-4.1788
-4.2248
-4.2158
-4.3017
-4.1332
-4.3100
-4.3787
-4.3451
-4.4739
-4.5038
-4.5756
-4.5996
-4.6680
-4.6969
-4.7972
-4.7886
-4.9152
-4.9345
-4.8672
-5.1149
-5.1931
-5.2409
-5.3544
-5.4161
-5.5494
-5.6393
-5.7406
-5.8384
-5.6307
-5.9884
-6.0009
-6.1995
-6.2356
-6.3646
-6.4205
-6.5161
-6.5760
-6.6453
-6.6687
-6.6101
-6.8884
-7.0271
-7.0972
-7.1290
-7.2249
-7.2937
-7.3808
-7.4150
-7.4691
-7.4731
-7.4725
-7.5473
-7.4257
-7.7980
-7.8897
-7.7083
-8.0096
-8.0307
-8.1703
-8.2051
-8.3070
-8.3855
-8.4785
-8.5514
-8.5615
-8.6424
-8.5862
-8.5671
-8.8121
-9.0053
-9.1004
-9.1416
-9.2478
-9.0772
-9.3330
-9.4334
-9.5185
-9.6474
-9.6205
-9.5870
-9.4417
-9.3080
-9.2226
-8.7050
-8.4109
-8.8356
-8.3760
-7.9508
-7.2221
-7.2480
-6.2545
-5.6066
-4.0068
-3.1597
-1.9192
0.7270
1.7109
3.1644
3.9905
4.5599
6.7102
7.3776
7.6980
7.7043
8.2288
8.6567
8.4549
10.6184
10.2208
10.5423
10.8300
9.4599
9.0401
9.3183
9.4823
9.3213
8.7292
8.3678
8.2429
8.2948
8.0115
8.1296
8.8071
8.6393
8.3611
8.9035
8.4648
8.6382
8.2545
8.3953
8.2883
8.2279
7.9664
7.6304
7.8120
7.1100
6.9704
6.5777
6.7469
6.1729
6.2500
5.7229
5.2486
4.9237
4.5520
4.1081
4.3522
4.2505
4.0450
4.1661
4.0934
3.6208
3.4726
3.6435
3.3685
4.3337
3.8630
3.6857
3.9026
3.4503
3.9113
3.7003
3.9508
3.9767
3.8202
3.9864
3.7644
3.5776
3.3933
3.3467
3.5989
3.5842
3.6356
4.1227
3.9298
3.9118
3.9591
3.9455
3.7076
3.6343
3.4172
3.9083
4.0388
4.2683
4.0961
4.3590
3.7498
4.0633
4.1297
4.2042
4.2101
4.5085
4.5011
4.8243
5.0632
5.1290
5.2534
5.2430
5.1013
5.2258
5.4931
5.7148
5.6434
5.9755
6.1269
6.6378
6.7175
6.7556
7.2630
7.5656
7.7266
7.9587
7.9632
8.3916
8.6412
8.4899
8.4344
8.6837
8.6465
9.0291
9.1851
9.2270
8.9698
8.7462
8.2995
8.3261
7.5225
7.5442
6.9999
7.5993
7.5807
7.1808
7.6044
7.4181
6.8509
6.6845
6.7291
5.8996
6.2094
6.2019
6.3873
6.6275
6.2042
6.3509
6.9916
6.3650
6.3267
6.1807
6.4365
6.5043
6.2170
6.4434
6.1567
6.1287
5.7684
6.0836
5.5293
5.5018
5.5739
5.3780
5.4197
5.4783
5.2241
5.2221
5.3306
5.5167
5.3118
5.2660
5.3392
5.2111
5.2343
5.3469
5.4729
5.4740
5.4829
5.3067
5.9369
4.6087
5.1401
4.7112
4.0094
4.6011
3.9681
3.9701
3.5825
3.7433
3.3737
3.3870
2.7171
2.6409
2.5529
2.8275
3.8305
2.5957
2.3529
2.6587
3.3197
2.2556
2.3591
2.4538
1.5233
2.2336
3.1501
2.5518
3.0322
2.6293
2.1450
2.6456
1.9209
2.1911
2.1682
2.2432
3.0413
3.3310
3.7797
3.8445
3.1840
3.3276
3.1530
3.4587
2.8863
3.5866
3.8063
3.7644
3.4328
3.4998
4.0373
4.0054
4.3041
3.7952
4.2287
4.6744
5.3619
4.2764
4.3537
5.3941
4.7917
5.5476
4.5718
5.1369
5.2841
4.8534
4.9286
5.2506
5.1116
5.8637
4.7032
4.8184
5.3847
5.5782
6.3736
6.3647
6.2701
6.7648
7.4040
7.3322
8.0167
8.2446
7.5879
8.1392
7.7718
7.7650
7.9537
8.0966
6.9827
7.0679
6.5532
6.5360
6.1658
5.7122
5.8224
5.4461
6.4403
5.4251
5.2660
5.0286
4.6043
4.5903
4.5994
4.9946
3.8757
3.2147
2.9228
3.1468
2.7733
2.1218
2.0609
1.4919
1.6852
0.5577
0.7482
1.0026
0.2263
-0.3245
-0.0327
0.0400
-0.0934
-0.3469
-0.6125
0.0743
-0.2017
0.1764
-0.6289
0.1380
0.3048
0.5522
0.0090
0.1260
-0.1580
0.3314
1.6494
-0.3824
0.0280
-0.4065
0.1839
0.0432
0.1302
0.0227
-0.5150
-0.9345
-1.0289
-0.9217
-1.2743
-0.6226
-1.6046
-1.5978
-1.5805
-1.3789
-1.2448
-1.5369
-1.4690
-1.3147
-1.3036
-1.6590
-1.7269
-2.0580
-2.1634
-2.2258
-1.9950
-2.0054
-1.8677
-2.1610
-2.4700
-2.9577
-3.1694
-2.9690
-3.3513
-3.5709
-3.6456
-4.1485
-4.4088
-4.4129
-4.6032
-4.2015
-4.4587
-4.1642
-4.5399
-4.5082
-4.3833
-4.3599
-4.6894
-4.7000
-4.9868
-4.5222
-4.9298
-4.8215
-4.8693
-4.8709
-4.7850
-4.8617
-4.8660
-4.2298
-4.7753
-4.7379
-4.8166
-4.9633
-5.4939
-5.4491
-5.8445
-6.1165
-5.7853
-6.2491
-6.1765
-6.5395
-6.6755
-6.5833
-6.8367
-6.7184
-6.3329
-6.8974
-6.7910
-6.7433
-6.7082
-6.7176
-6.8127
-6.8813
-6.8386
-6.7891
-6.6669
-6.7778
-6.9032
-6.8521
-6.5105
-6.6796
-6.5687
-6.3752
-6.5120
-6.4461
-6.3964
-5.9396
-6.0669
-6.2139
-6.1271
-6.1024
-6.0321
-5.9775
-5.8840
-5.7774
-5.6714
-5.5542
-5.4605
-5.1668
-5.3125
-5.2539
-5.2137
-5.1602
-5.1105
-5.0626
-5.0228
-4.9936
-4.9533
-4.8402
-4.8166
-4.7438
-4.7680
-4.7466
-4.7030
-4.6700
-4.6301
-4.5959
-4.5669
-4.5351
-4.5069
-4.4711
-4.4468
-4.3867
-4.3730
-4.3149
-4.3451
-4.3320
-4.1559
-4.3445
-4.3269
-4.2975
-4.2476
-4.1935
-4.1268
-4.0728
-4.0136
-3.9571
-3.8905
-3.8113
-3.7224
-3.6205
-3.5131
-3.4011
-3.2898
-3.1816
-3.0759
-2.9726
-2.8676
-2.7606
-2.6465
-2.5292
-2.4028
-2.2700
-2.1431
-2.0171
-1.9352
-1.8599
-1.8235
-1.7727
-1.7292
-1.6748
-1.6265
-1.5718
-1.5206
-1.3683
-1.3454
-1.2225
-1.2410
-1.1641
-1.0994
-1.0202
-0.9408
-0.8545
-0.7319
-0.6411
-0.5082
-0.4681
-0.3968
-0.3807
-0.3419
-0.3167
-0.2888
-0.2589
-0.2211
-0.1754
0.0743
-0.0662
-0.0104
0.0531
0.1030
0.1578
0.2129
0.2690
0.3404
0.3743
0.4100
0.3957
0.3878
0.3632
0.3469
0.3336
0.3227
0.3173
0.2943
0.3370
0.2190
0.1620
-0.0380
-0.1595
-0.2797
-0.3952
-0.5056
-0.6137
-0.7235
-0.8396
-0.9700
-1.1163
-1.2783
-1.4513
-1.5899
-1.7592
-1.8671
-2.0522
-2.1718
-2.3277
-2.4209
-2.5305
-2.6074
-2.7251
-2.6138
-2.9333
-3.0185
-3.1086
-3.1851
-3.2639
-3.3457
-3.4201
-3.5045
-3.5778
-3.6671
-3.7343
-3.7199
-3.7933
-3.7830
-3.8800
-3.9138
-3.9495
-3.9711
-4.0172
-4.0326
-4.1169
-4.1643
-4.2394
-4.2790
-4.3351
-4.4035
-4.4968
-4.6083
-4.7199
-4.8355
-4.9376
-5.0285
-5.1053
-5.1595
-5.1971
-5.2131
-5.2133
-5.1992
-5.1726
-5.1372
-5.0937
-5.0487
-5.0018
-4.9582
-4.9137
-4.8713
-4.8271
-4.7853
-4.7447
-4.7068
-4.6709
-4.4351
-4.5222
-4.5285
-4.4569
-4.4993
-4.4568
-4.4088
-4.3623
-4.3258
-4.2958
-4.2588
-4.2176
-4.1373
-4.0760
-3.9693
-3.9044
-3.7910
-3.7213
-3.5851
-3.5199
-3.3903
-3.3624
-3.2849
-3.2586
-3.2093
-3.1747
-2.9356
-3.1088
-2.9862
-3.0267
-2.9805
-3.0981
-3.0879
-3.1180
-3.0965
-3.1497
-3.1592
-3.1871
-3.1803
-3.1604
-3.1509
-3.1376
-3.1416
-3.1448
-3.1585
-3.1713
-3.1862
-3.1982
-3.2016
-3.1965
-3.1752
-3.1452
-3.0952
-3.0409
-2.9657
-2.9041
-2.8382
-2.8048
-2.7711
-2.7444
-2.6975
-2.6104
-2.5151
-2.1786
-2.2877
-2.1783
-2.0950
-1.9876
-1.8501
-1.7262
-1.5781
-1.4641
-1.3306
-1.2021
-1.0578
-0.9037
-0.6553
-0.5242
-0.3109
-0.2430
-0.1141
-0.0229
0.0486
0.1281
0.1676
0.2405
0.2665
0.3027
0.4296
0.3885
0.4785
0.4180
0.4897
0.7849
1.1977
1.4425
0.8917
0.9511
0.9201
1.3456
1.0393
1.3618
1.0997
1.3492
1.6441
2.4645
2.8680
3.4395
3.8412
3.8685
3.7378
4.7570
4.4452
4.4608
4.7971
4.6805
4.9305
4.5129
5.4372
5.2770
5.9432
5.9027
5.9272
6.6429
6.3659
7.4698
6.3155
7.1281
7.0582
6.9431
7.3636
7.4960
7.6168
7.0472
7.3359
7.3574
7.7970
7.7126
7.9022
8.1350
8.6667
8.4990
8.5979
8.9509
8.9665
9.5144
8.7071
8.5245
8.4848
8.7044
8.2611
8.5796
9.1468
8.7509
9.1738
8.6742
9.9693
9.3045
9.3262
8.8994
9.7157
9.2206
9.3566
9.1884
8.2887
7.9920
8.0201
7.4797
7.0794
7.0648
7.3721
7.2220
7.3527
6.8566
7.2965
7.2377
7.9375
7.3177
7.8870
7.2168
7.7080
7.2547
7.4879
7.8444
7.3939
7.2586
7.2637
7.6215
7.0370
6.7964
6.1361
6.2547
5.4569
5.1288
3.9702
4.1329
4.6580
4.6569
4.0758
4.4771
3.7200
4.2611
3.6378
3.1932
3.8589
3.1725
3.2928
1.9512
2.0421
2.0630
2.0158
2.1411
2.4615
2.1872
2.1270
1.5723
2.3003
1.1859
2.2521
1.2194
2.1628
1.0403
1.8752
1.3094
1.3118
-0.2051
0.1235
0.0566
0.2277
-0.0382
0.6351
0.2705
-0.4051
0.7640
0.3352
0.2502
0.8810
0.3956
0.6281
0.7642
1.0178
0.8604
0.8204
0.6094
0.1713
0.6198
0.5886
0.3432
0.6648
1.1564
0.9843
1.0110
1.0835
0.8143
1.4861
1.8956
2.0065
2.7583
2.5898
2.8081
4.5101
4.3641
4.1314
5.1593
4.3650
5.5328
5.4960
5.2529
5.3003
5.1147
5.5012
5.9005
6.3920
6.4271
6.6583
6.2969
5.7698
6.3838
6.5004
6.6352
7.0113
6.3552
6.2395
5.8163
6.0229
5.3666
5.2147
4.7656
4.2946
3.9181
3.4650
3.0894
2.6143
2.7476
2.2921
2.5441
1.5397
1.3820
1.2305
1.1895
1.1816
0.6467
0.4509
0.5741
0.1538
-0.1034
-0.4472
-0.3188
0.0695
-0.0300
0.0958
-1.0422
-1.0462
-0.5185
-0.9427
-0.6234
-1.3507
-1.0450
-1.4354
-1.2675
-1.4836
-0.8942
-1.1656
-1.3497
-1.4104
-1.3109
-1.3230
-1.5228
-1.5548
-0.8841
-1.7875
-1.9781
-1.7922
-1.8370
-1.9502
-1.5812
-1.7724
-2.0787
-1.8266
-1.8377
-2.0447
-2.2673
-1.8972
-2.4318
-2.4001
-2.3505
-2.7407
-2.7769
-2.6862
-2.7201
-2.3808
-2.7016
-2.6609
-2.5725
-2.3635
-2.5704
-2.6464
-2.4490
-2.5058
-2.5202
-2.6499
-2.7375
-1.6849
-2.2204
-2.0632
-2.3471
-2.4527
-1.5851
-2.1231
-1.5261
-2.2247
-1.6726
-2.0299
-2.1324
-1.9738
-2.1719
-1.9321
-2.2346
-2.1896
-1.8022
-1.8991
-1.2657
-1.8294
-0.5295
-2.0455
-1.4884
-1.9389
-1.4556
-1.3727
-1.6449
-1.4293
-1.7972
-1.2248
-1.2557
-1.4016
-1.5205
-1.5968
-1.9182
-1.7841
-1.9594
-1.7931
-1.3315
-1.6927
-2.2458
-2.1289
-1.6189
-1.5441
-1.6614
-1.6043
-1.0381
-1.5819
-1.1539
-1.4021
-1.0894
-1.4653
-1.3132
-1.1021
-1.0366
-1.0507
-1.6354
-1.2417
-1.4646
-1.0674
-1.4347
-1.2506
-1.5485
-1.5084
-1.3888
-1.4734
-1.6049
-1.6320
-1.3004
-1.6177
-1.8082
-1.7420
-1.9530
-1.9604
-1.8982
-1.9878
-2.3045
-1.6462
-2.0935
-1.7574
-1.7121
-1.7878
-1.6425
-1.9827
-1.5432
-1.7184
-1.7235
-1.6068
-1.6379
-1.5841
-1.7752
-1.4634
-1.6427
-1.5600
-1.5502
-1.9055
-1.1941
-1.6508
-1.6301
-1.1624
-1.8187
-1.0748
-1.6079
-1.1701
-1.4730
-1.1701
-1.1797
-1.1599
-1.0177
-1.6601
-1.2899
-1.4849
-0.7540
-0.9142
-1.2720
-0.6806
-1.3955
-1.3396
-1.2625
-1.0480
-1.5735
-1.2907
-1.1923
-1.2143
-1.0586
-1.1078
-1.1573
-1.1605
-1.0553
-1.2592
-0.9489
-1.1855
-1.2232
-1.0378
-1.2489
-1.1976
-0.8832
-1.1128
-1.0147
-1.0201
-1.1687
-1.1870
-0.9597
-1.1820
-1.2299
-1.1623
-1.4398
-1.3378
-1.5491
-1.3575
-1.5094
-1.4181
-1.6307
-1.4160
-1.5918
-1.6486
-1.6869
-1.7517
-1.8890
-2.1110
-2.0369
-1.8341
-2.0495
-1.9666
-2.1181
-2.0649
-1.8711
-1.9352
-1.9308
-1.9142
-1.7196
-1.8173
-1.7232
-1.6684
-1.5052
-1.7364
-1.6635
-1.7010
-1.4404
-1.6507
-1.6597
-1.7109
-1.6142
-1.8911
-2.0221
-2.1240
-2.2749
-2.0519
-2.3351
-2.3634
-2.5273
-2.5799
-2.3212
-2.5594
-2.5237
-2.6523
-2.6686
-2.7345
-2.4533
-2.7283
-2.7085
-2.8165
-2.6615
-2.8193
-2.8973
-2.9300
-3.0575
-3.1110
-2.8282
-3.0524
-3.0189
-3.1159
-3.0712
-2.9479
-3.0917
-3.2426
-3.2666
-3.3603
-3.0874
-3.3280
-3.2541
-3.3507
-3.3812
-3.2940
-3.1417
-3.1960
-3.2818
-3.2108
-3.2000
-3.1031
-3.0957
-3.1216
-3.0125
-3.3045
-3.3098
-3.2655
-3.2880
-3.2925
-3.1660
-3.3763
-3.2907
-3.2409
-3.0707
-3.1287
-3.0794
-2.9623
-3.1220
-2.9949
-2.6360
-2.7146
-2.6034
-2.5409
-2.4024
-2.0661
-1.9976
-1.9741
-1.7989
-1.6611
-1.7355
-1.4846
-1.1220
-0.9896
-0.9023
-0.5934
-0.2943
-0.2327
0.1387
0.1151
0.3821
0.5756
0.5075
0.6607
0.5066
0.9005
0.5768
0.6463
0.3615
0.3950
0.6227
0.2964
0.1027
0.2833
0.0739
-0.0802
-0.1143
-0.3674
-0.5253
-0.7845
-0.7447
-0.9444
-0.9351
-1.0006
-0.9944
-1.1136
-0.9812
-1.1116
-1.4744
-1.4963
-1.7265
-1.8149
-1.9008
-2.1187
-2.3956
-1.9370
-2.4663
-2.6918
-2.9085
-2.8789
-2.9605
-2.5273
-2.7878
-2.5458
-2.8257
-2.8672
-2.7814
-3.1642
-3.0878
-3.1670
-3.1458
-3.2138
-3.2294
-3.1105
-3.3237
-3.3786
-3.3862
-3.4115
-3.3354
-3.4541
-3.4997
-3.7590
-3.8982
-4.0525
-3.9654
-4.2729
-4.2824
-4.4117
-4.4265
-4.5495
-4.5849
-4.5970
-4.6637
-4.6902
-4.7465
-4.7396
-4.7092
-4.6248
-4.4305
-4.3188
-4.1295
-4.0020
-3.8646
-3.6485
-3.3462
-3.3361
-3.1577
-2.8466
-2.5559
-2.1917
-1.9023
-1.3881
-1.3104
-0.9764
-0.7387
-0.4476
-0.1843
0.1148
0.4752
0.7519
1.1994
1.3311
1.6036
1.3937
1.4159
1.1228
1.0919
0.8128
0.7690
0.4798
0.6538
0.4135
0.1691
0.0354
0.0132
0.1968
0.2130
0.2394
0.6766
1.0081
1.1145
0.7113
1.0537
0.7957
1.3289
0.8618
0.8969
0.6106
0.3609
-0.5345
-0.3646
-0.8627
-1.3726
-1.5657
-2.1492
-2.1200
-2.6882
-2.6885
-2.6780
-2.4963
-2.1882
-2.0096
-2.4435
-2.6358
-2.4650
-2.5080
-2.5297
-2.3147
-2.2040
-2.3078
-2.1522
-2.2039
-2.0957
-1.8612
-2.7831
-2.8806
-2.4588
-3.1583
-2.2525
-3.3136
-3.3095
-3.5224
-3.9565
-3.7007
-3.5181
-2.9872
-3.9157
-4.2297
-4.2936
-3.7932
-3.8582
-4.0300
-3.7724
-4.4424
-4.1380
-4.6546
-3.7378
-3.9837
-3.8382
-3.0337
-2.6984
-2.0695
-0.9251
-0.7396
-0.7306
-1.0791
-1.3330
0.1092
-0.5392
-0.2893
0.0134
-0.6411
-0.9689
-0.9766
-0.8050
-0.5549
-0.5177
-0.2047
-0.2407
-0.1319
0.4986
0.8355
1.1440
1.6927
3.1997
3.0040
3.4046
3.6309
4.5564
4.9139
5.9718
5.3221
5.8399
6.5287
6.4808
6.7664
7.0690
7.2648
8.1742
6.9647
7.8231
7.0970
7.3100
7.6748
6.9233
7.3543
7.3497
6.4294
6.4837
6.6791
6.5630
6.0616
6.2079
6.1716
6.1533
5.8327
5.5817
5.2673
6.0764
4.9888
5.2585
5.4727
5.3446
5.4609
4.9922
6.1565
5.6656
6.3807
6.4208
6.0068
6.5330
6.1264
6.3789
6.7066
6.4441
6.5800
6.5045
6.6707
7.0119
6.8350
7.0387
7.0578
6.7137
6.5597
6.9688
7.2261
6.8395
7.4454
6.8410
7.0186
7.3270
7.9851
7.9412
8.3935
8.9786
10.0573
10.0018
10.3534
10.3570
9.2922
9.0432
7.8862
8.3058
7.1210
7.3384
7.3194
6.6760
6.7400
6.9648
7.2964
7.1410
7.3871
7.0128
7.3658
7.5420
7.1941
8.7919
7.9393
8.2272
7.4933
8.0176
7.5157
8.2525
7.5501
7.6203
7.7113
7.5593
8.0079
7.0736
6.2647
6.6895
6.4618
6.9888
6.6942
5.8473
5.8383
6.0429
5.1184
5.8685
4.5881
4.3881
4.0144
4.0566
4.4713
4.6635
4.8410
4.7757
5.0445
5.0173
5.8764
5.6969
5.7110
5.6311
5.0013
4.4276
3.8896
3.7152
4.0396
3.4732
3.1558
3.1179
3.4455
3.6427
3.6039
4.0110
3.0178
2.7626
2.9654
2.0117
1.9293
1.3632
1.3271
0.8289
0.4936
0.5878
0.3094
0.4228
0.1931
-0.1105
-0.0944
0.0074
-0.3921
-0.1385
-0.6859
-0.6232
-0.3946
0.7030
0.1529
-0.1175
0.4220
0.9129
0.4493
-0.3206
0.8609
-0.0702
0.1086
-0.2843
-1.0411
-0.5525
-1.7761
-2.2217
-3.1379
-3.6566
-4.1531
-4.6793
-4.7600
-3.6866
-4.6126
-4.6962
-5.3113
-5.4767
-5.3124
-5.5341
-4.8763
-6.0855
-6.1765
-5.2105
-6.1761
-5.3062
-5.2877
-4.7675
-5.1154
-5.2636
-4.9128
-5.0249
-4.8469
-3.6756
-4.8113
-4.7936
-4.9032
-4.8672
-5.0781
-5.1196
-5.2972
-5.3715
-5.5814
-5.6876
-5.8679
-5.7434
-5.5485
-5.5710
-5.4421
-5.3971
-5.2885
-5.1456
-5.1309
-4.9001
-5.2019
-5.3599
-5.4486
-5.7815
-5.9481
-6.0648
-6.4480
-6.6210
-6.8079
-7.0221
-7.0165
-7.4501
-7.6656
-7.9347
-8.0366
-8.4718
-8.7399
-8.6524
-8.9231
-9.0174
-9.0445
-9.0833
-8.9563
-9.1865
-9.3091
-9.3053
-9.2806
-9.1102
-8.9286
-9.0344
-9.0721
-9.0055
-8.9065
-8.8137
-8.6359
-8.5999
-8.5161
-8.3291
-8.3446
-8.0557
-7.6790
-7.0836
-8.0107
-7.5508
-7.4645
-7.3556
-6.7588
-6.7396
-6.6241
-6.9338
-6.9835
-7.0049
-6.8654
-6.6792
-6.4176
-6.9089
-6.8084
-6.6269
-6.1294
-6.5857
-6.4801
-6.1103
-6.2745
-5.5287
-4.6460
-4.8806
-5.0192
-5.4635
-4.6186
-4.4614
-4.0124
-3.9629
-4.0275
-3.2968
-3.7060
-2.1806
-2.9358
-2.4126
-2.3990
-1.8534
-1.4025
-1.4891
-1.2145
-0.8034
-0.7572
-0.5188
-0.2196
0.3129
0.7843
1.4054
1.3563
1.7129
1.9148
2.4389
2.5511
3.4372
3.1123
3.4759
3.6792
4.2131
4.1037
4.4298
4.7616
5.0914
5.4128
5.3436
6.0207
5.7011
5.7789
5.8913
6.2335
6.1544
6.7125
6.5690
6.9278
7.1204
7.2031
7.3577
7.8140
7.8153
7.8822
7.9423
8.3844
8.5899
8.3563
8.9992
8.3504
8.2820
8.8128
8.3576
8.9249
8.4502
8.7332
8.4996
8.5163
8.1764
8.0806
8.4473
8.3821
8.5728
8.4778
8.0027
7.9586
7.8541
8.0221
7.4405
7.9802
7.3851
7.7423
7.8826
7.7541
8.3012
7.9443
8.1539
8.1911
8.8438
8.2379
8.6281
9.0196
9.1284
9.9666
10.1909
10.4680
10.6029
11.1703
11.1965
11.7110
11.6555
11.7572
11.3061
11.2038
10.8468
10.8865
10.5055
10.7521
9.4976
9.7650
9.0027
8.9479
9.8263
9.6666
9.4359
9.6707
9.4550
9.8551
9.4675
9.5184
9.5042
9.4853
9.2526
9.2931
8.6703
7.8712
7.7516
7.5380
6.9200
7.0901
6.6023
6.0876
5.7800
5.2874
4.8337
4.5448
4.0990
3.4529
3.3076
2.7975
2.5228
2.2173
1.9389
1.6709
1.8066
1.5199
1.6862
1.4158
1.2851
1.3058
1.2032
1.1254
1.0746
0.7591
0.5393
0.5172
0.4794
0.4370
0.8468
0.2899
0.6719
0.4325
0.3486
0.7108
-0.0586
-0.3017
-0.3628
-0.7139
-0.0787
-0.8172
-0.1944
-1.0235
-1.1456
-1.1788
-1.2385
-1.3689
-1.1169
-1.3973
-0.9499
-0.9666
-1.3765
-1.5614
-1.6285
-1.5369
-1.3146
-1.0980
-1.5488
-1.9484
-1.7994
-1.9599
-2.2358
-2.4543
-2.4904
-2.6826
-2.5598
-3.4283
-3.8521
-3.5000
-4.0306
-3.8740
-4.4297
-4.6978
-4.2781
-5.0993
-5.1480
-5.1088
-5.3506
-5.3926
-5.5692
-5.1365
-5.3678
-4.7669
-5.0920
-4.2515
-5.0204
-4.3852
-4.6972
-4.6618
-3.9321
-4.9588
-4.5216
-4.8663
-4.3745
-4.5927
-4.3438
-4.0156
-3.5692
-3.8345
-3.5452
-3.1773
-3.0750
-3.1414
-2.8194
-2.3960
-2.2698
-1.8357
-1.4937
-1.3040
-1.1322
-0.8701
-0.3975
-0.8364
-0.9109
-1.2264
-1.1709
-0.9267
-0.7864
-1.2051
-0.7901
-0.9833
-0.4865
-1.1124
-0.9115
-0.9438
-0.8416
-1.1721
-0.6657
-0.9828
-1.0875
-0.4384
-0.2463
-0.2710
-0.1704
0.2150
0.6528
0.2320
0.7438
0.6185
0.4230
0.2004
0.5873
-0.2503
-0.2231
-0.0554
-0.6018
-0.3764
-0.8953
-1.1020
-1.3855
-1.3570
-1.3893
-1.7086
-1.9724
-2.3650
-2.0184
-2.7331
-2.5056
-2.8102
-2.6930
-3.3421
-3.6798
-3.2738
-3.3391
-2.9788
-3.1520
-3.1674
-3.5226
-3.3174
-3.6691
-4.0186
-3.9938
-3.9952
-4.8049
-5.0373
-5.6201
-4.8653
-5.6137
-5.5397
-5.9130
-6.0598
-5.8472
-5.7160
-5.2589
-5.6952
-5.0755
-5.3124
-4.9976
-5.2140
-4.5309
-4.6747
-4.6362
-4.6088
-4.5413
-4.3312
-4.3547
-4.3261
-4.2128
-4.0120
-3.8032
-3.8558
-4.0190
-3.7418
-3.5792
-3.8286
-3.7571
-3.8291
-3.8577
-3.7150
-3.5512
-3.3588
-2.9953
-3.2257
-3.1371
-3.1676
-2.9752
-2.6373
-2.4987
-2.3560
-2.1207
-2.3356
-1.9724
-2.1355
-2.1190
-2.0761
-1.9027
-1.7949
-1.4903
-1.6491
-1.5172
-1.0698
-1.2170
-1.0819
-1.0813
-1.0841
-0.6757
-0.5629
-0.7569
-0.6573
-0.9499
-0.9947
-1.2103
-1.0454
-1.2974
-1.2469
-1.2332
-1.1623
-0.8331
-0.9349
-0.7204
-0.4686
-0.1793
0.3389
0.7598
0.6131
1.0449
1.1916
1.2375
1.3663
1.8356
1.9111
2.5080
2.8793
3.0714
3.1587
3.5764
3.5636
4.2929
3.7385
3.9081
4.2984
4.5889
4.2382
4.3853
4.0152
4.1966
4.0650
3.7531
3.9660
4.1847
4.2924
4.1572
4.2681
4.3805
4.3034
4.3164
4.8175
4.8917
5.1971
5.0794
4.9674
5.0544
5.0108
4.8809
4.6454
4.8369
5.0154
5.1112
5.0970
5.2724
5.3298
5.4442
5.4279
6.0210
5.3530
5.4418
5.8237
5.7885
5.9906
6.0845
5.9258
5.7534
5.4884
5.6939
4.9103
4.8955
4.4667
4.1351
3.6576
3.2764
2.7504
2.3397
2.0766
1.6179
1.5364
1.7495
1.3702
1.5965
1.2873
1.3992
0.7855
0.6953
0.7436
0.4914
0.3628
0.7616
-0.2868
-0.1399
-0.5920
-0.2489
-0.5399
-0.7672
-1.3056
-1.0516
-1.4557
-0.8397
-1.0264
-1.0271
-1.5239
-1.2997
-1.4275
-1.1216
-0.8829
-1.1025
-1.1715
-0.7003
-0.9192
-0.3766
-0.9785
-0.4571
-0.5648
-1.6548
-2.0910
-2.3309
-2.4848
-2.3131
-2.7224
-3.4837
-3.3008
-3.4209
-3.7500
-3.7530
-3.6006
-4.1869
-4.0147
-4.9807
-5.2776
-5.5829
-5.4285
-5.1481
-5.3040
-5.0335
-5.1822
-5.1913
-5.3246
-5.4315
-5.5010
-6.0475
-5.6274
-5.9713
-5.7037
-5.3695
-5.5722
-4.9985
-4.4109
-4.8480
-4.3473
-4.5917
-4.5142
-4.6461
-4.6283
-4.9792
-5.0471
-4.9443
-4.8676
-5.1040
-5.2423
-5.4299
-5.9622
-5.8006
-6.5047
-6.8699
-7.1844
-7.4198
-7.4389
-8.2145
-8.2466
-8.2769
-8.9303
-9.2303
-8.5642
-9.1663
-8.7229
-9.1870
-9.1901
-9.3061
-9.9260
-9.8725
-9.6363
-9.9231
-10.2128
-9.9339
-10.1708
-10.5064
-9.9971
-10.1962
-10.2288
-10.2653
-10.4358
-10.3828
-10.2075
-9.6553
-10.2628
-10.4374
-10.1002
-10.2242
-9.9143
-9.8760
-9.4178
-9.1921
-9.0907
-9.1010
-9.1983
-9.3230
-8.6731
-8.8307
-8.1722
-8.6304
-8.6888
-8.3001
-8.3112
-8.1339
-8.0863
-7.9224
-7.5547
-7.5450
-7.2258
-7.1911
-6.9199
-6.7602
-6.8420
-6.2696
-6.1133
-5.6872
-5.1124
-5.1254
-4.7522
-4.5708
-4.1845
-4.3916
-4.1717
-3.9649
-3.9942
-4.1198
-3.4540
-3.4101
-3.7319
-3.1871
-3.0729
-3.2731
-3.1607
-2.8544
-2.3226
-2.2116
-1.9273
-1.1556
-1.3794
-1.0237
-0.9541
-0.7037
-0.1666
-0.3341
-0.0136
0.1541
0.3311
0.7684
0.8857
1.1945
1.0231
1.2908
1.3981
1.5993
1.6757
1.9284
2.2520
2.5300
2.3907
2.8865
2.8426
3.4502
3.2831
3.4463
3.8088
4.0145
4.3078
4.4782
4.8699
5.0048
5.1650
5.6099
6.0668
6.0642
6.7199
6.8041
7.0551
7.3686
7.6080
8.1588
7.4719
7.6389
7.3909
7.3789
7.4875
8.0347
7.5028
7.5357
7.7057
8.2846
7.7874
7.3211
7.3502
7.2458
7.5137
7.4932
7.7781
8.1566
8.8533
8.7471
9.1744
9.5347
9.6580
10.1992
10.2514
10.7692
11.0869
11.1683
12.0210
11.9597
12.0554
12.5058
12.5941
12.8519
12.5030
12.4919
12.3945
12.2614
12.5153
12.2234
11.8656
12.4416
11.5477
11.6499
11.4702
11.2340
10.6997
10.7556
10.8605
11.5320
11.0951
11.2681
10.9937
10.3633
10.8761
10.3991
11.0192
10.2422
10.4850
10.4918
10.7429
10.0342
10.0205
9.7471
9.8814
9.7329
9.9531
10.0977
10.1386
9.9987
9.9739
10.0147
9.8705
9.9880
9.9473
10.0892
10.6310
9.8844
9.6904
9.1799
9.2647
8.8472
10.0369
9.0354
8.6155
8.1322
7.4442
7.3588
7.2419
6.9399
6.4782
6.8051
6.1598
6.6499
6.2906
6.1806
5.8143
5.9652
5.3413
5.0148
4.6773
4.7330
4.4984
4.1971
4.3445
4.1486
4.2948
4.0616
3.6412
3.0498
2.9516
2.6940
2.5670
3.2934
3.6176
3.6145
4.2583
4.3556
4.2186
4.1849
3.7389
4.8850
4.6294
4.2371
4.2636
4.6332
5.0633
4.4840
4.7497
4.7352
4.6370
3.9727
4.3493
4.1886
4.4939
4.6783
4.4216
3.8563
4.1366
3.8448
3.9758
4.2755
4.3737
4.3248
4.0131
4.9413
4.5505
4.7935
4.3340
5.0392
5.0491
4.9847
5.1538
5.2456
5.8494
5.7257
6.5193
5.8275
5.5339
5.8214
5.9249
5.8884
5.7225
6.0445
5.4339
5.6617
5.4730
5.7707
5.8266
6.0968
5.8899
5.7733
6.0510
6.0320
6.1490
6.3981
6.2544
5.9801
5.6547
5.9174
5.4976
6.0075
5.0887
4.7253
4.9172
4.6393
5.1198
4.4764
4.9984
4.7805
4.9340
5.8731
6.0759
6.3240
6.6600
6.9906
8.0965
7.8436
8.7648
8.0140
8.7970
8.8353
9.2517
8.5791
8.9058
8.8802
8.1679
7.9666
7.2521
7.9456
6.8734
7.1534
6.5720
5.8654
6.0237
5.4474
4.6947
4.8542
4.4734
3.8568
3.6387
3.2342
2.3382
2.2212
1.4923
1.0881
0.7644
0.0459
0.2603
-0.4520
-0.4510
-0.8183
-0.8962
-1.3766
-1.8788
-2.0370
-2.5329
-1.9083
-2.1892
-1.8273
-1.8717
-1.3253
-2.0270
-2.2452
-2.6618
-2.8503
-2.7488
-3.4317
-4.0498
-3.7287
-4.2672
-4.2467
-4.4705
-4.5398
-4.8848
-4.8238
-5.0669
-4.5722
-5.1637
-4.9313
-5.1990
-4.9106
-5.5037
-5.7731
-5.5018
-5.7581
-5.4504
-5.8529
-5.3796
-5.7613
-5.8347
-5.5641
-5.8106
-5.8154
-5.8990
-5.7624
-5.8485
-6.1026
-5.9840
-6.0464
-5.7082
-5.3230
-5.8205
-5.5683
-5.5381
-5.5807
-5.2349
-5.1182
-4.7453
-5.4625
-5.2228
-5.2279
-4.6588
-4.4623
-4.3256
-4.0093
-3.7603
-3.6210
-3.1885
-2.9636
-2.6926
-2.8324
-2.8045
-3.2460
-3.2452
-3.1703
-3.6758
-4.0105
-3.7353
-3.6632
-3.7481
-3.1484
-3.0358
-3.2330
-3.2514
-3.3093
-3.3555
-3.1097
-2.8958
-2.4848
-3.1030
-2.8231
-2.5175
-2.3954
-2.4756
-1.8506
-2.1496
-1.5047
-1.4463
-0.9633
-1.4852
-1.3225
-1.7053
-1.7544
-1.3815
-1.2480
-0.8337
-1.1336
-0.5964
-0.8311
-0.3346
-0.4668
-0.3322
-0.3208
0.2293
-0.0434
-0.3312
-0.5653
-0.6808
-0.6160
-0.4854
-0.4202
-0.3925
-0.2243
0.5107
-0.2251
0.2591
0.3860
0.0539
-0.0546
0.3374
0.1913
0.4158
0.3410
