4.0234
4.3114
4.7520
4.3425
4.3846
3.9584
3.8085
3.7493
3.7228
3.4035
3.3822
3.3539
3.1042
2.6747
2.8346
2.5098
2.5680
2.2865
2.5651
2.0698
2.0462
1.9944
1.5503
1.5519
1.6040
1.0662
1.1182
1.0600
1.4199
1.1695
1.3392
1.1385
1.2801
1.3014
1.2127
1.3516
1.3040
1.0430
1.0168
1.3779
1.2072
1.0036
1.0756
0.9655
0.9996
0.9047
1.0583
0.6201
0.8037
0.9512
0.8486
0.5928
0.5239
0.6629
0.4403
0.3604
0.4092
-0.2916
-0.1604
-0.4799
-0.1887
-0.4888
-0.4614
-0.3239
-0.1985
-0.6675
-0.6444
-1.0150
-0.9763
-1.1991
-0.8910
-1.3158
-1.1748
-1.2190
-1.0735
-1.2901
-1.1877
-1.6269
-1.4981
-1.4567
-1.6370
-1.5807
-1.2040
-1.1925
-0.6703
-1.2230
-1.0626
-1.0497
-1.1210
-1.0484
-0.8625
-1.0613
-1.2097
-1.3164
-0.9166
-1.2813
-0.7462
-0.5421
-0.7588
-0.8403
-0.4760
-0.2162
-0.4714
-0.2497
-0.0581
-0.0250
-0.4371
-0.6148
-0.6901
-0.7263
-0.7297
-0.7526
-0.4694
-0.3039
-0.3678
-0.3305
-0.4002
-0.4788
-0.6498
-0.8003
-0.7339
-0.9734
-1.0969
-1.1685
-1.2126
-1.1831
-1.3225
-1.4909
-1.5717
-1.5238
-1.4516
-1.8289
-1.5872
-1.6785
-1.8259
-1.8376
-1.6402
-1.9642
-1.9325
-1.7704
-1.7614
-1.8986
-1.5287
-1.9807
-1.5479
-2.0010
-2.0651
-2.0522
-2.1102
-2.0433
-1.9921
-1.9352
-1.9237
-1.5855
-1.9131
-2.0364
-1.9582
-1.5631
-1.9024
-1.8723
-1.4928
-1.7732
-1.8562
-1.9002
-1.8343
-1.9815
-1.8946
-1.6374
-1.9983
-1.9165
-1.9971
-1.9273
-1.8479
-1.6402
-1.6877
-1.6495
-1.8794
-2.1774
-1.9979
-1.5580
-2.0120
-2.1718
-2.2234
-2.0779
-1.9804
-2.0686
-2.0720
-2.3663
-2.4510
-1.9902
-1.9654
-2.2709
-1.9177
-2.3316
-2.2471
-2.4900
-2.2363
-2.4724
-2.3342
-2.4227
-2.3452
-2.2037
-2.1988
-2.3553
-2.3262
-2.1795
-1.9252
-2.0429
-1.9954
-1.8944
-1.8121
-1.7629
-1.8199
-1.9029
-1.7829
-2.0496
-2.0326
-2.0154
-1.9696
-1.9240
-1.9399
-1.9380
-1.9699
-2.0203
-2.0065
-1.8567
-2.0333
-2.0442
-1.9725
-1.8647
-1.8061
-1.7201
-1.7337
-1.6167
-1.5989
-1.4942
-1.5881
-1.3500
-1.5393
-1.3386
-1.2840
-1.1470
-1.3302
-1.5768
-1.0594
-1.4971
-1.6024
-1.0290
-1.3805
-1.3091
-1.0620
-1.5743
-1.0745
-1.7051
-1.4608
-1.4492
-0.8705
-1.3329
-0.8596
-1.1001
-1.0541
-1.0876
-1.0137
-1.2585
-1.2147
-1.3641
-1.0651
-1.3955
-1.6070
-1.6590
-1.0670
-1.2479
-0.7896
-1.3685
-1.2028
-1.0205
-1.4020
-1.3232
-1.2021
-1.0361
-0.8825
-0.4821
-1.0030
-0.7829
-1.0414
-0.8301
-0.9539
-1.4139
-1.1122
-1.2384
-0.8948
-1.0385
-0.7037
-0.6821
-0.9058
-1.3269
-1.3330
-1.2719
-1.4637
-1.3870
-1.1066
-1.2968
-1.0718
-1.3188
-0.4982
-0.8796
-0.9376
-1.3533
-1.3037
-1.3079
-1.3446
-1.1622
-0.8034
-1.3124
-0.7388
-1.3005
-1.1234
-1.3870
-1.4960
-1.3533
-1.3046
-1.4837
-1.2439
-1.1369
-1.0399
-1.2920
-0.7892
-1.1955
-1.0733
-0.5715
-0.6526
-0.4740
-0.5932
-0.6705
-0.2336
0.0644
-0.0091
0.2981
-0.1591
0.5354
0.1923
-0.0911
0.0290
-0.1215
-0.0260
0.1410
0.4771
0.6687
0.4686
0.5854
0.7479
0.9865
1.2998
0.8815
0.8978
0.9384
1.1281
1.1013
1.0100
1.3423
1.3457
1.6556
3.2324
2.6052
2.5957
3.3283
3.6937
4.3067
4.0668
3.9781
3.1520
3.6180
3.0754
3.3907
3.3508
3.2315
3.3183
3.6889
3.8600
4.4547
4.7388
5.2036
5.7189
6.5197
5.7149
5.8899
6.0853
5.8799
5.8967
6.1110
6.5528
5.5791
6.3595
5.8277
5.2513
6.2256
5.4215
5.8487
5.8516
5.3378
5.2708
5.0331
4.5946
5.1891
4.3410
4.8592
5.1115
5.1393
4.4217
4.2263
4.3839
4.0807
5.6975
4.1016
4.8172
4.1951
5.4793
4.8722
4.6210
4.7809
4.6905
5.0539
4.1961
4.4441
4.9951
4.0146
4.4009
3.9756
4.6792
3.8734
4.0050
3.7983
4.1571
3.9351
4.1818
4.2293
4.4439
4.8003
4.7686
4.3899
4.7021
4.7339
4.9686
4.9773
4.7153
4.4877
4.9807
5.1842
5.1390
4.9611
5.4318
4.8948
5.2223
4.7546
4.5204
4.5840
4.7048
4.7822
4.4152
4.4236
4.2506
4.5413
4.3841
4.3867
4.5702
4.3946
4.4966
4.8850
4.6244
4.6232
4.4747
4.6352
4.5420
4.5763
4.5617
4.4762
4.6125
4.3106
4.1104
3.9970
3.7716
3.7650
3.5629
3.5492
3.3379
3.2459
3.2636
3.0028
2.9530
2.8635
2.7705
2.6573
2.5694
2.5109
2.4528
2.3250
2.5579
2.2202
2.2653
2.4001
2.2284
2.2041
2.1370
1.9986
1.9287
1.9115
2.0371
1.7828
1.7477
1.8011
1.6244
1.4036
1.3588
1.2059
1.1303
1.0408
0.8786
0.8506
0.8325
0.5755
0.4388
0.5397
0.3232
0.2154
0.2633
0.2970
0.0213
-0.0810
-0.2644
-0.2714
-0.2969
-0.5218
-0.5958
-0.4970
-0.8326
-0.8364
-1.0050
-1.0225
-1.0370
-1.4814
-1.5318
-1.4493
-1.5458
-1.5628
-1.7248
-1.8537
-1.9538
-2.1301
-2.2496
-2.2687
-2.3165
-2.0554
-2.2804
-2.2972
-2.2949
-2.3961
-2.2555
-2.5888
-2.6870
-2.7717
-2.8597
-2.8999
-2.9078
-3.0015
-2.7038
-2.7043
-2.7359
-3.1250
-3.2894
-3.3234
-3.3297
-3.7095
-3.2304
-3.1760
-3.2509
-2.2766
-3.1421
-3.3975
-3.0032
-3.8146
-3.3843
-3.4983
-3.9487
-3.6816
-3.4222
-3.5681
-4.1188
-3.2989
-3.8908
-4.0838
-4.2288
-3.9478
-3.9571
-3.8926
-3.7994
-3.7812
-3.3717
-3.7817
-4.0506
-4.5740
-4.0497
-4.5250
-4.9291
-4.7540
-4.9210
-4.4033
-3.8293
-3.8823
-4.2591
-3.4903
-3.5725
-3.0765
-3.0392
-3.0075
-3.1643
-2.6404
-2.9634
-3.5489
-2.6700
-2.8953
-3.2712
-3.4611
-3.2116
-3.4134
-4.0625
-4.0595
-3.6890
-3.3528
-3.0043
-4.2010
-4.4948
-3.4199
-3.8053
-4.6569
-4.7117
-3.6122
-4.3857
-4.2090
-4.1279
-3.9464
-4.9026
-4.3760
-4.4927
-4.4385
-4.1794
-4.5124
-3.6214
-4.3435
-3.8479
-4.4442
-3.9429
-4.3381
-4.1404
-4.5538
-3.0037
-3.0994
-2.9377
-3.1907
-2.8378
-4.0667
-2.8689
-3.5953
-3.3776
-3.6508
-2.8457
-3.3870
-3.4337
-3.1917
-3.6518
-3.5737
-3.2518
-3.4396
-3.3230
-3.2433
-3.2247
-3.1652
-2.9503
-2.4164
-3.0295
-2.8499
-2.6565
-2.7718
-2.6029
-2.6501
-2.5029
-2.6801
-2.4204
-2.5560
-2.4272
-2.2578
-2.0310
-1.9365
-1.9423
-1.9012
-1.3093
-1.5734
-1.2486
-1.0294
-1.0883
-0.8727
-0.5814
-0.1150
-0.3254
0.0280
-0.4063
-0.2028
-0.2258
0.5451
0.1604
0.6535
0.6397
1.0411
0.9811
0.9716
1.2130
1.2001
1.2147
1.7172
1.6475
1.6447
1.4687
1.5712
1.4616
1.8802
1.8733
1.8846
1.9605
2.2081
2.2820
2.2576
2.4185
2.4735
2.9196
2.9973
3.4915
3.8271
4.2175
4.2990
3.8754
4.8254
4.7656
4.7056
4.7937
4.1210
4.2195
3.6244
3.8705
3.4233
3.5618
3.7113
3.8387
3.6263
3.6447
3.6073
3.6257
3.8254
3.8661
4.1056
4.4566
4.5996
4.7297
5.0540
4.5035
4.9326
5.7027
5.0956
5.5612
4.8914
4.6959
4.6345
4.8336
4.8782
4.8599
4.5317
4.5825
4.4566
4.3085
3.9636
3.5722
3.3595
3.2371
3.1965
2.9009
3.0675
2.9117
2.5204
2.5474
3.0803
2.0079
1.5290
1.4614
1.6581
0.7359
0.6953
0.0367
-0.1198
0.0378
-0.4263
-0.3037
-0.6082
-0.7487
-0.3734
-0.1529
-0.7037
-0.5428
-0.3537
-0.8170
-0.6706
-0.3680
-0.4115
-0.7332
-0.4953
-0.9363
-1.1858
-1.1737
-1.3786
-2.0530
-1.9440
-2.1275
-2.3902
-2.5520
-2.3273
-2.7989
-2.9774
-3.0285
-2.7283
-3.2700
-3.0405
-3.3077
-3.1012
-3.5478
-4.0276
-4.2581
-4.5642
-4.6974
-4.7432
-4.8490
-4.9490
-4.8700
-4.8143
-5.0713
-5.0412
-5.1927
-4.9582
-5.2363
-5.0888
-5.0154
-5.0580
-5.1224
-5.2409
-5.0866
-5.3383
-5.1416
-5.2337
-5.2368
-5.5868
-5.6005
-5.5622
-5.5833
-5.5596
-5.6534
-5.6563
-5.7619
-5.8117
-5.7019
-5.9214
-5.9097
-5.9367
-5.9957
-5.8874
-6.1970
-6.0449
-6.0728
-5.6316
-5.9102
-5.8135
-5.8733
-5.5588
-5.8114
-5.7936
-6.1549
-6.6537
-6.4726
-6.0970
-6.7743
-6.9901
-7.1165
-7.2991
-7.1008
-7.3201
-7.5587
-7.7001
-7.7311
-7.8632
-7.9049
-7.9191
-7.6233
-7.7686
-7.7122
-7.7566
-7.7564
-7.5906
-7.7913
-7.7165
-7.7155
-7.6328
-7.7076
-7.4680
-7.6083
-7.6545
-7.6397
-7.8081
-7.8241
-7.5822
-7.5673
-7.2045
-7.5487
-7.4181
-6.8673
-7.3998
-7.4324
-7.6656
-7.5996
-7.6701
-7.6748
-7.7809
-7.6944
-7.6306
-7.5903
-7.3987
-7.2806
-7.1148
-7.0294
-6.9237
-6.7827
-6.4669
-6.5037
-6.3467
-6.1313
-5.9726
-5.7720
-5.6661
-5.5748
-5.4972
-5.4912
-5.3838
-5.3190
-5.1518
-5.0250
-4.9054
-4.8208
-4.7344
-4.3648
-4.4688
-4.3021
-4.2022
-4.0592
-3.8415
-3.7490
-3.6650
-3.6481
-3.6622
-3.6047
-3.5701
-3.4862
-3.1445
-3.1755
-2.9240
-2.7094
-2.4285
-2.3372
-2.2295
-2.2240
-2.1728
-2.0458
-1.8160
-1.5259
-0.7419
-0.4350
-0.0329
0.1015
0.6463
0.6398
0.9483
0.9243
1.1254
1.1251
1.2998
1.7295
2.0538
1.9628
1.8442
2.0011
2.2035
2.6690
2.4220
3.5334
3.2375
3.3030
3.9916
4.0233
3.5866
3.7800
3.4217
4.2472
3.6775
4.3742
3.9270
4.1747
4.6978
4.7871
5.2129
5.3644
5.5076
4.8824
5.4267
5.0823
5.3045
5.5797
5.9179
5.5829
6.4146
5.8906
5.8811
6.3311
6.1375
6.8268
6.6687
6.8685
6.8251
6.4898
6.7018
7.0002
6.9931
7.5867
6.9270
7.4196
7.2374
8.6309
8.7178
7.4969
7.7868
7.2120
7.5785
7.6155
8.1473
7.7860
7.8217
8.0767
8.0399
7.8486
7.4462
7.5269
7.6597
7.5187
7.5444
7.3188
7.3345
7.2527
7.3946
7.6259
7.1372
6.9717
6.7175
6.7509
6.7526
6.6529
6.9633
6.1436
6.2710
5.9380
5.8209
6.0101
6.0840
5.5251
5.2486
5.1052
5.6992
5.5874
5.0635
4.6496
4.9792
4.9107
5.5204
4.6717
5.3109
4.6810
5.3187
5.3544
5.6328
5.2826
5.1512
4.9272
4.6465
5.8678
4.6178
4.3842
4.9336
4.6315
4.9056
4.1405
3.8550
4.3035
4.4636
3.8766
3.7404
3.9002
3.7384
3.9246
3.8056
3.5467
3.3016
3.0923
3.6713
3.3631
3.8275
3.4513
3.5441
3.3928
3.3162
2.8924
2.9254
2.6389
3.1780
3.1869
2.9631
2.5728
2.6930
2.3935
2.2059
2.2090
2.5669
1.8452
1.8157
2.0849
2.5320
2.2526
2.2539
2.0578
2.5296
2.3134
2.9799
2.7740
2.1276
1.9258
2.4866
1.5676
1.2377
1.7231
0.9391
1.1259
0.9521
1.3025
1.5165
0.9833
0.8359
0.5161
0.1872
0.3102
0.2528
0.2152
0.5103
0.2502
0.2287
-0.0131
0.2687
-0.2303
-0.2399
-0.0376
-0.2342
-0.2530
-0.2577
-0.2887
-0.2479
-0.2991
-0.1126
-0.2342
-0.2965
-0.3377
-0.4942
-0.4323
-0.6916
-0.7512
-0.8419
-0.9261
-0.9749
-1.0451
-1.0061
-1.1288
-0.8026
-1.1714
-1.2953
-1.3648
-1.2367
-1.2982
-1.3674
-0.6660
-1.3542
-1.0833
-0.7575
-0.8038
-1.0961
-1.3896
-1.4921
-1.0717
-1.0587
-0.7841
-1.1609
-1.1780
-0.6013
-1.1910
-0.9957
-0.4805
-0.4518
-0.8627
-0.9713
-0.7934
-1.1652
-0.6098
-0.3875
-0.2518
-0.1063
0.9810
1.2092
0.9050
0.9915
1.0812
1.1087
0.6727
0.6529
1.3850
2.1312
1.5656
1.5110
1.0685
0.9228
0.7342
0.3472
1.1260
0.7990
1.0613
0.0879
-0.0942
-0.3839
-0.4464
-0.9218
-0.9659
-1.3733
-1.5483
-1.6013
-1.8396
-1.6965
-2.0750
-1.9134
-1.6762
-2.0753
-1.9999
-1.8541
-1.7928
-2.0048
-1.9859
-1.9467
-2.1774
-2.2412
-2.2624
-2.0116
-2.3829
-2.1075
-1.7612
-1.8771
-1.4744
-1.8575
-1.9349
-2.1177
-2.0459
-2.4806
-2.3237
-2.4167
-2.4400
-2.1543
-1.9036
-1.6702
-1.9299
-2.0151
-2.2635
-1.7638
-1.8121
-2.1940
-2.2415
-2.8497
-2.9399
-3.2226
-2.8817
-3.0541
-3.1860
-3.5187
-3.5494
-3.7343
-3.7460
-3.8354
-3.6628
-3.4735
-3.8153
-3.4837
-3.7138
-3.2086
-3.9806
-3.8442
-4.1135
-3.8980
-3.7834
-4.1809
-4.0601
-3.7778
-3.8337
-3.4103
-4.2669
-3.3093
-3.7450
-4.2538
-3.9854
-4.0202
-4.3949
-4.8085
-5.1757
-5.4626
-5.1220
-5.1282
-5.5226
-5.5164
-5.1596
-5.2653
-4.4535
-5.2243
-4.8139
-5.1164
-5.0096
-5.0110
-4.6648
-5.0148
-4.8319
-4.7581
-4.7224
-4.8973
-4.6182
-4.8016
-4.7225
-4.5382
-4.4692
-4.6554
-4.3789
-4.6206
-4.5718
-4.5691
-4.4113
-4.6135
-4.4347
-4.4998
-4.6457
-4.7941
-4.8470
-4.6640
-4.8035
-4.5503
-4.4000
-3.8144
-4.2095
-4.3038
-4.3629
-4.1699
-4.2030
-4.3370
-4.3114
-4.2947
-4.0946
-4.0762
-3.3332
-3.7269
-3.3343
-3.5208
-3.4294
-3.1599
-2.7853
-2.9008
-2.6628
-2.5791
-2.7926
-2.2567
-2.7506
-2.6008
-2.2493
-2.0520
-1.6063
-1.6025
-1.5197
-1.8980
-1.4386
-1.0636
-1.0661
-1.1482
-1.5603
-0.8374
-0.9543
-0.4056
-0.2952
-0.7378
-0.5484
-0.1020
-0.2778
0.2645
0.0012
0.5240
-0.1270
-0.0666
0.0446
0.2149
0.3345
0.0746
0.5013
0.3059
0.9283
0.1567
0.1007
0.5266
0.3284
0.3018
0.1171
0.2346
0.3434
0.1234
0.0788
0.1135
0.0189
0.3385
0.4409
0.4797
0.5670
0.6956
0.5914
0.4912
0.6878
0.7790
0.8371
1.0876
0.6572
1.0530
1.0828
1.1877
1.4026
1.8655
1.3703
1.2650
1.3252
1.8405
1.2918
1.3272
1.4499
0.9816
1.0740
0.9171
0.6285
0.7945
1.0549
0.8342
0.5947
0.8427
0.5755
0.5508
0.5157
0.7348
0.5953
0.7227
0.8390
0.9272
0.9628
1.0644
0.9945
1.0055
0.8473
0.7755
0.7093
0.6604
0.6415
0.6187
0.6087
0.5830
0.6343
0.5670
0.7831
0.4912
0.4885
0.5057
0.4958
0.5114
0.4531
0.4367
0.3769
0.3612
0.5263
0.3107
0.2615
0.2112
0.1312
0.0891
0.0431
0.0713
0.0775
0.1305
0.2376
0.2065
0.2259
0.0986
0.0464
0.0187
0.0152
0.1200
0.1448
0.2149
0.3853
0.1582
0.1558
0.1146
0.1523
0.3497
0.2624
0.2386
0.3236
0.2722
0.3218
0.4284
0.4536
0.6489
0.5302
0.5746
0.4168
0.4217
0.4392
0.5110
0.5949
0.6100
0.6623
0.8570
1.0082
0.8734
0.9395
0.9153
0.8437
0.8480
0.8530
0.9246
0.9810
1.0518
1.5556
1.2016
1.2248
1.1495
1.0624
0.9066
0.7956
0.6653
0.7103
0.6485
0.3347
0.4827
0.5282
0.7257
0.5802
0.8147
0.5469
0.8684
0.8009
0.9142
1.0197
1.0531
1.2126
0.8888
0.7285
0.6434
0.9032
0.8085
1.1057
1.2195
1.6600
1.5402
1.6355
1.6913
1.6719
1.7989
1.5008
1.3553
1.2284
1.2108
1.0458
1.0606
0.9068
1.1578
1.0308
1.0641
1.1818
1.1774
1.1418
1.0452
0.9346
0.8585
1.0804
0.7852
0.6967
0.5482
0.4674
0.3686
0.5290
0.2342
0.1491
0.0346
-0.0488
-0.1965
-0.2567
-0.4052
-0.2662
-0.5175
-0.1488
-0.7585
-0.7196
-0.8925
-0.8621
-0.7329
-1.0138
-1.2521
-1.3960
-1.5827
-1.6394
-1.6358
-1.6937
-1.4916
-1.5877
-1.8246
-1.8788
-1.7552
-2.0244
-1.9404
-1.9204
-2.3090
-2.1214
-2.5000
-2.5113
-2.5097
-2.4590
-2.5294
-2.6421
-2.8535
-2.8160
-3.1225
-2.9020
-3.2175
-3.2234
-3.3136
-3.3994
-3.4259
-3.5437
-3.6341
-3.7056
-3.6489
-3.4314
-3.8591
-4.1113
-4.2132
-4.2684
-4.2922
-4.4083
-4.4668
-4.6792
-4.6382
-5.0458
-5.2526
-5.4212
-5.5574
-5.6230
-5.7083
-5.6890
-5.7583
-5.7087
-5.7793
-5.5462
-5.4117
-5.4868
-5.5695
-5.5204
-5.3782
-5.3576
-5.5633
-5.3299
-5.4122
-4.3504
-4.5348
-4.7540
-4.2193
-4.2146
-3.4708
-3.5904
-3.6754
-3.2342
-3.4319
-3.2450
-2.8926
-3.2269
-2.7895
-3.3198
-3.0658
-3.0294
-3.6198
-2.9283
-3.7841
-2.6928
-3.3518
-2.7936
-2.9613
-2.8058
-2.9106
-0.9381
-1.7652
0.3704
0.0712
-0.2595
-0.1916
-0.7452
-1.1083
-0.4842
-0.0948
-0.7162
-0.7311
-1.0511
-0.5822
-0.3080
-0.1449
-1.0378
-1.3139
-0.3100
-0.3106
0.7526
0.9335
0.9872
1.0198
0.7480
1.3299
1.1843
0.6296
0.1079
0.7563
1.8536
1.4344
2.2962
1.5642
1.9474
0.6914
1.5040
0.8938
1.2049
0.2818
0.4397
0.5746
0.7754
0.7126
1.1367
0.8004
1.6824
0.5547
0.4958
0.2909
0.6522
0.7979
0.2691
0.6267
1.0325
0.6979
1.3647
0.9229
1.0828
1.0133
0.9852
0.8310
0.9337
1.1420
1.1716
1.8760
1.7900
1.6008
1.6768
2.1646
1.8613
2.2708
2.1318
2.4328
2.6612
2.6791
2.6760
2.2870
2.4445
3.1407
3.4318
3.3816
3.8088
3.7378
3.5812
3.5741
3.5151
4.0979
4.0720
4.0434
4.0721
3.9847
4.2341
4.4784
4.4772
4.9685
5.2827
5.2762
5.2509
5.3581
5.4621
4.9889
5.7638
5.3902
5.9248
5.6273
5.2896
5.5648
5.2618
5.2163
5.2076
5.4034
5.2238
5.3503
5.3024
5.5807
5.3769
5.7744
5.5788
5.7884
5.7168
6.2232
5.8693
5.8633
5.9844
6.0690
6.0822
6.2246
6.2671
6.2159
6.5953
6.3449
6.4275
6.3627
6.4991
6.4802
6.8617
6.6107
6.6877
6.6568
6.6274
6.6047
6.7636
6.8723
6.7621
6.5500
6.4819
6.4057
6.3251
6.2315
6.0478
5.8214
5.6915
5.3996
4.9864
4.7680
4.6601
4.5651
4.5544
4.2068
3.8566
3.5941
3.3727
3.2807
2.9482
2.6380
2.4505
2.3954
2.0726
1.9666
1.8536
1.8194
1.6042
2.0239
1.6688
1.4648
1.4512
1.4139
1.3267
1.5036
1.2144
1.2767
1.3211
1.3112
1.5304
1.2757
1.3257
1.3425
1.7103
1.4298
1.5066
1.3355
1.3253
1.2933
1.3137
1.3527
1.3563
1.3594
1.5570
1.2838
1.5832
1.3961
1.4682
1.4360
1.5414
1.5476
1.3343
1.4216
1.3859
1.3671
1.3262
1.2302
1.1947
1.2325
0.9146
0.9521
0.6548
0.5394
0.4589
0.3983
0.2514
0.2655
0.1234
0.1299
0.0284
-0.0619
0.2559
0.3424
0.4026
0.4312
0.7531
0.1678
0.0229
0.0554
-0.2152
-0.2567
-0.3379
0.0896
-0.4089
-0.4646
-0.3833
-0.2924
-0.2144
-0.5194
-0.6164
-0.6726
-0.8760
-0.6567
-0.7837
-0.7240
-1.0121
-1.4722
-1.7519
-2.0440
-1.7346
-2.2353
-1.9787
-2.7109
-2.8781
-2.5522
-3.1505
-2.9722
-3.4853
-3.3190
-3.6178
-3.5279
-3.7687
-3.8546
-3.9711
-4.0213
-4.1899
-4.2312
-4.2872
-4.3232
-4.0982
-4.1059
-4.1508
-4.1736
-4.2741
-4.2972
-4.4053
-4.1538
-4.5009
-4.3109
-4.4135
-4.5796
-4.2410
-4.6010
-4.9316
-4.9046
-5.1316
-5.0388
-5.2412
-5.1109
-5.3310
-5.1441
-5.6189
-5.7817
-5.9790
-6.0575
-6.1300
-5.8754
-6.1869
-5.9052
-5.6874
-5.8940
-5.4138
-5.2610
-5.8494
-5.6942
-5.8682
-5.4825
-5.3386
-5.1788
-5.8929
-5.7472
-5.4416
-6.3219
-6.6387
-6.8941
-6.8336
-7.1965
-7.0754
-6.7870
-6.2016
-6.3792
-6.2547
-6.5044
-5.8358
-6.2379
-4.2435
-5.9039
-5.9401
-5.7903
-5.9576
-5.1216
-5.2741
-4.8638
-5.3993
-5.5778
-5.5504
-5.4360
-4.8307
-4.7084
-5.2568
-4.4724
-5.1700
-4.7943
-5.6633
-5.6842
-6.0272
-6.2386
-6.2287
-5.9489
-5.8640
-6.5322
-6.2090
-6.6150
-6.5284
-6.5438
-6.3889
-6.6387
-6.3743
-6.4006
-6.2322
-5.9452
-6.3418
-6.3939
-6.2792
-5.8073
-5.2412
-5.6676
-5.9067
-5.3900
-5.6726
-5.2070
-4.8846
-5.2114
-4.3649
-5.2332
-4.6930
-5.0305
-4.4770
-4.6121
-4.6185
-4.6350
-4.3587
-4.2339
-3.4058
-3.6530
-3.6571
-3.5880
-2.9780
-3.6032
-2.6868
-2.8477
-2.8773
-2.6750
-2.6058
-2.5290
-1.8674
-1.5381
-1.2806
-2.0863
-1.7214
-1.2059
-1.3924
-0.6676
-1.4968
-0.7941
-1.4660
-1.0752
-1.1287
-1.2092
-1.2198
-1.2069
-0.8253
-0.5965
-0.7104
-0.1525
-0.9093
-0.2278
-0.8996
-0.5161
-0.4769
-0.6484
-0.3904
-0.1102
-0.5076
-0.4744
-0.1841
0.4827
-0.1782
0.0020
0.3044
0.3913
0.8027
0.6304
0.7416
0.6229
0.8541
0.5450
1.1034
1.0893
1.8495
1.6043
2.3555
1.9021
2.3042
2.9468
3.3481
3.3839
3.5083
3.5996
3.0336
3.3424
4.0402
3.8278
4.1473
4.0503
3.9765
3.6821
3.8500
4.0945
4.2916
4.3940
4.5057
4.6895
4.6016
4.6925
4.9967
5.1315
5.2671
5.1423
5.1248
5.0300
5.1479
5.3061
5.2670
5.3461
5.2434
5.2168
5.3472
5.4323
5.5702
5.9165
6.1146
6.0664
6.4985
6.1870
6.3787
6.2857
5.9196
5.8968
5.9213
6.0015
6.1902
6.2357
5.9365
5.9256
5.8237
5.7624
6.0143
5.5258
5.7905
5.5305
5.1834
5.3157
4.8796
4.7163
4.6400
4.2402
4.0444
4.0608
3.9047
3.4865
3.3238
3.4181
3.1103
3.0566
3.0058
2.9317
2.9556
3.0505
2.7345
2.5609
2.3330
2.1866
2.0707
2.0249
2.1975
2.1189
2.2410
2.0012
1.9186
1.7766
1.6230
1.7445
1.4618
1.4797
1.4941
1.4962
1.4093
1.3174
1.2003
1.2363
1.1985
1.0936
1.1736
0.9467
1.1752
0.8753
0.7704
0.5789
0.3800
0.3719
0.2057
0.2100
0.2888
0.1575
0.0922
0.0964
0.0302
0.1339
0.0003
0.1059
0.0016
0.2198
0.7480
0.0325
0.2586
0.7401
0.3301
0.3910
0.5017
1.0278
0.9191
0.5954
0.6567
0.6641
0.5540
0.6667
0.7501
0.7451
1.5204
1.1476
1.1818
0.7915
0.9311
0.7025
1.2497
1.3863
1.0773
1.2925
1.2020
1.3120
1.3341
1.5257
1.9446
1.6297
1.7951
1.7419
1.6529
1.7068
1.7745
1.8781
1.7665
1.9357
1.5169
1.4337
1.3316
1.3656
1.3366
1.7725
1.5308
1.9105
1.7313
1.8741
2.0495
1.8178
1.7979
1.5922
1.6279
1.6751
1.8778
1.7692
1.6413
1.5967
1.3344
1.1693
0.9970
0.9711
1.1283
0.9594
1.1624
1.0972
1.1049
1.0401
1.1602
1.1969
1.7837
2.0921
1.9962
1.7687
1.8856
2.0705
1.6869
1.8772
1.9694
1.9207
2.3959
2.2045
2.0107
2.3982
1.9859
2.4244
2.3330
1.7504
1.6568
1.4262
1.8664
1.4708
1.7436
1.2130
1.2952
1.0326
1.1584
1.0122
0.7389
1.4047
0.9663
1.1558
0.3603
0.1595
0.3038
0.9978
0.1541
0.4671
0.6522
1.0984
0.6648
0.9322
1.0104
1.2785
1.0415
1.1936
1.5985
1.3232
0.3377
0.3700
0.5982
0.1856
0.1363
0.0729
0.4829
0.0063
0.2096
-0.4329
-0.1292
-0.9081
-1.2287
-1.7539
-1.6181
-1.8578
-1.8391
-1.8356
-2.1248
-2.0564
-2.4531
-2.4108
-2.7207
-2.5555
-2.3938
-1.5760
-1.6827
-2.1068
-1.8657
-1.8249
-1.8410
-1.3420
-1.0050
-1.3870
-1.6742
-1.3977
-1.8844
-2.0272
-1.6186
-1.4776
-1.4371
-1.4997
-2.0650
-1.7188
-1.9802
-2.0293
-1.6778
-1.5793
-1.8530
-1.9666
-1.7985
-1.6890
-1.9456
-1.4083
-2.2304
-1.9934
-2.2357
-2.3256
-2.0768
-2.3667
-2.0718
-2.1881
-1.8750
-1.9709
-1.8751
-2.3293
-2.2541
-2.3903
-2.3583
-1.7827
-2.1611
-1.3096
-1.0566
-1.7804
-1.9517
-1.2501
-1.1934
-0.0924
-1.1171
0.7187
-0.2921
-0.7391
-0.3537
0.0966
0.3363
0.4041
-0.0806
0.3227
0.4190
0.3490
0.6880
0.4132
0.8007
0.5969
0.8910
0.0586
0.2344
0.4224
0.4872
0.5638
-0.1722
0.0313
0.1779
0.5236
0.0393
-0.5309
0.3154
0.1669
0.2144
-0.2862
0.0159
-0.6592
-0.4809
-0.9052
-0.9867
-0.1131
-0.7348
-0.7168
-0.7482
-0.6113
-0.3211
-0.3981
-0.0766
0.0536
-0.2609
-0.3490
-0.5079
-0.7610
-0.9163
-1.0491
-0.6154
-0.8620
-0.8985
-0.1748
-0.4060
-0.5561
-0.5924
-0.4962
-0.5215
-0.5000
-0.2842
0.0896
0.0132
0.0159
0.1455
-0.2589
-0.3134
-0.1397
-0.2763
0.1248
0.4541
0.2799
0.3456
0.5046
0.4656
0.7000
0.6445
0.3911
0.6940
0.3403
0.7346
0.7960
0.9596
0.9826
1.0221
1.0021
1.3663
0.9475
1.0545
1.3953
1.0299
1.0319
0.9993
1.3218
1.6427
1.2499
1.2573
1.1795
1.1174
1.1971
1.2080
1.0687
1.4945
1.9321
1.3473
1.2982
1.1988
1.9986
1.5176
1.7146
1.9825
1.5158
1.7879
2.0214
2.4186
1.9157
1.9227
2.5997
1.9022
1.8228
1.5989
2.1486
2.0706
2.1826
1.6173
1.9814
1.6879
2.5441
2.0936
2.2081
2.1536
2.0132
1.5480
1.7759
1.5383
1.5737
1.8694
1.8212
1.9211
1.6840
1.7668
1.7007
1.5719
1.4806
1.1249
1.0522
1.0500
0.9831
0.9787
0.9213
1.1040
0.8930
0.8903
0.8774
0.8705
0.8428
0.7866
1.1630
1.0176
1.1685
1.1599
1.1429
1.3125
1.2605
1.5198
1.1269
1.2509
1.3209
1.0512
1.1881
1.0524
1.0766
1.0370
1.4224
0.9814
1.0640
1.1150
1.2953
1.0603
0.9095
0.8944
0.8228
0.8275
0.9676
1.1595
1.0736
1.0926
0.8235
0.6897
0.7080
0.8468
0.7288
0.7841
1.0468
0.9408
0.9488
0.9869
1.0324
1.2671
0.9832
0.8898
0.7268
0.7310
0.6579
0.7118
0.8072
0.5658
0.5885
0.4877
0.7024
0.3931
0.4476
0.3791
0.3854
0.2844
0.2580
0.2850
0.2858
0.3814
0.5975
0.6716
0.4275
0.4673
0.3338
0.3601
0.2314
0.8623
0.3592
0.6902
0.3140
0.9585
0.4553
0.5862
0.3155
0.2540
0.2915
-0.0033
-0.1386
-0.1753
-0.1997
-0.2300
-0.2350
-0.0349
-0.2690
-0.2224
-0.3238
-0.3853
-0.5118
-0.6180
-0.6819
-0.7377
-0.6733
-0.7095
-0.6311
-0.4869
-0.6536
-0.5963
-0.5777
-0.4737
-0.5330
-0.2963
-0.5396
-0.5881
-0.5277
-0.6545
-0.6728
-0.8041
-0.8756
-0.8846
-0.8815
-0.8411
-0.8365
-0.6389
-0.8083
-0.8357
-0.7761
-0.8024
-0.8546
-0.6407
-0.9879
-1.0021
-1.1258
-1.1727
-1.2074
-1.2411
-1.0746
-1.3291
-1.3466
-1.4031
-1.3888
-1.4323
-1.4400
-1.4139
-1.3323
-1.5823
-1.7207
-1.7683
-1.6885
-1.7136
-1.6059
-1.7136
-1.6902
-1.7657
-1.7417
-1.6682
-1.6741
-1.6035
-1.3236
-1.5945
-1.5655
-1.6284
-1.7047
-1.6665
-1.8415
-1.9035
-1.7155
-2.0557
-2.0999
-2.0219
-2.3130
-1.9606
-2.4268
-2.5030
-2.3845
-2.2728
-2.4055
-2.4550
-2.5392
-2.5515
-2.6787
-2.6870
-2.7362
-2.5844
-2.9066
-2.4616
-2.1916
-2.1443
-2.6073
-2.1909
-2.0863
-2.1753
-2.1905
-2.0926
-1.9506
-1.8466
-2.1291
-2.1030
-1.8035
-2.0029
-2.1935
-1.6232
-2.0395
-1.8760
-1.2680
-1.7755
-0.7670
-1.8002
-1.2637
-1.6996
-2.1514
-2.4240
-1.9765
-2.2736
-2.1838
-1.8247
-1.6102
-1.2169
-1.3856
-1.3605
-1.5869
-1.0550
-1.5395
-1.8359
-1.1036
-1.8185
-1.7494
-1.6786
-1.4608
-1.1658
-1.7798
-1.3915
-1.9490
-1.1398
-1.5680
-1.9833
-1.6823
-1.6838
-1.8349
-1.4970
-1.8091
-1.6034
-1.2593
-1.3308
-1.6947
-1.5932
-1.5948
-1.5720
-1.2435
-1.0445
-1.1053
-0.7790
-0.4535
-0.5146
-0.8279
-0.3890
-1.0709
-0.9932
-0.8743
-1.2992
-1.2592
-1.1400
-1.5608
-1.5071
-1.3040
-0.8981
-1.2243
-1.0653
-1.0857
-0.8919
-1.0170
-1.0814
-1.0031
-1.1520
-1.0557
-1.0699
-0.3080
-0.7252
-0.2635
0.0874
-0.3602
-0.5565
-0.0800
-0.3723
0.3471
-0.0738
0.3172
0.0844
0.8007
0.2382
0.4391
0.2183
1.4343
1.2886
0.4434
0.6567
1.3124
1.3172
3.0345
2.7009
2.6968
2.6919
3.0340
3.3851
3.3660
2.8919
2.6808
2.3233
2.1126
2.5520
2.3549
2.6169
2.0732
2.3243
2.3410
1.6054
2.2701
1.3713
1.2450
0.5840
1.5352
0.8636
0.4525
-0.2494
-0.4931
-0.3573
-0.3196
-0.9745
-1.1950
-1.2450
-1.3910
-1.0802
-0.9391
-1.2644
-1.5502
-1.8034
-1.9430
-1.8096
-1.5453
-1.7312
-1.5676
-1.8294
-1.5684
-2.0197
-2.0938
-2.1341
-2.1531
-2.1921
-2.1634
-2.1869
-1.8911
-2.1268
-1.9150
-1.9915
-1.8072
-1.9433
-1.5690
-1.6525
-1.7485
-1.8340
-1.8449
-1.9056
-1.9665
-2.0485
-2.0876
-2.1739
-2.0034
-2.1544
-2.0130
-2.2274
-2.1839
-2.1574
-2.1471
-2.0730
-2.1016
-2.0260
-1.5099
-1.7227
-1.3721
-1.4632
-1.3167
-1.6046
-1.7186
-1.6398
-1.8429
-1.7135
-1.7499
-1.6472
-1.6462
-1.5842
-1.5617
-1.5411
-1.5359
-1.3552
-1.2574
-1.4973
-1.3408
-1.5084
-1.3934
-0.9860
-1.4057
-1.0864
-0.8943
-1.2772
-1.2648
-1.3982
-1.7975
-1.7632
-0.9281
-1.4441
-1.0348
-0.9348
-1.2411
-1.5434
-1.0808
-1.0143
-1.5350
-1.6018
-1.3939
-1.4055
-2.0146
-2.3792
-2.4857
-2.2364
-2.4780
-2.3731
-2.2748
-2.4489
-2.3643
-2.4432
-2.6432
-2.7410
-2.3955
-2.4020
-2.2930
-2.5151
-2.2392
-2.4948
-2.4200
-2.4477
-2.4179
-2.2612
-2.2924
-2.5836
-2.5177
-2.4656
-2.4049
-1.6605
-2.1427
-2.0770
-1.9480
-1.9994
-1.9655
-1.8248
-1.5719
-1.6751
-1.7559
-1.6635
-1.9584
-2.1316
-2.1486
-2.1147
-1.9799
-2.1380
-2.0340
-2.1770
-2.1504
-1.7642
-1.9212
-1.7810
-1.7328
-1.7327
-1.6914
-1.2791
-1.7110
-1.6893
-1.5857
-1.5710
-1.2598
-1.4386
-0.6430
-1.2474
-1.2540
-1.3099
-1.0147
-1.1751
-1.2333
-1.0274
-1.3918
-1.3153
-1.1323
-1.2849
-1.2987
-1.2589
-1.2111
-1.0737
-1.0431
-0.9075
-0.8390
-0.6818
-0.3630
-0.2764
-0.2880
-0.5814
-0.2881
-0.5704
-0.2138
-0.2581
-0.3248
-0.2250
-0.1452
0.0642
-0.0122
0.2713
0.6145
0.3310
0.5110
0.7875
0.9305
0.6822
0.7373
0.9246
0.8881
1.0615
1.3336
1.2303
1.4828
1.1362
1.2941
1.4734
1.6177
1.7178
1.5879
1.8111
1.9208
1.8837
2.2953
1.8290
1.8093
1.7704
1.5767
1.8963
1.5918
1.7467
1.7073
1.8910
2.1646
2.2949
2.2442
2.4596
2.5530
2.2868
2.2757
2.3303
2.2760
2.4429
2.4058
2.7537
2.9127
3.1403
3.8005
3.6432
3.4516
3.4573
3.3485
3.6708
3.6280
3.8653
4.0032
4.4108
3.6479
4.1814
4.2279
3.5977
3.5504
4.1557
3.6334
4.0313
4.7095
3.8529
4.0343
4.2938
4.4989
4.6101
4.7484
4.5614
4.9635
4.5650
4.5810
4.0225
3.9886
3.7950
3.5350
3.5025
3.1007
3.5030
2.7007
2.7629
3.1173
2.7763
2.6562
2.8257
3.0543
2.6182
3.4998
2.7063
2.7639
2.7059
2.2852
2.2626
2.3796
2.3546
2.4259
2.8499
3.9188
3.3333
2.9419
2.8596
3.2270
2.9818
3.5637
2.8457
2.5754
3.2354
3.2308
3.7883
2.4237
2.4010
2.3542
2.8337
2.6494
3.0281
3.1577
2.8884
2.9467
3.7706
4.8246
4.1195
3.7864
3.3651
3.5857
3.1393
3.8387
3.7366
3.4478
2.5085
2.4067
2.4730
2.1679
2.7862
2.3573
2.1608
1.5208
1.4354
1.3691
1.0265
0.9792
0.7641
0.4010
-0.0463
-0.4724
-0.9093
-1.1073
-1.8267
-2.0207
-2.5934
-3.0848
-3.1898
-3.3562
-3.4238
-2.8763
-3.2042
-2.4352
-3.1093
-2.9143
-3.2603
-2.9544
-3.3797
-2.9394
-3.5632
-3.5857
-4.0022
-4.2952
-4.4503
-4.2774
-4.4071
-4.4815
-4.7181
-5.0617
-5.2624
-5.6696
-5.6176
-5.7327
-5.9450
-5.7349
-6.0364
-5.9425
-6.2173
-6.5174
-6.6173
-6.8644
-6.8289
-6.8353
-6.6032
-6.3880
-6.4975
-6.1343
-5.7642
-5.8349
-5.9654
-5.9814
-6.1670
-6.3695
-6.1831
-6.4227
-6.1532
-6.8613
-6.7681
-7.0876
-7.0031
-6.5109
-6.6203
-6.8251
-6.6745
-6.5727
-6.7712
-6.8932
-6.9954
-6.9228
-6.5718
-6.1754
-6.1388
-6.3631
-6.6585
-6.6425
-6.3672
-6.5500
-6.5421
-6.4997
-6.4547
-6.2918
-6.1073
-5.9236
-5.5433
-5.4794
-5.4894
-5.3443
-5.0970
-5.0090
-5.4212
-5.2277
-5.1049
-4.7862
-5.0553
-4.9450
-5.4091
-4.7046
-5.0497
-4.4212
-4.9822
-4.8997
-5.2014
-4.5318
-5.0617
-5.0035
-5.0186
-4.7315
-4.8832
-3.9256
-4.0427
-4.4428
-3.7760
-4.4586
-4.3014
-4.0976
-3.5799
-3.5898
-3.3088
-3.2521
-3.0877
-3.1005
-2.8188
-3.0573
-2.7459
-2.6406
-2.4208
-2.3716
-2.4058
-1.9807
-2.1162
-1.8529
-1.8125
-1.6070
-1.2227
-1.0928
-0.8699
-0.5774
-0.3722
-0.3672
-0.4660
-0.4353
-0.4414
-0.3745
0.2101
0.4054
0.2826
0.5079
1.0197
0.9224
1.4589
1.3852
2.0746
2.1480
2.7617
2.7819
3.1302
3.2506
3.4062
3.6416
4.6394
4.3867
5.1145
4.4932
4.4724
5.7016
6.4729
5.7110
5.8572
6.0720
6.4893
7.0731
7.6875
7.2594
7.2591
6.8991
7.3127
6.9568
7.2611
7.6734
8.2216
8.2076
8.1729
8.4462
8.0140
8.3611
8.7412
8.0072
8.2295
8.0436
8.6502
8.2168
8.1486
8.8923
8.4892
8.6153
8.6569
8.5269
8.5653
8.3575
8.3735
8.4039
8.2591
8.3553
8.4164
8.2390
7.8697
7.9316
7.7718
7.1392
7.6129
6.8289
7.1423
7.1635
6.6650
6.2732
5.7661
6.1479
5.9387
6.0253
6.1497
6.3483
6.3072
6.4770
6.3531
6.6117
6.6699
6.6076
6.9547
7.1178
6.5645
6.2424
6.6205
5.8778
5.2220
4.7045
4.9070
5.0001
5.8841
5.1445
5.3730
5.2086
5.4500
5.3904
6.1388
5.2912
5.5633
4.3901
4.4676
4.2601
3.6691
3.7297
3.6736
3.2011
3.0571
3.4510
3.4181
3.1559
3.2789
2.7712
2.5693
2.4619
2.3988
2.3849
2.4768
2.3717
1.9325
1.8992
1.7343
1.7783
2.0025
1.8802
2.1515
1.9302
2.2233
2.0222
2.0666
1.7122
2.0096
1.5161
2.0033
1.4094
1.3964
1.1758
1.6564
1.5010
1.6235
1.5902
1.3190
1.3328
1.1533
1.1008
1.0999
1.0298
1.0591
1.0637
0.7771
0.7626
0.7573
0.4997
0.7341
0.5244
0.9007
0.5917
0.3958
0.2752
0.3795
0.3884
0.5324
0.5940
0.2672
0.2960
0.2290
0.1543
0.0681
0.2863
-0.0098
0.3724
0.0021
0.0990
0.0496
-0.3307
-0.3768
-0.6602
-0.7542
-1.1965
-1.1356
-1.3088
-1.6370
-0.8085
-1.5163
-1.5564
-1.3254
-1.2095
-1.3699
-1.3382
-1.4278
-1.4046
-1.4472
-1.6555
-1.6387
-1.7227
-1.4639
-1.6167
-1.3575
-1.4351
-1.5063
-1.4924
-1.5584
-1.6470
-1.4274
-1.7146
-1.8609
-1.6402
-2.0298
-1.9860
-2.1113
-2.1169
-2.2214
-1.9705
-2.3396
-2.3328
-2.4350
-2.2539
-2.5084
-2.6586
-2.6117
-2.7186
-2.1260
-2.8519
-2.2367
-2.6546
-2.7499
-2.6571
-2.4607
-2.5752
-3.1281
-2.9271
-3.0025
-2.7624
-3.2075
-3.2125
-2.8415
-2.4718
-2.5593
-2.4700
-2.7370
-2.5200
-2.8433
-2.2216
-2.5958
-1.7031
-2.2033
-2.0477
-3.0244
-2.2207
-2.5416
-2.8741
-2.8451
-2.4066
-2.6313
-2.5149
-2.6171
-3.0187
-3.3353
-3.7133
-3.6701
-3.6136
-3.7751
-3.5235
-3.8197
-4.0603
-3.8595
-3.6108
-3.5560
-3.5798
-3.2713
-3.5634
-3.1677
-3.4918
-2.9862
-2.9344
-3.0851
-3.3643
-2.8248
-3.7124
-3.3283
-3.9144
-3.9081
-3.9642
-3.6544
-4.1491
-4.2665
-4.4110
-4.4659
-4.6270
-4.4479
-4.3199
-3.6289
-3.7918
-3.8755
-3.9066
-3.8390
-3.0859
-3.0464
-3.0678
-2.5564
-2.9016
-3.0429
-1.8711
-2.5726
-2.2162
-2.4708
-2.1855
-2.2961
-1.7120
-1.7428
-1.7578
-1.2918
-1.2739
-1.7410
-1.6677
-1.6793
-2.1591
-1.6609
-1.4559
-1.9471
-1.5881
-0.8385
-1.2360
-1.3895
-1.1856
-1.4580
-1.0874
-0.7261
-0.5084
-0.4677
-0.4365
0.2184
0.0367
-0.2256
0.3108
-0.1190
0.4531
0.6238
0.7277
0.7470
1.2214
0.8087
0.8985
1.5342
1.2612
1.1045
1.1643
0.9857
0.8946
1.0314
1.4273
1.5215
1.4634
1.7362
1.6701
2.1903
2.0983
2.2894
2.3898
2.5608
2.6451
2.9206
3.4727
3.4182
3.8682
3.8217
3.9911
4.2905
4.7522
4.7028
4.9892
4.6495
4.9376
4.9989
5.3076
5.1090
5.3615
5.4247
5.4955
5.8484
5.5784
5.7008
5.5274
5.7029
5.9824
5.8702
5.9134
5.7747
5.8039
5.6479
5.6577
5.9921
6.0715
6.2752
6.3104
6.3794
6.6222
6.5397
6.8076
7.1132
7.1746
7.6747
7.3581
8.1206
8.3799
8.0237
8.4287
8.2050
8.4859
7.6046
8.4830
8.6278
9.1940
8.5465
8.1877
7.8645
8.1883
8.1871
8.2582
7.5978
7.2951
7.6284
6.9168
6.2092
5.9122
5.1715
4.3748
3.7114
3.1472
3.2144
3.2345
2.9308
3.3616
2.6487
2.0132
2.4553
1.8193
1.2855
1.0785
1.8771
1.2793
0.9307
0.5471
0.1526
0.0618
-0.0154
0.2069
-0.5403
-0.2282
-0.3123
-0.1979
-0.5813
-0.7706
-0.5463
-0.4881
-0.8497
-0.8692
-1.0575
-1.2263
-1.6667
-1.7117
-1.5417
-1.6906
-1.6769
-1.6588
-1.7729
-1.7486
-2.2975
-2.4833
-2.8227
-3.3721
-3.6005
-3.6834
-3.7898
-3.8137
-3.9389
-3.5757
-4.1006
-4.0479
-4.4596
-4.6853
-4.8233
-4.9578
-4.8217
-5.0479
-5.0790
-5.0874
-5.0338
-5.0505
-5.0158
-5.0520
-5.0674
-5.0483
-5.0703
-4.8192
-5.1487
-5.2213
-5.4384
-5.5050
-5.5768
-5.5777
-5.6401
-5.4780
-5.7444
-5.8073
-5.8366
-5.8620
-5.8032
-5.7238
-5.6207
-5.4941
-5.5766
-5.3458
-5.6303
-5.9360
-6.2035
-6.3577
-6.4938
-6.4481
-6.7710
-6.3584
-6.6589
-6.8377
-6.9901
-6.7243
-6.9076
-6.9103
-6.9740
-7.1326
-7.0846
-7.2144
-6.9853
-7.2218
-7.1188
-6.9859
-6.8034
-6.7096
-6.5937
-6.3519
-6.5373
-6.5153
-6.5541
-6.5383
-6.5216
-6.3593
-6.3637
-6.2863
-6.1833
-6.3744
-6.3766
-6.3002
-6.1561
-6.0841
-5.9360
-5.9141
-5.5880
-5.5648
-5.4682
-5.2744
-5.2334
-5.1480
-5.0265
-5.0008
-4.8185
-4.8048
-4.6351
-4.3246
-4.3454
-4.1188
-3.9143
-3.6076
-3.6662
-3.6019
-3.4271
-3.2488
-3.0348
-2.8818
-2.7107
-2.6018
-2.3997
-2.3271
-2.1527
-1.8422
-1.8649
-1.6255
-1.4642
-1.2405
-0.8806
-0.8825
-0.7273
-0.5219
-0.2667
-0.0531
0.1783
0.3637
0.5763
0.8344
1.0330
1.2407
1.4130
1.5845
1.7336
1.9185
2.2066
2.1450
2.2736
2.4858
2.8269
3.1636
3.5259
3.7952
4.0144
4.3700
4.3492
4.5571
4.7866
5.1055
5.2913
5.5005
5.5848
5.6561
5.7616
5.8504
5.9832
6.2200
6.3236
6.7223
6.5905
6.7976
6.9843
7.2239
7.3906
7.6087
7.8041
8.2461
8.3410
8.5043
8.7058
8.7858
9.1606
9.0992
9.3342
9.3463
9.4671
9.6004
9.4467
9.4375
9.4639
9.3177
9.1725
9.1017
8.6785
8.4440
8.3192
7.9927
7.8211
7.4355
7.2344
7.2776
6.9005
6.7514
6.6472
6.3888
6.3094
5.9907
6.2057
5.7796
5.9268
5.6593
6.0008
6.0421
5.7436
6.6270
6.8153
7.0191
6.7749
7.8290
6.9984
7.9619
7.3788
8.8291
7.6041
9.0218
8.0353
8.1279
7.8559
7.8969
7.9032
7.4349
8.3086
7.3596
7.9944
6.9437
7.0574
7.0086
7.1210
6.0759
6.1468
5.8534
6.4466
5.7022
5.7733
5.3004
6.2124
5.1327
5.5705
5.4467
5.2902
6.0472
5.0627
5.9057
5.4702
5.7655
5.9537
6.0521
5.9153
5.9317
6.5518
6.3957
5.8968
5.2488
4.6463
5.9069
5.4526
5.5323
5.9484
5.3088
5.4330
5.0960
5.4460
5.4210
4.8559
4.6642
4.1816
3.8929
3.7360
3.8729
4.0884
3.8492
4.0007
4.2760
4.8091
4.9394
4.2899
4.4575
4.0324
4.0068
3.8309
3.5988
3.4840
3.6404
3.3965
3.3494
3.5752
3.2463
3.5283
3.5203
3.5547
3.4852
3.4950
3.5418
3.1508
3.3402
3.7205
3.6596
3.6749
4.2278
3.9842
4.2391
3.8223
3.5992
3.2675
3.2998
3.1368
3.2552
3.0938
3.7615
3.0501
3.3082
2.9515
2.7914
2.5964
2.3686
1.7002
1.9358
1.9542
1.9886
2.0437
2.5869
3.0148
2.9282
1.9923
2.2391
2.1194
2.3660
1.8408
1.4896
1.9141
1.7927
1.5712
1.5737
1.4762
1.4615
1.5847
2.1280
1.9948
1.6277
1.7577
1.3030
1.5014
1.4026
1.8203
1.9035
2.1872
2.0919
2.5817
1.8366
2.0454
2.2645
1.5673
1.5247
1.2404
1.0460
1.2405
0.9216
0.8119
0.9820
0.6812
0.3979
0.3635
0.5315
0.5567
0.5599
-0.0518
-0.0719
0.0280
-0.3803
-0.1903
-0.4969
-0.5386
-0.6059
-0.6464
-0.1450
-0.3714
-0.4897
-0.3587
-0.1573
-0.4174
-0.1147
-0.0818
0.4993
-0.1443
0.0135
-0.7163
0.0564
-1.2107
-0.9545
-1.8423
-1.5558
-1.3744
-1.6306
-1.7550
-2.0535
-2.0640
-1.7588
-2.5170
-2.1405
-2.1863
-1.7145
-3.0798
-2.7913
-2.0074
-2.9947
-2.5587
-2.7696
-2.7162
-3.0847
-3.5011
-3.0977
-3.6172
-3.5413
-3.5081
-3.9566
-3.9538
-3.7403
-4.0081
-4.0328
-4.2269
-4.4336
-4.3094
-4.4197
-4.4850
-5.3874
-4.9127
-5.6341
-4.8899
-5.4018
-5.6743
-5.8537
-5.6862
-5.3365
-5.9833
-6.1029
-5.9047
-6.1703
-5.5445
-6.0357
-5.8149
-5.9104
-5.6059
-5.5955
-5.2748
-5.6821
-5.6154
-5.6421
-5.1023
-4.9489
-5.2606
-4.9422
-4.8671
-5.0739
-4.8905
-5.2089
-4.9336
-4.9274
-4.7023
-4.9473
-4.6511
-4.2775
-4.5083
-4.4848
-4.3793
-4.1283
-4.1417
-4.2058
-3.9051
-3.9168
-3.5469
-3.8404
-3.6319
-3.0952
-3.3531
-3.2035
-3.1924
-3.0296
-2.3096
-2.7261
-1.6043
-2.1935
-1.7779
-1.6261
-1.9356
-2.0798
-2.3072
-1.7595
-1.8290
-2.0463
-1.6129
-1.5184
-1.3945
-1.5575
-0.9545
-1.6223
-1.1598
-1.4360
-1.0392
-0.5740
-0.2871
-0.0079
-0.1115
0.3330
0.3476
0.8004
0.4490
0.9161
0.6342
0.8444
0.7259
0.9047
1.0177
1.0854
1.4586
1.6068
1.6698
1.5952
1.7340
1.9170
1.8508
2.1129
1.8660
1.9446
2.4607
2.2781
2.1019
2.0369
2.1033
2.2465
2.6342
2.4965
2.6531
3.0321
3.2976
3.2659
3.6139
3.3621
3.5732
3.7403
3.9553
4.0544
