6.47625909
6.35535800
6.85055622
6.49153803
6.80119560
6.92383248
7.03036488
7.36076792
7.27992159
7.62115241
7.74476403
7.86763469
8.38659979
8.05726143
8.24096806
8.42404578
8.05002395
8.05389126
8.20969683
8.36457231
8.37844675
8.54826818
8.72583086
8.90656854
9.08025813
9.85211007
10.04181833
9.81760076
9.98746490
10.14562698
10.82512697
11.38759269
11.54183667
11.33583618
13.00601243
13.11432147
13.21548237
13.31204773
13.79229999
12.96506503
13.13499352
13.32431784
11.94856357
12.15632473
12.36792239
12.58039672
12.79194736
12.99082085
13.18163871
13.36205740
13.53674824
13.70388791
13.86482431
14.01270197
14.15401613
14.28732264
15.40850698
15.52810406
15.58652619
15.73337823
15.86499638
15.98466064
16.09600298
16.20563783
16.30745815
16.41542003
16.86406341
16.77675402
16.88882927
16.98649655
17.07421799
17.15900626
17.24008455
17.31785669
17.39004549
