0.5862
0.1995
0.3335
0.3060
0.4934
0.3266
0.5904
0.4572
0.7295
0.6023
0.8341
0.8251
0.9182
1.1682
0.8084
1.3126
1.4417
1.7047
1.6136
1.5609
1.8503
1.0828
1.3881
1.4215
1.2542
1.2357
1.8389
1.3969
1.3565
1.2360
1.8232
1.2188
1.2947
1.5873
1.2910
1.2606
1.3684
1.1913
1.0519
1.1721
1.2040
1.6428
1.3726
1.0541
1.3662
0.8094
1.2391
0.9902
1.2626
1.0283
0.9803
1.1888
1.2182
0.8641
1.1186
1.1350
1.0619
1.3285
1.3735
1.0811
1.6855
0.9578
1.4496
1.0512
1.4067
1.0908
1.2661
1.5196
1.1412
1.2196
1.0530
1.0665
1.5300
1.1096
0.8693
0.7954
0.9348
1.4073
1.3793
1.0798
1.0337
1.2275
1.1642
1.1524
1.1900
1.1753
1.0377
1.0478
0.8854
0.9268
0.7997
0.9657
0.8397
0.9142
0.7285
0.6225
0.6774
0.3468
0.2684
0.1841
0.1184
0.2345
-0.0508
-0.1128
-0.1198
-0.2043
-0.2202
-0.2636
-0.1533
-0.3522
-0.4899
-0.2830
-0.5676
-0.5696
-0.6775
-0.6895
-0.6515
-0.6758
-0.6195
-0.4071
-0.6837
-0.7096
-0.9300
-1.0301
-1.1502
-1.0188
-1.3013
-1.3705
-1.4495
-1.4258
-1.5281
-1.5533
-1.6310
-1.7506
-1.8068
-1.9149
-1.8064
-1.5275
-1.3798
-2.0104
-1.6510
-1.9918
-1.6457
-1.7019
-1.5397
-1.3417
-1.6147
-1.5988
-2.0753
-2.0365
-2.4075
-2.3304
-2.4704
-2.5316
-2.2652
-2.7818
-2.7424
-2.7993
-2.9209
-2.7687
-3.1511
-2.8749
-3.1409
-3.0842
-3.1959
-3.2845
-3.3460
-3.1818
-3.4504
-3.4908
-3.5323
-3.6409
-3.4542
-3.7742
-3.8089
-3.8588
-3.9005
-3.8635
-3.7069
-3.8453
-3.8032
-3.4766
-3.5188
-3.1118
-2.7142
-2.9842
-2.7468
-2.3408
-2.5903
-2.3838
-2.1207
-2.1475
-2.4657
-2.3937
-2.2800
-2.6480
-2.1830
-2.2116
-2.3325
-1.7424
-1.5757
-2.1993
-1.9385
-2.8410
-2.6554
-2.6631
-2.0888
-2.4103
-2.6524
-3.1163
-2.5873
-2.8092
-2.7679
-2.2120
-2.3326
-2.1676
-1.6920
-0.9742
-0.5399
-1.0025
-1.0853
-1.7858
-1.5486
-1.5179
-1.0867
-0.7927
-1.4220
-1.5662
-1.2578
-1.4736
-1.3271
-0.8194
-1.3387
-1.2663
-1.5253
-1.1073
-0.4778
-1.0172
-1.2900
-1.6223
-1.4231
-1.3171
-1.0066
-0.9588
-1.3276
-1.3586
-0.9823
-0.8841
-0.6603
-1.0021
-0.7345
-0.8827
-1.0393
-0.8688
-0.8972
-0.6749
0.4591
0.5788
0.9479
0.1928
-0.2845
0.2704
-0.1969
0.6693
0.2764
-0.2404
-0.3542
-0.5362
-0.3541
0.0850
0.2087
-0.2773
0.1568
-0.1995
-0.3890
-0.3070
-0.3603
-0.5100
-0.6056
-0.5642
-1.2058
-1.1761
-0.8627
-0.9187
-0.9374
-1.2313
-1.3067
-1.3837
-1.4974
-1.5884
-1.5551
-1.5573
-1.5052
-1.5179
-1.5051
-1.4852
-1.4935
-1.3008
-1.2856
-0.8669
-0.9109
-0.7257
-0.0043
-0.2830
-0.2107
-0.2196
-0.2132
-0.7928
-0.7993
-1.2019
-1.3260
-0.9003
-1.1139
-1.3664
-1.1590
-1.3041
-1.0988
-1.2492
-1.2324
-1.2240
-0.8794
-0.6770
-0.9771
-0.7745
-0.1344
-0.1445
0.3513
0.8448
0.2840
0.6899
1.2775
0.7791
0.9226
0.1740
0.8371
0.8138
1.1888
1.4418
1.6146
2.1016
2.2728
2.2515
1.9510
2.5519
2.4893
2.5783
1.7768
1.3973
1.8455
0.7891
1.0150
0.2636
0.1908
0.6612
0.5969
0.6233
0.5465
0.1055
0.2438
0.0393
-0.1335
-0.2449
-0.1877
0.5180
0.7525
0.3397
-0.0701
0.6322
-0.0929
0.1585
0.0392
-0.1817
0.1175
-0.4300
-0.3713
0.0095
-0.1886
-0.0164
-0.3907
-0.0651
-0.0695
0.2057
-0.1742
0.8883
-0.0541
0.6504
0.0536
0.3218
-0.1186
-0.2542
-0.5049
-0.5662
-0.3238
-0.2754
0.1082
0.3630
-0.4130
-0.3475
-0.1116
-0.8099
-0.9751
0.1175
-0.4112
-0.1037
0.5306
0.2149
0.7825
1.3062
1.1338
2.1900
1.5871
2.2318
1.9684
1.0588
1.3252
0.8108
0.7349
0.7491
0.8752
0.8698
0.9390
0.9966
0.6614
0.4915
0.7267
0.7871
0.5619
0.8085
0.9798
0.5953
0.1497
-0.2802
0.0784
-0.6114
-0.6225
-0.5195
-0.1861
-0.2827
-0.9123
-0.6851
-0.9930
-1.1561
-0.9139
-0.8401
-0.8993
-0.8521
-1.0722
-1.0233
-0.7204
-1.1336
-0.8727
-1.0567
-1.1167
-1.4544
-1.9047
-1.4138
-2.5292
-2.5265
-2.7617
-2.5916
-2.5609
-2.5147
-2.8013
-2.5273
-2.6710
-2.6790
-2.7593
-2.3030
-2.1670
-2.2041
-2.3727
-1.6748
-1.7592
-2.2840
-2.3839
-2.2354
-2.1155
-2.5490
-2.5796
-2.4199
-2.4682
-2.1858
-2.3211
-1.9157
-1.9649
-1.6731
-1.9427
-1.9309
-1.9333
-1.5834
-1.8358
-1.8649
-1.7025
-1.2692
-1.5787
-1.6450
-1.6635
-1.6432
-1.3355
-1.5341
-1.4647
-1.5340
-1.4582
-1.1846
-1.1672
-1.1503
-1.0731
-0.8711
-0.7721
-0.8755
-0.5113
-0.7147
-0.5531
-0.6219
-0.4019
-0.5965
-0.6193
-0.5693
-0.4011
-0.6100
-0.6067
-0.6291
-0.5289
-0.5067
-0.4002
-0.4250
-0.4371
-0.1715
-0.4310
-0.3677
-0.4395
-0.2128
-0.3945
-0.3901
-0.3487
-0.3865
-0.3527
-0.3951
-0.3758
-0.3221
-0.3481
-0.2701
-0.3088
-0.2422
-0.1680
-0.0045
-0.1836
-0.0494
0.0658
-0.1270
0.1487
-0.0002
0.2812
0.2199
0.1420
0.2790
-0.0233
-0.0590
0.2033
0.0468
0.0403
0.0320
0.0630
0.0187
0.0778
0.0247
-0.0889
0.0789
-0.2419
-0.0605
-0.2044
-0.2681
-0.2494
-0.3000
-0.3607
-0.3150
-0.4327
-0.2400
-0.3201
-0.5596
-0.4601
-0.4728
-0.3674
-0.4908
-0.5148
-0.5422
-0.5199
-0.5365
-0.3762
-0.6531
-0.6290
-0.5496
-0.4950
-0.2163
-0.4512
-0.4173
-0.5295
-0.5235
-0.3282
0.0267
-0.5460
-0.5290
-0.5847
-0.3803
-0.2713
-0.3423
-0.2443
-0.4187
-0.1755
-0.4923
-0.5685
-0.7824
-0.8126
-0.5678
-0.6475
-0.7962
-0.9248
-0.8255
-0.8689
-0.8065
-0.8920
-0.9829
-0.8093
-1.1207
-1.0453
-0.9261
-1.0741
-1.0836
-1.0490
-1.0955
-1.1178
-1.0739
-1.1470
-1.1136
-1.0539
-0.8845
-1.1698
-1.0030
-0.8946
-1.2247
-1.2939
-1.0543
-1.1987
-0.8545
-1.1265
-0.7517
-1.1240
-1.0578
-0.8098
-0.7120
-0.8853
-1.0135
-1.0318
-1.1275
-1.0709
-1.4245
-1.4970
-1.5296
-1.3652
-1.5797
-1.3739
-1.4758
-1.1493
-1.1621
-1.0971
-0.8065
-0.9175
-0.9451
-0.8313
-0.8141
-0.3215
-0.4815
-0.2411
-0.1765
-0.0097
0.1100
0.1381
0.2997
-0.0222
0.0017
0.1956
0.1649
0.1261
0.9990
0.3804
0.1331
0.4117
0.6412
0.5855
0.7697
0.9419
0.9548
0.7631
0.6506
1.0827
0.9045
1.0023
1.2722
1.2144
1.0672
1.2489
1.0977
1.3619
1.4777
1.4610
1.4870
1.3135
1.2660
1.4869
1.6124
1.2409
2.0805
1.5809
1.8528
1.7809
2.0835
2.1059
2.0962
2.1372
2.1967
2.4233
2.5529
2.2087
2.4610
3.1455
3.3583
3.5239
3.3661
3.8583
3.6841
4.9274
4.3332
5.4851
5.1874
5.6907
5.8364
5.9957
5.5269
5.2119
5.2705
4.9938
5.1855
3.8450
4.1987
3.4932
3.5091
3.1835
3.4021
4.0010
2.9720
3.1754
3.2671
3.5841
3.0277
2.8250
2.8067
2.6455
2.6507
2.7406
2.6184
2.6144
2.7426
2.7126
2.4091
2.1897
2.1998
2.1037
1.9981
1.8465
1.6501
1.7712
2.2413
2.0885
2.1203
1.5892
1.5751
1.4869
1.5955
1.8863
1.5913
1.5958
1.5777
2.2387
1.8753
2.2055
2.4312
2.2695
2.3100
2.2512
2.3022
2.7932
2.6543
3.1540
3.0937
3.4696
3.4187
3.0769
2.5408
2.3886
3.0739
2.6022
2.4821
2.3272
2.7965
2.3392
1.5998
2.1009
2.1804
1.3545
1.0164
1.1832
0.9828
1.4051
1.8558
1.1836
0.8687
0.7239
0.3209
0.2022
0.2359
0.1750
0.1233
0.1175
0.1281
-0.0294
-0.1657
-0.4016
-0.2916
-0.2469
-0.2104
-0.2796
-0.2463
-0.0688
-0.1567
-0.0065
-0.4093
-0.4085
-0.6907
-0.5199
-0.6542
-0.5204
-0.4157
-0.4764
-0.5067
-0.6334
-0.5715
-0.5042
-0.0628
-0.2748
0.4415
0.2066
-0.2546
0.7929
0.3564
0.5915
0.7155
0.1023
0.6786
0.3865
0.4411
0.5229
0.0349
0.6519
-0.0106
0.3361
0.1581
0.6577
0.6375
0.3502
0.6627
0.3418
0.8112
0.6666
0.7989
0.4936
0.8243
0.7157
0.8744
1.0044
1.1740
1.2471
1.0607
1.3272
1.2427
2.1744
1.4937
2.0128
1.2369
1.4696
1.7554
2.0066
2.4076
3.5369
2.7654
2.9788
4.3419
3.7338
4.7289
3.9881
4.5316
5.8502
4.6386
6.4859
4.5599
5.1751
4.8437
4.6089
4.6414
4.2765
4.5996
4.7839
4.5649
4.5680
4.0835
4.0920
3.9244
4.3016
4.1054
4.2246
3.8392
3.6470
3.1409
3.2304
3.3488
2.7689
2.7438
2.5667
3.2526
2.8003
3.2552
3.3842
3.2532
3.4680
3.4175
3.1254
2.8981
2.7111
2.4577
2.3069
2.3957
2.3361
2.4322
2.7130
2.5163
2.5070
2.4326
2.5059
2.6704
2.7330
2.6966
2.7132
2.9117
2.8813
3.1108
3.0798
2.9131
2.7345
2.6233
2.3800
2.5113
2.6582
2.3161
2.7170
2.5019
2.1677
1.9076
2.2812
2.2998
2.1850
1.9134
1.9396
2.0012
1.8544
1.7865
2.0097
1.7254
1.6930
1.8536
1.7814
1.8230
1.7314
1.7160
1.8126
1.9245
1.7856
1.9012
2.0052
1.8365
2.2973
1.7144
1.7360
1.4723
1.5646
1.7681
1.7311
1.4755
1.4279
1.4183
1.3681
1.3326
1.1579
1.0791
0.9540
0.9082
1.0981
0.8891
0.9185
0.9164
1.1472
0.9614
0.9827
1.0807
1.1290
1.1336
1.0916
0.9832
0.9471
0.8879
1.0835
0.8467
0.9115
0.8869
0.9665
1.0309
1.0386
1.0434
0.9568
0.9052
1.3069
1.2061
1.3653
2.1675
1.4697
1.9067
1.3466
1.5590
1.3576
0.9770
1.4264
0.9304
1.1662
1.3088
1.1477
1.1188
0.8530
1.3369
0.8345
0.8807
1.2209
0.9627
0.6535
0.6028
0.3972
0.6747
0.1982
0.0286
-0.2401
-0.2099
-0.0026
-0.3025
-0.4026
-0.3980
-0.5166
-0.4232
-0.4061
-0.4753
-0.6164
-0.6440
-0.6774
-0.9402
-1.0103
-1.0032
-1.0786
-1.0286
-1.1879
-1.0279
-1.0789
-1.3941
-1.3632
-1.5421
-1.5591
-1.5614
-1.2578
-1.4321
-1.3329
-1.2694
-1.4848
-1.5922
-1.2796
-1.2426
-1.1206
-1.3552
-1.2481
-1.3391
-1.1826
-1.3702
-1.0281
-1.3585
-1.3798
-1.0442
-1.1216
-1.4667
-1.1684
-1.3059
-0.9904
-1.3362
-0.7671
-1.4771
-1.3887
-1.1966
-1.3421
-1.4135
-1.1286
-1.0073
-0.9215
-0.8306
-0.6997
1.4053
0.4935
1.1939
1.1222
1.7021
3.0376
2.6942
2.5584
4.5747
3.1800
3.0228
2.8371
2.5404
2.4055
2.9715
2.5786
2.7869
2.3773
2.7886
2.4207
3.0343
2.7186
2.5399
1.7614
2.2466
2.6987
2.7570
1.2548
1.7608
1.3506
0.8434
0.9374
0.9596
1.0358
1.3510
1.3450
0.6583
0.8740
1.3494
1.1630
1.0597
0.7974
0.9771
1.1408
1.4503
1.4357
1.3595
1.4396
1.0311
0.9950
1.1249
1.0557
1.4020
1.1717
1.4514
1.2837
1.4680
1.4379
1.8601
2.1362
1.6994
1.8379
2.1169
2.2420
1.4926
1.5983
1.5110
1.8622
1.8705
2.1474
2.1299
2.3345
1.9699
2.4094
2.4373
2.9225
2.5360
2.7843
2.4712
2.4887
2.4175
2.6544
2.9381
2.8651
2.7086
2.6964
2.5358
3.1906
2.8447
2.9680
3.1490
3.4535
3.1990
3.7968
3.3047
3.4354
3.0651
3.5854
3.1075
3.9791
3.5291
3.5867
3.6742
3.4392
3.4232
3.8567
3.5225
3.2960
3.2551
3.3815
3.3612
3.4203
3.5052
3.4480
3.5036
3.4451
3.5802
3.5910
3.3196
3.4901
3.5610
3.3585
3.5771
3.3483
3.3464
3.3171
3.4110
3.5419
3.4752
3.4201
3.7243
3.4020
3.4022
3.3263
3.3165
3.4036
3.3098
3.4992
3.2050
3.2037
3.1531
3.5292
3.0013
3.0729
3.1657
3.3242
3.3144
3.4466
2.9501
3.0840
3.2780
3.6322
3.6080
3.5587
3.3710
3.6030
3.4528
3.4588
3.1738
2.7787
2.8613
2.9072
2.7695
2.8362
2.7310
2.9802
3.2080
3.1302
3.0857
3.7244
3.0244
3.2334
3.1284
2.5376
2.6304
2.0668
1.9170
1.5668
1.5787
1.3014
1.2540
1.1092
1.1548
1.4147
1.5234
1.3501
1.4856
1.4995
1.2520
1.1625
1.1367
0.6991
0.2609
0.1660
-0.3591
-0.6188
-0.6797
-0.6695
-1.3783
-1.4887
-1.6673
-1.6917
-1.7802
-1.8693
-1.8074
-2.0487
-1.7883
-2.1977
-1.8921
-2.0922
-1.9341
-1.9587
-2.2164
-1.9557
-2.2130
-2.2831
-2.5482
-2.1875
-2.4220
-2.4922
-2.2073
-2.5565
-2.4024
-3.1990
-3.5825
-2.8999
-3.7837
-3.8743
-4.3780
-4.4157
-4.2966
-4.4507
-4.5568
-4.9380
-4.9550
-4.9035
-5.2306
-5.3518
-5.4860
-5.5349
-5.6212
-5.6996
-5.8457
-5.9761
-6.0836
-6.1718
-6.1853
-5.9613
-5.9868
-5.6584
-5.6722
-5.8888
-6.0949
-6.5071
-6.4054
-6.7139
-6.9128
-7.6088
-7.8236
-7.8893
-8.0189
-8.1521
-8.3982
-7.9037
-7.7583
-8.4030
-7.5856
-7.4852
-7.9110
-6.8966
-7.4687
-6.7555
-6.7399
-6.3912
-7.1328
-7.1457
-7.5996
-6.8322
-7.3439
-6.6524
-6.7739
-5.8892
-6.7373
-6.4639
-6.5885
-6.4725
-6.4893
-6.4701
-6.5091
-5.8610
-5.7500
-5.9568
-4.8687
-4.9815
-5.0132
-4.5860
-4.5921
-3.6481
-4.1202
-3.8641
-4.1024
-3.7079
-3.6655
-3.5370
-3.2287
-2.6467
-3.0738
-2.8555
-2.8943
-1.9117
-2.1887
-1.3025
-1.3063
-0.4576
-1.1511
-0.2073
0.3208
0.8984
0.6991
0.5514
0.9646
0.7190
1.1625
1.2629
1.5227
2.0361
2.1718
1.5400
1.9056
1.3731
1.5956
1.4760
1.6658
1.6498
1.7311
2.1439
2.1935
2.3302
2.7034
2.7532
3.4455
3.5411
3.6417
4.3719
4.6947
5.1200
4.9904
5.5454
5.1566
5.9681
6.0709
6.6100
7.0422
6.8639
7.0536
7.6505
7.1402
6.7782
6.6089
6.7313
6.3035
6.3308
6.2421
6.1199
6.1104
6.0575
6.3453
6.5865
6.6066
6.7454
7.2840
7.2013
7.5794
7.4750
7.5688
8.1804
8.0514
7.8351
7.9202
7.9676
8.2416
8.6059
8.7153
8.7991
8.6863
8.7571
8.7445
8.6441
8.9819
8.5657
8.5557
8.3458
8.2386
8.1737
7.9991
8.1509
7.7264
7.5040
7.2187
7.2829
6.3116
6.4469
7.4137
6.5346
7.2502
6.7186
6.2382
7.0746
6.8032
7.4051
7.3084
6.6390
7.1255
6.9412
6.4903
6.6120
6.0561
6.2114
6.2548
6.6587
6.2488
6.5628
7.1146
7.3445
7.3592
6.4257
6.5199
5.4134
4.7673
4.9230
4.8713
4.7722
5.4069
4.0108
3.5773
3.8501
3.3759
2.8789
2.7958
3.7896
2.5941
3.1395
2.7377
2.3815
2.0679
1.9782
1.9043
2.3198
2.4247
2.2642
2.2538
1.4734
1.3652
1.1869
0.7313
1.3604
0.5292
0.7621
0.3652
0.6620
0.4057
0.4102
-0.0147
-0.1665
-0.2382
0.1388
-0.0500
-0.2755
-0.3715
-0.7507
-0.7570
-0.7346
-0.8396
-1.0740
-1.1082
-0.5882
-0.9555
-0.9359
-0.8368
-1.2224
-1.2600
-1.8630
-2.0794
-2.2709
-2.3924
-2.4431
-2.5500
-2.4462
-2.6688
-3.0171
-3.1963
-3.2492
-3.4538
-3.3607
-3.7949
-3.9201
-3.8247
-4.0972
-4.1174
-3.9628
-4.0854
-4.1963
-4.0068
-4.2394
-4.2349
-4.1570
-4.1108
-4.1388
-4.0840
-3.8194
-3.9647
-4.1502
-4.4005
-4.4130
-4.4895
-4.5258
-4.5176
-4.5264
-4.6398
-4.6174
-4.9133
-5.3017
-5.4972
-5.6413
-5.7541
-5.7912
-5.5977
-5.5236
-5.8046
-5.9784
-6.1754
-6.1224
-5.9043
-5.8419
-6.0256
-6.1150
-6.3624
-6.4146
-6.3920
-6.4652
-6.4613
-6.4976
-6.2291
-6.1757
-5.8737
-5.9167
-5.9794
-5.8419
-5.8997
-5.5828
-5.8623
-5.5931
-5.5107
-5.5799
-5.3637
-5.0243
-5.2125
-5.2235
-5.1841
-5.2219
-5.3886
-5.2746
-5.1021
-5.1703
-4.9488
-4.8080
-4.6352
-4.2794
-4.2986
-4.2458
-4.1546
-4.1278
-3.9641
-3.8810
-3.5453
-3.7437
-3.6376
-3.4476
-3.3036
-3.1376
-2.7619
-2.9055
-2.7092
-2.6564
-2.2945
-2.3752
-2.2493
-2.0585
-1.5665
-1.7453
-1.7586
-1.6738
-1.4405
-1.5128
-1.2839
-1.1444
-0.8395
-0.9339
-0.8992
-0.5661
-0.5777
-0.5177
-0.2577
-0.0004
-0.0033
0.2617
0.5720
0.6779
0.7101
1.1112
0.9761
1.1346
1.3988
1.3742
1.3939
1.7322
1.6669
1.8926
2.0738
2.4871
2.3732
2.4698
2.4721
2.4920
2.8096
2.7007
2.8619
2.8450
2.9816
3.1422
3.0956
3.1068
3.2923
3.4406
3.5528
3.9336
3.6910
3.7988
3.7087
3.7909
3.7694
4.1496
3.9276
4.1225
4.2590
4.1402
4.1928
4.3905
4.4701
4.2964
4.4894
4.6394
4.8989
4.7226
4.5758
4.5475
4.5612
4.7137
4.6004
4.4884
4.5125
4.7869
4.6026
4.6753
4.6494
4.6793
4.7272
5.1367
4.8494
4.8975
4.8931
4.8954
4.7501
4.8860
4.4791
4.4497
3.9941
3.7151
3.4120
3.2912
3.2310
2.9526
2.8670
2.4519
2.2365
2.1858
2.2224
2.0911
1.9718
1.9360
1.8103
1.7726
1.6810
1.7845
1.8066
2.1214
1.9420
1.9789
2.0234
1.8613
2.1338
1.7712
1.4403
1.4007
1.2059
1.1667
1.0027
0.9806
0.8023
0.7367
0.4220
0.3202
0.2452
0.3845
0.3030
-0.0368
-0.1258
-0.3913
-0.3185
-0.7835
-0.8258
-0.8277
-0.8763
-0.6145
-0.8070
-0.8969
-0.8142
-0.8905
-1.0317
-0.7466
-1.1680
-1.2538
-1.0509
-1.1891
-0.9753
-1.1484
-1.0114
-1.1014
-1.0086
-1.0366
-0.9258
-1.3771
-1.5510
-1.7223
-1.8486
-1.9021
-1.9382
-1.9880
-1.9960
-2.1232
-2.2560
-2.4074
-2.4340
-2.5699
-2.5985
-2.7161
-2.5950
-2.4865
-2.7906
-2.7075
-2.9449
-3.0218
-3.2438
-3.3965
-2.8245
-3.0116
-2.5334
-1.9270
-2.2887
-2.8476
-1.8807
-2.4932
-2.4711
-2.5289
-2.3589
-1.7696
-1.7351
-1.1298
-0.8552
-0.9137
-0.1751
0.2568
0.5572
0.0244
0.0895
-0.8668
-0.8652
-1.8982
-2.6465
-2.2965
-3.3041
-2.7728
-3.8153
-4.0040
-4.4617
-4.5124
-4.7088
-4.7328
-5.2188
-4.5436
-5.2267
-4.8702
-5.3218
-5.2505
-5.3079
-4.5812
-4.3815
-4.2098
-4.1795
-3.5341
-3.4657
-3.4626
-3.8995
-4.3110
-4.0788
-4.1519
-4.4049
-4.9289
-4.0597
-5.2421
-4.7995
-5.3692
-5.7246
-5.6742
-5.7263
-5.2802
-5.1387
-5.6724
-5.8398
-5.5791
-5.2198
-5.3911
-5.2100
-5.0295
-5.2269
-5.1397
-5.5071
-5.4645
-5.3684
-5.3361
-5.6884
-5.1820
-5.7054
-5.4011
-5.1117
-5.3764
-4.8520
-5.1795
-5.0983
-4.9794
-4.4249
-4.5936
-4.6950
-4.5652
-4.5756
-4.3785
-4.0478
-3.4882
-4.0939
-4.2279
-3.6128
-4.2251
-4.3223
-4.3481
-3.9845
-4.0758
-3.7038
-3.7530
-3.7238
-3.2621
-3.3915
-3.4967
-3.2791
-2.8349
-2.6585
-2.9207
-2.1855
-1.6800
-1.5277
-0.9904
-0.9912
-1.1121
-0.6776
-0.1154
-0.1773
-0.2816
-0.2578
-0.3347
-0.4553
-0.4907
-0.5541
-0.5672
-0.4141
-0.5618
-0.5058
-0.1866
-0.3621
-0.2211
-0.2642
-0.1112
-0.0937
0.2651
0.1998
0.3909
0.6987
1.0461
1.0815
1.1635
1.2674
1.4159
1.4002
1.7174
1.4232
1.3966
1.7311
1.5817
1.7222
1.8574
2.2070
2.6722
2.6116
2.8265
3.2225
2.9527
2.9565
2.7032
2.2141
2.2773
1.9355
1.9747
1.9067
1.9900
2.0118
2.0399
2.0325
1.9751
2.1334
2.1505
1.9097
2.0551
2.0304
2.6008
2.6572
2.6190
2.5182
2.4819
2.2788
2.4728
2.0261
1.9007
2.3303
1.9049
1.8232
1.6973
1.5153
1.6926
1.4735
1.1603
0.9091
1.0036
0.6535
0.6140
0.3854
0.5208
0.1482
0.0682
0.0004
-0.1231
-0.2235
-0.2762
-0.2959
-0.1261
-0.2267
-0.3563
-0.3255
-0.5001
-0.5572
-0.6884
-0.7326
-0.8216
-0.8891
-0.7679
-0.9568
-0.9261
-1.1633
-0.8425
-1.0247
-1.2165
-1.3009
-1.3792
-1.2191
-1.3138
-1.6576
-0.6479
-1.1469
-0.9285
-1.1971
-1.3544
-0.5046
-0.9954
-0.7618
-0.3305
-1.0797
-0.6385
-0.8043
-1.2541
-0.6143
-1.5332
-1.5774
-2.2045
-2.4545
-2.8327
-2.5582
-2.8699
-2.9459
-3.1631
-2.8637
-3.2085
-3.0607
-3.2212
-3.2273
-3.4550
-3.2162
-3.2323
-3.2213
-3.0685
-2.2278
-2.7014
-2.1690
-2.1660
-1.9903
-1.2215
-1.6030
-1.6298
-1.2487
-0.4111
-1.7323
-1.7899
-1.7705
-1.2410
-1.3260
-0.5702
-0.8205
-0.5547
-0.3650
-1.5030
-1.2612
-1.6291
-0.9902
-1.4996
-1.2047
-1.5952
-1.2501
-1.8665
-1.7785
-1.4618
-1.6978
-1.5075
-1.5419
-1.6637
-1.0931
-1.5479
-1.2430
-0.6302
-0.5423
-0.4740
-0.5966
-0.0598
-0.9477
-0.5041
-0.9033
-0.4980
-0.9591
-0.8422
-0.9783
-0.9171
-0.6623
-0.4957
-0.7791
-0.8804
-0.2497
-0.4119
0.5342
-0.1623
-0.1350
-0.1825
-0.1575
0.1479
0.0875
0.1875
0.2024
0.1720
0.6287
0.2153
0.4233
0.5534
0.4334
0.2721
0.6927
0.5011
0.3965
0.3909
0.7663
0.4646
0.5161
0.5509
0.8360
0.2863
0.5138
0.7994
0.4337
0.2845
0.2208
0.2281
0.2580
0.3509
0.4027
0.5902
0.7172
1.2484
0.9594
0.9905
0.7914
1.2815
1.3408
1.8871
2.2977
2.9289
2.1375
2.1203
2.7170
2.2027
2.4581
2.8485
3.3154
3.2251
3.1871
3.4066
3.4579
2.8811
3.6824
2.6855
3.1842
2.4578
2.7178
2.5782
2.2806
2.1101
1.8987
1.1947
0.6097
0.8739
0.7985
0.8291
0.9402
0.5776
0.2339
0.3555
0.3168
0.5274
0.5881
0.5715
-0.1743
-0.3606
-0.0608
0.0613
0.1870
0.3368
0.1910
0.1753
0.3352
-0.4398
-0.4409
-0.5425
-0.8992
-0.9315
-0.9683
-1.1122
-1.0862
-1.3917
-1.2145
-1.5519
-1.4697
-1.4090
-1.3272
-1.1337
-1.4100
-1.5499
-1.4137
-1.7049
-1.8173
-1.8735
-2.0296
-2.0129
-2.1343
-2.1121
-2.1826
-2.1917
-1.8218
-2.2561
-2.0177
-2.0994
-1.6676
-1.1494
-1.8180
-1.4936
-1.1682
-0.4470
-1.2419
-0.7866
-1.2909
-1.3732
-2.1082
-1.6145
-1.0330
-1.4360
-0.7638
-1.1031
-0.9327
-0.9673
-1.3498
-1.3901
-0.7384
-0.4717
-0.9959
-0.2114
-0.7397
-0.5853
-1.2460
-1.2240
-1.7824
-1.2596
-1.9439
-2.1547
-2.8600
-2.9049
-3.3764
-3.2724
-3.2656
-3.3314
-3.7277
-4.2059
-4.3280
-4.7615
-4.8181
-4.7697
-4.8168
-4.8769
-5.1012
-5.3291
-5.2537
-5.6125
-5.6960
-5.7003
-5.8697
-5.9186
-6.0909
-6.2670
-5.8969
-6.0887
-5.6007
-5.3744
-6.0645
-5.9603
-5.3705
-6.1646
-5.6031
-5.5113
-5.9077
-5.9706
-6.3149
-6.0237
-5.8756
-6.1320
-6.3642
-6.4939
-6.4550
-6.8244
-7.1543
-6.9716
-7.1590
-7.2502
-7.3880
-7.5026
-6.9589
-7.5995
-7.2670
-7.4508
-7.0202
-6.7822
-6.9067
-7.0501
-7.3224
-7.3322
-7.6919
-7.6277
-7.2732
-7.6337
-7.5700
-7.5861
-7.4732
-7.5207
-7.5135
-7.3273
-7.2990
-7.5253
-7.2650
-7.4432
-7.1746
-7.1111
-6.8715
-6.7221
-6.5682
-6.7220
-6.7319
-6.5161
-6.8585
-6.5741
-6.5926
-6.7410
-6.7640
-6.6726
-6.6824
-6.2053
-6.3547
-6.0738
-6.0019
-5.7398
-5.8959
-5.6272
-5.6268
-5.4680
-5.5131
-5.6385
-5.1393
-5.2270
-5.4082
-5.2837
-5.0832
-5.1392
-4.9390
-4.7037
-4.6191
-4.0943
-4.5196
-4.4114
-4.1754
-4.1631
-3.9500
-3.9820
-3.8503
-3.7040
-3.4217
-3.6044
-3.5921
-3.2799
-3.3949
-3.1076
-2.8095
-2.4000
-2.5541
-2.0129
-2.3843
-2.5501
-2.4314
-1.9471
-1.8957
-2.0518
-1.8281
-1.8032
-1.5282
-1.1895
-1.0084
-1.2566
-1.3147
-1.1121
-0.7935
-1.1489
-1.1168
-1.0027
-1.0028
-0.5688
-0.6998
-0.3880
-0.4226
-0.1737
-0.1111
-0.4327
0.2410
-0.3096
-0.3015
-0.3136
-0.2336
0.1078
0.0086
0.1327
0.2230
0.1070
0.1162
-0.0772
0.1510
0.0125
0.1573
0.3456
0.6129
0.4885
0.4400
0.4090
0.3809
0.4293
0.3612
0.3992
0.3641
0.6813
0.7567
0.6238
0.6173
0.6523
0.7210
0.7497
0.8347
0.9876
1.0222
1.0434
1.4147
1.2449
1.1651
1.4426
1.0806
1.2924
1.0795
1.2309
1.3600
1.7226
2.0273
2.6068
2.6099
2.7010
3.2674
3.2275
3.7651
3.7573
2.9797
3.5634
3.4694
3.8879
4.2428
4.3101
3.5715
3.9570
3.9432
3.5081
3.6479
3.4216
3.1510
3.2079
2.5355
3.0173
2.7457
2.8665
2.9571
3.1202
3.2929
2.5360
2.8495
1.8496
1.6570
1.6544
1.1750
1.8999
0.8959
1.4058
0.9205
0.7870
1.2891
1.2452
0.6721
0.6028
0.4245
1.2264
0.8639
0.6099
0.0284
-0.1624
-0.2119
-0.0462
0.3545
-0.1365
0.3176
-0.0521
-0.0311
-0.4941
-0.9639
-0.8225
-0.9032
-0.8403
-0.9850
-0.6796
-0.9655
-0.7600
-0.8286
-0.6027
-1.0465
-1.1875
-1.3719
-1.6293
-1.6135
-1.6738
-1.7576
-1.9025
-2.0960
-2.1723
-1.9616
-2.1969
-2.1785
-2.2410
-2.0047
-2.1273
-2.0317
-1.9094
-1.8538
-1.6106
-1.6570
-1.9187
-1.8547
-1.9319
-1.8816
-2.0330
-1.9281
-2.0820
-1.8882
-2.1904
-2.1205
-1.8832
-1.9582
-2.0459
-1.9800
-1.9433
-2.1325
-1.6610
-2.1930
-2.0174
-1.7856
-1.3397
-0.8755
-0.6160
-0.2307
-1.5329
-0.3347
-0.9972
-0.5434
-1.3462
-1.9573
-1.3642
-1.4856
-1.4696
-0.7405
0.1127
-0.1036
-0.0726
-0.1206
-0.3831
-0.2085
-0.1471
0.2920
-0.2607
-0.9568
-0.8457
-0.7471
-0.4564
-0.8967
-1.0084
-0.6524
-0.3944
-0.3870
-0.1718
0.2127
0.6101
0.3199
1.5952
0.8810
-0.1678
-0.0447
0.4059
1.0868
0.3618
0.3900
0.7098
0.4858
0.1663
0.2603
0.4111
-0.0792
0.1598
0.6375
0.7042
0.1300
0.6834
0.0151
0.4590
1.0849
0.4575
1.0586
0.7235
1.1585
0.5881
-0.0727
-0.1450
-0.1767
-0.5004
-0.8077
-0.4601
-0.7623
-0.7680
-0.6359
-0.6996
-0.9070
-0.9601
-0.4882
-1.0154
-0.7965
-0.9316
-0.7795
-0.5812
-0.5629
-0.5253
-0.5919
-0.5131
-0.4108
-0.2122
-0.2396
-0.1935
-0.4404
-0.2261
-0.4967
-0.4893
-0.5294
-0.4996
-0.3670
-0.2615
-0.2141
0.0015
-0.2857
0.1001
-0.5226
-0.5299
-0.6581
-0.5678
-0.6385
-0.4859
-0.5547
-0.0527
-0.3423
-0.6479
-0.4794
-0.5430
-0.5064
0.0018
-0.1978
-0.2960
-0.6506
-0.8072
-0.8187
-1.0493
-0.9720
-0.8912
-1.0764
-1.1132
-1.0065
-1.0622
-1.1427
-1.0796
-1.4596
-1.3953
-1.5201
-0.8929
-1.2689
-1.2077
-1.2346
-1.0753
-1.3723
-1.7843
-1.4096
-1.5137
-0.9388
-1.5136
-1.3035
-1.3144
-0.9468
-1.1306
-0.8038
-1.2081
-1.1751
-1.2957
-1.4017
-1.8695
-1.5218
-1.9789
-1.8702
-2.0286
-2.1141
-1.7400
-2.1329
-2.2383
-2.2168
-2.2998
-2.2647
-2.3554
-2.1318
-2.4143
-2.3742
-2.2767
-2.1114
-2.0080
-1.8536
-1.8676
-1.7644
-1.7774
-1.6291
-1.7884
-1.6658
-1.6057
-1.7947
-0.8707
-1.1183
-0.2821
-0.2928
-0.4696
-0.2301
-0.4862
-0.0101
0.0415
-0.5592
-0.9391
-1.2324
-1.0687
-1.3285
-1.3682
-1.4700
-0.6116
-1.6847
-1.5885
-1.3438
-1.4827
-1.3121
-0.9578
-1.0698
-0.8454
-1.0457
-1.1584
-0.8051
-1.0873
0.0682
-0.6608
-0.7771
-0.6378
-0.5060
-0.0282
-0.1203
0.5795
0.2304
0.5320
0.3149
0.3141
0.1199
0.1520
0.2257
0.3187
0.3926
0.3954
0.2904
0.4518
0.5081
0.1194
0.0972
-0.0119
0.2853
0.3418
0.3854
0.3983
0.3104
0.2988
0.3048
0.3648
0.5565
0.6303
0.8440
0.8289
1.2198
1.0693
1.1539
1.1568
1.1405
1.3229
1.6256
1.5849
1.6304
1.5092
1.4076
1.2196
1.2071
1.1365
1.4140
1.3076
1.6881
1.6755
1.8413
1.8365
1.8794
1.7299
1.6897
1.5730
1.6584
1.6002
1.5791
1.4375
1.6077
1.5836
1.5610
1.2729
1.2917
1.1927
1.4199
1.2695
1.3064
1.6374
1.5692
2.2629
1.5887
1.6489
2.1028
2.1805
2.8062
3.3751
4.1514
3.9194
4.5779
4.2523
4.0141
4.3907
4.5386
2.9082
2.8843
2.8366
2.9068
3.0428
2.2923
2.5675
2.4640
1.4780
1.5442
1.0320
0.9495
0.6754
1.5895
1.5821
1.4633
1.1156
1.6197
1.5818
1.3018
1.3070
0.5795
1.0747
1.3245
0.7369
0.6965
0.9941
0.5881
0.0187
-0.1533
-0.0219
-0.2690
-0.3725
-0.4079
-0.3963
-0.0949
-0.4947
0.0143
-0.3867
0.4793
0.0955
0.9443
0.5608
0.9690
1.2658
1.7959
1.3485
1.0008
0.6626
0.9377
0.6241
0.4917
0.0127
-0.2857
-0.3018
-0.0336
-1.1527
-1.1128
-0.7996
-1.2881
-1.1299
-1.3980
-1.4558
-1.2880
-1.4133
-0.8318
-0.9383
-1.4684
-1.4494
-1.5013
-1.7088
-1.9087
-1.3264
-1.6048
-1.4552
-1.7963
-2.1240
-2.0756
-1.8980
-1.9461
-2.1197
-1.8800
-2.1885
-2.1636
-2.0861
-1.9468
-1.8380
-2.1507
-2.0642
-1.6460
-1.6507
-1.5678
-1.7252
-1.6654
-1.6530
-1.4201
-1.6158
-1.3239
-1.6137
-1.6110
-1.4684
-1.6833
-1.7158
-1.7305
-1.7498
-1.6304
-1.5906
-1.5114
-1.2508
-1.2300
-1.3274
-1.3179
-1.0733
-1.0708
-1.3022
-0.9995
-1.2293
-0.8102
-1.3380
-1.2075
-1.2242
-0.9208
-1.0720
-0.9953
-0.9950
-0.9971
-1.0427
-0.8340
-0.7522
-0.9000
-0.8784
-0.8685
-0.8586
-0.6686
-0.6332
-0.6688
-0.2110
-0.6352
-0.2995
0.2440
-0.0742
-0.0848
-0.2619
-0.1365
-0.0575
0.3524
0.4614
0.3298
0.2801
0.1384
0.2825
0.8673
0.3724
0.2211
0.7158
0.4356
0.4331
0.7662
0.2480
0.3760
0.1542
0.1176
0.5748
0.2474
0.5988
0.3596
0.2385
0.3256
0.7015
0.3077
0.3637
0.6542
0.6094
0.1940
0.2007
-0.0834
-0.0103
0.2406
0.5159
0.3167
-0.0036
0.0856
-0.0335
0.2541
0.0568
-0.0538
-0.1893
0.1947
-0.0760
0.0016
0.2377
-0.0072
0.1036
0.1595
0.3709
-0.0922
0.0097
0.3827
0.0003
0.3924
0.5646
0.6571
1.8432
0.4660
0.5532
0.7592
0.4095
1.1149
0.6216
0.8643
1.2941
0.7351
1.0278
1.0167
0.6276
0.8142
0.8576
0.9121
0.5097
1.1208
0.5817
0.7705
0.6052
0.6922
0.5643
0.2836
0.5206
0.5635
0.6123
0.3828
1.2932
1.0230
0.7749
1.3583
0.4570
2.0047
1.3394
1.4966
1.6187
1.9818
1.9781
2.0643
1.9230
1.2523
1.2484
1.1098
0.8504
0.6882
0.5168
0.8216
1.4126
1.1803
0.6943
0.8365
1.1978
1.0637
0.7825
0.9373
0.9751
1.1122
1.4374
0.9505
1.0605
0.5474
0.9228
0.7584
0.8780
0.7829
0.7433
0.4232
0.7057
0.6773
0.5898
0.4541
0.2812
0.2837
0.0908
0.4294
0.1010
0.1098
-0.0258
-0.1412
0.0064
-0.0450
-0.1736
-0.1709
-0.0595
-0.0743
0.0566
0.0011
0.1233
0.0194
0.1067
0.3129
0.1604
0.4117
0.1723
0.1743
0.1510
0.1656
0.2419
0.2716
0.2334
0.3372
0.0221
-0.0374
0.1487
-0.0882
-0.0901
-0.1335
-0.1656
-0.1663
0.0026
-0.1668
-0.1525
-0.0626
0.1508
0.1980
0.3394
0.3860
0.0546
0.2467
0.2628
0.3191
0.4246
0.3573
0.2440
0.0455
0.5833
-0.2977
-0.2302
-0.0341
-0.1317
-0.0592
-0.3139
-0.3633
-0.3681
-0.2415
-0.3555
-0.3100
-0.5232
-0.5219
-0.5690
-0.5443
-0.4227
-0.6496
-0.7550
-0.8252
-0.9625
-1.0450
-1.0945
-0.5711
-0.8122
-0.8390
-0.7962
-0.9900
-1.0803
-0.9131
-1.0615
-0.7740
-1.0492
-0.7664
-1.1169
-1.0795
-1.1431
-0.8295
-1.1357
-0.8689
-1.0408
-1.1501
-0.6274
-1.0272
-0.9212
-0.9672
-1.1734
-1.2453
-1.3139
-1.2765
-1.3167
-1.3416
-1.1287
-1.4522
-1.1017
-1.4663
-0.8147
-1.1747
-0.8893
-1.2742
-0.7602
-0.7072
-0.7129
-0.7724
-0.8783
-1.2173
-1.1787
-1.3281
-1.2702
-1.4361
-1.3536
-1.4973
-1.4695
-1.4256
-1.4975
-1.5189
-1.4961
-1.5871
-1.5609
-1.7741
-1.9190
-1.8830
-1.8125
-2.0130
-1.8184
-1.8285
-1.9216
-1.7390
-1.7835
-1.7930
-1.5691
-1.7239
-1.8624
-2.0680
-2.0354
-2.2631
-2.0648
-2.3130
-2.2663
-1.9983
-2.0106
-1.9284
-1.8758
-1.8759
-1.8884
-1.7924
-1.7032
-1.6573
-1.4197
-1.3420
-1.5862
-1.1775
-1.7091
-1.5257
-1.6022
-1.6481
-1.8738
-1.9374
-1.6519
-1.9978
-1.9969
-1.5977
-1.6512
-1.2200
-1.2249
-0.7418
-0.8504
-0.4095
-0.5769
-0.5395
-0.4819
-0.3706
-0.4617
0.0297
-0.0535
0.5752
0.8049
1.0025
0.9601
1.3410
1.3325
1.3990
1.8833
1.3655
0.8714
0.7689
0.6405
0.8532
1.1403
1.0063
1.0342
0.3367
0.3363
0.5820
0.2972
-0.3776
-0.1607
-1.0106
-0.6620
-1.1835
-0.9657
-0.8496
-1.2241
-1.3129
-1.3787
-1.6047
-1.5468
-1.8663
-1.8216
-1.7031
-1.8942
-1.8890
-1.9462
-1.3575
-1.3205
-1.7240
-1.6368
-1.5950
-2.0048
-1.9875
-1.4090
-2.0165
-2.1888
-1.8349
-1.3398
-1.7784
-1.7979
-1.9109
-2.4076
-2.2102
-2.7928
-1.8271
-2.9551
-2.9446
-2.9535
-3.0389
-3.5582
-3.2586
-3.6471
-3.3210
-3.5797
-3.7508
-3.3755
-3.6022
-3.6299
-3.6382
-3.9883
-3.9266
-3.6311
-3.7752
-3.9248
-3.9857
-4.0189
-3.9629
-3.9149
-4.2567
-4.2464
-4.3599
-4.3013
-4.0544
-4.3019
-4.4700
-4.4537
-4.5804
-4.7374
-4.5659
-4.5476
-4.7702
-4.8074
-4.6763
-4.7752
-4.7732
-4.8669
-4.8900
-4.7212
-4.6619
-4.7287
-4.5625
-4.8092
-4.4523
-4.7370
-4.6543
-4.7386
-4.6781
-4.6898
-4.6240
-4.3813
-4.5209
-4.4385
-4.4061
-4.3556
-4.3678
-4.2896
-4.2398
-4.0038
-3.8056
-3.8851
-3.9846
-3.9364
-3.9293
-3.8414
-3.7116
-3.4355
-3.4353
-3.3484
-3.1034
-2.9671
-2.7820
-2.7314
-2.5075
-2.5114
-2.2295
-2.2982
-1.8411
-2.1303
-1.8569
-2.1513
-2.1491
-2.0344
-1.9893
-1.7736
-1.7418
-1.6200
-1.5863
-1.5796
-1.5149
-1.4531
-1.3365
-0.8030
-1.0185
-0.8405
-0.7594
-0.6651
-0.6791
-0.5893
-0.5003
-0.4269
-0.3255
-0.2696
-0.1939
-0.1340
0.1528
0.2385
0.1768
0.3275
0.4879
0.6511
0.7013
0.7734
0.7895
0.8717
1.0107
1.0980
1.2726
1.4359
1.4844
1.5693
1.6459
2.1367
1.7229
1.9641
2.5317
3.1206
2.4449
2.5112
2.1751
2.6069
2.0765
2.5157
2.8310
2.7794
2.9384
3.1175
3.3750
2.7776
3.2311
3.3290
4.3198
4.3957
4.6055
4.9009
6.1247
5.5825
6.1798
5.2031
5.4863
5.2462
4.9609
5.4523
5.1809
5.7491
5.9790
4.4511
5.2323
5.0365
5.8532
5.4932
5.6503
5.8823
5.0687
5.3740
5.9043
5.4683
4.9481
4.8710
5.8844
5.0519
5.0968
4.4672
4.6968
4.9534
4.6314
4.7921
4.2055
4.0405
4.1038
4.4627
4.3493
4.6947
4.9097
5.9089
5.3106
5.0856
5.2287
4.7575
4.8635
4.5592
4.6942
4.1243
3.7800
3.5890
3.0839
2.6226
2.3075
2.1697
2.2675
1.9474
1.8176
1.8156
1.7662
1.7996
2.0102
1.7450
1.8169
1.6269
1.6262
1.6229
1.3776
1.4326
1.3770
1.5319
1.4266
1.5410
1.3715
1.3652
1.2008
1.2060
1.1376
1.1446
1.0877
1.0358
1.0691
0.9493
1.0136
1.0041
1.0056
0.9994
0.8358
0.9102
0.6639
0.6048
0.8420
0.6028
0.6081
0.6943
0.8799
0.9856
1.2857
1.3383
1.4034
1.4140
1.6940
1.0037
0.7801
1.0765
0.8724
1.2122
0.7856
0.7638
1.0394
0.8289
0.8145
0.5468
0.4387
0.2909
0.2924
0.4174
0.2628
0.0840
0.4152
-0.1969
0.0952
-0.2051
-0.0732
-0.2021
-0.2238
-0.1612
-0.1859
0.2401
0.4198
0.5575
0.1342
-0.0444
0.1311
-0.2206
0.3511
0.2549
0.2844
0.2441
0.3363
0.1042
0.7192
1.0109
0.9640
1.4439
1.2398
0.6307
0.6612
0.8703
0.9593
1.0626
0.7909
0.6200
0.4656
0.6798
0.4894
0.7674
0.5231
0.5399
1.1332
0.9311
1.1171
0.5486
1.1112
1.5054
1.1860
1.1612
1.8112
1.3861
0.6696
1.6841
1.2113
1.8752
1.5485
1.2979
1.0309
1.3367
1.2033
1.0646
1.5666
1.2013
1.3152
1.1939
1.3686
1.3900
1.0736
0.9017
1.3118
0.9673
1.4663
1.0419
1.0696
1.3794
1.5516
1.2959
1.1606
1.2118
0.7012
1.2269
1.0600
1.6210
1.4896
1.6560
1.9427
1.9216
2.0542
1.9563
1.9847
1.9982
1.8954
1.8486
1.5663
1.7881
2.1809
1.8597
2.0032
1.6238
1.4990
1.6309
2.1586
2.0104
2.0019
2.1234
2.4741
2.0891
2.0289
2.0303
2.6566
2.1035
2.5800
2.1408
2.4788
2.6619
3.1414
3.6578
2.8693
3.5479
3.4446
3.7491
3.1108
3.7799
3.3591
3.6340
3.3602
3.1858
3.1352
3.2047
3.3740
3.2063
3.1202
3.1587
2.9945
2.8407
2.9973
3.1807
3.0760
2.8748
3.2403
2.7501
2.6233
2.4914
2.8992
2.7202
2.6677
3.0113
2.4830
2.9175
2.2765
2.4261
2.2930
2.3714
2.8738
2.3700
2.4095
2.6931
2.5298
2.9714
2.3493
2.6017
2.6557
3.1345
2.1012
2.2865
2.3096
2.4080
2.1220
2.0131
2.1434
2.1221
2.0461
2.0362
1.9849
2.1664
2.8414
3.7721
3.2018
3.6904
3.0527
3.1070
2.9900
2.8078
3.1868
2.7741
3.0665
2.7245
2.8290
3.0484
2.5796
2.5559
2.8219
2.4612
3.3006
3.1414
2.7940
2.2677
2.4669
2.5685
2.5520
2.4286
2.4728
2.7531
3.8806
3.5297
4.2215
3.9007
4.0975
4.2590
3.7785
4.0628
3.8718
4.5565
3.5284
3.5543
3.3622
3.1250
3.3011
3.7200
2.4007
2.3080
2.1820
2.1609
2.1803
1.6873
1.4737
1.0684
1.2337
0.7991
0.7991
0.8199
0.7590
1.0543
0.7106
0.7792
0.5800
0.6227
0.7063
0.6009
0.6349
0.6964
0.6838
0.6418
0.5953
0.5376
0.5455
0.5450
0.6106
0.6545
0.6942
0.6799
0.6288
0.5510
0.5178
0.4526
0.4560
0.4674
0.4280
0.4419
0.3885
0.6094
0.4394
0.5425
0.5236
0.5787
0.7064
0.4989
0.5078
0.5082
0.5817
0.6008
0.6545
0.5922
0.5322
0.5697
0.4765
0.5623
0.4595
0.5124
0.5374
0.5832
0.6206
0.6179
0.6884
0.8061
0.8206
0.5471
0.5522
0.6800
0.6335
0.6716
0.5758
0.5972
0.5276
0.4954
0.3945
0.3723
0.3753
0.3717
0.3686
0.3678
0.5639
0.3791
0.4105
0.4306
0.7595
0.7036
0.5664
0.4799
0.5038
0.5209
0.5686
0.6340
0.8327
1.2101
1.2912
1.2614
1.3463
1.1718
1.8979
1.6917
2.1558
1.7466
1.6651
1.7611
1.6903
1.6464
1.9467
1.5170
1.3300
1.3873
1.9431
1.1536
1.3253
1.2142
1.1712
1.4247
1.4180
1.0970
1.0436
0.7505
0.6437
0.4745
0.5452
1.3063
1.1397
0.6089
0.8704
0.6789
0.9757
1.2069
0.5848
0.8570
0.3671
0.6241
1.3385
1.6151
0.7938
1.2815
0.5100
0.6198
0.3354
0.5279
1.1341
0.7449
0.6808
0.4430
-0.1144
0.3487
-0.3092
0.1440
0.2702
0.9235
-0.1528
0.0037
-0.3664
-0.3113
0.2468
-0.5061
-0.3127
-0.5501
-0.2917
-0.1846
-0.5010
-0.3809
-0.1909
-0.6852
-0.4856
-0.6400
-0.2435
-0.3329
-0.5605
-0.5820
-0.6793
-0.5210
-0.1209
-0.2977
-0.5090
-0.5273
-0.2024
-0.2386
-0.4391
-0.2803
-0.5985
-0.5803
-0.8066
-0.5378
-0.8878
-0.6903
-0.3936
0.0330
-0.1355
-0.5332
-0.1691
-0.5240
-0.1369
0.0820
0.2045
-0.1090
0.1681
0.5432
0.2655
0.3497
0.5666
0.1797
0.5899
0.6328
0.4135
0.8007
0.1461
0.2040
0.3049
0.0783
-0.1351
-0.0538
0.0876
0.4407
0.2808
0.1876
0.0790
-0.1387
-0.1900
0.3417
0.1068
0.0828
-0.3263
-0.1271
-0.2526
-0.2107
-0.5183
-0.2808
-0.2607
0.3563
0.0708
0.1617
-0.4496
-0.4393
-0.3707
-0.5085
-0.3400
-0.3820
-0.3288
-0.4348
-0.4885
-0.6533
-0.6571
-0.7920
-0.8871
-0.6976
-0.9067
-0.5275
-1.0225
-0.6890
-0.5551
-0.8093
-0.5692
-0.8222
-0.9210
-1.0923
-0.9768
-0.6308
-1.0063
-0.6916
-0.8459
-0.3515
-0.6371
-0.3883
-0.5798
-0.5201
-0.8048
-0.7996
-1.1035
-0.8901
-1.1215
-1.2396
-1.2488
-1.1206
-1.4106
-1.4976
-1.1198
-1.3891
-1.2381
-1.3555
-1.5896
-1.5659
-1.7721
-1.6197
-1.6504
-1.8128
-1.7875
-1.3479
-1.3393
-1.4763
-1.0705
-1.2469
-0.8119
-0.9398
-0.3782
-1.0354
-0.8986
-1.1274
-0.8096
-0.9145
-0.7966
-0.7813
-0.3619
-0.4079
-0.7842
-0.4639
-0.8313
-0.8084
-1.3559
-1.1003
-1.2024
-0.3491
-1.0049
-1.0176
-1.3013
-1.6070
-1.1477
-0.9664
-0.4299
-1.0450
-1.0871
-1.0441
-0.5700
-0.8526
-1.0070
-1.0955
-0.8939
-0.9309
-0.7337
-0.1362
-0.4937
-0.5082
-0.4012
-0.3990
-0.3224
-0.2980
-0.1103
-0.2081
0.2773
-0.0494
-0.0497
0.0716
0.2700
-0.0468
0.4907
0.0379
0.8130
0.2651
1.2993
0.8264
0.6704
0.6359
0.5456
0.9139
0.3895
0.4544
1.2151
0.7968
0.9217
1.0406
0.8301
0.7864
0.8942
1.1302
1.3176
1.2012
0.9626
1.0046
1.1370
1.3372
1.2580
1.5029
1.4961
1.8143
2.0924
1.8968
2.0085
2.1389
2.2008
2.4455
2.7357
2.4975
2.2510
2.5633
2.0222
2.5858
2.5587
2.3755
2.4737
2.7086
2.6822
3.0702
3.2676
3.3084
3.2830
3.3705
2.8782
3.4406
3.2516
3.2799
2.6208
3.1030
2.8061
2.2538
2.3408
2.0053
2.3127
2.2224
3.1735
2.1379
2.2479
1.9916
2.1030
2.4941
2.3513
2.2232
2.8172
2.5884
3.0211
2.5277
3.3724
2.9725
2.2908
3.0525
2.7109
2.9706
2.7938
2.3564
1.7771
1.9573
1.8501
1.3531
1.4154
0.9160
1.3374
1.3781
0.4482
0.5334
0.7734
0.2965
0.5054
1.2295
1.6479
0.9499
0.8132
1.5169
1.7413
1.5421
1.3877
1.7567
1.1073
1.5060
1.7663
1.5180
1.6069
0.9349
0.9779
0.8582
0.6682
0.8729
-0.2814
-0.2571
-0.4438
-0.3394
0.0823
-0.3252
-0.5072
-0.4974
-0.6335
-0.2690
-0.1577
-0.1082
-0.2274
-0.5730
-0.4608
0.0677
-0.1100
0.2960
-0.0349
0.7973
0.4708
0.5857
0.5115
