3.6955
4.0539
3.7149
3.6286
3.3624
2.3412
2.5534
1.8044
1.6928
1.2506
1.0711
0.7932
0.8004
0.3765
0.2644
0.1546
0.0852
-0.0366
-0.1819
-0.3757
-0.6001
-0.6232
-0.9725
-1.1718
-1.2306
-1.3675
-1.4069
-1.5116
-1.6235
-1.7806
-1.9139
-2.0496
-2.0730
-2.2033
-2.2038
-2.1315
-2.3394
-2.4076
-2.4430
-2.5125
-2.5653
-2.6188
-2.7163
-2.8067
-2.9098
-2.9931
-3.0589
-2.9203
-3.1711
-3.2138
-3.1647
-3.1952
-3.1610
-3.2100
-3.2548
-3.2774
-3.3440
-3.3755
-3.4311
-3.4614
-3.5467
-3.6066
-3.7098
-3.6940
-3.8006
-3.7857
-3.8978
-3.8975
-3.9132
-3.7403
-3.9819
-4.0773
-4.1443
-4.2193
-4.2461
-4.2725
-4.2541
-4.2870
-4.2710
-4.3451
-4.1662
-4.4006
-4.3232
-4.3309
-4.3112
-4.3931
-4.4703
-4.5251
-4.6084
-4.6650
-4.7189
-4.6721
-4.7185
-4.7032
-4.6120
-4.9186
-5.0203
-5.1327
-5.1933
-5.2396
-5.2636
-5.3123
-5.3656
-5.2527
-5.5286
-5.5399
-5.6249
-5.6340
-5.7516
-5.7956
-5.8731
-5.9120
-5.9417
-5.9113
-5.6609
-5.7747
-5.6661
-5.5117
-5.2721
-5.0140
-4.6403
-4.2340
-3.8108
-3.3565
-2.9247
-2.4501
-1.7223
-1.2639
-0.9808
-0.5794
-0.4049
-0.1617
-0.2944
-0.2642
-0.2605
-0.5122
-0.9589
-0.9632
-1.9218
-2.9705
-3.2490
-3.7142
-4.4866
-4.1561
-5.3892
-5.7176
-5.7954
-6.3906
-6.5066
-6.5340
-6.9667
-7.0838
-7.2547
-7.5832
-7.7428
-7.9052
-7.8471
-8.0412
-8.1608
-8.0448
-8.1278
-8.0366
-7.9728
-8.1498
-8.2427
-8.2764
-8.3037
-8.2454
-8.2503
-8.2509
-8.0280
-8.2525
-8.1592
-8.1569
-8.0557
-7.9438
-7.5323
-7.4709
-7.2612
-6.9967
-6.4745
-5.9964
-5.6379
-5.4405
-4.7169
-4.3453
-3.5337
-2.9092
-2.6167
-2.5476
-1.8176
-1.5862
-1.5113
-1.2659
-1.4996
-0.9946
-0.4080
-0.5649
0.1648
-0.2469
-0.1111
0.1586
-0.3236
-0.4722
0.1570
-0.6183
-0.0589
-0.3156
-0.4333
-0.1168
-0.3494
-0.0128
-0.3922
0.2210
0.4194
0.7490
1.0383
1.0964
1.2806
0.9185
1.2606
1.5701
1.2204
1.8905
1.6467
1.9863
2.1706
2.1797
2.4584
2.2059
2.1998
2.4081
1.9411
1.9693
1.8465
1.8820
2.0662
1.9062
2.1223
1.9005
2.3740
1.8775
2.2658
2.2275
2.8329
2.5178
2.9523
2.3475
2.4626
2.4940
2.0681
2.2295
2.5421
2.7666
2.8484
2.7659
3.4532
3.1593
3.2406
2.9492
2.4909
2.5613
2.4409
2.0318
1.9134
1.3340
1.2774
1.5021
2.0229
1.2620
1.2558
1.0964
0.9060
0.5032
0.5430
0.8801
1.0617
0.4618
0.2479
0.5164
0.5343
0.1877
0.1221
0.9197
0.8083
0.5035
-0.2204
-0.3313
-0.5818
-1.0510
-0.6048
-0.7243
-0.2556
-0.2730
-0.1357
0.5789
0.0493
0.5831
0.6406
0.6017
1.7518
1.6536
1.2698
1.7177
1.8528
1.4549
1.7242
1.4494
1.7591
1.7915
2.0509
2.2157
2.3884
2.4878
2.7519
2.3306
2.2804
2.1197
2.5399
2.9325
3.1835
3.8862
3.5484
4.1522
3.9141
5.0416
4.9212
5.3991
5.1494
5.5763
5.9124
5.9304
6.8831
6.3256
6.8570
6.9513
6.9947
6.8148
7.4453
7.1746
7.6739
6.8062
6.6689
6.7490
6.3253
6.6196
6.6083
6.2544
6.3930
6.4300
6.0563
6.3352
5.7328
5.9928
5.4312
5.4929
5.0475
4.9943
5.0196
4.9318
5.2583
4.6100
4.5845
4.2273
4.0005
3.9363
3.6533
3.3093
3.2287
2.8232
2.4833
2.3746
1.8598
1.4867
1.2846
1.1977
1.0400
0.9668
1.1395
0.7071
0.7067
0.7592
0.6851
0.5460
0.5543
0.4056
0.5478
0.6876
0.7604
0.5122
0.7409
0.7871
0.6674
0.8915
0.7073
0.6230
0.4750
0.3574
0.2801
0.4956
0.5445
0.8625
1.0572
0.8381
1.1452
0.9487
0.7219
0.9880
1.2148
2.1808
2.3509
2.8566
2.6445
2.6250
2.6760
2.8705
2.9511
2.3222
2.2551
2.1328
1.7710
1.6433
1.5011
1.5445
1.2844
1.0038
0.8748
0.2364
0.6808
0.2964
-0.4586
-0.4203
-0.5331
-0.3166
-0.8348
-1.2802
-1.4944
-1.4868
-1.7165
-1.8126
-1.6275
-1.9571
-1.5587
-1.7040
-1.6875
-1.2204
-1.2161
-0.7020
-0.9846
-1.2361
-0.9436
-1.2412
-1.2876
-1.6854
-1.7724
-1.7506
-1.9533
-1.8731
-2.1595
-2.3021
-1.7190
-1.8551
-1.9814
-1.9991
-2.1491
-2.5972
-2.6993
-2.3304
-2.7695
-2.4108
-2.9209
-2.8290
-2.7791
-3.1623
-3.2015
-3.2367
-3.3366
-3.0747
-2.9407
-2.8524
-3.1569
-3.2200
-3.0189
-3.0850
-2.9789
-2.5715
-2.6272
-2.8873
-2.9268
-2.7353
-2.8504
-2.9298
-2.8237
-2.4009
-2.0709
-2.2323
-2.1059
-2.8400
-2.2686
-2.8745
-2.1622
-2.8155
-2.5805
-3.1223
-2.7493
-1.9624
-2.0780
-1.9827
-2.3583
-2.3749
-2.6246
-2.6204
-2.9761
-2.8087
-3.4302
-3.2025
-2.8060
-3.3044
-3.2359
-2.8292
-2.9029
-3.0175
-3.6410
-3.6007
-3.3195
-3.3852
-2.9383
-3.3007
-3.4498
-3.4205
-3.2696
-3.1070
-2.9307
-3.3723
-3.0274
-3.1459
-3.1042
-3.2312
-3.1449
-3.0056
-2.9725
-2.8609
-3.0618
-2.9896
-2.9117
-2.4900
-3.1160
-3.1149
-2.5554
-2.6233
-2.4357
-2.8820
-2.4296
-2.1538
-2.6787
-2.7306
-2.7670
-2.5508
-2.8701
-2.8589
-2.7640
-2.7418
-2.5880
-2.7538
-2.8694
-2.4959
-2.6521
-2.7178
-2.6099
-3.0263
-2.6863
-3.0157
-3.0977
-3.0133
-3.2180
-2.9394
-3.2592
-3.0896
-2.3422
-2.6170
-2.8737
-2.9233
-3.3958
-3.1570
-3.3681
-2.6671
-3.1053
-3.0839
-3.0814
-2.6536
-3.0600
-3.1158
-2.8010
-2.6707
-2.7013
-2.7718
-2.9372
-2.3183
-2.7469
-2.2819
-2.3423
-1.9785
-1.7685
-1.7042
-2.3129
-1.8165
-1.7367
-1.5321
-1.9410
-1.7993
-2.2476
-2.0899
-2.6279
-2.4611
-2.7254
-2.5849
-2.4513
-1.8647
-1.7682
-1.8422
-1.7980
-1.7016
-1.7536
-1.6480
-1.7691
-1.3676
-1.1385
-1.1972
-1.4939
-1.5898
-1.5599
-1.7446
-1.6953
-1.6323
-1.5619
-1.9922
-1.3969
-2.0976
-1.9099
-1.8411
-1.7086
-1.9291
-1.3790
-2.0448
-2.3559
-2.3660
-2.4572
-2.3833
-3.0589
-3.6853
-3.6109
-3.9997
-4.0296
-4.4099
-4.4221
-4.0174
-4.3585
-4.1875
-4.8012
-4.8000
-4.9221
-4.8962
-5.1211
-4.8533
-4.8919
-4.6513
-5.0850
-4.9804
-5.0207
-4.9042
-4.7932
-4.8883
-4.6339
-4.7145
-4.7255
-4.5848
-4.5820
-4.4970
-4.1169
-4.2034
-4.2582
-4.4345
-4.3996
-4.3794
-4.3605
-4.0280
-4.2586
-4.1826
-4.2351
-4.1059
-3.9068
-4.0057
-4.0650
-3.9937
-3.9312
-3.8564
-3.6908
-3.6276
-3.4866
-3.3994
-3.3144
-3.1631
-3.1065
-2.9971
-2.7321
-2.8341
-2.7354
-2.6267
-2.5061
-2.3897
-2.0564
-2.1298
-1.9246
-1.8254
-1.6931
-1.6502
-1.6138
-1.5265
-1.4692
-1.3550
-1.2464
-1.0988
-0.9687
-0.7803
-0.6201
-0.3995
-0.2028
0.0411
0.3050
0.5662
0.8554
1.0995
1.3394
1.5641
1.7053
2.2298
1.8346
1.8204
1.7258
1.5975
1.4912
1.2370
1.0383
0.7296
0.5093
0.3366
0.1782
0.1226
0.0263
0.0752
-0.0270
0.0024
-0.1110
-0.1190
0.0667
-0.1175
-0.0518
-0.0448
0.2151
0.0257
0.1069
0.1585
0.2438
0.3547
0.3491
0.3905
0.3309
0.3595
0.4252
0.5065
0.6571
0.7469
0.8781
0.8686
0.8698
0.8075
0.7621
0.7515
0.8063
0.8850
1.0379
1.2083
1.3174
1.7618
1.5980
1.7930
1.8074
1.9728
1.9318
2.3863
2.2577
2.2012
2.4714
3.4083
2.7713
3.2454
3.0465
2.9120
3.8275
4.2027
5.0340
4.9835
4.4550
5.5892
6.1641
5.9258
6.6869
6.7727
7.5068
7.1342
7.8716
7.2695
8.3061
7.9046
9.7134
9.0570
9.3855
9.4632
9.3715
9.6291
9.3044
9.1217
9.8191
8.3690
8.5758
6.9812
6.5528
5.9180
5.8572
5.0431
4.6267
4.8838
4.6870
4.4881
3.9257
2.8490
3.0640
2.3068
2.6030
2.2135
1.9448
1.6480
1.6063
1.5268
2.6885
2.4928
2.7153
2.6444
2.6677
2.6165
3.2694
2.9346
3.5041
3.1552
3.3041
3.3234
3.2312
3.2257
3.0216
3.5020
3.2089
3.5541
3.8560
3.6699
3.3991
3.0280
3.3369
3.1372
3.2661
4.2139
3.3427
3.1181
3.4368
3.5620
3.2285
3.4200
3.3434
4.4558
4.8715
5.2386
4.8308
4.6479
4.5486
5.8177
6.4830
5.5515
5.9585
5.9063
6.6911
7.6220
7.7965
7.1393
7.6419
7.5262
7.5011
7.8076
7.0108
7.2287
7.1723
7.1503
7.2144
7.0412
6.6331
6.1004
6.0203
5.5991
5.6216
4.8142
4.8833
4.7741
4.6131
4.0768
4.0815
3.5688
3.8710
3.3803
3.1755
3.0312
2.9883
3.2889
3.0581
2.7957
2.3844
2.3746
2.0703
2.0898
1.8277
2.4899
2.0797
1.9457
1.8796
2.0443
1.6533
0.9902
1.1453
0.3812
0.2096
0.1594
-0.0990
-0.1163
-0.4584
-0.2893
-0.5270
-0.1803
-0.2210
0.3829
0.3845
0.6316
0.7906
1.3197
1.1845
1.5335
1.6179
2.1465
2.4803
3.1309
2.9403
3.4445
2.9675
3.3085
2.9421
2.6388
2.9381
2.9996
2.9827
2.4353
2.2125
1.9748
1.7972
1.9061
2.0014
1.8099
2.0775
2.4545
1.9465
1.7520
1.6203
2.1419
2.8192
2.7363
2.7912
4.1422
3.4780
4.8229
4.4332
3.7120
4.7842
4.2533
4.2620
4.6700
4.4568
5.1422
4.1245
4.6376
4.5749
4.1920
3.6903
3.9279
4.0112
3.6883
3.6786
3.3526
3.5550
3.7851
3.5499
4.2218
3.3300
4.0343
4.0700
4.4467
3.5373
4.1919
3.2042
3.0022
2.9000
2.5052
1.9212
1.6061
0.9184
0.7398
0.2464
0.0576
-0.2990
-0.4649
-0.6638
-0.7662
-0.9073
-0.9971
-1.0710
-1.0677
-1.1469
-1.1896
-1.2808
-1.3625
-1.1869
-1.5301
-1.6439
-1.8075
-1.7620
-2.0685
-2.1232
-2.2313
-2.3147
-2.4943
-2.5939
-2.7010
-2.7600
-2.8671
-2.9296
-3.0283
-3.0045
-3.0870
-3.1077
-3.0232
-3.1521
-3.4262
-3.5645
-3.5985
-3.6259
-3.6916
-3.5908
-3.7460
-3.9853
-4.0883
-4.0852
-4.1804
-3.9588
-4.0839
-4.1043
-3.8034
-4.1152
-4.1458
-4.2972
-4.4704
-4.5766
-4.7114
-4.4751
-4.7875
-4.8122
-4.9254
-5.0883
-4.9727
-5.3396
-5.3713
-5.4149
-5.3830
-5.3894
-5.2151
-5.4321
-5.4881
-5.4849
-5.5093
-5.5301
-5.4839
-5.3105
-5.4780
-5.5142
-5.5439
-5.4361
-5.5316
-5.5032
-5.4137
-5.6084
-5.6164
-5.5789
-5.5995
-5.4626
-5.5040
-5.3714
-5.1189
-5.2248
-5.0815
-4.9863
-4.5583
-4.4511
-3.9301
-3.5179
-2.7509
-2.5382
-2.0819
-1.3143
-1.1796
-0.6974
-0.2491
-0.0148
0.2257
0.5083
0.8561
0.7811
0.9313
1.0336
1.3698
1.1932
1.2572
1.2228
1.3015
1.6150
1.4318
1.5255
1.5060
1.5654
1.5526
1.6080
1.4683
1.4503
1.5482
1.2532
1.3614
1.0028
0.8730
0.8394
0.7647
0.7881
0.8173
0.9407
1.3455
1.5468
2.0326
2.2769
2.9120
3.3435
3.5588
3.9230
4.3049
4.5110
4.7406
4.8677
4.8386
5.0823
4.6132
5.0566
4.6028
4.8414
4.8412
4.9480
4.6402
4.8893
4.4145
4.0672
3.6253
4.0469
3.5326
3.5902
3.6237
3.8245
3.9915
3.8141
4.1064
4.0596
3.8807
3.6629
3.5645
3.3167
3.2821
3.3137
3.8089
3.4089
3.8421
3.5711
3.7660
3.5469
3.5639
3.7203
3.6313
3.7880
4.2093
4.3819
4.1927
4.1557
3.8686
3.9237
3.9802
4.3093
3.6577
3.7881
4.1809
3.5308
3.7944
3.5739
3.8430
3.7559
3.7208
2.7291
2.1421
2.4321
2.8025
2.6685
2.6458
1.7779
2.6419
1.6469
1.9537
1.6216
1.1617
1.3077
1.1854
0.7579
0.7458
0.4891
0.4041
0.3812
0.4452
0.5551
0.5787
0.6196
0.5444
0.4800
0.4662
0.4639
0.9213
0.5937
0.8127
0.8092
1.4626
0.9505
1.1998
1.1474
1.0076
1.4977
1.5516
1.8831
1.4758
1.3066
1.4046
1.2257
1.7998
2.0080
1.9860
2.1557
2.2508
2.2216
2.4470
2.8509
2.3609
2.1614
2.4554
2.2375
3.0891
2.3723
2.8604
2.6472
2.9958
3.4005
2.6941
3.4453
3.0024
3.0903
2.4889
2.8354
2.6451
2.2243
1.8386
1.8287
1.9872
3.3705
2.3305
2.0631
3.0291
3.4618
3.9177
3.6621
4.9856
4.5971
5.9711
6.7441
5.7704
6.8139
7.9358
7.3349
8.4506
8.8288
9.6909
10.8277
10.0611
10.1243
9.6924
9.5994
9.4116
9.2741
8.7242
8.5189
8.0863
7.6362
7.6492
7.7647
6.6480
6.2312
5.9866
5.5346
6.3928
6.3721
6.3468
6.4020
5.5040
6.7611
6.0261
5.8805
5.4309
5.8452
4.9114
4.9370
4.2620
4.5362
4.1341
4.2034
3.8488
3.9664
4.1753
4.1641
3.3829
2.3994
2.5455
2.5769
2.3337
2.1825
1.6436
1.2901
1.2909
1.1989
1.6913
1.0846
0.4225
0.2511
0.4247
0.8895
0.2094
-0.1328
0.1635
-0.7518
-0.9047
-0.6837
-1.0895
-1.4543
-1.9745
-2.1972
-2.4988
-1.8810
-2.5055
-2.2500
-2.1208
-1.6294
-1.5927
-1.3790
-1.4071
-1.6256
-1.0239
-1.0909
-1.1064
-0.4882
-1.1259
-0.9994
-1.2384
-1.9452
-1.7596
-2.3050
-1.9648
-2.0471
-2.4536
-2.2245
-2.4040
-3.0123
-3.0146
-3.1384
-3.3108
-3.1260
-3.0232
-3.3702
-3.7223
-3.2160
-3.4764
-3.3598
-3.1337
-3.5301
-3.4531
-3.5979
-3.1130
-2.9598
-3.0518
-2.4858
-2.7388
-2.0816
-2.4368
-2.0683
-1.9314
-1.3984
-1.5077
-1.2122
-1.0717
-1.1300
-0.9022
-0.5617
-0.3240
-0.2101
-0.1503
0.4231
0.1424
0.3708
0.2770
0.6089
0.4791
1.0102
0.4622
0.5730
0.7850
0.4449
0.5243
0.4241
0.7970
0.3686
0.8031
0.4453
0.7065
0.6510
1.1252
1.6496
1.5542
2.2631
2.4417
2.4377
3.0542
3.4059
3.2952
3.5774
3.4414
4.1578
4.0805
4.1788
5.3589
5.4264
5.7787
5.8237
5.8240
6.0433
5.9066
5.9856
6.3486
6.4871
6.7550
7.0297
7.1463
7.3954
7.7262
7.7206
8.1833
8.2842
8.6208
8.2875
8.4357
8.5713
8.3656
8.5173
8.5643
8.5474
8.8708
8.3527
8.3807
8.4073
8.3667
8.0603
8.2584
8.4999
8.2528
8.1514
8.0792
8.4410
8.0357
8.3194
8.5245
8.1998
7.9242
8.3825
7.9286
7.7599
7.9620
7.4133
7.4735
7.1233
7.1104
6.6354
6.3028
6.5756
5.8128
5.9611
5.4833
5.2372
5.0831
4.8133
5.0469
4.6509
4.5030
4.6694
4.2057
4.5973
4.5150
4.7874
4.6519
5.2767
5.1200
5.4660
5.0647
4.9879
5.2756
5.2533
5.1422
5.4636
5.1068
5.0731
4.7580
4.4961
4.0659
3.7479
3.7838
3.2487
3.2505
2.9018
2.7266
2.5645
2.5672
2.6365
1.9461
1.7242
1.6535
1.2705
1.3637
1.4805
1.4148
1.1497
1.4944
0.8481
0.9184
0.5171
0.4676
0.1393
0.4475
-0.3470
-0.2311
-0.3332
-0.6296
-0.3849
-0.5044
-0.8267
-0.5883
-0.6481
-1.1125
-1.4885
-1.5358
-1.8195
-1.6708
-1.9230
-2.0156
-2.4140
-2.2073
-2.5960
-2.6305
-2.9156
-2.9331
-3.4728
-3.7348
-3.9361
-4.0074
-4.1029
-3.8227
-4.1540
-4.2194
-4.4020
-4.5945
-4.7359
-4.7406
-5.1401
-5.5218
-5.9058
-6.2265
-6.3342
-6.6915
-6.7848
-7.1280
-7.1071
-7.1320
-7.0854
-7.1314
-7.0339
-7.2814
-7.5811
-7.6571
-7.6901
-7.8152
-7.8925
-7.9541
-8.0074
-7.8026
-8.0038
-8.1385
-8.3802
-8.6829
-8.9265
-9.0545
-9.0309
-8.8710
-9.4171
-9.5063
-9.5418
-9.6475
-9.6184
-9.5849
-9.9481
-10.1072
-10.2210
-10.2945
-10.3088
-10.0113
-10.4524
-10.6251
-10.4969
-10.8390
-10.7693
-10.7223
-10.4724
-10.4593
-10.7052
-10.3893
-10.4292
-10.5954
-10.3880
-10.5766
-10.4282
-10.4250
-10.3491
-10.2781
-10.2605
-9.8059
-10.1994
-10.1725
-10.1086
-10.0633
-9.8226
-9.6626
-9.8475
-9.6786
-9.6277
-9.4699
-9.4490
-9.3394
-9.4244
-9.2851
-9.2371
-8.7950
-8.8475
-8.7075
-8.6212
-8.3679
-8.2285
-8.3450
-7.9644
-7.9032
-7.9110
-7.8870
-7.7597
-7.5921
-7.5720
-7.3788
-7.1778
-7.1958
-6.7888
-6.9042
-6.6924
-6.7969
-6.7091
-6.7600
-6.6342
-6.3130
-6.0757
-6.0364
-5.8414
-5.6847
-5.6546
-5.4931
-5.3293
-4.5699
-5.0107
-4.9125
-4.7531
-4.1265
-3.8171
-3.6156
-3.9529
-3.1277
-3.5153
-2.6347
-3.0745
-2.3100
-1.9240
-2.0514
-2.4311
-2.0934
-1.9377
-1.2935
-1.3107
-1.2245
-1.1985
-0.9222
-0.6891
0.4972
0.0115
0.9462
0.4840
0.0883
0.4148
0.4837
0.8340
0.8528
0.9932
0.9483
1.0499
1.1255
1.4291
1.4541
1.6563
1.8713
2.1035
2.1477
2.4710
3.0540
2.6821
3.0308
2.9840
2.8348
3.0428
2.9012
2.9447
2.8660
3.6188
3.0609
2.8149
2.7654
2.7241
2.8730
3.2122
2.5545
2.6282
2.6785
2.6995
2.6531
2.5692
2.6698
2.6171
2.3139
2.1479
2.0136
2.0174
2.3794
1.9757
1.9917
2.0436
1.8824
1.5602
1.7560
1.1242
1.0755
0.9490
0.7359
0.6448
0.5772
0.5026
0.3455
0.5561
0.2156
0.3944
0.0320
-0.0647
0.1592
-0.0327
0.0053
0.0959
0.2112
0.0766
0.0401
0.2739
0.2864
-0.0266
-0.1184
-0.2068
-0.2696
-0.2729
-0.4400
-0.4790
-0.3245
-0.5488
-0.5688
-0.7323
-0.5932
-0.8192
-0.7882
-0.9158
-0.8070
-1.2018
-1.0841
-1.3333
-1.3703
-1.0534
-1.5118
-1.4007
-1.6616
-1.3441
-1.6728
-1.2843
-1.7546
-1.5804
-1.8347
-1.7704
-1.8079
-2.1431
-2.1626
-2.2595
-2.5797
-2.5742
-2.6525
-2.6071
-2.6681
-2.7447
-2.7786
-3.0466
-3.1142
-3.3913
-3.2447
-3.2862
-3.3663
-3.4177
-3.6999
-3.8201
-3.8515
-3.8532
-3.9270
-3.8582
-3.9670
-3.9991
-4.0655
-3.8589
-4.0576
-3.7763
-4.0989
-4.2462
-4.4375
-4.0737
-4.4576
-4.2287
-4.1537
-4.3150
-4.2686
-4.1783
-4.2792
-3.9455
-4.2671
-3.6964
-4.1464
-3.8613
-3.7307
-3.6018
-3.9019
-3.9416
-4.0131
-4.1576
-4.1997
-4.5850
-4.8871
-5.1026
-5.2570
-5.8414
-6.1614
-6.7890
-7.1907
-7.3618
-7.4206
-7.7794
-7.7532
-8.0607
-8.1058
-8.4133
-8.4957
-8.5559
-8.3506
-8.1947
-7.9902
-7.6476
-7.4539
-7.0732
-6.7583
-6.9329
-6.3177
-6.3093
-6.1561
-5.3295
-6.1623
-5.4322
-5.8585
-6.1091
-6.4807
-6.3617
-6.4539
-6.7195
-6.8893
-6.8739
-7.1218
-7.3503
-7.3843
-7.0308
-6.8291
-7.0394
-6.6864
-6.9665
-6.8907
-6.7086
-6.8320
-6.7512
-6.5717
-6.3710
-6.0883
-5.9744
-6.1187
-5.9575
-5.8565
-5.9477
-5.9876
-5.9660
-5.5457
-5.6966
-5.7589
-5.7201
-5.4433
-5.7371
-5.4765
-5.9209
-5.5606
-5.8493
-5.6773
-5.6493
-5.4584
-5.6673
-5.4888
-5.3321
-5.4562
-4.8292
-5.2564
-4.9651
-4.2380
-4.5687
-4.5170
-4.0086
-3.4415
-3.7719
-2.9492
-2.9919
-2.2844
-1.7403
-1.1096
-0.8406
-0.7221
-0.1801
-0.2037
0.0533
-0.2254
-0.4996
-0.3545
-0.2974
-0.0173
-0.5116
-0.2783
-0.6456
-0.3520
-0.6309
-0.3227
-0.3626
-0.0966
-0.5312
-0.7605
-0.9755
-0.8842
-0.8859
-0.7642
-0.6728
-0.8605
-0.8607
-0.6276
-0.4707
-0.4678
-0.2777
-0.0583
0.1485
0.2029
0.4266
0.2562
0.5032
0.3110
0.3639
0.3529
0.4017
0.5619
0.4816
0.2203
0.2234
0.2061
0.2057
0.2037
0.3377
0.2522
-0.0550
-0.1347
-0.2223
-0.0416
-0.3416
-0.4580
-0.3850
-0.7299
-0.6652
-0.7186
-0.5760
-0.5354
-0.6774
-0.7999
-0.7991
-0.6154
-0.5584
-0.7904
-0.4593
-0.8678
-0.1847
-0.2052
-0.9924
-1.0688
-0.8810
-0.7567
-0.6457
-0.5156
-1.0264
-1.1495
-1.1141
-1.1590
-0.9495
-1.0472
-1.3222
-1.0476
-1.2895
-1.1856
-1.2884
-1.1268
-0.7913
-0.8315
-0.7399
-0.5179
-0.4903
-0.1820
0.4114
0.8309
1.2575
0.8219
0.5594
0.4222
0.9020
0.5748
0.7754
1.0235
1.6772
1.6703
2.2519
2.5820
2.3001
3.1261
3.2507
3.0640
3.2126
3.1650
2.7696
2.9436
2.5128
2.8455
2.3718
2.6555
2.3725
3.1267
2.2365
2.4056
2.2101
1.8961
1.9224
1.2885
1.1753
1.3554
0.9183
1.2078
1.0292
0.9337
1.2270
0.8959
0.7431
0.9395
0.2801
0.1832
0.1716
-0.1245
0.1100
0.1395
-0.4269
-0.4998
-0.0905
-0.5681
-0.2283
0.3423
0.6118
1.1498
0.3924
1.2333
1.1910
1.1306
1.1127
1.1668
0.9357
0.9712
1.0847
1.7579
1.0358
1.3577
1.5140
1.3784
1.6167
1.4343
1.6571
2.0848
2.1802
3.0309
3.6135
4.2916
4.8947
4.7708
5.2578
5.8683
5.6644
6.2040
6.2311
6.0395
5.8175
5.8648
5.4852
4.8937
4.4720
4.6124
3.8795
3.3919
3.7895
3.1076
3.2870
3.1796
3.2704
3.1586
3.1806
3.0507
2.7152
3.2316
2.7531
3.0100
2.8325
3.0106
2.5648
3.1226
2.6599
2.3268
2.5664
2.4179
3.0131
2.5921
3.3393
2.5381
2.2132
2.3279
2.9285
2.8174
3.0680
1.7828
1.9494
1.6656
1.5559
2.0644
2.0374
2.1933
2.1316
2.4861
3.4728
3.0555
3.2277
2.6747
2.6229
2.7356
1.8568
2.2709
1.9027
1.4132
1.8120
1.7197
2.9347
2.3997
2.5171
3.1051
3.5214
3.7549
4.1891
4.5601
4.9913
5.4803
6.2063
6.7798
6.7383
7.8436
8.2250
8.1884
8.6862
8.9417
8.9619
9.1460
9.7654
10.3564
9.7014
9.4976
9.4302
9.0883
8.6076
8.0153
7.2061
6.7854
5.9749
6.5657
6.9741
6.8960
7.4801
6.1777
6.2712
6.0701
5.3456
4.9594
4.5295
4.5140
4.0311
3.6797
3.2889
3.1632
2.6899
2.7482
3.5935
2.8464
2.9899
2.6972
3.1979
2.7641
2.8847
2.5247
2.4849
2.8257
2.6069
2.5892
3.0539
3.7523
5.1187
3.5434
3.8289
3.7640
4.3241
3.5703
3.6762
3.7545
3.8319
4.2627
4.9427
4.1787
4.2445
3.9069
3.7415
3.4613
3.4898
4.2856
4.2078
4.8692
5.3747
6.2587
6.3997
5.6905
6.0694
5.8239
6.0978
6.2104
5.6892
6.0282
5.8894
5.8740
5.9212
6.1781
5.9139
6.1704
5.1710
4.7106
4.3247
3.3826
2.5700
2.1351
1.7112
1.0486
0.5504
0.6196
-0.2739
-0.5593
-0.8536
-1.7354
-2.0225
-1.9522
-2.2665
-2.5575
-2.5254
-2.7088
-3.4682
-3.6734
-4.2412
-4.3800
-5.5158
-5.5831
-5.2395
-6.2000
-5.8630
-6.6798
-6.8902
-7.1994
-7.2087
-7.1203
-6.9196
-7.0768
-7.2704
-7.6562
-7.6620
-8.0023
-8.1887
-7.6172
-7.7840
-7.3224
-7.8034
-7.7656
-8.0416
-8.1725
-8.0859
-8.7057
-8.7286
-9.1643
-8.9273
-9.0097
-9.2626
-9.5342
-9.4833
-9.6306
-9.7301
-9.7775
-9.5326
-9.9469
-9.6314
-10.4923
-10.5629
-10.8235
-10.7615
-11.2212
-11.1577
-10.9513
-10.8781
-11.1799
-10.9601
-11.3202
-11.3502
-11.2159
-11.3547
-11.6047
-11.8108
-11.8446
-11.9684
-11.8301
-12.1470
-12.0585
-12.2919
-12.3346
-12.2703
-12.1963
-12.0770
-12.0107
-11.7195
-11.8378
-11.5179
-11.5255
-11.4518
-11.2558
-11.0209
-11.1752
-10.9420
-10.7601
-11.0526
-10.9451
-10.8657
-10.8474
-10.9537
-11.0550
-10.9221
-11.1262
-10.9778
-10.7370
-10.7519
-10.6625
-10.5668
-10.4927
-10.4655
-10.4111
-10.1777
-10.2369
-10.2889
-10.1669
-9.8140
-9.9993
-9.8905
-9.6956
-9.7732
-9.7367
-9.5844
-9.6177
-9.5821
-9.2728
-9.4693
-9.3656
-9.2716
-9.1316
-9.0363
-8.8009
-8.7156
-8.1224
-8.4582
-8.2702
-8.0949
-7.7725
-7.4504
-7.3970
-7.3390
-7.1494
-6.9203
-6.6046
-6.5453
-6.5256
-6.2928
-6.2200
-5.8402
-5.8937
-5.8127
-5.6988
-5.6524
-5.5297
-5.4377
-5.3139
-5.1695
-4.8987
-4.9563
-4.9340
-4.8233
-4.7946
-4.7231
-4.7152
-4.6295
-4.5968
-4.4902
-4.1872
-4.2315
-4.0821
-3.8653
-3.8170
-3.5070
-3.5488
-3.4995
-2.5500
-3.0378
-2.9737
-2.6704
-2.6181
-2.4135
-2.3679
-2.0038
-2.1799
-1.9761
-2.0809
-2.0566
-1.9102
-2.1917
-2.3999
-2.4313
-2.2688
-1.8339
-2.1783
-1.6532
-2.2094
-2.0153
-1.6188
-2.2368
-1.7885
-1.6673
-1.3559
-1.8522
-1.5241
-1.2132
0.0984
-0.6792
0.2516
0.1603
-0.3068
0.1979
-0.0232
1.0546
1.2250
2.8258
1.9837
2.1655
2.2865
2.8909
3.2624
3.3701
3.6662
4.2375
5.0863
5.4631
5.5165
5.9797
5.9518
5.7276
5.6407
5.3034
5.5967
5.2697
5.0755
4.7376
4.9326
4.8489
4.1155
4.2918
4.4186
4.2394
4.5302
4.9021
4.7213
4.4389
4.3367
4.9039
5.1336
5.0329
5.5025
5.1672
5.5117
5.6093
5.5736
5.7448
6.0226
5.9489
5.9679
5.9059
5.9844
5.7610
5.5678
5.2210
5.0078
4.8426
4.6025
4.9687
4.0995
3.8866
3.6304
3.5899
4.1664
3.8756
4.3658
4.3764
5.0551
5.1102
5.8001
5.6899
5.6892
5.7554
6.1592
5.6475
5.3843
4.9751
4.5449
4.4523
4.1467
4.2887
3.6734
3.6635
3.4195
3.7594
3.5691
3.6857
4.0951
3.7326
3.2662
3.1673
3.3574
3.2728
3.7349
3.2325
3.3633
3.4570
4.0614
3.7008
3.9226
4.1689
4.1682
4.3442
4.4198
4.3401
4.4704
4.8072
5.0400
4.7421
4.8192
4.7557
4.8441
5.3841
4.9679
5.2870
5.0717
5.2360
5.3428
5.7833
5.8391
5.7787
5.7120
5.4446
5.3745
5.5726
5.7025
5.5387
4.7711
4.7310
4.3181
4.4167
3.9119
3.7683
3.6107
3.5531
3.5259
3.0391
2.9387
3.4542
2.4791
2.5891
2.3557
2.6709
2.4000
2.3395
2.3192
2.4675
1.8962
1.8573
2.0221
1.7572
1.8100
1.4967
1.7803
0.9462
0.9603
0.8588
0.5056
0.2445
-0.1669
-0.0672
-0.4635
0.0511
-0.5420
-0.6588
-0.3845
-1.3255
-1.2043
-1.5467
-1.8877
-1.5604
-2.1636
-2.2703
-2.4245
-2.5063
-2.4671
-2.3093
-2.5606
-2.4066
-2.5575
-2.5846
-2.7791
-2.5637
-2.6900
-2.5487
-2.7467
-2.7778
-2.7204
-2.7464
-2.6334
-2.6795
-2.6760
-2.6067
-2.6524
-2.7794
-3.0424
-3.1795
-3.2117
-3.2388
-2.8697
-3.0468
-2.8332
-2.8189
-2.7349
-2.9293
-2.9045
-3.2377
-3.2716
-3.3364
-3.2944
-3.4023
-3.3416
-3.4551
-3.3870
-3.5085
-3.2857
-3.4168
-3.5534
-3.7286
-3.5506
-3.9177
-3.6562
-3.8956
-3.7983
-3.7663
-3.3213
-3.3936
-3.1910
-3.0682
-3.0591
-3.0084
-2.6809
-3.1196
-3.1012
-3.0704
-3.1468
-2.8891
-2.4568
-2.2920
-2.1098
-3.0472
-3.1352
-3.0383
-3.1331
-3.6218
-3.5081
-3.4309
-3.7420
-3.9330
-3.6387
-4.2805
-4.6016
-4.5945
-4.5906
-4.6725
-4.2021
-4.4681
-3.9850
-4.0720
-4.1276
-4.4854
-4.6581
-4.3258
-4.6756
-4.4677
-4.5955
-4.6317
-4.7768
-4.5353
-4.1441
-4.0543
-3.9609
-3.2200
-3.2799
-3.2670
-2.8251
-2.5747
-2.0894
-2.9050
-2.9193
-2.9324
-3.0070
-3.1537
-2.8817
-3.2156
-3.0953
-2.9445
-2.9495
-2.7431
-2.4297
-2.4907
-1.9604
-2.1425
-1.6118
-1.8265
-1.2973
-1.2949
-0.8344
-0.5053
-0.5593
-0.2417
0.0237
-0.0165
-0.1562
0.3258
-0.0525
0.0379
-0.0950
-0.1388
-0.1850
-0.0382
-0.2347
-0.1941
-0.0283
0.1570
0.3074
-0.1132
0.4382
-0.0576
0.1227
0.5055
-0.0758
-0.0017
-0.0786
0.1026
-0.3593
-0.3973
-0.1513
-0.4466
-0.2086
-0.5308
-0.9762
-1.0701
-1.0366
-0.9757
-0.6585
-0.7055
-0.7758
-0.8821
-0.7484
-0.0087
0.1825
0.1167
-0.3316
-0.6653
-1.4067
-1.5139
-1.6910
-1.7159
-1.5091
-2.1517
-2.4617
-2.4385
-2.7826
-2.6545
-2.3932
-2.3963
-2.1543
-2.2008
-2.1483
-2.1998
-1.9606
-2.1570
-1.8583
-2.4509
-2.3925
-2.4123
-2.3441
-2.0434
-2.3805
-2.7222
-2.4756
-2.6764
-2.1182
-2.4450
-2.5038
-2.7663
-2.8387
-2.5854
-2.6604
-2.5031
-2.8089
-2.7080
-2.2318
-2.5720
-2.4632
-2.3706
-2.9400
-2.9823
-3.0901
-2.7926
-2.8875
-2.9850
-2.8327
-2.7383
-2.8198
-2.3973
-2.4248
-1.6869
-1.5889
-1.2940
-1.1693
-1.1577
-1.1606
-1.0155
-0.7393
-0.7577
-0.6239
-0.4408
-0.2496
-0.0428
0.1677
0.2834
0.5809
0.4391
0.5120
0.6214
0.7229
0.8333
1.1167
1.1525
1.5155
2.0944
1.8033
1.8807
2.0636
2.7113
2.5201
3.2140
3.1034
3.5392
3.9065
3.6663
4.7207
4.6588
6.1094
5.9656
5.5459
6.2795
5.9586
6.8187
6.7856
7.3744
7.0779
7.8125
8.1171
8.2276
8.9292
9.4874
8.6680
9.4296
9.9634
9.8320
10.1506
10.2349
10.5037
10.4003
11.3533
12.1041
11.9641
12.3008
12.4813
12.1019
12.1181
10.9487
9.8189
9.4951
8.7481
7.7036
6.8436
6.1795
6.1518
4.9458
4.1459
4.1626
3.6352
3.4042
2.3778
2.4548
2.9639
1.5835
1.8286
2.7101
1.6413
1.3805
1.3201
1.5461
1.7799
1.7230
1.5083
1.2643
1.3859
1.4181
1.6666
1.5020
2.0357
1.6201
1.1790
1.2271
0.8018
0.9584
0.8512
0.5876
1.2376
1.2135
0.8798
0.7988
0.7016
0.1719
0.3958
-0.1073
-0.6072
-0.7691
-0.8528
-1.2767
-0.6584
-1.1368
-0.7710
-0.9621
-0.9116
-1.1867
-0.7950
0.0133
-0.4789
0.8557
0.0727
0.5365
0.2219
1.4182
1.0098
0.6732
1.3542
0.0650
0.9903
0.1821
0.7226
0.5094
0.1246
0.4448
0.4745
0.9526
0.8595
1.4890
1.3426
1.8938
1.9566
1.8188
1.7502
1.9143
1.7690
1.9347
1.5683
2.1568
1.9640
2.1973
1.8775
2.1053
2.7312
2.9299
2.6197
1.9955
2.2388
2.9182
2.5534
2.9019
2.6130
2.4478
1.9368
2.9431
2.2291
2.7893
2.7419
2.9857
3.0942
3.0993
3.4768
3.4245
3.1704
3.5805
3.8766
4.6132
4.3887
4.7220
4.5873
4.5398
4.1555
4.1087
3.6866
4.1088
3.5803
3.2958
2.7351
2.4362
2.4388
2.0113
1.0851
1.2990
1.1596
0.9197
0.5969
0.3416
0.8080
0.4623
0.4626
0.2512
0.0764
0.1681
0.0538
-0.0235
0.2362
0.2366
0.4132
0.4468
0.0062
0.2790
0.3088
0.4723
0.6436
0.8267
0.7728
0.8361
1.2798
0.9630
1.0111
1.1257
1.3156
1.5277
1.4568
1.4963
1.7413
1.9752
1.4529
2.1491
1.5334
1.8368
1.5162
1.7713
1.7265
1.6229
2.2827
1.6763
1.5730
1.6713
1.6429
1.9505
1.6796
1.6480
1.5416
1.6124
1.1306
0.9441
0.8941
0.4909
0.2848
0.0284
-0.1554
-0.3406
-0.2998
-0.6854
-0.7491
-1.0716
-1.3916
-1.5350
-1.8580
-1.8832
-2.3440
-2.4439
-2.4772
-2.6312
-2.8640
-2.8657
-2.8452
-3.0881
-3.2264
-3.1039
-3.3041
-3.3490
-3.2511
-3.3492
-3.1269
-3.4329
-3.4868
-3.5989
-3.5084
-3.7184
-3.8328
-3.8886
-3.9646
-3.8068
-4.0398
-4.1123
-4.1789
-4.2731
-3.9847
-4.2730
-4.2063
-4.2945
-4.2602
-3.9713
-4.1716
-4.1642
-4.2502
-4.2913
-4.1550
-4.1697
-3.8330
-4.1153
-4.0777
-3.9667
-3.7935
-3.9010
-4.0507
-3.9946
-4.0650
-3.8350
-4.0666
-3.9368
-4.1276
-3.9451
-4.1800
-4.1170
-4.2250
-3.9953
-4.2518
-4.2125
-3.9329
-4.0312
-4.0552
-4.0623
-3.9575
-4.0872
-4.0875
-4.0411
-3.7899
-4.0243
-4.0165
-4.1136
-4.2132
-4.2799
-4.0570
-4.3759
-4.3204
-4.5096
-4.4249
-4.3723
-4.5274
-4.7066
-4.7435
-4.8355
-4.7692
-4.6692
-4.8219
-4.9683
-5.0059
-4.9835
-5.1270
-4.9585
-5.3461
-5.4013
-5.4396
-5.4678
-5.4424
-5.3878
-5.3933
-5.2164
-5.4950
-5.5684
-5.5843
-5.5791
-5.6207
-5.6034
-5.4409
-5.6490
-5.6344
-5.6369
-5.6363
-5.5425
-5.6429
-5.6375
-5.6009
-5.7963
-5.8306
-5.7899
-5.7578
-5.8099
-5.8120
-5.9313
-5.9320
-5.7756
-5.9304
-5.9558
-5.8781
-5.8267
-5.8045
-5.7691
-5.7794
-5.7525
-5.4676
-5.6514
-5.1939
-5.2289
-5.2381
-4.8762
-5.6139
-5.3599
-5.2310
-4.7514
-5.5098
-5.5476
-5.2200
-5.1050
-5.5007
-5.6416
-5.6357
-5.6496
-5.5826
-5.4928
-5.9215
-5.8851
-5.9547
-5.5320
-5.7523
-5.6591
-5.6498
-5.4837
-5.6430
-5.8359
-5.3278
-5.5195
-5.5849
-5.7947
-5.4532
-5.8940
-5.7213
-5.9079
-5.3490
-5.6615
-5.7476
-5.5277
-5.6936
-5.2003
-5.4485
-5.1862
-5.5164
-5.1527
-5.1716
-5.1231
-5.0966
-5.0826
-4.8280
-4.1701
-4.6036
-4.4855
-3.9741
-3.7390
-3.2863
-2.8689
-2.7509
-2.7324
-2.4391
-2.1484
-1.6607
-1.0599
-0.8381
-0.4988
-0.0368
0.5807
1.1696
2.0340
2.3323
2.9895
3.5228
4.4292
4.5316
5.0215
5.1798
5.3888
5.3865
5.2651
5.0156
4.7960
4.7252
4.1810
3.9616
3.2855
2.7943
2.3316
1.8950
1.3157
1.0324
0.2916
0.1053
-0.3067
-0.6357
-0.8461
-1.2337
-1.2821
-1.2345
-1.8207
-1.6021
-2.0308
-1.9116
-1.7303
-2.0630
-2.0914
-2.2924
-2.4780
-2.6377
-2.6195
-2.7049
-2.6405
-3.0271
-3.1497
-3.1445
-3.0377
-2.8399
-2.3629
-2.3850
-2.1496
-1.8111
-1.8146
-1.5657
-1.3841
-1.2419
-1.1543
-1.1713
-0.9930
-1.3403
-1.4029
-1.5437
-1.9564
-2.3548
-2.6838
-2.9943
-3.3320
-3.3478
-4.0529
-4.4478
-4.5712
-4.6661
-4.7032
-5.2986
-5.4240
-5.3858
-5.7345
-5.7334
-5.8279
-6.0253
-6.0619
-6.2896
-6.0683
-6.0600
-6.0494
-6.1153
-6.2214
-6.1146
-6.2698
-6.1043
-6.2107
-6.5003
-6.6304
-6.4646
-6.7965
-6.8787
-7.0986
-7.3973
-7.3103
-8.0302
-8.1639
-8.3044
-8.3683
-7.9283
-8.0413
-8.3199
-8.2908
-7.9454
-7.5583
-7.3939
-7.5980
-7.3024
-7.6439
-7.1801
-7.1884
-7.5435
-6.6597
-6.8482
-6.8136
-5.7320
-6.4586
-6.0969
-5.7943
-5.9098
-5.5094
-5.1471
-5.5689
-5.1086
-5.1843
-3.8588
-4.0004
-3.1499
-2.4944
-2.8742
-2.3527
-2.5336
-1.6595
-2.4363
-1.8454
-1.5165
-2.1211
-1.4050
-1.8167
-1.4081
-1.4509
-1.0089
-0.9953
-1.3079
-1.2322
-0.7620
-1.2069
-0.6991
-0.5443
-0.2772
0.4217
0.5640
1.0187
1.9879
2.1354
3.4256
3.3909
3.8589
4.2285
5.5164
5.5115
5.4219
5.6380
5.6790
6.1531
6.3477
6.9450
6.9166
7.0242
6.7668
6.9309
7.4071
7.4901
7.2293
8.1571
7.5852
8.2647
8.4383
8.2488
8.5793
8.1410
8.6790
8.3910
9.3209
9.3149
9.9019
10.5542
11.2638
11.8010
12.3073
12.5405
13.2682
13.1632
13.3099
13.7086
14.4475
14.9521
15.0011
15.4799
16.2003
16.3899
17.1566
16.7223
17.1593
16.7733
17.1456
17.4200
17.0623
16.0718
15.0138
14.6468
14.6075
13.7813
13.5514
12.9190
12.8485
12.1194
12.0160
11.6043
12.0252
12.0250
11.0853
10.3572
10.0148
9.7781
9.1590
8.5818
8.3137
7.8375
7.6372
7.6281
7.0350
7.1303
6.7987
6.5444
6.0387
5.6380
5.2104
5.4973
4.7014
4.8364
4.3418
4.1902
4.2788
4.0469
4.0594
4.1724
4.2262
4.0940
4.0156
3.7919
3.7963
3.2706
3.3107
3.4895
2.5237
2.1036
1.3886
0.9893
0.8788
0.3544
-0.0082
-0.2447
-0.5259
-0.9131
-1.1509
-1.3671
-2.0667
-1.2770
-1.9707
-1.7611
-1.8792
-1.4576
-1.8514
-2.0354
-2.2067
-2.1779
-2.3287
-2.0317
-1.8606
-2.4945
-2.3603
-2.8387
-2.7284
-3.1125
-3.1494
-2.8548
-3.4934
-3.3049
-3.7493
-4.3698
-3.9251
-4.1062
-4.0441
-4.4355
-3.9853
-4.3220
-4.3403
-4.8338
-4.7584
-4.7397
-4.6104
-4.4445
-4.5727
-4.5907
-4.4567
-4.4777
-4.4222
-4.4985
-4.5050
-4.2888
-4.5093
-4.4640
-4.5074
-4.4800
-4.5018
-4.5702
-4.6244
-4.7231
-4.7586
-4.5923
-4.8392
-4.9299
-4.9180
-5.0285
-4.8253
-5.1359
-5.1553
-5.1844
-5.1650
-4.9046
-5.1250
-5.0968
-5.2168
-5.2113
-5.2891
-5.0621
-5.2711
-5.1048
-4.9791
-4.6935
-4.8381
-4.8589
-4.6966
-4.4141
-4.0707
-3.8538
-3.9915
-3.8048
-3.0679
-3.2488
-2.8936
-2.7745
-2.1789
-1.9506
-2.3518
-2.1222
-1.4673
-1.9648
-1.3828
-1.4173
-0.9599
-0.6091
-0.9830
-0.7255
-0.5597
0.3201
-0.2302
-0.0152
0.0506
0.2123
0.0973
0.3438
0.7161
1.1070
1.1671
1.2936
1.3039
1.4584
1.4470
1.6131
1.8144
1.6906
1.6810
1.6875
1.7713
1.6608
1.6612
1.4152
1.3162
1.1574
1.0550
0.8863
0.7318
0.5210
0.4374
0.2342
0.3657
0.0116
-0.0154
0.0117
0.0972
0.1925
0.3095
0.3683
0.6520
0.5352
0.6832
0.8477
1.0529
1.3318
1.5194
1.7856
1.9295
2.1362
2.3386
2.4721
2.6211
2.6382
2.8943
2.6405
2.6341
2.5782
2.5660
2.5591
2.6727
2.6918
2.8292
2.8884
3.0987
3.7077
3.7606
3.9227
4.3722
4.0339
4.3835
4.4151
5.3012
4.7797
5.2586
5.5681
5.3605
4.6253
4.7470
4.6097
4.8756
5.1989
5.0433
4.8080
4.8789
5.1679
5.3514
5.9984
6.0459
6.6045
6.4625
6.7309
6.8048
7.6227
7.4067
8.0166
8.3658
8.4830
8.8811
9.8935
9.3984
10.5766
10.2509
10.9228
10.7999
11.7663
11.7927
12.0845
12.3778
12.3518
12.7862
12.4574
13.4985
12.4748
12.3901
11.9612
11.5448
11.5904
12.5117
11.3307
11.7338
12.3249
11.9881
12.3699
11.5885
11.5386
12.0408
11.4321
12.2527
11.6879
11.7699
10.8891
10.8205
10.9778
10.8973
11.5185
11.5343
11.1789
10.9385
10.6120
9.5152
9.7618
9.0588
8.6667
8.1783
8.2298
7.7937
7.7187
6.8088
6.5258
7.0371
6.1363
5.9327
4.9146
4.8319
5.2704
5.0339
5.1016
5.3505
5.5664
5.1057
5.1967
4.7788
5.2068
4.6816
4.6855
4.1925
4.4620
3.8705
4.3881
3.9674
3.7871
4.5679
3.9265
4.4100
3.3222
3.0639
3.1557
2.3755
2.8231
2.5620
2.1219
1.7218
1.5736
1.0104
1.1046
0.6696
0.8529
0.5619
0.1966
0.1100
-0.4768
-0.4227
-0.8015
-0.3111
-1.0869
-0.7585
-0.2902
-0.4858
-0.4485
-0.5341
-0.6425
-0.4205
-0.3306
-1.0638
-1.0674
-0.9966
-0.9040
-0.4855
-1.5825
-0.4567
-1.4909
-1.2237
-0.8821
-0.8802
-0.6002
-0.0225
-0.5565
0.1831
-0.3280
-0.1026
0.0125
-0.3828
-0.4444
-0.6970
-0.2208
-0.5227
-0.4768
-0.8493
-0.0570
-0.8775
-0.8917
-1.0711
-0.8051
-0.5493
-0.5987
-0.4868
-0.5779
-0.5117
-0.1237
-0.7483
-0.7729
-0.7090
-0.6728
-0.4810
-0.0696
0.3263
-0.0512
0.0322
-0.5447
-0.3669
-0.3286
-0.2438
-0.4725
0.0780
-0.0367
-0.1796
-0.2024
-0.5152
-0.3041
-0.2443
-0.3992
-0.2846
0.0721
-0.2030
-0.2191
0.1670
0.5449
0.7182
0.6493
0.6052
0.5735
1.5928
1.4310
1.4758
1.2566
1.5313
2.0292
1.7647
1.5715
2.3202
2.2337
2.2647
2.4879
2.8866
2.9145
2.8024
2.5364
2.8317
2.7175
3.3509
3.7009
3.6481
3.6696
3.5644
3.5586
3.3387
3.5329
3.4946
3.7070
3.5579
3.0772
2.9052
2.5791
2.1630
1.9392
1.8634
1.0157
1.2338
0.7480
0.0571
-0.1287
-0.1590
-0.6156
-0.4342
-0.0278
-0.7106
-0.4103
-0.5201
-1.1388
-0.2638
-1.0263
-0.5641
-1.0556
-0.9223
-1.0351
-0.9869
-0.8038
-0.6796
-0.9885
-1.2540
-0.9535
-0.8197
-1.0498
-1.3943
-0.9870
-1.5722
-1.5960
-1.1469
-1.6305
-1.9522
-1.7650
-1.6439
-1.7757
-2.3424
-2.4433
-2.9971
-3.1334
-2.8427
-3.0954
-2.5488
-3.1141
-2.7386
-2.2750
-2.7606
-2.6595
-2.7696
-2.5634
-2.2636
-2.2810
-2.1822
-2.1134
-1.8467
-1.7703
-1.2162
-1.4382
-1.6211
-1.2170
-0.7769
-0.7920
-0.6842
-0.0847
-0.4344
-0.8572
-0.6089
-0.6776
-0.5092
-0.2752
-0.3609
-0.2001
-0.1854
-0.2209
-0.4212
-0.3367
-0.2212
-0.3523
-0.6262
-0.8132
-0.9238
-1.2363
-1.4635
-1.5809
-1.5887
-1.7670
-1.8389
-1.7216
-2.0411
-2.3228
-2.1918
-2.1322
-2.6914
-2.6308
-2.7065
-2.7835
-2.5006
-2.6122
-2.7799
-2.6764
-2.8257
-2.5773
-2.7351
-2.7954
-2.7260
-2.6796
-2.2222
-2.5583
-2.4344
-2.7413
-2.5308
-2.5824
-2.4427
-2.3790
-2.7440
-2.7545
-2.6391
-2.4766
-2.8004
-2.5621
-2.6020
-2.6424
-2.4908
-2.2726
-2.3763
-2.4135
-2.1971
-2.0692
-1.9604
-1.9480
-2.0996
-1.7772
-2.3726
-2.4372
-2.3328
-2.4310
-2.6916
-2.8574
-2.8096
-2.5440
-2.6590
-2.5070
-2.5165
-2.5365
-2.6404
-2.7610
-2.9243
-2.8585
-3.2505
-3.2801
-3.2590
-2.8950
-3.0422
-2.5487
-3.2750
-3.0655
-3.0812
-3.2167
-3.0398
-2.9726
-2.9918
-3.1173
-3.0647
-2.4248
-2.6683
-2.2763
-2.6121
-2.1402
-2.0358
-2.4601
-1.8499
-2.2516
-2.5052
-2.6759
-2.6782
-2.3663
-1.7008
-1.9694
-1.5702
-1.7952
-1.3272
-1.8704
-2.0652
-2.1391
-2.1184
-2.7665
-2.6698
-2.4510
-1.8964
-2.0622
-1.3991
-2.2953
-2.4541
-2.1663
-2.5767
-1.7138
-2.1757
-1.9882
-1.7790
-1.1246
-1.6009
-1.0279
-1.1264
-1.0382
-0.9960
-0.8714
-0.9584
-0.6103
-0.2306
-0.4376
-0.3219
-0.2060
-0.3172
-0.2388
0.1600
0.0293
0.0019
0.2641
0.1512
0.8668
0.6401
0.5930
1.0952
1.2609
1.3279
1.4047
1.8400
2.8575
2.7609
2.7158
2.9629
2.4005
3.0629
2.7832
2.7610
2.6264
3.3077
3.3875
3.3859
2.9308
3.9616
3.0573
3.3394
3.0917
3.6762
3.4189
4.1951
3.4803
4.3921
4.6908
4.7404
5.7198
5.5290
5.6006
4.8487
5.1198
5.0544
5.2122
4.6240
5.3092
5.5421
5.6018
6.0990
5.4252
6.0829
5.7883
5.9725
5.5111
6.9167
5.9196
6.9759
6.5886
6.8661
6.7489
6.8674
6.7055
6.4549
6.1247
5.8836
6.1113
5.5353
6.7099
5.8703
6.5853
6.2849
6.6813
6.1646
7.0361
6.8623
7.5710
7.4551
8.0568
8.4534
8.5884
9.0819
9.1346
9.1824
9.7980
10.3904
9.5453
9.9214
9.7826
9.9987
9.3645
10.3224
9.4819
9.2836
9.0997
9.4220
9.1901
9.3744
9.7922
9.3203
9.2069
9.1737
10.1981
9.2745
9.9291
9.4221
10.7641
9.9501
10.0994
9.8687
10.0967
10.0841
9.8395
9.6295
9.5376
9.4777
10.0308
9.9286
9.8067
9.8720
9.4201
9.2026
9.1126
8.1370
7.9716
7.2956
7.2833
6.9202
6.8093
6.9303
6.7850
6.9119
6.7381
6.9931
6.6005
6.4238
5.8155
5.6485
5.3399
5.1678
5.4996
5.1996
4.9183
4.5832
3.9927
3.4359
