1.8909
2.5053
2.0565
1.5610
1.9246
1.7353
1.1628
1.9310
1.1833
1.8293
1.7075
1.4445
1.5697
1.3656
1.8875
1.6170
1.5714
1.2113
1.5072
1.9220
1.5768
1.7615
2.3124
1.8979
2.3775
1.8936
2.0849
1.5117
1.5533
1.5484
1.7819
1.4732
1.1498
0.9561
0.9911
1.0726
1.2166
1.3630
1.2498
1.0462
1.0481
0.8531
0.8265
0.7851
0.7622
0.7542
0.6581
0.7705
0.4928
0.4365
0.4848
0.4822
0.5163
0.5047
0.5175
0.6676
0.4902
0.3851
0.3545
0.1787
0.0879
0.0440
-0.0543
-0.0588
-0.1667
-0.1955
-0.2086
-0.2341
-0.1596
-0.2154
-0.1866
-0.2988
-0.1577
-0.4110
-0.5020
-0.5472
-0.6382
-0.6583
-0.6889
-0.6555
-0.6470
-0.6279
-0.6492
-0.6676
-0.4985
-0.7277
-0.7644
-0.7706
-0.8241
-0.8247
-0.8446
-0.9225
-0.9817
-1.0844
-1.1502
-1.1586
-1.2622
-1.2901
-1.4311
-1.4713
-1.6133
-1.6041
-1.7598
-1.5980
-1.9471
-1.9706
-2.0110
-1.9925
-2.0577
-2.0662
-2.1491
-2.2083
-2.3056
-2.3596
-2.3976
-2.1854
-2.3998
-2.3835
-2.2922
-2.1706
-1.7590
-1.5147
-1.0164
-0.2265
-0.4038
-0.5405
-0.4667
-0.6241
-0.3897
-1.3522
-1.0320
-1.4931
-1.2905
-1.8745
-2.1488
-2.5386
-2.7223
-2.3350
-2.9488
-3.0633
-3.2621
-3.3006
-3.1253
-3.2524
-3.1881
-3.3925
-3.4136
-3.5276
-3.2991
-3.7039
-3.7674
-4.0295
-4.1393
-4.2815
-4.3208
-4.4098
-4.4038
-4.5042
-4.5468
-4.6504
-4.4532
-4.7817
-4.8142
-4.9432
-4.9736
-4.9940
-5.0587
-5.1063
-5.2142
-5.2570
-5.2170
-5.2464
-5.1791
-5.0461
-5.2256
-5.2229
-5.1934
-4.8959
-4.8029
-4.5311
-4.3332
-4.0766
-4.0038
-3.4803
-3.6219
-3.2343
-3.2495
-3.0569
-3.2627
-2.8325
-2.8607
-2.9879
-2.9608
-2.6132
-2.3671
-1.8993
-2.0570
-1.8284
-1.5892
-1.7412
-1.8199
-1.7551
-1.6070
-1.6644
-1.3852
-1.5068
-1.6441
-1.6108
-1.9582
-1.5732
-1.4119
-1.5896
-1.5381
-1.5273
-0.8745
-0.7356
-0.6977
-0.5451
-0.2178
-0.2620
-0.4878
0.4365
0.4932
-0.0621
0.7036
0.1030
0.0141
0.0996
-0.4883
0.5477
0.8228
1.5973
-0.0679
-0.1483
-0.3147
0.7118
0.2511
0.5251
0.3435
0.4248
0.1754
-0.1002
0.3015
0.4607
0.2888
0.5573
0.3392
0.5626
0.3296
0.2100
1.0870
0.2284
0.2716
0.2325
-0.0535
0.4844
0.3603
0.4973
0.3068
0.2826
0.2195
0.1202
0.1872
-0.0286
0.4445
0.1509
0.2792
0.3793
0.3142
0.0897
0.0387
0.3040
0.0978
-0.5878
-0.7224
-0.6515
-0.7567
-1.0769
-1.2820
-1.4878
-1.7605
-1.6758
-1.5109
-1.4224
-1.6818
-1.5799
-2.0536
-1.9955
-2.2687
-2.2973
-1.9546
-2.0378
-2.1677
-1.4986
-1.9034
-1.4559
-1.8555
-1.6723
-1.0024
-1.4033
-0.1492
-0.1161
0.8712
0.8223
0.7581
1.0517
1.5416
0.5400
0.4155
0.5706
0.6267
0.6059
0.2758
0.5406
0.7178
1.6072
1.1473
1.4569
0.5530
0.6910
0.4537
1.0839
1.6763
1.3472
1.6093
1.9546
2.9029
3.1730
3.2447
3.4045
3.1331
3.1214
3.2399
3.4808
3.3524
3.9660
3.5098
3.8687
4.0519
3.8203
4.5464
4.4129
4.1476
4.3905
3.6138
4.3528
3.9565
3.7872
3.0936
2.8628
2.8948
1.9716
2.8485
2.3855
1.6675
1.7505
2.1009
1.8022
1.5906
2.4651
1.8945
2.0767
3.3909
2.5117
2.9013
2.4638
2.8412
3.2211
2.3667
1.8682
1.9489
1.4077
1.6841
1.1315
0.8524
1.2899
0.8335
0.5803
0.5375
0.6527
0.2455
0.3352
0.4464
0.6565
0.3634
0.3234
0.1899
0.7204
0.8619
1.0906
0.7386
0.9373
1.0495
0.7595
0.9184
0.8957
0.8478
0.7065
0.6318
0.8454
0.1425
0.5780
0.5034
0.6170
1.3750
0.7222
1.1475
1.2906
1.8133
2.3256
2.6111
2.3005
3.1483
2.4377
2.8267
2.0003
1.9100
1.5130
1.7717
1.1992
1.2631
1.3848
0.7933
0.7772
0.7665
0.5886
0.8442
0.8024
0.6077
1.0568
0.3437
0.3753
-0.0013
0.2118
-0.1461
-0.2771
-0.7535
-0.6940
-0.9884
-1.1243
-1.0632
-1.0432
-0.8566
-0.8380
-0.6936
-1.3812
-0.9473
-0.9835
-0.9541
-1.3183
-1.3932
-1.6710
-1.5440
-1.8345
-1.9448
-2.3287
-2.4187
-2.1761
-2.4731
-2.7322
-2.9001
-2.8559
-2.7839
-2.9613
-2.8993
-3.0450
-2.8724
-2.5631
-2.6194
-2.1215
-2.3000
-2.1096
-2.5728
-2.6386
-2.7198
-2.7984
-2.7176
-2.5624
-2.6189
-2.5501
-2.3525
-2.1805
-2.3477
-2.4717
-2.4575
-2.4096
-2.4262
-2.3919
-2.2845
-1.8636
-2.5039
-2.3216
-2.5679
-2.4437
-2.3280
-1.7372
-2.0659
-1.7002
-2.0197
-2.0312
-1.7367
-2.0431
-1.6647
-2.0154
-1.6477
-1.8256
-1.6759
-1.6290
-1.5788
-1.7045
-1.8379
-1.5678
-1.4939
-1.8485
-1.7873
-2.1124
-1.5774
-2.1897
-2.0867
-2.2354
-1.9706
-1.9707
-1.6367
-1.8166
-1.8122
-1.9968
-1.9143
-1.6647
-1.5676
-1.4801
-1.0977
-1.6672
-1.7198
-1.8577
-1.5497
-1.3998
-1.5571
-1.1726
-1.3335
-1.4375
-1.4267
-1.7422
-1.5072
-1.6220
-1.4093
-1.5528
-1.3124
-1.1647
-1.2299
-1.0555
-1.0950
-1.1063
-1.2038
-1.1257
-0.7686
-1.1134
-1.2207
-1.3539
-1.3708
-1.3870
-1.1502
-1.3208
-1.3826
-1.4006
-1.4091
-1.4194
-1.1591
-1.4877
-1.3481
-1.7175
-1.8059
-1.7155
-1.7521
-1.4449
-1.5535
-1.6859
-1.1136
-1.7127
-1.3878
-1.2620
-1.5811
-1.1258
-1.5601
-1.3438
-1.5218
-1.2689
-1.5192
-1.3474
-1.5550
-1.5389
-1.6909
-1.9375
-1.8248
-1.5597
-1.5969
-1.6967
-1.7220
-1.5966
-1.8524
-1.6293
-1.8356
-1.6685
-1.5316
-1.4830
-1.5043
-1.4528
-1.7154
-1.8565
-1.8835
-1.8322
-1.9948
-2.1717
-1.9629
-2.3446
-2.3381
-2.3427
-2.1881
-2.3131
-2.4648
-2.5101
-2.3502
-2.3639
-2.3673
-2.3393
-2.2888
-2.2638
-2.4410
-2.5968
-2.0487
-2.5135
-2.6141
-2.3958
-1.1622
-1.7250
-1.0662
-1.3822
-0.9635
-0.7620
-1.1998
-0.3435
-0.7150
-0.9666
-0.7158
-1.1782
-1.1777
-0.9400
-1.3340
-1.3595
-1.5957
-2.0065
-1.9816
-1.8882
-1.8303
-2.2262
-1.9989
-2.2545
-2.0758
-2.2848
-2.3949
-2.1116
-2.4531
-2.3642
-2.4351
-2.4028
-2.2703
-2.2773
-1.9069
-2.1233
-1.7289
-1.8827
-1.6587
-1.6944
-1.5327
-1.4607
-0.9414
-1.2588
-0.9077
-0.8854
-0.7825
-0.9400
-0.8267
-0.9009
-0.9846
-0.9220
-0.6514
-0.8342
-0.7900
-0.8340
-0.4752
-0.7195
-0.4793
-0.6266
-0.4932
-0.5195
-0.3077
-0.1284
-0.2139
-0.2727
-0.0935
-0.0060
0.2341
0.5571
0.5861
0.7055
0.8355
0.8242
0.8898
1.0183
1.0932
1.2973
1.3298
1.4862
1.8354
1.7019
1.9163
1.9740
2.2101
2.2119
2.4662
2.2393
2.2582
2.4314
2.3908
2.6896
2.7116
3.0481
3.2044
3.4743
3.6102
4.0025
4.2461
4.8178
5.4377
5.6771
5.8504
5.7748
5.5817
6.3676
6.2202
5.9575
5.5648
4.9484
4.5231
4.1904
3.5311
3.5406
2.9971
2.9772
2.8554
2.7488
2.4460
2.8897
2.5856
3.3044
2.2633
2.1312
2.1629
2.3733
2.1492
2.3270
2.5008
2.0632
2.1243
2.4280
2.0848
1.7881
1.9154
1.6343
1.5312
1.6046
1.6641
1.6976
2.3746
1.7754
1.8119
1.8080
1.5557
1.6239
1.4946
1.9750
1.8879
1.5657
2.1521
2.1965
2.4191
2.2244
2.5169
2.2929
2.3687
2.1089
2.4080
3.1605
3.1823
3.1305
2.8523
2.9786
2.8259
2.7317
2.7349
2.9528
2.6976
2.8332
2.6823
2.7789
2.7779
2.8860
2.2484
1.9381
2.4566
1.8392
2.4548
2.2992
1.8728
1.4403
0.6545
0.6682
0.2445
1.0368
0.2464
0.1902
0.3493
-0.0674
0.2856
-0.3337
-0.4140
-0.3480
-0.6296
-0.5576
-0.5800
-0.1549
0.0100
0.2847
0.2418
0.1682
0.3081
0.0376
-0.1195
-0.2975
-0.5964
-0.5698
-0.2321
0.0308
0.3082
0.0311
-0.0870
0.1521
0.5630
0.7758
1.4871
1.7487
1.8733
2.0997
1.8015
2.2032
3.2413
3.0448
3.4602
2.7269
2.7407
2.1556
2.3114
1.6699
1.9304
1.4678
1.9708
2.2016
2.0895
2.6366
3.1884
2.7704
3.5028
3.3081
3.2519
3.5810
2.5635
2.9212
3.4552
3.9960
3.4662
4.2231
3.6560
4.8013
4.7977
3.7450
3.9628
4.3286
4.9166
5.2065
4.8769
5.7079
5.5827
6.1299
6.8036
6.9020
7.1423
6.9848
6.8454
7.4995
6.9033
6.6405
6.7100
6.7104
5.8659
5.4098
5.4774
4.9452
4.8208
4.5114
4.3639
4.0214
3.9436
3.7023
3.4177
3.2910
3.2150
2.9047
2.8853
2.8430
2.5179
2.5163
2.5106
2.4056
2.1325
2.2346
1.9941
2.1576
2.1309
1.9529
2.1579
2.7233
2.3861
2.2269
2.4393
1.9824
2.7303
2.1718
1.8331
1.1148
1.0122
0.8066
0.8084
1.1116
0.8373
1.1939
1.6918
1.9439
1.5152
1.7778
1.6502
2.4749
2.2014
2.4760
2.6482
2.8515
2.3560
2.8689
2.8330
2.6309
2.8266
2.2601
2.4170
2.2314
2.2360
2.2173
1.9172
1.6301
1.3648
1.1458
1.0152
1.2531
0.8696
0.9527
0.9759
0.6985
0.7137
0.9885
0.7253
0.6693
0.5375
0.4522
0.3943
0.5397
0.3348
0.2571
0.3034
0.1802
0.2643
0.1143
0.1656
0.1187
0.1561
0.1704
0.3225
0.0663
-0.0242
0.0276
-0.0714
-0.0490
-0.2187
-0.2822
-0.3777
-0.3442
-0.0202
0.3147
0.7450
0.2249
-0.2455
0.1593
0.0763
0.9342
0.4828
1.1088
1.1374
1.1231
1.2877
1.6543
1.4992
1.4492
0.7965
0.5903
1.5257
0.8328
1.0288
0.9053
1.5915
1.2763
1.2864
1.2946
1.4268
1.9998
1.3426
1.5728
1.1619
0.9195
1.2270
0.7403
0.6799
0.4386
0.4918
0.3865
0.0300
-0.1216
0.0936
-0.1921
-0.2520
-0.1256
-0.4521
-0.3974
-0.5151
-0.6043
-0.2067
-0.5998
-0.6551
-1.1797
-1.0115
-1.2329
-1.0097
-1.3584
-1.4933
-1.4373
-1.6881
-1.3783
-1.4672
-1.4568
-1.2916
-1.7174
-1.8257
-1.7104
-1.8465
-1.7812
-1.6558
-1.8156
-2.0355
-1.7255
-1.8963
-2.0248
-1.7861
-1.6257
-1.3701
-2.0621
-1.9313
-2.0083
-1.7488
-1.9157
-1.7846
-2.1707
-2.0904
-1.9946
-2.0174
-2.1863
-2.0483
-2.0232
-2.0086
-1.7865
-2.1303
-2.1388
-1.8921
-2.1193
-2.0908
-2.2226
-2.1514
-2.0181
-2.1379
-2.2324
-2.2401
-2.2409
-2.1857
-2.2001
-2.2081
-2.2977
-2.0772
-2.1985
-1.9419
-1.7663
-1.4202
-1.0939
-0.5672
0.2365
0.6957
1.3231
2.0418
2.6210
3.2474
3.7170
4.1900
4.3770
4.5239
4.6202
4.1195
3.8335
4.4272
3.9075
4.4549
3.9825
4.5181
3.9948
4.4566
4.4594
4.4913
5.5410
4.7065
4.2873
3.7392
3.3284
3.3438
3.4637
3.5738
3.0172
2.5793
3.0890
2.7010
2.2622
1.6195
1.3864
1.7715
1.2535
1.7325
1.1734
1.3899
1.9338
1.5584
1.8369
1.5302
1.5635
2.0879
2.7197
2.5099
3.0914
2.9021
3.3011
3.1227
2.8038
2.7193
3.0902
3.4671
3.4464
3.4969
3.5626
3.1732
3.1513
2.9067
3.0145
3.1410
2.8219
3.6350
3.1929
2.9774
2.8216
3.0840
2.6621
2.8077
3.8795
2.9300
3.7315
2.8640
3.2543
2.7820
3.0420
2.7542
2.7092
2.5193
2.5519
2.4768
2.4635
2.6660
2.5544
2.8036
2.5986
2.9163
2.8075
3.0696
2.7778
3.2126
2.7967
2.9708
2.9124
3.0077
2.4614
2.6040
2.7154
2.5649
3.1507
3.2614
3.0129
3.0132
2.9378
3.0357
2.7865
3.0225
2.9683
2.7316
3.0929
2.6852
2.8321
2.5241
2.3395
2.5409
2.5862
2.8244
2.4433
2.7383
2.6697
2.9332
2.4923
2.5786
2.6777
2.6687
2.9292
2.8785
2.5286
2.5542
2.7265
3.0669
2.5709
2.6908
2.6531
2.8063
2.8722
2.7631
3.1468
3.1717
2.9038
2.8523
3.2057
3.0925
3.1264
3.2148
3.1515
3.1623
3.2013
3.1276
3.4667
2.8286
2.9679
2.5744
2.6115
2.8212
2.6527
2.9655
2.2127
2.4166
2.5192
2.2820
2.1570
2.1388
2.6580
1.9477
1.7017
1.5296
1.2761
1.1310
1.0359
0.6505
0.4748
0.2823
0.1870
0.0179
0.3114
-0.0393
0.0628
-0.0875
-0.0382
0.1527
-0.1128
-0.1361
-0.0818
-0.1440
-0.1931
-0.4860
-0.5206
-0.8141
-1.0164
-1.3690
-1.4510
-1.8081
-1.9801
-1.9988
-2.1273
-2.0069
-1.8676
-2.2382
-2.0413
-2.2246
-2.1151
-2.0194
-2.5563
-2.5830
-2.8126
-2.8621
-2.9476
-2.7965
-3.3401
-3.1712
-3.0375
-3.1521
-2.6402
-2.9967
-2.8032
-2.9760
-2.3579
-1.8475
-2.9746
-2.1806
-2.6470
-3.1262
-3.3077
-3.2731
-2.8815
-3.8986
-3.9203
-4.0177
-2.9969
-3.8353
-3.6648
-3.2540
-3.7535
-4.0231
-3.9365
-4.1845
-3.7558
-3.9194
-3.7224
-4.0473
-3.9268
-4.5570
-4.6121
-4.6793
-4.9703
-5.1841
-5.0368
-5.2764
-4.8921
-5.5827
-5.8879
-6.2648
-5.9625
-6.1255
-6.1906
-6.1752
-5.6697
-5.9533
-5.8162
-5.3700
-5.6889
-4.3408
-4.3964
-4.6333
-4.9100
-5.1447
-5.3475
-4.5906
-4.8947
-4.1897
-4.2048
-4.6367
-3.8307
-3.3337
-3.9856
-3.4483
-2.8220
-3.7246
-4.0424
-3.2961
-3.7953
-3.5820
-3.8075
-3.6997
-3.4832
-3.3576
-3.2864
-3.3596
-2.8156
-3.0046
-2.4043
-2.0274
-1.7245
-1.5023
-1.4896
-1.0896
-0.6072
0.0363
0.3993
-0.6917
-0.5666
-0.1086
-0.1772
0.0426
0.6762
0.3201
0.8437
0.7608
1.0230
1.1740
1.3917
1.6180
1.5826
2.0872
1.9946
2.4549
2.7839
2.8818
2.9563
2.5533
2.5317
2.2551
2.2745
2.4709
2.2653
2.6429
2.2611
2.2402
2.4238
2.5120
2.7658
3.3606
3.2060
3.7495
3.5298
3.6679
3.9981
3.8314
3.9611
4.1439
4.2527
4.6476
4.5695
4.7749
4.9627
5.1591
5.3012
5.4544
5.7566
5.5903
5.5650
5.5237
5.3720
5.2998
5.5433
5.3910
5.6698
5.8963
5.5276
5.8992
6.3032
5.7783
6.3965
6.5297
7.0049
7.2102
7.8034
7.8804
8.6089
7.7814
7.5881
7.8642
7.8844
8.5393
8.6072
8.9142
9.0584
9.0119
9.3995
9.9213
9.5340
9.0669
9.6257
10.5156
10.4054
9.7492
10.0713
9.8604
10.1615
10.5376
10.3947
9.3261
9.5236
9.1351
9.0837
8.9414
8.3468
8.3684
7.5870
7.6697
7.1497
7.3980
7.2214
6.9686
6.5299
6.3172
6.8730
6.2461
6.3172
6.0360
6.0498
5.8909
6.3495
5.8815
6.2625
6.2543
6.5719
6.5222
6.6556
7.3234
6.3232
6.2206
5.8324
5.8458
5.6200
5.4372
5.0659
5.0021
4.4337
4.5393
4.1246
3.8296
3.4796
3.3481
3.2939
2.9127
2.9258
2.4149
2.4854
2.3102
2.1699
2.2729
2.0697
2.2162
1.8386
2.3451
1.9588
1.6652
1.1868
1.0248
0.4496
0.3517
0.3623
0.1867
0.4104
-0.2585
0.0316
-0.4984
-0.5177
0.0501
-0.0309
-0.1442
-0.7512
-0.9224
-1.4380
-0.7200
-1.2395
-0.8480
-1.2519
-1.1204
-0.9699
-1.4782
-1.6414
-1.8973
-2.4187
-2.3764
-2.7646
-2.5992
-2.6416
-2.8411
-3.0087
-2.9327
-3.4017
-3.4397
-3.5315
-3.9537
-3.9250
-4.2270
-4.2341
-4.2394
-4.1805
-4.4431
-4.5586
-4.7044
-4.6395
-4.7607
-4.4971
-4.7792
-4.3156
-4.3271
-4.4944
-4.8675
-4.8861
-4.9841
-5.0879
-5.2017
-5.1672
-5.2193
-5.4628
-5.4710
-5.6120
-5.6854
-5.6549
-5.7132
-6.1341
-6.2368
-6.5064
-6.4003
-6.8892
-7.0015
-7.1115
-7.1239
-7.1218
-7.0095
-7.0755
-7.3322
-7.4017
-7.4118
-7.1050
-7.6240
-7.6635
-7.6716
-7.5059
-7.4613
-7.2563
-7.3259
-7.4883
-7.5376
-7.3939
-7.3065
-7.4411
-7.2060
-7.3220
-7.3236
-7.2629
-7.1249
-7.0942
-6.9502
-6.6996
-6.8525
-6.7080
-6.6822
-6.7099
-6.6814
-6.5640
-6.4761
-6.1638
-6.3899
-6.0779
-6.0062
-5.6794
-5.7702
-5.4631
-5.6949
-5.5805
-5.5683
-5.2119
-5.3632
-5.1309
-5.1350
-5.1066
-4.9285
-4.7269
-4.5650
-4.4224
-4.0966
-4.2504
-4.1484
-3.8885
-3.7944
-3.8549
-3.5226
-3.5314
-3.3828
-3.2574
-3.0000
-3.1298
-2.6482
-2.9252
-2.6254
-2.5204
-2.5267
-2.4492
-2.2416
-1.9898
-1.9235
-1.8778
-1.6720
-1.6238
-1.4426
-1.2384
-0.9913
-0.6262
-0.6804
-0.6251
-0.3512
-0.3470
-0.2794
-0.0486
0.0656
0.2328
0.3950
0.6837
0.6308
0.6940
0.7644
0.7945
0.8455
0.9809
1.0312
1.1744
1.1863
1.3546
1.3452
1.4684
1.6649
1.5686
1.7556
1.8728
2.0265
2.0814
2.1053
2.1635
2.4538
2.2794
2.3574
2.3772
2.4250
2.5435
2.6357
2.6748
2.7183
2.9042
2.7238
2.7749
2.8786
2.9654
3.1005
3.1537
3.1089
3.0507
2.9420
2.8905
2.8693
2.8414
2.8549
2.8732
3.1220
3.0375
3.0682
3.1349
3.1088
3.0860
3.0681
3.0229
2.9430
2.8614
2.7344
2.5884
2.4230
2.2353
2.0170
2.0123
1.5650
1.3695
1.1873
1.1316
1.0007
1.0131
0.7924
0.6965
0.4786
0.3741
0.2771
0.2399
0.1855
0.1851
0.1595
0.1760
0.3645
0.3566
0.1397
0.1705
0.0750
0.1331
-0.0782
0.1322
-0.2848
-0.3534
-0.3553
-0.4816
-0.8378
-0.9385
-1.0166
-1.0054
-0.3032
-0.3284
-0.4647
-1.1707
-1.1906
-1.1351
-0.6609
-0.8814
-1.2973
-1.2339
-1.2489
-1.9280
-0.8396
-0.8649
-0.9514
-1.1003
-0.3316
-0.4171
0.2684
0.0531
-0.4245
-0.6023
-0.1374
0.0570
0.1858
-0.3681
0.0564
0.9667
-0.1220
-0.5667
-0.6274
-0.2902
-0.2893
-0.1512
-0.4151
-0.8107
-1.1150
-1.0401
-0.7257
-0.8681
-1.0525
-1.2908
-1.1310
-1.5258
-1.0519
-1.4369
-1.1057
-1.5203
-1.3271
-1.4829
-1.2561
-1.3909
-1.5017
-1.3851
-1.6893
-1.7538
-1.5277
-1.7624
-1.8206
-1.6791
-1.8042
-1.9042
-1.8328
-1.9487
-1.8740
-1.4807
-1.4528
-1.0034
-0.7370
-0.8009
-0.7656
-0.7868
-0.9371
-1.2449
-1.5827
-2.1010
-2.5119
-2.6069
-3.3754
-3.8950
-4.2381
-4.7368
-5.0151
-5.0269
-5.4886
-5.5933
-5.9474
-6.0544
-6.3130
-6.2266
-6.1841
-6.0858
-6.4447
-6.2898
-6.2663
-6.0562
-5.7428
-5.7382
-5.5283
-5.2159
-5.1712
-5.2443
-5.1485
-5.3784
-5.4645
-5.6393
-5.7601
-5.8069
-5.8928
-5.7169
-5.9631
-5.8136
-6.0065
-5.7384
-5.9536
-5.6999
-5.8235
-5.4945
-5.7807
-5.6812
-5.5919
-5.2722
-5.2776
-5.2093
-5.1882
-4.3615
-5.0098
-5.0869
-5.1636
-4.8815
-4.3239
-4.4482
-4.2790
-4.5594
-4.0480
-4.4086
-4.3482
-4.0581
-4.4080
-4.4384
-3.7567
-4.2423
-3.9037
-3.8210
-4.1946
-3.9304
-3.7937
-3.4271
-3.9471
-3.8762
-3.8073
-3.6415
-3.3932
-3.2216
-3.5378
-3.0660
-3.0893
-3.3715
-2.9883
-2.6710
-2.4521
-1.9323
-1.7428
-1.1696
-0.5725
-0.4750
0.1723
-0.1934
0.0071
-0.3196
0.1541
-0.4630
0.1441
0.0945
-0.5813
-0.8502
-0.7488
-0.7071
-0.5842
-0.8033
-0.6595
-0.3164
-0.9788
-0.9187
-0.6543
-1.1080
-0.5437
-0.7656
-0.8503
-0.6385
-0.3658
-0.1797
0.2080
0.5300
1.0924
1.6059
2.0228
1.9334
2.2239
2.2772
2.2399
2.0320
1.8226
2.4477
2.2715
2.7259
2.3881
2.2822
2.4794
2.1449
2.3623
2.1542
3.4898
2.2998
2.0598
2.0874
2.0649
1.2578
1.8310
1.1971
0.9376
1.3747
1.8041
1.4373
1.0818
1.0131
1.0474
1.5149
1.3398
1.0781
0.8635
1.0309
0.8170
1.0249
1.1349
0.9219
0.7844
0.5084
0.4080
0.2900
0.5128
0.1899
0.3397
0.0485
-0.0704
-0.1929
-0.1416
-0.5524
-0.8064
-0.8320
-1.2414
-1.3628
-1.4672
-1.3800
-1.5573
-1.7179
-1.7248
-1.8258
-1.7214
-1.6847
-1.0121
-1.3426
-1.1567
-1.2465
-1.1535
-0.9498
-0.7165
-1.2543
-0.3259
-0.7322
-0.4942
-0.3637
-0.1245
0.1991
0.3613
1.4750
3.1180
2.5400
2.8888
2.4617
2.5810
2.6117
2.4511
2.6445
2.2701
1.9073
1.4420
1.3913
1.4931
0.5768
1.3713
0.3218
0.1496
0.2039
-0.4669
-0.1710
-1.1677
-1.1267
-0.4175
-0.9979
-1.4429
-0.7000
-1.4779
-1.4186
-1.8132
-0.7795
-1.5079
-1.2205
-1.3420
-1.6835
-2.0869
-2.1366
-2.2003
-2.1224
-1.9850
-1.7769
-1.4537
-1.8306
-0.8102
-1.2137
-0.7593
-0.2098
-0.6113
-0.6758
-1.1683
-1.0986
-1.2252
0.1583
-0.4509
0.1602
0.3950
0.9566
0.8737
1.2714
0.2847
-0.2821
0.0308
-0.1963
0.6579
0.5337
0.0691
0.4646
0.5736
-0.0682
-0.0604
-0.1853
-0.2708
0.9788
0.8335
1.7849
1.1320
1.1439
0.4394
1.5093
0.7916
0.7688
1.3264
0.8776
0.8667
0.5651
0.1978
-0.0358
-0.3666
-0.8122
-0.8436
-0.8012
-0.8633
-0.8781
-0.8732
-0.7632
-0.5319
-0.3040
-0.3909
-0.6460
-0.4772
-0.3948
-0.5816
-0.5448
-0.2645
0.1695
0.2433
0.1705
0.2848
0.3847
0.3367
0.2697
0.1969
0.3288
0.4599
0.0204
-0.0025
-0.2554
0.0311
-0.2036
0.1419
-0.2373
-0.0580
-0.0064
-0.2839
-0.3929
-0.9054
-0.8797
-0.6074
-0.8629
-0.8076
-0.2174
-0.0787
0.0753
0.2436
0.1154
0.5139
0.6024
0.7419
1.4747
1.2655
1.6359
2.0274
2.7368
3.3588
3.9888
4.9711
5.4467
6.7732
7.6941
7.1983
7.0719
7.5589
8.1478
8.1568
7.5382
7.2663
6.8510
6.2037
5.5282
4.8496
4.5271
4.1401
4.2649
2.8165
2.6909
2.5903
1.8529
1.9728
1.2884
1.3509
0.7078
0.6623
0.2019
0.0851
0.3244
0.0395
-0.3712
-0.5663
-0.3493
0.0380
-0.2920
-0.6368
-0.0003
-0.5381
-0.1656
-0.4831
-0.4556
-0.6844
-0.5246
-0.8095
-0.9927
-1.3726
-1.2680
-1.2894
-1.3558
-1.3541
-1.3830
-1.8800
-1.7816
-1.6350
-1.5568
-1.3254
-0.8096
-1.1171
0.2195
-0.5625
-0.3417
0.5368
-0.0582
-0.0169
-0.6544
-0.3464
-0.4994
-0.0714
-0.2158
0.3990
0.3035
0.7284
0.4498
0.6807
1.7138
1.9179
1.5373
2.1064
2.2106
2.7764
2.4578
2.3713
2.5189
2.6224
2.5003
1.8325
1.7476
1.1838
1.4017
0.9016
0.8894
0.1619
0.4393
-0.3821
-0.4574
-0.6928
-1.0363
-1.7805
-1.9434
-2.4514
-2.8888
-2.9977
-3.3797
-3.6426
-3.8820
-4.2384
-4.5248
-4.8820
-5.0650
-5.3105
-5.3306
-5.3730
-5.8497
-6.0477
-6.0372
-5.8589
-5.8775
-6.0991
-5.6058
-5.3105
-5.9494
-5.0254
-5.5984
-4.8147
-5.3325
-5.3894
-5.0514
-5.8046
-5.5776
-5.5128
-4.5349
-5.4866
-5.2527
-5.5395
-5.2241
-5.8003
-5.7191
-6.1795
-6.2560
-6.6320
-6.4644
-6.9170
-6.9965
-6.8810
-6.7564
-6.9225
-6.7917
-7.4309
-7.4157
-7.9132
-8.0920
-8.1740
-8.1344
-8.1887
-8.1272
-8.1560
-8.2542
-8.0303
-7.9931
-8.2836
-8.4039
-8.1913
-8.3730
-8.7746
-8.9325
-9.0074
-9.0358
-8.9842
-8.8115
-8.9949
-8.9541
-8.9495
-8.9059
-8.8875
-8.7448
-8.6545
-8.5792
-8.5739
-8.5307
-8.4620
-7.9976
-8.0939
-7.8607
-7.5722
-7.7926
-7.8413
-7.9735
-8.0339
-8.0291
-8.0457
-8.0445
-7.9153
-7.7093
-7.5442
-7.7450
-7.5955
-7.4641
-7.2507
-7.1674
-6.8857
-7.0680
-7.0600
-6.9660
-6.9790
-6.9264
-6.9162
-6.5442
-6.6940
-6.4757
-6.4226
-6.2599
-5.9771
-6.1250
-6.0771
-6.0278
-5.8668
-5.8017
-5.6647
-5.6345
-5.5323
-5.4399
-5.3246
-5.1919
-5.0486
-4.7819
-4.6391
-4.4043
-4.0408
-4.0622
-3.5916
-3.6385
-3.4408
-3.3617
-3.2809
-3.1951
-3.0991
-2.9162
-2.6285
-2.4351
-2.2688
-1.9849
-1.9184
-1.6315
-1.7762
-1.7520
-1.6799
-2.2997
-1.8869
-2.2555
-2.0010
-1.7646
-1.6851
-1.6917
-1.2556
-0.9348
-0.8107
-0.9714
-0.8389
-0.9405
-0.4743
-0.5687
-0.5736
-0.6149
-0.8924
-0.9297
-0.9674
-0.9166
-0.9377
-0.6895
-1.0189
-0.7965
-0.5661
-1.1943
-1.3274
-1.0740
-1.2550
-1.1521
-1.1839
-1.3784
-1.0928
-1.2216
-1.1496
-0.8973
-1.0559
-1.0570
-0.9981
-0.9994
-0.9616
-0.9110
-0.4464
-0.6585
-0.6100
-0.4698
-0.5002
-0.4623
-0.4471
-0.4384
-0.4077
-0.3225
-0.2162
-0.0218
0.1339
0.4763
0.6445
0.9735
1.3144
1.3671
1.6289
1.9751
2.5284
2.5865
2.8235
2.9741
3.4049
3.3796
3.5572
3.6158
3.7672
3.4262
3.3849
3.1866
2.7810
2.5683
2.3726
2.2023
2.0570
2.0364
2.0479
2.3506
2.4415
2.3895
2.9658
2.8653
2.8110
2.6225
3.1572
2.7582
2.6327
2.8673
2.3215
2.0954
1.8190
1.6896
1.7806
1.3248
1.3795
1.3988
2.0085
1.5711
1.6962
1.7642
1.8056
1.5094
1.2705
0.9761
1.3660
0.6631
0.7575
0.1892
0.1916
-0.3081
0.1649
0.2418
-0.1288
-0.0953
0.0145
-0.2361
0.0005
0.6553
0.2012
-0.2553
0.2432
-0.0735
-1.0686
-0.5524
-0.0704
-0.8815
-0.9251
-0.6660
-0.9750
-0.2141
-0.5738
-0.4895
-0.6311
-0.2613
0.2000
-0.5456
-0.3424
-0.4435
0.2207
0.0973
0.6997
0.5402
1.5070
0.7933
0.9941
0.8255
1.9627
0.7857
1.1318
1.1680
1.2302
2.2353
2.0240
2.9289
2.8207
3.4250
3.5722
3.7048
2.8624
4.8708
4.8701
4.7566
4.1849
5.3631
6.0713
6.4778
5.5680
5.4425
4.8715
5.2883
5.4860
5.8352
6.6087
5.6299
5.2320
5.1227
4.5006
4.8280
4.2216
4.0341
3.5179
3.5720
4.0577
3.1934
3.2339
2.5079
2.2764
2.0383
1.6648
1.9180
1.8237
1.8184
1.5836
1.5643
1.3782
2.1345
1.4279
1.4457
1.0633
0.9846
0.6537
0.5733
0.0863
0.1648
-0.0031
0.0441
-0.1684
-0.3275
-0.4232
-0.5251
-0.6816
-0.7883
-0.8919
-0.8780
-0.6741
-0.6892
-0.6917
-0.5680
-0.6129
-0.5934
-0.6228
-0.7098
-0.8414
-0.9990
-1.1613
-1.3374
-1.4166
-1.6297
-1.7423
-1.7581
-2.1011
-1.9972
-2.2463
-2.2526
-2.1804
-1.9218
-2.1040
-1.8630
-2.0163
-1.7743
-1.7872
-1.8701
-1.6354
-1.9158
-1.8566
-1.4449
-1.3776
-1.3187
-1.4766
-1.4262
-1.0781
-1.8228
-1.9151
-1.4635
-1.8236
-1.5068
-1.8032
-1.6344
-1.4445
-1.6918
-1.6533
-1.7256
-1.8239
-1.9976
-1.9701
-2.1576
-2.1348
-2.1142
-2.0428
-2.0538
-1.9690
-1.9703
-1.7883
-1.8489
-1.7358
-1.6826
-1.5956
-1.3699
-1.0811
-1.0865
-0.9834
-0.8852
-0.9593
-0.9696
-0.9175
-1.2629
-1.3990
-1.4774
-1.6800
-1.7853
-2.1606
-2.1837
-2.0865
-2.4741
-2.1592
-2.2911
-1.7690
-2.0405
-2.1344
-2.1536
-2.3312
-2.4778
-2.3363
-2.6028
-2.2925
-2.2299
-2.1804
-1.9988
-2.5700
-2.2517
-2.5940
-2.9020
-2.5856
-3.0976
-3.1702
-2.8503
-2.7991
-3.0190
-3.2174
-3.0576
-3.0224
-2.2103
-2.8537
-2.6401
-1.6635
-2.0560
-1.9547
-1.8900
-1.3136
-1.6719
-1.3533
-1.5053
-1.6251
-1.2838
-1.3583
-1.1803
-0.9076
-1.2095
-1.6802
-1.1973
-1.1998
-0.9019
-0.6714
-0.8388
-0.9444
-1.0650
-1.0430
-0.6039
-1.2030
-0.4393
-1.5499
-1.1093
-1.2168
-1.5376
-1.7757
-1.5554
-1.7987
-1.4990
-1.5410
-1.1472
-0.6468
-0.6804
-0.3585
0.2031
0.6908
0.4820
0.3782
0.2009
0.4821
-0.0149
-0.2026
0.2655
0.2393
0.3133
0.4418
0.0913
0.2055
0.0534
0.0127
-0.3031
-0.3211
-0.5219
-0.4632
-0.5134
-0.6850
-0.6392
-0.7916
-0.7289
-0.9053
-1.0200
-1.0748
-1.2016
-1.1815
-1.1799
-1.2513
-1.1313
-1.2826
-1.2141
-1.3305
-1.1520
-1.0417
-1.0863
-1.1028
-0.9701
-0.8805
-0.4884
-0.6234
0.0791
-0.1199
-0.2386
-0.3813
0.3736
-0.2922
-0.2447
-0.1631
-0.3729
-0.3912
-0.3829
-0.3473
-0.3094
-0.2569
-0.2366
-0.1494
-0.0983
-0.0204
0.1956
0.3800
0.2720
0.1117
0.1358
0.6034
0.1613
-0.2312
-0.1262
-0.3711
-0.1422
-0.3792
-0.3387
-0.2011
-0.3761
-0.3067
-0.1332
-0.0506
0.1087
0.1646
0.5123
0.5864
0.7884
1.1781
1.4572
1.9137
2.2485
2.6086
2.8318
3.2193
3.1031
3.1065
3.0469
2.9577
2.8675
2.8215
2.6511
2.5023
2.4329
2.0845
1.8607
1.8891
1.5768
1.8446
1.7350
2.1312
2.2405
2.1219
2.2797
2.9502
2.3057
2.6657
2.0201
2.1015
1.9398
2.5560
2.5781
2.4672
2.3142
2.4260
2.6465
2.8681
1.6953
2.3057
2.0958
2.2795
2.5655
3.3726
2.3672
2.4618
2.8101
3.8142
3.2194
3.6288
4.5941
5.3314
4.7633
5.2338
4.2229
4.5208
4.0984
3.7304
4.3522
4.0428
3.8706
3.4680
2.0359
3.5882
1.6925
1.8303
1.0188
1.1273
0.6346
-0.0180
-0.3047
-0.4093
-0.7603
-0.3426
-0.5716
-0.2176
-1.0531
-1.3333
-1.3457
-1.4821
-1.0321
-1.0609
-0.8253
-1.4044
-0.9902
-1.2637
-1.3977
-0.8887
-0.4974
-0.8885
-0.2486
-1.0278
-0.5439
0.3870
-0.1441
-0.0804
0.0495
0.2173
-0.4123
-0.2155
-0.8006
-0.6960
-0.6838
-1.0031
-1.0715
-1.2926
-1.1388
-1.3198
-1.4280
-1.5752
-1.8654
-2.0498
-2.2770
-2.0826
-2.0229
-2.3169
-1.8365
-1.8617
-1.6898
-1.8316
-1.9799
-2.0429
-1.6844
-1.7957
-1.9491
-1.8443
-1.3728
-1.8660
-1.2486
-1.7704
-2.0173
-2.0910
-2.0166
-1.8345
-1.8096
-1.5353
-1.3764
-1.0376
-1.5731
-1.4447
-1.4177
-1.4053
-0.8696
-0.8280
-0.9271
-1.0201
-0.8725
-0.9333
-0.7058
-0.8441
-0.7823
-0.7787
-0.8451
-0.9212
-0.7547
-0.9439
-0.8606
-0.8087
-0.6737
-0.4007
-0.5937
-0.5036
-0.6441
-0.1806
-0.3498
0.3649
-0.7358
0.6819
-0.2177
0.7783
0.2271
-0.2958
0.5092
0.4670
0.2690
0.4677
0.3074
0.6041
0.4502
-0.0694
0.5414
0.2613
0.4434
1.0219
1.0588
0.9254
1.0161
0.8279
1.7349
1.5539
1.8434
1.9603
2.4461
1.7940
1.1926
1.8776
1.4727
1.7297
1.4181
2.3552
1.7179
1.8514
1.7668
1.6306
1.5994
1.4004
1.7684
1.2027
1.3784
1.4287
1.3494
1.0954
0.9353
0.7842
0.6920
0.7349
0.8288
1.2545
1.0864
1.1684
0.9918
0.9256
0.7893
0.9142
0.8208
0.8821
0.7262
0.6651
0.5434
0.6026
0.4714
0.5907
0.5715
0.4216
0.9032
0.7979
1.2767
0.8545
1.4841
1.3188
1.2347
1.1857
1.2986
1.7561
1.9314
1.8602
1.8128
1.8612
1.9995
1.9133
2.3545
2.0652
1.8065
1.4639
1.7504
1.4926
1.7586
0.9623
1.4046
0.5583
0.8690
0.2952
0.1239
0.0082
-0.1618
-0.1315
-0.1563
-0.4027
-0.0216
-0.5850
-0.5987
-0.7317
-0.7268
-0.7117
-0.5155
-0.6380
-0.7209
-0.4499
-0.8629
-0.9314
-1.0931
-0.9636
-1.0075
-1.1373
-1.0684
-1.1692
-1.4247
-1.5802
-1.6084
-1.6932
-1.3994
-1.5461
-1.3157
-1.5432
-1.6551
-1.6787
-1.4584
-1.3969
-1.4022
-1.5840
-1.1909
-1.4222
-0.9755
-0.9496
-1.2067
-1.0096
-1.0833
-1.1280
-1.0609
-1.1277
-0.7081
-1.0071
-1.0143
-0.9181
-0.9860
-0.6447
-1.2321
-1.3538
-1.4220
-1.3267
-1.1163
-1.1371
-1.0606
-0.8186
-0.9592
-0.6938
-0.9486
-1.0470
-0.9329
-0.9400
-1.0282
-1.0393
-0.8855
-0.8530
-1.0199
-1.1205
-1.0250
-1.1445
-1.3305
-1.3772
-1.4246
-1.5295
-1.5507
-1.4207
-1.4697
-1.5654
-1.3399
-1.6940
-1.8395
-1.9289
-1.9427
-1.9996
-2.0231
-2.1209
-2.1925
-2.0133
-2.3027
-2.2431
-2.3323
-2.0827
-2.3879
-2.3769
-2.4309
-2.4357
-2.5138
-2.4415
-2.5020
-2.2317
-2.5003
-2.5024
-2.5328
-2.5387
-2.2964
-2.5268
-2.5409
-2.6269
-2.6532
-2.2691
-2.6607
-2.7129
-2.3641
-2.7275
-2.6416
-2.7612
-2.6828
-2.5029
-2.7611
-2.7122
-2.5343
-2.5623
-2.6178
-2.5967
-2.4875
-2.5311
-2.3493
-2.3883
-2.0453
-2.0867
-1.8765
-2.0077
-2.2280
-2.3517
-2.5500
-2.4343
-2.7402
-2.6688
-2.8032
-2.7505
-2.9621
-2.8301
-3.1618
-3.1994
-3.0414
-3.1367
-3.2647
-3.0910
-3.3084
-3.2265
-3.4264
-3.1168
-3.4153
-3.2893
-3.1988
-3.3331
-3.3940
-3.3445
-3.4115
-3.3813
-3.4282
-3.4505
-3.2184
-3.3479
-3.5646
-3.5995
-3.2229
-3.3375
-3.4851
-3.4908
-3.2953
-3.3918
-3.3043
-3.1346
-3.0264
-3.1891
-3.1226
-3.0989
-3.1023
-2.8875
-2.9731
-2.6512
-2.7305
-2.3278
-2.2354
-1.6869
-2.0494
-2.0120
-1.6941
-1.6962
-0.7017
-0.8116
-0.1426
-0.1151
0.4570
0.6041
1.2955
1.4420
2.3985
2.5810
3.3347
3.2728
4.8781
5.2439
5.6321
5.3144
5.3651
5.5086
5.4183
4.5048
4.3577
4.2793
3.3784
2.8103
2.4770
2.1045
2.0386
1.7808
1.5138
1.5563
1.1690
0.9076
0.7097
0.7883
0.4694
0.2987
-0.0137
-0.2912
-0.5437
-0.4221
-0.4565
-1.2005
-1.2224
-1.4828
-1.6847
-1.6697
-1.3234
-1.7361
-1.9809
-1.7861
-1.7062
-1.3609
-1.2189
-1.0364
-1.0807
-0.8538
-0.8733
-0.7554
-0.2339
-0.9098
-0.9934
-0.9797
-0.9326
-0.6719
-0.5547
0.0166
-0.8573
-1.4741
-1.9819
-2.3060
-2.7610
-2.9628
-3.3117
-3.6260
-4.0446
-4.2305
-4.1939
-4.3779
-4.5301
-4.5438
-4.5937
-4.5236
-4.5138
-4.3615
-4.3958
-3.6749
-4.0398
-4.1315
-4.3188
-4.4342
-4.5261
-4.7062
-4.6543
-4.3357
-5.0047
-4.8941
-4.3648
-4.6229
-5.0738
-5.1832
-5.2158
-5.1328
-5.6353
-5.3811
-5.6550
-6.0594
-6.0278
-5.9253
-5.9633
-6.0681
-6.0323
-6.2048
-5.8243
-6.0294
-6.0978
-6.0461
-5.9624
-5.9942
-5.8757
-6.0547
-6.1159
-6.0308
-5.9198
-5.6171
-5.4853
-5.7204
-5.7506
-5.8245
-5.8809
-5.6740
-5.4725
-5.7074
-5.3519
-5.6195
-5.3724
-5.3624
-5.4480
-5.5252
-5.2050
-5.4339
-5.2835
-5.0519
-4.9288
-5.0095
-4.9019
-4.8211
-4.3354
-4.2462
-4.5074
-4.3579
-4.2049
-3.7601
-3.7290
-3.5348
-3.6033
-3.5930
-3.6637
-3.1458
-3.2321
-3.2595
-3.1533
-3.3555
-3.2368
-2.9265
-2.9242
-2.7990
-2.4251
-2.3211
-1.9674
-2.0651
-2.0554
-1.5767
-1.1786
-1.2016
-1.0761
-0.9036
-1.0847
-0.9013
-0.3970
0.0781
1.0965
0.9792
1.1853
2.1727
2.0194
2.6671
2.1396
2.6200
3.1377
3.0404
2.5242
2.8047
2.8271
3.2029
3.8799
3.6110
3.4177
4.2307
4.6173
5.6798
5.0260
6.0587
6.3089
7.4169
7.2077
7.3855
8.3308
8.6109
8.9982
9.6876
9.1832
9.8035
9.5304
10.3592
10.2241
10.4267
10.7230
10.5501
11.1408
11.3022
11.3316
10.4542
9.9157
9.8959
9.1351
9.6953
9.7160
9.6498
8.6592
8.1570
8.2674
9.0059
8.3069
7.9557
8.2469
7.8323
8.0994
7.1022
7.3618
7.1051
7.5025
7.1562
6.3617
7.1650
6.1221
6.3288
5.8746
5.7573
5.6222
5.1308
5.3879
4.9837
5.1053
5.0581
5.4084
5.4055
5.4500
5.5481
5.4393
5.7522
5.7239
5.8378
5.6171
5.2565
4.9224
4.4655
4.0551
3.6448
3.1813
2.4184
2.0032
1.7092
1.5285
1.0778
0.9449
0.6284
0.5636
0.4376
0.3600
0.2642
0.4094
0.2086
0.1371
0.1007
0.3049
0.2385
0.0953
-0.0026
0.4556
0.2721
-0.0204
0.2233
0.0525
-0.2849
-0.1155
-0.2640
-0.4260
-0.5499
-0.6646
-0.7608
-0.8139
-0.8041
-0.8673
-0.8962
-0.9699
-1.0011
-1.0514
-1.0787
-0.9226
-1.1407
-1.1462
-1.1121
-1.0547
-0.9015
-0.8637
-0.7498
-0.7275
-0.6645
-0.5762
-0.5750
-0.5710
-0.5987
-0.6504
-0.6848
-0.7482
-0.7819
-0.8149
-0.8472
-0.8820
-0.7360
-0.9970
-1.0775
-1.1598
-1.1653
-1.2685
-1.2814
-1.3620
-1.4030
-1.4114
-1.5038
-1.5672
-1.6280
-1.6670
-1.6623
-1.6635
-1.6349
-1.6018
-1.5657
-1.3408
-1.5273
-1.5300
-1.5209
-1.5011
-1.4371
-1.2614
-1.1499
-0.9404
-0.8024
-0.5304
-0.2432
0.1302
0.4206
0.7203
0.9396
1.1656
1.3255
1.4057
1.5104
1.3350
1.3331
1.4081
1.4985
1.4201
1.6123
1.9394
2.1504
2.3770
1.7724
1.9015
2.0302
2.6536
2.4882
2.7296
2.9751
2.6808
3.0220
3.1495
2.9957
3.4744
3.7675
4.5378
3.7557
4.2318
3.8696
3.7120
3.8454
3.7357
3.8699
3.2846
3.3204
3.2968
3.1818
2.5527
2.6241
1.8728
2.0728
1.2080
1.6272
1.1956
1.4280
1.8242
1.8019
1.2866
1.8699
1.0806
1.5501
1.2234
1.7206
2.1480
2.0043
2.7904
2.0610
2.5491
2.7237
3.1888
2.9854
3.2953
3.5683
2.5534
1.8988
2.1374
2.1662
2.5419
2.4697
2.7568
2.2887
2.3016
2.3729
2.9583
3.1238
3.1356
4.9364
4.7785
5.9590
5.3004
6.1790
6.0136
6.2554
5.2586
6.7623
5.2382
5.9788
4.9587
5.1301
4.7077
4.6243
4.5182
3.6603
4.0112
4.2301
3.8135
3.2617
3.1778
3.1727
3.7941
2.8902
2.5040
2.8576
2.7084
2.3853
2.7705
3.0650
2.8039
2.8801
2.6571
3.1155
2.5058
2.8044
2.9900
2.8019
2.9397
2.7655
2.0193
2.2607
2.1351
2.3768
3.2798
2.9004
2.0926
3.0099
3.1536
3.0231
2.9509
2.9371
3.0848
3.3670
3.5338
3.6764
3.6389
3.8940
4.2263
3.9570
4.6622
3.8804
3.7958
3.8418
3.7024
4.2717
3.9058
3.8374
3.4468
3.9549
4.2268
4.2591
4.6913
4.7781
4.9490
3.9845
3.9883
3.7054
3.8246
3.3888
3.3510
3.1366
3.7811
3.3514
3.1766
3.3531
3.1252
2.8831
2.5972
2.9189
2.4940
2.8138
2.8600
2.4263
2.6503
2.9476
2.9234
2.5897
3.2033
3.5424
3.3470
3.9502
3.9594
4.2982
4.6497
4.3022
4.3420
3.9536
3.9348
3.6000
3.5763
3.7742
3.2362
3.1768
2.3935
2.6539
2.0973
2.1207
1.7336
1.6337
1.4220
1.3204
1.0829
0.9137
0.7503
0.4114
0.1307
-0.0054
-0.1361
-0.2101
-0.2434
-0.3008
-0.3963
-0.5679
-0.6613
-0.8739
-0.9087
-1.0785
-0.9965
-0.6421
-1.0497
-1.1357
-1.1927
-1.0981
-1.1176
-1.0849
-1.2176
-1.2721
-1.1406
-1.1232
-1.3176
-1.1757
-1.2010
-1.1243
-1.1431
-1.0953
-0.8111
-0.9928
-0.9345
-0.9711
-0.9879
-1.1157
-1.1719
-1.2458
-1.2259
-1.1404
-1.1459
-0.8805
-1.1691
-0.9909
-1.0781
-0.6458
-1.3255
-0.9937
-0.9200
-0.7249
-0.7408
-0.4714
-0.3298
0.3047
-0.0478
0.3510
0.3924
-0.1307
0.4003
-0.1907
0.0782
0.0222
-0.2174
0.4674
-0.2799
0.0265
-0.2066
0.0105
0.1170
-0.1925
0.2413
0.5420
0.7434
0.5004
0.7024
0.3845
0.5708
0.6339
0.6299
0.5120
0.7573
0.7783
0.7098
1.0888
0.9643
1.5546
1.3209
1.1700
1.5303
2.3191
1.8868
1.5982
1.3882
2.0909
1.8277
2.3034
2.5677
2.6508
3.1281
3.3815
3.1860
2.8782
3.2052
3.4831
3.7792
3.8691
3.5915
3.5804
2.9547
2.3246
2.4568
1.8443
1.4725
1.1922
1.1369
1.1288
0.9991
1.1467
0.3908
0.4253
0.3366
0.1808
0.1990
0.0790
0.5752
0.0053
0.0374
0.0155
0.2604
-0.0069
-0.1129
-0.1595
0.1537
0.1724
-0.1486
0.2047
-0.1766
0.7915
0.5807
0.3926
0.2913
0.1039
0.4299
0.1231
0.5749
0.5716
0.3372
-0.0469
-0.0301
-0.4674
-1.1203
-1.0305
-1.3398
-1.1488
-1.4290
-1.0551
-1.7082
-1.6323
-1.6201
-1.4970
-1.5658
-1.1726
-1.2962
-1.2114
-1.4036
-0.9776
-1.3978
-1.0489
-0.9584
-0.8621
-0.8801
-0.2832
-0.6031
0.0107
-0.0706
0.1043
-0.0807
-0.3375
-0.2060
-0.6291
-0.3031
-0.4910
-0.6026
-0.6683
-0.5021
-0.2951
-0.3702
0.0351
-0.2998
-0.3359
0.0688
0.0196
0.5629
0.7218
0.4546
0.8885
0.4527
0.9208
-0.0640
0.0509
-0.3434
-0.6539
-0.2622
-0.5846
-0.4667
-0.6857
-0.6144
-0.8816
-0.4778
-0.6153
-0.8899
-0.7411
-0.7964
-0.9673
-0.8287
-0.9796
-1.0271
-1.0480
-0.8788
-0.7906
-1.0477
-0.8825
-0.9879
-1.1654
-0.9456
-1.2547
-1.1567
-1.4568
-1.4723
-1.5562
-1.5515
-1.2506
-1.7247
-1.6892
-1.6782
-1.8134
-1.6358
-1.4218
-1.3344
-1.6308
-1.1008
-1.4315
-1.0831
-1.0086
-0.4912
-0.7500
-0.7492
-0.9894
-0.3444
-1.1268
-1.1345
-1.2576
-1.6377
-1.3083
-1.5439
-1.5468
-1.4884
-1.4352
-1.1614
-1.1884
-1.3179
-1.7002
-1.0469
-1.7218
-1.9841
-1.7452
-1.8452
-1.3734
-1.7490
-1.3988
-1.5991
-1.9080
-1.4141
-1.4779
-1.5305
-1.7832
-1.7930
-1.7126
-1.3854
-1.3474
-1.4353
-1.2199
-0.8712
-1.1289
-0.9751
-0.8928
-1.1920
-1.1101
-1.2104
-1.2883
-1.4743
-1.4211
-1.0671
-1.3391
-1.1414
-1.5369
-1.6011
-1.7184
-1.6392
-1.6262
-1.7358
-1.8227
-2.1322
-2.0204
-2.0078
-1.9441
-1.7943
-1.8596
-2.1534
-2.1615
-2.1900
-2.0314
-1.9576
-1.6609
-1.6811
-1.9322
-1.5581
-1.6572
-1.8100
-1.7295
-1.6502
-1.6496
-1.4655
-1.6530
-1.6234
-1.1217
-1.3702
-0.8873
-1.4311
-1.3084
-0.9366
-0.7769
-0.7233
-0.0063
-0.2738
0.1224
0.3040
0.2624
0.5320
1.1775
1.2771
1.2959
1.8777
1.3140
1.2464
1.5921
1.2421
1.5956
1.4046
0.9706
1.0730
1.6363
1.9396
1.1132
1.2095
2.0332
2.1962
2.0327
1.2435
1.5059
1.4466
1.5964
1.6043
1.9623
1.7482
2.4478
2.3575
3.1870
2.6023
2.9796
2.7608
3.0144
2.9028
2.9831
3.2326
3.0101
3.1030
2.9068
2.8232
3.0908
3.4065
4.1174
3.4623
3.4558
3.6641
3.7973
3.7488
4.0978
3.5551
3.6444
3.3484
4.0555
3.2145
3.8624
3.6117
3.9507
3.5727
3.6767
3.8848
3.5420
3.6795
3.7496
4.5039
4.4875
4.5621
5.0647
5.2190
5.2958
5.3058
5.4763
6.1121
5.4600
5.3041
4.9335
5.0376
4.6757
5.6123
5.6453
5.7395
4.7943
4.9377
4.2660
4.2421
4.4086
4.4704
3.2271
3.5021
3.6327
3.7475
3.5781
3.5044
3.2870
4.1097
3.7461
3.8512
3.9784
4.4919
3.9037
4.0053
4.6391
4.4604
4.1272
4.8227
4.0147
4.2978
3.6408
3.8625
3.6128
2.5512
3.1020
3.5414
2.9004
3.7206
2.5246
2.5858
2.4131
2.3056
1.8204
2.1928
2.1095
1.8928
1.0112
1.2980
1.9178
1.6940
1.6213
1.1127
1.3795
1.7912
1.6271
1.6187
2.0932
2.7713
2.0936
1.8369
