5.2601
4.4879
3.4856
2.9628
2.9173
2.3517
1.5390
0.9739
1.2403
0.9213
0.0244
0.0967
-0.4075
-1.2303
-1.2764
-1.4308
-1.5316
-1.7959
-1.3607
-2.2541
-1.6882
-2.0262
-2.4784
-2.7976
-3.0102
-3.5792
-3.8171
-2.6693
-3.6591
-3.3409
-3.5884
-3.5587
-3.9632
-4.1002
-3.8341
-4.2443
-4.4013
-4.3072
-4.5937
-4.4836
-4.7455
-4.4519
-5.2631
-4.9280
-5.4960
-5.1495
-5.2809
-5.2829
-5.6164
-5.8193
-5.9710
-6.1422
-6.1162
-6.2039
-6.1491
-6.0806
-5.7095
-6.2977
-5.9767
-6.2349
-6.4537
-6.4905
-6.4957
-6.5179
-6.3330
-6.4772
-6.6479
-6.6954
-6.5886
-6.8279
-6.6153
-6.5582
-7.0052
-6.7483
-6.2809
-6.8302
-6.5462
-6.7203
-6.3420
-6.4570
-6.2907
-6.6411
-7.0019
-6.4706
-6.5475
-6.5410
-6.4711
-6.2600
-6.6728
-6.6442
-6.6262
-7.0051
-6.7961
-6.1754
-6.9404
-7.1563
-6.5766
-6.8504
-7.0860
-6.5459
-6.7220
-6.5219
-6.4321
-6.8148
-6.7872
-6.9402
-7.0019
-7.0251
-6.5680
-7.0868
-7.2956
-7.1203
-7.0177
-6.8289
-6.7052
-6.4310
-6.5383
-6.3245
-5.7679
-5.7099
-5.4605
-5.0625
-4.5136
-4.4626
-4.1122
-3.7955
-3.7292
-3.5181
-3.1126
-3.1919
-3.1433
-3.1499
-2.8966
-3.1609
-3.3501
-3.4779
-3.8756
-3.6721
-4.4392
-4.6284
-5.1697
-5.5253
-5.8031
-6.1793
-6.5525
-6.8763
-7.4178
-7.8160
-7.8898
-8.2059
-8.6811
-8.8100
-9.1326
-9.2518
-9.2774
-9.6777
-9.6839
-9.6966
-9.8704
-9.8990
-9.8222
-9.8854
-9.8335
-9.9665
-9.8791
-9.5348
-9.8753
-9.6272
-9.6097
-9.2671
-8.9950
-9.3320
-9.0265
-8.6129
-8.7656
-8.7203
-8.4585
-8.3664
-8.2401
-8.1369
-7.2932
-7.3529
-6.8585
-6.6950
-6.3979
-5.8959
-5.6098
-5.3398
-4.8477
-4.2629
-4.3073
-3.8953
-3.5857
-3.0397
-2.6766
-2.5525
-2.6337
-2.7766
-2.3165
-1.9836
-2.0831
-2.2666
-2.0649
-2.2762
-1.6594
-2.2743
-2.0078
-2.3322
-2.2990
-2.4100
-2.2423
-1.9641
-1.9193
-1.6930
-1.3773
-1.4582
-1.3897
-1.3815
-1.1426
-1.3759
-1.2051
-0.7563
-0.9049
-0.9030
-0.5474
-0.5811
-0.3091
-0.3116
0.0084
0.0069
0.2320
0.4615
0.9648
0.9600
0.7628
0.9033
1.1452
0.9991
1.1566
1.1762
1.2339
1.0660
1.3548
1.1177
1.1200
1.5162
1.4973
1.1190
1.5072
1.3777
1.3862
1.5338
1.5871
1.4112
1.7998
1.4634
1.8071
1.2249
1.5494
1.6007
1.1452
0.9397
0.9472
0.7434
0.5069
0.3818
0.2488
0.1778
0.0739
-0.4381
-0.2816
-0.8751
-1.1536
-1.7147
-2.0808
-2.0499
-2.2090
-2.4659
-2.4979
-2.7806
-2.6172
-3.0035
-2.9589
-3.3609
-3.3085
-3.1534
-3.5813
-3.7955
-3.7133
-3.5238
-3.4613
-3.4244
-3.1667
-3.0402
-3.0294
-2.8552
-2.5272
-2.6244
-2.3881
-2.3391
-2.2685
-1.7857
-1.7474
-1.2390
-1.2421
-1.0157
-0.8529
-0.5142
-0.4090
-0.4550
-0.3687
-0.3651
-0.1047
-0.2153
0.0023
0.2782
0.5615
0.8530
1.3861
1.2313
1.5668
1.3685
1.6394
2.1052
2.6961
3.3072
3.6030
3.9406
4.4104
4.9264
5.1917
5.4842
5.6908
6.0283
6.2738
6.4814
6.3722
6.5269
6.5964
6.6087
6.9644
6.8664
6.7084
6.6163
6.6286
6.6759
6.4646
6.2596
6.2381
6.1291
6.2130
6.2203
5.9653
5.8864
5.5849
5.4113
5.3032
5.2777
4.9323
4.7508
4.5783
4.5964
4.3253
4.2082
4.0362
3.7524
3.2926
2.9569
2.6899
2.3695
2.0199
1.7965
1.3817
1.6132
0.9689
1.0834
0.7085
0.5659
0.1855
-0.0759
-0.4411
-0.7762
-0.9802
-1.3249
-1.5338
-1.9505
-2.2446
-2.3404
-2.5562
-2.4412
-2.7571
-2.8035
-2.6831
-2.6268
-2.4944
-2.9901
-2.4702
-2.8751
-2.6424
-3.0954
-3.3984
-3.1968
-3.7903
-3.4162
-3.2820
-3.5459
-3.2187
-3.2368
-3.0045
-2.8668
-2.8500
-2.8927
-2.5732
-2.1122
-2.2231
-2.4369
-2.4381
-1.5514
-1.9063
-1.9641
-2.1138
-1.9017
-2.2034
-2.1796
-1.8417
-2.1617
-2.3888
-2.2243
-2.3002
-2.5836
-2.7659
-3.1775
-3.4098
-3.7416
-3.9435
-4.1269
-4.3772
-4.6034
-4.9163
-4.9206
-5.3209
-5.2393
-4.9988
-5.6745
-5.7164
-5.6251
-5.6354
-5.4879
-5.4075
-5.5014
-5.4294
-5.3644
-5.2431
-5.0238
-5.0429
-5.2286
-5.2974
-5.3351
-5.3694
-5.4255
-5.5251
-5.5926
-5.7482
-5.8198
-5.9487
-5.8095
-5.9195
-6.2377
-6.3625
-6.5047
-6.5898
-6.6077
-6.6786
-6.6147
-6.4809
-6.5042
-6.7671
-6.7926
-6.7981
-6.7145
-6.7523
-6.7171
-6.7392
-6.6948
-6.5429
-6.4142
-6.1667
-5.9643
-5.5052
-5.5709
-5.5075
-5.5265
-5.3466
-5.5402
-5.4201
-5.4734
-5.3314
-5.4494
-5.4106
-5.2873
-5.5183
-5.3887
-5.6266
-5.4135
-5.6387
-5.7252
-5.8499
-5.9157
-5.9744
-5.9443
-6.1202
-6.0354
-6.4386
-6.4796
-6.6122
-6.6594
-6.8018
-6.8685
-6.9841
-6.7773
-7.0807
-7.0586
-6.8757
-6.9862
-6.9730
-6.9847
-6.8910
-7.1697
-7.1529
-6.7340
-7.0873
-7.0839
-7.0679
-7.0694
-7.0428
-6.8898
-6.8710
-6.8067
-6.8022
-6.7246
-6.3481
-6.4684
-6.3196
-6.2613
-5.9994
-5.7489
-5.2229
-5.1057
-4.7702
-4.4473
-4.0694
-3.7875
-3.4765
-3.1864
-2.7667
-2.0314
-2.2790
-1.9179
-2.0987
-2.0704
-2.5165
-1.6234
-2.0120
-1.9446
-2.1786
-2.0593
-2.5042
-2.2468
-2.5028
-2.4663
-2.3376
-2.4950
-2.0596
-2.2228
-1.6483
-2.0592
-2.1299
-2.2747
-2.0879
-2.0658
-2.4008
-2.2096
-2.3446
-3.0625
-3.0655
-3.2495
-3.7179
-3.4552
-3.6845
-3.3883
-3.0316
-3.4628
-3.9189
-3.4941
-3.7988
-3.2131
-3.9464
-3.5430
-3.9972
-4.0756
-4.0057
-4.1972
-4.2149
-4.0717
-4.1026
-4.1400
-4.3089
-4.2800
-4.1063
-3.9343
-4.2558
-4.5811
-4.6270
-4.8388
-4.8670
-5.0583
-5.1304
-5.2056
-5.1185
-5.0173
-4.8460
-4.7649
-4.6728
-4.4414
-4.5923
-4.5069
-4.3637
-4.3527
-4.0309
-4.1060
-4.1968
-4.2398
-3.9257
-4.2058
-4.1781
-4.2471
-4.3637
-4.2710
-4.6323
-4.6692
-4.5926
-4.8865
-5.0804
-5.1709
-5.2829
-5.4721
-5.6765
-5.9312
-6.1096
-6.2984
-6.4572
-6.7483
-6.9456
-7.2523
-7.1855
-7.4596
-7.2877
-7.4031
-7.4135
-7.2551
-7.1081
-7.3290
-7.5847
-7.6941
-7.7577
-7.9612
-7.8230
-7.9213
-7.7151
-7.5676
-7.2206
-7.0384
-6.8565
-6.8563
-6.4900
-6.7019
-6.8471
-6.9812
-7.0577
-7.2265
-7.0395
-6.8699
-6.4380
-6.1675
-6.0395
-6.1072
-5.6601
-5.7534
-5.1149
-5.7219
-5.1457
-5.8824
-5.4816
-5.7855
-4.7205
-5.2886
-4.7239
-4.7022
-4.6083
-4.9511
-4.6641
-4.5254
-4.1854
-4.1287
-3.7047
-2.1252
-3.2533
-2.1954
-3.2869
-2.3751
-2.5153
-2.5514
-2.1547
-1.5619
-2.3515
-1.6894
-0.6514
-1.7989
-1.6443
-1.6421
-1.3306
-0.9933
-1.0870
-0.9164
-0.2020
-0.0253
0.0752
0.6862
2.5127
1.7466
1.9402
2.1698
2.7623
2.8669
2.7081
2.8560
2.8440
3.1084
2.7249
2.3333
2.2923
2.8791
2.3320
2.1217
1.8219
1.2826
0.9133
0.5798
0.2233
0.9235
0.8937
0.4619
0.9919
0.8257
1.8245
1.8182
3.0078
3.8948
3.2779
4.5496
5.1988
5.9383
5.7667
6.0901
5.7636
6.3802
6.1695
7.2196
7.4536
8.6769
8.2521
8.6132
8.4610
9.5323
9.7095
10.1503
10.2845
10.3763
10.8460
11.0328
12.2566
11.1370
11.6200
12.1342
11.7977
11.6231
11.6009
11.8796
10.9437
11.1368
10.6720
10.1812
10.7323
10.8447
10.6980
10.3856
10.8792
11.1442
11.2096
11.2181
11.0175
11.4329
11.3888
11.1708
11.8476
12.2819
12.3329
12.2236
12.6265
12.7914
13.6016
13.4886
13.3681
14.3430
14.9620
14.8613
14.3383
14.7734
14.4113
14.3952
14.0809
13.9790
13.4116
13.4556
12.9514
12.5639
12.5223
12.4601
12.3385
11.7471
11.5332
11.2260
11.4863
11.0240
11.2894
10.8395
10.6350
10.7740
10.8893
10.5962
10.3653
10.3638
9.7108
10.4656
10.0923
10.0709
10.0597
11.0983
10.3902
11.8575
10.8089
11.1881
11.7435
12.3892
11.9155
12.3004
12.4444
12.4994
12.6797
12.1076
11.7868
11.7324
11.4276
11.0323
10.7204
10.4977
10.0323
10.0142
9.0750
8.8269
8.2793
8.1517
8.4512
8.2502
8.4205
8.6904
8.8539
8.5647
8.4226
8.7992
8.7315
9.1513
8.8313
9.3057
9.1988
9.0751
8.5757
8.6009
8.3276
8.0165
7.7989
7.5882
7.5904
7.4405
7.0892
7.0434
6.7453
7.0959
7.1590
6.6666
6.7506
6.1437
6.1391
5.9782
5.9645
4.8892
4.7872
4.1874
4.1802
3.4522
3.3521
3.0923
2.6953
2.5306
2.1407
1.6230
1.3492
0.9688
0.8049
-0.3340
-0.7342
-1.2178
-1.5335
-1.5432
-1.9097
-1.8475
-2.0330
-2.2927
-2.7320
-2.7312
-2.8707
-3.1110
-3.2752
-3.3927
-3.5805
-3.6872
-3.8021
-3.9109
-3.9950
-4.0210
-4.0044
-3.9205
-3.6186
-3.6584
-3.5263
-3.3463
-3.0349
-2.9969
-2.9136
-2.6462
-2.6012
-2.3878
-2.2680
-2.0476
-1.8632
-1.6956
-1.5627
-1.4726
-1.1662
-1.2995
-0.9933
-1.0984
-0.9607
-0.8312
-0.5875
-0.4438
-0.1237
-0.0404
0.1758
0.2107
0.3380
0.4504
0.7963
0.9791
0.9981
1.1473
1.3493
1.4826
1.7902
2.0703
2.3810
2.6656
2.8757
3.3440
3.3491
3.7579
3.8511
3.9558
4.1574
4.1514
4.2214
4.1550
4.1665
3.9662
3.9185
3.9685
3.8266
3.8779
4.0013
4.0195
4.1115
4.1214
4.2326
4.3252
4.5034
4.2083
3.9232
3.6239
3.3644
3.1586
2.8393
2.6003
2.0459
1.6803
1.3282
0.7643
0.4280
0.1276
0.0945
-0.4021
-0.4957
-1.0229
-1.2649
-1.5085
-1.2471
-1.6745
-1.6869
-1.8408
-2.1698
-2.3956
-2.4757
-2.5894
-2.4791
-2.8227
-2.8268
-3.2827
-3.2868
-3.6869
-3.5708
-3.9621
-3.8559
-4.3569
-4.5688
-4.8580
-4.9376
-5.3959
-5.3378
-5.7010
-5.7836
-5.9071
-5.9945
-5.7458
-6.0683
-6.4747
-6.5510
-6.9490
-7.0828
-7.2083
-7.0507
-7.1750
-7.1772
-7.4345
-7.1865
-7.3109
-7.5793
-7.9690
-6.8042
-7.8449
-7.6067
-8.3910
-7.5417
-7.7863
-7.8237
-8.1681
-9.0600
-8.4273
-8.3523
-9.1504
-9.1418
-8.5974
-8.7252
-9.0113
-9.5187
-9.3960
-9.2772
-9.0830
-8.8496
-8.8172
-8.9051
-8.1168
-7.4933
-7.8838
-7.9692
-8.2774
-8.4875
-7.8924
-8.1872
-8.0773
-8.3589
-7.4015
-7.9965
-8.2182
-8.3029
-8.2545
-8.2357
-7.9275
-7.6967
-8.3372
-8.3583
-7.8137
-7.7670
-7.5128
-7.4878
-7.2725
-7.3099
-7.4305
-6.8080
-6.5852
-5.7408
-5.4509
-5.3412
-4.9416
-4.4757
-4.6440
-3.7549
-3.5658
-3.2357
-2.4629
-2.7130
-1.5804
-0.6425
-1.8030
-1.2896
-0.7543
-0.6156
-0.9680
-0.6310
-0.6521
0.0881
-0.0669
-0.9009
-0.7143
-0.7123
-0.0176
-0.3729
-0.6050
-0.4386
-0.2083
-0.1367
0.3473
-0.3073
0.7306
0.0356
1.5579
0.6991
1.6296
1.4626
1.2848
2.1861
2.4039
1.9877
2.8523
3.7288
3.8013
3.8993
4.3271
5.8633
5.7314
5.6658
5.9820
6.0393
6.6977
6.5414
6.6528
6.6126
7.0508
6.4107
6.5595
7.0627
6.9749
7.4633
7.3571
7.1424
7.8092
7.1229
7.0610
7.0256
7.0649
6.6853
6.3065
6.2282
6.4672
6.4436
6.6378
6.4885
6.6167
6.7744
7.2443
7.2968
7.8101
8.4838
8.5424
9.0617
9.4307
10.0463
10.5363
11.1638
11.3506
11.8409
12.0720
13.2026
13.0928
13.6086
14.3602
14.0975
13.9029
13.9217
14.4970
14.0840
13.8918
13.9416
13.8810
13.7647
13.2237
13.2637
11.9590
11.4719
10.7036
10.1671
9.5067
9.1306
8.4428
7.9491
8.3344
7.7806
6.4867
6.3021
5.9701
5.6303
5.6220
5.2317
5.2284
5.0892
5.5428
5.0545
5.0716
5.2131
5.2485
5.2270
5.3863
5.4217
5.5789
5.7519
5.6514
5.3995
5.2555
5.3259
5.1358
5.0756
5.2539
4.8623
4.8550
5.1428
5.1311
4.9455
4.8229
5.3667
4.9776
4.9561
5.1451
4.8912
5.2277
5.2236
5.2578
5.2880
5.5246
5.6914
5.8312
6.0115
6.2513
5.9083
5.8287
5.5816
5.5012
5.3641
5.6407
5.2134
5.2134
5.2433
5.3058
5.3923
4.8716
5.2573
5.4207
5.4677
5.9333
5.1516
5.3410
5.4163
5.7919
6.2849
6.7003
7.3890
7.8294
8.0705
8.6307
9.6451
10.4890
11.3019
11.8203
12.0948
11.9097
12.3042
12.4509
12.5480
12.3621
12.8429
12.5487
13.2228
12.5937
12.7347
12.6128
12.4465
12.7346
11.8615
11.7870
11.5111
11.4172
11.3645
11.4520
11.0738
10.7097
10.3528
10.0062
9.6948
9.3719
8.9841
8.1617
7.9141
7.4096
7.2114
6.7145
6.3498
6.1441
5.9461
5.8959
5.9937
5.7997
5.8803
5.8474
6.3544
5.6388
5.7197
5.0754
4.7233
4.4271
3.8240
3.3755
3.0891
2.7077
2.7618
1.9633
1.8735
1.2157
0.9417
0.4611
0.1969
0.1109
-0.1672
-0.3912
-0.4213
-0.7804
-0.7283
-1.1552
-1.2360
-1.7006
-2.1064
-2.3922
-2.5840
-2.6104
-2.9919
-3.0110
-3.3450
-3.4278
-3.5664
-3.6363
-3.6858
-3.9588
-4.1334
-4.1090
-4.6606
-4.8523
-5.1225
-5.2103
-5.6067
-5.7942
-5.9600
-5.9433
-6.1459
-6.2664
-6.3882
-6.6422
-6.4851
-6.7231
-6.7565
-6.4336
-6.8829
-6.9270
-6.9802
-6.8952
-6.9439
-6.4997
-6.8605
-6.7402
-6.8719
-6.7267
-6.8371
-6.6452
-6.3608
-5.7623
-5.5728
-5.6346
-5.3924
-5.1172
-5.1792
-5.0388
-4.8538
-4.6907
-4.4818
-4.2915
-3.9187
-3.5899
-3.3479
-2.8747
-2.7369
-2.5616
-1.8958
-1.7611
-1.5976
-1.3042
-0.7795
-0.8522
-0.6127
0.0334
0.1476
0.3530
1.0394
0.8527
1.1511
1.4737
1.9333
2.4498
2.5408
3.9349
3.2921
4.3287
4.3103
5.2302
5.8738
6.5106
7.6721
8.6610
9.3931
9.2451
10.1756
10.8809
12.0517
12.4232
13.4631
12.9789
13.3541
13.0409
13.4020
13.2259
13.5150
13.6851
14.4813
14.0869
14.3602
15.3411
15.1056
15.9891
15.5584
16.0314
15.5114
15.7342
15.1323
14.9287
15.0115
14.9272
14.6161
14.4300
14.2863
13.7317
13.8715
13.8857
13.0656
13.3582
12.2599
12.2835
11.9575
11.8764
11.6153
10.7990
10.6321
9.8591
9.5065
8.9850
8.5800
8.5939
8.5807
7.6771
8.0152
7.4761
6.9075
6.8381
6.6470
6.3943
5.7882
5.7999
5.2847
5.4309
5.5538
4.4721
4.9671
4.4277
4.8475
4.0720
3.8719
3.7237
4.1406
3.6082
3.8905
3.5209
3.6334
3.1407
3.0646
2.7736
2.5359
2.3031
2.4932
2.2118
2.7577
2.1519
2.6118
2.2745
2.5645
2.2317
1.6629
1.7093
1.4812
0.8843
0.5386
-0.0304
-0.0212
-0.1919
-0.3718
-0.1909
-0.2994
-0.8456
-0.7310
-0.7688
-1.3908
-1.6833
-1.6348
-1.3640
-1.3434
-1.7016
-1.8105
-1.6852
-2.1047
-2.5766
-2.6967
-3.2253
-3.3804
-3.5055
-3.7722
-3.6859
-3.7639
-4.3494
-4.4348
-4.3838
-4.9469
-5.2420
-5.3794
-5.4219
-5.9022
-6.0266
-5.9449
-5.9223
-6.2120
-6.2238
-6.6762
-6.8920
-7.0515
-7.2616
-7.5424
-7.5945
-7.9122
-7.6708
-8.1077
-8.2207
-8.3264
-8.6703
-8.9997
-9.1106
-9.5994
-9.8040
-10.1286
-9.4655
-10.1753
-9.8250
-10.6650
-10.2427
-10.9583
-10.9461
-10.5980
-11.1674
-11.4133
-11.2553
-11.4785
-11.2195
-11.3952
-11.1544
-10.8037
-11.6617
-11.7935
-11.7770
-11.6377
-11.6537
-11.5880
-12.1150
-12.3056
-12.6027
-12.5003
-13.0245
-13.2410
-13.3774
-13.4246
-13.5157
-13.6120
-13.8543
-13.9849
-14.2741
-14.2180
-14.6256
-14.7990
-14.7622
-14.9313
-15.2467
-15.1631
-15.4669
-15.5635
-15.5897
-15.6076
-15.7013
-15.6976
-15.4108
-15.7883
-15.8482
-15.9283
-15.9260
-15.8960
-15.8337
-15.7438
-15.7205
-15.6673
-15.1379
-15.4425
-15.4654
-15.5315
-15.6721
-15.6015
-15.6473
-15.3346
-15.5312
-15.3695
-15.2574
-14.9118
-15.0572
-14.9551
-14.6739
-14.7496
-14.6369
-14.4960
-14.3393
-14.0715
-13.7313
-13.6041
-13.5796
-13.3704
-13.4125
-13.3794
-13.4160
-13.4207
-13.2317
-13.4278
-13.4603
-13.5058
-13.5472
-13.5088
-13.5018
-13.2377
-13.4092
-13.3752
-13.1981
-13.1668
-12.9800
-12.8321
-12.6655
-12.2500
-12.2175
-11.9284
-11.4441
-11.0045
-10.8939
-9.9775
-9.5041
-8.9591
-8.2673
-7.4069
-6.8611
-6.0540
-5.7245
-4.9372
-4.2742
-3.2500
-2.5322
-1.6786
-1.1009
-0.3947
0.6255
0.8078
1.5838
2.2203
2.6409
2.7336
3.2758
3.2138
3.6163
3.4354
3.4933
3.8172
3.6638
3.8211
3.8090
4.1272
3.9046
4.2058
4.1137
4.0286
3.5431
3.1322
2.8024
2.5327
2.3871
2.6185
2.3854
2.3696
2.3493
2.9319
2.1321
1.9994
1.9641
1.8411
2.1580
1.6863
2.1890
1.9936
2.6602
2.6940
3.0504
2.9624
2.7828
3.1470
3.3222
4.1006
4.1650
4.1396
3.8753
3.7156
3.1890
3.0416
2.8660
2.8361
2.4202
2.3600
2.4287
2.3367
2.2370
1.5759
0.9984
0.7728
0.4678
0.0727
-0.0254
0.3062
-0.0673
-0.2429
-0.1663
-0.3357
-1.0550
-1.3163
-1.9867
-1.9610
-2.2921
-2.4987
-2.5893
-2.6206
-2.9852
-3.4516
-3.3422
-3.6390
-3.4864
-3.4604
-3.3827
-3.2542
-3.0885
-3.4655
-3.1247
-3.5575
-3.5926
-3.5041
-3.6147
-3.3003
-3.0473
-3.0882
-3.4489
-3.5446
-3.7207
-3.7444
-3.8081
-3.6845
-3.5516
-2.8050
-3.1688
-3.0603
-3.5225
-3.5396
-3.7230
-3.5939
-3.7977
-3.2521
-3.6953
-3.9562
-3.9780
-3.7321
-3.7303
-3.0861
-3.7143
-3.5344
-3.6799
-4.2090
-4.5788
-4.9829
-5.2986
-4.9254
-5.5663
-5.1393
-5.6117
-5.5260
-5.7022
-6.1811
-6.1232
-6.1377
-5.6764
-6.5239
-6.6050
-6.6422
-6.7381
-6.9928
-7.2516
-7.4291
-7.3897
-7.5202
-7.9198
-7.5845
-7.8567
-7.7323
-7.7650
-7.0994
-7.4259
-7.4439
-7.8111
-7.6695
-7.3669
-7.1668
-7.4817
-7.1668
-6.8820
-7.5411
-7.5365
-7.0948
-7.5332
-7.1435
-7.7030
-7.5845
-7.2302
-7.4541
-7.9848
-8.1525
-8.2728
-8.4871
-8.5866
-8.5992
-8.6052
-8.9009
-9.0122
-9.3973
-9.5962
-9.5522
-9.9220
-9.8027
-10.0459
-10.0416
-10.0486
-10.0091
-10.0413
-9.9570
-9.9968
-9.7085
-9.6064
-9.7173
-9.5082
-9.3365
-9.2904
-8.9772
-9.0434
-8.7680
-9.0069
-8.7192
-8.8754
-8.7832
-8.7204
-8.5445
-8.4606
-8.3261
-7.9742
-7.7660
-7.5610
-7.0787
-6.8001
-6.5092
-6.4947
-6.2756
-5.9704
-5.9477
-6.1403
-5.9140
-6.1759
-6.5770
-6.6525
-6.6662
-7.3093
-7.3816
-7.0808
-7.4524
-7.6024
-7.4141
-8.0050
-7.7508
-8.3916
-7.4652
-8.5350
-8.5052
-8.9089
-8.2715
-8.7581
-8.8737
-8.8234
-8.9689
-9.2034
-9.2798
-9.0811
-9.0924
-9.2715
-8.7150
-9.2851
-8.9162
-9.0561
-8.8291
-8.7310
-8.7169
-8.6094
-8.4931
-8.2664
-7.6577
-7.9071
-7.5570
-7.3959
-7.0447
-6.7754
-6.5773
-6.4213
-6.1452
-6.2051
-6.1236
-5.8300
-6.0133
-5.6273
-5.8302
-5.6744
-5.5517
-5.5965
-5.6947
-5.6970
-5.8981
-5.9999
-5.8000
-5.9780
-5.7821
-5.6415
-5.9804
-5.8886
-6.0668
-6.0229
-6.0854
-5.7893
-6.0930
-5.8649
-5.9217
-6.0105
-5.5790
-5.7376
-5.6379
-5.4863
-5.5986
-5.5044
-5.2226
-5.3399
-5.2441
-5.1509
-5.1352
-5.0768
-4.9059
-4.9134
-5.1642
-5.1479
-5.1322
-5.0047
-4.7614
-4.9270
-4.7891
-5.1269
-5.2373
-5.1421
-5.4117
-5.3906
-5.4663
-5.2957
-5.5809
-5.7675
-5.8474
-5.8360
-6.1134
-6.1357
-6.2148
-6.2517
-6.1512
-6.2354
-6.1832
-6.1383
-6.4171
-6.3599
-6.3628
-6.3739
-6.2644
-6.6568
-6.6236
-6.7825
-7.1067
-7.1872
-6.9079
-7.1951
-7.0638
-7.2102
-7.1250
-7.1921
-7.0788
-7.0292
-6.9420
-6.9924
-7.0203
-7.0586
-6.5457
-6.8107
-6.6267
-6.3610
-6.0487
-6.0175
-5.9586
-5.7381
-5.5775
-5.1455
-4.9135
-4.9640
-4.7315
-4.5125
-4.2312
-3.9119
-3.6621
-3.4047
-3.0541
-2.8049
-2.2692
-2.2202
-1.6723
-1.6490
-1.1635
-1.2447
-0.9425
-0.8458
-0.4374
-0.5762
-0.4927
-0.2490
-0.3933
-0.2627
-0.1838
0.0425
0.1218
0.6359
0.9168
1.2387
2.0091
2.1103
2.4068
3.2564
3.8756
4.3088
4.4262
4.7199
4.7669
4.8619
5.0200
5.1399
5.1279
6.0638
5.3738
5.7928
4.7671
4.5906
3.9264
4.6494
4.6947
5.0302
4.2011
3.9472
4.0132
4.6386
4.7503
4.7088
3.6810
4.5268
4.6769
4.0752
3.8529
3.9649
3.8264
4.4243
4.0138
4.3880
5.0506
5.4097
5.6402
5.8572
6.6648
7.7423
8.7006
8.9710
9.2696
9.6460
10.5030
11.1779
11.8250
12.7756
12.5065
13.3504
13.5274
13.7144
13.7910
14.0805
13.3846
13.0708
13.4361
12.9631
13.1798
13.1771
13.4587
12.9003
12.4519
12.3172
12.2846
11.7900
12.4413
11.8771
11.6412
11.6854
11.4986
12.9502
13.4443
13.6517
13.0390
13.1936
12.6815
12.5604
13.9404
13.3848
13.4789
13.3253
13.6358
13.7643
13.8577
14.1767
13.9575
13.7610
14.2485
14.5678
14.4388
14.8081
14.7722
14.7021
14.3309
13.8612
13.6024
13.7401
12.8833
12.6211
12.5364
11.5994
11.5801
11.1828
10.8937
11.0814
11.9761
11.8111
11.7642
12.4775
12.0527
12.5784
13.0005
13.4783
13.1391
13.3893
14.3591
14.4728
15.1307
15.9994
16.1161
16.2865
17.1819
17.3109
17.6856
17.6063
17.4730
17.5586
17.7608
17.3922
17.2959
17.0409
17.5471
17.2650
16.4713
17.0385
16.3038
15.5627
15.2131
15.2476
14.6789
14.0978
13.4702
12.5293
12.0582
11.5238
10.7719
10.3337
9.8536
9.5000
9.3188
8.9460
8.4492
8.4103
7.7158
7.8718
7.0937
6.5873
6.3627
5.7343
5.1634
5.1825
5.1185
5.4855
4.8713
4.9945
4.4358
4.5280
4.4877
4.2562
3.6903
4.0432
3.6714
3.8572
3.9579
3.9840
4.2654
4.0598
4.0764
3.9688
4.2357
3.8271
3.8133
4.1509
3.9641
4.2828
4.3316
4.3660
5.0736
4.7125
4.8067
4.9503
4.7645
4.2571
4.0505
3.9834
4.0605
4.3414
3.7980
4.0503
3.8690
3.8389
3.6871
3.8739
3.6062
3.0055
3.0825
2.1823
1.8408
1.3825
1.2673
0.6570
0.2016
-0.9185
-1.3950
-1.6939
-2.2185
-3.0570
-3.7796
-4.5593
-4.1787
-4.7853
-5.2101
-5.3688
-6.3150
-6.5243
-6.2733
-7.5562
-8.1030
-8.0393
-8.2421
-8.5621
-8.7247
-8.9168
-8.8709
-9.0550
-9.5493
-9.6942
-9.8536
-10.3016
-10.2833
-11.0006
-11.3249
-11.5192
-11.5966
-11.4872
-11.5756
-11.6258
-11.4184
-11.3261
-11.0483
-11.1654
-10.9166
-10.7646
-10.9701
-11.0263
-11.1746
-11.2515
-11.3452
-11.4251
-11.3128
-11.3659
-11.5600
-11.6958
-11.8423
-12.0468
-12.1433
-12.5568
-12.9301
-13.1685
-13.1134
-13.7793
-14.1352
-14.4194
-14.6726
-14.8922
-15.0504
-15.0817
-15.1593
-14.9226
-15.1184
-15.1731
-15.1380
-15.3659
-15.5169
-15.4823
-16.0682
-16.0490
-16.5075
-16.6281
-16.5234
-16.4756
-16.3884
-16.0496
-16.1829
-16.0631
-15.6920
-15.7081
-15.2723
-15.1814
-14.5592
-14.6073
-14.2474
-13.6720
-12.9697
-12.4448
-11.9861
-11.8540
-11.6478
-11.3199
-11.0938
-11.3017
-11.1430
-11.1242
-10.7972
-10.7058
-10.5445
-10.3053
-10.4244
-10.2939
-10.1167
-10.2004
-9.8984
-9.7581
-9.7057
-9.7075
-9.4219
-9.3869
-8.7732
-8.3315
-7.5727
-7.8423
-7.5058
-5.8456
-6.0865
-5.0524
-5.8902
-5.6714
-5.5516
-5.3053
-5.1714
-4.2281
-3.9339
-3.4083
-2.1974
-2.6570
-1.8385
-2.1223
-0.6351
-1.6535
-0.7883
-1.8166
-1.1585
-1.4123
-0.9506
-1.3178
-0.8049
-0.3465
-0.3925
-0.1372
0.7733
0.8690
1.1645
2.1833
2.7851
3.9500
3.2833
3.7652
3.3262
3.7641
3.7080
3.7473
3.5432
3.7758
3.3589
3.6127
3.0172
3.4053
3.2489
4.2940
3.5239
3.7908
3.7158
3.6397
3.9147
4.1971
4.0806
5.2046
5.3345
4.9016
5.0673
4.6956
4.6578
4.8649
4.8570
4.8693
4.8036
3.8419
3.5980
3.3407
3.2786
3.2642
3.4721
3.0321
3.1638
2.7219
2.1663
2.0332
2.2910
1.4269
1.4841
1.0476
0.8964
0.4052
0.4424
0.3953
0.7403
0.4324
0.4046
0.5362
0.4762
1.2834
1.1160
1.0541
1.4400
1.6079
1.7696
1.5722
1.7423
2.3860
2.0252
2.6222
3.0583
3.2563
3.4920
3.5134
3.8350
3.7327
3.6885
3.5533
3.5038
3.4330
3.2022
2.8736
3.2543
2.8116
2.5265
2.3712
2.0268
2.0873
1.7775
1.4698
1.4328
1.6280
1.5532
1.4973
1.2051
1.1868
1.4271
1.4559
1.4066
1.4149
1.4590
1.7669
1.3840
2.0005
1.4119
1.3737
1.4380
1.3859
1.2447
1.5051
1.5237
1.3225
1.0032
0.6053
0.3760
0.1792
0.2312
0.1650
0.4904
0.6911
0.3281
0.7495
0.3463
0.5225
0.4972
0.7230
0.7122
0.8871
0.9042
0.4849
0.3742
0.2199
0.4773
-0.0402
-0.0149
-0.1897
-0.3831
-0.2095
-0.6609
-0.7646
-0.4870
-0.6976
-0.6036
-0.1768
-0.7685
-0.5526
-0.5121
-0.7174
-0.7845
-0.6856
-0.4610
-0.7207
-0.6326
-0.7306
-0.2464
-0.5205
-0.4510
-0.0498
-0.2466
-0.1027
-0.1214
0.2517
0.2661
0.2033
0.5039
0.4026
0.4845
0.5063
0.5317
0.5833
0.6408
0.8125
0.8929
1.2593
1.2771
1.3966
1.1375
1.1666
1.1343
1.0976
1.0836
0.9666
0.8996
0.8158
0.7888
0.8251
0.5161
0.4343
0.3095
0.2344
0.0421
-0.1326
-0.2644
-0.1897
-0.5682
-0.6876
-0.8816
-0.9348
-1.0912
-0.9301
-1.1980
-1.1829
-1.3358
-1.8775
-2.0258
-2.2910
-2.4493
-2.6749
-2.6325
-2.9448
-3.0167
-2.9089
-3.0411
-3.0218
-3.2830
-3.1389
-3.3104
-3.3720
-3.3034
-3.6118
-3.7959
-4.1234
-4.2270
-4.3723
-4.4420
-4.8397
-4.8893
-5.0388
-5.0808
-5.1537
-5.4753
-5.6924
-5.7205
-5.8539
-5.6840
-6.0432
-6.1336
-6.2089
-6.2157
-6.0440
-5.6168
-5.1747
-5.2327
-4.6657
-4.8844
-5.2527
-4.7593
-5.0877
-5.2143
-5.1534
-5.4295
-5.8052
-5.9811
-5.5884
-6.1167
-5.9407
-6.2299
-6.3343
-6.3582
-6.3557
-6.3007
-6.0921
-6.3029
-6.3905
-6.4434
-6.2498
-6.3936
-6.3882
-6.3786
-6.2178
-6.3354
-6.2022
-5.9791
-5.6799
-5.7632
-5.6637
-5.4239
-5.2995
-4.9251
-5.0969
-4.7838
-4.5637
-4.2615
-3.1872
-2.5880
-1.9047
-1.6655
-1.6714
-1.4686
-0.6200
-0.5525
-0.3580
-0.8777
-0.4631
-0.6131
-0.9589
-1.1448
-1.3213
-1.0264
-1.0260
-1.7480
-1.3419
-1.2260
-1.4837
-0.9777
-1.2963
-1.2898
-1.1327
-1.7061
-1.8832
-1.4945
-2.3333
-2.8113
-3.3502
-2.9273
-3.4837
-3.2575
-3.3345
-2.8631
-3.5528
-3.0498
-3.0680
-3.0341
-3.7271
-3.7677
-3.3388
-3.4920
-3.2996
-2.4130
-2.2909
-2.0232
-2.0094
-2.0732
-1.1200
-1.5437
-1.6349
-1.3106
-1.4757
-1.0827
-0.5884
0.0464
-0.4455
-0.0200
-0.2341
1.0672
0.5062
0.3974
0.8687
2.0229
2.2213
2.7787
3.3411
3.2304
3.5556
3.8948
4.6288
5.6306
5.5701
4.5714
4.6878
4.1743
3.9234
4.7253
3.7080
3.8640
3.2288
3.2643
2.8536
2.7932
2.9973
3.0606
3.2252
3.3190
3.9625
3.1807
2.8280
2.1128
1.9193
1.8805
2.1945
2.2561
0.9437
0.4315
1.8096
0.9922
0.0703
0.9094
0.5963
0.7053
1.1970
1.0029
1.6093
2.1850
1.1090
1.6763
1.6187
2.1707
2.6485
2.3847
2.0294
2.6448
2.0760
1.6416
2.1636
0.9076
1.9997
1.1859
1.6697
1.3439
1.4876
1.2310
0.8844
0.8264
1.5368
1.3850
1.3768
2.3485
1.5989
3.3555
1.8913
2.8375
2.2235
2.6138
2.0813
1.8858
3.4651
3.0423
4.0514
3.5810
3.9281
4.1120
4.2333
4.0339
4.3188
3.7446
4.2165
4.3880
3.9269
3.9348
3.5642
4.2698
3.6026
3.0109
2.7268
2.7044
2.6919
2.3579
2.2565
2.7339
2.8347
3.2336
2.5787
2.5818
2.6544
2.2952
2.6482
2.1647
2.8015
2.2419
3.1124
2.7413
3.1554
3.3897
3.6422
3.9099
3.4956
3.6574
3.9181
4.5137
4.5416
5.2631
5.1446
5.4477
6.1633
6.2830
6.7903
7.1944
7.9309
8.4457
9.0430
9.0668
9.5683
10.0673
10.6541
10.7210
11.3079
11.5649
12.0377
12.4875
12.9556
13.9465
13.8541
14.4888
14.6945
14.9074
15.2285
15.6680
15.6932
16.0648
15.7684
16.1790
16.3883
16.1951
16.0817
15.9251
15.5109
15.3578
15.3768
15.6727
15.6496
16.1068
16.3513
16.2447
15.9873
15.9526
15.7417
16.0516
15.4058
15.0323
14.4446
14.2622
13.3120
12.9133
11.7594
10.8122
10.1979
9.1318
8.2224
7.3860
6.4623
5.6622
4.7215
4.6186
3.6242
2.8716
2.1845
1.9018
1.7867
1.6927
2.0377
1.1607
1.8771
1.5490
1.2902
1.6085
1.3008
1.5978
2.1426
2.2029
1.7266
1.9410
1.7454
1.9587
1.4603
1.4731
1.6813
1.0448
1.1285
1.2679
1.2921
1.3956
1.0356
0.8211
0.6842
0.5192
0.3947
0.7777
0.8468
0.4263
1.0879
1.0774
1.8929
2.0576
2.7018
3.9665
3.2658
3.5731
3.8165
4.6109
4.5481
5.6171
6.9017
7.4047
6.5746
7.2477
7.5709
7.3116
8.4183
8.6327
9.4725
9.2578
9.6610
9.6527
10.6269
10.9344
10.5978
11.1633
11.2610
12.1203
12.4416
11.6774
12.0838
11.8420
11.5301
11.4076
11.6893
12.3750
11.8819
12.1307
11.8598
11.3991
10.9100
10.8614
10.6631
10.4925
10.8168
9.4893
9.1213
9.2894
8.9910
8.5882
8.3841
8.3398
8.2005
8.2383
7.6395
7.5248
7.3465
7.4042
7.3889
7.7947
7.4846
7.7723
7.8028
8.3850
8.2375
8.5585
8.6316
8.7639
8.1061
8.3924
7.7907
8.0896
7.8097
7.3506
6.8585
6.6122
6.1646
5.8933
5.3257
5.7717
4.5202
4.3505
3.6611
3.4314
2.7520
2.2462
2.0743
1.3843
0.9619
0.7056
0.5894
0.1763
-0.0894
-0.1828
-0.0474
0.1678
-0.0503
0.0863
0.0028
0.0276
0.1185
0.1571
0.2822
0.3998
0.5387
0.6535
0.6832
0.6694
0.5757
0.6843
0.3781
0.2864
0.1970
0.0796
-0.0543
-0.1494
-0.1961
-0.5633
-0.8415
-1.0398
-1.1737
-1.2727
-1.3847
-1.5342
-1.7518
-2.0355
-2.2392
-2.3941
-2.4390
-2.5833
-2.7314
-3.1000
-3.1528
-3.3470
-3.8249
-4.0017
-4.3519
-4.6191
-4.8493
-5.1325
-5.3567
-5.2712
-5.9245
-6.0353
-6.4088
-6.7714
-6.9988
-7.4083
-7.6779
-7.9615
-8.2635
-8.5008
-8.5893
-8.9419
-9.0541
-9.1988
-9.3270
-9.5194
-9.6503
-9.7227
-9.8030
-9.8860
-9.9620
-10.0457
-9.7969
-9.8964
-10.0745
-10.2288
-10.2591
-10.3442
-10.2941
-10.4162
-10.2993
-10.2795
-10.4237
-10.5706
-10.4956
-10.5926
-10.2503
-10.6218
-10.5689
-10.7451
-10.7631
-10.8113
-10.5965
-10.7548
-10.4884
-10.4240
-10.5762
-10.5813
-10.5880
-10.5872
-10.4235
-10.0825
-9.9375
-10.1087
-10.1467
-10.1425
-10.1285
-10.0893
-10.0374
-9.9807
-9.9215
-9.6704
-9.6207
-9.7889
-9.7595
-9.7521
-9.6626
-9.5906
-9.5728
-9.5463
-9.6230
-9.5537
-9.4286
-9.4013
-9.3580
-9.5056
-9.6214
-9.3323
-9.8197
-9.8019
-9.8956
-9.9003
-10.0323
-10.0779
-10.1518
-10.2184
-10.2683
-10.2532
-10.3157
-10.3659
-10.4907
-10.5601
-10.5892
-10.5763
-10.3707
-10.5211
-10.5251
-10.5275
-10.5646
-10.6209
-10.6785
-10.7450
-10.7962
-10.8296
-10.7794
-10.8407
-10.6552
-10.9778
-11.0418
-11.0551
-11.0631
-11.0230
-10.9927
-10.9341
-10.9085
-10.8759
-10.9024
-10.9186
-10.9776
-10.9834
-11.0041
-10.9697
-10.7040
-10.8638
-10.6980
-10.7876
-10.7397
-10.9227
-10.9551
-11.0215
-11.0310
-11.0182
-11.0096
-10.9926
-11.0211
-10.7830
-10.9868
-10.8307
-10.8913
-10.8443
-10.8793
-10.9697
-10.6269
-10.6594
-10.8948
-11.0180
-10.6369
-11.2497
-11.2946
-11.2086
-11.1767
-11.2740
-11.1126
-11.3797
-11.7231
-11.8404
-11.9143
-11.5739
-12.0288
-12.1265
-12.0672
-11.8771
-11.9371
-11.8040
-11.4920
-11.2867
-11.2055
-11.3070
-11.4354
-11.4458
-11.2800
-11.1274
-11.0697
-11.0303
-11.0152
-10.7398
-10.3696
-10.1384
-9.4912
-9.5046
-8.8899
-8.7155
-8.3383
-8.0918
-7.8160
-7.6409
-7.7975
-8.0442
-7.5222
-7.6384
-7.4497
-7.8086
-7.7399
-7.4256
-7.2885
-7.7114
-7.1006
-6.9057
-6.8504
-7.0888
-6.4369
-5.7003
-5.5822
-5.5839
-5.4423
-5.0809
-4.5341
-3.7214
-3.6320
-2.8382
-2.7288
-2.4508
-1.6312
-0.8623
-1.1358
-0.9683
-0.5800
-0.4932
0.1642
-0.4122
0.1427
0.0415
0.2245
-0.0316
-0.1313
0.0642
-0.4689
0.3634
-0.2712
-0.8273
-0.6265
-0.2402
-0.3735
-1.5640
-1.4885
-1.7313
-2.6160
-2.7023
-3.0788
-3.5116
-2.9943
-3.4289
-3.2754
-3.4550
-3.3801
-4.2177
-4.0533
-4.7299
-4.8896
-5.0551
-4.7893
-4.4916
-4.8766
-4.7461
-4.7488
-5.0553
-5.1788
-4.9835
-4.9371
-5.0211
-4.3516
-4.4684
-4.2878
-3.7285
-3.6762
-3.5805
-3.7532
-3.8418
-3.5823
-3.6662
-3.7263
-4.2007
-4.2100
-3.5929
-4.3102
-4.4135
-4.8083
-4.7224
-4.5548
-5.3327
-5.3564
-5.6115
-5.1090
-5.4136
-5.6207
-5.4173
-6.0933
-6.1359
-6.3786
-6.1858
-6.3620
-6.1102
-6.0458
-6.4235
-6.5660
-6.3768
-6.6388
-6.4710
-6.0862
-6.1436
-6.1650
-6.3431
-6.2986
-5.8878
-6.2962
-6.4338
-6.4588
-6.4463
-6.5894
-6.7070
-6.7775
-6.6529
-6.6183
-6.7044
-6.2240
-6.3444
-6.3902
-6.5482
-5.9701
-6.2003
-6.2505
-6.1743
-6.0318
-6.0755
-5.8458
-5.4124
-5.3032
-4.7955
-4.8577
-4.8877
-4.5651
-4.6252
-4.2850
-4.0589
-4.2108
-4.1059
-3.7983
-3.1619
-3.2194
-2.9991
-2.7049
-2.6007
-1.9023
-1.9620
-1.3605
-1.2801
-1.5964
-1.3563
-1.3401
-1.1777
-1.0915
-0.9293
-0.9227
-0.4082
-0.7489
-0.3811
0.0386
0.0331
0.1992
0.7621
0.9029
0.9520
1.1503
1.4350
1.8967
2.1843
2.8324
3.2537
3.7654
4.2870
4.3887
5.0192
5.4625
5.8135
6.4288
6.7009
6.6847
7.2931
7.7250
7.4407
7.1990
7.3212
6.8462
7.2753
7.4262
7.2031
7.3056
7.6881
7.7967
7.6723
8.0761
8.2011
8.1519
8.9352
8.8025
9.1349
9.2095
9.3855
10.1900
10.0099
10.5230
10.8898
11.2046
11.5689
11.9492
12.2956
12.5546
12.4828
13.0216
12.8454
13.5178
13.6949
14.2730
14.6696
15.3684
15.3225
15.2946
15.2655
15.3341
15.2093
15.1072
15.1534
15.2413
14.8390
14.5484
14.5771
14.3112
13.7275
13.3566
12.9940
12.6189
12.2997
11.9218
11.3557
10.8005
10.6694
9.9369
9.5966
9.3095
8.7536
8.1848
7.8072
7.6885
7.4797
6.9238
7.1227
6.3384
6.1729
5.9547
5.9648
5.5680
5.5180
5.1967
5.2926
5.2067
5.4429
5.1569
5.5684
5.3766
5.5716
5.4900
5.1767
5.2159
4.6565
5.1061
4.1233
3.9558
3.3167
2.6908
2.1975
2.0667
1.6779
1.3212
0.7722
0.5468
-0.0836
-0.3741
-0.5920
-0.8416
-0.8852
-1.5417
-1.4927
-1.8470
-1.6328
-1.7039
-1.3681
-1.6401
-1.5538
-1.6877
-1.6037
-1.5952
-1.7067
-1.3876
-1.7961
-1.7530
-1.3307
-2.0717
-1.2802
-1.5391
-1.2090
-1.3882
-1.2926
-1.4474
-1.5948
-1.7903
-1.3862
-1.8499
-1.3167
-2.0469
-2.0769
-1.8591
-2.7135
-2.2778
-2.0550
-1.6407
-1.8935
-1.1554
-0.5935
-0.7744
-1.1466
-0.5188
-1.3563
-0.6230
-0.8302
-1.0594
-0.0905
-0.1612
0.8928
0.2405
0.2539
0.4413
-0.1203
-0.3524
-1.0935
-1.1832
-1.1024
-1.4227
-1.8316
-2.2734
-2.0087
-2.8504
-2.8982
-2.7990
-3.0995
-3.2292
-3.5915
-4.1178
-4.1896
-4.3740
-4.0195
-5.0571
-5.0962
-5.1697
-5.6189
-5.8788
-5.9448
-6.2891
-6.5431
-6.4695
-6.4088
-6.2979
-6.0819
-5.7682
-5.6316
-5.8679
-5.3249
-5.5002
-5.2180
-5.0540
-4.9169
-4.7092
-4.9201
-4.7619
-4.8605
-4.5132
-4.0849
-3.8504
-3.9064
-3.2816
-3.8365
-3.1582
-3.1393
-3.3852
-3.2605
-3.2607
-2.9397
-2.8822
-2.7596
-2.7880
-2.6300
-2.5039
-2.7451
-2.5452
-1.8910
-2.4811
-1.4847
-2.2108
-1.7683
-1.6258
-1.8691
-1.7111
-0.8009
-2.1907
-2.3496
-1.9808
-1.8892
-2.2646
-1.2997
-1.6859
-2.2213
-2.4997
-1.8266
-1.8944
-2.1470
-2.2210
-1.8535
-2.1428
-2.5835
-2.3278
-2.2044
-2.6759
-2.4122
-1.7510
-1.8177
-1.4643
-1.3824
-1.1200
-0.9407
-0.0372
-0.2010
0.0879
-0.0193
1.0281
1.5210
1.2171
1.6310
1.8132
2.6072
3.0901
3.3646
4.2076
4.1457
4.9256
4.7033
4.6987
5.0776
5.4649
5.8681
6.3204
6.3022
6.4971
7.0340
7.0875
7.4668
7.6635
7.6150
7.8981
8.3880
8.1463
8.2151
8.5703
8.6993
9.4009
8.6858
8.5087
8.5902
8.6257
9.1380
8.9208
9.9340
9.5930
10.0370
10.5242
11.6281
11.8819
12.6506
11.9485
12.0598
12.5982
13.0600
13.6132
13.7609
14.4681
14.7207
15.3861
15.6114
15.8527
15.5416
15.7446
16.0523
16.1019
16.6135
16.6476
16.4701
16.8584
16.1518
16.7116
16.3976
16.4285
15.8727
15.7076
15.4748
15.5018
15.2142
15.6475
15.2698
16.0867
15.2911
15.5163
15.7245
15.9924
16.2763
16.2266
16.4395
16.2697
16.3106
16.4456
16.4918
16.2583
15.9974
15.3315
15.2404
14.3566
13.7293
13.5285
13.5892
12.8736
12.2533
11.6775
11.1316
11.0158
10.2280
10.0917
9.5032
9.1128
8.8716
8.3781
7.9511
7.9006
7.4968
7.3210
7.1441
6.8379
6.7483
6.7545
6.7977
6.5354
6.6099
6.6362
6.1469
6.4125
6.1516
5.7687
5.4933
5.7466
4.9395
4.9063
4.6260
3.8993
3.5975
3.4587
3.4432
3.1375
2.9037
1.8588
1.7393
1.6332
1.1984
0.8380
0.8704
0.6672
1.1637
0.9609
0.7678
0.2283
0.4263
1.0530
0.6780
0.5867
0.5351
0.8400
0.4694
0.1114
-0.3805
0.1086
0.1842
0.6944
0.1949
0.2612
-0.0077
0.5052
0.9496
0.8234
1.5278
1.0325
1.2700
1.2388
1.6400
2.0280
2.1423
2.6610
2.1931
2.8268
2.9879
4.1646
3.0553
3.4444
2.7687
2.8867
3.3076
4.1249
3.2113
2.9350
3.1402
3.4001
3.1835
3.5491
3.3865
3.1021
3.5392
3.2675
3.7698
3.7272
3.7610
4.0750
4.2785
4.2314
3.7646
3.4403
3.7534
3.8589
4.5174
3.9610
4.6260
5.1417
5.1991
5.5763
5.9217
4.7998
4.9263
4.9274
5.0292
5.6463
5.6385
5.9250
5.4172
5.4818
5.2887
5.4104
4.9578
5.1570
5.4503
5.7301
5.3293
5.3543
4.9649
4.9420
4.5183
4.4377
4.3817
4.8937
4.7883
4.5099
4.0531
4.6930
3.9869
4.1396
4.2267
4.0079
4.3538
4.3225
4.1874
3.8941
4.0981
3.6434
3.8043
3.5118
3.2492
3.0332
2.8533
2.6124
2.2755
1.8546
1.3158
1.3126
0.7870
0.4631
0.3772
0.4736
0.2675
-0.0896
-0.3230
-0.2754
-0.7153
-0.9347
-1.2968
-1.3452
-1.5983
-1.9536
-1.4955
-1.7155
-2.2835
-2.1228
-2.1707
-2.3108
-2.6824
-2.1884
-2.7290
-2.6238
-3.0678
-2.6350
-2.9309
-3.1827
-2.9032
-2.0623
-2.0083
-2.0865
-2.6725
-2.4530
-2.9297
-2.9696
-2.3394
-2.6099
-2.7864
-3.2941
-3.6855
-3.4420
-4.0233
-4.2065
-4.2161
-4.9127
-4.7761
-4.8725
-4.8660
-4.7152
-4.8597
-4.5370
-4.8040
-5.1144
-5.0218
-4.8581
-4.6034
-4.4951
-4.3396
-4.1948
-3.9618
-3.8806
-3.9960
-3.8980
-3.9778
-3.5910
-3.8710
-3.6718
-3.7173
-3.7317
-3.2327
-3.7176
-3.2686
-3.1978
-3.5136
-3.6764
-3.6875
-3.5665
-3.7140
-3.7690
-3.7019
-4.0431
-4.0976
-4.4397
-4.1698
-4.5156
-4.4659
-4.7947
-4.8637
-4.9729
-5.2201
-5.2507
-5.1308
-5.3154
-5.6367
-5.8578
-6.0471
-5.8845
-6.2211
-6.1911
-6.3470
-6.3438
-6.2290
-5.9689
-6.2590
-5.9055
-6.3032
-5.9810
-6.4564
-6.5118
-6.4926
-6.4658
-6.2545
-5.7407
-6.0023
-5.8712
-5.2449
-4.5887
-5.0386
-4.4787
-4.3368
-4.7415
-4.6182
-4.4529
-4.8837
-5.2608
-5.0540
-4.8372
-4.3854
-4.3424
-4.7639
-4.0444
-4.3565
-4.4349
-4.0880
-3.7369
-4.2353
-4.1513
-4.5265
-3.8260
-4.4779
-4.2745
-4.7026
-4.4087
-4.4693
-4.4055
-3.9138
-4.0341
-4.3001
-3.9462
-4.0873
-3.3352
-3.9038
-3.9557
-3.1576
-3.0918
-3.0297
-3.1025
-2.5069
-2.3948
-1.7677
-1.5614
-1.3672
-1.5022
-0.7829
-0.9140
-0.4499
0.6817
0.3571
1.1668
1.2319
1.5465
2.1846
1.5809
2.0192
1.7992
1.9566
1.8131
1.0586
0.9948
1.5749
1.6161
2.2390
2.2133
2.7763
3.8540
3.6405
4.1067
3.5236
4.2044
4.1941
4.3614
4.6053
4.9088
4.7725
4.8208
4.7612
4.9817
5.4061
5.1076
5.6662
5.8459
5.9928
5.8231
5.7753
6.6410
6.8329
6.9619
7.0924
6.8726
6.9320
7.2624
7.6131
8.6382
8.7436
10.0594
10.0082
11.2867
11.3620
12.2149
11.8264
12.7590
13.5139
13.2056
12.9127
12.5534
13.0397
13.5750
13.4254
13.5401
14.2228
13.2456
13.7736
13.6940
14.5386
15.0218
15.4263
15.3297
15.9873
16.4121
17.6923
18.1548
18.0196
18.8264
18.5316
19.4087
19.1900
18.7543
18.8711
18.9443
18.7071
18.5137
18.4696
18.0305
17.5484
17.0134
16.5591
16.2129
15.7653
15.0710
14.0630
13.7654
12.8962
12.2648
11.9355
11.4657
11.1270
10.5476
10.2346
10.1300
10.6259
10.3259
10.3113
9.9767
9.7013
9.5577
9.3942
9.2377
8.8860
8.7666
8.6998
8.6263
8.5921
8.6168
8.4782
8.7077
8.5174
9.0368
8.9097
9.0131
8.9583
8.7857
8.7416
9.0669
9.1913
9.2555
9.7982
10.0345
9.9163
9.7098
9.4424
9.5577
9.4606
9.8952
9.4159
9.4086
9.3949
9.2545
9.1723
9.3813
9.5271
9.0661
9.1759
8.7639
8.6391
8.4716
8.4980
8.8737
8.9972
8.8729
9.0459
9.1045
9.2560
9.4116
9.5924
9.7020
9.7460
9.8753
9.8320
9.6624
9.7114
9.7943
9.5909
9.5627
10.0689
9.7876
9.7163
9.5472
10.3254
9.6326
9.2461
9.2113
8.9138
9.2120
8.9514
9.1976
8.8351
8.6514
8.4520
8.4293
8.2073
7.7968
8.0052
7.4761
7.4411
7.7684
7.1643
7.0533
6.5258
7.0092
6.5513
5.5117
