0.87057054
0.87463953
0.85025236
0.87240723
0.88044776
0.84515628
0.86474828
0.87727969
0.89699807
0.96613780
0.99078756
1.06145598
0.94997531
1.00286698
0.93914423
0.90162661
0.89611109
0.85211161
0.84826637
0.82697502
0.83283244
0.94700386
0.93214105
0.87124385
0.83696365
0.83832589
0.83912004
0.91966499
0.96455793
0.94361043
0.94815164
0.99287354
1.01411584
1.02303114
1.09025037
0.99877193
0.99104295
0.94743467
0.99066791
1.00700638
1.00642361
1.03510727
1.02373261
1.03216872
1.07456162
1.01819034
1.00827949
1.05880888
0.96478863
0.90356320
0.87604221
0.86043725
0.92198955
1.00572677
0.91053314
0.91861328
0.89185740
0.90275694
0.89547348
0.91793722
0.89471236
0.73760855
0.76668164
0.94340641
0.94421800
0.92264263
0.91746552
0.93191843
0.85870220
0.96953075
0.94046090
0.91442953
0.89764617
0.94209384
0.87038285
0.95185181
0.87584754
0.78946130
0.89100936
0.87539036
0.76450930
0.93818004
0.94704152
0.90515151
0.96915636
0.97692657
0.97991413
0.99467124
0.99832046
1.04076731
1.04455236
1.05260134
1.09613965
1.07305132
1.01630397
1.05220519
1.01836491
1.02488933
0.98102680
0.97122258
0.98758370
1.01230464
0.95260420
0.97847931
0.93842626
0.95618209
1.02281984
0.99978492
1.00747190
1.01290073
1.00403155
1.02870501
0.99741608
1.07044862
1.05664568
0.93271201
1.01263852
1.08023093
1.01843428
1.01599490
1.07124690
1.07198499
1.04040593
1.00230369
1.03929601
1.06617821
1.01908679
1.05603685
1.02513223
1.04543282
1.12566769
1.02199479
0.97730764
0.90781643
0.95331809
1.23639907
0.93104672
0.95457135
1.06054498
1.08077338
1.12837535
1.16783148
1.09801048
1.25772038
1.25850544
1.26996247
1.35667795
1.37181365
1.29692119
1.33866881
1.30881068
1.23151608
1.25793565
1.29888278
1.38352563
1.27195282
1.38025978
1.40706542
1.32702292
1.31916773
1.34127226
1.26302610
1.22026250
1.14822041
1.21830810
1.22801613
1.14763507
1.17717805
1.02262019
1.04329881
1.11116352
1.06805681
1.07579407
1.06902911
1.10004338
1.15671968
1.14560007
1.22930281
1.14229335
1.15238948
1.05839350
1.04962342
1.07634441
1.07381234
1.21894887
1.12850025
1.08358737
1.08884800
1.09523764
1.11531684
1.09824648
1.20859488
1.16572660
1.26025043
1.23632937
1.27200645
1.30903977
1.24505943
1.22693662
1.21783912
