-0.3959
-0.4973
-0.2621
-0.3626
-0.2781
0.0828
0.0492
-0.3288
-0.4635
-0.3352
-0.1974
-0.1804
-0.5284
-0.4554
-0.2999
-0.3579
-0.5534
-0.0788
0.2961
0.0738
0.0437
0.0787
-0.0342
0.4330
0.1653
0.4298
0.2215
-0.0433
0.4712
0.2561
0.3760
0.1091
-0.0444
0.1861
-0.1396
0.1620
0.1519
0.1451
0.3986
0.2634
0.6992
0.1071
-0.0625
-0.1554
-0.1790
0.2612
-0.2603
0.2005
0.1521
0.3705
-0.0256
0.0122
-0.1272
-0.2124
0.0027
0.0716
-0.0816
0.2156
-0.2856
-0.1060
0.1013
0.0682
0.3943
0.0100
0.2255
0.2151
0.0252
-0.0043
-0.0945
0.1202
0.2863
0.2929
0.6562
0.2943
0.7442
0.4213
0.8334
0.5493
0.2532
0.3340
0.1995
0.4391
0.5121
0.7899
1.1582
0.8854
0.6445
0.8259
1.0374
1.2106
0.7427
1.0574
0.9361
1.2450
0.8758
0.9561
0.4422
0.4938
0.8086
0.5997
0.4053
0.7283
0.4869
0.6005
0.3911
0.5987
0.4925
0.7752
0.4711
0.3642
0.4814
0.7075
0.2244
0.5878
0.3661
0.8069
0.2445
-0.0311
0.0135
0.1913
0.6779
0.9731
0.5105
0.3088
0.0927
0.1824
0.1051
0.1948
0.0246
-0.0502
0.0383
-0.0734
-0.1125
-0.0407
-0.3593
-0.0991
-0.0672
-0.2909
-0.3066
-0.2618
-0.0644
-0.2792
0.2259
-0.2883
-0.2210
-0.4963
-0.3641
-0.3742
-0.2589
-0.3028
-0.2549
-0.2429
-0.2794
-0.2951
-0.2252
0.1534
-0.3536
0.0261
-0.1598
0.0732
-0.3010
0.1846
-0.0669
0.0460
0.0088
0.1910
-0.2333
-0.1459
-0.1810
-0.3838
-0.2765
-0.2837
0.0415
-0.3526
-0.2088
-0.0528
-0.3266
-0.0488
0.2139
-0.1953
-0.3359
-0.1953
-0.2294
-0.1130
-0.1761
-0.4085
-0.4261
-0.3971
-0.2281
0.0725
-0.3634
-0.2021
-0.2007
-0.3355
0.3172
0.3995
0.8327
0.2404
0.3885
0.4535
0.1319
-0.0270
0.3827
0.0718
-0.0218
-0.0101
-0.2947
-0.1402
-0.4604
-0.4831
-0.4690
-0.2673
-0.0166
0.0061
-0.0244
0.2119
0.4572
0.0082
-0.0113
-0.0317
-0.3164
-0.3441
0.0214
-0.4208
-0.2222
0.1907
-0.1866
0.0192
-0.2403
-0.5763
-0.3815
-0.5206
-0.3864
-0.3243
-0.5274
-0.5202
-0.5607
-0.3739
-0.0586
-0.2746
-0.1867
-0.1224
-0.3315
-0.2734
0.0335
-0.0563
0.3611
0.5117
0.4614
0.1763
-0.0324
0.2083
0.3126
0.4937
0.3543
0.1624
0.2013
0.3026
0.1225
-0.0606
0.1464
0.2599
0.6613
0.6586
0.7989
0.7633
0.4614
0.3893
0.7079
0.3890
0.3165
0.0558
0.2362
0.4741
0.4407
0.3498
0.4936
1.1541
0.6087
0.6480
0.9271
1.0554
0.7674
1.0407
1.0828
0.9933
0.9208
0.7910
0.8168
0.8024
1.2551
0.9931
0.7681
0.7412
0.7762
1.1139
0.7713
0.6864
0.7222
0.6649
0.8681
1.0713
0.7264
0.9017
0.5937
0.6683
0.7491
0.6699
0.7527
0.4664
0.5078
0.5389
0.3838
0.4734
0.1792
0.1323
0.2338
0.0141
0.1930
0.1304
0.4236
0.2778
0.6140
0.5217
0.2864
0.4883
0.4780
0.2954
0.5682
0.2090
0.2588
0.4620
0.2877
0.0410
0.1241
0.3432
0.4276
0.1926
0.1821
0.2224
0.2498
0.5660
0.3715
0.4089
0.3394
0.9852
0.2412
0.3817
0.4557
0.0770
0.0033
0.1044
0.2695
0.0806
0.2377
0.0394
0.3616
-0.0284
-0.1709
0.0102
-0.1302
-0.2551
0.2507
-0.1546
-0.0716
-0.1662
-0.1003
0.0263
-0.1233
-0.0097
0.0674
-0.2087
0.1511
-0.1489
-0.0888
0.0300
-0.1192
0.0142
-0.0720
-0.1390
-0.4138
-0.2864
-0.4254
-0.4083
-0.2231
-0.1979
-0.0027
-0.1240
0.0491
-0.3553
-0.1891
-0.3789
-0.2473
-0.0964
-0.2236
-0.1215
-0.3289
-0.2615
0.0904
-0.2493
-0.3499
0.0630
-0.3776
0.0266
-0.2444
0.1085
-0.2873
-0.2288
-0.3172
-0.2620
-0.2372
0.0433
-0.1156
0.1018
-0.1666
0.0114
-0.0567
-0.2553
-0.1527
0.0899
0.4374
0.2411
0.3354
0.0853
0.2579
0.0851
0.0751
0.1548
0.2433
0.0396
0.2155
0.0327
0.0303
0.0122
0.2543
0.1648
0.1584
0.1140
0.0062
-0.0353
0.0351
0.3774
0.2022
0.3862
0.3036
0.2092
0.3130
-0.0550
-0.0351
-0.2375
-0.0213
-0.0187
-0.0617
0.3081
0.1020
0.0266
0.3959
-0.1713
0.5027
-0.1095
-0.1804
-0.0196
0.0715
0.3562
0.1993
0.0338
0.0810
0.2036
0.5976
-0.1519
-0.3333
-0.4755
0.0465
-0.4926
-0.2694
0.0480
-0.2273
0.3766
-0.3006
0.2047
0.3586
0.1748
0.5927
0.0726
-0.2146
-0.0697
-0.3582
-0.2774
0.1236
0.5760
0.4455
-0.0208
0.1660
0.6451
0.4653
0.4896
0.1240
-0.0159
0.3217
-0.0795
0.0540
0.1923
-0.0328
-0.1304
-0.0002
0.1546
0.1263
-0.0041
0.2283
0.4600
0.1838
-0.0072
0.5879
0.5159
0.0187
-0.0725
0.4853
0.2428
0.0106
-0.1416
0.1285
0.0456
0.3802
-0.0579
0.1928
-0.0689
-0.0476
0.1257
0.1603
0.8234
0.4944
0.5280
0.4271
0.6289
0.1077
0.3325
0.3752
0.6576
0.5488
0.3519
0.2914
0.3963
0.4221
0.3944
0.0629
0.1744
0.1230
0.3386
0.5166
0.3714
0.0331
0.3367
-0.0701
0.4644
0.3715
0.4921
0.8312
0.7810
0.6897
0.3353
0.1171
0.1819
0.3169
0.5623
-0.0549
0.2531
0.1014
0.2555
-0.0123
0.1583
-0.0027
0.8476
0.3951
0.3674
0.1774
0.1056
-0.0506
-0.1924
-0.1444
0.0394
0.2934
0.1811
0.0566
0.0701
0.2607
0.0047
-0.1523
-0.3358
0.0285
-0.2197
-0.4158
-0.5715
-0.3437
-0.5538
-0.1921
-0.4765
-0.0946
0.0087
-0.2450
-0.2504
-0.3079
-0.6023
-0.4327
-0.4904
0.0460
-0.3454
-0.7122
-0.2271
-0.8363
-0.9042
-0.2491
-0.9895
-1.0002
-0.9023
-0.4755
-0.6586
0.0168
-0.4786
-0.4263
-0.2911
-0.2902
-0.7054
-0.7372
-0.4028
-0.4189
-0.4760
-0.5780
-0.0024
-0.0927
-0.2163
-0.0659
-0.0282
-0.1258
-0.3616
-0.3327
-0.3692
0.2323
-0.2961
0.0090
0.0611
0.0449
0.3346
0.2936
0.1823
0.0056
0.0907
0.1253
0.1676
0.7101
0.2177
0.2874
0.5104
0.5690
0.2490
0.4203
0.5530
0.6790
0.3154
0.0231
0.2180
0.1135
0.4716
0.1839
0.6980
0.6608
0.2688
0.0347
0.2237
0.6088
0.6705
0.5903
0.5527
0.3856
0.8148
0.6462
0.1473
0.2873
0.1756
0.2660
-0.0296
-0.0634
0.3020
0.1512
0.2312
-0.1389
-0.1277
-0.3224
-0.2979
-0.3319
-0.2268
0.0282
0.0093
-0.0847
-0.0221
0.0081
-0.0196
0.0334
-0.1823
-0.0467
0.3603
-0.1303
-0.2250
0.0997
-0.2445
-0.4337
-0.2377
-0.0787
-0.2424
-0.3999
-0.4349
-0.4752
-0.5301
-0.5966
-0.5981
-0.7007
-0.5150
-0.8441
-0.4178
-0.6422
-0.4304
-0.6462
-0.6221
-0.4633
-0.3148
-0.1009
-0.4014
-0.3229
-0.3629
-0.3164
-0.4176
-0.5388
-0.2657
-0.1212
-0.1685
-0.1481
-0.1644
0.0145
0.5827
0.1950
0.0423
-0.0805
0.0741
0.1339
-0.0958
0.0436
-0.2050
-0.0242
-0.0359
0.3214
-0.0329
-0.0014
-0.0326
0.0245
0.5691
-0.1311
0.0299
-0.0859
-0.0421
0.2855
0.3514
0.1642
0.2632
0.1637
0.2208
0.1163
0.1108
0.4990
0.3511
0.7260
0.1420
0.4984
0.0716
0.2602
0.0651
0.4330
0.2049
0.4928
0.2305
0.2757
0.7115
0.3181
0.5626
0.2998
-0.1239
0.0944
-0.0985
-0.1495
-0.1221
-0.1577
0.1049
0.0178
0.5692
-0.1068
0.5856
0.2256
-0.0985
-0.1342
-0.1886
-0.3314
0.0183
0.0354
-0.0208
0.6018
0.4279
0.1454
-0.0079
-0.0266
0.2213
-0.1137
-0.2127
0.4877
0.2724
-0.3888
-0.1115
0.0234
-0.2118
-0.0908
-0.4958
-0.4179
-0.3108
0.3401
-0.1265
0.1344
-0.1742
0.2196
0.3180
0.5110
0.6315
0.4541
0.3408
0.1339
0.6969
0.5986
0.9202
0.6729
0.3445
0.4259
-0.0703
-0.0621
-0.0431
-0.5090
-0.4024
-0.2787
-0.2314
-0.2810
0.8884
0.2403
0.2751
0.2269
-0.0141
0.1970
0.4379
0.3074
0.3339
0.4586
0.0885
0.1667
-0.1671
-0.3025
-0.3588
-0.0916
-0.1796
0.3847
0.1123
0.2129
0.2704
0.4928
0.3908
-0.2748
-0.1387
-0.3470
-0.2378
-0.1954
0.0652
0.0411
0.6925
0.0016
0.4338
0.7721
0.0821
0.3728
0.2093
0.4302
0.7313
0.3306
0.0749
0.3615
0.7258
-0.0340
0.4966
0.2472
0.1298
0.4241
0.1515
0.4474
0.2999
0.4638
0.1335
0.2779
0.1911
0.3184
0.8708
0.6332
0.6384
0.6274
1.0591
0.9623
0.3727
0.5385
0.2706
0.2101
0.3113
0.5937
0.4838
0.5795
0.6323
0.4245
0.6715
0.4369
0.8572
0.6164
0.5609
0.8292
0.8311
1.1720
0.6972
0.7820
0.7948
0.3531
0.3282
0.7474
1.0329
0.5158
0.7797
0.6975
0.8499
1.0242
0.8952
1.0513
1.3260
1.2871
1.5681
1.5468
0.8750
1.6029
0.8549
0.6744
0.4188
0.1949
0.2323
0.7707
0.8716
1.5674
0.8445
0.8125
0.9248
1.3444
1.0257
0.6942
0.7467
0.7122
0.9482
1.5610
0.5643
0.5153
0.5953
0.3381
0.8770
0.7318
1.6252
0.9701
1.7222
1.4086
0.9005
0.6393
0.6460
0.5118
0.4475
1.0414
0.8718
0.9423
1.1298
0.9241
0.9478
1.2579
1.5036
1.1577
1.1374
0.7439
0.9110
0.9779
1.1302
1.4730
1.2386
1.5083
0.6259
1.2445
0.4748
0.7802
0.3580
0.4863
0.5072
0.9250
0.8899
0.9437
1.0322
0.9316
1.2218
0.7245
0.9160
0.6116
0.7187
0.9438
0.7989
1.2369
0.9315
0.6927
0.6391
0.7388
0.9966
1.5866
1.3311
1.1935
1.0548
1.2806
0.6174
0.7095
0.6391
0.2385
1.5677
1.0737
1.1857
1.3289
1.1105
0.9501
0.9389
0.5902
0.5128
0.7640
1.3814
1.1479
0.7679
0.7279
0.8676
0.6613
0.8134
0.5437
0.3649
0.0713
0.5298
0.1136
0.5558
0.2591
0.6689
0.5864
1.0667
1.0749
0.5974
0.5184
0.5676
0.6861
0.5176
0.5962
0.4248
0.2451
0.3849
0.5090
0.3097
0.8003
0.9262
1.1082
1.0606
0.8707
0.7530
0.6321
0.7296
0.5930
0.5988
0.7076
0.7301
0.0799
0.4030
-0.0314
0.6136
0.5774
0.3986
0.2551
0.2650
0.3385
0.2058
0.6297
0.3414
0.7595
0.4179
0.4785
0.1848
0.2967
0.6321
0.4683
0.7187
0.4603
0.2077
0.2559
0.3241
0.3897
0.4016
0.3633
0.7380
0.5409
0.7036
0.3241
0.3905
0.4532
0.6865
0.6689
1.1453
0.6706
1.0051
0.8357
0.6450
0.4345
0.5702
1.1665
0.5282
0.7517
0.5748
0.6203
0.7066
0.4383
0.5665
0.3810
0.1785
0.6930
0.6344
0.2694
0.4309
0.4459
0.6289
0.1328
0.6328
0.3545
0.6298
0.6712
0.4291
0.4694
0.8220
1.0198
1.1396
0.7901
0.8975
1.2186
1.1846
1.0263
0.8311
0.3685
0.6722
0.5097
0.4962
0.6445
0.9363
0.5575
0.8928
0.6669
0.7104
0.6935
0.7205
0.3509
0.3287
0.3933
0.1123
-0.1447
-0.0526
0.3917
0.4490
0.3188
0.4366
0.3403
0.2722
0.3982
0.3871
0.2860
0.3821
0.8801
0.2931
0.4111
0.2191
0.2302
0.0260
0.5305
0.2986
0.4476
0.5037
0.5497
0.6542
0.3779
-0.0943
0.5460
0.1727
0.3440
0.0302
-0.1080
0.4805
0.0455
0.0982
-0.2748
-0.0251
-0.0037
-0.3023
-0.2906
-0.4554
0.0139
0.3841
0.3172
0.2202
0.1056
-0.3104
0.0425
-0.1107
0.2341
-0.0040
-0.0173
-0.2064
-0.3833
-0.3470
-0.0461
0.2129
0.0357
-0.0418
-0.0510
-0.0564
0.0093
-0.0937
0.0280
0.0822
0.3580
-0.1613
0.0440
0.3698
0.1293
0.5028
0.0112
-0.1674
0.2234
-0.1283
-0.1626
-0.0872
-0.0179
-0.1319
0.0552
0.2383
-0.0903
-0.1908
-0.2169
-0.2668
-0.4505
-0.2882
0.0606
0.1513
-0.0451
0.5211
0.4831
0.6486
0.5905
0.5722
0.5151
0.2761
0.6260
0.5500
0.6511
0.3362
0.5308
0.0552
0.2346
0.4347
0.3030
0.1164
-0.0145
-0.2255
0.0035
-0.0176
-0.2404
0.2268
-0.2832
-0.2471
-0.2858
-0.2137
-0.3632
-0.3568
-0.4599
-0.2282
-0.4392
-0.3947
0.2438
0.0897
0.0079
0.1246
0.3331
0.0720
0.0764
0.0897
-0.0748
-0.2201
0.2591
-0.1440
-0.3825
0.0277
-0.2046
-0.1089
0.1898
-0.0876
-0.4180
-0.5771
-0.6235
-0.7757
-0.5524
-0.7147
-0.5933
-0.4466
-0.0993
-0.1486
-0.1735
-0.0732
0.0347
-0.1723
-0.4432
-0.0213
-0.6134
-0.5998
-0.6142
-0.4140
-0.3642
-0.2244
-0.4645
-0.2726
-0.5087
-0.5739
-0.6003
-0.0034
-0.3244
-0.4605
-0.4910
-0.1723
-0.0708
-0.5744
-0.4916
-0.4277
-0.6005
-0.8973
-0.6317
-0.6288
-0.6397
-0.5952
-0.4238
-0.6812
-0.7829
-0.5986
-0.5567
-0.2153
-0.5883
-0.4809
-0.5908
-0.7464
-0.8694
-0.8836
-0.8782
-0.4643
-0.4366
-0.1364
-0.4763
-0.1006
-0.6761
-0.7017
-0.8728
-0.5821
-0.4220
-0.4982
-0.5297
-0.4062
-0.2058
-0.1381
0.4913
-0.3134
-0.1276
-0.3918
-0.3279
-0.2165
0.2365
0.1219
0.0812
-0.1104
-0.1145
0.0847
-0.0111
0.1769
0.2722
0.0122
-0.1061
0.5019
0.5890
0.7028
0.4217
0.8391
0.5860
0.8746
0.7345
0.6007
0.4635
0.5829
0.6148
0.5717
0.3726
0.3183
0.0305
-0.0227
-0.0943
0.2914
0.1078
0.1906
0.0061
0.0148
0.0942
-0.0194
0.0188
0.1087
-0.1284
0.2784
-0.0187
-0.0907
-0.0663
0.0613
0.2974
0.4588
0.2155
-0.0567
-0.1708
-0.3133
0.1201
0.1209
0.1377
0.2727
0.1437
-0.2682
0.2507
0.0796
0.1296
-0.0386
-0.1348
-0.0058
-0.1880
-0.3276
-0.4566
0.1303
-0.2508
-0.3619
-0.3874
-0.3876
-0.3933
-0.2156
-0.1258
-0.2571
-0.0247
-0.1819
-0.2029
0.3516
-0.1483
-0.1074
-0.0236
0.1591
0.1693
0.5904
-0.0925
0.1962
0.0592
0.0581
-0.1150
-0.1735
-0.2400
-0.2531
-0.3008
-0.3056
-0.4002
-0.2184
-0.3535
-0.4017
-0.2606
-0.1247
-0.0171
-0.3137
-0.1056
-0.2045
-0.0708
0.2231
0.4451
0.5752
0.2676
-0.0107
0.2708
0.3954
0.0380
0.4710
-0.0102
0.0069
0.0209
0.4559
0.2113
0.4464
0.3413
0.2562
0.4901
0.2753
0.3068
0.5168
0.2947
0.3632
0.2115
0.1518
0.3204
0.2205
0.6346
0.3394
0.2723
0.2836
0.3497
0.3345
0.5081
0.3048
0.3123
0.4039
0.2430
0.4793
0.3724
0.8022
0.8395
1.2826
0.5415
1.0970
0.3671
0.9104
0.5166
0.4029
0.4255
0.5731
0.4325
0.3430
0.4516
0.5633
0.3104
0.1210
0.5715
0.0528
0.1554
0.2811
0.0935
0.4412
0.4347
0.4185
0.6790
0.4604
0.5858
0.1841
0.7070
0.7703
0.6419
0.5266
0.7180
0.3961
0.7272
0.5023
0.4593
0.6969
0.5453
0.1961
0.0862
0.1184
-0.0732
-0.1254
-0.4442
-0.3974
-0.3047
0.0108
-0.1611
0.0078
0.1696
-0.2514
-0.1977
-0.0423
0.0304
-0.0675
-0.3501
0.2621
-0.0143
-0.0494
-0.1105
-0.0782
0.2451
0.1163
-0.0475
-0.2758
0.0671
0.0738
-0.1884
-0.1495
-0.6333
-0.4409
-0.1734
0.5295
-0.3196
-0.2071
-0.3383
-0.3903
-0.6098
-0.5782
-0.6733
-0.4007
-0.6254
-0.4079
-0.6159
-0.3024
-0.6553
0.0507
0.0384
-0.1510
-0.3471
0.1976
-0.6916
-0.4876
-0.1402
-0.1377
-0.3398
-0.3157
-0.2118
-0.1990
-0.2201
-0.2295
-0.1318
-0.3314
0.4263
-0.3188
0.1261
-0.6375
-0.3134
-0.0413
-0.6812
-0.4253
-0.4063
-0.4716
-0.9226
-0.6189
-0.3138
0.7315
-0.2152
-0.2671
-0.3288
-0.5793
-0.1742
-0.5068
-0.1052
0.0173
0.3588
0.2051
-0.0207
0.1423
0.1427
0.6654
0.2989
0.3905
0.4482
0.5224
0.3351
0.4958
0.5626
0.7102
0.2595
-0.1248
0.2126
0.2250
0.2708
0.3037
0.5329
0.2211
0.9086
0.6728
1.1843
0.9475
0.9016
1.1207
1.3901
1.4629
1.3227
0.7165
1.4725
1.3232
1.4583
0.7058
1.0923
1.1327
0.5139
1.0155
0.5788
0.9526
1.1347
1.1002
1.0393
0.8986
1.1636
1.2413
1.3539
2.1671
1.6739
1.4087
0.8405
1.1722
0.7111
0.6979
1.3616
1.4266
1.5226
1.6183
1.1378
0.6882
0.8414
0.9076
1.4924
0.6842
1.0862
0.8503
0.8473
0.5112
1.1755
0.7702
0.5782
1.0135
0.5614
0.3926
0.8653
0.6466
0.7721
0.6358
0.3448
-0.1701
0.1608
0.2920
0.0880
0.5304
0.4191
0.4184
0.4540
0.6413
0.4513
0.5736
0.2187
0.5080
0.3915
0.2585
0.0835
0.0865
1.1097
0.5779
0.6656
0.5558
0.6906
0.4486
0.1425
0.4927
0.3110
0.0644
0.2365
0.2813
0.4488
0.5942
0.3630
1.5164
0.6894
0.5693
0.4889
0.5711
0.9271
0.5950
1.0801
0.8184
0.8977
0.7266
0.8977
0.7918
0.9775
0.3932
0.5468
0.1491
0.4715
0.6585
0.2991
0.2711
0.4142
0.6152
0.3286
0.6123
0.1198
-0.0444
-0.1939
0.1547
-0.4867
-0.0096
-0.4840
-0.3497
-0.1660
0.2630
0.1557
0.7844
0.8434
0.4786
0.2622
0.2223
0.4098
0.4962
0.4310
0.5336
1.2183
0.5053
1.1818
0.7757
0.6951
0.8313
1.1836
0.5633
0.8467
0.5738
-0.0625
0.5861
0.3838
0.9796
0.9121
0.8971
1.2221
1.0987
1.2569
1.1081
1.1789
0.7803
0.4931
0.9593
0.9112
0.4221
0.3953
0.4338
0.8106
0.4493
0.4752
0.1770
0.9890
0.2509
0.6967
0.9835
1.0258
0.4992
0.1823
-0.0670
0.2983
1.3129
0.6648
0.7163
0.9837
0.5722
0.2368
0.9287
0.4843
0.6689
0.6350
0.7528
0.9054
0.4008
0.9805
0.2990
0.6921
0.8299
0.4971
0.1107
0.3318
0.1497
0.0588
0.1294
0.3671
0.5589
0.3584
0.2985
0.3787
0.1634
0.4401
0.0822
0.4784
0.5461
-0.1190
-0.2159
0.3215
-0.0804
-0.3081
-0.0603
-0.0288
0.1650
-0.2627
-0.0464
-0.4615
0.2092
-0.1764
-0.0750
-0.1294
0.4668
0.1093
-0.4579
0.3020
-0.3213
0.1308
-0.6339
-0.2781
0.2379
-0.0538
0.0797
-0.3089
0.0792
-0.6973
-0.4280
0.2476
-0.5751
-0.1558
-0.4127
-0.1760
-0.2050
-0.2081
0.2638
0.6706
0.0105
0.2473
-0.3574
0.4591
-0.2459
0.1797
0.2970
0.8651
0.1906
-0.0732
-0.0852
0.1415
-0.2435
0.1751
-0.3441
0.3456
0.0617
-0.2781
0.0145
-0.0519
0.2081
0.1350
-0.3288
-0.5292
-0.2027
-0.4005
-0.1386
0.0328
0.0300
-0.1741
-0.0666
-0.3280
-0.1777
-0.2085
0.4169
0.1342
-0.0770
0.0020
-0.0656
-0.3903
-0.3366
0.0818
-0.4431
-0.0563
-0.2324
-0.1807
0.2019
-0.3747
-0.4847
-0.5050
-0.1663
-0.0380
0.2713
-0.1145
-0.3288
0.1020
-0.0391
0.1160
-0.1062
0.2754
0.0868
-0.2682
-0.1576
-0.1048
-0.1733
-0.1869
-0.0192
-0.0032
-0.4190
0.4787
-0.4524
-0.3969
0.0964
-0.3836
-0.1232
-0.0774
-0.0043
0.1001
0.1487
0.1198
-0.3415
-0.3000
-0.2233
-0.0282
0.1517
0.5253
0.1414
0.1601
0.1039
0.0081
-0.4966
-0.0291
-0.3796
-0.2837
0.3586
-0.0571
-0.2226
-0.3133
-0.1764
-0.2176
-0.1164
-0.2742
-0.5930
-0.4834
-0.5163
-0.3533
0.4015
-0.1695
-0.0376
-0.3853
-0.5315
-0.4120
-0.6932
-0.6776
-0.5440
-0.7934
-0.7351
-0.7540
-0.6093
-0.9485
-0.8827
-0.7556
-0.9423
-0.8596
-0.7070
-0.9556
-0.9757
-0.5163
-0.6468
-0.7641
-0.8794
-0.9141
-0.7035
-0.8805
-1.0119
-0.6998
-0.7390
-0.9648
-0.4802
-0.7740
-0.2809
-0.7388
-0.8279
-0.4326
-0.3224
-0.5774
0.0430
-0.4973
-0.7153
-0.2370
-0.8564
-0.1454
-0.8495
-0.2229
-0.6955
-0.4197
-0.1229
-0.2155
-0.6369
-0.9111
-0.9125
-0.5793
-0.5400
-0.5758
-0.3843
-0.2240
-0.7713
-0.4024
-0.7399
-0.5793
-0.3173
-0.1395
-0.5480
-0.4118
-0.7233
-0.3566
-0.2803
-0.2455
-0.1291
-0.4233
-0.1042
0.0861
-0.2381
0.1132
-0.3615
-0.0309
-0.0543
-0.0823
-0.1097
0.0969
-0.1491
-0.1023
-0.3465
-0.0024
-0.5331
-0.4664
-0.1279
-0.3628
-0.3265
-0.0678
0.0847
0.4261
-0.0276
-0.0727
-0.2035
-0.1101
-0.0455
0.5671
0.2858
0.4787
0.4815
0.2120
-0.1762
-0.3340
-0.3212
-0.5644
-0.7497
-0.7630
-0.8979
-0.2223
-0.7909
-0.7584
-0.1797
-0.8334
-0.2843
-0.7433
-0.6277
-0.7589
-0.1584
-0.7032
-0.5132
-0.6592
-0.2168
-0.5285
-0.3140
-0.2685
0.3159
-0.0001
-0.5700
-0.5539
-0.6048
-0.3860
0.0264
-0.4121
-0.3491
-0.2566
-0.3921
0.0321
-0.0615
0.3228
-0.0281
0.4083
0.0809
0.6462
0.2278
0.0854
-0.0632
0.1179
0.5345
0.3125
0.0004
0.0301
-0.1890
0.0509
-0.3126
-0.4154
-0.1724
0.0450
-0.1672
-0.2792
0.1208
0.3352
0.1972
0.0032
0.0615
0.3563
0.4952
0.7659
-0.0053
0.0278
-0.0984
-0.1523
-0.0421
0.4010
0.6568
0.5378
0.6470
0.6311
0.1052
0.5963
0.4085
0.6161
0.6166
0.5456
0.5825
0.3537
0.0841
0.1722
-0.0862
0.4090
0.3954
0.5918
0.5745
0.3713
0.5539
0.4652
-0.1018
0.0023
0.6799
0.6025
1.5166
0.5797
1.2159
0.5013
0.5874
0.4977
-0.0595
0.1115
0.3136
0.3560
0.1743
0.2436
0.3041
0.7047
0.3490
1.1097
0.5462
1.1023
0.6389
1.0496
1.0755
0.4956
0.6991
0.0797
0.1392
0.3040
0.2035
0.4545
0.3080
0.6071
0.7453
0.9010
0.7228
0.5577
0.3486
0.2562
0.4232
1.2617
0.5353
0.6628
1.2226
0.8237
0.6656
1.0085
1.0866
0.6901
0.5395
0.2059
0.6746
0.4726
0.6508
0.3425
0.2275
0.4903
0.3591
0.0015
0.1970
-0.2021
0.0988
0.4246
0.3094
0.4223
0.3457
-0.3177
-0.0830
0.1421
-0.1426
0.4054
0.3651
0.7068
0.9488
0.6741
0.5099
0.1282
0.0880
0.5019
0.5421
0.3999
0.2006
-0.0123
0.0525
0.3367
0.2523
0.2451
0.4783
0.4638
1.0541
0.7005
0.5349
0.3943
0.3839
0.9176
0.2360
0.3724
-0.0895
-0.1791
0.2058
0.3934
-0.4129
0.4618
0.0621
0.0031
0.7166
0.5737
0.3798
0.4815
0.3055
0.5583
0.2456
0.5048
0.2391
0.5705
0.4669
0.5114
0.5917
0.0054
0.2893
-0.0960
0.1384
-0.4759
-0.3963
-0.1545
0.3799
0.5086
0.5598
0.4407
0.6204
0.1827
0.0772
-0.0561
0.1284
0.2166
0.2370
-0.3606
0.0693
-0.4550
0.3925
0.0253
-0.1629
-0.1628
-0.0328
-0.2328
-0.2839
0.0417
-0.3069
0.5542
-0.1075
-0.2671
0.3608
-0.3847
-0.1208
-0.5751
-0.3263
-0.0983
-0.0802
0.3841
-0.0142
-0.0217
-0.2565
-0.4685
-0.2248
-0.8137
-0.3581
-0.6533
-0.0239
-0.1488
-0.4318
-0.2932
-0.2643
-0.7861
-0.3945
0.0216
-0.3369
-0.3078
-0.1858
-0.1369
-0.7471
-0.4365
-0.6540
-0.5086
-0.4586
-0.3965
-0.2245
-0.1316
-0.2858
-0.4171
-0.2984
-0.3609
-0.3896
-0.2192
-0.3273
-0.1924
0.0880
-0.0869
-0.0250
0.3102
0.2018
0.4045
-0.2190
0.0702
-0.2481
-0.5785
-0.6129
-0.7718
-0.8769
-0.7527
-0.4924
-0.4958
-0.6240
-0.7723
-0.1897
-0.3423
-0.5105
-0.3107
-0.3663
-0.0231
-0.2002
-0.0862
0.3682
-0.4952
-0.3162
-0.8178
-0.4804
-0.0160
-0.3080
-0.2049
-0.6078
-0.3251
-0.4851
0.3960
-0.3650
-0.2856
-0.2668
-0.1875
-0.6040
0.1463
0.0110
0.5788
-0.3346
-0.5960
-0.1789
-0.1409
-0.1250
-0.1938
-0.2459
-0.3140
-0.3691
-0.2533
-0.1559
-0.3016
-0.0958
-0.3024
-0.2057
0.1449
-0.2724
-0.4817
-0.4239
0.0842
-0.4569
-0.2386
-0.1743
-0.4678
-0.2887
-0.6502
-0.6505
-0.4311
-0.4253
-0.0567
-0.4091
0.1207
-0.4029
-0.3146
-0.2820
-0.4601
-0.3914
-0.5517
-0.3370
-0.3578
-0.8161
-0.7696
-0.4370
-0.2924
0.0395
-0.5793
-0.5404
-0.6973
-0.7025
-0.3725
-0.1772
-0.4606
0.0022
-0.2616
-0.3229
-0.2590
-0.0504
0.0882
0.7579
0.3071
0.3860
0.6218
0.2300
0.3322
0.7225
-0.0897
0.1567
0.1356
0.2680
-0.0497
0.4714
-0.5124
-0.2214
-0.1200
-0.0721
-0.2865
0.3655
-0.1553
-0.2157
-0.1717
-0.2039
-0.3438
-0.4049
-0.2914
-0.1084
-0.0266
-0.3874
-0.3372
-0.0720
-0.1479
0.0045
0.1323
0.4633
0.2967
-0.2409
-0.6985
-0.9432
-0.8987
-0.7088
-0.8333
-0.7036
-0.5617
-0.7386
-0.0908
-0.2728
-0.3293
0.0967
-0.6611
-0.7896
-0.3514
-0.4168
-0.1741
-0.8032
-0.4278
-0.7673
-0.6960
-1.0006
-0.6946
-0.3455
-0.3320
0.0739
-0.1031
-0.1564
-0.1880
0.0796
-0.6189
-0.5550
-0.4329
0.2004
0.2057
0.0545
-0.0644
-0.5627
-0.3608
-0.7997
-0.4654
-0.7261
-0.2262
-0.4610
-0.2674
-0.2547
-0.6017
-0.2909
0.0900
0.0159
-0.1438
-0.4985
-0.4868
-0.0388
0.7767
0.1702
0.2827
0.3733
0.5134
0.1447
-0.1833
-0.1969
0.0429
-0.1636
-0.1273
0.2653
0.3915
1.1945
0.8414
0.7386
0.2984
0.1787
-0.2891
-0.1644
-0.0829
0.2236
0.1112
0.7057
0.8821
0.6741
0.4456
0.3610
0.1009
0.2343
0.3791
0.2796
0.1201
-0.1140
-0.2164
0.1286
0.5518
0.2692
-0.4063
0.1783
-0.2164
-0.4239
-0.0647
-0.3243
0.4596
0.4124
0.2005
0.1388
0.2773
0.4033
-0.0010
-0.3170
0.0148
0.0068
-0.1294
-0.3147
-0.2352
-0.2537
-0.0733
-0.0166
-0.2077
-0.0366
-0.3433
-0.5618
-0.7706
-0.5278
-0.2353
-0.2034
-0.1103
-0.5955
0.0362
-0.6776
-0.3467
-0.7075
-0.3085
-0.2973
-0.2358
-0.0999
-0.3345
-0.0087
-0.1217
0.1009
-0.3927
-0.5525
0.0048
-0.4249
0.0549
0.0148
-0.1906
-0.2124
-0.5156
-0.2825
-0.6063
-0.6055
-0.3560
-0.6187
-0.1683
-0.2249
0.1175
0.0538
-0.3320
-0.2501
-0.3311
-0.3360
-0.8880
-0.9078
-0.1456
-0.6769
-0.7467
-0.1886
-0.3768
0.0053
-0.3991
-0.3095
0.5113
-0.1608
0.1248
0.6984
0.0207
0.0553
-0.6078
0.2342
-0.5379
-0.6029
-0.4410
-0.6916
-0.6889
-0.6522
-0.4885
0.0727
-0.5556
-0.2060
-0.5863
0.0076
-0.3615
-0.3166
-0.1790
-0.4718
0.2387
-0.4426
-0.2972
-0.7147
-0.5312
-0.4127
-0.1913
-0.0260
0.5414
0.6099
0.1234
0.1338
0.1500
0.3398
-0.1470
0.5437
0.2423
0.7432
0.6380
0.7160
-0.0685
0.0131
0.0840
0.0509
0.2909
0.7875
0.2570
0.8421
0.6729
0.6074
0.0332
0.5075
0.2333
0.1219
0.4194
0.2601
0.3396
0.3186
0.5906
0.3801
0.6959
0.5145
0.4605
0.9897
0.0501
0.2406
0.4133
0.4110
0.9068
0.2768
0.8805
0.5631
0.6973
0.2365
0.2171
0.4233
0.4164
0.2980
0.9612
0.3594
0.7419
0.6667
0.5724
0.9676
0.7262
0.7960
0.5864
0.3466
0.5113
-0.1779
0.6398
0.4742
0.2985
-0.1328
0.3409
0.2972
0.2817
-0.3376
0.0191
-0.0406
-0.0098
0.2032
-0.1404
0.0337
-0.6280
-0.4132
-0.1672
0.1619
0.2224
0.4169
-0.2629
-0.3089
-0.1980
-0.4701
-0.5897
-0.0152
-0.2064
-0.0132
-0.6113
-0.4867
-0.5982
-0.7498
-0.1739
-0.7396
-0.3199
-0.8642
-0.6545
-0.9784
-0.7903
-0.4375
-0.3218
-0.5521
-0.8700
-0.7535
-0.5765
-0.7325
-0.5875
-0.6016
-0.7875
-0.6998
-0.4252
-0.6010
-0.9140
-0.3180
-0.1127
-0.3165
-0.1932
0.3345
-0.0706
-0.5758
-0.4842
-0.6132
-0.2451
-0.7917
-0.5507
-0.3585
-0.1995
-0.4461
-0.0587
-0.2175
-0.3827
-0.4612
-0.6096
-0.9239
-0.6696
-0.6103
-0.0466
-0.2811
-0.3579
0.0669
-0.4340
-0.1879
-0.1621
0.2038
-0.1596
0.3502
0.0469
-0.4771
-0.2968
-0.1107
-0.6678
-0.2183
-0.7070
-0.3983
-0.6997
-0.1843
-0.6523
-0.3466
0.2062
-0.1594
0.1877
-0.0570
-0.0972
0.2360
0.3559
0.4035
-0.3068
-0.0377
-0.4076
0.0340
-0.5084
0.2094
-0.0636
0.7232
-0.2227
0.9663
0.2438
0.3753
-0.2964
-0.5874
-0.3450
-0.6420
-0.4575
-0.5779
-0.7345
-0.9994
-0.8479
-0.8434
-0.1498
-0.5896
-0.1025
-0.2019
-0.1114
0.0263
-0.0217
0.1023
-0.3182
-0.3416
-0.2879
-0.5711
-0.1698
-0.6660
-0.5935
-0.2778
0.3535
0.5509
0.0459
0.0026
-0.4694
0.0232
0.1075
-0.0211
0.0437
-0.3872
0.1237
-0.4579
0.2987
-0.1770
0.2874
-0.6473
-0.3980
-0.7774
-0.5413
-0.4392
0.1099
-0.1866
0.2967
-0.2088
-0.2325
-0.0109
-0.1019
-0.5960
-0.0146
-0.0111
-0.4222
-0.2567
-0.2735
-0.3746
-0.3105
-0.2437
-0.1316
-0.2035
-0.6430
-0.5961
-0.3406
-0.3036
-0.3643
-0.6342
-0.4550
-0.6750
-0.8275
-0.3543
-0.6535
-0.2074
-0.3438
-0.3102
-0.4241
-0.6407
-0.3360
-0.5685
-0.4472
-0.7527
-0.5897
-0.6080
-0.5088
-0.2325
-0.6877
-0.5746
0.0399
0.2046
-0.1678
-0.4735
-0.8518
-0.4785
-0.6925
-0.1683
-0.5345
-0.5634
-0.4060
-0.7470
-0.8120
-0.4886
-0.1983
-0.1159
-0.1891
0.1222
-0.4040
-0.3901
-0.3487
-0.8907
-0.6326
-1.0058
-0.8504
-0.6159
-0.7099
-0.7096
-0.7706
-0.9202
-0.3531
-0.6618
-0.6964
-0.6922
-0.5113
-0.1422
-0.7416
-0.3330
-0.4211
-0.1702
-0.2069
-0.3761
-0.1053
-0.5835
-0.4532
-0.0017
-0.2349
-0.3054
-0.4017
-0.1324
-0.0493
-0.4655
-0.3530
0.0371
-0.4305
-0.5376
-0.3661
-0.6556
-0.1518
-0.2499
-0.6928
-0.5706
-0.7089
-0.4888
-0.8745
-0.3902
-0.4519
-0.2526
-0.2075
-0.7234
-0.8370
-0.7273
-0.8001
-0.4109
-0.1104
-0.2362
-0.3875
-0.4069
-0.0851
-0.0724
-0.4876
-0.6965
0.0838
-0.0671
-0.0807
-0.1070
-0.4356
-0.5490
-0.8824
-0.7148
-0.4968
-0.8475
-0.7724
-0.7843
-0.3932
-0.2467
-0.2603
0.1390
-0.6364
-0.3502
-0.6557
-0.7445
-0.9621
-0.6051
-0.9761
-0.2577
-0.4818
-0.9343
-0.5804
-0.1260
0.0213
0.1408
0.0966
-0.2968
-0.4078
-0.8138
-0.7102
-0.4020
-0.7036
-0.0306
-0.2653
-0.7269
0.0691
-0.8148
-0.8872
-0.5074
-0.7334
-0.1221
-0.5703
-0.4330
-0.6170
-0.7649
-0.5823
-0.1763
-0.4422
-0.4554
0.1108
-0.3359
-0.3101
-0.6794
0.1632
-0.1919
-0.1029
-0.2849
-0.3192
-0.6868
-0.4619
-0.3640
-0.0875
-0.2016
0.1091
-0.0497
0.0360
-0.0971
-0.4984
-0.5619
-0.8307
-0.0263
-0.7938
-0.2872
-0.5901
-0.8630
-0.1752
-0.7014
-0.1194
0.2044
-0.0673
0.0164
-0.8231
-0.7210
-0.4789
-0.2313
-0.2338
-0.3737
0.1533
-0.7743
0.0497
-0.5846
-0.5829
-0.9721
-0.6999
-0.4905
-0.4971
-0.5527
-0.1852
-0.6346
-0.4738
-0.4875
-0.6337
-0.0347
-0.4658
-0.3413
-0.2959
-0.4479
0.1096
-0.5280
-0.3181
-0.5704
-0.5950
-0.4551
-0.1289
0.4244
-0.1972
-0.0142
-0.5458
-0.3128
0.1130
-0.3022
0.3066
-0.5030
-0.0124
-0.3446
-0.0774
-0.0152
-0.0725
-0.1578
-0.0048
-0.2977
-0.2729
0.5311
-0.0396
-0.1767
-0.2468
0.2645
-0.1101
-0.2404
-0.3088
-0.5187
-0.2771
-0.2212
-0.0330
-0.7371
0.0801
-0.2629
-0.1612
-0.1103
-0.2080
0.3042
-0.1461
-0.3425
-0.2260
-0.2845
0.3118
-0.2982
-0.2102
-0.1259
0.3850
-0.2633
0.4838
-0.0323
-0.0847
-0.0827
-0.0213
0.0153
0.3363
0.6922
0.8465
0.4309
0.3344
0.6625
0.7361
0.5742
1.8080
0.9426
0.9596
1.3762
1.0644
0.8774
1.2594
1.0703
1.5116
1.2638
1.3402
1.3211
0.5668
1.0528
1.0884
1.2297
0.7420
0.6282
0.6268
-0.0359
0.1992
0.7559
0.5023
0.4146
0.2408
0.7097
0.0037
0.4680
0.1885
-0.1425
-0.3797
-0.0939
0.0697
-0.1507
0.0311
-0.0557
-0.1222
-0.5141
-0.1328
-0.4984
-0.2199
-0.4345
-0.7468
-0.6975
-0.8339
-0.7889
-0.8108
-0.6661
-0.0257
-0.5722
0.0288
-0.7357
-0.4260
-0.2814
-0.3833
-0.3364
-0.1006
-0.2156
-0.3145
0.1798
-0.5353
0.0548
-0.4251
-0.6647
-0.4202
-0.4229
-0.4114
-0.1286
0.1515
-0.3994
-0.4668
0.0603
-0.1373
-0.1359
0.1052
-0.2262
-0.2624
-0.2840
-0.2081
0.1758
-0.4539
-0.1987
-0.1528
-0.2447
-0.3621
-0.2970
-0.0360
-0.3320
-0.7756
-0.5502
-0.7885
-0.5386
-0.2852
-0.7776
-0.2162
-0.4197
-0.5144
-0.7719
-0.6847
-0.4002
-0.3149
-0.4159
-0.5287
-0.0481
-0.6081
-0.2415
-0.3623
-0.2555
-0.7854
-0.5829
-0.6886
-0.2939
-0.4541
-0.8789
-0.6490
-0.0103
-0.7851
-0.7708
-0.6929
-0.5450
-0.3902
-0.6098
-0.7353
-0.7515
-0.6255
-0.6562
-0.6531
-0.4731
-0.9231
-0.5176
-0.6290
-0.8802
-0.8549
-0.5747
-0.2156
-0.6438
-0.5690
-0.6012
-0.8612
-0.3563
-0.9489
-0.9309
-0.9329
-0.2867
-0.3672
-0.4449
-0.1610
0.0169
0.1494
-0.1955
-0.2004
-0.4655
-0.1294
-0.4557
-0.5055
-0.7869
-0.5924
-0.3209
-0.4712
-0.5284
-0.5058
-0.4534
-0.0461
-0.1573
-0.4010
-0.1693
-0.1414
-0.2652
-0.4043
-0.3498
-0.3853
-0.4527
-0.2102
-0.2360
-0.4216
-0.5851
-0.3560
-0.7389
-0.5909
-0.6631
-0.4193
-0.2393
-0.0615
-0.4773
-0.6264
-0.5330
-0.5500
-0.7070
-0.1163
-0.2051
-0.0453
0.4409
-0.4545
-0.0332
-0.3957
0.0749
0.0863
0.2725
0.0784
-0.3429
0.0494
-0.2659
-0.5036
-0.4380
-0.5775
-0.0045
-0.0674
-0.2243
-0.0155
-0.1391
0.2635
-0.1227
-0.1218
-0.0224
0.1514
-0.2324
-0.1959
0.0541
-0.1244
-0.0996
-0.1712
0.2891
-0.0460
0.2648
0.3434
-0.2670
-0.0425
0.1002
-0.2787
-0.0524
-0.1659
-0.2846
0.2637
-0.3372
-0.3137
-0.2103
-0.1014
0.0539
-0.2351
0.1268
0.2016
0.1131
0.1276
0.2521
0.6915
-0.1055
0.4707
0.3354
0.4017
0.4769
0.2030
0.3879
0.1508
0.3973
0.2438
0.9772
0.4703
0.4417
0.0057
0.5758
0.2432
0.2449
0.2387
0.3616
0.2293
0.1595
0.4131
0.4322
-0.0958
0.4083
-0.2073
-0.1463
-0.2181
0.0479
0.1162
-0.0676
0.1153
0.2135
0.4209
0.2543
0.2065
-0.2177
-0.5086
-0.6034
-0.3421
-0.3985
-0.3612
-0.2514
0.4993
0.0669
-0.1313
-0.0400
-0.2209
-0.1384
-0.2126
-0.4006
-0.3948
-0.2964
0.0377
-0.6018
-0.5462
-0.7916
-0.7558
-0.5082
-0.3706
0.0115
-0.4804
-0.2395
-0.2829
-0.3637
-0.3313
-0.4528
-0.6257
-0.5747
-0.7365
-0.4929
-0.4588
-0.5991
-0.7891
-0.8130
-0.7253
-0.6374
-0.9699
-0.8485
-0.5566
-0.8128
-0.8970
-0.8852
-0.9941
-0.8472
-0.0364
-0.6876
-0.8416
-0.8674
-0.9783
-1.0085
-0.7850
-0.2560
-0.6154
-0.3923
-0.1524
-0.0530
-0.8254
-0.7108
-0.6487
-0.5865
-0.6889
-0.5716
-0.6076
-0.5679
-0.7383
-0.1397
-0.4184
-0.1929
-0.2895
-0.5523
-0.8787
-0.7443
-0.7772
-0.8717
-0.7347
-0.8910
-0.5926
-0.6984
-0.9516
-0.2791
-0.8432
-0.7062
-0.6664
-0.4496
-0.7686
-0.2400
-0.6879
-0.8065
-0.3379
-0.5199
-0.4645
-0.6730
-0.2919
-0.5973
-0.1978
-0.6601
-0.3541
-0.6588
-0.6323
-0.6354
-0.6602
-0.5224
-0.8779
-0.3206
-0.8328
-0.8934
-0.6777
-0.4479
-0.5945
-0.8352
-0.8972
-0.7556
-0.8990
-0.4297
-0.5410
-0.6493
-0.5295
-0.4680
-0.3785
-0.2480
-0.6140
-0.2381
-0.3623
-0.5696
-0.1563
-0.1253
-0.4388
-0.7317
-0.9179
-0.8542
-0.9275
-0.7994
-0.8127
-0.5760
0.1080
-0.1878
0.0586
0.2476
0.1384
0.0437
0.3546
0.1666
-0.4181
-0.4763
0.0687
0.2421
-0.3463
-0.1775
-0.0019
0.2293
-0.2016
-0.0969
-0.1863
0.2018
-0.1485
-0.0602
-0.2165
-0.0327
-0.2394
-0.0781
0.0390
0.2393
0.4839
1.3677
0.9865
0.6183
0.4381
0.5853
0.9444
1.0533
0.5314
0.5833
0.4358
0.3439
0.3172
0.4234
0.4022
0.0785
0.4398
0.2486
0.7925
0.2759
0.4927
0.3535
0.3831
0.6833
-0.0143
0.3706
0.2958
0.0297
0.0544
0.0906
0.0190
-0.2723
-0.3114
-0.6396
-0.2898
-0.5346
-0.6665
-0.6879
-0.3816
-0.6521
-0.8649
-0.8821
-0.4235
-0.3913
-0.4527
-0.3951
0.1423
-0.3905
-0.5371
-0.7521
-0.7838
-0.5452
-0.7021
-0.7230
-0.7209
-0.2728
-0.5109
-0.7102
-0.6121
-0.7847
-0.5466
-0.9652
-0.8292
-0.7544
-0.9736
-0.9859
-0.8311
-0.6889
-0.5465
-0.6136
-0.6565
-0.6235
-0.6340
-0.6692
-0.7801
-0.7192
-0.6821
-0.7640
-0.5117
-0.8423
-0.6822
-0.5976
-0.7249
-0.1100
-0.0349
-0.4588
-0.2396
-0.5262
-0.8456
-0.9034
-0.7507
-0.8090
-0.2479
-0.8077
-0.4134
-0.6144
-0.5786
-0.9266
-0.2819
-0.8048
-0.2151
0.1768
-0.8995
-0.1188
-0.6941
-0.1980
-0.5040
-0.3377
-0.4152
-0.7496
-0.9977
-0.9128
-0.9546
-0.3927
-0.6098
-0.4977
-0.1739
-0.4215
0.3107
-0.3971
-0.1813
-0.0323
-0.0864
-0.3005
-0.7284
-0.6224
-0.4774
-0.5115
0.0848
-0.1712
0.0326
-0.0472
0.1403
0.4846
0.2570
-0.0414
-0.0367
-0.2124
-0.0989
-0.4328
-0.3494
0.2156
-0.4016
-0.1214
0.4550
0.2877
0.1446
-0.1158
-0.0920
-0.4296
-0.1341
0.0770
0.0355
0.3686
0.0766
0.2300
0.0245
0.0600
0.1790
0.2448
0.0726
0.4715
-0.0504
0.0885
0.4629
0.0482
-0.0154
-0.1875
-0.1124
-0.1873
-0.1485
0.2340
0.2429
0.2331
0.0981
-0.2363
0.0025
-0.0201
0.1650
0.0211
0.0653
0.2578
-0.0918
-0.0642
0.0732
-0.2559
-0.4816
-0.5417
0.1597
-0.2901
-0.3022
-0.6445
0.0768
-0.2870
0.8426
0.3137
0.1537
-0.1069
0.2036
-0.1165
-0.0033
-0.1927
-0.0564
-0.0655
0.0803
0.2551
0.2250
-0.1251
-0.1020
-0.2313
-0.2854
0.5470
0.0621
0.1873
0.2351
-0.0578
0.0152
-0.1039
0.0976
0.1564
-0.1401
-0.2179
0.1180
0.0963
0.2885
0.1106
-0.2005
0.3478
0.0487
0.3006
0.2802
0.7221
0.4844
0.6810
0.2892
0.1241
-0.0112
0.1493
-0.1201
-0.1854
0.0649
-0.1916
-0.0355
-0.2237
0.2408
-0.3541
-0.2802
-0.0084
-0.4394
-0.5726
-0.5676
-0.4366
-0.1060
-0.6045
-0.6422
-0.7255
-0.7453
-0.7587
-0.8601
-0.5928
-0.8630
-0.7894
-0.8028
-1.0081
-0.6214
-0.5884
-0.9830
-0.7893
-0.7397
-0.8067
-0.5609
-0.4332
-0.6251
-0.4602
-0.8012
-0.5460
-0.9532
-0.7551
-0.5608
-0.6633
-0.5080
-0.2024
-0.4666
-0.2618
-0.2894
-0.4728
-0.5573
-0.5078
-0.5513
-0.6350
-0.8224
-0.9453
-0.7368
-0.4375
-0.8179
-0.9605
-0.2420
-0.9028
-0.6037
-0.7956
-0.4796
-0.6997
-0.6340
-0.7345
-0.4884
-0.6207
-0.3203
-0.7720
-0.4681
-0.7525
-0.5781
-0.4068
-0.3692
-0.4673
-0.2960
-0.2896
-0.3837
-0.6196
-0.4669
-0.3459
-0.3477
-0.3925
-0.5196
-0.6325
-0.5734
-0.1281
-0.5030
-0.4587
-0.1594
-0.4622
-0.2189
-0.5707
-0.4906
-0.4185
0.3568
-0.1123
0.4403
-0.1564
0.1480
0.4697
-0.1969
-0.2441
-0.3528
-0.2501
0.1228
-0.1573
-0.3777
-0.3800
0.0666
-0.1936
-0.2454
-0.2519
0.5283
0.1947
0.1337
0.1132
0.5588
0.3221
0.0287
-0.0976
0.0218
-0.0836
-0.2143
-0.1584
-0.0661
-0.0558
0.0874
-0.0781
-0.0235
0.0261
-0.0608
0.1994
-0.0262
-0.2878
-0.1674
-0.4656
-0.0975
-0.1568
0.0660
-0.0203
0.4260
-0.0709
0.3432
0.4567
0.0268
0.1049
0.0170
0.0242
0.1287
0.7194
0.0151
0.2881
0.2449
-0.0212
-0.1575
-0.0384
-0.0169
0.1584
0.3863
0.5828
0.2729
-0.0156
-0.0299
-0.2096
-0.0265
-0.2111
-0.1622
-0.2354
-0.7913
-0.8271
-0.7122
-0.6508
-0.7984
-0.9034
-0.8570
-0.6959
-0.5613
-0.3657
-0.0258
-0.4001
-0.3676
-0.0902
-0.6929
-0.7903
-0.3258
-0.7430
-0.6557
-0.0312
-0.7902
-0.8219
-0.8057
-0.7322
-0.6031
-0.5834
-0.7050
-0.5488
-0.8750
-0.4991
-0.2079
-0.4939
-0.9468
-0.4482
-0.6611
-0.8132
-0.7407
-0.2811
-0.8707
-0.6126
-0.1854
-0.5393
-0.4876
-0.6143
-0.7644
-0.7093
-0.8314
-0.8267
-0.4683
-0.9532
-0.5456
-0.7058
-0.7705
-0.3726
-0.8606
-0.8543
-0.8465
-0.4134
-0.5481
-0.4192
-0.7450
-0.9112
-0.9491
-0.7606
-0.6410
-0.6421
-0.6621
-0.8565
-0.8765
-0.5408
-0.6245
-0.9667
-0.4160
-0.8477
-0.6159
-0.6173
-0.6701
-0.4069
-0.7445
-0.3472
-0.5375
-0.9056
-0.6827
-0.5835
-0.7749
-0.3115
-0.2643
-0.3723
-0.8015
-0.5194
-0.5916
-0.8454
-0.5098
-0.0786
-0.3532
-0.8860
-0.4175
-0.7567
-0.3865
-0.7686
-0.7206
-0.7511
-0.1191
-0.3233
0.5317
0.2074
-0.6220
-0.2996
-0.3060
0.2987
0.3432
0.3643
1.1070
0.4624
0.0357
-0.0220
-0.1521
0.0657
0.0033
0.0908
0.0881
-0.0808
-0.0042
-0.1777
0.3585
0.5211
0.3670
0.2559
0.1143
0.0124
0.2180
0.0784
0.3324
0.3987
1.5642
0.7825
0.8197
0.0245
-0.1669
0.4037
0.1189
0.5156
0.8820
1.0341
0.4883
1.0658
0.4865
0.6063
0.3586
1.0634
0.8384
1.0057
0.7591
0.9738
0.5526
0.4890
0.3460
0.1800
0.2255
0.1304
0.0558
-0.0864
0.3363
1.0725
1.1899
0.7262
0.2621
0.7772
0.1572
0.5808
0.3558
0.8894
1.1628
1.0459
0.5041
0.1511
0.2082
0.6724
0.3442
0.4929
0.5142
0.8144
0.6893
1.3763
0.7474
0.8613
0.6449
0.4225
0.7000
0.9590
0.4364
0.3804
0.5706
1.0193
0.6281
0.7055
0.1079
0.2372
0.1028
0.2668
0.5894
0.5319
0.8833
0.4656
0.0179
0.0055
0.0793
0.2892
0.3475
0.3883
0.0431
-0.0218
-0.1390
0.4614
0.0720
0.3469
-0.0783
0.1888
-0.3401
-0.3260
-0.0775
-0.2655
0.0490
-0.3130
-0.1394
-0.4818
-0.4932
-0.1362
-0.0845
-0.1080
0.0382
0.5095
0.0439
0.2231
-0.2124
0.3722
0.1029
-0.2456
-0.2760
0.0572
-0.3323
-0.0626
0.2083
-0.5384
-0.2402
-0.1562
0.1524
-0.0601
-0.0803
-0.3043
-0.1822
-0.1496
-0.0352
0.1570
-0.4802
-0.2853
-0.5859
-0.4083
-0.4170
-0.4218
-0.0276
-0.4563
-0.0401
-0.3455
-0.7008
-0.5703
-0.5535
-0.7244
-0.6370
-0.7501
-0.6929
-0.7861
-0.8741
-0.5623
-0.6288
-0.4293
-0.1995
-0.5151
-0.5955
-0.6925
-0.8827
-0.3672
-0.3428
-0.4133
-0.0740
-0.8122
-0.3839
-0.4583
-0.8255
-0.9168
