2.13297555
1.91163875
2.08325474
2.30912703
2.37574874
2.55918586
2.71051425
2.88922539
3.11183073
3.19825700
3.39952660
3.62968381
4.08995253
4.26645831
4.38045359
4.47893750
4.88388619
5.12015984
5.30089798
5.48325264
5.69076071
5.90260215
6.11858447
6.33877353
6.57174502
6.80635054
7.04436049
7.47445805
7.58295398
7.81027842
7.56635292
7.90537360
8.94265787
8.72021757
8.99565819
9.16715231
9.33059337
10.13795809
10.32431013
9.86004456
9.81895922
9.97424759
10.11665224
10.26342622
10.37232870
10.52556888
11.16228356
11.24988467
11.37647312
10.87777924
11.01712558
11.14133901
11.28315489
11.42518738
11.56744469
11.65631178
11.77669327
11.88065743
12.00240016
12.11851378
12.24389765
12.38453610
12.52603525
12.65739267
12.80672218
12.98068753
13.13132334
13.29622409
13.45638880
13.61096309
13.76941726
13.89664292
14.04745662
14.18226278
13.51544327
