-0.7259
-0.4945
-0.3703
-0.4391
-0.4851
-0.5163
-0.4633
-0.5823
-0.3681
-0.4452
-0.3651
-0.4065
-0.4796
-0.5212
-0.5591
-0.6722
-0.2758
-0.3751
-0.5493
-0.1673
-0.3645
-0.1695
0.2375
-0.4144
0.0371
-0.1879
0.1258
0.9043
1.3509
1.3984
1.4928
1.2217
1.2583
1.6477
2.3731
2.4745
2.3233
2.9087
2.6505
2.7250
2.7516
2.5048
2.8463
2.7464
2.5321
2.6461
3.2220
3.3579
2.9226
3.1726
2.6095
2.9225
2.3415
2.1431
2.0936
1.1602
0.9397
0.7458
0.6369
0.6008
0.4700
0.3150
0.1757
0.2682
0.0416
0.0520
0.0295
0.0622
-0.0000
-0.0360
-0.0687
-0.1574
-0.1854
-0.0979
-0.3494
-0.3736
-0.3673
-0.1531
-0.1758
-0.1708
0.5711
0.4106
0.4824
1.0562
1.0722
1.0944
1.5445
1.3388
1.5584
1.9593
2.6026
2.2476
2.7853
1.4708
1.9684
1.3244
1.4041
1.4784
1.2511
1.6395
0.9601
1.7039
1.7853
0.6964
0.6140
0.8768
0.8626
0.6308
0.8452
0.9280
0.4731
0.6777
0.4410
0.4566
0.1407
0.3857
0.4007
0.5880
0.6867
0.0801
0.1830
-0.0438
0.3146
0.2139
0.4387
0.1981
0.4824
0.8546
0.9665
0.4418
-0.0078
0.5653
-0.2083
0.4921
0.7317
-0.1436
0.4322
0.9227
0.6519
0.8790
1.1400
0.9449
0.5482
0.6992
1.1847
1.1228
0.8304
0.2514
0.0424
-0.0430
-0.4295
-0.7238
-0.8320
-1.0167
-0.9091
-0.9624
-1.4391
-1.5746
-1.7846
-1.7652
-1.7925
-1.7440
-1.7282
-1.6591
-1.6044
-1.6142
-1.6191
-1.5086
-1.6637
-1.7465
-1.7288
-1.5842
-1.7879
-1.8475
-1.8858
-2.0056
-2.0552
-2.1088
-2.0877
-1.9503
-1.9501
-1.5397
-1.8363
-1.7599
-1.4860
-1.8397
-1.9575
-1.9942
-2.1903
-2.2502
-2.3937
-2.4044
-2.3913
-2.3628
-2.2728
-2.3048
-2.1062
-2.2925
-2.3006
-2.2675
-2.2785
-1.9894
-2.1154
-2.0019
-1.9989
-1.8844
-1.8530
-1.6918
-1.7102
-1.6730
-1.7213
-1.6315
-1.6752
-1.5520
-1.4611
-1.4406
-1.6123
-1.4641
-1.6862
-1.6747
-1.7581
-1.7486
-1.5459
-1.5680
-1.3847
-1.4843
-1.2125
-1.1389
-1.1636
-1.0775
-0.7345
-0.8204
-0.8680
-0.6681
-0.9738
-1.0291
-0.7330
-0.4666
-0.0092
0.3645
0.2368
0.5138
0.3519
1.4744
0.3786
0.5351
1.2896
1.3596
0.8012
0.9264
1.7030
0.9720
1.8475
1.4567
1.4604
1.5403
1.9902
1.3712
1.8116
1.9939
1.4807
1.5389
1.2769
1.5103
1.7075
1.6760
1.7019
1.5409
1.2490
1.6737
1.0161
1.0196
1.4185
0.6184
0.3926
0.8581
0.5511
1.0300
0.9002
1.1412
1.2860
0.9221
1.0752
1.6993
1.6723
1.0098
1.0284
0.8125
0.6385
0.4878
0.4073
0.4231
0.6557
0.4221
0.4687
0.5899
0.2583
0.3737
0.2781
0.3061
0.4306
0.1045
0.0697
0.0172
0.1383
0.3874
0.2687
0.2744
0.2998
0.4112
0.9840
0.8641
0.6730
0.8573
1.2279
0.6103
0.5380
0.5415
0.6946
0.4677
0.0198
0.0542
0.2029
-0.2246
-0.0924
-0.2286
-0.1273
-0.2554
0.0908
0.1551
0.4235
1.1008
0.7533
1.3000
0.6486
1.0875
0.6233
1.0572
1.0014
0.8752
0.5340
0.9319
0.8184
0.9847
0.1279
0.1289
0.1668
0.2119
0.6495
0.4507
0.5642
0.4115
0.8782
0.5735
0.8195
0.6353
0.8342
1.2480
0.5510
0.7328
1.3504
1.1339
1.7552
0.8399
1.0129
1.2232
0.6988
0.8505
1.0331
0.5762
0.4157
0.2879
0.3471
0.2033
0.4484
0.4782
0.7215
0.7523
0.7626
0.5364
0.8075
0.5608
0.9253
0.7663
1.6268
0.9660
1.0567
1.1836
0.5278
0.8708
0.1645
-0.0053
0.4328
0.4396
-0.0954
0.0114
-0.1933
-0.4481
-0.6320
-0.7499
-0.4979
-0.6068
-1.0961
-1.0688
-1.0452
-1.0430
-0.9141
-1.3516
-1.1128
-1.0242
-1.4666
-1.5393
-1.4051
-1.5941
-0.9748
-1.6384
-1.4340
-1.4205
-1.5355
-1.6177
-1.7866
-1.1050
-1.8795
-1.4085
-1.7898
-1.4882
-1.3814
-1.1592
-1.2284
-1.0097
-1.5863
-0.8997
-1.1239
-0.5720
-0.3858
-0.7805
-0.4315
-0.2229
-0.0631
-0.3206
0.3324
-0.7754
0.2492
-0.2982
0.1698
-0.4602
-0.1696
-0.5848
0.0701
-0.2585
-0.2512
-0.2427
-0.3375
-0.4287
-0.3176
-0.8587
-0.7911
-0.9499
-1.0382
-1.4373
-1.8233
-1.4716
-1.2285
-1.6333
-1.5491
-1.5671
-1.3712
-1.5865
-1.5930
-1.6622
-1.6126
-1.6883
-1.5197
-1.9034
-1.6897
-1.9148
-1.7935
-1.8383
-1.8155
-1.5949
-1.8205
-1.0962
-0.9993
-0.9169
-0.9054
-0.4989
-0.8439
-0.6154
0.1912
-0.2910
-0.9239
0.2451
-0.2827
0.1612
0.2716
0.0636
-0.0009
0.0084
0.0159
0.4794
-0.0013
0.0941
0.3354
-0.0061
0.3616
-0.0286
0.2912
0.0813
0.0824
0.1348
-0.1533
-0.3745
-0.5488
-0.8028
-1.0026
-1.0968
-0.8154
-1.0029
-0.6000
-0.8425
-0.7751
-0.2115
0.0144
-0.1464
0.0009
0.0201
0.4282
-0.2313
-0.2228
0.3734
0.4162
0.5073
0.4373
0.6503
0.4668
0.8569
1.0125
1.0661
0.9037
0.7925
0.7945
0.8627
0.8654
0.9763
0.8296
0.3829
0.3922
0.2675
0.3903
0.4512
0.4796
0.4333
0.3356
0.2758
0.6625
0.2634
0.3450
0.3341
0.3963
0.3612
0.4146
0.4432
0.5190
0.5352
0.5825
0.6391
0.5564
0.7540
0.4362
0.4304
0.4320
0.4518
0.4825
0.5396
0.5761
0.8292
0.6260
0.7154
0.6111
0.6488
0.4781
0.5576
0.4811
0.6070
0.5222
0.7540
0.4118
0.2973
0.1302
0.0026
-0.0991
-0.0919
-0.1139
-0.1631
-0.2479
-0.3595
-0.3049
0.0586
0.1036
-0.3357
-0.1487
0.1383
0.0703
0.3747
0.5075
0.1595
0.1227
-0.1735
0.4646
0.4646
0.1815
0.0228
-0.1184
0.0538
0.3439
-0.0434
0.1905
-0.0102
0.3120
0.3799
0.2178
0.1972
0.2950
0.1570
0.1448
0.0879
0.2283
-0.0037
0.5973
-0.1408
-0.1480
0.2491
0.3458
0.5953
0.2132
0.5634
0.1738
0.2880
0.6419
1.1534
0.8770
0.8650
0.4399
1.0326
1.4342
0.7936
1.9243
2.1147
4.1493
4.2077
5.3981
4.6418
4.7319
3.4469
4.4416
3.6091
4.0391
3.3988
4.3360
3.0003
3.0234
2.3123
1.4761
1.4715
1.3687
1.4723
1.5562
1.1349
0.6723
0.5609
0.4095
0.0118
0.4590
0.1366
0.8973
-0.2120
0.1498
-0.5114
-0.2898
-0.3162
-0.8096
-0.2402
-0.2556
-0.3088
-0.3756
-0.0357
-0.2875
-0.5578
-0.7877
-0.7869
0.0043
0.0135
-0.4559
-0.3962
-0.8117
-0.7633
-0.0310
-0.1317
-0.2581
-0.0164
-0.6104
-0.5871
-0.7043
-0.3859
-0.6668
-0.2685
0.0589
-0.5198
-0.5315
-0.5373
-0.6542
-0.8271
-0.4818
-0.6980
-0.6547
-0.5868
-0.6102
-0.6869
-0.6411
-0.6916
-0.4723
-0.7351
-0.7223
-0.6678
-0.3859
-0.6015
-0.5694
-0.6122
-0.6049
-0.4896
-0.5707
-0.3375
-0.4304
-0.3850
-0.5464
-0.1460
-0.0391
-0.3031
-0.5179
-0.3372
-0.3906
-0.2494
-0.2103
-0.1587
0.1252
-0.1167
-0.0592
-0.1031
0.2110
0.0039
0.0501
-0.0364
-0.0576
-0.1267
-0.0213
0.0241
0.1647
0.0858
0.0912
-0.0643
-0.0228
-0.0263
0.0422
0.0500
0.0857
0.1019
0.1406
0.2441
0.2318
0.2743
0.2382
0.2467
0.3073
0.3049
0.7335
0.3662
0.3833
0.4304
0.5153
0.5073
0.6044
0.5625
0.9028
0.6665
0.9346
0.8789
0.7992
0.8495
0.9107
0.9213
1.2906
1.1813
1.3624
1.2732
1.4536
1.2972
0.9935
1.2270
0.9094
0.9673
0.9752
1.1099
1.0635
0.9471
0.9332
1.0203
0.7262
0.8637
0.6851
0.7741
0.7844
0.8673
0.8218
1.0628
0.8667
0.8938
0.9919
1.2174
1.1739
1.1196
1.1495
1.2669
1.2292
1.0758
1.5502
1.5633
1.2505
1.1831
1.0707
1.2073
1.1373
0.8046
0.8770
1.1119
0.9527
1.1218
1.0145
1.0357
1.0048
0.6966
0.8897
1.0676
0.9121
0.6821
0.9365
1.5434
1.1425
1.2841
1.6898
1.2550
1.1342
1.3452
1.8575
1.3271
1.9190
1.3333
2.0043
2.7372
3.0493
2.5220
2.2046
2.4533
1.3441
1.5791
1.3803
1.5959
1.4501
1.7870
1.2608
1.5083
1.2415
1.3783
0.9551
1.3738
1.1567
0.8118
0.6900
0.8454
0.9050
0.9967
0.9562
0.9171
1.1128
1.0341
1.1397
1.4103
1.5184
1.4349
1.7140
2.0618
2.6422
2.3739
2.4559
2.1333
3.3836
2.2696
2.4896
2.3025
2.5524
2.2067
2.5804
1.7575
1.7043
1.3472
1.7367
1.8811
2.3612
2.1932
1.8549
1.9446
2.3844
2.1711
2.2855
2.1826
2.3568
2.3753
2.1553
2.0787
1.5038
1.1885
1.2367
1.8274
1.7215
2.2036
1.8178
2.6282
1.9365
2.3347
1.7936
2.0976
1.5323
1.8492
1.4527
1.8728
1.9722
1.2336
1.8456
1.0468
1.4198
0.3630
0.7537
0.4713
0.9144
1.6808
1.0803
0.9908
0.9040
1.2766
0.3597
0.6562
0.0837
0.1596
-0.1897
-0.0467
-0.2724
0.1495
-0.2384
-0.2061
-0.2977
-0.5261
-0.4162
-0.1589
-0.4118
-0.3460
-0.3048
-0.0868
-0.4182
-0.0357
-0.2352
-0.2020
-0.5545
-0.6308
-0.4123
-0.8077
-0.8805
-0.2864
-0.6921
-0.3375
-0.3992
-0.6515
-0.5477
-0.5371
-0.5619
-0.6324
-0.5383
-0.6454
-0.4056
-0.5357
-0.5352
-0.5203
-0.5106
-0.3214
-0.4805
-0.5018
-0.4426
-0.3933
-0.3496
-0.2871
-0.3448
-0.1130
-0.3346
-0.3118
-0.1057
-0.3342
-0.3202
-0.3480
-0.1622
-0.4456
-0.5139
-0.3072
-0.5744
-0.5474
-0.4061
-0.3585
-0.3985
-0.0496
-0.0691
0.0342
0.0172
0.2298
0.2331
0.0432
0.2335
0.4833
0.5063
0.4686
0.0588
0.7113
0.2115
0.2155
0.3393
0.4437
0.8304
0.9425
1.2674
0.5439
0.9069
0.6060
0.7136
0.8493
1.0094
0.8130
0.7221
0.8603
0.5468
0.6386
1.3033
1.1748
0.8231
0.6575
0.7570
0.8372
0.9061
0.8834
0.8317
0.8611
1.0057
0.8878
0.7925
0.7967
0.8654
0.7926
0.8058
0.6030
0.7547
0.5147
0.5071
0.5176
0.4291
0.3542
0.3114
0.3184
0.3291
0.4089
0.6397
0.4921
0.5288
0.5370
0.6059
0.5407
0.5077
0.3908
0.3992
0.4089
0.5397
0.7536
0.6616
0.8832
1.0152
0.7863
0.8052
0.7124
0.7672
1.0552
1.0500
0.8949
0.8784
0.8821
0.4588
0.6558
0.7543
0.8616
0.6965
0.7648
1.0190
0.9702
0.4773
0.6225
0.5087
1.4230
0.9940
0.9130
0.9010
0.6264
0.7827
0.4672
0.3328
0.1831
0.7353
0.0186
0.6323
0.7832
1.2247
1.6599
1.7084
1.1139
1.2353
1.2874
0.8634
1.3261
1.2082
1.4110
1.3640
1.3411
1.4832
1.5099
1.4398
1.7536
1.7696
1.9253
2.3765
2.3991
2.4700
2.0695
2.3126
2.1156
2.4842
2.7389
3.0657
2.7981
2.5683
2.7597
2.3203
2.2949
1.6092
1.2678
1.2878
1.3824
1.6700
1.5575
1.6664
2.0288
2.1982
1.8809
1.7437
1.6606
1.1418
0.9022
0.4999
0.4792
-0.0179
0.1339
-0.2081
-0.0164
-0.0031
-0.2129
0.1434
0.0824
-0.0565
-0.0274
-0.3920
-0.4506
-0.7344
-0.6986
-0.7181
-0.4974
-0.4491
0.0021
0.5674
-0.2086
-0.0362
0.2150
0.4989
0.8316
1.1798
0.4467
0.4904
0.7420
0.6723
0.9280
0.7362
0.4207
0.2054
0.5889
0.0520
0.0006
-0.1025
-0.0219
0.0942
-0.3007
0.0023
0.2321
0.4167
0.2164
0.5976
0.3176
0.6683
0.5666
-0.0727
0.4027
0.0841
0.2662
0.4488
0.5553
0.3525
0.2827
-0.0317
0.2115
0.1706
0.9727
0.5749
0.8501
0.0817
0.3853
0.4390
0.3434
0.1663
-0.0405
0.3706
0.0340
0.3364
0.5802
0.0078
0.1733
0.3266
0.0460
-0.2584
0.5415
-0.4256
0.2077
-0.1435
0.0830
-0.1015
-0.1059
-0.1231
-0.1545
-0.5071
-0.5048
-0.4354
-0.4447
-0.5832
-0.2257
-0.2405
-0.5175
-0.8228
-0.9623
-1.0140
-1.2112
-1.0670
-1.2215
-0.9963
-1.1814
-1.2743
-1.0352
-1.1746
-1.2256
-1.2094
-1.0542
-1.4151
-1.2788
-1.2548
-1.1423
-1.4800
-1.3069
-1.1506
-0.8136
-0.9277
-1.3533
-1.2375
-1.1571
-1.4313
-1.4329
-1.3774
-1.1535
-1.5675
-1.3845
-1.8014
-1.9596
-2.2517
-2.1507
-2.3062
-2.1574
-2.3559
-2.3641
-2.1212
-1.9999
-2.2324
-2.3402
-2.1971
-2.2350
-2.0115
-2.0753
-2.0271
-1.7427
-2.0181
-2.0092
-2.1472
-2.2579
-2.5920
-2.7131
-2.5747
-2.6913
-2.5998
-2.2523
-2.8281
-2.5086
-2.8495
-2.6300
-3.0442
-2.8233
-2.7723
-2.6776
-2.9139
-2.7433
-2.3980
-2.4485
-2.7933
-2.8446
-2.8335
-2.6378
-3.0122
-3.0214
-2.9179
-2.9519
-2.8261
-2.5071
-2.8827
-2.6718
-2.6553
-2.9125
-2.8995
-2.9246
-2.9789
-2.8226
-2.8488
-3.0725
-2.6786
-2.7773
-2.6063
-2.2904
-2.2617
-2.5185
-2.5080
-2.6892
-2.6980
-2.7303
-2.6077
-2.5684
-2.2791
-2.0870
-1.8711
-2.3737
-1.5838
-1.8684
-2.3728
-2.0725
-2.0053
-2.3317
-1.9456
-1.8804
-1.2737
-1.8568
-1.2990
-1.3198
-1.1284
-1.0106
-1.2820
-1.4039
-1.5155
-1.2940
-1.2729
-1.2678
-1.0726
-1.2151
-0.7782
-0.7346
-0.8974
-0.6503
0.5827
-0.1121
0.3799
0.4479
1.1382
1.1322
1.4844
1.5313
1.3549
0.5323
0.2542
-0.3502
-0.0716
-0.5789
-0.2972
-0.9613
-0.7286
-0.9852
-0.7606
-0.8769
-0.5173
-0.6563
-0.6236
-0.5489
-0.4158
-0.4466
-0.6869
-0.4985
-0.6971
-0.7473
-0.7508
-0.6019
-0.7078
-0.5709
-0.5427
-0.5094
-0.5670
-0.6466
-0.5974
-0.6912
-0.4722
-0.1382
-0.2920
-0.0321
0.3541
0.3929
0.3985
0.9485
1.2189
0.9392
1.4283
1.3891
1.8113
1.0265
1.6354
1.6853
0.9844
1.0056
1.1084
0.8485
0.6221
0.9791
1.3750
0.8178
1.1754
1.0517
1.1834
1.2079
1.0879
1.2363
1.6517
1.8905
1.9282
2.2797
2.0436
2.5026
2.3167
3.1912
2.9668
2.7839
3.0877
2.1104
3.1942
2.7705
2.4011
2.1083
1.5947
1.6575
1.9493
1.2999
1.2830
1.0208
1.6548
1.5242
1.1365
1.0527
0.3884
1.3747
0.0189
0.7917
0.5809
0.3783
0.2069
0.5404
-0.1347
0.5459
0.4484
-0.0559
0.1775
0.4116
-0.1470
0.2323
0.3254
-0.1883
0.3045
0.0566
-0.0206
0.4908
0.0099
0.5137
-0.1238
0.7692
0.1030
0.3917
0.6160
0.5840
0.4616
0.6872
0.5701
0.4056
1.0308
0.2343
0.1687
-0.0067
-0.2206
0.2214
-0.1500
0.0959
0.1284
-0.3516
-0.0396
-0.1163
-0.1896
-0.5067
-0.3446
-0.6496
-0.6207
-0.7383
-0.8171
-1.0593
-1.1151
-1.1503
-0.9527
-1.0630
-1.0759
-1.0066
-0.9312
-0.5428
-0.7029
-0.9130
-0.5902
-0.5578
-0.5822
-0.5985
-0.3062
-0.3429
0.0225
-0.2672
-0.2005
0.4018
-0.0216
0.0425
0.1032
-0.1499
0.0100
-0.4207
-0.5285
-0.6279
-0.4024
-0.6130
-0.3981
-0.5182
-0.6437
-0.8404
-0.7952
-0.8903
-0.5738
-0.8725
-0.8028
-0.8720
-0.8689
-0.8458
-0.9064
-0.9648
-0.3729
-1.0632
-0.6565
-0.9323
-0.3106
-0.3080
0.0449
0.0304
0.0319
0.4300
-0.2387
-0.1244
-0.0859
0.3316
0.4999
0.2718
0.5854
0.2804
0.5512
0.2300
0.2623
0.4566
0.3696
0.7480
0.2285
0.3296
0.2776
0.7085
-0.0911
0.7357
0.4947
0.7541
0.5314
0.4551
0.5371
0.8226
0.0420
0.6427
0.3635
0.4025
0.6070
0.5761
0.2813
0.4545
0.3540
0.4739
0.2391
0.2737
0.2763
0.4500
0.4911
0.2889
0.2333
0.1859
0.0805
0.1915
-0.0839
0.1119
0.1421
-0.0240
0.3909
0.8366
0.6741
1.7569
1.1685
1.7313
1.3607
1.5522
1.4869
1.7156
2.2083
1.7938
2.1730
2.0663
1.4379
1.5287
1.3545
1.8423
1.9078
1.9771
2.1817
2.0192
1.8850
1.5124
1.1318
1.3668
1.1207
1.2301
1.1697
1.1635
1.0099
0.8727
1.1983
0.7748
0.7780
0.5096
0.6174
0.5508
0.9527
0.5749
0.5353
0.9728
0.7276
1.1185
0.8879
0.8913
0.3991
0.2698
0.9454
0.9264
0.9694
0.8151
0.7556
1.3330
0.7041
0.6178
0.5960
0.4049
0.6287
0.7042
0.9513
1.2308
1.1011
0.9869
1.1844
1.0058
0.5587
0.7619
0.9149
0.5898
0.5448
0.7954
0.5707
0.8145
0.5770
1.0720
0.8789
0.7804
0.6741
0.9799
0.8370
1.4926
1.6473
1.3413
1.1445
0.8644
1.6599
1.0960
1.0227
1.7163
0.5183
0.5443
0.4409
0.4474
1.0351
1.6211
0.9126
1.3168
1.4076
2.2557
2.8041
2.3130
2.1399
2.1527
2.1238
2.5313
2.4241
2.9394
2.9415
3.1094
3.1093
2.4695
2.4142
2.7673
2.9461
2.5236
2.9325
3.9890
3.7445
4.3082
5.2244
5.0427
5.2370
4.3174
4.1198
4.5665
4.3744
3.9693
3.0249
3.6527
2.9376
2.8638
2.5080
1.8590
1.1740
1.1500
0.9293
0.8786
0.9820
0.4466
0.5020
0.0044
-0.1884
-0.1067
-0.5068
0.0843
-0.7459
-0.7115
-0.6876
-0.5293
-0.6556
-0.3649
-0.8845
-0.5478
-0.6553
-0.5554
-0.3459
-0.3725
0.2940
-0.1523
0.1364
-0.0196
-0.0724
0.1451
-0.2080
0.4355
-0.0336
-0.0872
0.3912
-0.1821
-0.2400
-0.2469
-0.2041
-0.2856
-0.6444
-0.7545
-0.8374
-0.9273
-0.9863
-0.9556
-0.9803
-0.8897
-0.9110
-0.8471
-0.5215
-0.7403
-0.6973
-0.8043
-0.8387
-0.8654
-0.9081
-0.9331
-0.9413
-0.7258
-0.6954
-0.8528
-0.8590
-0.7471
-0.7508
-0.7379
-0.8611
-0.9300
-1.0671
-1.0663
-1.2482
-1.2557
-1.3627
-1.3230
-1.3350
-0.8812
-1.2542
-1.2127
-1.1729
-1.1408
-0.8029
-1.0476
-0.8951
-1.0081
-0.4579
-0.6443
-0.3959
-0.1261
-0.3924
-0.5445
-0.6057
-0.6817
-0.8121
-0.6507
-0.5148
-0.8322
-0.5029
-0.5045
-0.5936
-0.8000
-0.8367
-0.8568
-0.7167
-0.9334
-1.0048
-1.0214
-1.0229
-0.7252
-0.9303
-0.7143
-0.8594
-0.7362
-0.6770
-0.8283
-0.8530
-0.6737
-0.9266
-0.9799
-1.0276
-1.0784
-1.1058
-1.1075
-1.0819
-1.0491
-1.0241
-0.8254
-1.0375
-0.8233
-0.7830
-0.8062
-0.6480
-0.5325
-0.3123
-0.5648
-0.4561
-0.7579
-0.7180
-0.5491
-0.6572
-0.7513
-0.6470
-0.4082
-0.6726
-0.3846
-0.5188
-0.6814
-0.3626
-0.6415
-0.2939
0.5806
0.2629
-0.4679
-0.4893
-0.3524
-0.4800
-0.6829
-0.5272
-0.6208
-0.6340
-0.3239
-0.4798
0.0433
-0.3995
-0.0716
-0.3145
-0.4973
-0.7306
-0.6609
-0.9143
-0.5260
-0.4872
-0.8626
-0.8480
-0.8200
-1.0635
-1.0982
-1.0730
-0.9409
-0.8397
-0.5655
-0.8289
-0.6925
-0.9429
-1.1022
-1.2815
-1.2251
-1.3930
-1.3892
-1.4610
-1.3842
-1.3174
-1.4982
-1.6929
-1.4301
-1.7224
-1.6853
-1.5805
-1.8248
-1.5911
-1.8754
-1.8045
-1.8381
-1.7358
-1.7018
-1.6034
-1.6762
-1.7053
-1.8424
-1.7441
-1.7646
-2.0300
-1.9977
-1.9690
-2.0013
-1.9618
-2.0490
-1.9963
-2.0460
-2.0173
-1.9614
-1.9232
-1.7895
-1.7760
-1.6964
-1.4040
-1.5045
-1.4116
-1.2016
-1.3695
-1.5248
-1.5342
-1.3203
-1.1557
-1.0744
-1.5110
-1.4965
-1.8656
-1.8445
-1.9538
-1.9222
-1.1682
-1.8423
-1.4435
-1.7561
-1.1861
-1.4686
-1.3986
-1.8887
-1.7608
-2.1703
-1.8461
-2.4371
-2.6807
-2.2208
-2.0814
-2.4102
-1.9672
-2.5043
-1.9607
-1.8807
-1.5010
-1.3337
-1.4861
-1.2042
-0.3124
-0.4536
-0.7227
0.1907
0.2148
1.0465
0.3991
0.8420
0.8953
1.0055
1.3229
0.7904
1.0662
0.9628
1.6140
1.5805
1.1799
1.0413
0.2388
0.4965
0.6090
-0.0171
-0.4584
0.3376
-0.2727
-0.8867
-0.9808
-0.6976
-0.8527
-0.8842
-0.5148
-0.6409
-0.6416
-0.5680
-0.5328
-0.0970
0.0793
-0.2548
-0.1970
-0.4171
0.1511
0.3879
0.3932
0.3653
0.1491
0.5352
0.6378
0.8507
0.9125
1.4573
0.9380
0.6669
0.5311
0.9251
0.6654
1.1116
0.6323
0.7214
0.2707
0.0939
-0.0313
-0.2950
-0.3815
-0.6391
-0.5072
-0.6252
-0.7035
-0.7087
-0.6659
-0.9908
-1.0675
-1.0376
-1.2544
-1.3744
-1.2173
-1.2635
-1.0396
-1.2297
-1.1009
-0.9356
-1.1707
-1.2853
-1.4286
-1.3076
-1.0847
-1.2823
-1.4027
-1.2746
-1.5365
-1.6171
-1.6185
-1.6293
-1.5399
-1.4912
-1.3820
-1.3762
-1.1545
-1.3929
-1.4502
-1.4918
-1.4736
-1.4941
-1.3991
-1.1847
-0.6932
-1.0649
-0.7215
-0.8344
-0.9322
-0.8256
-0.9039
-0.3558
-0.7432
-0.3067
-0.4551
-0.3048
-0.1079
-0.3839
-0.4049
-0.3244
0.1478
-0.0461
0.4067
-0.3243
-0.4852
-0.1851
-0.4715
-0.6892
-0.8099
-0.8631
-0.8959
-0.6552
-1.0288
-0.5896
-0.6623
-0.6407
-0.4917
-0.1128
-0.4050
0.0639
-0.2154
-0.4081
-0.4740
-0.5818
-0.5403
-0.7181
-0.4856
-0.8730
-0.8191
-0.8823
-0.7488
-0.7492
-0.6525
-0.6938
-0.6474
-0.6581
-0.4117
-0.7356
-0.5902
-0.8658
-0.9078
-0.7781
-0.5887
-0.3915
-0.1783
-0.1878
-0.1929
-0.2384
-0.2503
-0.2371
-0.1895
-0.1236
0.1718
0.0199
0.1847
0.2044
0.2755
0.2568
0.3851
0.1694
0.1280
0.3833
0.2737
0.4821
0.5862
0.6935
0.7029
0.7229
0.8517
1.1830
1.2236
1.3825
1.4769
1.6843
1.7888
1.8919
1.9524
1.5057
1.3012
1.8881
1.7935
2.0663
2.2733
1.9470
1.8269
2.1987
1.9266
2.6152
1.9541
1.6656
1.4414
1.8391
1.5339
1.7474
1.4652
1.6224
1.8550
1.8607
1.8738
1.7500
1.4200
1.4092
1.4226
1.2209
1.3101
1.2459
1.5624
1.3609
1.1537
1.7158
1.6726
1.9068
2.1278
1.8531
1.4032
2.2175
1.3608
1.7195
1.4293
1.6619
1.9499
1.6876
1.7007
1.6235
1.7365
1.6547
1.6276
1.6761
1.4633
1.5853
1.4702
1.2301
1.5961
1.0724
1.0127
1.0845
2.2067
1.7678
2.0104
1.7341
1.4865
1.5889
1.1974
2.2289
1.5711
2.0999
1.7227
1.6739
1.8132
1.4056
1.6459
1.2521
1.3433
1.2561
0.9794
1.2102
0.9110
1.0320
0.9849
1.3371
1.0726
1.7837
1.1941
1.2250
1.1455
1.1383
0.3619
-0.0053
0.5613
0.5566
0.8792
0.7472
0.7576
1.1507
2.0072
2.5021
1.2435
0.8493
1.1723
1.4399
1.4297
1.4993
0.9325
1.5038
1.1377
1.8475
1.7364
1.4009
1.6132
1.5214
0.7874
0.5734
0.7787
0.8416
0.3472
-0.0983
0.0140
0.3343
0.2248
0.5795
0.8656
0.7534
0.6209
0.3967
0.5414
0.1439
0.4204
0.9494
0.4853
0.3743
0.5490
0.5878
0.2485
1.0341
0.3189
0.5873
0.7899
0.3925
0.7679
0.9482
0.7302
0.8225
0.4799
0.4980
0.5206
0.8759
0.5652
0.7367
0.7762
0.9975
0.9646
1.0253
0.3032
0.5537
1.0740
0.8351
0.5351
0.9626
0.7462
1.1464
0.9572
1.0173
1.1367
1.1119
1.0960
1.1634
1.1630
1.1867
0.8351
0.9519
0.7117
0.7565
0.4647
1.2217
0.8919
0.8946
0.6819
0.8700
1.1325
0.7612
0.5060
0.8070
0.5247
0.9701
0.8800
0.7500
0.3749
0.2687
0.5508
0.8238
0.5571
0.7725
0.4338
0.5876
0.4891
0.5233
0.1633
0.3098
0.5853
0.5269
1.1411
0.9020
0.6173
1.2345
1.1879
1.6770
2.9748
1.9883
2.2679
2.3997
2.1747
2.8885
2.8586
3.8764
3.2223
3.4490
2.8599
3.2400
3.0603
3.0236
2.5698
2.3581
2.3644
2.0423
1.8866
2.3620
2.3457
1.8574
2.4715
2.3682
2.1841
1.7498
1.3477
0.7604
0.4771
0.8484
0.1541
0.2679
0.3281
0.3578
0.8497
0.5073
0.2398
0.2824
0.6939
0.5759
0.3968
-0.0008
0.3822
-0.0720
-0.2640
-0.5812
-0.4837
-0.7347
-0.6300
-0.7457
-0.6989
-0.3815
-0.3983
-0.0007
0.0123
-0.2363
-0.2465
-0.2083
-0.4289
-0.5229
-0.5456
-0.6194
-0.6376
-0.6855
-0.6291
-0.7222
-0.6795
-0.7364
-0.6298
-0.4833
-0.3045
-0.0203
0.3262
0.3842
0.4648
0.6568
0.9328
0.8081
0.7397
0.6977
0.5606
0.4824
0.2996
0.1633
-0.0517
-0.2195
-0.3886
-0.4182
-0.4906
-0.4335
-0.4475
-0.3167
-0.3315
-0.2652
-0.4036
-0.2250
-0.5424
-0.5930
-0.6407
-0.4137
-0.5782
-0.5207
-0.5091
-0.4560
-0.3362
-0.0912
-0.2181
-0.2849
-0.2374
-0.2909
-0.2145
-0.3159
-0.3200
-0.4202
-0.4734
-0.2863
-0.5170
-0.4813
-0.4526
-0.1471
-0.4286
-0.0299
-0.4450
-0.4100
-0.3043
-0.1395
0.2032
-0.0317
-0.1519
-0.0638
-0.1199
0.1027
-0.1596
0.0385
-0.3327
-0.0587
-0.0730
0.0439
0.5407
0.0012
-0.1080
-0.0857
0.2284
-0.1958
0.4238
-0.1557
0.2991
-0.1332
0.1032
0.1784
0.4617
0.6776
0.2423
0.0069
0.1141
-0.3243
-0.2740
0.2052
0.8221
-0.2353
0.1040
-0.2101
-0.6028
0.0919
-0.2416
0.4044
0.1102
-0.0083
-0.4534
-0.0591
0.2828
0.4332
0.9198
0.4818
0.8530
1.0231
0.7092
0.7896
0.9394
0.8460
1.2170
0.6986
0.9081
0.9780
0.4673
0.5949
-0.1672
-0.0363
-0.2866
-0.3192
-0.2913
-0.6294
-0.4257
-0.4955
-0.6768
-0.1668
-0.7834
-0.7896
-0.9772
-1.0254
-1.2284
-1.1652
-1.0482
-1.4182
-1.6029
-1.1844
-1.4614
-1.0266
-1.5851
-1.7653
-1.6777
-1.8901
-1.9477
-1.9273
-1.8017
-1.8351
-1.5829
-2.0399
-1.9347
-2.0715
-1.8049
-2.0611
-2.4493
-2.3084
-2.1625
-2.1176
-1.5887
-2.1779
-2.5648
-2.6717
-2.6825
-2.3881
-2.4636
-2.0115
-2.9284
-3.0085
-2.8799
-3.0753
-3.2655
-3.2525
-3.2818
-3.1048
-2.9555
-3.1069
-2.9479
-2.9157
-3.2162
-3.3112
-3.0815
-3.4323
-3.4751
-3.2872
-3.4907
-3.1887
-2.6009
-2.9632
-2.1488
-2.4459
-2.7335
-2.7259
-2.5853
-3.0559
-2.9096
-3.0734
-3.3265
-3.3926
-3.3697
-3.4186
-3.4253
-3.5582
-3.4785
-3.9036
-3.8994
-3.7159
-3.6223
-3.4141
-3.5215
-3.6072
-3.5928
-3.9175
-4.0009
-4.0322
-4.0684
-4.0864
-4.0327
-4.0667
-4.0615
-3.9283
-3.7614
-3.6983
-3.8720
-3.9690
-3.9377
-3.6874
-3.7854
-3.5889
-3.5756
-3.3096
-3.6713
-3.5614
-3.4760
-3.1138
-3.1338
-2.9601
-2.6518
-2.8083
-2.8651
-2.7474
-2.7318
-2.6003
-2.6208
-2.3874
-2.5975
-2.2534
-2.4886
-1.9551
-2.0608
-1.8501
-1.6747
-2.0328
-1.7200
-1.6902
-1.6468
-1.2474
-1.7158
-1.5392
-1.6468
-1.4703
-1.3935
-1.2568
-1.1160
-1.0429
-0.7601
-0.9194
-0.8129
-0.5827
-0.5150
-0.2305
-0.5734
-0.6131
-0.6155
-0.6308
-0.3799
-0.5192
-0.7816
-0.7059
-0.9713
-0.9778
-0.8875
-0.8954
-0.7575
-0.5194
-0.6036
-0.5206
-0.4610
-0.3740
-0.3867
-0.2140
-0.5998
-0.7249
-0.8010
-0.8460
-0.7516
-0.7462
-0.6731
-0.6462
-0.8057
-0.6620
-1.1070
-1.2210
-1.0781
-1.2444
-1.1719
-1.0558
-0.7899
-0.9732
-0.9758
-1.0996
-1.0158
-1.0590
-0.7987
-1.0969
-1.0612
-0.8482
-0.9795
-0.3272
-0.5630
-0.7649
-0.5213
-0.4531
-0.3077
-0.6155
-0.5357
-0.4885
-0.3787
-0.0495
-0.1330
-0.8500
-1.2100
-0.8565
-0.5622
-0.3219
0.0405
-0.2809
0.0280
-0.1623
-0.4111
0.1137
0.0289
0.1018
0.4924
0.2347
0.1004
0.1454
0.2019
0.4376
0.7441
0.9342
0.6683
0.5567
0.2654
0.3653
0.3959
0.6720
0.8569
0.9489
1.3491
0.9846
1.4797
1.0735
1.5114
1.2808
1.3726
1.5896
1.2823
1.6393
1.5132
1.6383
1.7500
1.7137
1.6331
1.9899
1.8251
1.5594
1.9923
1.5656
1.8496
2.4872
1.1701
1.3992
1.5908
1.0623
1.3092
1.3517
0.7266
0.7499
0.3509
0.1952
-0.0954
-0.3276
0.3754
-0.2457
-0.3561
0.0372
0.2538
-0.2475
0.0416
0.2445
0.1869
-0.2040
-0.0186
0.2259
0.8573
0.1498
0.5227
0.2470
0.7102
0.3317
0.0709
0.0326
0.4500
0.6971
1.1029
2.1339
0.6243
0.8321
0.8510
1.0487
0.3841
0.8513
0.5041
0.1526
0.0451
0.1356
-0.2175
-0.0272
-0.3581
-0.2108
-0.1013
-0.2495
-0.1839
-0.4427
0.0375
-0.7226
-0.6568
-0.7940
-0.6205
-0.4872
-0.8144
-0.6897
-1.0949
-1.1164
-1.1543
-1.0202
-1.0834
-0.8924
-0.8326
-0.9704
-1.0512
-0.7849
-0.5890
-0.8485
-0.3709
-0.3310
0.1803
0.7746
1.0685
1.7813
2.2070
2.0173
2.2793
2.5984
2.5348
2.1752
2.2970
2.6803
2.1519
1.7908
2.0061
1.6317
1.2882
1.1339
0.6623
0.9993
0.0546
-0.0937
-0.2690
-0.3449
-0.4310
-0.3064
-0.5542
-0.5717
-0.4484
-0.1786
-0.2929
-0.0142
0.0572
0.1878
0.2963
0.5586
0.7424
0.6873
0.5273
0.7138
0.4712
0.2261
0.2054
0.1650
0.1145
0.5275
0.0312
0.2198
0.7075
2.1495
2.0887
2.0303
1.5590
1.0532
1.4069
0.2189
0.6777
0.6994
1.1569
0.9744
-0.0185
-0.1146
-0.0509
0.6417
0.1062
0.0075
0.2417
-0.1903
0.1405
0.1712
0.1743
0.4556
0.1973
0.0950
0.1195
-0.2864
-0.2016
-0.3179
-0.4083
-0.3937
-0.6694
-0.5886
-0.3238
-0.3056
-0.8036
-0.3669
-0.3477
-0.4948
-0.1428
-0.0143
-0.4985
0.0301
-0.3327
-0.1944
-0.1543
0.2225
0.0875
0.0762
0.6308
0.3101
0.8720
0.4215
0.3122
0.7449
1.1644
0.5212
1.1679
0.4384
0.9132
1.0481
1.2184
1.0112
1.2117
1.0891
1.4267
1.5144
2.0166
2.3116
2.1834
1.3984
1.8443
1.0063
1.2863
1.2036
1.9448
1.5924
1.8089
1.4190
1.7140
0.9439
1.4671
1.4211
1.1431
0.8405
1.5278
1.2828
0.8441
1.2113
1.9292
2.3294
2.4013
2.6382
3.4659
3.4692
3.3500
4.0355
3.9632
5.0362
5.2040
4.5456
5.3718
4.4084
4.6996
3.6352
5.1626
3.5672
3.3070
2.6138
2.1782
1.4229
1.7843
1.0212
0.9373
0.6872
1.3479
1.5633
0.9984
0.7663
0.8525
0.4888
1.1743
0.2283
1.0942
0.3660
0.3006
0.9115
0.1820
0.3477
0.2262
0.6818
0.9948
0.4230
0.0690
-0.0703
-0.3661
-0.0360
-0.1514
-0.1349
-0.1812
-0.1003
-0.1771
-0.4106
-0.1923
-0.4209
-0.3076
-0.2297
-0.0590
-0.4286
-0.5515
-0.4234
-0.5553
-0.5596
-0.6280
-0.6005
-0.7111
-0.4828
-0.4260
0.0394
-0.0896
-0.1317
-0.3844
-0.5090
-0.5829
-0.4971
-0.1814
-0.4895
0.2629
-0.0607
0.1424
0.1764
0.0042
-0.2849
0.0207
-0.4777
-0.5854
-0.0574
-0.8098
-0.8779
-1.0285
-0.8752
-0.9300
-0.6654
-0.3432
-0.6923
-0.6638
-0.8917
-0.9401
-0.7084
-0.9362
-0.9161
-0.7837
-0.7762
-0.4267
-0.4666
-0.7288
-0.8348
-0.9710
-1.0041
-0.9472
-0.8594
-0.7475
-0.6695
-0.5484
-0.4986
-0.3477
-0.5809
-0.7531
-0.7961
-0.9490
-0.8765
-1.0618
-1.1032
-1.0586
-1.1707
-1.2664
-1.2946
-1.3547
-1.1568
-1.4467
-1.2004
-1.4696
-1.0100
-1.4241
-1.3227
-1.1857
-0.7705
-1.0125
-0.9549
-1.0792
-0.8926
-0.8509
-1.1285
-1.0257
-0.9217
-1.0952
-1.2365
-1.1864
-0.9715
-1.1324
-1.1422
-1.1879
-1.2138
-1.2621
-1.1257
-1.3396
-1.2837
-1.3081
-1.2788
-1.3671
-1.2750
-1.1383
-1.3041
-1.4014
-1.2186
-1.4054
-1.2827
-1.2149
-1.1293
-1.0230
-1.2707
-1.1683
-1.3209
-1.3497
-1.1617
-1.2266
-0.8083
-1.2122
-1.1199
-1.2682
-1.2101
-1.1987
-0.8059
-0.8238
-0.6981
-1.0240
-0.8130
-0.6574
-0.7982
-0.3957
-0.1740
-0.9398
-0.8095
-0.6265
-0.1650
-0.5786
-0.3627
0.0568
-0.2990
-0.0887
-0.4453
-0.2598
-0.1244
-0.0080
0.1637
0.6299
0.6672
0.6845
1.3896
0.4931
0.4251
-0.0981
0.1439
-0.5263
0.2956
-0.2199
-0.3469
-0.4932
-0.3346
-0.1155
0.0762
-0.5095
-0.8094
-0.9478
-1.1698
-0.9186
-1.1312
-1.0607
-1.0616
-1.1197
-0.8941
-1.1178
-1.3042
-1.1973
-1.0867
-1.1917
-1.0327
-0.6967
-1.3138
-1.2490
-1.1611
-0.9885
-1.5164
-1.5058
-1.8755
-1.7948
-2.0949
-2.0826
-1.9993
-1.9913
-1.8896
-1.8877
-1.7188
-1.7865
-1.2822
-1.7588
-1.6074
-1.6589
-1.6219
-1.7597
-1.7377
-1.7268
-1.6392
-1.4038
-1.1675
-1.5352
-1.2433
-1.4676
-1.4942
-1.4914
-1.7274
-1.6763
-1.5412
-1.2789
-1.2651
-1.0949
-1.1253
-1.0223
-0.9187
-0.7682
-0.7265
-0.7030
-0.6071
-0.8834
-0.9234
-0.9351
-0.5455
-0.8278
-0.7214
-0.3499
-0.5027
-0.3774
-0.2732
-0.3329
-0.2190
-0.1469
-0.3526
-0.2945
-0.1739
-0.0949
0.0046
0.2814
0.0722
0.5406
0.0212
0.2555
0.2707
0.3192
0.0364
0.1267
-0.0375
-0.0975
-0.2858
-0.4056
-0.4397
-0.5523
-0.5325
-0.1267
-0.3997
-0.3714
0.1052
-0.0929
0.8924
0.5944
0.5901
0.7612
0.5342
0.8034
0.7853
0.5257
0.4256
0.0855
0.2291
0.5261
0.4487
0.6102
0.2474
0.0976
0.2238
-0.0305
-0.0185
0.4783
0.5339
0.1381
-0.2975
0.0739
0.4756
0.9186
0.8773
0.3760
0.6274
0.2284
1.6546
1.4536
1.6381
1.2172
1.1395
1.2056
0.6296
1.3678
0.8173
0.2869
1.0872
1.0330
0.8662
0.3109
0.5525
0.8449
1.0215
0.7587
1.5466
0.6448
0.4638
0.5502
0.0571
-0.0737
0.3376
-0.1188
-0.2938
-0.2866
-0.7235
-0.5820
-0.7005
-1.1600
-1.0054
-1.0072
-1.1260
-1.1644
-1.1093
-1.2089
-1.1786
-1.1531
-1.1176
-1.1063
-1.1572
-1.2514
-1.3831
-1.5238
-1.6471
-1.7439
-1.5999
-1.8011
-1.3098
-1.4830
-1.3201
-1.3585
-1.4416
-1.2773
-1.1703
-1.1063
-1.2725
-1.1263
-0.8849
-0.8653
-0.8466
-0.5716
-0.5187
-0.7483
-0.5346
-0.3767
-0.0716
-0.4310
-0.4963
-0.4302
-0.3634
-0.4727
-0.5613
-0.4179
-0.4231
-0.2672
-0.0539
-0.0047
-0.2995
-0.1143
-0.2820
-0.2031
-0.0507
0.1321
0.2518
0.4132
0.6292
0.5509
0.6938
0.7253
0.5705
0.5011
0.8797
1.7620
0.9008
1.0274
0.9898
1.1788
1.8925
2.6492
1.8742
1.9629
1.5099
1.8142
1.7121
1.6485
1.4267
1.9646
1.7291
2.0589
1.7030
2.7323
1.1602
0.9080
0.3241
0.8043
-0.0188
0.3202
-0.3922
-0.4275
-0.0005
-0.0466
-0.1761
-0.2045
0.0618
-0.2586
-0.3539
-0.3618
-0.5160
-0.5912
-0.7576
-0.3073
-0.6075
-0.5221
-0.8171
-0.8936
-0.7260
-0.8260
-0.7194
-0.5035
-0.6600
-0.6992
-0.5029
-0.3238
-0.8058
-0.8273
-0.7358
-0.6833
-0.6554
-0.4311
-0.5956
-0.8272
-1.0235
-0.9289
-0.9689
-1.1075
-1.1165
-0.8672
-0.7809
-0.6351
-0.8584
-0.4211
-0.7618
-0.6917
-0.9528
-1.0032
-0.9353
-0.6514
-0.5741
-0.3146
-0.5415
-0.5603
-0.7731
-0.7833
-0.6006
-0.7277
-0.5457
-0.6886
-0.4731
-0.2305
-0.2807
-0.2365
-0.2585
0.0640
-0.0474
0.1450
0.1860
0.1636
0.0635
-0.0248
-0.1126
-0.1768
-0.0757
-0.0865
-0.0922
-0.1413
0.2806
0.3415
0.3801
0.5207
0.7503
0.5936
0.3100
-0.0217
0.2804
0.0021
0.3969
0.2709
-0.0286
0.0056
-0.4586
0.1199
-0.0103
0.1322
0.0874
0.2376
1.3269
1.1300
0.6807
1.6035
1.7656
1.8823
2.0021
1.9846
1.3811
1.5549
2.1519
1.2212
1.7537
1.2840
1.3675
0.9785
0.8340
1.4851
0.8321
1.3713
1.1890
1.1842
1.8478
1.0987
1.4492
0.9537
0.6638
1.0922
1.1877
1.0385
1.2177
0.8529
1.1664
1.0684
1.1220
1.0500
1.7198
1.2041
0.6513
1.2550
1.0015
0.7919
1.2907
1.8813
0.9069
1.9974
1.3205
1.3261
1.1709
1.6406
1.1679
0.7269
0.6988
1.3580
0.9539
1.2370
1.2925
1.1255
0.9334
0.6378
0.6030
0.4530
0.1319
0.2416
0.4626
1.0150
-0.0755
0.0843
-0.0176
-0.3026
0.3830
-0.2653
0.3384
0.3515
-0.4406
-0.3985
0.1755
-0.6940
0.2047
0.0305
0.2518
-0.2937
-0.3464
-0.4706
-0.5873
-0.6638
-0.8922
-0.9797
-0.4641
-1.1706
-1.1768
-0.9509
-1.1766
-1.2657
-1.2852
-1.4083
-1.1960
-0.7982
-1.2174
-1.2321
-1.4209
-1.6411
-1.8281
-2.1579
-2.1386
-2.4827
-2.4829
-2.4807
-2.5690
-2.1985
-2.1461
-2.3331
-2.5452
-2.5714
-2.3791
-2.8029
-2.1887
-2.5255
-2.8318
-2.5634
-2.3905
-2.5477
-2.9107
-3.2004
-3.3842
-3.3124
-3.4706
-2.8544
-2.8510
-3.3452
-3.4805
-3.3107
-3.2540
-3.4789
-3.1237
-3.0302
-3.2258
-2.9143
-2.9402
-2.2498
-3.1431
-2.6516
-3.1930
-3.2130
-2.7097
-2.4970
-2.6078
-2.1573
-2.1040
-1.3397
-1.1894
-1.2282
-1.7030
-0.7749
-0.2306
-1.5557
-1.6820
-1.4847
-1.6099
-1.6499
-1.7551
-1.1818
-2.2275
-2.8089
-2.3709
-2.6004
-2.2816
-2.6467
-2.2829
-2.1362
-1.9840
-1.8619
-2.1945
-1.9487
-2.0810
-2.0773
-1.7724
-1.1129
-1.4091
-1.1956
-1.0236
-1.1696
-0.7783
-1.3345
-0.9805
-1.1642
-1.2710
-1.3238
-1.3637
-1.0069
-0.9906
-1.1461
-0.8169
-0.9456
-0.7721
-0.7573
-0.6808
-0.6667
-0.6149
-0.1761
-0.4247
-0.3514
-0.3126
-0.2731
-0.0865
-0.1844
-0.1498
-0.0701
-0.1289
0.0588
-0.2408
-0.1658
-0.2003
-0.1116
-0.1563
0.1808
0.8116
0.2822
0.0641
0.2902
0.3758
0.5378
0.8414
0.9720
1.0463
0.9615
1.0955
1.0308
0.9505
0.8520
0.8685
0.8370
0.7406
0.8124
0.8462
0.8287
0.4717
0.6715
0.1459
0.1440
0.3415
0.0727
-0.0074
-0.0093
-0.0658
-0.3228
-0.2738
0.1203
0.1648
0.2699
-0.0317
-0.1446
-0.0360
-0.3234
-0.3445
-0.2777
-0.2313
-0.1299
0.0641
-0.1662
0.0202
-0.2210
0.1409
0.1685
0.0639
-0.2596
0.3362
0.2719
0.0315
0.4217
0.2042
0.5256
0.0381
-0.0613
-0.2141
0.1032
-0.0890
-0.1882
0.0355
-0.0147
-0.2190
-0.0601
-0.3528
-0.1163
-0.1576
-0.4811
-0.5064
-0.7075
-0.7832
-0.7507
-0.7469
-0.6087
-0.6848
-0.6741
-0.6145
-0.5083
-0.2280
0.0091
0.4129
1.4046
0.4336
0.7866
0.5327
0.6479
1.7255
2.0591
1.7126
1.1407
0.6110
1.6505
0.5826
0.8879
0.9679
1.5465
0.3052
0.7664
1.1301
1.4683
0.6253
0.6220
0.3883
0.4438
0.6856
0.4473
0.4521
1.2783
0.6914
0.7794
0.5966
0.5854
0.7192
0.8324
0.6888
0.7415
0.4307
0.5738
-0.0656
0.1237
0.0147
-0.2868
-0.2092
-0.3136
-0.2352
-0.1673
-0.4505
-0.3813
-0.3642
-0.5422
-0.7234
-1.0071
-1.1036
-1.2780
-0.8309
-1.0561
-1.0018
-0.8055
-0.5725
-0.6875
-0.6140
-0.8332
-0.8629
-0.8849
-0.6251
-0.7547
-0.6969
-0.7168
-0.8644
-0.7461
-0.2434
-0.0394
-0.0033
0.1536
-0.0430
0.1075
-0.1378
-0.2740
-0.2005
-0.1943
-0.1646
-0.3679
-0.4648
-0.5239
-0.7311
-0.6604
-0.8437
-0.4822
-0.9748
-0.3047
-1.1834
-0.7853
-1.2535
-1.2244
-1.1479
-0.8816
-1.0742
-1.1104
-1.2723
-1.3076
-1.3494
-1.1403
-0.8701
-0.9545
-1.0702
-1.1571
-1.2586
-1.3175
-1.4079
-1.4952
-1.3477
-1.5266
-1.5058
-1.4048
-1.4070
-1.2469
-0.9528
-0.8760
-0.7439
-0.8031
-0.6835
-0.5981
-0.3689
0.6748
-0.3358
0.3362
0.4341
0.5593
1.0686
1.0175
1.7965
1.0780
1.5961
1.3128
1.2326
1.5593
1.5644
1.6314
1.4258
1.2299
1.2156
1.5204
1.7520
1.8039
1.8243
1.5362
1.5756
1.6299
1.4702
2.4848
1.7763
1.8507
1.4185
1.5330
0.9633
1.2000
0.9742
1.0647
0.5533
0.5206
0.5437
0.7577
0.6483
0.1814
0.8486
0.4233
0.3637
0.3531
0.2731
0.3196
-0.0015
0.2567
-0.0710
0.9762
0.2735
0.7061
0.1437
0.4647
0.3285
0.5201
0.1585
0.0133
0.1821
0.0311
0.0237
-0.0171
-0.2747
-0.3069
-0.4047
-0.4125
-0.2781
-0.5510
-0.1956
-0.6551
-0.2543
-0.5612
-0.5439
-0.3214
-0.3597
-0.1071
-0.0012
-0.0674
-0.1117
-0.1166
0.1832
-0.1550
0.1758
-0.1489
0.1428
0.0558
0.2328
0.4030
0.3516
0.9618
0.2831
0.6239
-0.4195
-0.0640
-0.1913
0.0818
0.4277
0.4058
0.4570
0.6673
0.6071
0.5949
0.5851
0.2522
0.2471
0.3063
0.4021
0.3975
1.0513
0.7194
0.3901
1.0669
0.4405
0.3342
0.8575
0.5142
0.5827
0.5538
0.5415
0.5832
0.6748
0.9276
0.9148
0.5915
1.3281
1.3949
0.9666
1.7701
1.0206
1.3940
1.7121
1.5981
1.9180
1.6088
2.0814
2.5957
1.7407
1.3252
0.8896
1.0113
0.9218
0.4248
0.5272
0.0556
0.1855
0.0610
0.1117
0.1226
0.3813
0.2950
0.5267
0.7522
0.7145
0.7342
0.4616
1.1554
1.4910
1.6380
1.8751
2.2675
1.8402
2.5375
1.8058
2.1652
2.0255
2.2040
3.7145
1.8964
2.6784
1.8363
2.2316
1.7838
2.1480
1.1045
1.4022
1.5995
1.7435
1.7229
1.6095
0.6512
1.5872
0.4703
0.8784
0.9796
0.8921
0.7045
0.5350
0.1946
0.4523
0.1337
0.0512
0.3191
0.0313
0.7679
0.0076
-0.2085
0.0456
-0.4356
-0.1483
-0.5344
-0.7117
-0.3879
-0.7647
-0.0534
-0.5499
-1.0617
-1.2447
-0.7352
-1.5092
-1.2659
-1.4782
-1.7661
-1.7495
-1.8697
-1.7079
-1.9471
-2.0989
-2.0350
-2.1578
-2.0632
-1.9326
-1.7552
-1.4302
-0.9294
-0.7490
-0.4300
0.0230
-0.0319
0.0529
0.0600
0.1621
0.0734
0.2198
0.0888
0.1966
0.1369
0.1804
0.2064
0.4023
0.1971
0.3714
0.0248
-0.0858
-0.0829
-0.0853
-0.2758
-0.0420
0.0906
0.0504
0.0520
0.1306
0.5149
-0.2391
-0.0123
-0.4804
-0.4398
-0.4194
-0.3308
-0.6219
-0.5680
-0.8303
-0.8817
-0.6641
-0.8541
-0.8369
-0.8193
-0.7144
-0.6051
-0.7217
-0.8637
-0.7635
-0.4985
-0.6579
-0.6397
-0.6615
-0.6478
-0.4945
-0.5193
-0.3755
-0.2904
-0.2359
-0.5044
-0.4250
-0.4816
-0.2623
-0.5239
-0.3476
-0.5058
-0.4949
-0.1719
-0.3525
-0.0006
-0.2700
-0.1627
-0.2346
-0.2212
-0.2917
-0.2951
-0.1514
-0.2286
-0.3624
-0.2694
-0.2658
-0.5023
-0.2523
-0.5346
-0.3186
-0.1375
-0.4292
-0.6218
-0.5712
-0.6111
-0.3960
-0.5875
-0.6583
-0.3177
-0.7083
-0.5591
-0.5327
-0.0714
-0.7744
-0.6293
-0.3309
-0.3862
-0.4953
-0.7835
-0.8868
-0.9436
-1.0065
-0.6739
-0.9263
-0.7191
-1.0071
-1.0941
-0.8450
-0.7936
-0.9071
-0.5994
-0.7662
