0.8052
1.0038
1.7766
1.9474
1.7217
1.7040
1.7352
1.7069
1.3991
1.1507
0.8503
1.0160
0.8812
0.7300
0.3879
0.3057
0.1200
0.2926
0.0918
0.0535
0.1248
0.0403
0.2510
-0.0135
0.0273
0.1342
0.3303
0.5683
0.8251
1.0020
1.1466
1.4880
1.3352
1.4830
1.5205
1.6722
1.7305
1.7745
1.7398
1.6971
1.6496
1.6270
1.6154
1.6377
1.6268
1.6182
1.6222
1.7252
1.4271
1.2335
1.0109
0.7918
0.5118
0.2271
-0.0596
-0.3569
-0.6196
-0.8569
-0.8762
-1.2488
-1.4417
-1.4862
-1.6337
-1.6485
-1.7486
-1.7768
-1.7905
-1.8363
-1.8680
-1.9235
-1.9534
-1.7324
-1.6066
-1.6097
-1.8907
-1.8612
-1.0951
-1.2971
-0.4413
-0.4315
-0.6581
0.0247
0.2651
0.9143
1.5122
1.6352
2.8003
3.5537
3.1205
4.1870
4.1388
4.7237
4.0180
4.3363
3.8617
3.8904
3.7187
3.5706
3.4245
2.9187
2.7247
2.7156
2.6911
2.3771
2.9352
2.7066
2.7207
3.1037
2.9113
2.5208
2.9037
2.8686
3.0695
3.4364
3.5577
3.4364
2.9672
3.3617
3.1288
2.6389
2.4499
2.2929
1.9211
2.0064
1.2461
1.2043
1.3539
1.3092
0.8057
0.6484
0.6982
0.3143
0.4401
0.3145
0.0858
0.0182
-0.0290
0.1244
0.1189
-0.0937
-0.0997
-0.1096
-0.1710
-0.3267
-0.5419
-0.7395
-0.9259
-0.9124
-1.0890
-1.4898
-1.4325
-1.9301
-2.1174
-2.4116
-2.1488
-2.7415
-2.8689
-2.9980
-3.0015
-3.0974
-3.0705
-3.1265
-3.0410
-3.0466
-2.8342
-3.0822
-3.0859
-3.0998
-3.1852
-3.2831
-3.3373
-3.3536
-3.4563
-3.5256
-3.6631
-3.4475
-3.6140
-3.4999
-3.3451
-3.0368
-3.1554
-2.9909
-3.1849
-3.0830
-3.2926
-2.9043
-2.8068
-3.1565
-3.3322
-3.4519
-3.5378
-3.8279
-4.0973
-4.0600
-3.8510
-3.9990
-3.9790
-3.9022
-3.9695
-3.7730
-3.6860
-3.7563
-3.6755
-3.7778
-3.7782
-3.7090
-3.7101
-3.2207
-3.3884
-3.3531
-3.3121
-2.8988
-2.8930
-3.1528
-3.1778
-3.0430
-3.0951
-2.5341
-2.8537
-2.3917
-2.3850
-2.3331
-2.5878
-2.2248
-2.1624
-2.2119
-1.7488
-1.6961
-1.4384
-0.7958
-0.7230
-1.0417
-0.7226
-0.9534
0.0022
-0.2013
0.5793
0.5718
0.4398
1.0769
0.9717
1.4198
1.5023
2.0690
1.7155
2.2518
2.1169
2.0186
1.7695
2.0694
2.3362
1.7355
2.0447
2.4521
2.9834
2.4622
2.2703
1.7905
1.7710
1.4260
1.6909
1.8007
2.1910
1.8463
2.0491
2.3254
2.1254
1.9600
2.2277
2.2494
2.0899
2.2310
1.7885
2.0138
2.5401
2.6686
2.4055
2.8734
2.2860
2.5356
1.7249
2.0448
1.5125
1.2699
1.6237
1.2962
1.4620
1.1066
0.2391
0.5138
0.3669
0.5664
0.3620
0.0412
-0.1649
-0.5768
-0.5911
-0.3089
-0.3488
-0.4683
-0.0653
-0.1758
0.2304
-0.0436
-0.3302
-0.0698
-0.2527
-0.2823
-0.2981
-0.1895
-0.3108
-0.4895
-0.4379
-0.5124
-0.4341
-0.6730
-0.6962
-0.7203
-0.9871
-1.0846
-1.1343
-1.1562
-1.2049
-1.2029
-1.2050
-1.0623
-1.0053
-0.5880
-0.6819
-0.4190
-0.1128
0.0711
0.5503
0.2719
0.4014
0.2036
0.2204
0.0888
0.1944
0.1498
0.2839
0.1823
0.3384
0.7193
0.4461
0.2434
0.5161
-0.0262
-0.3391
-0.1792
-0.2682
-0.1935
0.2561
0.0187
0.7393
0.6983
0.4336
0.5741
0.5668
0.7898
1.2994
1.6265
1.7232
1.8957
1.3675
1.8223
1.8844
1.5725
1.8152
1.6602
1.8276
2.4791
2.5039
1.7085
1.4579
1.9260
1.8261
1.1805
0.2758
0.6993
0.5924
0.3070
0.6172
0.7095
0.3252
0.7401
0.6080
0.3954
0.4349
0.2812
0.0194
0.0080
-0.0841
-0.0528
0.3241
-0.0808
-0.2068
-0.0080
-0.1081
0.3020
-0.4951
-0.2440
-0.6421
-0.5526
-0.7013
-0.1525
-0.0405
0.0771
-0.1985
-0.0887
0.4439
0.1151
0.3060
0.1709
0.5406
0.8740
1.4394
1.4420
1.8329
1.2237
2.0780
1.2613
1.1555
1.6240
2.0939
1.4286
1.3642
1.1074
0.9673
0.6388
1.2662
2.0179
1.4396
1.7565
0.8492
1.3894
1.0354
1.1444
1.9743
1.1758
2.2817
2.2681
1.9232
1.9541
1.9324
3.3107
2.4491
2.1445
2.0079
2.5678
2.3357
1.2487
0.8384
0.5668
0.4801
0.7348
0.7356
0.7583
0.2501
0.1037
0.1090
-0.3083
0.1244
-0.3415
-0.8709
-0.9883
-1.6013
-1.2547
-1.1410
-1.0069
-0.8906
-1.4041
-1.1967
-1.2473
-1.4065
-1.5372
-1.5222
-1.4985
-0.9257
-1.5353
-1.4742
-1.4363
-1.4204
-1.3003
-1.3424
-1.6016
-1.5815
-1.5742
-1.5534
-1.4554
-1.4368
-1.3587
-1.3746
-1.4266
-1.2543
-1.5227
-1.5469
-1.5676
-1.5837
-1.5324
-1.5841
-1.5580
-1.5497
-1.5819
-1.5278
-1.6131
-1.6197
-1.6607
-1.6984
-1.7788
-1.8546
-1.7689
-2.0590
-2.1693
-2.0307
-2.3147
-2.3037
-2.3252
-2.2219
-2.0660
-1.9638
-1.6979
-1.4888
-1.5093
-1.4735
-1.1936
-1.3238
-1.3001
-1.2579
-1.2085
-0.9357
-1.0295
-0.3202
0.2151
-0.1055
-0.6501
-0.0293
-0.5812
-0.3384
-0.4283
-0.0772
0.1987
-0.1424
-0.5710
-0.5746
-0.4692
-0.6608
-0.5674
-0.2277
-0.4196
-0.5951
-0.5194
-0.7753
-0.3490
-0.4284
-0.3411
-0.2358
0.2871
-0.0178
0.3015
0.1617
0.6098
0.0250
0.2801
0.2012
0.4477
0.3717
0.6880
-0.0507
0.0928
-0.0433
-0.0915
0.4708
0.1816
0.7824
0.7261
1.0007
0.9151
0.6044
1.4125
0.8887
0.2651
0.7290
1.0142
1.3805
0.9254
0.7534
0.8413
0.8285
0.5894
0.9687
1.1205
0.8370
1.0555
0.9623
1.4043
0.9940
0.7149
1.0861
0.8511
1.3082
1.1130
0.9313
1.0358
0.9128
1.0296
1.0194
1.0954
1.1823
0.5758
0.9822
0.6232
0.5371
0.4082
0.7470
0.5963
0.8569
1.1396
0.6586
0.7592
0.6610
0.6739
0.6253
0.5972
0.9776
0.6796
0.8188
0.5391
0.9546
0.9839
0.8759
0.7984
0.8530
0.7427
0.8378
1.1375
0.7281
0.5982
0.9214
1.2818
1.2411
1.8996
1.4653
1.3607
1.5885
2.1258
2.2678
3.5476
3.5427
3.8553
4.0694
3.7566
3.9674
4.1057
3.9518
3.9433
3.9774
3.6873
3.6653
3.6527
3.1841
2.9678
2.4777
2.2096
2.0199
1.7293
1.6207
1.5817
1.4375
1.1104
1.3378
1.2472
1.5278
1.0381
1.3347
1.0379
0.9856
1.1350
0.5053
0.6552
0.5140
0.6235
0.8397
0.6519
0.8329
0.6636
0.4549
0.1208
0.2484
0.1200
0.1954
0.5186
-0.0876
-0.0555
-0.0047
0.2646
0.0762
0.0815
0.0544
0.0460
0.0617
-0.0087
0.0455
0.1107
0.1653
0.1311
0.5848
0.1972
-0.0305
-0.3997
-0.8472
-1.0082
-0.9673
-1.1972
-1.5361
-1.5509
-1.5082
-1.4543
-1.3466
-1.3845
-0.9776
-1.3552
-1.3162
-1.3976
-1.4289
-1.3407
-1.1161
-1.6513
-1.2510
-1.3941
-1.3984
-1.5668
-1.4603
-1.2524
-0.9547
-1.5756
-1.5392
-0.9409
-1.4498
-1.1837
-1.4700
-1.7260
-1.5230
-1.4491
-1.6237
-1.4229
-1.0419
-0.9727
-0.6934
-1.1435
-1.1529
-1.4319
-1.5601
-1.6581
-1.7953
-1.6244
-1.7924
-1.5148
-1.0549
-1.6462
-1.6076
-1.6917
-1.4067
-1.3966
-1.6264
-1.6272
-1.4315
-1.2183
-1.5505
-1.2720
-1.2959
-1.1827
-1.4967
-1.4485
-1.3087
-1.4048
-1.4152
-1.1269
-1.1642
-1.0661
-0.8191
-0.9588
-1.0523
-0.9389
-1.1162
-1.0826
-1.0437
-0.9750
-0.9064
-0.8172
-0.7544
-0.4844
-0.5724
-0.5842
-0.5266
-0.6340
-0.6508
-0.7472
-0.8016
-0.8720
-0.8800
-0.6006
-0.8125
-0.7721
-0.7772
-0.8154
-0.6047
-0.8211
-0.7042
-0.4148
-0.2157
-0.4418
-0.1327
0.6149
0.1636
-0.1621
0.2366
0.4509
0.4641
0.3197
0.8767
0.9980
1.0239
1.1036
1.0689
1.4012
1.4220
1.4064
1.4770
1.8057
2.2661
1.9273
2.0194
2.0994
2.1199
1.3971
1.6341
1.2249
1.5428
1.0302
0.9952
1.0078
1.1472
1.4510
1.4712
1.6084
2.1221
2.0150
2.5053
2.5763
2.9325
3.2957
3.6969
3.6810
3.7726
4.1793
3.8357
4.1861
4.0687
3.7425
3.9035
3.4679
3.5697
2.8516
2.7194
2.1995
2.1706
2.2029
2.0302
1.7317
1.7693
1.8233
0.7956
0.6834
0.8668
1.1212
1.6340
0.9247
0.9554
0.6064
1.1483
1.2789
1.8186
1.8402
1.8831
2.2296
2.3120
2.4588
2.5330
2.6904
3.4468
3.3407
2.8643
3.0532
3.1267
2.9375
3.0029
3.0291
2.7998
2.8349
3.0105
2.8940
2.7972
3.2520
2.6290
2.6413
2.6534
2.5008
2.6754
2.7414
2.4371
2.6092
2.2961
2.5481
2.2317
2.1796
2.4135
2.6367
2.4448
2.3368
2.9923
2.5857
3.1071
3.1356
3.6659
3.8039
3.6031
4.3378
3.9050
3.9378
3.5353
4.2100
4.1658
4.7039
3.8984
3.2776
2.7321
2.3157
2.2878
1.4784
1.5627
1.2801
1.2299
1.0410
1.2800
1.0797
0.8565
0.5713
0.9545
0.6566
0.1071
0.2670
0.1553
0.5143
0.7072
-0.1816
0.6950
0.6341
0.5774
0.7714
0.5835
0.3533
0.7340
0.7311
0.4852
0.5790
0.7468
0.1910
0.7460
0.5433
0.5409
0.4335
0.1079
0.5746
0.1782
0.5412
0.3153
-0.2126
0.0390
0.3055
0.9410
0.5470
0.8311
-0.0051
-0.0012
-0.0652
-0.0249
0.2957
-0.0955
-0.1687
-0.7509
-0.3979
-0.1194
-0.0073
0.2365
-0.1557
0.1016
-0.1958
-0.0493
-0.4998
-0.1997
0.0021
0.3725
-0.1792
-0.2610
-0.2315
0.0836
-0.4985
-0.0802
-0.5851
-0.7405
-0.7998
-0.1222
-0.6080
-0.7007
-0.4938
-0.4682
-0.6505
-0.6126
-0.2351
-0.3584
-0.5077
-0.4526
-0.2409
-0.2591
-0.0758
-0.1624
-0.2597
-0.0407
-0.1548
-0.2527
-0.1912
-0.4090
0.0220
-0.3015
-0.4225
-0.1549
-0.3411
-0.5710
-0.4605
-0.6119
-0.6831
-0.6331
-0.5396
-0.7376
-0.3293
-0.0245
-0.4109
-0.5642
-0.6098
-0.3859
-0.3379
-0.3469
0.0669
-0.0949
0.0275
0.1218
0.1695
-0.1589
0.1525
-0.0026
0.1368
-0.0475
-0.1552
0.0200
-0.0694
0.1197
-0.0294
-0.0477
-0.1104
-0.0583
-0.2490
-0.2074
0.2171
-0.1200
-0.1597
0.1375
0.0304
0.1476
-0.0010
-0.0701
0.1534
-0.0144
0.0303
0.0373
0.1676
0.3914
0.2593
0.4085
0.3081
0.3584
0.4009
0.3167
0.3767
0.4920
0.5634
0.3298
0.4825
0.3626
0.4975
0.1680
0.4318
0.6987
0.2949
0.7344
0.6414
0.9685
0.8843
1.3281
1.1660
1.3246
1.8107
1.4757
1.3585
1.7183
1.2319
1.4729
1.2806
0.8186
0.6853
1.1185
0.9089
1.0713
1.4748
1.4424
1.0141
0.9790
0.9800
0.7296
0.6504
0.7288
0.9230
0.9120
0.9475
0.6840
0.6601
0.4011
0.4516
0.5448
0.7092
1.2418
1.3907
1.1110
1.4231
1.3149
1.5967
1.3272
2.0751
1.3807
1.0765
1.0241
0.9009
1.0378
1.0831
0.5394
0.5067
0.3843
0.4899
0.4402
0.5179
0.7195
0.6183
0.4479
0.7016
0.3151
0.4437
-0.0653
-0.0043
-0.6167
-0.4268
-0.6610
-0.3812
-0.8432
-1.0144
-0.5861
-0.7002
-0.6650
-0.4733
-0.7893
-0.4026
-0.2859
-0.0862
-0.2404
-0.4241
-0.8324
-0.6445
-0.9296
-1.2067
-0.9754
-0.7174
0.0082
-0.1737
0.5011
0.1702
-0.0172
0.9409
0.8359
0.6914
1.6756
1.1310
1.5780
1.1802
1.5182
1.2385
1.8309
1.2582
1.3085
1.0831
1.4222
1.4027
1.0634
1.7830
1.6007
1.9705
2.0784
1.7143
1.5826
1.6781
1.8292
2.2696
1.6747
1.2672
2.4575
1.1669
1.5991
1.3431
1.6029
1.4964
1.4714
1.3853
1.9250
1.6469
2.0077
2.2628
2.0277
2.2734
2.1332
2.0233
2.0913
2.0065
2.0750
2.0234
1.5347
1.9355
1.2687
1.3725
1.2024
1.2487
0.9841
1.3316
1.1622
1.1627
0.7313
0.5366
0.5380
0.4037
0.1572
-0.1075
-0.0131
-0.4526
-0.7260
-0.7440
-0.8321
-0.9177
-1.0269
-1.3644
-1.3687
-1.2411
-1.8384
-1.7292
-1.7391
-1.9197
-1.8583
-1.9108
-1.9487
-1.8371
-1.9305
-1.5579
-1.5031
-1.8099
-1.6639
-1.5900
-1.5784
-1.7287
-1.5731
-2.0268
-1.5494
-2.0299
-1.9733
-2.0256
-1.9689
-2.1374
-2.2276
-2.1440
-2.2297
-2.6257
-2.8351
-2.6419
-3.1028
-3.0927
-3.1744
-3.0169
-2.9782
-2.7717
-3.1363
-3.0719
-3.0602
-2.1271
-3.1514
-3.0157
-2.3031
-2.6553
-2.5408
-2.5789
-2.6727
-2.7368
-2.8371
-2.7325
-3.1461
-2.8838
-3.4540
-3.4818
-2.9048
-3.1046
-2.9480
-3.0905
-2.9989
-3.1272
-3.3137
-3.3592
-3.1173
-3.2800
-3.0597
-3.2247
-2.9031
-2.8855
-2.6369
-3.0090
-2.7131
-2.8939
-2.6405
-2.4895
-2.3522
-2.8547
-2.8227
-2.9342
-3.2747
-3.2730
-3.4311
-3.4469
-3.7068
-3.6818
-3.7920
-3.7515
-3.6083
-3.5859
-3.7489
-3.7368
-3.5585
-3.5532
-3.4141
-3.5491
-3.4936
-3.6028
-3.3567
-3.5713
-3.4389
-3.1321
-3.2224
-3.2400
-3.2624
-3.3008
-3.3425
-3.2673
-3.3668
-3.2859
-3.3983
-3.3202
-3.1652
-3.1418
-2.9595
-2.9692
-2.8764
-2.8631
-2.8388
-2.8905
-2.7660
-2.7840
-2.4962
-2.6720
-2.3412
-2.3533
-2.1548
-1.8081
-1.4595
-1.6571
-1.4958
-1.0401
-0.9391
-0.4699
-0.2961
-0.1143
-0.0181
0.0519
-0.0659
-0.1883
-0.3588
-0.6805
-0.8624
-0.9052
-1.3429
-1.5093
-1.7715
-1.5133
-1.5073
-1.2784
-1.2391
-1.3863
-1.2043
-1.2025
-0.8557
-0.9369
-0.3911
-1.2283
-1.2150
-0.9424
-0.9719
-0.7637
-1.0121
-1.4893
-1.4368
-1.3553
-1.6355
-1.2307
-1.5268
-0.9931
-1.0101
-1.1146
-1.1599
-0.6006
-1.0093
-0.8127
-0.7680
-0.2352
-0.0658
-0.0030
0.1578
0.2596
0.3683
0.3967
0.5686
0.6988
0.6295
0.3428
0.4906
0.0625
0.2850
0.2136
0.2395
-0.0566
0.2621
-0.0196
0.1922
0.0594
0.2056
0.2825
0.5654
0.6464
0.9932
1.3610
1.8055
2.3226
2.9390
3.1932
3.5718
4.1315
4.3379
4.4187
4.1137
4.1634
4.2735
4.3475
4.3820
4.0924
4.0798
3.7141
3.1762
3.6622
3.1042
3.4141
3.3530
3.1445
2.6394
2.5486
2.2704
2.4578
2.3891
1.5075
1.3760
0.8690
1.0437
0.9582
1.4185
1.3606
1.1062
1.5263
0.6956
0.5128
1.2048
1.4383
0.6507
1.5546
1.0149
1.4869
1.6573
2.2770
2.2656
2.2586
3.4230
2.4867
2.6715
3.2962
2.8264
2.6505
2.7714
3.4786
2.5984
2.9469
2.3605
2.1737
2.3678
2.1284
1.4917
1.2029
1.2311
1.8611
1.2261
0.9923
1.4836
2.6544
1.0824
1.4005
0.9934
0.3550
-0.6341
-0.3295
-0.3368
-1.0479
-0.5567
-1.4249
-1.1630
-1.0116
-1.4666
-0.5535
-1.7960
-1.0199
-1.4923
-1.0732
-1.1222
-0.2042
-0.6966
-1.0148
-0.7635
-0.8046
-0.4849
-0.5435
-0.4456
0.1169
-0.0241
0.4747
0.0465
-0.2441
-0.3802
-0.4539
-0.5435
-0.3963
-0.7589
-0.8760
-1.0635
-0.9331
-1.2043
-0.8506
-0.7354
-0.6832
-0.2009
-0.4219
-0.5443
-0.7328
-0.8339
-0.2643
-0.5897
-0.5770
-0.4265
-0.1599
-0.6078
-0.3617
-0.2371
-0.2344
0.8420
0.6775
0.8826
0.4412
0.3472
0.0905
0.1092
0.5032
0.2821
0.0487
0.1901
-0.0621
0.2581
0.1011
0.2503
0.0321
0.4850
0.3791
0.0102
-0.0515
0.4057
-0.1142
0.4129
-0.3383
-0.1801
-0.5341
-0.3701
-0.5026
-0.4378
-0.6305
-0.5352
-0.7548
-0.6656
-0.8085
-0.9058
-0.7428
-1.1265
-1.0245
-1.2972
-1.1223
-1.2389
-1.3380
-0.2229
-0.8861
-0.7946
-0.6112
-0.6415
-0.7027
-0.8061
-0.8181
-0.6496
-0.3603
0.2009
-0.0150
0.3195
0.6314
0.8766
1.1018
1.2094
1.3899
1.4400
1.4830
1.5472
1.8596
1.6175
1.8567
1.4644
1.6571
1.6535
1.4018
1.6091
1.5600
1.5079
1.2259
1.4113
1.5194
1.5789
1.6038
1.8679
1.9083
1.7187
1.8123
1.6207
1.6929
1.1397
0.9138
0.9366
0.9118
0.9976
1.0904
1.1410
1.0537
1.0754
0.5541
1.1124
0.8441
1.0186
0.9567
0.8105
0.8432
1.5213
1.0654
1.0921
1.0942
0.5896
0.7462
0.6331
0.9808
0.7917
0.7798
1.0269
0.2917
0.4668
1.7407
1.0099
1.1694
1.2554
2.2279
1.6370
1.3481
1.3451
0.8141
1.1321
1.3719
1.0714
0.8876
2.3248
1.8134
1.8647
1.6150
1.7903
1.7604
2.4234
2.0235
3.0180
2.7982
3.8414
3.4594
3.7985
3.4397
4.0659
3.5560
4.5768
4.3031
3.8958
4.5827
5.4338
5.3426
6.3676
6.0987
6.4442
7.4930
6.7289
7.3128
6.8040
7.5266
7.7342
7.6587
8.1285
8.3406
8.3833
8.3488
8.1120
8.0277
8.1148
7.6545
7.2769
7.8820
7.4056
7.4899
8.0176
8.1674
8.0081
8.0585
7.8418
8.1839
7.8845
7.8725
7.5968
7.2176
6.6610
5.8185
4.8916
5.3853
4.7363
3.7770
3.0131
2.7734
2.1108
2.4000
1.7413
1.6948
1.2906
1.2364
0.9107
0.6505
0.3384
-0.0656
0.0424
-0.5087
-0.1166
-0.1189
-0.0563
-0.0934
-0.1582
-0.4509
0.0452
0.1281
0.2142
-0.2806
-0.1638
0.0917
-0.1486
-0.2615
-0.3310
-0.2575
-0.4267
-0.6190
-0.6497
-0.0810
-0.9074
-0.7566
-0.5140
-0.5725
-0.9607
-0.5237
-1.0231
-0.8695
-1.5336
-1.8429
-1.6895
-1.4327
-1.6914
-1.9212
-2.2287
-2.2545
-2.3913
-2.3630
-2.4369
-2.1243
-2.3707
-2.2688
-2.3081
-2.3099
-2.3854
-2.4468
-2.4356
-2.4993
-2.2626
-2.4717
-2.3833
-2.3404
-2.3015
-2.3800
-2.4486
-2.2607
-2.5809
-2.5702
-2.6656
-2.6527
-2.6488
-2.4669
-2.6944
-2.6117
-2.6620
-2.5891
-2.6958
-2.5812
-2.6072
-2.4466
-2.2724
-2.3438
-2.3506
-2.2834
-2.2150
-2.2244
-2.1918
-2.0881
-2.2787
-2.3244
-2.2382
-2.3657
-2.3493
-2.2687
-2.3898
-2.4352
-2.1456
-2.2780
-2.1997
-2.4989
-2.3581
-2.3594
-2.0401
-2.1628
-2.1068
-2.0738
-2.1311
-1.8298
-2.2900
-2.0889
-2.1012
-2.1786
-1.8856
-1.8165
-2.0531
-1.9111
-2.1778
-2.1058
-1.7912
-1.8481
-1.3367
-1.3444
-1.1401
-0.8601
-0.9488
-1.0672
-0.6664
-0.3115
-0.5428
-0.5336
-0.1860
-1.0013
-0.7751
-0.7765
-0.8756
-0.6947
-0.8525
-0.6562
-0.9473
-0.9612
-1.0899
-0.7908
-0.8805
-0.9613
-0.9878
-0.9570
-0.8531
-1.2798
-1.2277
-1.2579
-0.9825
-1.6811
-1.7096
-1.3156
-1.5085
-1.4704
-1.4752
-1.5506
-1.2813
-1.5922
-1.5977
-1.5544
-1.7356
-1.9008
-1.8929
-1.9182
-1.9083
-1.9824
-2.0410
-2.1777
-2.2356
-2.3600
-2.4307
-2.4659
-2.4494
-2.2085
-2.2981
-2.3398
-2.3642
-2.5063
-2.6375
-2.7114
-2.6609
-2.9281
-3.0283
-2.9784
-3.0868
-3.0895
-3.2480
-3.2940
-3.3354
-3.3601
-3.3766
-3.1717
-3.3989
-3.3915
-3.4599
-3.4669
-3.5062
-3.4828
-3.2164
-3.4548
-3.4583
-3.5660
-3.6111
-3.2195
-3.2692
-3.4024
-3.3349
-3.7296
-3.5041
-3.4943
-3.2117
-3.3876
-2.9094
-3.5939
-3.3767
-3.5340
-2.8297
-3.1336
-2.4091
-2.7232
-2.5085
-2.3795
-1.9535
-2.2010
-1.8720
-1.7880
-1.3178
-1.2883
-1.3995
-1.4238
-1.0704
-1.1923
-1.0362
-1.2315
-1.1981
-1.4076
-1.2884
-1.1349
-1.3797
-1.3352
-1.5770
-1.7826
-2.0375
-2.2253
-2.1551
-2.3153
-2.1471
-2.4769
-2.4200
-2.5782
-2.2417
-2.3162
-2.0007
-1.9040
-1.7339
-1.4903
-1.3647
-1.1256
-0.9081
-0.7790
-0.5679
-0.2673
-0.0356
0.5287
0.7517
0.8134
1.0882
1.5963
1.5560
2.1841
1.8174
2.6611
2.1255
2.3648
2.0258
1.9908
1.8533
1.9978
2.2546
2.4272
2.3248
1.7759
1.6197
0.8922
0.8170
0.5991
0.1674
0.2549
0.4872
0.4141
0.5463
0.6498
0.4408
1.6652
0.5087
1.0104
0.5259
0.7267
1.2483
0.6972
0.8253
1.0257
1.3958
1.1768
1.1243
0.7056
0.7668
0.7260
0.9835
0.5528
1.0924
0.7438
1.0086
0.5632
1.2725
0.2692
0.1397
-0.2882
0.6137
-0.2461
-0.3450
-0.8555
-1.0534
-1.2933
-1.3564
-1.3005
-1.3654
-1.5762
-1.4814
-1.4831
-1.6770
-1.7819
-1.6829
-1.6405
-1.3209
-2.0046
-2.0770
-1.7831
-2.1125
-1.8872
-1.7685
-1.4363
-1.6767
-1.3263
-1.2443
-1.5047
-1.0967
-1.6621
-1.7426
-0.7593
-1.2744
-1.1992
-1.3063
0.5898
0.2552
-0.6797
-0.0695
-0.7205
0.2988
-0.6222
0.1486
0.0863
-0.1549
0.5792
0.0177
0.2943
0.0399
-0.0891
-0.1601
-0.1016
-0.3129
-0.1660
-0.4107
-0.4041
-0.1082
-0.2378
-0.0420
-0.0065
0.2195
0.4181
0.6405
0.5289
0.4142
0.0777
0.3204
-0.1436
-0.6233
-0.7503
-0.8063
-0.7562
-1.1888
-1.3581
-1.5035
-1.5250
-1.9481
-2.0189
-2.0622
-1.8949
-2.1143
-2.0917
-2.1630
-2.0915
-2.2412
-2.2486
-2.3807
-2.4410
-2.5082
-2.5538
-2.5961
-2.6031
-2.4143
-2.5925
-2.5869
-2.5462
-2.5401
-2.4848
-2.4947
-2.4614
-2.4288
-2.4765
-2.4531
-2.5087
-2.4585
-2.1821
-2.3073
-2.1715
-2.1224
-2.0125
-2.0409
-1.9885
-1.9853
-1.9113
-1.7709
-1.7354
-1.4414
-1.6686
-1.6365
-1.5998
-1.5681
-1.5056
-1.4396
-1.1404
-1.0879
-0.5833
-0.7818
-0.5418
-0.2906
-0.0219
0.5184
0.7003
1.0865
1.4943
1.8299
1.8670
2.3128
2.2082
2.5924
2.2314
3.4595
2.3496
2.7601
2.1809
2.6562
2.7426
3.5084
2.7490
3.3607
3.0813
3.1567
2.8935
2.8797
3.3319
2.7321
3.1285
3.4058
3.4539
3.0551
3.2913
3.7118
3.9385
3.7014
3.2396
3.2053
2.4318
2.3259
2.2778
2.3018
1.9832
1.7516
1.9541
1.7040
1.7650
1.5568
1.9562
1.7899
1.7009
2.7283
1.8854
1.8517
2.1058
1.5490
2.0648
2.4248
3.0244
1.6613
2.3033
2.4459
2.3688
2.4858
1.8952
2.1788
1.9244
1.9048
2.5672
1.7232
2.1223
2.0042
2.0863
2.5427
2.6882
3.2462
2.8498
2.7434
2.8734
3.4309
3.2104
4.0262
4.0796
3.9128
4.0004
4.6913
3.4241
3.0661
2.8547
3.2467
3.7765
2.9342
2.9925
2.8106
2.5142
3.1901
3.0628
2.5743
2.3160
2.7240
2.2234
1.9678
1.5255
1.3729
1.7050
1.8499
2.3787
2.0153
2.1245
1.9665
2.3266
2.5642
1.5652
1.7018
1.5275
1.5873
1.3678
1.6856
1.7372
1.6093
1.8097
1.3814
1.5815
0.7619
0.8996
0.8758
0.7949
0.3367
0.4728
0.1706
0.4348
0.5302
0.6716
0.6993
0.5470
0.6642
0.5013
0.4838
0.4995
0.5530
0.7257
0.7644
0.5674
0.8401
0.4546
0.5705
0.4021
0.6677
0.2725
0.4182
0.3634
0.8843
1.2285
1.1714
1.0747
1.2100
1.0560
0.9619
1.4353
1.9772
1.0946
1.5886
1.4302
0.6357
0.9331
0.5864
0.6082
0.9957
1.1351
0.5475
0.9538
0.9403
1.2063
0.9704
1.4354
1.2335
2.1551
1.9328
1.6019
1.6957
1.8030
2.1324
2.7682
2.3289
3.0188
2.3300
2.1815
2.6602
2.8312
3.1269
3.8016
3.2533
3.3155
3.4535
2.9231
2.8209
3.3007
3.0158
2.7996
2.8502
2.8196
2.9031
2.9135
2.7328
2.7006
2.7288
2.9936
2.8244
2.7460
2.6721
2.6724
2.5337
2.4506
2.5765
2.3823
2.2148
2.3458
2.1490
2.0595
2.1616
2.0999
2.4003
2.1630
2.2954
1.9588
1.9022
2.0194
2.2683
2.2386
2.3185
2.5989
2.3073
2.1343
2.0737
1.7412
1.5979
1.5539
1.4108
0.9729
0.9717
0.9047
0.9420
1.1657
1.0758
1.2283
0.9501
0.7509
0.7016
1.0140
0.3944
0.5493
0.1913
0.3065
0.5133
0.5169
0.7436
0.1695
0.5625
0.6670
0.9966
0.4011
0.5101
0.2223
0.4278
0.2529
-0.1370
0.2972
-0.1062
-0.1128
-0.2429
-0.4081
-0.4350
-0.1145
-0.4053
-0.8521
-1.0712
-1.2010
-0.7903
-1.4597
-1.6103
-1.2516
-1.5809
-1.3419
-1.6503
-1.4977
-1.7733
-1.8944
-2.0266
-1.9227
-2.0115
-1.8370
-1.8599
-1.4822
-1.1400
-0.9906
-0.6152
-0.9043
-0.9253
-0.7461
-0.9575
-1.0399
-1.1275
-1.2664
-1.4037
-1.4851
-1.1483
-1.6457
-1.7024
-1.7314
-1.6806
-1.7352
-1.8039
-1.9628
-1.8851
-1.8660
-1.5215
-1.5722
-1.7197
-1.6492
-1.6395
-1.9124
-1.6866
-1.8426
-1.8326
-1.7774
-1.6925
-1.7100
-1.6091
-1.7059
-1.6598
-1.4955
-1.7030
-1.7668
-1.8569
-1.7729
-1.4602
-1.3956
-1.5287
-1.5877
-1.4583
-1.5711
-1.3960
-1.0206
-1.2482
-0.9728
-0.6061
0.1811
-0.4754
-0.1893
0.0724
0.0443
0.0837
0.4819
-0.0219
0.4753
0.3638
1.0078
0.4884
0.9974
0.8483
1.2138
0.7977
1.0509
0.8801
1.6208
1.1288
1.3212
1.6510
1.1907
1.9031
0.8648
1.4002
1.3355
1.6518
0.9312
1.1225
1.1985
1.0057
0.6994
0.5978
0.8477
0.1809
0.1124
0.1974
0.2675
-0.1071
0.3039
0.0789
0.5123
0.1850
0.3662
0.4316
0.1914
0.4503
0.5147
0.5645
0.3628
0.9408
0.5912
0.7262
0.8212
1.1155
0.9321
1.0314
0.8466
1.1661
0.5484
1.0856
1.5947
1.5698
0.5171
0.5842
0.6750
0.6813
1.0592
0.9668
0.6685
1.3911
1.0822
0.9105
0.8418
0.4198
0.5732
0.9559
-0.0423
-0.7407
-0.4456
-0.7053
-0.7831
-1.1197
-1.0959
-1.4015
-1.2082
-1.5843
-1.4175
-1.5037
-0.5333
-0.8898
-0.9636
-1.7163
-1.2132
-1.1250
-2.1379
-1.9790
-1.8363
-1.8705
-1.9377
-1.9803
-1.9078
-1.5970
-2.1849
-2.2734
-2.4051
-2.0799
-2.6508
-2.3987
-2.5038
-2.6505
-2.7177
-3.0887
-2.8489
-3.0862
-2.9500
-2.4469
-3.1849
-3.0071
-3.3201
-3.2786
-3.3873
-3.3793
-3.6955
-3.8264
-3.4311
-3.4597
-3.4418
-3.5160
-3.2981
-3.3485
-3.4498
-3.3739
-3.7982
-3.8172
-4.1304
-4.1964
-4.2879
-4.1709
-4.3992
-4.3966
-4.1401
-3.7998
-4.3623
-4.4540
-4.5216
-4.7878
-4.8648
-4.8677
-4.8812
-5.0007
-5.0293
-5.1558
-5.1765
-5.1354
-5.1762
-5.0955
-5.0395
-5.0264
-5.3717
-5.3946
-5.3958
-5.4351
-5.4409
-5.4731
-5.4756
-5.4510
-5.3392
-5.3122
-4.9936
-5.1523
-5.0430
-4.9343
-4.8185
-4.8182
-4.7235
-4.7228
-4.6131
-4.5580
-4.3013
-4.4653
-4.4114
-4.3504
-4.2836
-4.1361
-4.1039
-3.9968
-3.9853
-3.8687
-3.7348
-3.4153
-3.5497
-3.5247
-3.4831
-3.4807
-3.4163
-3.4310
-3.3781
-3.3474
-3.1948
-3.1680
-3.0583
-3.0714
-2.9812
-2.7007
-2.7879
-2.7117
-2.6064
-2.5514
-2.4028
-2.4056
-2.3489
-2.3885
-2.4139
-2.3871
-2.4466
-2.4594
-2.4750
-2.5005
-2.4943
-2.3601
-2.5900
-2.6164
-2.6117
-2.4790
-2.4684
-2.3502
-2.3723
-2.3324
-2.3153
-2.2609
-2.3251
-2.3576
-2.4742
-2.5306
-2.5224
-2.2915
-2.4567
-2.4098
-2.4332
-2.4717
-2.5478
-2.6395
-2.7291
-2.7976
-2.8647
-2.8631
-2.8542
-2.8034
-2.7732
-2.7653
-2.7717
-2.4940
-2.7009
-2.5923
-2.6026
-2.5191
-2.5034
-2.4689
-2.4846
-2.4408
-2.3689
-2.2857
-2.1319
-2.0052
-1.9071
-1.6351
-1.7956
-1.4550
-1.5544
-1.3956
-1.2695
-1.1956
-0.9700
-1.0006
-0.8977
-0.7141
-0.9593
-0.9597
-0.7879
-0.9236
-0.6024
-0.3695
-0.0244
0.0995
0.5771
0.5747
0.7527
1.2249
1.7719
2.5141
2.4471
3.5006
3.4780
3.1191
2.7317
3.0155
2.4735
2.3917
3.0453
2.2464
2.2477
1.8603
1.6022
1.7568
1.3359
1.6301
1.2298
1.2177
1.1126
1.0733
0.7431
1.1848
1.5443
1.6338
2.0212
2.5152
2.3938
1.9376
1.8861
1.6790
1.8789
1.7045
1.6133
1.5484
1.2644
1.5920
0.9503
0.8104
1.4276
0.5000
0.2885
0.5097
0.9369
0.7056
1.0680
1.1880
1.2866
0.8662
0.8788
0.7426
1.0959
0.7571
0.8286
0.8495
0.9796
0.3587
0.9747
0.9671
1.5231
1.5738
2.0654
2.2637
2.7496
3.4726
2.7932
3.4292
3.0342
3.1649
3.1750
2.8864
2.8503
2.6212
2.8234
1.9417
2.0728
2.2526
1.6297
1.8948
1.2467
1.6834
1.7059
1.9195
1.5601
1.0125
0.4654
0.6645
0.7156
1.0162
0.1284
-0.0225
-0.4747
-1.1091
-0.9254
-1.1849
-1.6522
-1.4909
-1.4779
-1.4084
-1.4691
-1.5955
-1.3146
-1.2462
-1.3559
-1.4513
-1.1404
-1.0819
-0.6521
-0.5382
0.1765
0.2908
1.1289
1.1770
1.8096
2.0347
1.8627
1.8233
2.6662
2.0005
2.5117
1.6738
1.7570
2.0307
1.6072
1.4953
0.6173
0.4808
0.2310
0.2013
-0.1448
-0.5261
-0.4761
-0.6983
-0.2424
-0.2958
0.3134
0.4999
0.2803
0.2238
0.1434
0.3707
0.9623
1.0259
0.6024
0.8226
0.9970
1.0979
1.0314
0.9955
0.6753
0.8391
1.1159
1.3169
0.6233
0.9835
1.4375
2.3957
1.6024
2.3610
2.0899
2.6795
3.2311
2.4530
2.4992
2.2284
3.9349
2.5469
2.4976
2.2398
1.9513
2.1513
2.4262
2.3656
2.1905
2.7075
2.2960
1.7706
1.5224
1.5747
1.7423
0.9105
1.2015
1.1440
1.0001
0.7240
0.5485
0.5529
0.6600
0.5558
0.4304
0.4017
0.1037
0.0384
0.0654
0.0415
0.1530
-0.1136
0.5839
0.3540
0.6170
0.5736
1.3287
2.0614
1.3092
3.1139
2.3764
1.6942
2.4848
2.4182
2.1915
2.8826
2.8341
3.3846
3.3145
2.8139
2.8795
2.8147
3.5316
3.6310
3.0791
4.0715
3.5235
3.8515
3.7358
4.1249
4.0096
3.5624
3.3912
3.7292
3.3917
3.7553
3.5415
3.6739
3.9232
3.7558
4.1965
3.9867
3.9162
3.9665
3.9270
4.7651
4.8056
6.1827
4.8347
4.6477
4.9321
5.9773
6.0862
6.3946
6.8279
7.5794
7.5310
7.8309
7.3066
7.4314
7.6268
7.5676
7.3292
7.1541
7.0795
6.4445
5.2917
5.0351
4.5871
4.6122
4.0722
3.9392
3.2342
2.5474
2.3818
2.0626
1.5746
1.6034
1.2428
1.1696
1.7380
1.1919
1.0070
0.9605
0.9790
1.7775
1.2799
1.5347
1.6444
1.4977
1.6624
2.0444
1.9951
1.4411
1.0747
0.7541
0.7899
1.0263
1.2669
0.8367
0.5392
0.7673
0.2383
0.1233
0.7592
0.1432
0.4895
0.5288
0.3868
0.5090
0.2671
0.7749
0.2951
-0.0502
0.3136
-0.3338
0.3265
0.0035
0.0492
0.0672
0.0234
0.6437
0.9016
0.6340
-0.0206
0.6392
0.5170
0.8560
0.4103
0.1532
0.3022
0.0630
-0.5002
-0.4083
-0.8995
-0.8100
-0.6307
-1.4274
-1.8024
-1.9626
-1.6888
-1.7383
-2.2477
-2.1797
-2.2319
-2.0316
-2.2274
-2.3074
-2.1617
-2.0888
-2.0307
-2.3406
-2.2811
-2.3684
-2.0852
-2.3321
-2.1855
-2.2100
-2.1736
-2.0496
-2.2810
-2.2990
-2.0258
-2.2837
-2.1696
-2.1419
-2.0614
-2.0568
-2.1221
-1.8683
-2.2686
-2.4030
-1.9627
-1.5244
-1.7590
-2.1817
-2.6771
-2.4881
-2.7331
-2.2649
-2.6493
-1.9336
-2.2652
-2.3353
-2.4538
-2.4990
-2.2843
-1.9489
-1.2767
-1.8526
-1.5741
-2.4038
-1.7516
-1.7459
-1.5052
-1.4482
-1.5303
-1.2541
-1.8644
-1.8488
-1.5291
-1.7451
-1.9235
-1.7971
-1.6765
-1.6428
-1.4497
-1.6749
-1.7455
-1.7686
-1.6857
-1.5242
-1.7133
-1.7028
-1.8272
-1.4023
-1.7734
-1.6060
-1.5339
-1.6411
-1.6402
-1.5606
-1.3625
-1.4817
-1.6566
-1.6017
-1.5120
-1.5511
-1.5214
-1.3777
-1.4845
-1.4470
-1.5259
-1.3096
-1.4567
-1.4456
-1.3666
-1.3209
-1.3169
-1.0997
-1.3694
-1.4200
-1.3900
-1.1387
-1.2448
-1.1796
-0.9719
-0.8941
-0.9941
-1.2266
-0.9958
-1.1889
-1.1338
-0.9789
-0.9666
-0.7517
-0.5970
-0.6851
-0.7523
-0.7761
-0.8297
-0.6305
-0.9694
-1.0910
-1.3514
-1.5689
-1.7562
-1.8854
-1.7416
-1.9774
-1.9872
-1.9762
-1.9892
-2.0229
-1.9457
-2.2335
-2.3900
-2.4457
-2.3948
-2.5324
-2.5735
-2.4695
-2.3967
-2.4071
-2.3238
-2.4257
-2.4347
-2.0470
-2.5507
-2.5784
-2.6775
-2.6670
-2.1209
-2.3850
-2.8841
-3.0075
-2.7292
-3.2062
-3.1473
-3.4307
-3.4100
-3.3693
-3.3150
-3.1906
-3.2346
-3.2108
-3.3129
-3.2496
-3.2810
-2.9594
-3.1635
-3.0644
-3.0349
-2.9497
-2.8540
-2.8341
-2.8018
-2.8051
-2.6989
-2.5453
-2.7144
-2.8429
-2.8750
-2.8818
-2.8792
-2.8457
-2.8582
-2.8364
-2.8124
-2.7404
-2.6595
-2.5045
-2.4918
-2.2225
-2.4537
-2.4387
-2.3634
-2.3525
-2.2805
-2.0540
-2.2014
-2.1665
-2.1234
-2.0817
-2.0266
-1.9972
-1.9423
-1.8598
-1.6716
-1.5466
-1.3836
-1.1319
-0.9636
-1.1987
-1.1655
-1.3112
-1.3420
-1.3532
-1.3984
-1.3534
-1.4490
-1.4901
-1.5532
-1.7329
-1.7522
-1.9319
-1.9410
-1.7913
-1.9855
-1.9506
-1.8030
-1.7193
-1.5013
-1.0337
-0.8523
-0.8532
-0.7466
-0.4200
-0.2772
-0.4598
0.0162
-0.2102
-0.1142
-0.1056
0.2283
0.1332
-0.0163
0.4633
0.2183
0.1530
0.6088
0.6869
0.4045
0.9353
0.9033
1.1275
1.2282
1.4761
1.6314
1.6937
2.4073
2.7595
2.9395
3.0407
3.2039
3.2304
3.3255
3.0672
2.7542
2.7715
2.8263
2.7992
3.0803
2.2176
1.9923
2.7016
1.5469
1.4587
1.4733
1.4557
1.2342
1.2642
1.8678
1.8467
1.2168
1.1858
0.5241
0.3744
0.5991
-0.0025
-0.3548
-0.1149
-0.0738
-0.0513
-0.4873
-0.1910
0.1045
0.0157
-0.8450
-0.6663
-0.8430
-0.6963
-1.0987
-0.4755
-1.1463
-1.2435
-0.9062
-0.9546
-1.0336
-1.2007
-1.4846
-1.4219
-1.5080
-1.4788
-1.3988
-1.7328
-1.5968
-1.3610
-2.2035
-2.2269
-1.7524
-2.0808
-1.5066
-2.2027
-1.9725
-2.0708
-1.8638
-1.6122
-1.7685
-1.1317
-1.7025
-1.5482
-1.6202
-1.5101
-1.6778
-2.0110
-1.9838
-1.8101
-1.3715
-1.6175
-1.1666
-1.0312
-1.0509
-1.2910
-1.1039
-1.3222
-1.1883
-1.1451
-0.4913
-0.2299
-0.3879
-0.2534
-0.0530
0.3231
0.3252
0.3972
0.4888
0.9925
1.4336
1.7071
1.6591
1.7070
1.4336
1.2349
1.4799
1.4720
1.6536
2.0201
1.8569
2.0093
2.0285
1.9548
2.3423
2.0329
1.9690
1.7259
1.6425
1.6828
1.6425
0.8551
0.7171
0.6055
0.7215
0.6006
0.4098
0.3606
0.4313
0.4505
0.9302
0.5629
0.7116
0.4763
0.4191
0.5857
0.5427
0.3505
0.0497
-0.0194
-0.1871
-0.5882
-0.3922
-0.7738
-0.9376
-0.9714
-0.9267
-1.1800
-1.1547
-0.7717
-0.9387
-1.2436
-1.0267
-1.2229
-0.8276
-1.1199
-1.2620
-1.4038
-1.5613
-1.7334
-1.6987
-1.8231
-1.6408
-1.8137
-1.7468
-1.8869
-1.5191
-2.0615
-1.9098
-2.1114
-2.0546
-1.9657
-1.9415
-2.0134
-1.5943
-1.7274
-1.5106
-1.4640
-1.4924
-1.4149
-1.6043
-1.7038
-1.7562
-1.5974
-1.9900
-2.0640
-1.8772
-1.7105
-1.8146
-1.6177
-1.4610
-1.5766
-1.4781
-1.3314
-1.1880
-1.1106
-1.2171
-0.3026
-0.5700
-0.6718
-0.6481
-0.7893
-0.8126
-0.3651
-0.3783
-0.2929
-0.4516
0.2183
-0.2387
0.0892
-0.3474
0.4510
0.2966
0.3472
0.3314
1.1164
0.6066
1.1986
1.7478
2.2768
2.6146
2.5258
2.9273
2.6792
3.2783
3.2746
4.0008
4.0325
4.3125
4.1889
3.9899
4.2180
4.2660
4.0909
4.2065
3.7468
3.9848
3.4960
4.1039
3.2283
3.5821
3.6102
3.2361
3.4231
3.5631
3.8554
4.1963
3.9057
4.1909
4.3540
4.0738
4.3762
4.6483
4.0760
4.3937
4.4976
4.4490
4.8675
4.2733
4.9622
4.7555
5.2893
5.3662
4.3956
4.6013
4.8726
3.3417
3.3662
2.3797
2.4660
1.8031
1.7867
1.8496
1.8557
2.0063
1.5062
1.6618
1.6501
1.7747
1.2349
1.8376
1.3911
0.8769
1.7355
1.8981
1.4307
0.7999
0.5935
0.5396
0.0837
0.3148
0.1926
0.0809
-0.2659
0.2737
-0.1403
-0.0249
-0.4362
-0.8090
-0.4356
-0.2307
-0.2212
-0.3341
-0.6300
-0.6659
-0.2025
-0.5373
-1.2620
-0.6063
-1.2559
-1.3721
-1.1449
-1.1503
-1.4975
-0.9343
-1.3505
-1.3897
-1.2206
-1.1021
-1.1502
-1.4060
-0.7205
-0.6864
-0.9831
-1.6992
-0.7296
-1.1755
-1.6094
-1.8032
-1.5427
-1.5608
-1.7349
-0.8587
-1.9426
-1.1952
-2.2214
-2.1838
-1.9641
-1.4717
-1.7127
-1.7756
-2.0854
-2.2607
-1.3311
-2.1788
-2.2197
-2.3919
-1.7450
-1.8313
-2.2430
-1.8408
-1.2450
-1.1230
-1.8874
-2.0121
-1.3377
-2.0439
-1.6782
-1.9552
-1.4870
-1.6451
-1.7291
-1.7566
-1.2193
-1.5720
-1.3237
-1.6532
-1.2625
-0.4569
-1.0446
-0.7285
-0.6486
-0.3851
-0.4096
0.0085
-0.3472
-0.4909
-0.8722
-0.8887
-0.5346
-0.7391
-0.9178
-1.0991
-1.2136
-1.4194
-1.6889
-2.2811
-2.3992
-2.5689
-2.2799
-2.3925
-2.3426
-2.6596
-2.6285
-2.1006
-2.5670
-2.5286
-2.4374
-2.6730
-2.1850
-2.4943
-2.2508
-2.1700
-2.1082
-2.1131
-1.7665
-1.9510
-1.7365
-2.2640
-2.1286
-1.9407
-1.9353
-1.9957
-1.9059
-1.7618
-1.7902
-1.6553
-1.5531
-1.5454
-1.6809
-1.5701
-1.6405
-1.3230
-1.5834
-1.4949
-1.4744
-1.4411
-1.3990
-1.2199
-1.1674
-0.6888
-1.3210
-1.1073
-1.0526
-0.9233
-0.3296
-0.9064
-0.8321
-0.4296
-0.6304
-0.6396
-0.5170
-0.0378
0.3180
0.1251
-0.1875
0.3404
-0.2218
0.2911
0.1170
0.5570
0.0896
0.1362
-0.0578
-0.0428
-0.0944
0.2468
0.1416
0.0410
-0.0997
-0.2401
-0.3442
-0.1021
-0.1835
-0.2211
-0.3057
-0.3164
-0.3360
-0.5327
-0.7921
-0.5916
-0.6524
-0.6404
-0.4390
-0.9817
-1.0632
-1.0486
-1.2562
-1.3600
-1.4790
-1.4092
-1.3339
-1.0266
-1.1832
-1.0060
-1.1767
-1.0056
-1.1101
-1.1757
-1.1054
-1.0024
-1.2130
-1.2458
-1.2843
-1.3299
-1.3684
-1.4060
-1.4604
-1.4369
-1.5105
-1.4027
-1.6972
-1.8454
-1.8477
-1.7339
-1.9806
-2.0100
-2.0352
-2.0414
-2.1163
-2.1548
-1.9744
-1.7330
-1.8803
-1.9764
-1.6904
-1.2466
-0.5676
-0.5770
-0.1090
0.7172
0.8307
1.5638
2.2831
3.4871
3.6396
3.5969
4.0462
2.8924
2.8852
2.7394
3.1490
2.8590
2.9231
2.9684
2.8198
2.8366
2.9638
2.5392
2.5227
1.4171
1.0778
0.6063
0.4623
1.0162
0.3416
1.1573
0.2417
0.9607
0.9709
0.7218
0.5471
0.9479
0.8619
0.6564
0.8684
0.3717
0.3684
0.1893
-0.1497
-0.1565
-0.6159
-0.3773
-0.9848
-0.8723
-0.7973
-0.7849
-0.5134
-0.7754
-0.8932
-0.9791
-0.7226
-0.3717
-0.5991
-1.0809
-1.0750
-0.7699
-1.1013
-1.1585
-1.3329
-1.3284
-1.0834
-1.0160
-0.9085
-0.7043
-0.7497
-0.9347
-0.8238
-0.8470
-0.8190
-0.7171
-0.8235
-0.7360
-0.8223
-0.7427
-0.6813
-0.4395
-0.5537
-0.6126
-0.9673
-0.9981
-0.5924
-0.8887
-0.9583
-1.3435
-1.3322
-1.3343
-1.6781
-1.9279
-1.6098
-2.0453
-2.2060
-2.2827
-2.4111
-2.4379
-2.4862
-2.3040
-2.4205
-2.2037
-2.5516
-2.3557
-2.5563
-2.4193
-2.5128
-2.1990
-1.6877
-2.4427
-2.2361
-1.3209
-1.4829
-1.7861
-1.4712
-1.2638
-0.7467
-0.8533
-0.5378
-0.6508
-0.4858
-0.1809
-0.0442
1.3678
1.6923
2.2020
2.4545
3.0270
2.8608
2.2114
3.0441
2.9055
2.5595
3.3189
3.0323
2.8001
2.9389
2.8333
3.3105
2.8870
2.7438
2.3077
2.8017
2.0666
1.8064
1.8883
1.5651
2.0035
1.6525
1.9675
1.7468
1.6122
1.5521
1.3791
1.3924
1.4201
1.5833
1.0800
0.7399
0.7908
0.9641
0.8390
1.0850
0.7786
0.4771
0.4730
0.0168
0.0907
0.4589
0.8586
0.7931
0.0893
0.1807
-0.6679
-0.5365
-0.3334
-0.8614
-0.5423
-0.7099
-0.5102
-0.5896
-0.4414
0.0222
-0.2536
-0.4883
-0.4331
-0.6542
-0.4173
-0.7020
-0.6419
-0.7426
-0.7761
-0.9753
-0.9643
-0.9445
-1.0673
-0.8719
-0.8179
-0.8213
-0.6315
-0.6286
-0.6321
-0.4701
-0.5686
-0.2963
-0.2170
-0.4927
-0.1602
-0.3252
-0.7285
-0.2381
-0.6473
-0.4981
-0.6848
-0.5393
-0.4817
-0.1430
0.0073
-0.1225
-0.2104
-0.1272
-0.3619
-0.3975
-0.1801
-0.3565
-0.1691
-0.2172
0.0395
-0.2446
-0.2830
-0.1910
-0.3344
-0.0476
-0.4347
-0.3476
-0.2776
-0.1121
0.0772
0.4754
0.7251
0.6249
0.8951
0.9634
1.3341
1.3265
1.6266
1.4908
1.6897
1.5567
1.5667
1.5237
1.3557
1.3639
1.1670
1.0935
0.9393
1.0041
0.7439
1.0779
1.2618
1.2429
1.3388
1.8054
1.1445
1.0174
1.2662
1.0709
1.9441
0.7493
1.3082
0.8481
1.0575
1.5539
0.9165
1.1242
0.4805
0.0409
0.3539
0.8840
0.3247
0.3832
1.3034
1.3049
1.5683
1.4039
1.8848
1.6552
1.4320
1.8718
2.5251
2.2230
2.1214
2.5065
3.0060
2.8418
2.5813
3.0377
2.3966
2.8666
2.2680
2.0051
2.3443
2.4008
2.1861
1.9163
2.3600
2.1909
2.4739
2.2264
2.4299
2.3578
1.9521
1.8980
1.7140
2.1825
1.4906
1.6076
1.0192
1.4723
1.0954
1.4135
1.0737
1.0754
0.8819
1.1247
0.9032
0.9790
0.8473
0.5831
0.5881
0.6950
0.6495
0.7002
0.1145
-0.0277
-0.1738
-0.2361
-0.4989
-0.0467
-0.5297
-1.0670
-0.2995
-0.8447
-0.4936
-0.8231
-0.9469
-1.5846
-1.3353
-0.9354
-1.0626
-0.8821
-0.7546
-0.3435
-0.4237
0.0401
0.4248
0.4462
0.1777
0.5316
0.9937
0.7619
0.9928
1.1631
1.7856
1.2005
1.3585
1.5023
0.8831
1.2915
0.9905
0.7716
0.3136
0.2277
0.4415
0.1012
0.0253
-0.4674
0.2354
0.0587
-0.5396
-0.7363
-0.8215
-0.4508
-0.6297
-0.7313
-0.8262
-0.5528
-0.8153
-0.7486
-1.2176
-1.2923
-1.7156
-1.8336
-1.4475
-1.7082
-1.4312
-1.1459
-1.0460
-1.5927
-1.5818
-1.2110
-1.1401
-1.6474
-1.4718
-0.7093
-1.4368
-1.3198
-0.8528
-1.1384
-0.9661
-0.9309
-1.0943
-1.2916
-1.4496
-1.1864
-1.5408
-1.4260
-1.2259
-1.3863
-1.4190
-1.3058
-1.1508
-1.1955
-1.0726
-0.7280
-1.2605
-1.4817
-1.3658
-1.4145
-1.3311
-1.2617
-1.2879
-1.4459
-0.3409
-1.3432
-1.2388
-1.3416
-1.5046
-1.7438
-1.8179
-1.7839
-1.8158
-1.4069
-1.8538
-1.7017
-0.9828
-1.5904
-1.2672
-1.3701
-0.3819
-1.6131
-1.2655
-1.0760
-0.8626
-1.1364
-1.2673
-1.7640
-1.1878
-0.3275
-0.7032
-1.1751
-0.5282
0.7861
-0.1286
0.4226
-0.0985
0.6767
1.2943
