-0.7320
-0.6371
-0.1467
-0.7781
-0.7878
-0.5419
-1.0086
-1.1846
-1.2243
-1.4806
-1.5421
-1.5176
-1.7338
-1.7078
-1.7527
-1.5923
-1.9103
-2.0937
-2.2384
-2.3556
-2.3778
-2.3191
-2.2616
-2.2263
-1.9480
-1.9614
-1.6724
-1.6006
-1.4098
-1.2650
-1.2212
-1.0356
-1.1936
-1.2024
-1.1022
-0.9150
-1.0802
-1.1296
-1.1222
-1.0706
-1.0321
-0.8308
-0.8107
-0.5532
-0.4181
-0.4388
-0.5481
-0.4360
-0.6282
-0.6269
-0.6250
-0.9785
-1.2682
-1.2717
-1.6704
-1.7355
-1.9484
-2.0353
-2.1682
-2.1171
-2.2176
-1.7067
-2.3897
-1.9687
-1.9250
-1.9494
-1.9536
-1.7768
-1.5051
-0.9328
-1.0537
-0.5383
-0.1012
0.3809
1.3559
1.6925
1.9350
2.0291
2.1970
2.5027
3.2537
2.9057
3.5957
3.8936
4.2209
4.2745
4.8536
5.2174
6.2971
5.9321
6.4325
6.1291
6.1818
6.3054
6.4175
6.4028
6.0498
6.1597
6.0724
5.7047
6.1390
5.1481
4.9187
4.7548
5.0855
4.6196
4.3220
4.2527
3.9878
3.9731
3.6901
3.8837
3.5467
3.7979
3.6308
3.4916
4.0592
3.4897
3.0592
3.2142
2.8074
2.8052
2.5755
2.4864
2.8078
2.2692
2.3198
2.7062
2.3064
2.5115
2.9958
2.6893
2.3531
2.6622
1.1414
1.3821
1.1631
0.3815
0.7093
0.6389
-0.3107
-1.2823
-0.9439
-1.6078
-0.6466
-0.7146
-0.3130
-1.4816
-1.9478
-2.6872
-2.9703
-2.8249
-2.9961
-3.0739
-3.7181
-3.7044
-4.4999
-4.4877
-4.2084
-3.7846
-4.4791
-4.2295
-4.4004
-4.4616
-4.3496
-4.6954
-3.8983
-4.6627
-4.1851
-4.2122
-4.6299
-5.1026
-4.9570
-4.4642
-4.3014
-4.4998
-3.7394
-4.1099
-4.0459
-3.5639
-3.9455
-3.5869
-3.4477
-3.0855
-3.0469
-3.0038
-3.1571
-3.0417
-3.1727
-3.1196
-3.2102
-3.0356
-3.1986
-2.7009
-3.0863
-2.4170
-2.6199
-3.0283
-3.0007
-3.1277
-2.8260
-2.8181
-2.7200
-2.7370
-2.5184
-2.7228
-2.7183
-2.5427
-2.5563
-2.5867
-2.8601
-2.5946
-2.8676
-2.8701
-2.5638
-1.8891
-2.3155
-1.8460
-2.1555
-2.1630
-1.8749
-2.3510
-2.3779
-2.2096
-2.2140
-2.1193
-1.9868
-1.5773
-1.7272
-1.7354
-1.2660
-1.4731
-1.1114
-0.7988
-0.6897
-0.4646
-0.2142
0.5859
0.6278
0.9151
1.0732
1.6172
1.7891
1.8794
1.9474
2.4398
2.7287
2.4787
3.2028
4.6607
4.1306
3.9726
4.1331
4.3609
3.9912
4.0708
3.8611
3.7465
3.8425
3.5931
4.6862
4.2511
4.5149
3.4973
4.2282
3.3527
3.5307
3.9410
3.5589
3.4111
3.9410
3.0371
3.0426
3.0105
3.2570
2.9481
2.5504
2.0576
2.1674
1.6147
1.4893
1.0352
1.0057
0.6342
0.2033
-0.2916
0.1295
-0.4445
-0.6792
-0.3232
-0.4666
-1.1000
-1.3706
-1.3250
-1.6762
-1.5106
-1.8562
-1.8781
-1.9685
-2.0224
-1.9915
-2.0158
-1.9397
-1.9280
-1.8876
-1.8070
-1.7724
-1.6458
-1.6657
-1.6231
-1.7159
-1.7309
-1.7458
-1.6891
-1.7650
-1.6110
-1.9703
-2.1151
-2.0098
-2.3640
-2.4636
-2.5639
-2.5712
-2.6676
-2.7234
-2.8197
-2.8649
-2.8044
-2.7668
-2.4706
-2.5486
-2.3569
-2.2335
-1.4555
-1.8705
-1.7448
-1.2056
-1.5992
-1.4716
-1.5206
-1.8123
-1.8728
-1.9458
-1.6475
-1.7147
-1.5156
-1.8966
-1.9560
-2.0570
-2.3655
-2.3123
-2.4509
-2.4210
-2.2707
-2.1477
-1.9923
-1.8367
-1.6858
-1.5178
-1.3832
-1.2538
-1.0784
-1.0325
-0.9194
-0.9283
-0.8617
-0.7390
-0.5555
-0.7321
-0.8470
-0.9066
-0.9620
-1.0131
-1.0544
-1.1041
-1.1892
-1.3160
-1.4688
-1.5927
-1.7089
-1.7617
-1.6536
-1.9015
-1.9622
-1.9615
-1.9598
-1.9278
-1.9338
-1.9454
-1.9616
-1.9044
-1.9151
-1.8491
-1.7578
-1.7395
-1.6005
-1.6202
-1.2129
-1.3322
-1.1420
-1.0809
-0.9229
-0.8024
-0.5249
-0.1683
0.0599
0.6577
0.6537
0.9633
1.1215
1.6374
1.6814
1.8204
1.8887
2.7030
2.7054
3.4175
3.8323
4.5345
4.7866
4.4661
4.9677
4.9521
4.7029
5.0646
4.4152
4.2526
4.0743
3.4860
3.0776
2.6189
2.4295
2.4134
2.1874
1.9803
1.9690
1.7770
2.1570
2.4060
2.6493
3.0959
2.6962
3.1491
2.3118
2.4361
2.5426
2.9385
2.6096
2.3985
3.3207
2.7936
2.7525
3.1765
2.7136
3.6503
3.4981
3.6780
4.0238
2.8902
2.1639
2.2261
1.4647
1.7397
0.6669
0.1741
0.4390
-0.0915
-0.2583
-1.0431
-0.2530
-0.3380
-0.3152
0.0352
-0.1181
0.3501
-0.2099
0.2830
1.0229
0.2323
0.0202
0.3102
-0.4910
0.2990
0.4487
-0.0002
0.6817
-0.0491
-0.4052
0.8269
-0.2585
0.4865
-0.2664
0.1795
-0.0031
-0.3861
0.7072
0.3006
0.9942
1.4942
0.8495
1.0414
1.3850
1.7099
1.8839
2.4080
3.2010
3.3174
3.1523
3.3271
3.6884
4.7074
3.7004
4.1407
3.7697
4.1003
3.8917
3.5820
3.4223
3.1398
3.6694
3.6272
3.3936
3.6917
3.7673
3.2608
3.9989
3.5450
4.2528
4.2043
4.2210
4.1783
4.6204
3.7514
3.2322
3.1628
3.1415
2.5960
2.2825
2.4054
1.8974
2.3540
1.2525
1.5280
0.9266
1.2613
0.8118
1.3305
0.8680
1.1128
0.7910
1.1194
0.9962
1.0355
1.0329
1.5047
1.5241
1.6281
2.1161
1.8893
1.9346
2.0153
2.0969
1.5622
1.9025
2.4702
2.0403
2.3702
1.9151
1.8679
1.5823
1.5882
1.5310
1.5853
1.6490
1.7485
1.9889
1.8713
1.7589
1.7340
1.7448
1.5526
1.2071
1.0970
1.1249
0.9735
0.8853
0.6426
0.9130
0.4176
0.3167
0.2963
0.3343
0.3808
0.4031
0.5587
0.3018
0.4242
0.5258
0.2109
0.6241
0.3702
0.0810
0.4087
0.5527
1.0829
0.3100
0.4758
0.0413
-0.0057
0.0404
-0.2390
-0.6043
-0.4339
-0.8638
-0.8166
-0.7945
-0.2736
-0.1710
-0.4121
-0.3085
-0.4411
-0.2592
-0.3231
-0.4905
-0.2856
-0.5341
-0.8106
-0.3695
-0.7436
-0.7253
-0.9118
-0.3578
-0.8637
-0.8343
-0.2883
-0.5338
-0.4644
0.0334
-0.3834
0.2801
-0.0333
0.1681
0.2732
0.4583
0.8439
1.2109
1.3495
1.3361
1.4157
1.6342
1.5662
1.6081
1.6116
1.5376
1.7048
1.4073
1.4849
1.2443
1.0459
1.0496
0.9749
1.0572
0.6831
1.0817
0.5398
0.5665
0.0238
0.1195
0.1586
-0.0697
-0.0251
0.0523
0.1790
0.0089
-0.3335
-0.5492
-0.6203
-0.9800
-0.9165
-1.2258
-1.0522
-1.4742
-1.4902
-1.6082
-1.8462
-2.0589
-1.9728
-2.3455
-1.9503
-2.4260
-2.4905
-2.1742
-2.7717
-2.4724
-2.8483
-2.7840
-2.8887
-2.8967
-2.7035
-2.6973
-2.8361
-2.8227
-2.8448
-2.5081
-2.9223
-2.9341
-2.8946
-3.0208
-2.9766
-3.2047
-2.9100
-3.1464
-3.3087
-3.4866
-3.5157
-3.5776
-3.5445
-3.6727
-3.5530
-3.7086
-3.6400
-3.7666
-3.7666
-3.8178
-3.8019
-3.7682
-3.4984
-3.5991
-3.2028
-3.6429
-3.6577
-3.5591
-3.5666
-3.6347
-3.7058
-3.4555
-3.5531
-3.1428
-3.4452
-3.3627
-3.2502
-3.3473
-3.3852
-3.0160
-2.8043
-2.5674
-2.2430
-2.4526
-2.1289
-2.3184
-2.4593
-2.4068
-2.7138
-2.7097
-2.6903
-2.6369
-2.7011
-2.8947
-2.8919
-2.4684
-2.4158
-2.5601
-2.4447
-2.2070
-2.1584
-2.1488
-1.3043
-1.8852
-1.7005
-1.7571
-1.7232
-1.4661
-1.6701
-1.6434
-2.0587
-1.5439
-1.4372
-0.4214
-1.4257
-0.9382
-0.9223
-0.6400
-1.0940
-0.6960
-0.8075
-0.6029
-0.7368
-0.6351
-0.2828
0.0617
-0.1532
-0.1319
-0.3877
-0.4388
-0.2754
-0.2654
0.0604
-0.1949
0.5202
-0.0653
-0.4581
-0.6409
-0.2011
0.1264
0.3089
-0.0764
-0.4336
0.3891
0.1775
0.7588
1.3692
0.9344
1.2776
1.2448
1.3803
1.7772
1.8971
2.1300
2.0499
1.9199
1.9050
1.9361
2.1984
2.2165
2.3579
2.2550
2.4496
2.2520
2.1827
2.0944
1.6351
1.2409
1.0753
0.9564
1.1136
0.8011
1.3308
0.4437
0.1926
0.1169
-0.0769
-0.2574
0.0277
0.4038
0.4222
1.2641
1.0969
1.1553
1.3724
2.3440
2.3570
2.2499
2.6568
2.8888
3.1801
3.0542
3.4049
3.5467
3.5657
3.7883
3.4300
2.8076
3.0606
2.2861
2.8306
2.6729
2.4538
1.9199
2.2720
2.1477
2.2650
1.9511
1.6488
1.6096
1.7606
1.4184
1.5085
1.2317
1.3577
1.2707
1.3089
1.5126
1.8579
2.4478
2.6640
3.0352
3.3321
3.6498
3.7522
4.4409
4.0079
4.2729
4.2852
4.1337
3.9607
4.3625
4.0607
4.0865
3.9081
3.9065
3.4022
3.1915
3.3634
2.8510
2.7394
2.7196
2.7653
2.6537
3.1440
2.5298
2.6543
2.4699
2.6829
2.5949
2.6321
2.5696
3.0551
2.9997
2.8670
3.2094
3.0732
3.0917
3.0529
2.9047
3.0125
3.0192
3.3454
3.2050
3.5339
3.8469
3.1561
3.2441
3.3928
2.9225
2.4464
1.8005
1.6219
1.6128
1.3133
1.6566
1.4896
1.3577
1.6409
1.9312
2.6792
2.4836
3.1974
3.3459
3.8474
4.0740
4.2275
4.6483
4.9352
4.8824
4.7539
4.6837
4.5727
4.3098
4.0888
3.6327
3.4754
2.9600
2.3336
1.7895
1.6577
1.0634
0.7053
0.6045
0.1258
-0.0645
-0.2738
-0.6508
-0.6060
-0.2151
-0.5225
-0.6227
-0.4915
-0.8540
-0.8005
-1.1125
-0.7487
-1.3803
-1.5621
-1.7802
-1.6702
-1.6375
-1.4101
-1.4384
-2.0712
-2.0152
-2.4717
-2.3498
-2.3535
-2.4074
-2.4697
-2.5583
-2.1826
-2.4027
-2.5414
-2.1701
-2.4717
-2.5235
-2.0078
-2.4686
-2.6329
-2.2722
-2.4111
-2.4762
-1.7636
-2.1679
-2.6425
-2.7557
-2.5638
-2.5600
-2.5318
-2.4529
-2.3846
-2.6210
-2.6434
-2.6586
-2.6426
-2.4228
-2.4566
-2.6941
-2.6841
-2.6573
-2.3787
-2.5761
-2.3183
-2.5537
-2.5308
-2.5262
-2.3729
-2.3843
-2.1814
-2.1660
-1.9319
-1.7568
-1.3642
-1.4342
-1.0923
-1.1360
-0.9355
-0.5632
-0.8711
-0.8589
-0.5539
-1.0536
-0.7831
-0.7428
-0.5826
-0.5143
-0.4830
0.0368
-0.4106
-0.6255
-0.4110
-0.4115
0.1154
-0.1892
0.1914
0.1649
0.1714
-0.0770
0.1950
-0.1085
0.1135
-0.3746
-0.1411
-0.7375
-0.7450
-0.6077
-0.7659
-0.6641
-0.8667
-0.8681
-0.7715
-1.2923
-0.7308
-1.1369
-1.2011
-1.1522
-0.8858
-1.0469
-1.3016
-1.1982
-1.2544
-1.5022
-1.1809
-1.5696
-1.3182
-1.5895
-1.4387
-1.3584
-1.3103
-1.3142
-1.1536
-1.0616
-1.1574
-1.2186
-1.2518
-1.1046
-1.0236
-1.1280
-1.2990
-1.2008
-1.1048
-0.7723
-0.8896
-0.5027
-0.4617
-0.2167
0.0539
-0.1129
0.3498
0.6198
0.0796
0.4614
-0.7248
0.2491
-0.3173
0.4915
0.6432
1.1980
0.9415
1.7823
0.8102
1.3663
2.1976
2.0405
2.1131
2.5810
3.0394
2.0531
2.3445
2.6738
2.4207
3.3904
3.9486
3.9132
4.0790
3.7953
4.3311
5.5132
5.5650
5.6575
5.7702
5.0926
4.4335
4.6842
4.7951
4.6920
5.0459
5.8294
5.4253
5.8164
5.1770
5.5035
5.4146
5.5239
5.5144
5.7719
5.9403
6.3832
6.9978
6.5418
7.5239
7.0204
6.9662
7.1703
6.3394
6.5160
7.4296
6.3258
7.0990
6.7468
7.9974
5.9058
5.9164
5.1409
5.5345
5.2456
4.4341
4.4795
3.9752
3.7820
3.0818
2.7599
3.0047
2.7401
2.6425
1.9250
2.3678
1.9566
2.4871
3.1422
3.0719
2.8488
2.9240
2.8552
3.2153
2.8730
3.4831
3.2909
2.9516
3.3764
2.8432
3.0532
2.8926
3.0313
3.2101
3.5274
3.8453
3.4715
3.9028
3.8103
4.0946
3.7287
4.1015
3.9268
4.2115
3.9944
3.6863
3.3557
3.2207
2.8323
3.0628
2.7248
2.7269
2.6630
2.9438
3.1973
3.2341
3.1058
3.1032
2.6621
2.2641
2.2755
1.7961
1.8207
1.6479
1.7817
1.1783
1.0379
0.7931
1.0213
0.5556
0.1942
0.4217
0.0801
0.0003
-0.6719
-0.7485
-1.0501
-0.9638
-1.3232
-1.2513
-1.2785
-1.0932
-1.2888
-1.5491
-1.9406
-1.9056
-2.3840
-2.2306
-2.7508
-2.9257
-3.1248
-3.1629
-3.3411
-3.1700
-3.5695
-3.6523
-3.7389
-3.8332
-3.8420
-3.8908
-3.8363
-3.8455
-3.7898
-3.7457
-3.6597
-3.3616
-3.1724
-3.3000
-3.1372
-3.0556
-2.9269
-2.7576
-2.6614
-2.5960
-2.5209
-2.6782
-2.8219
-2.9013
-3.3537
-3.4339
-3.7301
-3.8361
-3.9339
-4.1563
-4.3653
-4.3898
-4.5675
-4.5832
-4.4045
-4.4802
-4.5910
-4.6793
-4.7048
-4.4178
-4.4532
-4.2762
-3.9911
-4.7142
-4.7299
-4.8770
-4.8311
-4.9734
-5.1939
-5.3852
-5.4719
-5.5353
-5.2877
-5.3851
-5.8199
-5.6415
-5.8304
-6.1377
-5.7572
-6.0747
-6.1086
-6.0782
-6.1575
-6.2010
-6.0193
-6.2350
-6.2223
-6.1902
-6.1646
-6.1428
-6.1419
-6.1637
-6.0111
-6.2879
-6.3734
-6.4388
-6.5193
-6.4858
-6.6535
-6.7304
-6.9489
-7.0564
-7.1069
-7.1600
-7.1715
-7.1970
-7.0857
-7.0953
-6.7663
-7.0017
-6.9250
-6.9030
-6.8543
-6.8049
-6.7815
-6.4522
-6.5180
-6.3408
-6.4872
-6.4399
-6.2683
-6.0476
-6.3186
-6.4354
-6.1917
-6.3090
-6.2813
-6.0775
-5.7817
-5.9525
-5.8768
-5.6473
-5.6292
-5.4534
-5.2678
-5.2268
-5.1186
-5.1035
-4.6000
-4.6150
-4.7068
-4.5664
-4.5981
-4.3846
-4.4066
-4.1734
-3.9571
-3.9210
-3.3960
-3.1841
-2.9674
-2.9403
-2.9386
-3.1578
-2.9672
-3.0702
-3.2676
-3.1990
-3.2082
-3.4055
-3.5379
-3.4165
-3.5180
-3.3862
-3.1639
-3.2947
-3.1257
-3.0852
-3.0697
-2.8743
-2.3141
-2.7719
-2.7635
-2.8556
-2.7805
-2.9042
-2.7429
-2.8316
-2.3819
-2.4480
-2.2037
-2.3326
-2.4489
-1.8721
-2.4668
-2.5792
-2.1435
-2.8106
-2.6007
-2.7393
-2.4593
-2.1836
-1.9882
-1.7832
-1.5502
-1.4996
-0.7976
-0.7453
-0.4981
-0.8889
-0.3395
-0.7656
0.5456
-0.1929
-0.4387
0.1729
0.5097
0.7177
0.7550
0.6732
0.5454
0.7370
0.8072
0.8358
1.2250
1.0868
0.8185
1.5402
1.2679
1.9742
2.2162
2.7440
3.2564
3.3831
3.7005
4.1754
4.0244
4.4532
4.2354
4.2161
4.3301
4.5344
3.9939
3.8975
4.0862
4.2549
4.1779
4.0163
3.8124
3.2920
3.1503
3.0280
3.0663
2.5223
2.6633
2.4745
2.2802
1.8539
1.7832
1.8453
1.2890
1.6163
1.8595
2.2036
2.1431
2.3768
2.4131
2.4285
3.0860
2.9742
3.3720
3.3501
3.9501
4.1923
4.8528
5.0489
5.1728
5.3410
5.4125
5.6700
5.9650
6.2718
6.5367
6.6383
7.0938
6.9469
7.6161
6.7491
7.1466
6.5234
6.5677
6.4332
6.4441
6.5778
6.0824
6.0423
6.0600
6.0561
5.4468
5.6658
5.1979
4.7578
4.4036
3.2032
3.5875
2.6109
2.4393
2.5830
1.8696
1.1315
1.2386
0.4221
0.3642
0.2908
0.0379
0.3325
0.1416
-0.1804
-0.2545
-0.5660
-0.8743
-0.8398
-0.3503
0.2550
-0.6385
0.3634
0.3951
0.9733
0.4047
1.2135
0.7451
0.5714
0.8249
1.2754
1.5752
1.9271
1.7032
1.1577
1.7143
1.5419
2.6162
2.2726
2.7303
2.3164
2.3340
2.4911
3.4823
3.0209
3.5226
3.3172
3.5074
3.4499
3.6814
3.4669
3.2800
3.6041
2.7689
2.7338
2.5112
2.2789
1.7776
1.5341
1.6212
1.1184
1.0529
0.8770
0.5144
0.7802
0.5503
0.7597
0.7734
0.5022
0.4939
0.4241
0.3869
0.4192
0.5756
1.1424
0.3669
0.1222
0.4027
0.0161
0.1987
-0.7850
-0.9866
-1.3415
-1.3256
-1.6121
-0.9518
-1.0250
-0.8891
-0.9477
-0.6842
0.1987
-1.3248
-1.2777
-0.6463
-0.8936
-1.1793
-1.0544
-0.8421
-0.3224
-0.8145
-1.0606
-1.1650
-1.0810
-0.5244
-0.3993
-0.6794
-0.2400
0.2358
0.4544
0.5909
0.4706
0.8578
0.8675
1.6127
1.7583
1.5965
2.1445
1.9276
1.8766
1.6432
2.4177
3.0912
3.1312
3.2984
2.4213
2.6567
3.0968
4.0097
3.0133
3.5804
3.3233
3.2236
3.8618
4.0359
4.8473
3.7354
3.5200
3.4802
3.5015
3.0414
3.5164
3.3199
3.5864
3.8159
4.0221
3.8841
3.9060
4.1923
3.4612
3.6217
3.3794
3.5659
3.3260
3.2791
3.2640
3.5169
3.4693
3.7749
3.7698
3.7300
3.8985
3.7253
3.9908
4.0849
4.2884
4.3960
4.7605
5.1034
6.2464
5.6389
5.7655
5.8610
5.9924
5.6947
5.6892
5.5545
5.6844
5.3726
5.4163
5.1644
5.4411
5.0923
5.6757
5.6676
5.8276
6.1287
5.6423
5.9710
5.8447
5.9968
6.6384
6.5319
6.6833
6.5853
6.9698
6.5940
6.9503
7.0119
6.9385
7.2634
7.6676
7.4201
7.2860
7.6323
7.8716
8.0485
7.7195
7.7998
7.9066
8.2318
8.4684
8.0818
7.9114
8.0209
7.8157
7.4776
7.4620
7.2708
7.3244
7.3925
6.8433
6.6391
6.7350
6.6638
6.5973
6.5640
6.3414
6.6329
6.1541
6.3814
5.8501
5.9215
5.3120
5.0092
4.5488
4.1987
3.8667
3.6314
2.7826
2.4769
1.8731
1.9030
1.0671
0.9392
0.3319
0.1933
-0.0517
0.0836
-0.0536
-0.3518
-0.0503
-0.3172
-0.3893
-0.3443
-0.7974
-1.0196
-1.1756
-0.9978
-1.1169
-1.2071
-1.0948
-1.3246
-1.6277
-1.4225
-1.7022
-1.7850
-1.6006
-1.3224
-1.6573
-1.1988
-1.7863
-1.3912
-1.1696
-1.3810
-1.5422
-1.1706
-1.6833
-1.5681
-1.7337
-1.4423
-2.1225
-1.8460
-2.0293
-1.9395
-2.0210
-1.6466
-1.7287
-1.7356
-1.7519
-1.8306
-1.5848
-1.7806
-2.0378
-1.6728
-1.5209
-1.7899
-1.3329
-1.3567
-1.3524
-1.4027
-1.5303
-2.1746
-2.3997
-2.0390
-2.1448
-2.6208
-2.7851
-2.1602
-2.4162
-2.4275
-1.8366
-1.7909
-1.4339
-1.5700
-1.3381
-1.1413
-1.8084
-1.6546
-1.9553
-2.1186
-1.9511
-1.9655
-1.4271
-1.4100
-1.1989
-0.9579
-1.3743
-1.0173
-0.6259
-1.3507
-0.5739
-1.4590
-0.1002
-0.8444
-0.6885
-1.3495
-0.7650
-1.6494
-1.5980
-1.7741
-1.7781
-1.6698
-1.7026
-1.5406
-1.6513
-2.0373
-1.9344
-1.4751
-2.0202
-1.9577
-1.8916
-1.9692
-1.8526
-1.4189
-2.0236
-1.7833
-2.3606
-2.2841
-1.7024
-2.0960
-2.4033
-2.0997
-2.5351
-2.4263
-2.2887
-2.3879
-2.3012
-2.5490
-2.5888
-2.6302
-2.6380
-2.7161
-2.8592
-2.7660
-3.0297
-3.2148
-2.9652
-3.3678
-3.4121
-3.4847
-3.5296
-3.5807
-3.7357
-3.8967
-3.8609
-4.0177
-3.6442
-3.8053
-3.9287
-3.9600
-4.0685
-4.1413
-4.2780
-4.1839
-4.5413
-4.5915
-4.6897
-3.9837
-4.6693
-4.2927
-4.5283
-4.1019
-4.4188
-4.2302
-4.3517
-4.5526
-4.5252
-4.0259
-4.7394
-4.6810
-4.7219
-4.9057
-4.6298
-4.9750
-5.1889
-4.9450
-5.2782
-5.1942
-5.2185
-5.0652
-5.2385
-5.1431
-5.2371
-5.0732
-5.4878
-5.7748
-5.8476
-5.9045
-5.9036
-5.8308
-5.8129
-5.7597
-5.7672
-5.7878
-5.7571
-5.8285
-5.6558
-5.8960
-5.9296
-5.9094
-5.7829
-6.0178
-6.0755
-6.1783
-6.2246
-6.3293
-6.1121
-6.3632
-6.3735
-6.4523
-6.4874
-6.5185
-6.5119
-6.5808
-6.5919
-6.6898
-6.6326
-6.5801
-6.4872
-6.3900
-6.4544
-6.4025
-6.2550
-6.0775
-6.2572
-5.8395
-5.8430
-5.6500
-5.7887
-5.6535
-5.4960
-5.3567
-5.2529
-4.9632
-5.1185
-4.9926
-4.9258
-4.8587
-4.5950
-4.6759
-4.5623
-4.2326
-4.3733
-4.2769
-4.1362
-4.3802
-4.5247
-4.6399
-4.7199
-4.7151
-4.6282
-4.8313
-4.9876
-5.0040
-5.0036
-4.9379
-4.7677
-4.6885
-4.5278
-4.4390
-4.2747
-4.0226
-3.8004
-3.4747
-3.0100
-2.8425
-2.5424
-2.1248
-1.7278
-1.3371
-0.7923
-0.6586
-0.3236
0.0816
0.3752
0.6865
0.8497
1.0312
1.0912
1.1750
1.4620
1.4287
1.9480
1.8295
1.6275
1.8591
1.5426
1.6735
1.3410
0.9860
0.7122
0.5736
0.3675
0.1308
0.3540
-0.0725
0.0507
-0.0333
-0.1788
-0.0814
0.2244
0.1927
0.5674
0.5934
0.6118
0.6772
1.0457
1.4005
1.0158
1.5360
1.5127
1.5345
1.8555
1.5592
1.7102
2.0232
2.1048
2.3690
1.9035
2.3607
1.4628
1.7914
0.7831
0.7355
0.4667
0.2315
0.2009
-0.1158
-0.2535
-0.3829
-0.4733
-0.0337
-0.7948
-0.2125
-0.5967
-0.7545
-1.0411
-1.1902
-1.0104
-1.3552
-1.2619
-1.1809
-1.2927
-1.4820
-0.8135
-1.6540
-1.4032
-1.7758
-1.7345
-1.0512
-1.0672
-1.2528
-0.5171
-0.2140
-0.1093
0.4368
0.8135
1.1479
1.2373
1.5525
2.0678
1.5293
1.7358
1.7548
1.8964
1.4721
1.2908
1.4671
1.3248
0.8671
0.6562
1.0839
0.4669
0.4824
0.1777
0.5204
0.2181
0.3947
0.2187
0.0915
-0.1186
0.3032
1.2063
1.0433
1.6586
1.4625
1.0437
0.4188
0.0824
-0.9083
-1.1161
-1.3135
-1.2407
-1.8616
-2.3443
-2.8133
-2.8940
-3.2468
-3.1157
-3.2626
-3.5465
-3.7768
-3.9829
-4.2951
-4.2095
-4.1454
-4.2900
-4.2568
-3.9253
-4.1279
-4.1297
-4.4943
-4.6509
-4.2405
-4.5194
-4.5875
-4.6243
-4.3258
-4.3793
-4.5410
-4.2125
-4.3440
-4.5744
-4.7254
-4.2467
-4.4699
-3.5510
-4.4178
-4.5522
-4.7200
-4.7862
-4.7946
-4.3233
-4.3861
-4.5255
-4.4409
-4.3868
-3.9775
-3.6815
-3.4679
-3.6016
-3.6095
-3.7762
-3.6826
-3.4721
-2.9328
-2.7511
-2.4748
-2.6249
-2.4362
-2.4503
-2.3573
-2.2243
-1.7545
-1.4576
-0.8462
-0.8001
-0.8342
-0.7262
-0.4819
-0.2439
0.5206
0.7096
0.6572
0.5076
0.7534
0.7697
1.1280
1.4238
1.2179
1.4698
1.6125
2.0588
1.9649
2.3082
2.3097
3.0367
3.1422
4.4568
4.5490
4.5366
5.1330
5.6276
6.3861
6.4596
6.9335
7.6880
7.6579
8.0208
7.9734
7.5994
7.5571
7.4881
8.6038
8.0707
8.1078
8.0798
8.0885
8.5747
9.1886
7.4862
7.4399
6.3305
7.7870
7.0087
6.8249
7.1119
7.4608
8.0222
7.1559
7.2788
6.5054
7.2475
6.6390
6.2005
6.5298
6.5385
6.2868
6.7200
6.7703
6.5884
6.4143
7.1666
7.3509
6.8477
6.9396
6.7552
7.4100
7.5393
7.9587
8.7957
9.3116
8.9855
9.2840
10.1627
9.6326
9.0939
8.5904
8.6693
8.7464
8.5542
8.5747
8.8143
8.3470
8.1325
7.8786
7.2864
7.1774
6.6877
6.6746
6.4632
6.1585
5.7119
5.5862
5.2387
5.1126
5.0738
4.9105
5.2675
5.7399
5.7695
6.3981
7.0589
7.4384
7.4330
8.2974
7.8133
7.5219
8.3090
7.5965
7.6333
7.6924
7.8617
6.8058
6.8314
6.1969
5.7675
5.5378
4.7970
4.6274
4.3255
4.0529
3.7830
3.3495
3.6157
3.5601
2.7633
2.7653
2.4651
2.4024
2.6103
2.3641
2.1770
2.2016
2.3658
2.2546
2.1087
2.4455
2.1363
2.2474
2.1495
2.0477
2.6251
2.5635
2.2055
2.3481
2.1961
2.1950
2.2229
1.7929
2.2523
1.8307
1.4287
1.1567
1.5801
1.3860
1.5977
0.9721
0.7900
1.0708
0.8776
1.3467
0.7068
0.7831
0.7602
0.9165
1.1985
1.0305
1.1909
1.3203
1.5128
1.4100
1.4906
1.8199
1.5440
1.4892
1.4655
1.3813
1.4959
1.4335
1.8339
1.4783
1.4948
1.3168
1.7895
1.2938
1.4600
1.1821
1.2129
0.8811
0.7855
0.6398
0.5860
0.8444
0.6881
0.7586
0.7933
0.7910
0.9305
0.7537
0.5983
0.5993
0.5557
0.6362
0.9628
0.9427
0.7379
0.8812
0.7552
0.9780
0.8938
1.1937
1.7733
1.6127
1.2690
1.4732
1.5755
1.3507
1.6510
1.2906
1.6264
1.1322
1.0411
0.8002
0.5900
0.4962
0.5202
0.6682
0.4968
0.4141
0.2076
0.4665
0.0796
0.0211
-0.2173
-0.2584
-0.5316
-0.5400
-0.4861
-0.6782
-0.4503
-0.7477
-0.6484
-0.6443
-0.5756
-0.8595
-1.1367
-1.1236
-1.4281
-1.3940
-1.5834
-1.7069
-1.7904
-2.0398
-1.8329
-2.3732
-2.5044
-2.7146
-2.8335
-2.7945
-2.7205
-2.9852
-2.8927
-3.3022
-3.3636
-3.5956
-3.5379
-3.7868
-3.8447
-4.1693
-4.3032
-4.2373
-4.2925
-4.5758
-4.5822
-4.6068
-4.2568
-4.5379
-4.2467
-4.6325
-4.5938
-4.1821
-4.5309
-4.0138
-4.1825
-3.9267
-3.6308
-3.7846
-3.9008
-3.6615
-3.5593
-3.6617
-3.4688
-3.2666
-3.2811
-3.5410
-3.4920
-3.5931
-3.5663
-3.4118
-3.9355
-3.7835
-4.1700
-4.2542
-4.2160
-4.2285
-4.2174
-4.2262
-4.0893
-3.9911
-4.1270
-3.7791
-3.5772
-3.9797
-4.3349
-3.4993
-3.4622
-3.4307
-3.4876
-2.6629
-2.9455
-2.6485
-2.3634
-2.4696
-1.4068
-1.9131
-1.4581
-1.9306
-1.4133
-1.7874
-1.5425
-0.9419
-1.1997
-0.4522
-0.3184
-0.1162
0.4461
0.7741
0.9572
1.0188
1.3222
2.4443
1.8927
2.2236
1.8732
2.3449
2.3721
2.3658
2.8525
2.8465
2.9499
2.9717
3.6918
3.6663
3.8524
3.6000
3.9800
3.8877
4.6526
4.0592
4.7525
5.0063
5.0569
4.9232
5.1837
4.8988
4.7389
4.4336
4.0152
3.3396
3.0862
3.1101
3.5195
2.6663
3.0790
2.7384
2.5215
2.9356
3.3832
3.3269
3.0578
2.8207
2.9307
2.8754
2.8377
3.2577
2.6502
2.6274
2.6749
2.1679
1.8031
2.3697
1.8716
2.0883
1.9751
1.8263
2.1309
1.9066
1.9673
1.6214
1.7953
1.5140
2.0252
1.4807
2.0455
1.7965
2.4209
2.3569
2.3947
2.0657
2.5373
1.8061
1.5794
1.1220
1.0172
1.1007
1.0271
0.7565
0.2940
0.3228
0.6698
1.1433
0.8298
0.7123
0.5821
0.5363
0.3750
0.2119
0.0059
-0.1075
-0.2791
-0.0091
-0.1061
0.3455
0.1121
0.2490
0.5810
-0.1105
-0.3999
-0.7743
-0.7658
-1.1179
-1.2283
-1.3065
-1.4847
-2.0598
-2.4585
-2.6290
-2.8860
-3.2561
-3.7096
-3.7318
-3.8821
-3.6977
-4.3229
-4.3530
-4.2086
-4.0400
-4.0559
-4.0745
-4.0087
-4.0732
-3.9902
-4.6555
-4.7164
-4.5689
-4.4447
-4.8308
-4.9078
-5.5751
-5.6755
-5.8008
-6.0840
-6.2222
-6.1750
-6.1878
-6.3275
-6.5098
-6.3921
-6.5885
-6.9441
-6.7874
-7.1015
-6.8745
-7.0413
-7.0329
-7.5994
-7.0768
-7.4704
-7.6818
-7.7084
-7.3222
-7.4329
-7.7210
-7.3428
-7.7010
-7.7888
-7.1888
-7.7414
-7.6136
-7.7741
-7.8048
-8.0348
-8.2135
-8.2148
-8.3374
-8.2203
-8.1265
-8.3315
-8.3952
-8.4891
-8.4364
-8.3935
-8.3734
-8.3501
-8.3303
-8.2813
-7.9628
-8.1192
-8.0117
-7.9533
-7.7649
-7.7636
-7.6441
-7.6695
-7.5561
-7.4854
-7.1805
-7.3596
-7.2112
-7.2533
-7.1676
-7.2090
-7.1532
-7.0839
-7.0092
-6.9015
-6.7965
-6.6891
-6.6381
-6.5843
-6.5480
-6.2925
-6.4527
-6.3772
-6.2758
-6.2280
-6.2114
-6.2519
-6.2728
-6.0259
-6.1866
-6.1286
-6.1148
-6.0362
-6.0868
-6.0719
-5.9270
-6.1061
-6.0826
-5.8309
-6.0685
-5.8625
-6.0114
-6.0301
-5.9683
-5.9014
-5.8742
-5.7306
-5.8697
-5.9102
-6.0528
-5.8880
-6.0948
-6.0906
-6.0491
-6.0213
-6.0188
-6.0244
-5.8952
-6.0912
-6.1447
-6.0485
-6.1546
-6.1806
-6.3315
-6.2728
-6.2695
-6.1559
-6.1525
-6.1162
-5.8828
-5.8573
-6.0293
-5.9680
-5.9592
-5.9085
-5.8593
-5.7569
-5.5472
-5.3761
-5.2060
-4.9444
-5.0628
-5.0517
-4.9570
-4.9496
-4.8211
-4.6339
-4.2519
-4.3752
-4.3678
-4.4052
-4.3551
-4.2659
-4.2064
-4.1044
-4.0029
-3.7652
-3.4302
-3.4231
-3.3149
-3.1007
-2.8110
-2.2902
-2.1241
-1.8040
-1.4864
-1.2264
-0.9150
-0.7890
-0.4115
-0.5987
-0.5486
-0.5245
0.0017
-0.5935
-0.5508
-0.4276
-0.8154
-0.8708
-0.8700
-0.5998
-1.2560
-1.2823
-1.0947
-1.0429
-1.3702
-1.1446
-0.8903
-0.9523
-0.5403
-0.6693
-0.5190
-0.2991
-0.1649
-0.0735
0.1635
0.3269
0.5129
0.3920
0.5342
0.2987
0.3359
0.7287
0.4618
0.6614
0.9385
0.9081
1.0927
1.1685
1.3728
1.9523
1.7436
1.7613
1.8243
1.7979
2.0318
1.7461
2.0552
1.9888
2.4880
2.3393
2.8614
2.5072
3.4543
3.1858
3.2237
3.7097
3.6244
4.1939
3.6249
3.7943
4.0766
4.6846
4.5793
5.4567
5.3762
4.9598
4.9040
4.2602
4.2581
4.0061
3.8687
3.9374
3.7751
3.8421
3.6447
3.4722
3.4844
3.3517
3.4619
3.1633
3.1218
2.7197
2.8032
2.3281
2.1501
1.6875
1.4009
1.4154
1.0636
1.1331
0.5445
0.4924
0.8946
1.0637
0.8928
0.7750
2.5018
2.4439
2.1524
3.5994
2.9507
2.6541
3.6161
4.4325
4.2613
3.9029
4.5436
4.3450
5.3404
4.9600
5.8741
5.8842
5.8751
5.7590
6.1186
6.1324
6.2659
6.1892
6.9793
6.3900
7.3111
7.3001
6.1373
6.9080
7.5691
7.4202
7.4861
7.7206
7.3868
8.2858
8.7045
8.3800
8.2579
8.5393
8.4884
9.6370
9.5309
9.7917
9.4516
8.9683
9.8499
9.6238
9.4537
9.9315
10.0535
10.8539
10.3762
10.4539
9.7648
10.0039
10.1658
9.8193
9.9307
10.1310
10.7168
10.5230
11.2341
11.7264
11.0877
11.2667
11.0265
10.3180
10.0376
9.4996
9.0606
8.7574
8.3348
8.7528
7.8301
8.0578
7.9974
7.7555
8.1233
7.3017
7.3557
6.8818
6.8728
6.8694
7.3032
6.9544
6.8717
6.5070
6.3664
5.9799
5.6438
5.7332
5.1882
4.9918
4.2555
4.9875
4.4169
4.3042
4.7468
4.4486
4.7001
4.6140
3.8009
3.7387
3.9963
4.0740
3.8497
3.4406
3.0996
3.2260
4.3289
3.6615
4.0454
3.8962
3.8202
3.9456
3.6440
3.5880
3.8051
4.1238
3.6956
3.9694
4.4574
4.3154
3.8877
4.2433
4.0739
4.5538
4.0982
4.0085
3.9311
3.6635
4.4255
3.4686
3.7385
3.3786
3.9142
3.5218
4.5466
4.1383
4.0220
3.9447
4.5724
4.6852
5.1758
4.7679
5.4016
5.1324
5.0881
5.2164
5.6737
5.5901
6.1502
6.2602
6.5361
6.3837
6.6084
7.2338
6.0191
5.8768
5.5925
5.3864
4.8809
5.1040
4.4937
4.2665
4.1876
3.5431
2.8149
2.6308
2.3274
2.0148
2.1997
2.0432
1.6636
1.3176
1.8377
1.0467
1.0045
0.8590
1.5313
1.6105
1.8937
1.9167
1.8970
2.1326
2.1481
2.3618
2.7485
1.9647
1.9506
2.0015
1.7207
1.8557
2.0229
2.4250
1.9829
2.5308
1.8199
1.7897
2.1794
1.7418
1.8204
1.8857
2.0331
1.4094
1.5369
1.4227
1.4059
1.3839
1.0612
1.0371
1.2346
1.2215
1.3743
1.1094
1.0509
0.7948
1.0174
1.1044
1.0760
0.8469
0.7334
0.8487
0.8293
1.0659
0.6229
0.2250
0.2132
0.6051
0.2698
0.0037
0.4195
0.0226
0.2774
-0.1196
-0.0155
-0.0791
-0.0552
-0.3137
0.2238
-0.1721
-0.0975
0.1835
0.4333
0.6381
1.0174
1.3323
1.2509
0.4228
0.5143
0.4796
0.9020
0.2618
0.4753
0.3590
0.5567
0.2417
-0.0525
0.1042
-0.0566
-0.3246
-0.4199
-0.4932
-0.0683
-0.0384
-0.3385
-0.0213
-0.2346
-0.2483
-0.8536
-1.1591
-1.7256
-1.3561
-1.0675
-1.5466
-1.6373
-2.1109
-2.3719
-2.0433
-2.3448
-1.8617
-2.1838
-1.9598
-2.0307
-2.4518
-2.7858
-2.4502
-2.6219
-2.5418
-2.5698
-2.9455
-3.2436
-2.9146
-2.9784
-3.0864
-3.0550
-2.8126
-3.4501
-2.9274
-3.0890
-3.1558
-3.1942
-3.0749
-3.4503
-3.8375
-3.6258
-3.7458
-3.9557
-3.7631
-4.0125
-4.2000
-4.2405
-4.0259
-4.3306
-4.1047
-4.4404
-4.4715
-4.3824
-4.4989
-4.2936
-4.4835
-4.4156
-4.1962
-4.6088
-4.3507
-4.5423
-4.4742
-4.5018
-4.3686
-4.1584
-4.2400
-4.3698
-4.3676
-4.5192
-4.4508
-4.5331
-4.4072
-4.0795
-4.3900
-4.4496
-4.2160
-4.3999
-4.2177
-4.2956
-4.3005
-3.9010
-4.2524
-4.1947
-4.1407
-4.1611
-4.2287
-3.9382
-4.0943
-4.3075
-4.3473
-4.1975
-4.4404
-4.5443
-4.5543
-4.7168
-4.7839
-4.9767
-5.0531
-5.1582
-5.2259
-5.1650
-5.4506
-5.5570
-5.6098
-5.6732
-5.7265
-5.7816
-5.8318
-5.7685
-5.8563
-5.8259
-5.9650
-5.9808
-6.0136
-5.7847
-5.9878
-5.9533
-6.0016
-6.0239
-6.0925
-6.0562
-6.1735
-6.2083
-6.3888
-6.2776
-6.5691
-6.6566
-6.7055
-6.6938
-6.7517
-6.7890
-6.5634
-6.7013
-6.6545
-6.7144
-6.8333
-6.8435
-6.6352
-5.9783
-6.3087
-6.3330
-6.3700
-5.8672
-5.7303
-6.2711
-6.3698
-6.3053
-6.2772
-6.0450
-6.1568
-5.8242
-5.8164
-5.6385
-6.1860
-5.9453
-5.6674
-5.8919
-5.4368
-5.7432
-5.6868
-5.7443
-5.6340
-5.7710
-5.6438
-5.3089
-5.1879
-4.8142
-5.1634
-5.1814
-5.1531
-4.8747
-5.0780
-5.0415
-5.0621
-4.9795
-4.8860
-4.5468
-4.5826
-4.4872
-4.3767
-4.4749
-4.4882
-4.4982
-4.4643
-4.3889
-4.2720
-4.1033
-4.2352
-4.3991
-4.4738
-4.5883
-4.6436
-4.4952
-4.7051
-4.7226
-4.6826
-4.5455
-4.7434
-4.8060
-4.6226
-4.4982
-4.2176
-3.9951
-3.8407
-3.5245
-3.4232
-2.7127
-3.0414
-2.9080
-2.8672
-2.7910
-2.4614
-2.5035
-2.4088
-1.9952
-2.1827
-2.0491
-1.6075
-1.8892
-1.4406
-1.5404
-1.3649
-1.3787
-1.2899
-1.1816
-0.8770
-0.4953
-0.1897
-0.2874
-0.0746
0.1944
0.3636
0.5028
0.6378
0.8706
0.8298
0.8966
0.9313
1.2312
0.9643
0.9320
0.8805
0.7306
0.6725
0.4483
0.3502
0.3579
0.0558
-0.0644
-0.1408
-0.2328
-0.3632
-0.4402
-0.6447
-0.6152
-1.0720
-1.3052
-1.4533
-1.3802
-1.3987
-1.6029
-1.4812
-1.4700
-1.4931
-1.6277
-1.7534
-1.8332
-1.5458
-1.6597
-1.8035
-1.8278
-1.9422
-1.9099
-2.0141
-2.0181
-2.0308
-2.0974
-1.8851
-1.9514
-1.5674
-1.6430
-2.4362
-2.4502
-2.4539
-2.4506
-2.0196
-2.1954
-2.1770
-2.4106
-2.5616
-2.6753
-2.7901
-2.8237
-2.6472
-3.3158
-3.3386
-3.0411
-2.7261
-2.9788
-2.8199
-2.8433
-2.5711
-2.6633
-2.6952
-2.9041
-3.0416
-3.1076
-2.9023
-3.1223
-3.0424
-2.9460
-3.0726
-3.1327
-3.1435
-3.1114
-3.1015
-2.8429
-2.9529
-2.8620
-2.7032
-2.2920
-2.3136
-2.1661
-1.8513
-1.8909
-1.7202
-1.2741
-1.1475
-0.7714
-0.6959
-0.4276
-0.3925
-0.2853
-0.0216
-0.0278
0.1235
0.2662
0.3391
0.2028
0.2103
0.1869
0.0973
0.2368
-0.0283
0.0460
-0.0745
-0.0504
-0.1557
-0.0529
-0.1577
-0.4406
-0.3467
-0.3398
-0.2906
-0.4731
-0.2846
-0.3248
-0.2577
0.1051
-0.4011
-0.4688
-0.2792
-0.5525
-0.0889
-0.6430
-0.7120
-0.7609
-0.8938
-0.7759
-1.2351
-1.3034
-1.4811
-1.5273
-1.4177
-1.7238
-1.7195
-1.6006
-1.8845
-2.0374
-1.7102
-2.0702
-2.1453
-2.5430
-2.7922
-2.7454
-2.9293
-2.9259
-3.2084
-3.2424
-3.4126
-3.9166
-3.9118
-3.5814
-3.9195
-3.6929
-3.6859
-3.8679
-3.6510
-3.9773
-3.9757
-4.0380
-4.0106
-3.9857
-4.2001
-4.3175
-4.1645
-4.1793
-3.8257
-3.7303
-3.7015
-3.8285
-3.5217
-3.5825
-3.2529
-3.4322
-3.0452
-3.4476
-2.5542
-2.5780
-2.7200
-1.6333
-1.6534
-0.7899
-0.1099
-0.4227
-0.4255
-0.3543
0.6079
0.5034
1.0401
1.2688
1.7996
2.6393
3.1094
3.4803
4.1166
3.6212
4.9830
4.8113
5.2092
5.6579
5.7544
6.2667
6.7859
6.7782
7.6373
7.8484
8.0283
8.2913
8.4369
9.5972
9.1821
9.0946
9.3841
9.4504
9.5173
9.2983
8.5205
10.0380
8.5904
8.9282
8.2398
8.2580
8.5303
8.3743
8.0230
7.8090
8.5380
8.0961
8.1743
8.2444
8.1803
8.6090
8.6862
9.1496
9.2070
10.1993
9.9882
10.7552
10.7705
11.1572
11.2846
11.5185
11.5219
11.5749
12.0735
12.0821
12.7784
13.0320
12.9066
12.3128
12.2273
11.4826
11.3196
10.4155
10.3854
10.4122
10.4311
10.0908
9.5390
9.3823
10.0294
8.9560
8.8010
8.6726
8.4655
9.2456
8.8564
9.5790
8.4864
8.3397
8.9155
8.0465
8.2147
7.6280
7.0004
8.5480
7.0206
7.8706
7.6229
7.9614
8.5092
8.5380
8.1759
10.2436
9.7903
9.5095
9.3398
8.5143
9.0170
7.8340
8.0755
8.2282
7.6027
8.0034
8.4255
7.0175
7.0479
8.1559
5.5805
6.2902
4.5701
4.2628
4.3690
3.3475
3.6606
3.1443
2.7989
2.2333
1.7710
1.9766
1.9996
1.2887
1.0437
0.4595
0.5296
0.8996
0.6091
0.4418
-0.2666
-0.4715
-0.8470
-0.3232
-1.1187
-1.2166
-0.9688
-1.5730
-1.7632
-1.8385
-1.9321
-1.8721
-1.6615
-1.8721
-1.9816
-2.1187
-2.0533
-2.1102
-2.2645
-2.6373
-2.5327
-2.4343
-2.0202
-2.0701
-1.9979
-2.1985
-2.0770
-2.0221
-1.7967
-2.0353
-1.8466
-1.8647
-1.6711
-1.9494
-1.5716
-1.8846
-1.9183
-1.4510
-1.3631
-0.5913
-1.0418
-0.8706
-1.1889
-1.2871
-1.1870
-1.7930
-1.2779
-1.2600
-1.5878
-1.8374
-2.0891
-2.4381
-2.2698
-2.7652
-3.3599
-3.5239
-3.8457
-3.5175
-3.9918
-3.8971
-3.9445
-3.7705
-4.0187
-4.1638
-4.0145
-4.2487
-4.4690
-4.4739
-3.7400
-3.9169
-3.9718
-4.4046
-4.2800
-4.3354
-3.9476
-4.2368
-4.0823
-3.5820
-3.7513
-3.4724
-3.5944
-3.1546
-3.3236
-3.2582
-3.2343
-3.4320
-3.2900
-2.8920
-3.2380
-3.2526
-3.3399
-2.9400
-3.1145
-3.1412
-2.8731
-2.7291
-3.3873
-3.0107
-3.0076
-3.1549
-3.4196
-3.2988
-3.3223
-3.1569
-3.1750
-2.9434
-3.2356
-2.9950
-3.2395
-2.8148
-3.1032
-2.9836
-3.1321
-2.9771
-3.0057
-2.6554
-2.5799
-2.8264
-2.6747
-2.3969
-2.6573
-2.5091
-2.5249
-2.3068
-2.5950
-2.7082
-2.9212
-2.8218
-2.9346
-2.8257
-2.7800
-2.9777
-2.7264
-2.7867
-2.6848
-2.8208
-3.0987
-3.0626
-3.2585
-3.3675
-3.6709
-3.7184
-3.7315
-3.6107
-3.8204
-3.4499
-3.6427
-3.7193
-3.5599
-4.0315
-3.8310
-3.8699
-3.7152
-3.8081
-3.2155
-3.4595
-3.4408
-3.5187
-3.6126
-3.2933
-3.4861
-3.0276
-2.8371
-2.9117
-2.5917
-2.0994
-1.8391
-2.5219
-2.3075
-2.3380
-1.7747
-2.5308
-2.3356
-1.3717
-1.5380
-1.4663
-1.7943
-1.0766
-1.2108
-1.1482
-1.3908
-1.4231
-1.1408
-1.1202
-1.3432
-0.8424
0.0056
0.4105
0.5202
1.1324
1.3958
2.4792
2.2232
2.6775
3.0570
3.0364
3.4282
3.3793
3.5424
3.6773
3.7280
3.5143
3.6225
3.3011
2.7419
2.3387
2.3512
1.8848
1.7067
1.4836
1.5922
1.2086
1.2144
0.7598
0.7225
0.6158
1.2653
1.1472
1.3042
1.2060
1.3967
1.4231
1.1229
1.7163
0.7473
1.2279
1.6506
1.3595
1.2392
0.9353
0.4877
0.0462
-0.0603
-0.4537
-0.3643
-0.3246
-0.6524
-0.5168
-1.0152
-1.0404
-1.2194
-1.2398
-1.1561
-0.8875
-0.7266
-0.8209
-0.9816
-0.9716
-1.6077
-1.5659
-1.4965
-1.6460
-1.5564
-1.3461
-1.4151
-1.4485
-1.2819
-1.3370
-1.2179
-1.1700
-1.0601
-0.9389
-1.0748
-1.3905
-1.5276
-1.4108
-1.4936
-1.4142
-1.3485
-1.1889
-1.5063
-1.1295
-1.4208
-1.3872
-1.4438
-1.6148
-1.7084
-1.6275
-1.7799
-1.7944
-1.4865
-1.7748
-1.1895
-1.2348
-1.1862
-0.6186
-1.2546
-1.1775
-1.4344
-0.9827
-1.3251
-1.0859
-0.9834
-0.9469
-1.1277
-1.2902
-1.2680
-1.2187
-0.8421
-1.1772
-1.1657
-0.9999
-0.5633
-0.3151
0.0194
0.3448
0.7308
1.2253
1.4267
1.7527
2.0877
1.8056
2.0406
2.7828
2.3589
2.5278
2.5383
2.3588
2.7173
2.7648
2.6987
2.7499
2.2252
2.0220
2.6720
1.9063
2.0280
2.0996
1.6806
1.4713
1.2868
1.2787
1.1364
1.1653
1.0805
1.2134
1.1056
1.3538
1.2211
1.4786
1.1906
0.9772
0.9808
0.7200
0.7549
0.5787
0.5606
0.5183
0.4814
0.4655
0.4691
0.4199
0.3813
0.2615
0.1457
0.1908
-0.2439
-0.5122
-0.8563
-1.1954
-1.5353
-1.8392
-2.1016
-2.3077
-2.4610
-2.5725
-2.6455
-2.5014
-2.7438
-2.7896
-2.8238
-2.8689
-2.8945
-2.8740
-2.8922
-2.9867
-3.1202
-3.2603
-3.3339
-3.3559
-3.4342
-3.4749
-3.5218
-3.5348
-3.5243
-3.5028
-3.4766
-3.4443
-3.4370
-3.2399
-3.4870
-3.5473
-3.6345
-3.7173
-3.7971
-3.8602
-3.8955
-3.9188
-3.9031
-3.8741
-3.8450
-3.7985
-3.7964
-3.7516
-3.7149
-3.6395
-3.4821
-3.4487
-3.3513
-3.3878
-3.3630
-3.3446
-3.3398
-3.3315
-3.3496
-3.3564
-3.3977
-3.2058
-3.3429
-3.3427
-3.2285
-3.1878
-3.0287
-2.8854
-2.7397
-2.6383
-2.5402
-2.4586
-2.3767
-2.3027
-2.2303
-1.9778
-1.9245
-1.8287
-2.0225
-1.8936
-1.8331
-1.5894
-1.3658
-0.8019
-1.5237
-1.1979
-1.3668
-1.3189
-1.1196
-0.7577
-1.0765
-0.5062
-0.3935
-0.3420
0.2263
0.1980
0.2357
0.3385
0.4029
0.3544
0.3994
0.1372
-0.1194
-0.2140
0.3155
0.0363
0.3397
0.7738
1.1109
1.5012
1.8254
1.8397
1.9359
2.3263
2.9372
3.1445
3.5024
3.8826
4.2212
4.7794
4.4640
4.8776
4.5802
4.4389
4.4649
4.3534
4.3751
4.8361
4.9122
4.5225
4.7565
4.4561
4.6269
4.6324
4.7527
4.0196
4.2103
4.1837
3.9484
4.3978
3.7306
3.6084
3.4362
3.6429
2.8743
2.8651
2.6287
2.6610
2.4942
2.2350
2.2840
2.5787
1.6875
1.8887
2.0702
1.9876
1.9937
1.5958
1.6104
1.8027
1.3349
1.1163
0.9596
1.2478
0.3949
1.0049
0.3964
0.1144
0.2441
0.0463
0.2624
-0.0751
0.2391
0.2832
0.2997
0.4078
0.3056
0.8888
1.0085
0.7786
1.7469
1.0144
0.9199
1.6583
1.0694
1.0373
1.8091
1.1891
2.0712
2.0582
1.8165
1.7380
1.7858
2.4141
1.8153
2.3383
2.4035
1.9628
1.5928
2.0326
1.8242
1.6110
1.2381
1.2339
1.0369
1.1232
0.7136
0.7337
0.3454
0.0882
0.0248
-0.0914
-0.2149
-0.2772
-0.3117
-0.3599
-0.1256
-0.4701
-0.0866
-0.5916
-0.5944
-1.1156
-1.0302
-1.0348
-1.1459
-1.1176
-0.8460
-0.6300
-0.5416
-0.3993
-0.5049
-0.3227
-0.1667
-0.3717
-0.2739
-0.3266
0.2650
0.2347
0.4418
0.1747
-0.0288
-0.3083
-0.2166
-0.2119
-0.5833
-0.1073
-0.3757
0.0221
-0.8526
-0.8661
-0.6135
-0.5222
0.0631
0.2331
0.1226
0.5258
0.2803
0.2934
0.2948
0.5787
0.2717
0.1734
-0.0784
-0.2536
-0.0395
-0.3523
-0.3354
-0.4645
-0.4985
-0.5005
-0.5370
-0.5526
-0.3851
-0.4902
-0.7165
-0.8686
-0.8568
-1.0334
-0.6608
-1.1137
-1.0687
-1.4246
-1.5148
-1.4907
-1.6716
-1.5367
-1.6838
-1.6637
-1.6092
-1.3824
-1.5390
-1.5480
-1.3770
-1.1349
-1.2210
-1.1898
-1.1476
-1.0216
