1.11482318
1.11374308
1.11249452
1.11146823
1.11039826
1.10938228
1.10835648
1.10735333
1.10635364
1.10535924
1.10436845
1.10338169
1.10239865
1.10141839
1.10044126
1.09946597
1.09849404
1.13777603
1.13677836
1.13578329
1.13479087
1.13380038
1.13281185
1.13182528
1.13084067
1.12985803
1.12887737
1.12789869
1.12692199
1.12594727
1.12497453
1.12400418
1.12303828
1.12207720
1.12903365
1.12808739
1.12714374
1.12620291
1.12526396
1.12432689
1.12339169
1.12245838
1.12152694
1.12059765
1.11967550
1.11875543
1.11783720
1.11692103
1.11600740
1.11509561
1.11418636
1.11327999
1.11237624
1.11147479
1.11057597
1.10968046
1.10878824
1.10789777
1.10700908
1.10612373
1.10524139
1.10436087
1.10348252
1.10260609
1.10173199
1.10085960
1.09998893
1.09912090
1.09825496
1.09739117
1.09652908
1.09566867
1.09480994
1.09395289
1.09309751
