-0.2663
-0.2310
-0.1968
-0.1644
-0.1348
-0.1085
-0.0863
-0.0686
-0.0556
-0.0474
-0.0441
-0.0454
-0.0511
-0.0608
-0.0740
-0.0903
-0.1092
-0.1301
-0.1527
-0.1764
-0.2009
-0.2259
-0.2508
-0.2756
-0.2998
-0.3233
-0.3457
-0.3670
-0.3870
-0.4054
-0.4224
-0.4377
-0.4514
-0.4637
-0.4745
-0.4842
-0.4928
-0.5007
-0.5080
-0.5149
-0.5218
-0.5286
-0.5356
-0.5428
-0.5502
-0.5577
-0.5654
-0.5731
-0.5808
-0.5886
-0.5962
-0.6040
-0.6118
-0.6198
-0.6283
-0.6373
-0.6471
-0.6579
-0.6697
-0.6829
-0.6974
-0.7134
-0.7308
-0.7498
-0.7701
-0.7917
-0.8144
-0.8380
-0.8622
-0.8868
-0.9114
-0.9357
-0.9593
-0.9819
-1.0032
-1.0230
-1.0410
-1.0571
-1.0712
-1.0833
-1.0934
-1.1016
-1.1081
-1.1131
-1.1166
-1.1190
-1.1205
-1.1211
-1.1211
-1.1206
-1.1196
-1.1182
-1.1166
-1.1147
-1.1125
-1.1102
-1.1078
-1.1053
-1.1030
-1.1008
-1.0990
-1.0977
-1.0970
-1.0971
-1.0981
-1.1000
-1.1028
-1.1064
-1.1107
-1.1157
-1.1209
-1.1263
-1.1316
-1.1364
-1.1408
-1.1444
-1.1473
-1.1494
-1.1509
-1.1518
-1.1526
-1.1533
-1.1545
-1.1563
-1.1592
-1.1633
-1.1689
-1.1762
-1.1853
-1.1961
-1.2085
-1.2225
-1.2378
-1.2543
-1.2717
-1.2897
-1.3081
-1.3266
-1.3450
-1.3631
-1.3806
-1.3974
-1.4133
-1.4280
-1.4415
-1.4537
-1.4644
-1.4737
-1.4817
-1.4883
-1.4939
-1.4986
-1.5028
-1.5069
-1.5111
-1.5158
-1.5214
-1.5281
-1.5361
-1.5454
-1.5559
-1.5675
-1.5798
-1.5926
-1.6053
-1.6176
-1.6290
-1.6393
-1.6482
-1.6557
-1.6616
-1.6663
-1.6698
-1.6726
-1.6751
-1.6777
-1.6807
-1.6844
-1.6892
-1.6950
-1.7019
-1.7096
-1.7179
-1.7264
-1.7346
-1.7418
-1.7475
-1.7512
-1.7523
-1.7505
-1.7453
-1.7366
-1.7243
-1.7085
-1.6895
-1.6675
-1.6431
-1.6167
-1.5889
-1.5605
-1.5320
-1.5040
-1.4771
-1.4517
-1.4282
-1.4069
-1.3879
-1.3710
-1.3563
-1.3435
-1.3321
-1.3217
-1.3118
-1.3020
-1.2917
-1.2805
-1.2679
-1.2535
-1.2371
-1.2184
-1.1974
-1.1741
-1.1483
-1.1203
-1.0903
-1.0584
-1.0250
-0.9903
-0.9549
-0.9192
-0.8837
-0.8490
-0.8158
-0.7847
-0.7564
-0.7316
-0.7110
-0.6951
-0.6844
-0.6792
-0.6796
-0.6857
-0.6971
-0.7133
-0.7337
-0.7573
-0.7831
-0.8098
-0.8363
-0.8614
-0.8840
-0.9030
-0.9178
-0.9279
-0.9330
-0.9332
-0.9288
-0.9206
-0.9092
-0.8957
-0.8810
-0.8663
-0.8524
-0.8403
-0.8306
-0.8238
-0.8200
-0.8195
-0.8219
-0.8270
-0.8341
-0.8429
-0.8526
-0.8627
-0.8726
-0.8818
-0.8900
-0.8968
-0.9022
-0.9060
-0.9084
-0.9094
-0.9091
-0.9076
-0.9052
-0.9018
-0.8976
-0.8926
-0.8868
-0.8801
-0.8726
-0.8643
-0.8551
-0.8451
-0.8343
-0.8230
-0.8111
-0.7989
-0.7865
-0.7741
-0.7618
-0.7496
-0.7375
-0.7255
-0.7134
-0.7011
-0.6884
-0.6751
-0.6608
-0.6455
-0.6290
-0.6112
-0.5920
-0.5715
-0.5496
-0.5266
-0.5025
-0.4776
-0.4521
-0.4263
-0.4002
-0.3741
-0.3482
-0.3227
-0.2977
-0.2732
-0.2492
-0.2259
-0.2031
-0.1807
-0.1586
-0.1368
-0.1149
-0.0930
-0.0708
-0.0482
-0.0252
-0.0017
0.0224
0.0468
0.0715
0.0964
0.1213
0.1459
0.1700
0.1935
0.2161
0.2378
0.2583
0.2776
0.2957
0.3125
0.3282
0.3428
0.3565
0.3695
0.3819
0.3940
0.4060
0.4182
0.4307
0.4438
0.4577
0.4724
0.4881
0.5047
0.5221
0.5402
0.5588
0.5775
0.5962
0.6143
0.6316
0.6475
0.6617
0.6738
0.6834
0.6903
0.6943
0.6953
0.6934
0.6885
0.6810
0.6712
0.6594
0.6462
0.6321
0.6175
0.6030
0.5891
0.5760
0.5641
0.5536
0.5446
0.5371
0.5310
0.5262
0.5224
0.5193
0.5169
0.5147
0.5127
0.5107
0.5085
0.5061
0.5036
0.5009
0.4981
0.4954
0.4927
0.4901
0.4878
0.4855
0.4834
0.4814
0.4794
0.4774
0.4753
0.4733
0.4712
0.4693
0.4676
0.4662
0.4653
0.4650
0.4655
0.4667
0.4687
0.4715
0.4749
0.4786
0.4825
0.4863
0.4897
0.4924
0.4942
0.4948
0.4942
0.4922
0.4888
0.4842
0.4784
0.4716
0.4640
0.4558
0.4473
0.4387
0.4300
0.4216
0.4134
0.4056
0.3982
0.3913
0.3848
0.3788
0.3733
0.3682
0.3636
0.3596
0.3562
0.3533
0.3512
0.3497
0.3491
0.3492
0.3503
0.3522
0.3551
0.3589
0.3638
0.3697
0.3766
0.3846
0.3936
0.4037
0.4147
0.4267
0.4395
0.4530
0.4670
0.4814
0.4959
0.5103
0.5243
0.5375
0.5497
0.5607
0.5701
0.5779
0.5838
0.5879
0.5902
0.5909
0.5900
0.5879
0.5847
0.5809
0.5766
0.5722
0.5679
0.5637
0.5600
0.5566
0.5537
0.5511
0.5488
0.5467
0.5446
0.5424
0.5400
0.5372
0.5339
0.5301
0.5257
0.5205
0.5144
0.5075
0.4997
0.4908
0.4809
0.4699
0.4577
0.4442
0.4296
0.4136
0.3964
0.3780
0.3584
0.3378
0.3164
0.2943
0.2719
0.2493
0.2267
0.2046
0.1831
0.1625
0.1429
0.1244
0.1072
0.0912
0.0765
0.0629
0.0504
0.0389
0.0282
0.0184
0.0092
0.0008
-0.0069
-0.0139
-0.0199
-0.0251
-0.0291
-0.0318
-0.0332
-0.0330
-0.0312
-0.0276
-0.0222
-0.0149
-0.0058
0.0050
0.0176
0.0318
0.0474
0.0643
0.0823
0.1013
0.1210
0.1412
0.1619
0.1828
0.2037
0.2245
0.2451
0.2653
0.2851
0.3043
0.3229
0.3408
0.3578
0.3740
0.3891
0.4032
0.4161
0.4278
0.4383
0.4476
0.4557
0.4626
0.4686
0.4738
0.4783
0.4824
0.4863
0.4902
0.4944
0.4990
0.5042
0.5101
0.5167
0.5242
0.5324
0.5412
0.5507
0.5606
0.5708
0.5812
0.5916
0.6020
0.6121
0.6218
0.6312
0.6400
0.6484
0.6562
0.6634
0.6701
0.6764
0.6822
0.6877
0.6930
0.6981
0.7032
0.7082
0.7132
0.7182
0.7232
0.7283
0.7334
0.7383
0.7432
0.7478
0.7522
0.7563
0.7601
0.7637
0.7670
0.7701
0.7732
0.7763
0.7796
0.7832
0.7871
0.7915
0.7964
0.8017
0.8075
0.8135
0.8197
0.8258
0.8316
0.8371
0.8418
0.8458
0.8488
0.8508
0.8517
0.8516
0.8507
0.8489
0.8466
0.8439
0.8410
0.8382
0.8357
0.8338
0.8326
0.8323
0.8330
0.8348
0.8377
0.8419
0.8471
0.8535
0.8608
0.8690
0.8778
0.8871
0.8966
0.9061
0.9154
0.9241
0.9321
0.9390
0.9446
0.9487
0.9511
0.9516
0.9501
0.9467
0.9413
0.9339
0.9248
0.9140
0.9017
0.8883
0.8738
0.8587
0.8430
0.8271
0.8111
0.7953
0.7796
0.7643
0.7494
0.7348
0.7205
0.7064
0.6925
0.6784
0.6642
0.6496
0.6345
0.6188
0.6024
0.5853
0.5675
0.5490
0.5299
0.5104
0.4907
0.4709
0.4513
0.4320
0.4132
0.3950
0.3775
0.3607
0.3446
0.3291
0.3140
0.2993
0.2847
0.2699
0.2548
0.2391
0.2227
0.2054
0.1871
0.1678
0.1474
0.1260
0.1038
0.0808
0.0572
0.0332
0.0091
-0.0151
-0.0390
-0.0626
-0.0857
-0.1082
-0.1301
-0.1513
-0.1718
-0.1916
-0.2107
-0.2292
-0.2470
-0.2641
-0.2805
-0.2962
-0.3112
-0.3253
-0.3385
-0.3509
-0.3623
-0.3728
-0.3824
-0.3912
-0.3993
-0.4069
-0.4140
-0.4210
-0.4279
-0.4351
-0.4426
-0.4508
-0.4597
-0.4694
-0.4801
-0.4917
-0.5042
-0.5176
-0.5317
-0.5464
-0.5616
-0.5771
-0.5928
-0.6083
-0.6237
-0.6386
-0.6529
-0.6665
-0.6791
-0.6906
-0.7008
-0.7096
-0.7168
-0.7223
-0.7260
-0.7279
-0.7277
-0.7256
-0.7214
-0.7154
-0.7074
-0.6977
-0.6863
-0.6735
-0.6595
-0.6444
-0.6285
-0.6119
-0.5948
-0.5774
-0.5598
-0.5419
-0.5239
-0.5058
-0.4874
-0.4688
-0.4498
-0.4304
-0.4105
-0.3899
-0.3688
-0.3469
-0.3244
-0.3012
-0.2774
-0.2530
-0.2281
-0.2028
-0.1770
-0.1508
-0.1241
-0.0970
-0.0693
-0.0411
-0.0123
0.0173
0.0476
0.0788
0.1109
0.1439
0.1777
0.2124
0.2479
0.2840
0.3208
0.3582
0.3959
0.4339
0.4721
0.5103
0.5484
0.5863
0.6236
0.6604
0.6964
0.7315
0.7655
0.7982
0.8295
0.8593
0.8874
0.9138
0.9383
0.9608
0.9814
0.9998
1.0162
1.0305
1.0428
1.0529
1.0611
1.0673
1.0716
1.0741
1.0748
1.0738
1.0711
1.0668
1.0607
1.0529
1.0434
1.0319
1.0185
1.0030
0.9856
0.9662
0.9451
0.9224
0.8985
0.8738
0.8488
0.8241
0.8003
0.7781
0.7578
0.7402
0.7254
0.7138
0.7055
0.7004
0.6983
0.6989
0.7018
0.7065
0.7124
0.7190
0.7256
0.7319
0.7375
0.7418
0.7449
0.7464
0.7464
0.7449
0.7420
0.7380
0.7330
0.7273
0.7212
0.7148
0.7083
0.7020
0.6960
0.6904
0.6854
0.6810
0.6774
0.6745
0.6726
0.6715
0.6714
0.6722
0.6739
0.6764
0.6797
0.6834
0.6874
0.6916
0.6955
0.6991
0.7020
0.7041
0.7052
0.7053
0.7044
0.7024
0.6995
0.6958
0.6916
0.6871
0.6824
0.6777
0.6733
0.6692
0.6655
0.6624
0.6598
0.6577
0.6561
0.6548
0.6538
0.6530
0.6521
0.6510
0.6496
0.6477
0.6450
0.6413
0.6364
0.6300
0.6219
0.6117
0.5994
0.5847
0.5675
0.5477
0.5252
0.5003
0.4729
0.4434
0.4120
0.3790
0.3449
0.3101
0.2750
0.2400
0.2055
0.1720
0.1396
0.1088
0.0796
0.0522
0.0267
0.0030
-0.0190
-0.0394
-0.0583
-0.0760
-0.0926
-0.1083
-0.1232
-0.1376
-0.1515
-0.1649
-0.1779
-0.1904
-0.2023
-0.2136
-0.2242
-0.2340
-0.2428
-0.2506
-0.2574
-0.2631
-0.2676
-0.2710
-0.2733
-0.2745
-0.2745
-0.2735
-0.2713
-0.2680
-0.2636
-0.2579
-0.2511
-0.2430
-0.2337
-0.2231
-0.2114
-0.1985
-0.1845
-0.1696
-0.1538
-0.1373
-0.1200
-0.1020
-0.0835
-0.0643
-0.0445
-0.0240
-0.0028
0.0193
0.0422
0.0660
0.0908
0.1163
0.1426
0.1694
0.1966
0.2239
0.2509
0.2774
0.3029
0.3272
0.3497
0.3703
0.3886
0.4044
0.4175
0.4278
0.4351
0.4396
0.4411
0.4398
0.4358
0.4294
0.4206
0.4099
0.3973
0.3833
0.3680
0.3520
0.3353
0.3185
0.3018
0.2855
0.2699
0.2553
0.2420
0.2302
0.2201
0.2118
0.2055
0.2012
0.1990
0.1987
0.2005
0.2041
0.2095
0.2165
0.2250
0.2349
0.2461
0.2583
0.2715
0.2856
0.3003
0.3155
0.3311
0.3469
0.3628
0.3784
0.3935
0.4080
0.4215
0.4338
0.4447
0.4540
0.4615
0.4671
0.4708
0.4725
0.4724
0.4706
0.4673
0.4629
0.4576
0.4517
0.4458
0.4401
0.4350
0.4308
0.4277
0.4260
0.4258
0.4270
0.4296
0.4336
0.4388
0.4449
0.4518
0.4592
0.4669
0.4747
0.4824
0.4898
0.4968
0.5033
0.5092
0.5144
0.5189
0.5227
0.5257
0.5279
0.5295
0.5303
0.5306
0.5304
0.5298
0.5290
0.5282
0.5276
0.5275
0.5279
0.5293
0.5316
0.5352
0.5401
0.5463
0.5540
0.5631
0.5735
0.5852
0.5980
0.6116
0.6260
0.6409
0.6559
0.6710
0.6858
0.7001
0.7138
0.7265
0.7382
0.7488
0.7583
0.7667
0.7741
0.7806
0.7865
0.7919
0.7971
0.8023
0.8078
0.8136
0.8199
0.8267
0.8340
0.8418
0.8497
0.8577
0.8655
0.8728
0.8794
0.8849
0.8891
0.8920
0.8932
0.8929
0.8908
0.8872
0.8820
0.8754
0.8675
0.8585
0.8485
0.8377
0.8261
0.8140
0.8013
0.7880
0.7742
0.7600
0.7453
0.7303
0.7149
0.6992
0.6835
0.6679
0.6525
0.6375
0.6231
0.6095
0.5967
0.5850
0.5742
0.5645
0.5559
0.5483
0.5416
0.5358
0.5309
0.5267
0.5233
0.5205
0.5184
0.5170
0.5163
0.5162
0.5166
0.5176
0.5191
0.5209
0.5228
0.5247
0.5264
0.5276
0.5279
0.5272
0.5252
0.5215
0.5160
0.5085
0.4988
0.4869
0.4728
0.4566
0.4385
0.4188
0.3976
0.3753
0.3522
0.3286
0.3049
0.2813
0.2580
0.2353
0.2133
0.1922
0.1721
0.1531
0.1354
0.1189
0.1038
0.0900
0.0777
0.0668
0.0574
0.0492
0.0423
0.0365
0.0316
0.0275
0.0239
0.0207
0.0178
0.0148
0.0118
0.0086
0.0052
0.0016
-0.0021
-0.0059
-0.0096
-0.0132
-0.0164
-0.0193
-0.0217
-0.0235
-0.0246
-0.0251
-0.0248
-0.0238
-0.0221
-0.0196
-0.0163
-0.0123
-0.0074
-0.0017
0.0048
0.0121
0.0204
0.0296
0.0398
0.0509
0.0631
0.0763
0.0905
0.1057
0.1219
0.1390
0.1569
0.1756
0.1949
0.2146
0.2346
0.2545
0.2743
0.2937
0.3125
0.3305
0.3476
0.3635
0.3783
0.3918
0.4040
0.4149
0.4245
0.4328
0.4400
0.4460
0.4510
0.4550
0.4582
0.4606
0.4623
0.4635
0.4640
0.4641
0.4637
0.4628
0.4615
0.4597
0.4573
0.4545
0.4511
0.4472
0.4429
0.4382
0.4332
0.4280
0.4227
0.4175
0.4125
0.4078
0.4035
0.3998
0.3968
0.3944
0.3929
0.3921
0.3923
0.3933
0.3953
0.3983
0.4021
0.4069
0.4126
0.4191
0.4263
0.4342
0.4425
0.4512
0.4601
0.4689
0.4777
0.4861
0.4941
0.5015
0.5081
0.5141
0.5192
0.5234
0.5267
0.5292
0.5309
0.5319
0.5322
0.5319
0.5312
0.5301
0.5288
0.5275
0.5261
0.5250
0.5241
0.5236
0.5235
0.5239
0.5248
0.5262
0.5281
0.5305
0.5332
0.5363
0.5397
0.5432
0.5470
0.5510
0.5551
0.5596
0.5644
0.5697
0.5756
0.5821
0.5894
0.5975
0.6064
0.6161
0.6264
0.6373
0.6486
0.6600
0.6714
0.6824
0.6929
0.7027
0.7115
0.7191
0.7256
0.7308
0.7348
0.7376
0.7392
0.7398
0.7396
0.7388
0.7374
0.7358
0.7342
0.7326
0.7313
0.7305
0.7301
0.7304
0.7313
0.7327
0.7348
0.7372
0.7399
0.7428
0.7455
0.7480
0.7499
0.7512
0.7515
0.7509
0.7490
0.7460
0.7418
0.7364
0.7298
0.7223
0.7138
0.7046
0.6948
0.6845
0.6739
0.6632
0.6523
0.6414
0.6306
0.6199
0.6093
0.5989
0.5886
0.5785
0.5686
0.5588
0.5493
0.5399
0.5309
0.5222
0.5139
0.5062
0.4992
0.4930
0.4877
0.4835
0.4804
0.4785
0.4778
0.4783
0.4798
0.4823
0.4856
0.4894
0.4935
0.4976
0.5016
0.5051
0.5080
0.5101
0.5114
0.5117
0.5112
0.5098
0.5077
0.5049
0.5015
0.4977
0.4935
0.4888
0.4837
0.4781
0.4719
0.4649
0.4571
0.4483
0.4384
0.4274
0.4152
0.4019
0.3876
0.3725
0.3568
0.3406
0.3244
0.3082
0.2925
0.2773
0.2629
0.2494
0.2369
0.2256
0.2154
0.2064
0.1985
0.1918
0.1861
0.1814
0.1776
0.1747
0.1724
0.1707
0.1694
0.1684
0.1676
0.1667
0.1658
0.1647
0.1634
0.1618
0.1599
0.1577
0.1552
0.1524
0.1494
0.1461
0.1426
0.1390
0.1354
0.1317
0.1281
0.1247
0.1216
0.1190
0.1170
0.1159
0.1157
0.1167
0.1189
0.1225
0.1275
0.1340
0.1419
0.1511
0.1616
0.1732
0.1859
0.1994
0.2137
0.2287
0.2442
0.2602
0.2768
0.2938
0.3114
0.3294
0.3480
0.3671
0.3867
0.4066
0.4268
0.4472
0.4674
0.4875
0.5070
0.5259
0.5440
0.5611
0.5771
0.5919
0.6055
0.6179
0.6292
0.6396
0.6491
0.6580
0.6664
0.6744
0.6823
0.6901
0.6979
0.7059
0.7139
0.7220
0.7301
0.7379
0.7454
0.7523
0.7585
0.7636
0.7677
0.7705
0.7720
0.7722
0.7712
0.7691
0.7662
0.7626
0.7588
0.7550
0.7515
0.7487
0.7467
0.7458
0.7462
0.7479
0.7510
0.7555
0.7612
0.7680
0.7758
0.7844
0.7935
0.8030
0.8125
0.8220
0.8312
0.8400
0.8481
0.8556
0.8621
0.8678
0.8724
0.8760
0.8785
0.8798
0.8800
0.8790
0.8769
0.8735
0.8690
0.8634
0.8568
0.8491
0.8405
0.8312
0.8211
0.8104
0.7992
0.7877
0.7758
0.7638
0.7516
0.7392
0.7267
0.7140
0.7013
0.6883
0.6752
0.6619
0.6485
0.6349
0.6213
0.6077
0.5941
0.5808
0.5677
0.5551
0.5429
0.5314
0.5205
0.5103
0.5008
0.4918
0.4834
0.4754
0.4676
0.4598
0.4518
0.4433
0.4343
0.4244
0.4137
0.4019
0.3892
0.3756
0.3613
0.3464
0.3313
0.3163
0.3016
0.2876
0.2747
0.2630
0.2528
0.2441
0.2371
0.2316
0.2277
0.2251
0.2238
0.2234
0.2239
0.2252
0.2270
0.2295
0.2325
0.2361
0.2404
0.2456
0.2516
0.2586
0.2665
0.2755
0.2854
0.2962
0.3075
0.3194
0.3314
0.3433
0.3550
0.3661
0.3766
0.3863
0.3951
0.4030
0.4099
0.4161
0.4214
0.4262
0.4305
0.4345
0.4384
0.4423
0.4465
0.4511
0.4562
0.4621
0.4687
0.4762
0.4846
0.4940
0.5042
0.5153
0.5270
0.5394
0.5523
0.5655
0.5789
0.5924
0.6059
0.6192
0.6322
0.6450
0.6575
0.6695
0.6811
0.6923
0.7030
0.7133
0.7231
0.7325
0.7415
0.7501
0.7586
0.7669
0.7752
0.7837
0.7924
0.8015
0.8110
0.8212
0.8320
0.8435
0.8557
0.8685
0.8817
0.8953
0.9090
0.9224
0.9355
0.9477
0.9589
0.9686
0.9768
0.9831
0.9874
0.9896
0.9897
0.9877
0.9838
0.9782
0.9710
0.9625
0.9531
0.9429
0.9322
0.9213
0.9103
0.8994
0.8886
0.8781
0.8678
0.8576
0.8476
0.8378
0.8280
0.8181
0.8083
0.7983
0.7882
0.7779
0.7674
0.7568
0.7461
0.7352
0.7243
0.7133
0.7024
0.6915
0.6809
0.6706
0.6607
0.6513
0.6425
0.6344
0.6269
0.6202
0.6142
0.6088
0.6040
0.5995
0.5952
0.5910
0.5866
0.5819
0.5766
0.5707
0.5640
0.5566
0.5484
0.5394
0.5298
0.5198
0.5095
0.4991
0.4890
0.4792
0.4701
0.4619
0.4548
0.4488
0.4441
0.4409
0.4390
0.4385
0.4393
0.4414
0.4444
0.4483
0.4528
0.4577
0.4627
0.4677
0.4724
0.4766
0.4801
0.4830
0.4851
0.4864
0.4870
0.4871
0.4867
0.4860
0.4851
0.4842
0.4834
0.4826
0.4817
0.4808
0.4794
0.4775
0.4745
0.4702
0.4642
0.4562
0.4459
0.4331
0.4177
0.3998
0.3794
0.3568
0.3323
0.3063
0.2793
0.2515
0.2234
0.1953
0.1676
0.1402
0.1134
0.0870
0.0611
0.0354
0.0097
-0.0162
-0.0424
-0.0691
-0.0965
-0.1246
-0.1534
-0.1828
-0.2126
-0.2428
-0.2729
-0.3029
-0.3325
-0.3615
-0.3897
-0.4172
-0.4437
-0.4695
-0.4945
-0.5189
-0.5427
-0.5661
-0.5892
-0.6121
-0.6347
-0.6571
-0.6790
-0.7005
-0.7212
-0.7410
-0.7597
-0.7770
-0.7928
-0.8069
-0.8193
-0.8299
-0.8387
-0.8457
-0.8512
-0.8553
-0.8582
-0.8600
-0.8609
-0.8612
-0.8610
-0.8603
-0.8592
-0.8578
-0.8559
-0.8535
-0.8504
-0.8466
-0.8417
-0.8356
-0.8282
-0.8191
-0.8084
-0.7958
-0.7813
-0.7649
-0.7466
-0.7266
-0.7050
-0.6820
-0.6579
-0.6328
-0.6070
-0.5808
-0.5545
-0.5280
-0.5017
-0.4755
-0.4494
-0.4234
-0.3976
-0.3717
-0.3457
-0.3196
-0.2934
-0.2671
-0.2408
-0.2146
-0.1888
-0.1635
-0.1391
-0.1158
-0.0940
-0.0738
-0.0555
-0.0393
-0.0254
-0.0138
-0.0045
0.0026
0.0074
0.0103
0.0113
0.0109
0.0091
0.0065
0.0032
-0.0003
-0.0038
-0.0070
-0.0096
-0.0113
-0.0122
-0.0119
-0.0106
-0.0082
-0.0048
-0.0006
0.0043
0.0097
0.0155
0.0213
0.0270
0.0324
0.0374
0.0418
0.0456
0.0486
0.0509
0.0525
0.0534
0.0536
0.0533
0.0524
0.0510
0.0493
0.0473
0.0450
0.0427
0.0403
0.0379
0.0356
0.0335
0.0316
0.0299
0.0285
0.0275
0.0267
0.0263
0.0261
0.0262
0.0264
0.0268
0.0271
0.0274
0.0274
0.0271
0.0265
0.0253
0.0234
0.0209
0.0174
0.0130
0.0076
0.0010
-0.0068
-0.0160
-0.0265
-0.0386
-0.0523
-0.0675
-0.0845
-0.1031
-0.1236
-0.1457
-0.1697
-0.1954
-0.2228
-0.2519
-0.2825
-0.3146
-0.3480
-0.3823
-0.4174
-0.4529
-0.4883
-0.5231
-0.5567
-0.5885
-0.6178
-0.6441
-0.6666
-0.6848
-0.6983
-0.7066
-0.7096
-0.7072
-0.6996
-0.6869
-0.6697
-0.6483
-0.6234
-0.5957
-0.5657
-0.5342
-0.5017
-0.4686
-0.4355
-0.4024
-0.3697
-0.3373
-0.3051
-0.2732
-0.2412
-0.2091
-0.1768
-0.1440
-0.1109
-0.0773
-0.0435
-0.0096
0.0242
0.0575
0.0899
0.1212
0.1508
0.1784
0.2037
0.2263
0.2459
0.2625
0.2758
0.2858
0.2925
0.2959
0.2963
0.2938
0.2887
0.2811
0.2716
0.2602
0.2475
0.2337
0.2191
0.2041
0.1889
0.1738
0.1591
0.1449
0.1314
0.1190
0.1076
0.0975
0.0887
0.0815
0.0758
0.0717
0.0691
0.0680
0.0683
0.0697
0.0721
0.0751
0.0784
0.0817
0.0847
0.0870
0.0885
0.0889
0.0881
0.0863
0.0833
0.0795
0.0749
0.0700
0.0648
0.0598
0.0551
0.0510
0.0475
0.0448
0.0428
0.0415
0.0409
0.0408
0.0410
0.0414
0.0419
0.0423
0.0426
0.0426
0.0424
0.0419
0.0412
0.0402
0.0393
0.0383
0.0375
0.0370
0.0369
0.0372
0.0381
0.0396
0.0416
0.0442
0.0474
0.0509
0.0548
0.0589
0.0631
0.0674
0.0716
0.0757
0.0798
0.0836
0.0874
0.0909
0.0943
0.0974
0.1003
0.1028
0.1047
0.1061
0.1068
0.1066
0.1054
0.1032
0.0998
0.0955
0.0902
0.0841
0.0776
0.0708
0.0642
0.0582
0.0530
0.0491
0.0468
0.0463
0.0476
0.0510
0.0562
0.0632
0.0717
0.0814
0.0920
0.1032
0.1147
0.1262
0.1375
0.1484
0.1589
0.1688
0.1783
0.1874
0.1961
0.2046
0.2129
0.2212
0.2296
0.2382
0.2470
0.2560
0.2654
0.2752
0.2854
0.2961
0.3073
0.3191
0.3314
0.3444
0.3579
0.3720
0.3865
0.4012
0.4162
0.4311
0.4457
0.4599
0.4734
0.4861
0.4977
0.5082
0.5175
0.5256
0.5324
0.5380
0.5425
0.5459
0.5484
0.5502
0.5513
0.5519
0.5521
0.5519
0.5516
0.5511
0.5505
0.5497
0.5487
0.5474
0.5459
0.5440
0.5416
0.5386
0.5349
0.5304
0.5250
0.5185
0.5110
0.5023
0.4923
0.4811
0.4686
0.4549
0.4398
0.4235
0.4060
0.3874
0.3676
0.3469
0.3252
0.3027
0.2795
0.2557
0.2315
0.2069
0.1823
0.1578
0.1337
0.1102
0.0876
0.0661
0.0460
0.0274
0.0105
-0.0047
-0.0180
-0.0296
-0.0396
-0.0479
-0.0549
-0.0606
-0.0652
-0.0690
-0.0721
-0.0745
-0.0765
-0.0780
-0.0790
-0.0797
-0.0799
-0.0796
-0.0788
-0.0774
-0.0755
-0.0730
-0.0699
-0.0663
-0.0623
-0.0578
-0.0528
-0.0475
-0.0417
-0.0355
-0.0287
-0.0214
-0.0135
-0.0048
0.0047
0.0151
0.0263
0.0384
0.0513
0.0648
0.0789
0.0933
0.1079
0.1222
0.1361
0.1493
0.1615
0.1725
0.1821
0.1902
0.1966
0.2013
0.2045
0.2060
0.2061
0.2050
0.2027
0.1996
0.1958
0.1915
0.1869
0.1823
0.1777
0.1733
0.1693
0.1656
0.1624
0.1597
0.1576
0.1561
0.1551
0.1546
0.1546
0.1550
0.1556
0.1564
0.1571
0.1576
0.1577
0.1571
0.1556
0.1532
0.1495
0.1446
0.1382
0.1305
0.1214
0.1110
0.0993
0.0867
0.0731
0.0588
0.0441
0.0291
0.0139
-0.0012
-0.0162
-0.0307
-0.0448
-0.0584
-0.0712
-0.0833
-0.0947
-0.1052
-0.1150
-0.1241
-0.1326
-0.1407
-0.1485
-0.1564
-0.1645
-0.1731
-0.1824
-0.1926
-0.2039
-0.2163
-0.2298
-0.2445
-0.2601
-0.2766
-0.2937
-0.3112
-0.3289
-0.3465
-0.3637
-0.3804
-0.3965
-0.4118
-0.4263
-0.4400
-0.4529
-0.4650
-0.4765
-0.4875
-0.4979
-0.5078
-0.5174
-0.5266
-0.5355
-0.5440
-0.5522
-0.5601
-0.5676
-0.5748
-0.5815
-0.5879
-0.5939
-0.5996
-0.6049
-0.6099
-0.6145
-0.6188
-0.6228
-0.6264
-0.6296
-0.6324
-0.6346
-0.6363
-0.6371
-0.6370
-0.6358
-0.6332
-0.6290
-0.6230
-0.6150
-0.6047
-0.5921
-0.5773
-0.5603
-0.5412
-0.5205
-0.4984
-0.4755
-0.4523
-0.4294
-0.4072
-0.3864
-0.3675
-0.3508
-0.3367
-0.3254
-0.3171
-0.3119
-0.3098
-0.3106
-0.3142
-0.3205
-0.3291
-0.3399
-0.3525
-0.3667
-0.3821
-0.3984
-0.4155
-0.4329
-0.4504
-0.4677
-0.4847
-0.5011
-0.5168
-0.5316
-0.5454
-0.5582
-0.5698
-0.5803
-0.5897
-0.5979
-0.6050
-0.6110
-0.6160
-0.6199
-0.6228
-0.6247
-0.6256
-0.6254
-0.6242
-0.6219
-0.6184
-0.6139
-0.6081
-0.6012
-0.5932
-0.5841
-0.5740
-0.5630
-0.5513
-0.5390
-0.5263
-0.5133
-0.5004
-0.4876
-0.4753
-0.4637
-0.4529
-0.4431
-0.4346
-0.4276
-0.4222
-0.4185
-0.4166
-0.4167
-0.4186
-0.4224
-0.4279
-0.4350
-0.4435
-0.4532
-0.4638
-0.4750
-0.4866
-0.4983
-0.5099
-0.5211
-0.5319
-0.5420
-0.5515
-0.5602
-0.5680
-0.5749
-0.5807
-0.5854
-0.5888
-0.5909
-0.5915
-0.5905
-0.5879
-0.5838
-0.5781
-0.5711
-0.5630
-0.5541
-0.5446
-0.5350
-0.5254
-0.5164
-0.5080
-0.5005
-0.4940
-0.4885
-0.4839
-0.4803
-0.4773
-0.4749
-0.4729
-0.4711
-0.4694
-0.4679
-0.4664
-0.4652
-0.4644
-0.4640
-0.4643
-0.4654
-0.4674
-0.4705
-0.4745
-0.4794
-0.4851
-0.4913
-0.4979
-0.5046
-0.5112
-0.5174
-0.5233
-0.5287
-0.5337
-0.5383
-0.5428
-0.5472
-0.5517
-0.5567
-0.5623
-0.5686
-0.5757
-0.5835
-0.5921
-0.6013
-0.6108
-0.6205
-0.6301
-0.6393
-0.6480
-0.6558
-0.6627
-0.6685
-0.6732
-0.6768
-0.6794
-0.6810
-0.6817
-0.6817
-0.6811
-0.6800
-0.6786
-0.6770
-0.6752
-0.6732
-0.6712
-0.6690
-0.6667
-0.6643
-0.6617
-0.6588
-0.6557
-0.6523
-0.6487
-0.6447
-0.6406
-0.6362
-0.6316
-0.6268
-0.6218
-0.6167
-0.6113
-0.6057
-0.5998
-0.5936
-0.5871
-0.5803
-0.5733
-0.5661
-0.5589
-0.5518
-0.5449
-0.5384
-0.5324
-0.5270
-0.5223
-0.5182
-0.5147
-0.5118
-0.5092
-0.5069
-0.5046
-0.5022
-0.4996
-0.4967
-0.4934
-0.4897
-0.4856
-0.4813
-0.4767
-0.4721
-0.4675
-0.4631
-0.4591
-0.4556
-0.4526
-0.4503
-0.4488
-0.4480
-0.4479
-0.4487
-0.4501
-0.4523
-0.4550
-0.4582
-0.4619
-0.4658
-0.4698
-0.4738
-0.4777
-0.4813
-0.4845
-0.4872
-0.4895
-0.4912
-0.4924
-0.4933
-0.4940
-0.4947
-0.4956
-0.4970
-0.4993
-0.5027
-0.5076
-0.5140
-0.5222
-0.5322
-0.5441
-0.5576
-0.5725
-0.5885
-0.6052
-0.6220
-0.6384
-0.6539
-0.6680
-0.6801
-0.6897
-0.6967
-0.7006
-0.7015
-0.6992
-0.6940
-0.6859
-0.6752
-0.6623
-0.6475
-0.6310
-0.6133
-0.5946
-0.5751
-0.5549
-0.5339
-0.5122
-0.4896
-0.4660
-0.4411
-0.4148
-0.3868
-0.3572
-0.3258
-0.2928
-0.2583
-0.2225
-0.1859
-0.1489
-0.1119
-0.0752
-0.0395
-0.0049
0.0281
0.0594
0.0889
0.1165
0.1423
0.1662
0.1886
0.2094
0.2289
0.2471
0.2642
0.2803
0.2955
0.3098
0.3232
0.3357
0.3474
0.3581
0.3679
0.3767
0.3845
0.3912
0.3968
0.4013
0.4047
0.4072
0.4086
0.4092
0.4090
0.4080
0.4065
0.4045
0.4021
0.3993
0.3963
0.3930
0.3894
0.3856
0.3814
0.3768
0.3718
0.3662
0.3601
0.3535
0.3463
0.3386
0.3305
0.3220
0.3132
0.3042
0.2952
0.2862
0.2773
0.2685
0.2599
0.2513
0.2429
0.2344
0.2258
0.2171
0.2081
0.1987
0.1890
0.1789
0.1684
0.1576
0.1465
0.1351
0.1236
0.1121
0.1006
0.0892
0.0781
0.0672
0.0567
0.0464
0.0366
0.0270
0.0176
0.0085
-0.0005
-0.0095
-0.0184
-0.0275
-0.0367
-0.0462
-0.0559
-0.0659
-0.0762
-0.0869
-0.0981
-0.1097
-0.1218
-0.1346
-0.1480
-0.1623
-0.1774
-0.1936
-0.2107
-0.2290
-0.2484
-0.2690
-0.2906
-0.3132
-0.3368
-0.3613
-0.3863
-0.4120
-0.4380
-0.4643
-0.4907
-0.5170
-0.5432
-0.5692
-0.5948
-0.6200
-0.6448
-0.6689
-0.6925
-0.7155
-0.7377
-0.7592
-0.7798
-0.7995
-0.8181
-0.8355
-0.8516
-0.8663
-0.8795
-0.8911
-0.9010
-0.9093
-0.9161
-0.9215
-0.9257
-0.9289
-0.9314
-0.9335
-0.9354
-0.9374
-0.9398
-0.9427
-0.9461
-0.9503
-0.9552
-0.9607
-0.9667
-0.9732
-0.9800
-0.9869
-0.9938
-1.0006
-1.0070
-1.0132
-1.0188
-1.0239
-1.0285
-1.0325
-1.0359
-1.0388
-1.0411
-1.0430
-1.0446
-1.0459
-1.0471
-1.0483
-1.0497
-1.0515
-1.0538
-1.0568
-1.0606
-1.0653
-1.0709
-1.0774
-1.0846
-1.0924
-1.1004
-1.1084
-1.1159
-1.1226
-1.1279
-1.1316
-1.1331
-1.1322
-1.1287
-1.1224
-1.1132
-1.1014
-1.0869
-1.0700
-1.0511
-1.0304
-1.0083
-0.9851
-0.9613
-0.9372
-0.9130
-0.8891
-0.8657
-0.8430
-0.8213
-0.8005
-0.7809
-0.7625
-0.7454
-0.7297
-0.7152
-0.7021
-0.6901
-0.6794
-0.6696
-0.6608
-0.6527
-0.6452
-0.6382
-0.6313
-0.6244
-0.6174
-0.6101
-0.6023
-0.5940
-0.5850
-0.5754
-0.5650
-0.5539
-0.5420
-0.5295
-0.5162
-0.5024
-0.4879
-0.4728
-0.4573
-0.4413
-0.4249
-0.4083
-0.3914
-0.3744
-0.3574
-0.3406
-0.3239
-0.3076
-0.2918
-0.2764
-0.2617
-0.2476
-0.2344
-0.2219
-0.2104
-0.1999
-0.1905
-0.1823
-0.1756
-0.1704
-0.1670
-0.1656
-0.1663
-0.1694
-0.1750
-0.1832
-0.1942
-0.2080
-0.2245
-0.2437
-0.2655
-0.2895
-0.3156
-0.3434
-0.3724
-0.4022
-0.4323
-0.4622
-0.4913
-0.5190
-0.5450
-0.5687
-0.5896
-0.6076
-0.6224
-0.6338
-0.6417
-0.6461
-0.6471
-0.6448
-0.6393
-0.6308
-0.6193
-0.6051
-0.5882
-0.5687
-0.5466
-0.5218
-0.4944
-0.4644
-0.4317
-0.3964
-0.3585
-0.3184
-0.2762
-0.2323
-0.1873
-0.1418
-0.0964
-0.0517
-0.0087
0.0321
0.0700
0.1042
0.1345
0.1603
0.1815
0.1979
0.2097
0.2170
0.2201
0.2193
0.2151
0.2078
0.1979
0.1859
0.1721
0.1569
0.1406
0.1233
0.1055
0.0871
0.0684
0.0494
0.0304
0.0114
-0.0074
-0.0259
-0.0440
-0.0613
-0.0779
-0.0934
-0.1078
-0.1210
-0.1330
-0.1437
-0.1533
-0.1618
-0.1697
-0.1770
-0.1843
-0.1920
-0.2005
-0.2104
-0.2220
-0.2360
-0.2526
-0.2723
-0.2954
-0.3220
-0.3522
-0.3860
-0.4232
-0.4636
-0.5068
-0.5525
-0.6002
-0.6494
-0.6995
-0.7502
-0.8009
-0.8511
-0.9007
-0.9491
-0.9963
-1.0421
-1.0863
-1.1289
-1.1699
-1.2094
-1.2475
-1.2841
-1.3193
-1.3532
-1.3858
-1.4171
-1.4472
-1.4759
-1.5033
-1.5293
-1.5540
-1.5773
-1.5993
-1.6199
-1.6393
-1.6574
-1.6743
-1.6900
-1.7046
-1.7181
-1.7303
-1.7414
-1.7512
-1.7597
-1.7667
-1.7724
-1.7766
-1.7794
-1.7808
-1.7811
-1.7802
-1.7784
-1.7759
-1.7727
-1.7690
-1.7648
-1.7602
-1.7551
-1.7493
-1.7427
-1.7351
-1.7261
-1.7154
-1.7028
-1.6880
-1.6705
-1.6502
-1.6267
-1.5998
-1.5692
-1.5348
-1.4965
-1.4539
-1.4072
-1.3561
-1.3009
-1.2415
-1.1782
-1.1112
-1.0408
-0.9676
-0.8919
-0.8144
-0.7356
-0.6561
-0.5766
-0.4975
-0.4194
-0.3428
-0.2680
-0.1954
-0.1250
-0.0572
0.0081
0.0709
0.1311
0.1888
0.2441
0.2970
0.3477
0.3961
0.4424
0.4866
0.5287
0.5689
0.6070
0.6433
0.6776
0.7101
0.7406
0.7692
0.7958
0.8204
0.8428
0.8629
0.8806
0.8958
0.9083
0.9181
0.9251
0.9293
0.9307
0.9293
0.9254
0.9190
0.9104
0.8998
0.8876
0.8740
0.8594
0.8440
0.8283
0.8124
0.7968
0.7815
0.7669
0.7532
0.7404
0.7286
0.7180
0.7085
0.7001
0.6927
0.6863
0.6806
0.6757
0.6712
0.6672
0.6633
0.6596
0.6559
0.6522
0.6483
0.6444
0.6404
0.6364
0.6323
0.6283
0.6244
0.6206
0.6170
0.6136
0.6104
0.6074
0.6047
0.6021
0.5998
0.5977
0.5957
0.5940
0.5925
0.5912
0.5900
0.5890
0.5881
0.5871
0.5860
0.5847
0.5830
0.5807
0.5776
0.5736
0.5685
0.5622
0.5545
0.5453
0.5347
0.5227
0.5094
0.4948
0.4793
0.4630
0.4463
0.4294
0.4127
0.3966
0.3814
0.3674
0.3549
0.3442
0.3355
0.3290
0.3246
0.3225
0.3225
0.3247
0.3287
0.3345
0.3417
0.3501
0.3594
0.3692
0.3794
0.3896
0.3997
0.4095
0.4189
0.4277
0.4361
0.4440
0.4515
0.4589
0.4661
0.4734
0.4810
0.4888
0.4970
0.5057
0.5148
0.5243
0.5340
0.5439
0.5536
0.5630
0.5719
0.5800
0.5872
0.5932
0.5980
0.6014
0.6034
0.6039
0.6029
0.6005
0.5966
0.5913
0.5846
0.5765
0.5670
0.5561
0.5439
0.5304
0.5157
0.4998
0.4828
0.4649
0.4463
0.4270
0.4074
0.3876
0.3677
0.3480
0.3286
0.3096
0.2910
0.2730
0.2556
0.2387
0.2224
0.2067
0.1914
0.1767
0.1625
0.1488
0.1357
0.1230
0.1108
0.0991
0.0879
0.0771
0.0666
0.0564
0.0464
0.0367
0.0271
0.0177
0.0085
-0.0004
-0.0090
-0.0170
-0.0244
-0.0309
-0.0364
-0.0407
-0.0435
-0.0449
-0.0448
-0.0430
-0.0398
-0.0352
-0.0295
-0.0229
-0.0157
-0.0083
-0.0010
0.0057
0.0115
0.0162
0.0196
0.0213
0.0215
0.0202
0.0175
0.0136
0.0090
0.0039
-0.0012
-0.0059
-0.0097
-0.0123
-0.0133
-0.0127
-0.0102
-0.0059
0.0001
0.0076
0.0163
0.0259
0.0359
0.0460
0.0558
0.0649
0.0732
0.0804
0.0865
0.0913
0.0949
0.0975
0.0991
0.1001
0.1005
0.1006
0.1006
0.1007
0.1012
0.1021
0.1035
0.1056
0.1084
0.1119
0.1161
0.1210
0.1266
0.1327
0.1393
0.1464
0.1539
0.1617
0.1699
0.1783
0.1870
0.1960
0.2053
0.2150
0.2250
0.2356
0.2467
0.2585
0.2711
0.2845
0.2990
0.3146
0.3312
0.3489
0.3676
0.3872
0.4075
0.4283
0.4492
0.4700
0.4904
0.5099
0.5283
0.5454
0.5608
0.5744
0.5861
0.5960
0.6040
0.6102
0.6148
0.6180
0.6200
0.6211
0.6215
0.6215
0.6213
0.6212
0.6213
0.6220
0.6233
0.6254
0.6284
0.6324
0.6374
0.6433
0.6502
0.6577
0.6659
0.6743
0.6828
0.6912
0.6990
0.7061
0.7123
0.7174
0.7213
0.7240
0.7255
0.7260
0.7256
0.7245
0.7231
0.7216
0.7203
0.7194
0.7192
0.7199
0.7215
0.7241
0.7277
0.7323
0.7376
0.7437
0.7502
0.7571
0.7641
0.7711
0.7779
0.7843
0.7902
0.7955
0.8001
0.8038
0.8066
0.8083
0.8087
0.8080
0.8059
0.8024
0.7975
0.7913
0.7838
0.7751
0.7654
0.7548
0.7436
0.7320
0.7201
0.7081
0.6963
0.6847
0.6734
0.6625
0.6519
0.6416
0.6316
0.6217
0.6119
0.6020
0.5919
0.5816
0.5709
0.5600
0.5486
0.5370
0.5250
0.5129
0.5005
0.4880
0.4753
0.4625
0.4495
0.4363
0.4228
0.4090
0.3946
0.3795
0.3638
0.3473
0.3299
0.3115
0.2923
0.2722
0.2513
0.2296
0.2072
0.1842
0.1607
0.1367
0.1123
0.0876
0.0626
0.0374
0.0120
-0.0135
-0.0389
-0.0642
-0.0892
-0.1138
-0.1377
-0.1608
-0.1830
-0.2041
-0.2241
-0.2430
-0.2607
-0.2774
-0.2933
-0.3084
-0.3231
-0.3376
-0.3521
-0.3669
-0.3822
-0.3982
-0.4149
-0.4325
-0.4510
-0.4702
-0.4901
-0.5105
-0.5311
-0.5518
-0.5721
-0.5919
-0.6107
-0.6284
-0.6447
-0.6594
-0.6723
-0.6834
-0.6925
-0.6997
-0.7051
-0.7087
-0.7107
-0.7113
-0.7107
-0.7089
-0.7063
-0.7030
-0.6990
-0.6944
-0.6892
-0.6832
-0.6762
-0.6681
-0.6585
-0.6471
-0.6336
-0.6177
-0.5993
-0.5781
-0.5541
-0.5275
-0.4984
-0.4672
-0.4342
-0.3999
-0.3650
-0.3300
-0.2955
-0.2620
-0.2300
-0.2001
-0.1726
-0.1478
-0.1259
-0.1073
-0.0919
-0.0799
-0.0713
-0.0660
-0.0642
-0.0656
-0.0702
-0.0778
-0.0884
-0.1017
-0.1176
-0.1358
-0.1562
-0.1785
-0.2024
-0.2279
-0.2546
-0.2823
-0.3109
-0.3401
-0.3698
-0.3997
-0.4297
-0.4595
-0.4891
-0.5181
-0.5464
-0.5737
-0.6000
-0.6248
-0.6482
-0.6698
-0.6895
-0.7072
-0.7227
-0.7361
-0.7473
-0.7562
-0.7630
-0.7677
-0.7705
-0.7715
-0.7709
-0.7688
-0.7654
-0.7608
-0.7552
-0.7485
-0.7408
-0.7322
-0.7224
-0.7115
-0.6994
-0.6859
-0.6709
-0.6543
-0.6360
-0.6160
-0.5943
-0.5710
-0.5461
-0.5198
-0.4923
-0.4638
-0.4346
-0.4049
-0.3750
-0.3451
-0.3155
-0.2864
-0.2579
-0.2302
-0.2034
-0.1774
-0.1523
-0.1282
-0.1049
-0.0824
-0.0606
-0.0396
-0.0193
0.0003
0.0192
0.0374
0.0548
0.0713
0.0869
0.1015
0.1150
0.1274
0.1387
0.1488
0.1579
0.1661
0.1734
0.1801
0.1864
0.1925
0.1985
0.2047
0.2111
0.2178
0.2249
0.2322
0.2398
0.2474
0.2548
0.2620
0.2687
0.2749
0.2802
0.2848
0.2886
0.2915
0.2937
0.2951
0.2959
0.2961
0.2957
0.2948
0.2934
0.2913
0.2886
0.2852
0.2811
0.2761
0.2704
0.2640
0.2570
0.2494
0.2416
0.2336
0.2259
0.2185
0.2117
0.2058
0.2009
0.1972
0.1947
0.1934
0.1933
0.1943
0.1964
0.1992
0.2026
0.2063
0.2101
0.2137
0.2167
0.2190
0.2203
0.2204
0.2193
0.2167
0.2128
0.2075
0.2011
0.1936
0.1852
0.1763
0.1670
0.1576
0.1482
0.1392
0.1305
0.1223
0.1147
0.1076
0.1009
0.0945
0.0882
0.0820
0.0756
0.0688
0.0617
0.0539
0.0456
0.0368
0.0275
0.0179
0.0082
-0.0014
-0.0106
-0.0191
-0.0267
-0.0331
-0.0381
-0.0415
-0.0432
-0.0431
-0.0412
-0.0377
-0.0326
-0.0261
-0.0184
-0.0098
-0.0006
0.0091
0.0188
0.0284
0.0375
0.0460
0.0536
0.0602
0.0656
0.0697
0.0724
0.0736
0.0733
0.0716
0.0684
0.0639
0.0582
0.0515
0.0440
0.0358
0.0274
0.0190
0.0109
0.0033
-0.0035
-0.0091
-0.0135
-0.0165
-0.0180
-0.0179
-0.0164
-0.0134
-0.0092
-0.0038
0.0026
0.0099
0.0179
0.0265
0.0357
0.0455
0.0559
0.0669
0.0786
0.0910
0.1041
0.1178
0.1323
0.1472
0.1626
0.1782
0.1938
0.2093
0.2242
0.2386
0.2520
0.2644
0.2757
0.2856
0.2943
0.3016
0.3076
0.3123
0.3158
0.3183
0.3198
0.3204
0.3204
0.3197
0.3187
0.3174
0.3160
0.3146
0.3135
0.3128
0.3126
0.3130
0.3141
0.3159
0.3185
0.3215
0.3250
0.3287
0.3322
0.3353
0.3376
0.3389
0.3387
0.3369
0.3334
0.3279
0.3207
0.3117
0.3013
0.2898
0.2776
0.2651
0.2530
0.2416
0.2315
0.2231
0.2168
0.2129
0.2115
0.2128
0.2166
0.2227
0.2310
0.2410
0.2523
0.2644
0.2769
0.2891
0.3007
0.3112
0.3202
0.3274
0.3325
0.3353
0.3357
0.3337
0.3294
0.3227
0.3140
0.3033
0.2909
0.2770
0.2619
0.2459
0.2292
0.2121
0.1948
0.1775
0.1603
0.1434
0.1270
0.1110
0.0954
0.0803
0.0656
0.0513
0.0372
0.0233
0.0095
-0.0042
-0.0178
-0.0312
-0.0444
-0.0571
-0.0692
-0.0804
-0.0905
-0.0992
-0.1062
-0.1114
-0.1146
-0.1157
-0.1146
-0.1114
-0.1062
-0.0991
-0.0903
-0.0802
-0.0691
-0.0572
-0.0450
-0.0329
-0.0211
-0.0101
-0.0001
0.0084
0.0152
0.0202
0.0231
0.0238
0.0223
0.0186
0.0128
0.0050
-0.0044
-0.0154
-0.0276
-0.0406
-0.0543
-0.0683
-0.0823
-0.0961
-0.1094
-0.1222
-0.1343
-0.1455
-0.1558
-0.1652
-0.1736
-0.1811
-0.1877
-0.1936
-0.1988
-0.2034
-0.2075
-0.2114
-0.2151
-0.2189
-0.2228
-0.2270
-0.2316
-0.2367
-0.2423
-0.2483
-0.2547
-0.2615
-0.2683
-0.2752
-0.2817
-0.2877
-0.2931
-0.2975
-0.3008
-0.3028
-0.3035
-0.3028
-0.3006
-0.2970
-0.2919
-0.2856
-0.2779
-0.2690
-0.2590
-0.2479
-0.2358
-0.2228
-0.2089
-0.1942
-0.1787
-0.1627
-0.1461
-0.1291
-0.1120
-0.0948
-0.0779
-0.0613
-0.0454
-0.0304
-0.0163
-0.0033
0.0085
0.0191
0.0287
0.0374
0.0454
0.0529
0.0602
0.0676
0.0753
0.0836
0.0926
0.1024
0.1130
0.1242
0.1359
0.1479
0.1596
0.1709
0.1814
0.1906
0.1983
0.2042
0.2082
0.2101
0.2101
0.2082
0.2047
0.1997
0.1936
0.1867
0.1794
0.1720
0.1647
0.1576
0.1510
0.1449
0.1392
0.1340
0.1289
0.1240
0.1188
0.1133
0.1071
0.1001
0.0920
0.0828
0.0723
0.0605
0.0474
0.0333
0.0181
0.0022
-0.0142
-0.0307
-0.0470
-0.0627
-0.0776
-0.0912
-0.1032
-0.1134
-0.1216
-0.1277
-0.1315
-0.1331
-0.1324
-0.1297
-0.1252
-0.1189
-0.1112
-0.1025
-0.0930
-0.0831
-0.0731
-0.0636
-0.0548
-0.0472
-0.0411
-0.0368
-0.0346
-0.0347
-0.0371
-0.0421
-0.0493
-0.0588
-0.0702
-0.0832
-0.0974
-0.1123
-0.1274
-0.1423
-0.1564
-0.1695
-0.1813
-0.1914
-0.1997
-0.2062
-0.2111
-0.2143
-0.2163
-0.2171
-0.2171
-0.2167
-0.2161
-0.2158
-0.2158
-0.2165
-0.2181
-0.2207
-0.2245
-0.2295
-0.2357
-0.2432
-0.2520
-0.2620
-0.2733
-0.2858
-0.2994
-0.3143
-0.3303
-0.3475
-0.3659
-0.3854
-0.4063
-0.4284
-0.4518
-0.4765
-0.5024
-0.5297
-0.5580
-0.5874
-0.6177
-0.6487
-0.6800
-0.7115
-0.7428
-0.7735
-0.8035
-0.8323
-0.8596
-0.8853
-0.9092
-0.9312
-0.9512
-0.9693
-0.9856
-1.0001
-1.0133
-1.0252
-1.0360
-1.0461
-1.0556
-1.0647
-1.0734
-1.0818
-1.0898
-1.0973
-1.1042
-1.1104
-1.1155
-1.1194
-1.1219
-1.1229
-1.1223
-1.1200
-1.1160
-1.1105
-1.1035
-1.0952
-1.0858
-1.0754
-1.0644
-1.0529
-1.0412
-1.0294
-1.0178
-1.0065
-0.9957
-0.9856
-0.9762
-0.9676
-0.9599
-0.9530
-0.9470
-0.9418
-0.9373
-0.9335
-0.9301
-0.9270
-0.9241
-0.9213
-0.9184
-0.9154
-0.9121
-0.9084
-0.9042
-0.8995
-0.8943
-0.8883
-0.8815
-0.8739
-0.8651
-0.8552
-0.8439
-0.8312
-0.8170
-0.8013
-0.7840
-0.7653
-0.7455
-0.7246
-0.7031
-0.6813
-0.6595
-0.6383
-0.6180
-0.5990
-0.5817
-0.5662
-0.5530
-0.5420
-0.5333
-0.5268
-0.5225
-0.5200
-0.5190
-0.5190
-0.5196
-0.5200
-0.5198
-0.5183
-0.5147
-0.5086
-0.4994
-0.4868
-0.4705
-0.4503
-0.4264
-0.3991
-0.3687
-0.3360
-0.3015
