-0.2749
-0.1895
-0.1071
-0.0327
0.0302
0.0791
0.1131
0.1323
0.1376
0.1299
0.1110
0.0827
0.0480
0.0103
-0.0269
-0.0612
-0.0915
-0.1184
-0.1439
-0.1700
-0.1981
-0.2283
-0.2594
-0.2898
-0.3182
-0.3443
-0.3689
-0.3935
-0.4196
-0.4476
-0.4766
-0.5046
-0.5286
-0.5457
-0.5538
-0.5521
-0.5410
-0.5227
-0.5002
-0.4779
-0.4602
-0.4516
-0.4559
-0.4745
-0.5067
-0.5482
-0.5923
-0.6309
-0.6571
-0.6662
-0.6584
-0.6378
-0.6121
-0.5893
-0.5761
-0.5758
-0.5877
-0.6079
-0.6316
-0.6539
-0.6721
-0.6855
-0.6955
-0.7048
-0.7166
-0.7337
-0.7577
-0.7892
-0.8271
-0.8694
-0.9134
-0.9567
-0.9974
-1.0343
-1.0673
-1.0965
-1.1217
-1.1427
-1.1580
-1.1665
-1.1674
-1.1613
-1.1499
-1.1364
-1.1241
-1.1154
-1.1113
-1.1112
-1.1135
-1.1163
-1.1186
-1.1203
-1.1222
-1.1248
-1.1281
-1.1309
-1.1319
-1.1293
-1.1225
-1.1115
-1.0977
-1.0828
-1.0684
-1.0558
-1.0462
-1.0403
-1.0394
-1.0441
-1.0554
-1.0731
-1.0964
-1.1239
-1.1532
-1.1816
-1.2061
-1.2239
-1.2330
-1.2321
-1.2211
-1.2013
-1.1747
-1.1447
-1.1146
-1.0889
-1.0708
-1.0635
-1.0679
-1.0835
-1.1077
-1.1370
-1.1678
-1.1974
-1.2244
-1.2487
-1.2711
-1.2926
-1.3139
-1.3353
-1.3569
-1.3782
-1.3989
-1.4184
-1.4365
-1.4529
-1.4683
-1.4835
-1.5000
-1.5187
-1.5395
-1.5604
-1.5773
-1.5852
-1.5792
-1.5571
-1.5201
-1.4742
-1.4285
-1.3935
-1.3780
-1.3867
-1.4194
-1.4713
-1.5345
-1.6002
-1.6608
-1.7108
-1.7475
-1.7702
-1.7797
-1.7774
-1.7650
-1.7443
-1.7172
-1.6865
-1.6547
-1.6248
-1.5998
-1.5821
-1.5741
-1.5774
-1.5932
-1.6212
-1.6600
-1.7065
-1.7565
-1.8046
-1.8460
-1.8766
-1.8944
-1.8992
-1.8927
-1.8772
-1.8554
-1.8285
-1.7970
-1.7603
-1.7178
-1.6690
-1.6150
-1.5580
-1.5007
-1.4458
-1.3955
-1.3509
-1.3133
-1.2834
-1.2627
-1.2524
-1.2530
-1.2640
-1.2829
-1.3062
-1.3296
-1.3494
-1.3626
-1.3676
-1.3641
-1.3521
-1.3323
-1.3059
-1.2740
-1.2384
-1.2007
-1.1625
-1.1253
-1.0898
-1.0563
-1.0240
-0.9914
-0.9557
-0.9143
-0.8651
-0.8078
-0.7443
-0.6787
-0.6162
-0.5615
-0.5178
-0.4861
-0.4661
-0.4568
-0.4580
-0.4710
-0.4980
-0.5419
-0.6044
-0.6850
-0.7804
-0.8846
-0.9892
-1.0852
-1.1635
-1.2172
-1.2416
-1.2354
-1.2004
-1.1415
-1.0654
-0.9798
-0.8926
-0.8109
-0.7405
-0.6851
-0.6470
-0.6266
-0.6235
-0.6360
-0.6626
-0.7008
-0.7481
-0.8006
-0.8540
-0.9036
-0.9451
-0.9754
-0.9930
-0.9985
-0.9933
-0.9802
-0.9617
-0.9406
-0.9194
-0.9004
-0.8853
-0.8757
-0.8723
-0.8751
-0.8830
-0.8947
-0.9077
-0.9195
-0.9274
-0.9288
-0.9218
-0.9047
-0.8777
-0.8416
-0.7995
-0.7558
-0.7161
-0.6856
-0.6685
-0.6658
-0.6759
-0.6941
-0.7145
-0.7312
-0.7399
-0.7386
-0.7271
-0.7068
-0.6797
-0.6482
-0.6142
-0.5796
-0.5458
-0.5136
-0.4832
-0.4541
-0.4255
-0.3964
-0.3663
-0.3354
-0.3041
-0.2733
-0.2437
-0.2161
-0.1910
-0.1690
-0.1501
-0.1347
-0.1223
-0.1124
-0.1041
-0.0962
-0.0872
-0.0755
-0.0588
-0.0353
-0.0035
0.0366
0.0837
0.1341
0.1832
0.2261
0.2590
0.2806
0.2925
0.2986
0.3039
0.3130
0.3282
0.3493
0.3735
0.3966
0.4142
0.4236
0.4241
0.4171
0.4062
0.3957
0.3898
0.3917
0.4033
0.4239
0.4516
0.4831
0.5152
0.5457
0.5741
0.6007
0.6272
0.6544
0.6827
0.7117
0.7402
0.7673
0.7917
0.8122
0.8269
0.8328
0.8269
0.8067
0.7719
0.7245
0.6701
0.6153
0.5668
0.5290
0.5035
0.4886
0.4810
0.4770
0.4745
0.4733
0.4750
0.4816
0.4943
0.5121
0.5326
0.5517
0.5657
0.5715
0.5679
0.5550
0.5345
0.5088
0.4814
0.4560
0.4369
0.4271
0.4286
0.4405
0.4605
0.4841
0.5067
0.5242
0.5335
0.5332
0.5233
0.5049
0.4803
0.4528
0.4259
0.4035
0.3886
0.3837
0.3894
0.4050
0.4281
0.4558
0.4846
0.5115
0.5342
0.5519
0.5642
0.5712
0.5729
0.5688
0.5585
0.5417
0.5189
0.4918
0.4631
0.4359
0.4133
0.3972
0.3883
0.3858
0.3881
0.3924
0.3963
0.3976
0.3949
0.3878
0.3773
0.3651
0.3531
0.3429
0.3351
0.3298
0.3263
0.3244
0.3239
0.3249
0.3275
0.3311
0.3350
0.3385
0.3414
0.3444
0.3488
0.3556
0.3654
0.3773
0.3902
0.4026
0.4141
0.4250
0.4370
0.4516
0.4704
0.4938
0.5214
0.5522
0.5845
0.6163
0.6458
0.6703
0.6876
0.6952
0.6915
0.6763
0.6511
0.6192
0.5851
0.5538
0.5291
0.5138
0.5080
0.5108
0.5196
0.5317
0.5440
0.5547
0.5620
0.5654
0.5649
0.5611
0.5551
0.5485
0.5427
0.5388
0.5375
0.5379
0.5387
0.5376
0.5328
0.5233
0.5092
0.4924
0.4753
0.4605
0.4493
0.4419
0.4363
0.4297
0.4185
0.4001
0.3731
0.3377
0.2960
0.2509
0.2057
0.1635
0.1265
0.0959
0.0722
0.0551
0.0439
0.0376
0.0350
0.0350
0.0360
0.0367
0.0358
0.0320
0.0246
0.0135
-0.0007
-0.0174
-0.0351
-0.0525
-0.0681
-0.0807
-0.0890
-0.0928
-0.0918
-0.0870
-0.0789
-0.0687
-0.0566
-0.0431
-0.0277
-0.0103
0.0094
0.0312
0.0553
0.0812
0.1087
0.1372
0.1658
0.1933
0.2189
0.2423
0.2637
0.2836
0.3023
0.3200
0.3369
0.3529
0.3686
0.3845
0.4017
0.4206
0.4414
0.4634
0.4850
0.5042
0.5189
0.5269
0.5274
0.5200
0.5063
0.4888
0.4708
0.4554
0.4454
0.4424
0.4468
0.4582
0.4751
0.4955
0.5169
0.5370
0.5539
0.5667
0.5760
0.5833
0.5910
0.6009
0.6142
0.6305
0.6484
0.6658
0.6802
0.6903
0.6953
0.6960
0.6940
0.6910
0.6887
0.6879
0.6889
0.6916
0.6956
0.7006
0.7067
0.7137
0.7214
0.7294
0.7375
0.7456
0.7540
0.7630
0.7729
0.7832
0.7930
0.8000
0.8026
0.7990
0.7894
0.7750
0.7591
0.7450
0.7366
0.7360
0.7445
0.7610
0.7834
0.8089
0.8347
0.8584
0.8787
0.8947
0.9059
0.9118
0.9122
0.9067
0.8962
0.8817
0.8657
0.8501
0.8371
0.8272
0.8202
0.8146
0.8092
0.8031
0.7966
0.7910
0.7881
0.7892
0.7954
0.8061
0.8204
0.8363
0.8526
0.8678
0.8815
0.8938
0.9053
0.9170
0.9301
0.9456
0.9638
0.9842
1.0049
1.0231
1.0357
1.0401
1.0349
1.0205
0.9992
0.9739
0.9479
0.9235
0.9015
0.8816
0.8622
0.8422
0.8208
0.7984
0.7760
0.7551
0.7367
0.7212
0.7081
0.6968
0.6869
0.6785
0.6722
0.6683
0.6667
0.6663
0.6645
0.6586
0.6457
0.6244
0.5948
0.5592
0.5207
0.4833
0.4496
0.4213
0.3975
0.3772
0.3582
0.3396
0.3211
0.3041
0.2901
0.2811
0.2775
0.2790
0.2830
0.2867
0.2865
0.2801
0.2662
0.2454
0.2195
0.1907
0.1607
0.1306
0.1001
0.0688
0.0360
0.0018
-0.0329
-0.0669
-0.0984
-0.1262
-0.1494
-0.1677
-0.1816
-0.1924
-0.2017
-0.2114
-0.2232
-0.2383
-0.2573
-0.2796
-0.3044
-0.3298
-0.3542
-0.3756
-0.3931
-0.4059
-0.4146
-0.4202
-0.4239
-0.4269
-0.4295
-0.4313
-0.4312
-0.4284
-0.4228
-0.4155
-0.4085
-0.4050
-0.4077
-0.4186
-0.4378
-0.4639
-0.4941
-0.5249
-0.5531
-0.5763
-0.5937
-0.6057
-0.6146
-0.6235
-0.6358
-0.6537
-0.6772
-0.7041
-0.7304
-0.7517
-0.7651
-0.7705
-0.7701
-0.7679
-0.7675
-0.7709
-0.7776
-0.7848
-0.7885
-0.7849
-0.7718
-0.7490
-0.7186
-0.6841
-0.6497
-0.6188
-0.5933
-0.5734
-0.5578
-0.5443
-0.5311
-0.5171
-0.5022
-0.4872
-0.4727
-0.4596
-0.4475
-0.4358
-0.4233
-0.4084
-0.3897
-0.3660
-0.3368
-0.3026
-0.2647
-0.2256
-0.1879
-0.1541
-0.1258
-0.1038
-0.0871
-0.0739
-0.0617
-0.0475
-0.0287
-0.0038
0.0280
0.0660
0.1087
0.1540
0.1996
0.2434
0.2841
0.3213
0.3555
0.3885
0.4219
0.4576
0.4966
0.5391
0.5844
0.6316
0.6790
0.7255
0.7696
0.8103
0.8468
0.8790
0.9073
0.9327
0.9565
0.9798
1.0032
1.0269
1.0500
1.0718
1.0910
1.1066
1.1178
1.1245
1.1266
1.1247
1.1193
1.1113
1.1015
1.0911
1.0808
1.0717
1.0644
1.0595
1.0575
1.0582
1.0612
1.0645
1.0654
1.0596
1.0426
1.0105
0.9614
0.8969
0.8215
0.7426
0.6685
0.6072
0.5639
0.5407
0.5365
0.5479
0.5704
0.5993
0.6308
0.6622
0.6921
0.7198
0.7453
0.7689
0.7906
0.8100
0.8259
0.8361
0.8385
0.8312
0.8137
0.7875
0.7562
0.7245
0.6973
0.6783
0.6693
0.6692
0.6754
0.6841
0.6918
0.6957
0.6944
0.6874
0.6756
0.6603
0.6436
0.6280
0.6161
0.6104
0.6123
0.6222
0.6393
0.6620
0.6883
0.7157
0.7418
0.7639
0.7794
0.7864
0.7837
0.7719
0.7530
0.7301
0.7062
0.6840
0.6652
0.6506
0.6402
0.6340
0.6316
0.6329
0.6369
0.6426
0.6486
0.6538
0.6573
0.6589
0.6588
0.6578
0.6560
0.6541
0.6522
0.6506
0.6497
0.6504
0.6534
0.6590
0.6666
0.6743
0.6789
0.6765
0.6639
0.6395
0.6037
0.5590
0.5091
0.4574
0.4063
0.3568
0.3088
0.2618
0.2150
0.1685
0.1227
0.0786
0.0375
0.0010
-0.0296
-0.0532
-0.0697
-0.0799
-0.0855
-0.0884
-0.0908
-0.0941
-0.0996
-0.1078
-0.1190
-0.1331
-0.1501
-0.1695
-0.1906
-0.2127
-0.2349
-0.2562
-0.2754
-0.2914
-0.3029
-0.3089
-0.3095
-0.3054
-0.2982
-0.2899
-0.2827
-0.2778
-0.2760
-0.2772
-0.2806
-0.2853
-0.2901
-0.2932
-0.2933
-0.2890
-0.2795
-0.2648
-0.2452
-0.2216
-0.1950
-0.1665
-0.1371
-0.1085
-0.0823
-0.0607
-0.0447
-0.0349
-0.0296
-0.0264
-0.0214
-0.0115
0.0058
0.0308
0.0625
0.0989
0.1377
0.1773
0.2169
0.2568
0.2974
0.3389
0.3802
0.4197
0.4548
0.4833
0.5037
0.5156
0.5201
0.5190
0.5150
0.5101
0.5054
0.5006
0.4942
0.4838
0.4679
0.4457
0.4187
0.3890
0.3596
0.3322
0.3079
0.2860
0.2655
0.2451
0.2241
0.2026
0.1812
0.1613
0.1441
0.1312
0.1235
0.1219
0.1269
0.1381
0.1546
0.1745
0.1954
0.2148
0.2305
0.2415
0.2486
0.2536
0.2594
0.2686
0.2830
0.3029
0.3274
0.3546
0.3822
0.4085
0.4327
0.4546
0.4747
0.4936
0.5110
0.5266
0.5389
0.5470
0.5499
0.5476
0.5402
0.5282
0.5115
0.4904
0.4649
0.4363
0.4065
0.3785
0.3554
0.3401
0.3341
0.3380
0.3509
0.3710
0.3955
0.4217
0.4465
0.4674
0.4830
0.4930
0.4984
0.5014
0.5041
0.5081
0.5141
0.5214
0.5287
0.5348
0.5392
0.5422
0.5449
0.5486
0.5536
0.5594
0.5639
0.5648
0.5599
0.5484
0.5309
0.5102
0.4896
0.4733
0.4642
0.4640
0.4724
0.4876
0.5070
0.5276
0.5474
0.5649
0.5802
0.5940
0.6079
0.6234
0.6419
0.6638
0.6889
0.7160
0.7437
0.7702
0.7941
0.8138
0.8281
0.8359
0.8365
0.8299
0.8168
0.7994
0.7804
0.7637
0.7524
0.7491
0.7546
0.7683
0.7885
0.8124
0.8376
0.8621
0.8848
0.9049
0.9225
0.9377
0.9502
0.9596
0.9650
0.9656
0.9606
0.9498
0.9336
0.9131
0.8897
0.8654
0.8418
0.8208
0.8039
0.7919
0.7852
0.7832
0.7847
0.7873
0.7881
0.7837
0.7714
0.7494
0.7179
0.6790
0.6367
0.5957
0.5606
0.5349
0.5202
0.5164
0.5210
0.5308
0.5414
0.5495
0.5517
0.5475
0.5372
0.5235
0.5092
0.4976
0.4904
0.4883
0.4901
0.4942
0.4983
0.5014
0.5032
0.5047
0.5070
0.5113
0.5180
0.5270
0.5380
0.5502
0.5633
0.5765
0.5887
0.5980
0.6022
0.5981
0.5835
0.5569
0.5188
0.4715
0.4193
0.3672
0.3202
0.2816
0.2531
0.2338
0.2212
0.2117
0.2019
0.1890
0.1715
0.1491
0.1226
0.0938
0.0652
0.0392
0.0179
0.0027
-0.0062
-0.0093
-0.0078
-0.0029
0.0040
0.0123
0.0212
0.0301
0.0384
0.0450
0.0489
0.0489
0.0438
0.0332
0.0174
-0.0022
-0.0232
-0.0425
-0.0572
-0.0652
-0.0660
-0.0604
-0.0505
-0.0387
-0.0279
-0.0201
-0.0167
-0.0180
-0.0229
-0.0298
-0.0360
-0.0388
-0.0361
-0.0270
-0.0121
0.0067
0.0266
0.0445
0.0584
0.0676
0.0731
0.0768
0.0819
0.0908
0.1059
0.1279
0.1567
0.1908
0.2277
0.2647
0.2994
0.3303
0.3565
0.3784
0.3965
0.4114
0.4232
0.4317
0.4372
0.4408
0.4444
0.4500
0.4589
0.4709
0.4838
0.4941
0.4987
0.4955
0.4850
0.4698
0.4540
0.4417
0.4364
0.4393
0.4498
0.4656
0.4829
0.4972
0.5047
0.5029
0.4912
0.4711
0.4464
0.4211
0.3994
0.3839
0.3755
0.3732
0.3752
0.3788
0.3822
0.3841
0.3844
0.3832
0.3812
0.3785
0.3755
0.3720
0.3688
0.3671
0.3688
0.3757
0.3885
0.4065
0.4280
0.4501
0.4705
0.4877
0.5012
0.5114
0.5192
0.5254
0.5311
0.5368
0.5429
0.5491
0.5548
0.5588
0.5602
0.5584
0.5535
0.5465
0.5386
0.5313
0.5255
0.5218
0.5196
0.5179
0.5157
0.5122
0.5073
0.5020
0.4975
0.4952
0.4961
0.5008
0.5094
0.5220
0.5377
0.5556
0.5731
0.5874
0.5948
0.5933
0.5824
0.5647
0.5446
0.5277
0.5190
0.5216
0.5361
0.5605
0.5911
0.6236
0.6539
0.6791
0.6982
0.7121
0.7232
0.7343
0.7472
0.7622
0.7772
0.7889
0.7941
0.7913
0.7811
0.7663
0.7506
0.7373
0.7284
0.7240
0.7226
0.7222
0.7209
0.7174
0.7117
0.7046
0.6978
0.6934
0.6931
0.6987
0.7102
0.7272
0.7477
0.7689
0.7879
0.8022
0.8101
0.8113
0.8065
0.7973
0.7854
0.7722
0.7584
0.7440
0.7289
0.7132
0.6973
0.6817
0.6671
0.6536
0.6413
0.6301
0.6199
0.6109
0.6028
0.5956
0.5882
0.5800
0.5701
0.5587
0.5468
0.5359
0.5273
0.5208
0.5154
0.5087
0.4984
0.4834
0.4648
0.4450
0.4276
0.4155
0.4106
0.4131
0.4221
0.4361
0.4534
0.4729
0.4933
0.5136
0.5328
0.5498
0.5634
0.5724
0.5757
0.5724
0.5624
0.5464
0.5260
0.5039
0.4830
0.4659
0.4546
0.4501
0.4524
0.4609
0.4738
0.4888
0.5031
0.5133
0.5164
0.5104
0.4947
0.4703
0.4392
0.4038
0.3665
0.3294
0.2943
0.2629
0.2370
0.2182
0.2071
0.2032
0.2044
0.2074
0.2086
0.2048
0.1946
0.1784
0.1588
0.1396
0.1252
0.1189
0.1226
0.1357
0.1556
0.1780
0.1979
0.2109
0.2144
0.2077
0.1929
0.1738
0.1551
0.1408
0.1335
0.1332
0.1383
0.1459
0.1530
0.1571
0.1574
0.1537
0.1468
0.1374
0.1262
0.1135
0.1000
0.0866
0.0749
0.0663
0.0619
0.0620
0.0665
0.0746
0.0861
0.1009
0.1195
0.1423
0.1688
0.1975
0.2261
0.2516
0.2715
0.2844
0.2908
0.2924
0.2922
0.2936
0.3000
0.3135
0.3353
0.3645
0.3993
0.4366
0.4739
0.5090
0.5410
0.5697
0.5952
0.6171
0.6350
0.6481
0.6561
0.6597
0.6602
0.6598
0.6604
0.6630
0.6676
0.6732
0.6782
0.6814
0.6827
0.6831
0.6843
0.6888
0.6982
0.7137
0.7350
0.7605
0.7882
0.8150
0.8382
0.8548
0.8628
0.8606
0.8481
0.8262
0.7979
0.7669
0.7378
0.7142
0.6983
0.6902
0.6884
0.6903
0.6940
0.6980
0.7028
0.7093
0.7190
0.7325
0.7501
0.7704
0.7918
0.8120
0.8297
0.8439
0.8552
0.8646
0.8734
0.8819
0.8902
0.8972
0.9022
0.9045
0.9044
0.9029
0.9011
0.9001
0.9004
0.9019
0.9035
0.9036
0.9006
0.8929
0.8799
0.8618
0.8400
0.8165
0.7936
0.7731
0.7562
0.7435
0.7344
0.7283
0.7237
0.7195
0.7142
0.7072
0.6974
0.6847
0.6688
0.6504
0.6299
0.6088
0.5881
0.5691
0.5522
0.5375
0.5239
0.5107
0.4970
0.4828
0.4687
0.4561
0.4463
0.4407
0.4402
0.4446
0.4532
0.4639
0.4744
0.4815
0.4830
0.4770
0.4631
0.4416
0.4135
0.3803
0.3438
0.3059
0.2684
0.2335
0.2028
0.1782
0.1609
0.1516
0.1506
0.1574
0.1707
0.1890
0.2099
0.2310
0.2497
0.2638
0.2712
0.2707
0.2619
0.2462
0.2260
0.2052
0.1880
0.1784
0.1788
0.1906
0.2129
0.2438
0.2803
0.3190
0.3567
0.3901
0.4166
0.4343
0.4428
0.4428
0.4367
0.4277
0.4194
0.4147
0.4156
0.4222
0.4329
0.4447
0.4544
0.4594
0.4582
0.4514
0.4410
0.4297
0.4209
0.4172
0.4209
0.4328
0.4528
0.4793
0.5096
0.5405
0.5686
0.5914
0.6079
0.6183
0.6242
0.6280
0.6322
0.6387
0.6491
0.6634
0.6813
0.7011
0.7210
0.7390
0.7535
0.7633
0.7685
0.7698
0.7689
0.7678
0.7684
0.7717
0.7776
0.7854
0.7933
0.8004
0.8063
0.8117
0.8182
0.8276
0.8414
0.8604
0.8844
0.9125
0.9435
0.9754
1.0065
1.0345
1.0576
1.0739
1.0826
1.0834
1.0771
1.0648
1.0479
1.0276
1.0048
0.9803
0.9549
0.9301
0.9074
0.8882
0.8739
0.8649
0.8606
0.8598
0.8604
0.8607
0.8590
0.8547
0.8472
0.8368
0.8236
0.8082
0.7910
0.7735
0.7574
0.7444
0.7360
0.7321
0.7312
0.7303
0.7260
0.7156
0.6981
0.6749
0.6488
0.6237
0.6027
0.5877
0.5791
0.5760
0.5768
0.5798
0.5836
0.5874
0.5909
0.5942
0.5978
0.6019
0.6067
0.6115
0.6146
0.6136
0.6061
0.5905
0.5671
0.5378
0.5067
0.4778
0.4546
0.4384
0.4287
0.4231
0.4190
0.4138
0.4071
0.3991
0.3919
0.3873
0.3872
0.3922
0.4026
0.4172
0.4347
0.4535
0.4722
0.4892
0.5039
0.5154
0.5240
0.5295
0.5322
0.5321
0.5289
0.5219
0.5106
0.4952
0.4766
0.4569
0.4389
0.4254
0.4191
0.4215
0.4334
0.4541
0.4818
0.5135
0.5449
0.5714
0.5877
0.5898
0.5749
0.5432
0.4964
0.4389
0.3756
0.3120
0.2525
0.2004
0.1573
0.1232
0.0971
0.0774
0.0625
0.0508
0.0411
0.0324
0.0239
0.0144
0.0027
-0.0122
-0.0315
-0.0563
-0.0877
-0.1264
-0.1729
-0.2261
-0.2835
-0.3413
-0.3950
-0.4405
-0.4752
-0.4982
-0.5107
-0.5152
-0.5155
-0.5153
-0.5183
-0.5273
-0.5439
-0.5682
-0.5992
-0.6348
-0.6725
-0.7103
-0.7466
-0.7805
-0.8116
-0.8395
-0.8637
-0.8832
-0.8973
-0.9056
-0.9081
-0.9053
-0.8985
-0.8887
-0.8773
-0.8655
-0.8545
-0.8456
-0.8399
-0.8381
-0.8405
-0.8462
-0.8535
-0.8609
-0.8669
-0.8708
-0.8728
-0.8734
-0.8729
-0.8713
-0.8680
-0.8617
-0.8519
-0.8376
-0.8189
-0.7955
-0.7677
-0.7349
-0.6972
-0.6545
-0.6079
-0.5596
-0.5127
-0.4711
-0.4382
-0.4159
-0.4044
-0.4012
-0.4024
-0.4028
-0.3972
-0.3820
-0.3555
-0.3186
-0.2740
-0.2257
-0.1778
-0.1335
-0.0944
-0.0605
-0.0310
-0.0047
0.0189
0.0393
0.0557
0.0666
0.0717
0.0712
0.0670
0.0607
0.0542
0.0478
0.0412
0.0326
0.0208
0.0047
-0.0151
-0.0366
-0.0568
-0.0727
-0.0816
-0.0825
-0.0751
-0.0611
-0.0424
-0.0216
-0.0008
0.0181
0.0339
0.0460
0.0546
0.0602
0.0637
0.0660
0.0680
0.0701
0.0724
0.0742
0.0750
0.0738
0.0705
0.0650
0.0583
0.0512
0.0453
0.0408
0.0385
0.0374
0.0372
0.0365
0.0347
0.0309
0.0253
0.0182
0.0108
0.0047
0.0015
0.0026
0.0080
0.0168
0.0268
0.0357
0.0417
0.0441
0.0435
0.0415
0.0396
0.0388
0.0389
0.0391
0.0382
0.0351
0.0299
0.0231
0.0156
0.0082
0.0008
-0.0073
-0.0175
-0.0313
-0.0493
-0.0718
-0.0981
-0.1269
-0.1572
-0.1881
-0.2192
-0.2502
-0.2810
-0.3114
-0.3418
-0.3730
-0.4068
-0.4455
-0.4917
-0.5469
-0.6107
-0.6804
-0.7509
-0.8161
-0.8699
-0.9080
-0.9283
-0.9313
-0.9188
-0.8933
-0.8568
-0.8108
-0.7566
-0.6954
-0.6296
-0.5623
-0.4974
-0.4385
-0.3888
-0.3501
-0.3229
-0.3058
-0.2963
-0.2906
-0.2852
-0.2764
-0.2620
-0.2403
-0.2108
-0.1736
-0.1297
-0.0804
-0.0278
0.0260
0.0786
0.1286
0.1750
0.2176
0.2565
0.2916
0.3222
0.3476
0.3673
0.3808
0.3886
0.3911
0.3890
0.3827
0.3723
0.3577
0.3392
0.3171
0.2923
0.2657
0.2383
0.2115
0.1867
0.1651
0.1477
0.1345
0.1242
0.1150
0.1047
0.0916
0.0756
0.0575
0.0394
0.0235
0.0116
0.0044
0.0018
0.0035
0.0091
0.0189
0.0337
0.0545
0.0815
0.1132
0.1464
0.1762
0.1972
0.2044
0.1952
0.1698
0.1315
0.0863
0.0411
0.0029
-0.0233
-0.0345
-0.0311
-0.0159
0.0061
0.0294
0.0485
0.0598
0.0619
0.0563
0.0469
0.0383
0.0351
0.0388
0.0489
0.0617
0.0729
0.0781
0.0752
0.0640
0.0471
0.0280
0.0105
-0.0025
-0.0093
-0.0097
-0.0046
0.0046
0.0165
0.0300
0.0443
0.0589
0.0727
0.0848
0.0940
0.0991
0.0999
0.0964
0.0906
0.0838
0.0788
0.0767
0.0787
0.0841
0.0923
0.1017
0.1116
0.1214
0.1316
0.1424
0.1534
0.1632
0.1692
0.1684
0.1583
0.1377
0.1072
0.0695
0.0283
-0.0116
-0.0456
-0.0697
-0.0813
-0.0791
-0.0638
-0.0373
-0.0027
0.0363
0.0760
0.1131
0.1447
0.1688
0.1847
0.1930
0.1951
0.1935
0.1906
0.1878
0.1862
0.1859
0.1872
0.1904
0.1962
0.2054
0.2186
0.2352
0.2539
0.2727
0.2894
0.3020
0.3092
0.3111
0.3087
0.3044
0.3015
0.3032
0.3127
0.3319
0.3607
0.3971
0.4374
0.4766
0.5103
0.5350
0.5499
0.5563
0.5571
0.5560
0.5559
0.5583
0.5633
0.5692
0.5743
0.5765
0.5748
0.5689
0.5595
0.5483
0.5376
0.5300
0.5272
0.5303
0.5386
0.5500
0.5612
0.5692
0.5716
0.5681
0.5599
0.5498
0.5406
0.5350
0.5336
0.5357
0.5389
0.5399
0.5360
0.5253
0.5076
0.4838
0.4562
0.4272
0.3990
0.3734
0.3510
0.3318
0.3149
0.2992
0.2828
0.2641
0.2413
0.2132
0.1791
0.1395
0.0960
0.0513
0.0088
-0.0283
-0.0572
-0.0768
-0.0876
-0.0914
-0.0906
-0.0877
-0.0842
-0.0808
-0.0772
-0.0730
-0.0681
-0.0628
-0.0584
-0.0564
-0.0586
-0.0657
-0.0779
-0.0932
-0.1089
-0.1213
-0.1275
-0.1255
-0.1154
-0.0990
-0.0792
-0.0595
-0.0427
-0.0306
-0.0241
-0.0226
-0.0252
-0.0302
-0.0358
-0.0402
-0.0416
-0.0389
-0.0318
-0.0204
-0.0054
0.0121
0.0317
0.0531
0.0763
0.1014
0.1281
0.1556
0.1830
0.2088
0.2316
0.2503
0.2640
0.2720
0.2741
0.2701
0.2605
0.2464
0.2295
0.2121
0.1965
0.1845
0.1768
0.1729
0.1710
0.1696
0.1667
0.1621
0.1559
0.1494
0.1436
0.1396
0.1373
0.1367
0.1368
0.1373
0.1377
0.1385
0.1398
0.1431
0.1490
0.1585
0.1710
0.1856
0.2000
0.2117
0.2178
0.2164
0.2065
0.1884
0.1635
0.1338
0.1018
0.0703
0.0417
0.0184
0.0015
-0.0089
-0.0144
-0.0179
-0.0230
-0.0328
-0.0492
-0.0720
-0.0994
-0.1280
-0.1540
-0.1741
-0.1859
-0.1884
-0.1823
-0.1702
-0.1555
-0.1417
-0.1319
-0.1274
-0.1287
-0.1350
-0.1459
-0.1613
-0.1821
-0.2086
-0.2412
-0.2785
-0.3181
-0.3567
-0.3912
-0.4188
-0.4385
-0.4507
-0.4573
-0.4607
-0.4634
-0.4669
-0.4718
-0.4777
-0.4840
-0.4906
-0.4979
-0.5070
-0.5192
-0.5347
-0.5530
-0.5719
-0.5886
-0.6004
-0.6057
-0.6047
-0.5992
-0.5925
-0.5881
-0.5887
-0.5959
-0.6091
-0.6262
-0.6437
-0.6578
-0.6649
-0.6634
-0.6539
-0.6391
-0.6239
-0.6132
-0.6114
-0.6204
-0.6399
-0.6663
-0.6944
-0.7179
-0.7306
-0.7277
-0.7063
-0.6668
-0.6120
-0.5474
-0.4794
-0.4148
-0.3587
-0.3144
-0.2825
-0.2613
-0.2478
-0.2390
-0.2322
-0.2267
-0.2231
-0.2230
-0.2284
-0.2401
-0.2577
-0.2792
-0.3020
-0.3237
-0.3430
-0.3605
-0.3782
-0.3984
-0.4232
-0.4526
-0.4850
-0.5167
-0.5443
-0.5650
-0.5783
-0.5858
-0.5906
-0.5955
-0.6028
-0.6126
-0.6235
-0.6334
-0.6403
-0.6434
-0.6430
-0.6407
-0.6382
-0.6370
-0.6379
-0.6406
-0.6443
-0.6477
-0.6494
-0.6487
-0.6450
-0.6384
-0.6287
-0.6158
-0.5994
-0.5791
-0.5553
-0.5292
-0.5030
-0.4790
-0.4596
-0.4456
-0.4366
-0.4306
-0.4247
-0.4162
-0.4037
-0.3876
-0.3699
-0.3536
-0.3418
-0.3368
-0.3394
-0.3490
-0.3647
-0.3856
-0.4113
-0.4416
-0.4760
-0.5124
-0.5473
-0.5761
-0.5944
-0.5995
-0.5918
-0.5748
-0.5546
-0.5385
-0.5324
-0.5400
-0.5611
-0.5927
-0.6291
-0.6636
-0.6898
-0.7027
-0.7001
-0.6822
-0.6521
-0.6141
-0.5735
-0.5346
-0.5003
-0.4716
-0.4489
-0.4317
-0.4200
-0.4146
-0.4160
-0.4249
-0.4408
-0.4620
-0.4858
-0.5087
-0.5270
-0.5375
-0.5378
-0.5270
-0.5053
-0.4751
-0.4400
-0.4056
-0.3775
-0.3611
-0.3599
-0.3746
-0.4030
-0.4408
-0.4825
-0.5226
-0.5570
-0.5825
-0.5979
-0.6029
-0.5988
-0.5872
-0.5705
-0.5512
-0.5317
-0.5141
-0.5006
-0.4928
-0.4921
-0.4995
-0.5151
-0.5381
-0.5669
-0.5995
-0.6332
-0.6654
-0.6934
-0.7149
-0.7281
-0.7324
-0.7284
-0.7185
-0.7060
-0.6944
-0.6863
-0.6825
-0.6826
-0.6844
-0.6856
-0.6843
-0.6800
-0.6727
-0.6642
-0.6561
-0.6510
-0.6502
-0.6547
-0.6638
-0.6757
-0.6868
-0.6937
-0.6933
-0.6841
-0.6664
-0.6425
-0.6163
-0.5923
-0.5753
-0.5689
-0.5748
-0.5915
-0.6147
-0.6373
-0.6520
-0.6532
-0.6389
-0.6114
-0.5764
-0.5405
-0.5095
-0.4862
-0.4711
-0.4626
-0.4596
-0.4612
-0.4683
-0.4811
-0.4993
-0.5202
-0.5400
-0.5537
-0.5580
-0.5516
-0.5365
-0.5163
-0.4956
-0.4778
-0.4646
-0.4557
-0.4497
-0.4451
-0.4403
-0.4352
-0.4298
-0.4252
-0.4222
-0.4216
-0.4235
-0.4271
-0.4317
-0.4362
-0.4403
-0.4442
-0.4485
-0.4540
-0.4612
-0.4700
-0.4802
-0.4912
-0.5026
-0.5136
-0.5235
-0.5310
-0.5350
-0.5346
-0.5294
-0.5193
-0.5054
-0.4888
-0.4713
-0.4543
-0.4398
-0.4295
-0.4251
-0.4282
-0.4402
-0.4617
-0.4925
-0.5312
-0.5756
-0.6228
-0.6698
-0.7142
-0.7539
-0.7876
-0.8137
-0.8312
-0.8387
-0.8358
-0.8226
-0.8002
-0.7707
-0.7365
-0.7000
-0.6633
-0.6285
-0.5968
-0.5690
-0.5451
-0.5245
-0.5064
-0.4902
-0.4767
-0.4669
-0.4627
-0.4645
-0.4703
-0.4748
-0.4700
-0.4471
-0.4001
-0.3276
-0.2350
-0.1329
-0.0349
0.0467
0.1043
0.1365
0.1480
0.1469
0.1424
0.1418
0.1495
0.1664
0.1906
0.2189
0.2478
0.2743
0.2963
0.3132
0.3249
0.3330
0.3389
0.3449
0.3524
0.3630
0.3769
0.3939
0.4122
0.4297
0.4438
0.4525
0.4548
0.4510
0.4431
0.4333
0.4236
0.4150
0.4078
0.4012
0.3951
0.3893
0.3849
0.3822
0.3819
0.3834
0.3862
0.3889
0.3910
0.3916
0.3906
0.3877
0.3824
0.3740
0.3618
0.3454
0.3248
0.3013
0.2769
0.2541
0.2359
0.2247
0.2215
0.2257
0.2348
0.2450
0.2523
0.2536
0.2474
0.2343
0.2168
0.1974
0.1789
0.1624
0.1483
0.1354
0.1229
0.1097
0.0957
0.0810
0.0660
0.0512
0.0373
0.0249
0.0147
0.0071
0.0021
-0.0008
-0.0023
-0.0037
-0.0060
-0.0099
-0.0158
-0.0239
-0.0345
-0.0476
-0.0636
-0.0821
-0.1020
-0.1212
-0.1371
-0.1475
-0.1514
-0.1498
-0.1458
-0.1437
-0.1478
-0.1609
-0.1838
-0.2152
-0.2520
-0.2907
-0.3283
-0.3627
-0.3926
-0.4181
-0.4403
-0.4610
-0.4827
-0.5077
-0.5377
-0.5727
-0.6107
-0.6486
-0.6822
-0.7087
-0.7270
-0.7386
-0.7469
-0.7560
-0.7696
-0.7894
-0.8155
-0.8459
-0.8783
-0.9101
-0.9396
-0.9652
-0.9855
-0.9989
-1.0039
-0.9992
-0.9850
-0.9631
-0.9368
-0.9107
-0.8892
-0.8757
-0.8720
-0.8779
-0.8919
-0.9111
-0.9326
-0.9534
-0.9714
-0.9854
-0.9953
-1.0017
-1.0062
-1.0104
-1.0157
-1.0229
-1.0321
-1.0419
-1.0507
-1.0566
-1.0587
-1.0574
-1.0540
-1.0509
-1.0500
-1.0520
-1.0560
-1.0601
-1.0616
-1.0586
-1.0507
-1.0388
-1.0251
-1.0126
-1.0045
-1.0032
-1.0104
-1.0268
-1.0518
-1.0838
-1.1204
-1.1587
-1.1956
-1.2278
-1.2522
-1.2663
-1.2678
-1.2560
-1.2319
-1.1981
-1.1581
-1.1162
-1.0758
-1.0389
-1.0062
-0.9771
-0.9504
-0.9245
-0.8985
-0.8719
-0.8450
-0.8181
-0.7922
-0.7676
-0.7450
-0.7244
-0.7059
-0.6894
-0.6749
-0.6623
-0.6516
-0.6428
-0.6360
-0.6315
-0.6291
-0.6288
-0.6302
-0.6325
-0.6350
-0.6368
-0.6372
-0.6356
-0.6312
-0.6231
-0.6110
-0.5946
-0.5748
-0.5533
-0.5322
-0.5135
-0.4985
-0.4874
-0.4793
-0.4724
-0.4647
-0.4541
-0.4390
-0.4185
-0.3927
-0.3629
-0.3311
-0.3000
-0.2722
-0.2499
-0.2340
-0.2244
-0.2198
-0.2180
-0.2165
-0.2126
-0.2047
-0.1917
-0.1744
-0.1542
-0.1335
-0.1147
-0.0997
-0.0901
-0.0864
-0.0888
-0.0970
-0.1105
-0.1279
-0.1482
-0.1700
-0.1929
-0.2173
-0.2447
-0.2768
-0.3158
-0.3624
-0.4161
-0.4746
-0.5344
-0.5912
-0.6412
-0.6820
-0.7124
-0.7331
-0.7455
-0.7512
-0.7513
-0.7464
-0.7367
-0.7226
-0.7048
-0.6842
-0.6622
-0.6401
-0.6187
-0.5985
-0.5795
-0.5613
-0.5437
-0.5265
-0.5093
-0.4907
-0.4687
-0.4397
-0.4000
-0.3464
-0.2774
-0.1944
-0.1019
-0.0061
0.0858
0.1677
0.2353
0.2871
0.3233
0.3459
0.3570
0.3589
0.3531
0.3410
0.3233
0.3012
0.2756
0.2479
0.2195
0.1921
0.1673
0.1463
0.1295
0.1169
0.1071
0.0981
0.0877
0.0738
0.0552
0.0320
0.0051
-0.0239
-0.0534
-0.0822
-0.1096
-0.1352
-0.1584
-0.1785
-0.1947
-0.2060
-0.2125
-0.2143
-0.2125
-0.2078
-0.2007
-0.1914
-0.1799
-0.1668
-0.1535
-0.1425
-0.1369
-0.1398
-0.1533
-0.1784
-0.2142
-0.2591
-0.3108
-0.3674
-0.4278
-0.4920
-0.5597
-0.6307
-0.7039
-0.7771
-0.8474
-0.9125
-0.9703
-1.0206
-1.0641
-1.1026
-1.1377
-1.1714
-1.2043
-1.2373
-1.2700
-1.3027
-1.3349
-1.3671
-1.3992
-1.4320
-1.4657
-1.5009
-1.5372
-1.5737
-1.6087
-1.6397
-1.6644
-1.6812
-1.6898
-1.6915
-1.6893
-1.6870
-1.6887
-1.6973
-1.7143
-1.7391
-1.7692
-1.8013
-1.8311
-1.8547
-1.8691
-1.8722
-1.8636
-1.8446
-1.8179
-1.7873
-1.7573
-1.7322
-1.7155
-1.7091
-1.7132
-1.7257
-1.7437
-1.7632
-1.7803
-1.7919
-1.7959
-1.7911
-1.7778
-1.7570
-1.7308
-1.7014
-1.6714
-1.6424
-1.6151
-1.5887
-1.5610
-1.5295
-1.4911
-1.4437
-1.3856
-1.3169
-1.2381
-1.1510
-1.0574
-0.9593
-0.8576
-0.7532
-0.6467
-0.5394
-0.4335
-0.3323
-0.2391
-0.1567
-0.0860
-0.0262
0.0254
0.0722
0.1178
0.1649
0.2155
0.2700
0.3283
0.3889
0.4496
0.5073
0.5593
0.6034
0.6389
0.6669
0.6898
0.7108
0.7327
0.7575
0.7860
0.8177
0.8512
0.8851
0.9178
0.9481
0.9747
0.9967
1.0128
1.0223
1.0248
1.0209
1.0114
0.9980
0.9819
0.9641
0.9449
0.9241
0.9012
0.8761
0.8491
0.8211
0.7937
0.7684
0.7465
0.7286
0.7145
0.7032
0.6933
0.6836
0.6737
0.6639
0.6552
0.6494
0.6478
0.6509
0.6582
0.6681
0.6781
0.6860
0.6895
0.6873
0.6792
0.6659
0.6491
0.6311
0.6143
0.6009
0.5926
0.5900
0.5927
0.5994
0.6080
0.6159
0.6209
0.6211
0.6160
0.6062
0.5938
0.5812
0.5713
0.5658
0.5655
0.5696
0.5764
0.5837
0.5896
0.5931
0.5942
0.5938
0.5933
0.5940
0.5968
0.6014
0.6067
0.6099
0.6081
0.5985
0.5795
0.5514
0.5168
0.4791
0.4427
0.4106
0.3842
0.3626
0.3438
0.3254
0.3058
0.2852
0.2649
0.2477
0.2364
0.2329
0.2379
0.2505
0.2689
0.2905
0.3132
0.3353
0.3561
0.3755
0.3939
0.4116
0.4286
0.4443
0.4579
0.4681
0.4744
0.4763
0.4742
0.4692
0.4629
0.4568
0.4525
0.4510
0.4530
0.4591
0.4696
0.4849
0.5050
0.5291
0.5560
0.5838
0.6104
0.6334
0.6509
0.6616
0.6649
0.6613
0.6523
0.6400
0.6270
0.6157
0.6075
0.6026
0.6002
0.5988
0.5968
0.5931
0.5870
0.5782
0.5668
0.5522
0.5337
0.5104
0.4818
0.4480
0.4104
0.3715
0.3343
0.3020
0.2771
0.2605
0.2517
0.2484
0.2471
0.2443
0.2369
0.2235
0.2043
0.1808
0.1556
0.1310
0.1090
0.0908
0.0767
0.0667
0.0603
0.0567
0.0551
0.0546
0.0536
0.0511
0.0457
0.0369
0.0249
0.0107
-0.0047
-0.0199
-0.0347
-0.0493
-0.0645
-0.0806
-0.0971
-0.1123
-0.1234
-0.1278
-0.1232
-0.1090
-0.0860
-0.0571
-0.0257
0.0044
0.0308
0.0520
0.0683
0.0807
0.0906
0.0983
0.1032
0.1036
0.0976
0.0832
0.0602
0.0292
-0.0070
-0.0450
-0.0804
-0.1095
-0.1286
-0.1362
-0.1313
-0.1148
-0.0883
-0.0544
-0.0154
0.0258
0.0662
0.1028
0.1322
0.1516
0.1594
0.1562
0.1445
0.1287
0.1138
0.1035
0.0995
0.1010
0.1051
0.1081
0.1066
0.0994
0.0871
0.0728
0.0607
0.0548
0.0577
0.0696
0.0883
0.1098
0.1299
0.1448
0.1531
0.1553
0.1538
0.1519
0.1529
0.1588
0.1697
0.1845
0.2009
0.2165
0.2299
0.2405
0.2489
0.2557
0.2613
0.2659
0.2695
0.2726
0.2767
0.2841
0.2975
0.3192
0.3503
0.3897
0.4351
0.4829
0.5291
0.5703
0.6046
0.6309
0.6495
0.6610
0.6666
0.6671
0.6635
0.6566
0.6476
0.6377
0.6284
0.6208
0.6157
0.6133
0.6132
0.6146
0.6160
0.6162
0.6139
0.6082
0.5997
0.5900
0.5818
0.5786
0.5837
0.5988
0.6235
0.6551
0.6892
0.7213
0.7475
0.7661
0.7775
0.7832
0.7855
0.7854
0.7833
0.7778
0.7678
0.7522
0.7314
0.7073
0.6833
0.6628
0.6493
0.6446
0.6492
0.6621
0.6811
0.7036
0.7268
0.7483
0.7662
0.7800
0.7893
0.7950
0.7983
0.8002
0.8015
0.8029
0.8048
0.8081
0.8135
0.8217
0.8327
0.8454
0.8575
0.8661
0.8683
0.8623
0.8477
0.8259
0.7993
0.7711
0.7438
0.7193
0.6985
0.6812
0.6667
0.6540
0.6427
0.6327
0.6248
0.6197
0.6180
0.6191
0.6218
0.6238
0.6230
0.6176
0.6070
0.5914
0.5724
0.5512
0.5295
0.5083
0.4884
0.4703
0.4545
0.4414
0.4313
0.4242
0.4197
0.4170
0.4146
0.4110
0.4045
0.3941
0.3793
0.3600
0.3366
0.3096
0.2794
0.2465
0.2118
0.1767
0.1433
0.1138
0.0900
0.0727
0.0608
0.0519
0.0426
0.0291
0.0077
-0.0234
-0.0645
-0.1133
-0.1658
-0.2164
-0.2596
-0.2910
-0.3092
-0.3153
-0.3134
-0.3085
-0.3055
-0.3073
-0.3145
-0.3256
-0.3383
-0.3498
-0.3589
-0.3657
-0.3718
-0.3797
-0.3924
-0.4120
-0.4399
-0.4753
-0.5163
-0.5597
-0.6018
-0.6394
-0.6705
-0.6942
-0.7112
-0.7230
-0.7315
-0.7384
-0.7450
-0.7517
-0.7580
-0.7629
-0.7649
-0.7622
-0.7536
-0.7390
-0.7194
-0.6973
-0.6756
-0.6578
-0.6462
-0.6427
-0.6471
-0.6589
-0.6763
-0.6971
-0.7175
-0.7337
-0.7410
-0.7355
-0.7139
-0.6756
-0.6215
-0.5554
-0.4819
-0.4066
-0.3346
-0.2695
-0.2138
-0.1681
-0.1317
-0.1032
-0.0809
-0.0630
-0.0481
-0.0347
-0.0217
-0.0086
0.0048
0.0173
0.0272
0.0322
0.0300
0.0192
-0.0003
-0.0272
-0.0589
-0.0925
-0.1254
-0.1558
-0.1832
-0.2086
-0.2337
-0.2602
-0.2896
-0.3223
-0.3579
-0.3951
-0.4324
-0.4685
-0.5027
-0.5351
-0.5661
-0.5964
-0.6267
-0.6573
-0.6881
-0.7186
-0.7477
-0.7743
-0.7967
-0.8142
-0.8258
-0.8319
-0.8329
-0.8298
-0.8235
-0.8148
-0.8038
-0.7910
-0.7768
-0.7623
-0.7490
-0.7386
-0.7323
-0.7307
-0.7329
-0.7370
-0.7403
-0.7401
-0.7339
-0.7209
-0.7013
-0.6768
-0.6496
-0.6218
-0.5941
-0.5664
-0.5366
-0.5026
-0.4623
-0.4154
-0.3637
-0.3113
-0.2632
-0.2241
-0.1963
-0.1793
-0.1692
-0.1609
-0.1489
-0.1299
-0.1036
-0.0725
-0.0406
-0.0126
0.0088
0.0230
0.0318
0.0389
0.0481
0.0627
0.0842
0.1122
0.1445
0.1773
0.2064
0.2278
0.2384
0.2371
0.2249
0.2051
0.1824
0.1621
0.1485
0.1441
0.1495
0.1629
0.1819
0.2037
0.2263
0.2486
0.2705
0.2918
0.3120
0.3298
0.3432
0.3501
0.3490
0.3396
0.3232
0.3026
0.2812
0.2634
0.2526
0.2514
0.2605
0.2787
0.3024
0.3269
0.3464
0.3564
0.3539
0.3384
0.3119
0.2782
0.2423
0.2087
0.1813
0.1623
0.1521
0.1497
0.1526
0.1579
0.1626
0.1651
0.1646
0.1624
0.1604
0.1616
0.1681
0.1810
0.1995
0.2216
0.2443
0.2647
0.2807
0.2909
0.2948
0.2921
0.2829
0.2675
0.2468
0.2224
0.1966
0.1717
0.1497
0.1315
0.1173
0.1060
0.0965
0.0878
0.0798
0.0732
0.0694
0.0696
0.0745
0.0834
0.0946
0.1051
0.1120
0.1123
0.1048
0.0891
0.0671
0.0411
0.0141
-0.0119
-0.0354
-0.0560
-0.0741
-0.0898
-0.1030
-0.1129
-0.1184
-0.1183
-0.1121
-0.0998
-0.0826
-0.0618
-0.0395
-0.0176
0.0025
0.0201
0.0354
0.0488
0.0611
0.0729
0.0845
0.0956
0.1053
0.1130
0.1177
0.1193
0.1178
0.1140
0.1086
0.1026
0.0959
0.0884
0.0787
0.0659
0.0488
0.0274
0.0023
-0.0243
-0.0500
-0.0721
-0.0887
-0.0984
-0.1007
-0.0956
-0.0835
-0.0652
-0.0418
-0.0157
0.0106
0.0339
0.0513
0.0611
0.0627
0.0578
0.0490
0.0402
0.0349
0.0358
0.0443
0.0604
0.0828
0.1100
0.1403
0.1718
0.2032
0.2330
0.2602
0.2840
0.3038
0.3196
0.3314
0.3396
0.3441
0.3452
0.3433
0.3393
0.3343
0.3295
0.3262
0.3250
0.3262
0.3292
0.3329
0.3358
0.3362
0.3325
0.3240
0.3109
0.2946
0.2776
0.2629
0.2532
0.2509
0.2569
0.2712
0.2929
0.3201
0.3504
0.3809
0.4083
0.4292
0.4407
0.4414
0.4313
0.4123
0.3871
0.3586
0.3288
0.2984
0.2669
0.2338
0.1989
0.1634
0.1301
0.1024
0.0840
0.0774
0.0838
0.1024
0.1308
0.1656
0.2033
0.2408
0.2759
0.3071
0.3340
0.3565
0.3750
0.3898
0.4016
0.4106
0.4166
0.4189
0.4165
0.4081
0.3936
0.3734
0.3493
0.3234
0.2976
0.2731
0.2503
0.2288
0.2079
0.1874
0.1669
0.1465
0.1261
0.1056
0.0852
0.0657
0.0480
0.0339
0.0243
0.0200
0.0200
0.0226
0.0250
0.0242
0.0170
0.0012
-0.0241
-0.0578
-0.0971
-0.1376
-0.1743
-0.2025
-0.2192
-0.2234
-0.2162
-0.2003
-0.1791
-0.1562
-0.1339
-0.1139
-0.0964
-0.0807
-0.0655
-0.0495
-0.0318
-0.0119
0.0100
0.0331
0.0560
0.0775
0.0958
0.1097
0.1175
0.1181
0.1107
0.0954
0.0728
0.0447
0.0132
-0.0188
-0.0491
-0.0754
-0.0969
-0.1130
-0.1251
-0.1346
-0.1436
-0.1537
-0.1656
-0.1789
-0.1924
-0.2042
-0.2130
-0.2183
-0.2203
-0.2204
-0.2199
-0.2200
-0.2204
-0.2207
-0.2195
-0.2162
-0.2108
-0.2046
-0.1997
-0.1981
-0.2017
-0.2112
-0.2266
-0.2470
-0.2709
-0.2965
-0.3217
-0.3439
-0.3607
-0.3703
-0.3717
-0.3655
-0.3537
-0.3391
-0.3244
-0.3118
-0.3021
-0.2948
-0.2881
-0.2803
-0.2700
-0.2570
-0.2418
-0.2259
-0.2105
-0.1967
-0.1844
-0.1724
-0.1590
-0.1418
-0.1192
-0.0904
-0.0564
-0.0195
0.0167
0.0488
0.0737
0.0901
0.0974
0.0967
0.0895
0.0777
0.0633
0.0482
0.0347
0.0248
0.0202
0.0217
0.0296
0.0434
0.0624
0.0867
0.1163
0.1516
0.1916
0.2340
0.2743
0.3073
0.3281
0.3339
0.3247
0.3036
0.2754
0.2451
0.2164
0.1914
0.1701
0.1517
0.1355
0.1213
0.1099
0.1021
0.0993
0.1014
0.1080
0.1174
0.1281
0.1378
0.1450
0.1484
0.1473
0.1421
0.1336
0.1229
0.1109
0.0979
0.0833
0.0656
0.0429
0.0145
-0.0195
-0.0571
-0.0953
-0.1305
-0.1602
-0.1827
-0.1981
-0.2073
-0.2114
-0.2112
-0.2069
-0.1983
-0.1857
-0.1698
-0.1521
-0.1344
-0.1181
-0.1037
-0.0906
-0.0773
-0.0620
-0.0433
-0.0211
0.0036
0.0287
0.0514
0.0686
0.0778
0.0772
0.0661
0.0445
0.0136
-0.0247
-0.0680
-0.1131
-0.1569
-0.1964
-0.2299
-0.2562
-0.2754
-0.2877
-0.2933
-0.2922
-0.2842
-0.2698
-0.2503
-0.2281
-0.2065
-0.1885
-0.1765
-0.1713
-0.1723
-0.1777
-0.1852
-0.1926
-0.1985
-0.2027
-0.2056
-0.2090
-0.2144
-0.2233
-0.2362
-0.2531
-0.2728
-0.2941
-0.3155
-0.3360
-0.3545
-0.3708
-0.3849
-0.3977
-0.4108
-0.4265
-0.4469
-0.4734
-0.5064
-0.5444
-0.5853
-0.6266
-0.6668
-0.7058
-0.7451
-0.7863
-0.8307
-0.8776
-0.9246
-0.9675
-1.0029
-1.0280
-1.0430
-1.0495
-1.0507
-1.0491
-1.0467
-1.0439
-1.0404
-1.0359
-1.0313
-1.0283
-1.0298
-1.0380
-1.0547
-1.0793
-1.1097
-1.1418
-1.1714
-1.1942
-1.2081
-1.2120
-1.2068
-1.1939
-1.1757
-1.1543
-1.1320
-1.1106
-1.0914
-1.0750
-1.0613
-1.0494
-1.0382
-1.0266
-1.0137
-0.9992
-0.9834
-0.9669
-0.9505
-0.9353
-0.9219
-0.9112
-0.9037
-0.8998
-0.8999
-0.9043
-0.9130
-0.9250
-0.9386
-0.9508
-0.9583
-0.9584
-0.9499
-0.9342
-0.9143
-0.8945
-0.8788
-0.8694
-0.8666
-0.8690
-0.8745
-0.8809
-0.8866
-0.8905
-0.8913
-0.8875
-0.8769
-0.8571
-0.8267
-0.7852
-0.7347
-0.6790
-0.6234
-0.5737
-0.5346
-0.5083
-0.4941
-0.4885
-0.4864
-0.4829
-0.4754
-0.4638
-0.4510
-0.4415
-0.4397
-0.4483
-0.4681
-0.4972
-0.5324
-0.5692
-0.6033
-0.6309
-0.6493
-0.6566
-0.6516
-0.6340
-0.6035
-0.5600
-0.5039
-0.4360
-0.3586
