-0.2910
-0.1707
-0.0615
0.0368
0.1088
0.1522
0.1779
0.1734
0.1846
0.1698
0.1720
0.1288
0.0787
0.0001
-0.0716
-0.1155
-0.1375
-0.1241
-0.1184
-0.1240
-0.1600
-0.2205
-0.2775
-0.3277
-0.3478
-0.3609
-0.3642
-0.3743
-0.3908
-0.4185
-0.4652
-0.5194
-0.5751
-0.6061
-0.6137
-0.5979
-0.5734
-0.5458
-0.5096
-0.4692
-0.4212
-0.3843
-0.3691
-0.3768
-0.4308
-0.4974
-0.6158
-0.7076
-0.8029
-0.8104
-0.7730
-0.6687
-0.5620
-0.4808
-0.4531
-0.4836
-0.5477
-0.6217
-0.6758
-0.7054
-0.7094
-0.7082
-0.6950
-0.6940
-0.6812
-0.6941
-0.7060
-0.7487
-0.7993
-0.8640
-0.9286
-0.9860
-1.0267
-1.0599
-1.0755
-1.1006
-1.1195
-1.1554
-1.1854
-1.2176
-1.2241
-1.2121
-1.1697
-1.1197
-1.0741
-1.0581
-1.0696
-1.1088
-1.1370
-1.1541
-1.1381
-1.1144
-1.0969
-1.0909
-1.1157
-1.1377
-1.1695
-1.1732
-1.1605
-1.1247
-1.0885
-1.0602
-1.0545
-1.0483
-1.0487
-1.0271
-1.0130
-1.0017
-1.0142
-1.0423
-1.0788
-1.1158
-1.1529
-1.1920
-1.2333
-1.2736
-1.2889
-1.2967
-1.2572
-1.2391
-1.1779
-1.1615
-1.0977
-1.0673
-1.0060
-0.9860
-0.9830
-1.0290
-1.0891
-1.1595
-1.2030
-1.2310
-1.2388
-1.2455
-1.2643
-1.2828
-1.3173
-1.3344
-1.3632
-1.3743
-1.4015
-1.4196
-1.4507
-1.4685
-1.4848
-1.4846
-1.4824
-1.4859
-1.5003
-1.5432
-1.5956
-1.6621
-1.7020
-1.6984
-1.6266
-1.5008
-1.3552
-1.2412
-1.1956
-1.2224
-1.3151
-1.4286
-1.5562
-1.6599
-1.7419
-1.7907
-1.8084
-1.8177
-1.8115
-1.8195
-1.8027
-1.7885
-1.7365
-1.6926
-1.6360
-1.6002
-1.5679
-1.5446
-1.5287
-1.5186
-1.5317
-1.5535
-1.6115
-1.6715
-1.7654
-1.8424
-1.9203
-1.9594
-1.9717
-1.9559
-1.9239
-1.8850
-1.8524
-1.8212
-1.8128
-1.7916
-1.7749
-1.7164
-1.6460
-1.5501
-1.4673
-1.3996
-1.3614
-1.3328
-1.3098
-1.2648
-1.2212
-1.1780
-1.1729
-1.2024
-1.2598
-1.3250
-1.3721
-1.3977
-1.4036
-1.3965
-1.3941
-1.3826
-1.3696
-1.3378
-1.2916
-1.2434
-1.1915
-1.1538
-1.1180
-1.0784
-1.0488
-1.0006
-0.9897
-0.9625
-0.9719
-0.9383
-0.8900
-0.7792
-0.6571
-0.5386
-0.4650
-0.4384
-0.4406
-0.4515
-0.4515
-0.4373
-0.4239
-0.4142
-0.4378
-0.4896
-0.5884
-0.7169
-0.8750
-1.0296
-1.1799
-1.2876
-1.3723
-1.3979
-1.3871
-1.3198
-1.2154
-1.0986
-0.9679
-0.8633
-0.7467
-0.6661
-0.5866
-0.5620
-0.5491
-0.5747
-0.5870
-0.6183
-0.6438
-0.7054
-0.7789
-0.8745
-0.9568
-1.0205
-1.0530
-1.0567
-1.0441
-1.0162
-0.9942
-0.9665
-0.9478
-0.9129
-0.8856
-0.8485
-0.8408
-0.8338
-0.8542
-0.8628
-0.8867
-0.9061
-0.9339
-0.9630
-0.9689
-0.9762
-0.9453
-0.9324
-0.8811
-0.8404
-0.7531
-0.6748
-0.5870
-0.5532
-0.5597
-0.6238
-0.7007
-0.7697
-0.8066
-0.8036
-0.7894
-0.7509
-0.7306
-0.6908
-0.6623
-0.6194
-0.5725
-0.5343
-0.4868
-0.4701
-0.4452
-0.4403
-0.4182
-0.3826
-0.3393
-0.2879
-0.2597
-0.2328
-0.2161
-0.1854
-0.1538
-0.1253
-0.1117
-0.1098
-0.1106
-0.1066
-0.0988
-0.0878
-0.0872
-0.0810
-0.0815
-0.0589
-0.0241
0.0406
0.1263
0.2194
0.3065
0.3552
0.3648
0.3341
0.2879
0.2522
0.2402
0.2643
0.3144
0.3818
0.4464
0.4875
0.4954
0.4724
0.4324
0.3981
0.3673
0.3492
0.3316
0.3355
0.3644
0.4301
0.5022
0.5665
0.5879
0.5913
0.5810
0.5935
0.6270
0.6756
0.7294
0.7656
0.7890
0.7962
0.8049
0.8328
0.8694
0.9137
0.9167
0.8850
0.7853
0.6767
0.5413
0.4690
0.4138
0.4391
0.4629
0.5079
0.5162
0.5067
0.4710
0.4371
0.4104
0.4306
0.4694
0.5543
0.6026
0.6463
0.6210
0.6047
0.5663
0.5616
0.5356
0.5027
0.4353
0.3742
0.3338
0.3443
0.3874
0.4540
0.5084
0.5522
0.5699
0.5799
0.5762
0.5671
0.5439
0.5036
0.4539
0.3983
0.3613
0.3310
0.3287
0.3293
0.3614
0.3996
0.4594
0.5100
0.5506
0.5707
0.5748
0.5754
0.5767
0.5852
0.5953
0.5967
0.5869
0.5568
0.5114
0.4560
0.3970
0.3622
0.3417
0.3592
0.3668
0.3894
0.3879
0.4077
0.4199
0.4368
0.4288
0.3952
0.3518
0.3147
0.3072
0.3194
0.3393
0.3443
0.3326
0.3096
0.2974
0.3008
0.3254
0.3524
0.3697
0.3655
0.3411
0.3176
0.3078
0.3331
0.3721
0.4201
0.4380
0.4398
0.4183
0.4091
0.4115
0.4385
0.4726
0.5143
0.5490
0.5872
0.6191
0.6583
0.6921
0.7289
0.7528
0.7627
0.7472
0.7015
0.6388
0.5566
0.5011
0.4518
0.4590
0.4593
0.4995
0.5055
0.5441
0.5496
0.5829
0.5819
0.5893
0.5787
0.5703
0.5648
0.5468
0.5335
0.5109
0.5095
0.5178
0.5453
0.5680
0.5788
0.5692
0.5333
0.4959
0.4454
0.4236
0.4036
0.4178
0.4327
0.4573
0.4705
0.4612
0.4339
0.3735
0.3106
0.2356
0.1807
0.1312
0.0955
0.0655
0.0388
0.0293
0.0216
0.0290
0.0248
0.0299
0.0277
0.0433
0.0522
0.0598
0.0518
0.0279
0.0102
-0.0209
-0.0302
-0.0635
-0.0705
-0.1085
-0.1077
-0.1346
-0.1107
-0.1078
-0.0680
-0.0633
-0.0480
-0.0626
-0.0459
-0.0352
0.0108
0.0322
0.0593
0.0659
0.0857
0.1228
0.1706
0.2232
0.2497
0.2594
0.2576
0.2664
0.2967
0.3286
0.3600
0.3648
0.3708
0.3689
0.3864
0.4004
0.4334
0.4532
0.4976
0.5162
0.5569
0.5637
0.5820
0.5641
0.5399
0.4893
0.4441
0.4104
0.4003
0.4097
0.4209
0.4362
0.4483
0.4781
0.5197
0.5656
0.6028
0.6034
0.5968
0.5676
0.5652
0.5646
0.5885
0.6132
0.6492
0.6847
0.7147
0.7353
0.7268
0.7149
0.6831
0.6717
0.6660
0.6755
0.6913
0.6950
0.6996
0.6929
0.6947
0.7033
0.7168
0.7367
0.7469
0.7534
0.7546
0.7480
0.7607
0.7607
0.8008
0.8130
0.8564
0.8461
0.8436
0.7874
0.7512
0.6956
0.6858
0.6721
0.7024
0.7243
0.7780
0.8157
0.8638
0.8842
0.9011
0.9033
0.9141
0.9283
0.9457
0.9477
0.9342
0.8952
0.8579
0.8155
0.8010
0.7928
0.8150
0.8251
0.8446
0.8229
0.8070
0.7648
0.7549
0.7459
0.7697
0.7862
0.8237
0.8378
0.8729
0.8742
0.8958
0.8936
0.9080
0.9157
0.9212
0.9282
0.9316
0.9596
0.9971
1.0541
1.0915
1.1138
1.0949
1.0645
1.0104
0.9643
0.9165
0.8882
0.8754
0.8782
0.8829
0.8764
0.8450
0.8042
0.7516
0.7246
0.7053
0.7100
0.7114
0.7087
0.6955
0.6727
0.6530
0.6382
0.6416
0.6550
0.6796
0.7013
0.7067
0.6951
0.6415
0.5825
0.4915
0.4442
0.3852
0.3943
0.3724
0.3995
0.3721
0.3711
0.3188
0.2940
0.2475
0.2433
0.2322
0.2569
0.2720
0.3126
0.3313
0.3486
0.3176
0.2774
0.2091
0.1696
0.1339
0.1296
0.1141
0.0937
0.0574
0.0049
-0.0346
-0.0870
-0.1143
-0.1530
-0.1737
-0.1938
-0.2029
-0.2034
-0.1991
-0.1956
-0.1966
-0.2117
-0.2366
-0.2665
-0.3033
-0.3289
-0.3702
-0.3946
-0.4318
-0.4363
-0.4380
-0.4192
-0.4099
-0.4121
-0.4205
-0.4403
-0.4492
-0.4590
-0.4528
-0.4327
-0.4010
-0.3631
-0.3438
-0.3516
-0.3897
-0.4508
-0.5036
-0.5529
-0.5791
-0.6090
-0.6301
-0.6436
-0.6369
-0.6065
-0.5812
-0.5738
-0.6164
-0.6915
-0.7791
-0.8462
-0.8565
-0.8294
-0.7619
-0.7164
-0.6951
-0.7201
-0.7692
-0.8118
-0.8498
-0.8458
-0.8419
-0.7951
-0.7495
-0.6763
-0.6112
-0.5637
-0.5379
-0.5470
-0.5586
-0.5706
-0.5609
-0.5320
-0.4967
-0.4675
-0.4524
-0.4518
-0.4475
-0.4425
-0.4271
-0.4203
-0.4092
-0.4051
-0.3744
-0.3370
-0.2722
-0.2150
-0.1585
-0.1166
-0.0886
-0.0678
-0.0647
-0.0645
-0.0735
-0.0763
-0.0694
-0.0487
-0.0080
0.0409
0.1018
0.1565
0.2123
0.2626
0.3089
0.3523
0.3729
0.3905
0.3914
0.4232
0.4616
0.5347
0.5858
0.6426
0.6742
0.7263
0.7765
0.8409
0.8800
0.9126
0.9163
0.9337
0.9441
0.9731
0.9973
1.0262
1.0530
1.0820
1.1087
1.1326
1.1424
1.1479
1.1399
1.1382
1.1277
1.1239
1.1059
1.0924
1.0695
1.0590
1.0520
1.0501
1.0533
1.0407
1.0461
1.0407
1.0743
1.0980
1.1312
1.1241
1.0781
0.9860
0.8511
0.7129
0.5725
0.4874
0.4319
0.4418
0.4668
0.5200
0.5642
0.6057
0.6401
0.6699
0.7047
0.7331
0.7593
0.7737
0.7875
0.8051
0.8313
0.8681
0.8920
0.9072
0.8815
0.8360
0.7653
0.6849
0.6325
0.5864
0.6089
0.6282
0.6883
0.7108
0.7320
0.7217
0.7176
0.7018
0.6986
0.6753
0.6554
0.6135
0.5805
0.5538
0.5558
0.5828
0.6231
0.6628
0.6885
0.7116
0.7401
0.7826
0.8263
0.8558
0.8516
0.8222
0.7644
0.7175
0.6692
0.6565
0.6440
0.6461
0.6350
0.6190
0.6072
0.6049
0.6209
0.6459
0.6630
0.6776
0.6687
0.6693
0.6537
0.6592
0.6481
0.6582
0.6489
0.6589
0.6482
0.6487
0.6338
0.6308
0.6366
0.6615
0.7061
0.7409
0.7614
0.7274
0.6625
0.5641
0.4806
0.4159
0.3861
0.3582
0.3280
0.2707
0.2133
0.1571
0.1162
0.0796
0.0298
-0.0205
-0.0778
-0.1017
-0.1155
-0.0966
-0.0903
-0.0749
-0.0813
-0.0806
-0.0923
-0.0956
-0.1074
-0.1156
-0.1353
-0.1593
-0.1886
-0.2194
-0.2371
-0.2617
-0.2754
-0.3086
-0.3311
-0.3522
-0.3499
-0.3273
-0.2967
-0.2674
-0.2549
-0.2582
-0.2657
-0.2744
-0.2755
-0.2770
-0.2878
-0.3006
-0.3210
-0.3253
-0.3172
-0.2895
-0.2540
-0.2216
-0.1945
-0.1784
-0.1482
-0.1200
-0.0600
-0.0250
0.0175
0.0084
-0.0038
-0.0411
-0.0610
-0.0700
-0.0519
-0.0133
0.0427
0.1064
0.1579
0.2024
0.2180
0.2467
0.2642
0.3212
0.3750
0.4458
0.4972
0.5315
0.5524
0.5554
0.5540
0.5349
0.5085
0.4824
0.4717
0.4881
0.5137
0.5385
0.5321
0.4930
0.4361
0.3608
0.3230
0.2859
0.2960
0.2902
0.2873
0.2616
0.2275
0.1998
0.1733
0.1547
0.1281
0.1066
0.0893
0.0918
0.0982
0.1144
0.1263
0.1547
0.1972
0.2447
0.2867
0.2847
0.2746
0.2353
0.2282
0.2230
0.2455
0.2738
0.3109
0.3604
0.4007
0.4418
0.4519
0.4650
0.4597
0.4825
0.5010
0.5437
0.5674
0.5912
0.5794
0.5706
0.5372
0.5357
0.5199
0.5269
0.5003
0.4670
0.4038
0.3491
0.2973
0.2832
0.2790
0.3035
0.3200
0.3508
0.3794
0.4247
0.4695
0.5108
0.5304
0.5298
0.5123
0.4907
0.4769
0.4756
0.4930
0.5205
0.5519
0.5684
0.5672
0.5443
0.5249
0.5142
0.5275
0.5555
0.5820
0.6082
0.6089
0.6016
0.5631
0.5186
0.4574
0.4187
0.3927
0.4093
0.4377
0.4799
0.5156
0.5401
0.5679
0.5815
0.6018
0.5971
0.6009
0.5911
0.6139
0.6337
0.6866
0.7152
0.7597
0.7787
0.8081
0.8363
0.8502
0.8768
0.8640
0.8765
0.8449
0.8293
0.7719
0.7307
0.6889
0.6849
0.7059
0.7412
0.7848
0.8146
0.8519
0.8733
0.9049
0.9149
0.9338
0.9357
0.9538
0.9694
0.9872
1.0030
0.9915
0.9837
0.9467
0.9274
0.8925
0.8653
0.8319
0.7958
0.7773
0.7589
0.7649
0.7607
0.7727
0.7799
0.8034
0.8238
0.8377
0.8227
0.7805
0.7040
0.6244
0.5463
0.4965
0.4709
0.4596
0.4736
0.4840
0.5312
0.5547
0.6062
0.5963
0.6076
0.5527
0.5325
0.4745
0.4583
0.4399
0.4569
0.4810
0.5131
0.5283
0.5298
0.5078
0.4917
0.4756
0.4892
0.5036
0.5313
0.5439
0.5504
0.5581
0.5607
0.5900
0.6039
0.6425
0.6454
0.6580
0.6263
0.5883
0.5080
0.4230
0.3227
0.2532
0.1999
0.1957
0.1980
0.2220
0.2281
0.2317
0.2177
0.1998
0.1719
0.1407
0.0996
0.0547
0.0088
-0.0258
-0.0420
-0.0363
-0.0234
-0.0078
-0.0030
-0.0020
0.0064
0.0141
0.0360
0.0437
0.0546
0.0585
0.0677
0.0744
0.0741
0.0512
0.0188
-0.0313
-0.0721
-0.1090
-0.1198
-0.1108
-0.0793
-0.0475
-0.0221
-0.0097
0.0002
0.0084
0.0145
0.0016
-0.0221
-0.0590
-0.0804
-0.0864
-0.0709
-0.0383
-0.0024
0.0465
0.0793
0.1091
0.1019
0.0893
0.0594
0.0528
0.0504
0.0710
0.0894
0.1243
0.1673
0.2250
0.2872
0.3369
0.3720
0.3822
0.3860
0.3858
0.4046
0.4323
0.4671
0.4804
0.4652
0.4301
0.3963
0.3975
0.4335
0.4955
0.5515
0.5782
0.5659
0.5222
0.4638
0.4148
0.3846
0.3815
0.3932
0.4198
0.4486
0.4915
0.5309
0.5723
0.5793
0.5622
0.5016
0.4395
0.3755
0.3448
0.3303
0.3421
0.3543
0.3804
0.3903
0.4090
0.3987
0.3968
0.3732
0.3697
0.3656
0.3829
0.3931
0.3932
0.3658
0.3323
0.3089
0.3291
0.3782
0.4472
0.4894
0.5114
0.5015
0.5056
0.5062
0.5318
0.5337
0.5400
0.5243
0.5270
0.5355
0.5607
0.5817
0.5899
0.5858
0.5643
0.5496
0.5264
0.5197
0.5069
0.5067
0.5083
0.5198
0.5353
0.5413
0.5286
0.4992
0.4648
0.4601
0.4703
0.5041
0.5097
0.5158
0.4976
0.5289
0.5540
0.6325
0.6602
0.6910
0.6479
0.5950
0.5124
0.4566
0.4291
0.4411
0.4860
0.5332
0.5956
0.6380
0.6927
0.7253
0.7526
0.7464
0.7209
0.6890
0.6821
0.7201
0.7879
0.8584
0.8853
0.8675
0.8070
0.7474
0.7016
0.6872
0.6944
0.7115
0.7295
0.7412
0.7402
0.7402
0.7183
0.7140
0.6822
0.6807
0.6537
0.6643
0.6646
0.7036
0.7372
0.7879
0.8185
0.8466
0.8533
0.8491
0.8288
0.7972
0.7725
0.7545
0.7595
0.7553
0.7540
0.7213
0.6950
0.6600
0.6472
0.6457
0.6461
0.6453
0.6208
0.6004
0.5769
0.5806
0.5893
0.6064
0.6026
0.5841
0.5450
0.5053
0.4796
0.4805
0.5121
0.5478
0.5692
0.5440
0.4860
0.4128
0.3627
0.3529
0.3684
0.4026
0.4147
0.4339
0.4352
0.4648
0.4874
0.5254
0.5460
0.5652
0.5748
0.5897
0.6014
0.6144
0.6060
0.5852
0.5389
0.4917
0.4481
0.4234
0.4184
0.4231
0.4325
0.4397
0.4494
0.4737
0.5092
0.5561
0.5837
0.5848
0.5471
0.4926
0.4355
0.3941
0.3629
0.3323
0.2959
0.2442
0.2034
0.1620
0.1561
0.1584
0.1891
0.2202
0.2506
0.2633
0.2501
0.2138
0.1595
0.1092
0.0650
0.0518
0.0547
0.0887
0.1377
0.1896
0.2480
0.2751
0.2956
0.2695
0.2289
0.1611
0.1080
0.0700
0.0758
0.0942
0.1368
0.1653
0.1907
0.1944
0.1805
0.1586
0.1380
0.1296
0.1388
0.1303
0.1270
0.0789
0.0585
0.0202
0.0299
0.0359
0.0623
0.0793
0.0873
0.0929
0.0890
0.1065
0.1301
0.1869
0.2420
0.3020
0.3297
0.3347
0.3149
0.2945
0.2811
0.2727
0.2659
0.2572
0.2760
0.3139
0.3957
0.4580
0.5212
0.5354
0.5522
0.5606
0.5899
0.6256
0.6646
0.6881
0.6971
0.6844
0.6626
0.6405
0.6264
0.6334
0.6532
0.6847
0.7063
0.7147
0.7018
0.6817
0.6622
0.6521
0.6590
0.6748
0.7096
0.7475
0.7953
0.8338
0.8709
0.8896
0.9113
0.9093
0.9114
0.8748
0.8323
0.7552
0.6903
0.6360
0.6298
0.6488
0.6962
0.7143
0.7274
0.6967
0.6923
0.6770
0.6987
0.7058
0.7304
0.7510
0.7940
0.8386
0.8750
0.8812
0.8653
0.8421
0.8436
0.8637
0.9040
0.9251
0.9355
0.9190
0.9091
0.8945
0.8935
0.8891
0.8878
0.8919
0.8990
0.9179
0.9285
0.9346
0.9174
0.8883
0.8463
0.8051
0.7717
0.7463
0.7330
0.7264
0.7193
0.7246
0.7168
0.7314
0.7229
0.7281
0.7080
0.6962
0.6788
0.6665
0.6458
0.6131
0.5715
0.5395
0.5235
0.5296
0.5333
0.5331
0.5108
0.4875
0.4579
0.4414
0.4257
0.4184
0.4120
0.4128
0.4288
0.4533
0.4948
0.5201
0.5382
0.5211
0.4970
0.4601
0.4303
0.3980
0.3558
0.3107
0.2509
0.2141
0.1676
0.1548
0.1210
0.1183
0.1038
0.1222
0.1445
0.1802
0.2147
0.2432
0.2661
0.2907
0.3054
0.3236
0.3114
0.2905
0.2366
0.1872
0.1348
0.1122
0.1071
0.1357
0.1749
0.2272
0.2760
0.3210
0.3723
0.4162
0.4685
0.4914
0.5024
0.4784
0.4517
0.4165
0.3935
0.3730
0.3680
0.3800
0.4134
0.4637
0.5019
0.5213
0.5023
0.4703
0.4334
0.4088
0.3961
0.3839
0.3825
0.3816
0.4083
0.4448
0.5067
0.5640
0.6154
0.6422
0.6476
0.6377
0.6292
0.6179
0.6213
0.6107
0.6231
0.6304
0.6699
0.7032
0.7391
0.7593
0.7741
0.7893
0.7998
0.7955
0.7752
0.7456
0.7298
0.7378
0.7617
0.7963
0.8143
0.8281
0.8209
0.8123
0.7964
0.7925
0.8027
0.8328
0.8708
0.9076
0.9401
0.9711
1.0088
1.0536
1.0928
1.1247
1.1298
1.1220
1.0959
1.0727
1.0493
1.0358
1.0160
0.9954
0.9614
0.9245
0.8901
0.8551
0.8419
0.8276
0.8403
0.8524
0.8708
0.8862
0.8793
0.8750
0.8492
0.8400
0.8266
0.8241
0.8117
0.7867
0.7466
0.7058
0.6812
0.6863
0.7157
0.7581
0.7833
0.7896
0.7505
0.6992
0.6250
0.5779
0.5446
0.5481
0.5567
0.5736
0.5783
0.5818
0.5826
0.5869
0.5963
0.6008
0.6021
0.5934
0.5874
0.5942
0.6142
0.6476
0.6677
0.6646
0.6271
0.5554
0.4831
0.4095
0.3881
0.3781
0.4176
0.4318
0.4595
0.4400
0.4314
0.3873
0.3784
0.3440
0.3618
0.3535
0.3922
0.4010
0.4384
0.4507
0.4825
0.4985
0.5256
0.5338
0.5419
0.5373
0.5327
0.5354
0.5344
0.5479
0.5420
0.5333
0.4965
0.4502
0.4078
0.3754
0.3741
0.3770
0.3975
0.4157
0.4471
0.4976
0.5506
0.6242
0.6608
0.6975
0.6704
0.6333
0.5466
0.4600
0.3620
0.2769
0.2056
0.1469
0.1095
0.0811
0.0741
0.0658
0.0655
0.0479
0.0342
0.0166
0.0175
0.0273
0.0302
0.0210
-0.0196
-0.0449
-0.0781
-0.0750
-0.1144
-0.1612
-0.2721
-0.3688
-0.4670
-0.5143
-0.5421
-0.5469
-0.5438
-0.5369
-0.5191
-0.4987
-0.4822
-0.4734
-0.4927
-0.5261
-0.5790
-0.6370
-0.6848
-0.7322
-0.7607
-0.7895
-0.8159
-0.8417
-0.8816
-0.9059
-0.9376
-0.9382
-0.9403
-0.9177
-0.9048
-0.8838
-0.8797
-0.8678
-0.8591
-0.8362
-0.8127
-0.8014
-0.8036
-0.8339
-0.8616
-0.8920
-0.8952
-0.8867
-0.8701
-0.8561
-0.8665
-0.8675
-0.8927
-0.8814
-0.8873
-0.8553
-0.8378
-0.7991
-0.7782
-0.7502
-0.7321
-0.6913
-0.6406
-0.5641
-0.4889
-0.4174
-0.3682
-0.3419
-0.3435
-0.3679
-0.4059
-0.4452
-0.4648
-0.4634
-0.4249
-0.3686
-0.2859
-0.2092
-0.1319
-0.0868
-0.0533
-0.0461
-0.0338
-0.0193
0.0125
0.0511
0.0917
0.1139
0.1212
0.0957
0.0713
0.0345
0.0285
0.0267
0.0493
0.0597
0.0664
0.0428
0.0108
-0.0437
-0.0843
-0.1255
-0.1322
-0.1334
-0.1039
-0.0822
-0.0426
-0.0176
0.0157
0.0360
0.0544
0.0644
0.0705
0.0695
0.0707
0.0602
0.0643
0.0567
0.0720
0.0740
0.0899
0.0895
0.0923
0.0775
0.0651
0.0351
0.0298
0.0114
0.0379
0.0302
0.0568
0.0345
0.0480
0.0313
0.0448
0.0314
0.0206
-0.0087
-0.0335
-0.0416
-0.0315
0.0051
0.0402
0.0767
0.0826
0.0767
0.0463
0.0224
0.0092
0.0132
0.0391
0.0530
0.0707
0.0564
0.0458
0.0185
0.0028
-0.0117
-0.0115
-0.0015
0.0092
0.0093
-0.0139
-0.0525
-0.0974
-0.1351
-0.1638
-0.1877
-0.2130
-0.2431
-0.2804
-0.3175
-0.3557
-0.3808
-0.4004
-0.4117
-0.4323
-0.4723
-0.5451
-0.6472
-0.7748
-0.8912
-0.9851
-1.0217
-1.0194
-0.9842
-0.9446
-0.9135
-0.8840
-0.8566
-0.8057
-0.7385
-0.6449
-0.5486
-0.4566
-0.3863
-0.3319
-0.2929
-0.2653
-0.2561
-0.2704
-0.2977
-0.3226
-0.3241
-0.3014
-0.2637
-0.2339
-0.1993
-0.1752
-0.1085
-0.0443
0.0527
0.1115
0.1667
0.1864
0.2198
0.2504
0.3015
0.3477
0.3852
0.4111
0.4075
0.4101
0.3898
0.3988
0.3913
0.4028
0.3849
0.3631
0.3224
0.2898
0.2630
0.2462
0.2167
0.1825
0.1338
0.1047
0.0942
0.1093
0.1350
0.1451
0.1345
0.1007
0.0507
0.0177
-0.0156
-0.0201
-0.0206
-0.0139
0.0052
0.0063
0.0167
0.0046
0.0089
0.0247
0.0720
0.1435
0.2201
0.2862
0.3131
0.3039
0.2513
0.1738
0.0845
-0.0118
-0.0765
-0.1309
-0.1181
-0.1027
-0.0417
0.0020
0.0547
0.1065
0.1292
0.1482
0.0963
0.0477
-0.0328
-0.0520
-0.0439
0.0248
0.0881
0.1434
0.1517
0.1366
0.0939
0.0534
0.0045
-0.0252
-0.0519
-0.0484
-0.0376
-0.0133
0.0085
0.0180
0.0308
0.0328
0.0526
0.0721
0.0952
0.1233
0.1234
0.1417
0.1072
0.1097
0.0580
0.0618
0.0326
0.0575
0.0626
0.0991
0.1127
0.1348
0.1273
0.1241
0.1134
0.1276
0.1602
0.2026
0.2371
0.2351
0.2053
0.1438
0.0817
0.0166
-0.0358
-0.0923
-0.1334
-0.1638
-0.1582
-0.1215
-0.0687
-0.0049
0.0393
0.0881
0.1286
0.1798
0.2215
0.2455
0.2373
0.2096
0.1744
0.1617
0.1665
0.1880
0.2001
0.1987
0.1824
0.1714
0.1690
0.1902
0.2179
0.2535
0.2872
0.3130
0.3368
0.3439
0.3437
0.3259
0.3055
0.2790
0.2656
0.2530
0.2688
0.2948
0.3613
0.4366
0.5225
0.5865
0.6132
0.6158
0.5774
0.5533
0.5148
0.5214
0.5274
0.5612
0.5835
0.5979
0.6053
0.5951
0.5918
0.5717
0.5579
0.5264
0.5044
0.4765
0.4827
0.4972
0.5508
0.5886
0.6294
0.6251
0.6093
0.5686
0.5332
0.5054
0.4876
0.4980
0.5123
0.5578
0.5763
0.5980
0.5725
0.5413
0.4969
0.4492
0.4205
0.3746
0.3593
0.3244
0.3215
0.3034
0.3045
0.2922
0.2834
0.2668
0.2430
0.2162
0.1708
0.1195
0.0477
-0.0210
-0.0849
-0.1240
-0.1368
-0.1245
-0.1023
-0.0773
-0.0699
-0.0694
-0.0820
-0.0905
-0.0882
-0.0820
-0.0627
-0.0525
-0.0357
-0.0298
-0.0222
-0.0420
-0.0666
-0.1287
-0.1639
-0.2028
-0.1857
-0.1592
-0.1068
-0.0637
-0.0283
-0.0077
-0.0008
-0.0009
-0.0082
-0.0126
-0.0246
-0.0349
-0.0563
-0.0689
-0.0750
-0.0603
-0.0345
-0.0040
0.0169
0.0340
0.0405
0.0624
0.0816
0.1205
0.1524
0.1942
0.2236
0.2567
0.2701
0.2898
0.2900
0.3021
0.2972
0.2918
0.2706
0.2377
0.2045
0.1622
0.1471
0.1306
0.1623
0.1733
0.2096
0.1915
0.1849
0.1435
0.1367
0.1175
0.1336
0.1241
0.1442
0.1305
0.1502
0.1351
0.1496
0.1302
0.1373
0.1200
0.1354
0.1406
0.1778
0.2080
0.2454
0.2680
0.2685
0.2552
0.2164
0.1806
0.1368
0.1026
0.0651
0.0217
-0.0175
-0.0546
-0.0568
-0.0452
-0.0047
0.0218
0.0327
0.0091
-0.0438
-0.0992
-0.1546
-0.1856
-0.2143
-0.2332
-0.2481
-0.2366
-0.1972
-0.1386
-0.0855
-0.0734
-0.0848
-0.1279
-0.1452
-0.1561
-0.1403
-0.1397
-0.1553
-0.1998
-0.2610
-0.3244
-0.3838
-0.4358
-0.4687
-0.4989
-0.4817
-0.4770
-0.4329
-0.4407
-0.4353
-0.4727
-0.4861
-0.5058
-0.5020
-0.4968
-0.4864
-0.4824
-0.4975
-0.5270
-0.5797
-0.6257
-0.6623
-0.6653
-0.6417
-0.6031
-0.5636
-0.5463
-0.5416
-0.5578
-0.5777
-0.6111
-0.6542
-0.7000
-0.7368
-0.7381
-0.7092
-0.6476
-0.5890
-0.5399
-0.5296
-0.5439
-0.5934
-0.6515
-0.7174
-0.7725
-0.8141
-0.8320
-0.8177
-0.7640
-0.6717
-0.5591
-0.4416
-0.3490
-0.2763
-0.2409
-0.2193
-0.2281
-0.2383
-0.2598
-0.2581
-0.2441
-0.2102
-0.1809
-0.1721
-0.1871
-0.2299
-0.2767
-0.3285
-0.3615
-0.3832
-0.3770
-0.3635
-0.3470
-0.3600
-0.4021
-0.4798
-0.5534
-0.6210
-0.6357
-0.6325
-0.5902
-0.5624
-0.5461
-0.5595
-0.5983
-0.6385
-0.6743
-0.6844
-0.6722
-0.6508
-0.6261
-0.6183
-0.6165
-0.6235
-0.6338
-0.6441
-0.6617
-0.6694
-0.6726
-0.6592
-0.6418
-0.6284
-0.6198
-0.6217
-0.6101
-0.5909
-0.5444
-0.4932
-0.4394
-0.4068
-0.3979
-0.4109
-0.4341
-0.4542
-0.4605
-0.4493
-0.4147
-0.3680
-0.3141
-0.2814
-0.2734
-0.3015
-0.3396
-0.3752
-0.3897
-0.3911
-0.3977
-0.4258
-0.4867
-0.5634
-0.6438
-0.6943
-0.7100
-0.6745
-0.6049
-0.5185
-0.4489
-0.4209
-0.4427
-0.4994
-0.5732
-0.6439
-0.7092
-0.7646
-0.7986
-0.8041
-0.7624
-0.6929
-0.6018
-0.5320
-0.4787
-0.4657
-0.4515
-0.4490
-0.4261
-0.4034
-0.3823
-0.3684
-0.3773
-0.3992
-0.4416
-0.4933
-0.5369
-0.5750
-0.5853
-0.5915
-0.5797
-0.5592
-0.5233
-0.4572
-0.3872
-0.3035
-0.2576
-0.2431
-0.2849
-0.3580
-0.4435
-0.5187
-0.5646
-0.6041
-0.6203
-0.6519
-0.6484
-0.6464
-0.6064
-0.5744
-0.5391
-0.5192
-0.5025
-0.4845
-0.4660
-0.4473
-0.4517
-0.4638
-0.5132
-0.5509
-0.6100
-0.6378
-0.6803
-0.7071
-0.7519
-0.7832
-0.8002
-0.7832
-0.7348
-0.6856
-0.6388
-0.6388
-0.6444
-0.6848
-0.6984
-0.7233
-0.7068
-0.7070
-0.6687
-0.6690
-0.6358
-0.6418
-0.6122
-0.6187
-0.6156
-0.6641
-0.7065
-0.7610
-0.7664
-0.7455
-0.6954
-0.6454
-0.6075
-0.5688
-0.5347
-0.4905
-0.4776
-0.4990
-0.5827
-0.6880
-0.7825
-0.8084
-0.7628
-0.6491
-0.5378
-0.4444
-0.4220
-0.4303
-0.4676
-0.4848
-0.4819
-0.4495
-0.4241
-0.4059
-0.4427
-0.4964
-0.5853
-0.6447
-0.6696
-0.6310
-0.5568
-0.4759
-0.4318
-0.4267
-0.4465
-0.4650
-0.4572
-0.4549
-0.4346
-0.4485
-0.4303
-0.4311
-0.3979
-0.3913
-0.3973
-0.4186
-0.4589
-0.4561
-0.4631
-0.4263
-0.4294
-0.4279
-0.4571
-0.4739
-0.4874
-0.4873
-0.4956
-0.5049
-0.5309
-0.5477
-0.5656
-0.5637
-0.5569
-0.5359
-0.5185
-0.4894
-0.4731
-0.4399
-0.4270
-0.4021
-0.3968
-0.3928
-0.3928
-0.4139
-0.4338
-0.4988
-0.5578
-0.6452
-0.6980
-0.7491
-0.7696
-0.8034
-0.8338
-0.8759
-0.9021
-0.9012
-0.8760
-0.8238
-0.7778
-0.7340
-0.6996
-0.6666
-0.6165
-0.5739
-0.5280
-0.5159
-0.5121
-0.5235
-0.5094
-0.4890
-0.4384
-0.4123
-0.3874
-0.4148
-0.4639
-0.5516
-0.6168
-0.6301
-0.5259
-0.3318
-0.0811
0.1330
0.2626
0.2954
0.2519
0.1825
0.1120
0.0733
0.0645
0.0878
0.1309
0.1794
0.2317
0.2695
0.3059
0.3229
0.3448
0.3433
0.3520
0.3319
0.3352
0.3236
0.3445
0.3547
0.3820
0.4010
0.4379
0.4744
0.5102
0.5147
0.4875
0.4389
0.3965
0.3860
0.3962
0.4245
0.4237
0.4210
0.3760
0.3682
0.3385
0.3707
0.3733
0.4067
0.4028
0.4028
0.3929
0.3873
0.3891
0.3937
0.3930
0.3896
0.3697
0.3487
0.3150
0.2783
0.2368
0.1948
0.1691
0.1593
0.1817
0.2197
0.2694
0.3086
0.3205
0.3086
0.2582
0.2145
0.1560
0.1470
0.1319
0.1576
0.1492
0.1454
0.1139
0.0908
0.0743
0.0646
0.0557
0.0388
0.0169
-0.0021
-0.0157
-0.0168
-0.0111
0.0004
0.0099
0.0108
0.0054
-0.0122
-0.0217
-0.0366
-0.0343
-0.0427
-0.0524
-0.0823
-0.1284
-0.1734
-0.2128
-0.2151
-0.1901
-0.1393
-0.0884
-0.0666
-0.0796
-0.1336
-0.1990
-0.2671
-0.3131
-0.3526
-0.3803
-0.4106
-0.4420
-0.4595
-0.4747
-0.4669
-0.4690
-0.4770
-0.5236
-0.5911
-0.6830
-0.7487
-0.7934
-0.7862
-0.7622
-0.7279
-0.7009
-0.7117
-0.7287
-0.8004
-0.8457
-0.9154
-0.9316
-0.9566
-0.9620
-0.9917
-1.0277
-1.0622
-1.0764
-1.0494
-0.9997
-0.9267
-0.8700
-0.8292
-0.8137
-0.8210
-0.8357
-0.8691
-0.9017
-0.9470
-0.9761
-1.0075
-1.0060
-1.0180
-1.0036
-1.0137
-1.0002
-1.0027
-0.9946
-1.0102
-1.0350
-1.0726
-1.0996
-1.1058
-1.0857
-1.0496
-1.0152
-0.9993
-1.0144
-1.0494
-1.0901
-1.1128
-1.1053
-1.0810
-1.0415
-1.0141
-0.9887
-0.9740
-0.9617
-0.9605
-0.9727
-1.0114
-1.0610
-1.1231
-1.1728
-1.2144
-1.2502
-1.2855
-1.3251
-1.3472
-1.3432
-1.2961
-1.2262
-1.1438
-1.0833
-1.0362
-1.0131
-0.9900
-0.9703
-0.9531
-0.9286
-0.9159
-0.8762
-0.8539
-0.8004
-0.7859
-0.7457
-0.7469
-0.7131
-0.7063
-0.6761
-0.6649
-0.6541
-0.6437
-0.6432
-0.6255
-0.6254
-0.6089
-0.6178
-0.6198
-0.6359
-0.6476
-0.6448
-0.6492
-0.6305
-0.6431
-0.6341
-0.6498
-0.6271
-0.6031
-0.5497
-0.5031
-0.4741
-0.4597
-0.4764
-0.4758
-0.4876
-0.4738
-0.4725
-0.4655
-0.4554
-0.4312
-0.3842
-0.3265
-0.2729
-0.2297
-0.2113
-0.1990
-0.2003
-0.2038
-0.2102
-0.2298
-0.2359
-0.2534
-0.2279
-0.2052
-0.1472
-0.1087
-0.0816
-0.0684
-0.0776
-0.0624
-0.0712
-0.0553
-0.0871
-0.1037
-0.1610
-0.1793
-0.2151
-0.2083
-0.2283
-0.2337
-0.2694
-0.3107
-0.3709
-0.4561
-0.5452
-0.6456
-0.7108
-0.7544
-0.7582
-0.7570
-0.7522
-0.7591
-0.7688
-0.7698
-0.7678
-0.7440
-0.7247
-0.6855
-0.6577
-0.6238
-0.6053
-0.5908
-0.5807
-0.5674
-0.5500
-0.5232
-0.5020
-0.4755
-0.4740
-0.4730
-0.4792
-0.4577
-0.3868
-0.2750
-0.1167
0.0325
0.1707
0.2626
0.3220
0.3573
0.3702
0.3881
0.3801
0.3886
0.3700
0.3694
0.3439
0.3231
0.2835
0.2502
0.2125
0.1852
0.1490
0.1239
0.0940
0.0913
0.0897
0.1110
0.1144
0.1170
0.0918
0.0562
0.0096
-0.0385
-0.0731
-0.0961
-0.1110
-0.1235
-0.1608
-0.1905
-0.2377
-0.2406
-0.2477
-0.2186
-0.2134
-0.2000
-0.2040
-0.2065
-0.1993
-0.1941
-0.1576
-0.1306
-0.0845
-0.0726
-0.0773
-0.1172
-0.1767
-0.2427
-0.3111
-0.3716
-0.4211
-0.4745
-0.5234
-0.6008
-0.6843
-0.7901
-0.8860
-0.9703
-1.0236
-1.0601
-1.0748
-1.1062
-1.1258
-1.1756
-1.1978
-1.2465
-1.2637
-1.3101
-1.3319
-1.3751
-1.3986
-1.4317
-1.4548
-1.4865
-1.5219
-1.5667
-1.6205
-1.6672
-1.7171
-1.7351
-1.7494
-1.7219
-1.6957
-1.6520
-1.6326
-1.6344
-1.6609
-1.7134
-1.7572
-1.8178
-1.8564
-1.9062
-1.9312
-1.9391
-1.9242
-1.8831
-1.8413
-1.7862
-1.7347
-1.6840
-1.6453
-1.6373
-1.6558
-1.6999
-1.7502
-1.7875
-1.8187
-1.8256
-1.8385
-1.8287
-1.8235
-1.7902
-1.7530
-1.6963
-1.6464
-1.6096
-1.5890
-1.5932
-1.5785
-1.5742
-1.5287
-1.4988
-1.4369
-1.3759
-1.2825
-1.1745
-1.0592
-0.9506
-0.8575
-0.7693
-0.6763
-0.5641
-0.4313
-0.2930
-0.1603
-0.0697
-0.0072
0.0089
0.0308
0.0481
0.0998
0.1482
0.2061
0.2481
0.3006
0.3655
0.4516
0.5422
0.6185
0.6691
0.6894
0.6965
0.6890
0.6921
0.6957
0.7254
0.7607
0.8174
0.8583
0.9048
0.9241
0.9573
0.9820
1.0183
1.0499
1.0641
1.0665
1.0494
1.0224
1.0017
0.9717
0.9626
0.9455
0.9373
0.9228
0.8935
0.8646
0.8175
0.7833
0.7431
0.7203
0.7003
0.6955
0.6960
0.7014
0.7028
0.6922
0.6704
0.6398
0.6165
0.6054
0.6197
0.6379
0.6748
0.6894
0.7184
0.7161
0.7277
0.7067
0.6937
0.6538
0.6235
0.5897
0.5687
0.5630
0.5560
0.5712
0.5781
0.6131
0.6315
0.6606
0.6562
0.6543
0.6243
0.6022
0.5618
0.5353
0.5163
0.5262
0.5525
0.5885
0.6098
0.6191
0.6088
0.6006
0.5906
0.5871
0.5801
0.5772
0.5755
0.5973
0.6210
0.6589
0.6660
0.6558
0.6043
0.5366
0.4566
0.3902
0.3469
0.3380
0.3492
0.3646
0.3658
0.3381
0.2994
0.2469
0.2085
0.1840
0.1761
0.1949
0.2178
0.2635
0.2980
0.3356
0.3526
0.3648
0.3716
0.3868
0.4055
0.4342
0.4492
0.4764
0.4811
0.5045
0.5008
0.5033
0.4761
0.4559
0.4305
0.4314
0.4364
0.4503
0.4507
0.4484
0.4502
0.4717
0.5076
0.5559
0.5941
0.6306
0.6547
0.6813
0.6998
0.7090
0.7005
0.6743
0.6396
0.6047
0.5827
0.5747
0.5827
0.5979
0.6132
0.6208
0.6131
0.5993
0.5763
0.5655
0.5568
0.5563
0.5468
0.5229
0.4797
0.4257
0.3632
0.3078
0.2583
0.2207
0.2064
0.2066
0.2344
0.2633
0.2891
0.2917
0.2702
0.2273
0.1805
0.1350
0.1082
0.0867
0.0742
0.0604
0.0512
0.0465
0.0501
0.0480
0.0541
0.0497
0.0660
0.0687
0.0776
0.0479
0.0179
-0.0347
-0.0442
-0.0565
-0.0298
-0.0412
-0.0485
-0.0924
-0.1260
-0.1595
-0.1822
-0.1832
-0.1742
-0.1263
-0.0725
-0.0003
0.0477
0.0812
0.0856
0.0810
0.0741
0.0759
0.0887
0.1133
0.1327
0.1542
0.1391
0.1200
0.0568
0.0075
-0.0672
-0.1087
-0.1663
-0.1842
-0.2096
-0.1896
-0.1661
-0.1113
-0.0641
-0.0142
0.0208
0.0649
0.1130
0.1789
0.2289
0.2542
0.2294
0.1725
0.1025
0.0512
0.0322
0.0477
0.0828
0.1229
0.1524
0.1627
0.1538
0.1167
0.0714
0.0112
-0.0202
-0.0270
0.0126
0.0752
0.1384
0.1858
0.2036
0.1995
0.1819
0.1515
0.1272
0.1029
0.1087
0.1297
0.1812
0.2258
0.2612
0.2619
0.2493
0.2307
0.2373
0.2563
0.2842
0.2977
0.2887
0.2767
0.2501
0.2488
0.2494
0.2901
0.3454
0.4274
0.5042
0.5711
0.6190
0.6463
0.6669
0.6716
0.6793
0.6810
0.6844
0.6835
0.6730
0.6544
0.6340
0.6115
0.6045
0.5945
0.6026
0.6031
0.6152
0.6184
0.6276
0.6323
0.6357
0.6289
0.6050
0.5687
0.5288
0.5060
0.5161
0.5618
0.6389
0.7193
0.7875
0.8178
0.8193
0.7965
0.7743
0.7662
0.7681
0.7931
0.8004
0.8203
0.7953
0.7752
0.7107
0.6628
0.6061
0.5875
0.5877
0.6101
0.6426
0.6677
0.7055
0.7304
0.7739
0.7931
0.8175
0.8098
0.8058
0.7872
0.7891
0.7926
0.8130
0.8172
0.8144
0.7935
0.7842
0.7939
0.8312
0.8763
0.9148
0.9265
0.9214
0.8883
0.8517
0.7972
0.7532
0.7139
0.6917
0.6796
0.6709
0.6630
0.6575
0.6487
0.6373
0.6162
0.5907
0.5811
0.5871
0.6215
0.6508
0.6702
0.6594
0.6340
0.5992
0.5726
0.5444
0.5267
0.5003
0.4847
0.4616
0.4460
0.4280
0.4131
0.4078
0.4023
0.4130
0.4155
0.4299
0.4291
0.4270
0.4050
0.3746
0.3401
0.3094
0.2915
0.2667
0.2381
0.1824
0.1252
0.0673
0.0360
0.0273
0.0367
0.0564
0.0650
0.0754
0.0582
0.0449
-0.0089
-0.0633
-0.1646
-0.2542
-0.3523
-0.3967
-0.4059
-0.3653
-0.3125
-0.2624
-0.2417
-0.2492
-0.2879
-0.3304
-0.3713
-0.3838
-0.3887
-0.3706
-0.3704
-0.3502
-0.3611
-0.3523
-0.3904
-0.4259
-0.5028
-0.5722
-0.6420
-0.6897
-0.7158
-0.7306
-0.7300
-0.7337
-0.7267
-0.7329
-0.7340
-0.7490
-0.7578
-0.7703
-0.7808
-0.7913
-0.7986
-0.7866
-0.7518
-0.6974
-0.6386
-0.6061
-0.5905
-0.6121
-0.6189
-0.6474
-0.6444
-0.6855
-0.7047
-0.7754
-0.8014
-0.8393
-0.8099
-0.7666
-0.6821
-0.5872
-0.4870
-0.3777
-0.2876
-0.2023
-0.1572
-0.1230
-0.1104
-0.0887
-0.0680
-0.0459
-0.0348
-0.0327
-0.0310
-0.0260
-0.0059
0.0139
0.0484
0.0668
0.0885
0.0755
0.0511
-0.0014
-0.0583
-0.1120
-0.1579
-0.1839
-0.2036
-0.2107
-0.2208
-0.2334
-0.2579
-0.2964
-0.3483
-0.4033
-0.4539
-0.4868
-0.5165
-0.5362
-0.5658
-0.5936
-0.6206
-0.6557
-0.6793
-0.7242
-0.7499
-0.7955
-0.8178
-0.8532
-0.8567
-0.8658
-0.8421
-0.8344
-0.8175
-0.8195
-0.8179
-0.8102
-0.7927
-0.7620
-0.7344
-0.7070
-0.6975
-0.6966
-0.7131
-0.7373
-0.7590
-0.7846
-0.7792
-0.7745
-0.7286
-0.6882
-0.6337
-0.5950
-0.5721
-0.5577
-0.5553
-0.5463
-0.5220
-0.4811
-0.3939
-0.3033
-0.1871
-0.1239
-0.0886
-0.1199
-0.1667
-0.2184
-0.2326
-0.2119
-0.1458
-0.0722
0.0069
0.0559
0.0775
0.0693
0.0386
0.0113
-0.0047
0.0079
0.0393
0.0895
0.1332
0.1956
0.2340
0.2954
0.3107
0.3222
0.2802
0.2260
0.1579
0.1030
0.0757
0.0755
0.1050
0.1451
0.1902
0.2227
0.2464
0.2526
0.2625
0.2708
0.3026
0.3401
0.3816
0.4077
0.4051
0.3864
0.3449
0.3082
0.2616
0.2314
0.1945
0.1916
0.1882
0.2350
0.2796
0.3572
0.4117
0.4482
0.4450
0.4015
0.3452
0.2761
0.2201
0.1681
0.1303
0.1069
0.1031
0.1204
0.1425
0.1767
0.1856
0.2042
0.1841
0.1786
0.1428
0.1253
0.1097
0.1230
0.1715
0.2251
0.2883
0.3041
0.3161
0.2987
0.3093
0.3120
0.3238
0.3071
0.2780
0.2297
0.1872
0.1429
0.1177
0.0977
0.0987
0.1041
0.1110
0.1062
0.0883
0.0605
0.0415
0.0286
0.0420
0.0578
0.0949
0.1201
0.1563
0.1624
0.1664
0.1298
0.0908
0.0307
-0.0130
-0.0459
-0.0567
-0.0583
-0.0665
-0.0819
-0.1145
-0.1332
-0.1552
-0.1467
-0.1478
-0.1244
-0.1075
-0.0699
-0.0303
0.0030
0.0302
0.0335
0.0432
0.0444
0.0592
0.0686
0.0810
0.0958
0.1099
0.1346
0.1384
0.1479
0.1261
0.1207
0.0977
0.0982
0.0874
0.0934
0.0891
0.0921
0.0822
0.0647
0.0239
-0.0244
-0.0842
-0.1158
-0.1347
-0.1250
-0.1172
-0.1170
-0.1135
-0.1060
-0.0717
-0.0237
0.0263
0.0731
0.0986
0.1154
0.1100
0.0905
0.0519
0.0121
-0.0202
-0.0224
0.0000
0.0383
0.0802
0.1053
0.1355
0.1592
0.2056
0.2464
0.2897
0.3114
0.3219
0.3292
0.3338
0.3531
0.3617
0.3706
0.3618
0.3441
0.3283
0.3129
0.3131
0.3106
0.3165
0.3183
0.3297
0.3430
0.3595
0.3659
0.3625
0.3383
0.3102
0.2646
0.2312
0.2019
0.1990
0.2166
0.2425
0.2763
0.3014
0.3385
0.3791
0.4333
0.4811
0.5116
0.5182
0.4870
0.4439
0.3764
0.3325
0.2973
0.2953
0.2920
0.2758
0.2314
0.1667
0.1010
0.0487
0.0158
0.0026
0.0149
0.0454
0.1060
0.1634
0.2279
0.2652
0.2985
0.3190
0.3462
0.3746
0.3983
0.4109
0.4088
0.4064
0.4115
0.4294
0.4516
0.4577
0.4445
0.4008
0.3506
0.2984
0.2667
0.2537
0.2490
0.2464
0.2197
0.1922
0.1494
0.1341
0.1185
0.1231
0.1025
0.0768
0.0269
-0.0035
-0.0241
-0.0088
0.0043
0.0302
0.0326
0.0521
0.0525
0.0663
0.0402
-0.0020
-0.0813
-0.1626
-0.2338
-0.2818
-0.2972
-0.2892
-0.2562
-0.2148
-0.1706
-0.1370
-0.1104
-0.0965
-0.0824
-0.0782
-0.0708
-0.0668
-0.0535
-0.0286
0.0012
0.0411
0.0631
0.0937
0.1033
0.1340
0.1451
0.1658
0.1546
0.1369
0.0988
0.0586
0.0154
-0.0271
-0.0733
-0.1042
-0.1406
-0.1375
-0.1490
-0.1245
-0.1298
-0.1225
-0.1452
-0.1691
-0.2028
-0.2341
-0.2461
-0.2542
-0.2277
-0.2188
-0.1877
-0.2026
-0.2046
-0.2405
-0.2450
-0.2524
-0.2272
-0.2027
-0.1719
-0.1562
-0.1599
-0.1804
-0.2142
-0.2395
-0.2639
-0.2831
-0.3195
-0.3636
-0.4069
-0.4326
-0.4245
-0.4038
-0.3603
-0.3303
-0.2921
-0.2792
-0.2700
-0.2896
-0.3025
-0.3188
-0.3002
-0.2777
-0.2348
-0.2124
-0.1912
-0.1820
-0.1751
-0.1645
-0.1733
-0.1692
-0.1777
-0.1389
-0.0943
-0.0103
0.0491
0.1066
0.1251
0.1395
0.1288
0.1214
0.0995
0.0868
0.0705
0.0521
0.0289
-0.0071
-0.0257
-0.0302
-0.0020
0.0402
0.0701
0.0913
0.0818
0.0992
0.1277
0.2121
0.3010
0.3974
0.4437
0.4524
0.3978
0.3289
0.2444
0.1962
0.1686
0.1699
0.1746
0.1653
0.1512
0.1105
0.0928
0.0580
0.0713
0.0656
0.1027
0.1102
0.1418
0.1473
0.1665
0.1706
0.1767
0.1670
0.1462
0.1195
0.0911
0.0857
0.0792
0.0983
0.0841
0.0771
0.0157
-0.0410
-0.1272
-0.1831
-0.2228
-0.2261
-0.2162
-0.2066
-0.2073
-0.2202
-0.2311
-0.2348
-0.2177
-0.1886
-0.1447
-0.1111
-0.0838
-0.0824
-0.0865
-0.0962
-0.0964
-0.0754
-0.0507
0.0009
0.0354
0.0848
0.1095
0.1294
0.1315
0.1118
0.0876
0.0450
0.0043
-0.0508
-0.1131
-0.1851
-0.2429
-0.2896
-0.2891
-0.2975
-0.2797
-0.3094
-0.3202
-0.3434
-0.3203
-0.2778
-0.2200
-0.1677
-0.1436
-0.1276
-0.1388
-0.1471
-0.1721
-0.1933
-0.2151
-0.2227
-0.2244
-0.2038
-0.1989
-0.1768
-0.1966
-0.2040
-0.2480
-0.2688
-0.3050
-0.3175
-0.3447
-0.3607
-0.3869
-0.4035
-0.4120
-0.4115
-0.4014
-0.4016
-0.4165
-0.4607
-0.5245
-0.5994
-0.6637
-0.7097
-0.7256
-0.7315
-0.7324
-0.7725
-0.8356
-0.9441
-1.0284
-1.1044
-1.1068
-1.0971
-1.0468
-1.0296
-1.0152
-1.0397
-1.0534
-1.0735
-1.0577
-1.0447
-1.0074
-0.9939
-0.9733
-0.9938
-1.0196
-1.0958
-1.1600
-1.2370
-1.2611
-1.2695
-1.2451
-1.2289
-1.2087
-1.1961
-1.1611
-1.1323
-1.0844
-1.0670
-1.0494
-1.0515
-1.0543
-1.0453
-1.0430
-1.0202
-1.0107
-0.9857
-0.9694
-0.9444
-0.9252
-0.9064
-0.8949
-0.8904
-0.8869
-0.8889
-0.8844
-0.8870
-0.8951
-0.9208
-0.9620
-1.0095
-1.0384
-1.0311
-0.9794
-0.9000
-0.8360
-0.7991
-0.8164
-0.8463
-0.8827
-0.8958
-0.8937
-0.8870
-0.8827
-0.8943
-0.9044
-0.9216
-0.9172
-0.9000
-0.8499
-0.7798
-0.6887
-0.5955
-0.5031
-0.4391
-0.4023
-0.4234
-0.4701
-0.5378
-0.5617
-0.5512
-0.4841
-0.4250
-0.3682
-0.3624
-0.3727
-0.4208
-0.4686
-0.5337
-0.5845
-0.6416
-0.6774
-0.7090
-0.7131
-0.7028
-0.6764
-0.6476
-0.6122
-0.5691
-0.4978
-0.4048
