1.53528276
1.45827050
1.41002576
1.39364539
1.36988822
1.35069745
1.32357264
1.31054532
1.29919374
1.28926035
1.29197075
1.28359495
1.27596935
1.26896033
1.26242258
1.25630872
1.25053297
1.24508722
1.23988007
1.23495469
1.23029866
1.22581729
1.22158043
1.21748857
1.21355846
1.20978267
1.20613335
1.18689421
1.18353906
1.18027063
1.17709809
1.15800312
1.15499032
1.15205671
1.14919505
1.13795421
1.13519253
1.13249186
1.12986567
1.10672945
1.10422455
1.10177515
1.09938687
1.09704091
1.09472981
1.08851346
1.14280511
1.21801828
1.21563184
1.21328022
1.21097243
1.20870870
1.20647568
1.20426868
1.20208807
1.19993394
1.19781236
1.19573347
1.19368540
1.19166461
1.18966741
1.16533479
1.16336363
1.16141886
1.15949176
1.15758196
1.15568910
1.15382017
1.15197735
1.15015243
1.14834878
1.14656219
1.14478994
1.14303178
1.14129234
