0.0649
0.1212
0.1739
0.2199
0.2578
0.2865
0.3063
0.3172
0.3198
0.3150
0.3045
0.2905
0.2760
0.2636
0.2556
0.2532
0.2566
0.2648
0.2765
0.2900
0.3039
0.3172
0.3295
0.3403
0.3493
0.3556
0.3582
0.3562
0.3500
0.3410
0.3320
0.3263
0.3267
0.3343
0.3482
0.3658
0.3833
0.3975
0.4067
0.4117
0.4156
0.4228
0.4375
0.4620
0.4959
0.5359
0.5764
0.6119
0.6378
0.6524
0.6566
0.6538
0.6480
0.6432
0.6411
0.6416
0.6428
0.6421
0.6378
0.6294
0.6188
0.6087
0.6028
0.6033
0.6114
0.6260
0.6453
0.6664
0.6868
0.7043
0.7175
0.7256
0.7275
0.7218
0.7070
0.6819
0.6459
0.6002
0.5478
0.4935
0.4430
0.4017
0.3735
0.3602
0.3610
0.3728
0.3913
0.4119
0.4307
0.4455
0.4554
0.4616
0.4661
0.4718
0.4814
0.4968
0.5189
0.5467
0.5779
0.6092
0.6366
0.6571
0.6687
0.6707
0.6637
0.6484
0.6253
0.5944
0.5559
0.5103
0.4600
0.4088
0.3615
0.3225
0.2950
0.2797
0.2755
0.2796
0.2893
0.3021
0.3164
0.3311
0.3452
0.3580
0.3687
0.3771
0.3830
0.3869
0.3894
0.3908
0.3918
0.3929
0.3954
0.4009
0.4114
0.4285
0.4530
0.4840
0.5195
0.5563
0.5909
0.6206
0.6440
0.6612
0.6738
0.6843
0.6958
0.7109
0.7318
0.7595
0.7940
0.8344
0.8787
0.9243
0.9687
1.0091
1.0435
1.0707
1.0908
1.1046
1.1139
1.1202
1.1248
1.1280
1.1295
1.1285
1.1244
1.1172
1.1077
1.0971
1.0866
1.0765
1.0665
1.0550
1.0407
1.0224
1.0002
0.9752
0.9492
0.9243
0.9024
0.8847
0.8718
0.8637
0.8594
0.8577
0.8566
0.8538
0.8469
0.8344
0.8155
0.7909
0.7623
0.7322
0.7030
0.6765
0.6531
0.6324
0.6128
0.5928
0.5712
0.5478
0.5236
0.5003
0.4800
0.4642
0.4534
0.4472
0.4448
0.4451
0.4479
0.4532
0.4611
0.4713
0.4823
0.4919
0.4975
0.4978
0.4928
0.4842
0.4751
0.4684
0.4657
0.4671
0.4705
0.4727
0.4702
0.4604
0.4420
0.4150
0.3807
0.3410
0.2980
0.2543
0.2129
0.1769
0.1494
0.1321
0.1249
0.1254
0.1295
0.1322
0.1292
0.1179
0.0974
0.0686
0.0331
-0.0073
-0.0512
-0.0972
-0.1438
-0.1894
-0.2326
-0.2723
-0.3077
-0.3389
-0.3657
-0.3886
-0.4075
-0.4229
-0.4352
-0.4451
-0.4534
-0.4614
-0.4701
-0.4807
-0.4944
-0.5124
-0.5359
-0.5652
-0.5997
-0.6379
-0.6772
-0.7153
-0.7503
-0.7821
-0.8118
-0.8414
-0.8724
-0.9050
-0.9374
-0.9658
-0.9859
-0.9942
-0.9889
-0.9708
-0.9421
-0.9061
-0.8657
-0.8231
-0.7792
-0.7346
-0.6888
-0.6415
-0.5919
-0.5394
-0.4834
-0.4244
-0.3635
-0.3031
-0.2456
-0.1932
-0.1469
-0.1069
-0.0722
-0.0415
-0.0139
0.0114
0.0345
0.0549
0.0719
0.0843
0.0912
0.0920
0.0870
0.0776
0.0665
0.0569
0.0519
0.0532
0.0608
0.0734
0.0886
0.1043
0.1192
0.1330
0.1461
0.1588
0.1715
0.1840
0.1964
0.2096
0.2247
0.2436
0.2675
0.2970
0.3313
0.3686
0.4062
0.4416
0.4729
0.4996
0.5225
0.5435
0.5650
0.5889
0.6157
0.6442
0.6717
0.6953
0.7124
0.7220
0.7244
0.7211
0.7140
0.7048
0.6946
0.6839
0.6727
0.6605
0.6471
0.6324
0.6173
0.6034
0.5932
0.5893
0.5936
0.6067
0.6268
0.6506
0.6738
0.6929
0.7059
0.7132
0.7171
0.7210
0.7273
0.7366
0.7477
0.7576
0.7635
0.7639
0.7591
0.7516
0.7449
0.7426
0.7469
0.7582
0.7746
0.7933
0.8106
0.8233
0.8298
0.8295
0.8235
0.8138
0.8021
0.7903
0.7791
0.7691
0.7602
0.7523
0.7454
0.7391
0.7330
0.7261
0.7175
0.7061
0.6911
0.6719
0.6485
0.6214
0.5918
0.5618
0.5342
0.5119
0.4971
0.4904
0.4905
0.4943
0.4982
0.4989
0.4953
0.4880
0.4793
0.4719
0.4674
0.4657
0.4653
0.4637
0.4589
0.4498
0.4369
0.4215
0.4061
0.3928
0.3831
0.3775
0.3755
0.3756
0.3761
0.3754
0.3726
0.3674
0.3602
0.3515
0.3415
0.3301
0.3171
0.3022
0.2860
0.2692
0.2532
0.2395
0.2296
0.2245
0.2244
0.2287
0.2358
0.2430
0.2475
0.2464
0.2377
0.2213
0.1991
0.1749
0.1537
0.1403
0.1379
0.1471
0.1654
0.1881
0.2094
0.2247
0.2308
0.2278
0.2173
0.2024
0.1860
0.1704
0.1566
0.1447
0.1340
0.1239
0.1141
0.1049
0.0974
0.0930
0.0934
0.0998
0.1130
0.1330
0.1593
0.1908
0.2266
0.2654
0.3057
0.3457
0.3834
0.4161
0.4417
0.4589
0.4677
0.4698
0.4677
0.4645
0.4626
0.4629
0.4653
0.4686
0.4715
0.4734
0.4743
0.4750
0.4763
0.4787
0.4821
0.4865
0.4917
0.4983
0.5072
0.5197
0.5361
0.5563
0.5788
0.6017
0.6226
0.6398
0.6524
0.6601
0.6637
0.6640
0.6622
0.6595
0.6573
0.6571
0.6608
0.6700
0.6855
0.7070
0.7325
0.7591
0.7836
0.8034
0.8176
0.8268
0.8331
0.8384
0.8442
0.8501
0.8548
0.8557
0.8507
0.8387
0.8197
0.7953
0.7678
0.7397
0.7133
0.6904
0.6717
0.6572
0.6459
0.6365
0.6276
0.6183
0.6081
0.5975
0.5877
0.5799
0.5754
0.5746
0.5770
0.5820
0.5881
0.5943
0.5997
0.6043
0.6079
0.6106
0.6126
0.6141
0.6152
0.6163
0.6182
0.6217
0.6278
0.6372
0.6503
0.6668
0.6855
0.7050
0.7234
0.7388
0.7499
0.7566
0.7598
0.7618
0.7652
0.7728
0.7861
0.8050
0.8274
0.8505
0.8712
0.8878
0.8994
0.9071
0.9122
0.9161
0.9198
0.9230
0.9251
0.9253
0.9237
0.9210
0.9185
0.9175
0.9185
0.9208
0.9228
0.9221
0.9169
0.9064
0.8911
0.8726
0.8528
0.8333
0.8150
0.7975
0.7801
0.7618
0.7419
0.7207
0.6995
0.6801
0.6647
0.6551
0.6523
0.6560
0.6645
0.6749
0.6837
0.6871
0.6818
0.6648
0.6340
0.5882
0.5276
0.4540
0.3711
0.2840
0.1992
0.1226
0.0598
0.0140
-0.0129
-0.0213
-0.0129
0.0091
0.0408
0.0777
0.1153
0.1496
0.1783
0.2011
0.2192
0.2352
0.2515
0.2697
0.2894
0.3096
0.3281
0.3436
0.3553
0.3641
0.3713
0.3787
0.3875
0.3985
0.4118
0.4273
0.4447
0.4637
0.4841
0.5048
0.5248
0.5430
0.5587
0.5724
0.5858
0.6010
0.6199
0.6428
0.6686
0.6948
0.7185
0.7369
0.7483
0.7523
0.7492
0.7404
0.7273
0.7115
0.6945
0.6777
0.6614
0.6456
0.6292
0.6109
0.5892
0.5635
0.5336
0.5005
0.4653
0.4295
0.3943
0.3610
0.3300
0.3020
0.2772
0.2558
0.2384
0.2258
0.2190
0.2183
0.2227
0.2298
0.2361
0.2373
0.2298
0.2113
0.1816
0.1421
0.0963
0.0489
0.0053
-0.0293
-0.0507
-0.0570
-0.0490
-0.0303
-0.0062
0.0169
0.0340
0.0414
0.0382
0.0253
0.0056
-0.0171
-0.0390
-0.0568
-0.0684
-0.0728
-0.0705
-0.0623
-0.0496
-0.0334
-0.0145
0.0063
0.0276
0.0474
0.0635
0.0731
0.0747
0.0679
0.0536
0.0337
0.0103
-0.0148
-0.0402
-0.0648
-0.0873
-0.1067
-0.1218
-0.1319
-0.1368
-0.1372
-0.1342
-0.1294
-0.1242
-0.1199
-0.1176
-0.1179
-0.1210
-0.1261
-0.1320
-0.1370
-0.1391
-0.1364
-0.1281
-0.1145
-0.0971
-0.0787
-0.0627
-0.0519
-0.0483
-0.0516
-0.0595
-0.0683
-0.0737
-0.0722
-0.0625
-0.0455
-0.0247
-0.0047
0.0095
0.0141
0.0069
-0.0115
-0.0390
-0.0714
-0.1044
-0.1341
-0.1582
-0.1766
-0.1913
-0.2055
-0.2229
-0.2461
-0.2764
-0.3132
-0.3544
-0.3972
-0.4385
-0.4757
-0.5069
-0.5313
-0.5485
-0.5594
-0.5649
-0.5663
-0.5648
-0.5612
-0.5556
-0.5478
-0.5367
-0.5217
-0.5028
-0.4811
-0.4583
-0.4360
-0.4154
-0.3958
-0.3756
-0.3524
-0.3243
-0.2905
-0.2520
-0.2105
-0.1685
-0.1273
-0.0872
-0.0466
-0.0033
0.0453
0.1007
0.1632
0.2318
0.3042
0.3779
0.4502
0.5184
0.5798
0.6323
0.6742
0.7051
0.7260
0.7391
0.7472
0.7531
0.7590
0.7657
0.7734
0.7818
0.7910
0.8015
0.8142
0.8298
0.8483
0.8686
0.8882
0.9041
0.9134
0.9139
0.9049
0.8867
0.8610
0.8293
0.7937
0.7556
0.7169
0.6786
0.6424
0.6093
0.5802
0.5553
0.5344
0.5164
0.5001
0.4842
0.4677
0.4505
0.4332
0.4171
0.4037
0.3939
0.3879
0.3844
0.3811
0.3752
0.3641
0.3463
0.3222
0.2938
0.2650
0.2404
0.2251
0.2229
0.2364
0.2657
0.3089
0.3622
0.4205
0.4788
0.5326
0.5785
0.6150
0.6416
0.6599
0.6718
0.6806
0.6888
0.6984
0.7095
0.7204
0.7279
0.7284
0.7191
0.6996
0.6719
0.6400
0.6091
0.5835
0.5658
0.5561
0.5529
0.5534
0.5552
0.5573
0.5598
0.5640
0.5717
0.5838
0.6001
0.6187
0.6367
0.6501
0.6559
0.6520
0.6388
0.6182
0.5938
0.5696
0.5491
0.5347
0.5272
0.5265
0.5315
0.5410
0.5534
0.5671
0.5801
0.5901
0.5949
0.5932
0.5847
0.5709
0.5542
0.5377
0.5238
0.5142
0.5097
0.5110
0.5186
0.5340
0.5578
0.5905
0.6302
0.6737
0.7160
0.7517
0.7761
0.7865
0.7823
0.7653
0.7385
0.7053
0.6686
0.6306
0.5928
0.5568
0.5244
0.4979
0.4800
0.4731
0.4781
0.4942
0.5183
0.5461
0.5723
0.5924
0.6036
0.6054
0.5992
0.5883
0.5759
0.5651
0.5577
0.5546
0.5556
0.5604
0.5684
0.5792
0.5919
0.6061
0.6210
0.6361
0.6505
0.6635
0.6736
0.6791
0.6783
0.6697
0.6528
0.6285
0.5992
0.5684
0.5405
0.5196
0.5088
0.5087
0.5177
0.5318
0.5465
0.5579
0.5646
0.5679
0.5707
0.5756
0.5845
0.5963
0.6087
0.6179
0.6212
0.6163
0.6029
0.5813
0.5533
0.5209
0.4867
0.4539
0.4256
0.4041
0.3908
0.3855
0.3867
0.3921
0.3987
0.4039
0.4051
0.4002
0.3873
0.3664
0.3381
0.3052
0.2711
0.2394
0.2121
0.1895
0.1697
0.1501
0.1287
0.1048
0.0797
0.0559
0.0360
0.0210
0.0103
0.0013
-0.0088
-0.0224
-0.0398
-0.0590
-0.0766
-0.0884
-0.0913
-0.0838
-0.0668
-0.0431
-0.0163
0.0101
0.0337
0.0536
0.0704
0.0857
0.1015
0.1198
0.1419
0.1679
0.1966
0.2257
0.2520
0.2718
0.2817
0.2797
0.2653
0.2405
0.2089
0.1756
0.1461
0.1253
0.1165
0.1213
0.1387
0.1655
0.1973
0.2289
0.2553
0.2735
0.2823
0.2834
0.2798
0.2761
0.2766
0.2844
0.3007
0.3247
0.3537
0.3837
0.4112
0.4334
0.4498
0.4615
0.4716
0.4837
0.5013
0.5263
0.5591
0.5980
0.6400
0.6807
0.7153
0.7397
0.7509
0.7480
0.7323
0.7077
0.6786
0.6502
0.6260
0.6080
0.5958
0.5874
0.5793
0.5683
0.5522
0.5304
0.5045
0.4772
0.4523
0.4328
0.4209
0.4174
0.4212
0.4303
0.4413
0.4504
0.4537
0.4485
0.4332
0.4079
0.3743
0.3351
0.2928
0.2502
0.2089
0.1701
0.1344
0.1022
0.0737
0.0487
0.0267
0.0068
-0.0125
-0.0327
-0.0553
-0.0812
-0.1106
-0.1426
-0.1754
-0.2062
-0.2324
-0.2512
-0.2607
-0.2594
-0.2463
-0.2214
-0.1856
-0.1409
-0.0912
-0.0412
0.0033
0.0369
0.0554
0.0568
0.0416
0.0127
-0.0253
-0.0664
-0.1049
-0.1357
-0.1547
-0.1595
-0.1494
-0.1249
-0.0879
-0.0410
0.0125
0.0688
0.1244
0.1759
0.2211
0.2593
0.2919
0.3213
0.3513
0.3850
0.4243
0.4685
0.5152
0.5602
0.5997
0.6312
0.6548
0.6726
0.6881
0.7042
0.7225
0.7426
0.7625
0.7796
0.7913
0.7960
0.7930
0.7828
0.7663
0.7453
0.7223
0.7001
0.6816
0.6692
0.6642
0.6666
0.6748
0.6868
0.7000
0.7123
0.7225
0.7304
0.7364
0.7412
0.7455
0.7495
0.7534
0.7573
0.7611
0.7647
0.7680
0.7706
0.7718
0.7710
0.7673
0.7598
0.7474
0.7288
0.7030
0.6693
0.6280
0.5808
0.5301
0.4792
0.4313
0.3887
0.3529
0.3243
0.3026
0.2867
0.2747
0.2647
0.2543
0.2417
0.2252
0.2040
0.1778
0.1467
0.1112
0.0722
0.0304
-0.0127
-0.0553
-0.0948
-0.1289
-0.1553
-0.1731
-0.1826
-0.1858
-0.1854
-0.1846
-0.1855
-0.1894
-0.1963
-0.2056
-0.2164
-0.2286
-0.2424
-0.2585
-0.2775
-0.3000
-0.3255
-0.3533
-0.3819
-0.4097
-0.4348
-0.4561
-0.4726
-0.4835
-0.4882
-0.4863
-0.4771
-0.4602
-0.4356
-0.4042
-0.3678
-0.3286
-0.2892
-0.2519
-0.2180
-0.1880
-0.1617
-0.1381
-0.1164
-0.0959
-0.0763
-0.0571
-0.0380
-0.0180
0.0040
0.0289
0.0573
0.0887
0.1210
0.1512
0.1756
0.1911
0.1964
0.1926
0.1834
0.1741
0.1703
0.1762
0.1933
0.2198
0.2511
0.2806
0.3016
0.3087
0.2993
0.2741
0.2371
0.1945
0.1528
0.1175
0.0911
0.0734
0.0618
0.0532
0.0451
0.0373
0.0311
0.0293
0.0347
0.0486
0.0702
0.0969
0.1245
0.1487
0.1659
0.1737
0.1713
0.1594
0.1401
0.1167
0.0936
0.0750
0.0653
0.0670
0.0812
0.1057
0.1371
0.1700
0.1998
0.2226
0.2369
0.2430
0.2434
0.2417
0.2419
0.2478
0.2621
0.2862
0.3198
0.3616
0.4091
0.4595
0.5097
0.5564
0.5969
0.6290
0.6516
0.6648
0.6696
0.6678
0.6610
0.6500
0.6357
0.6180
0.5975
0.5751
0.5523
0.5305
0.5109
0.4935
0.4781
0.4641
0.4512
0.4400
0.4314
0.4265
0.4255
0.4277
0.4314
0.4347
0.4366
0.4369
0.4367
0.4374
0.4402
0.4448
0.4501
0.4545
0.4569
0.4572
0.4565
0.4558
0.4558
0.4550
0.4510
0.4411
0.4240
0.4011
0.3766
0.3561
0.3445
0.3442
0.3537
0.3686
0.3830
0.3918
0.3918
0.3825
0.3653
0.3429
0.3174
0.2909
0.2651
0.2417
0.2229
0.2110
0.2078
0.2137
0.2267
0.2434
0.2589
0.2687
0.2694
0.2599
0.2411
0.2161
0.1889
0.1639
0.1446
0.1332
0.1299
0.1330
0.1396
0.1460
0.1490
0.1466
0.1384
0.1253
0.1096
0.0936
0.0794
0.0687
0.0634
0.0645
0.0736
0.0911
0.1165
0.1472
0.1790
0.2066
0.2250
0.2307
0.2229
0.2036
0.1773
0.1495
0.1253
0.1085
0.1007
0.1009
0.1060
0.1119
0.1143
0.1098
0.0969
0.0762
0.0500
0.0218
-0.0048
-0.0273
-0.0448
-0.0581
-0.0693
-0.0810
-0.0953
-0.1126
-0.1320
-0.1509
-0.1666
-0.1767
-0.1804
-0.1783
-0.1726
-0.1660
-0.1615
-0.1614
-0.1671
-0.1794
-0.1980
-0.2221
-0.2495
-0.2777
-0.3033
-0.3232
-0.3354
-0.3397
-0.3379
-0.3338
-0.3316
-0.3344
-0.3435
-0.3572
-0.3723
-0.3848
-0.3925
-0.3948
-0.3938
-0.3928
-0.3959
-0.4056
-0.4229
-0.4464
-0.4734
-0.5008
-0.5258
-0.5473
-0.5656
-0.5820
-0.5984
-0.6163
-0.6361
-0.6575
-0.6790
-0.6988
-0.7150
-0.7254
-0.7286
-0.7234
-0.7100
-0.6892
-0.6633
-0.6350
-0.6072
-0.5826
-0.5631
-0.5499
-0.5432
-0.5432
-0.5494
-0.5613
-0.5785
-0.6005
-0.6269
-0.6570
-0.6901
-0.7249
-0.7595
-0.7916
-0.8185
-0.8382
-0.8494
-0.8523
-0.8485
-0.8406
-0.8317
-0.8244
-0.8198
-0.8172
-0.8146
-0.8089
-0.7974
-0.7782
-0.7512
-0.7176
-0.6798
-0.6401
-0.6008
-0.5631
-0.5281
-0.4957
-0.4654
-0.4360
-0.4057
-0.3728
-0.3360
-0.2951
-0.2508
-0.2045
-0.1574
-0.1098
-0.0610
-0.0095
0.0456
0.1045
0.1658
0.2268
0.2849
0.3377
0.3842
0.4244
0.4586
0.4873
0.5107
0.5289
0.5424
0.5525
0.5613
0.5708
0.5830
0.5988
0.6179
0.6392
0.6610
0.6819
0.7008
0.7173
0.7317
0.7446
0.7566
0.7681
0.7793
0.7897
0.7985
0.8046
0.8064
0.8028
0.7935
0.7794
0.7626
0.7463
0.7333
0.7252
0.7221
0.7221
0.7223
0.7200
0.7132
0.7016
0.6862
0.6689
0.6516
0.6362
0.6240
0.6160
0.6128
0.6138
0.6177
0.6224
0.6253
0.6250
0.6213
0.6166
0.6141
0.6176
0.6295
0.6499
0.6766
0.7058
0.7332
0.7558
0.7722
0.7833
0.7913
0.7989
0.8083
0.8205
0.8355
0.8520
0.8683
0.8828
0.8944
0.9024
0.9066
0.9069
0.9031
0.8955
0.8842
0.8707
0.8570
0.8462
0.8412
0.8441
0.8549
0.8718
0.8911
0.9084
0.9197
0.9222
0.9147
0.8976
0.8720
0.8393
0.8008
0.7577
0.7113
0.6630
0.6151
0.5701
0.5307
0.4987
0.4750
0.4582
0.4461
0.4357
0.4244
0.4104
0.3934
0.3736
0.3522
0.3301
0.3081
0.2875
0.2700
0.2578
0.2539
0.2611
0.2810
0.3138
0.3571
0.4067
0.4575
0.5044
0.5436
0.5737
0.5950
0.6095
0.6194
0.6266
0.6316
0.6338
0.6318
0.6243
0.6107
0.5919
0.5697
0.5474
0.5280
0.5146
0.5088
0.5108
0.5187
0.5296
0.5399
0.5469
0.5494
0.5482
0.5459
0.5455
0.5488
0.5561
0.5651
0.5725
0.5748
0.5700
0.5588
0.5438
0.5289
0.5171
0.5101
0.5074
0.5071
0.5069
0.5056
0.5030
0.5003
0.4988
0.4992
0.5009
0.5015
0.4985
0.4895
0.4743
0.4543
0.4328
0.4130
0.3973
0.3859
0.3773
0.3696
0.3611
0.3519
0.3430
0.3359
0.3306
0.3256
0.3179
0.3039
0.2812
0.2494
0.2103
0.1673
0.1246
0.0853
0.0514
0.0228
-0.0022
-0.0263
-0.0518
-0.0805
-0.1122
-0.1455
-0.1776
-0.2059
-0.2282
-0.2437
-0.2525
-0.2553
-0.2528
-0.2458
-0.2349
-0.2209
-0.2050
-0.1886
-0.1728
-0.1582
-0.1445
-0.1308
-0.1158
-0.0984
-0.0780
-0.0546
-0.0296
-0.0051
0.0158
0.0300
0.0351
0.0299
0.0150
-0.0072
-0.0333
-0.0590
-0.0804
-0.0941
-0.0983
-0.0920
-0.0766
-0.0548
-0.0313
-0.0121
-0.0028
-0.0084
-0.0315
-0.0721
-0.1279
-0.1948
-0.2681
-0.3432
-0.4164
-0.4844
-0.5450
-0.5968
-0.6395
-0.6738
-0.7019
-0.7271
-0.7525
-0.7812
-0.8145
-0.8522
-0.8925
-0.9326
-0.9697
-1.0013
-1.0263
-1.0445
-1.0566
-1.0635
-1.0668
-1.0676
-1.0671
-1.0658
-1.0642
-1.0619
-1.0586
-1.0532
-1.0447
-1.0318
-1.0135
-0.9892
-0.9592
-0.9246
-0.8873
-0.8493
-0.8127
-0.7786
-0.7477
-0.7203
-0.6962
-0.6754
-0.6577
-0.6429
-0.6298
-0.6166
-0.6006
-0.5783
-0.5474
-0.5066
-0.4575
-0.4032
-0.3487
-0.2976
-0.2525
-0.2134
-0.1786
-0.1452
-0.1110
-0.0747
-0.0367
0.0020
0.0395
0.0744
0.1061
0.1347
0.1614
0.1877
0.2150
0.2444
0.2759
0.3089
0.3425
0.3755
0.4069
0.4360
0.4619
0.4837
0.5003
0.5112
0.5163
0.5170
0.5150
0.5128
0.5121
0.5140
0.5187
0.5254
0.5329
0.5399
0.5454
0.5487
0.5498
0.5494
0.5485
0.5480
0.5485
0.5499
0.5513
0.5513
0.5486
0.5421
0.5315
0.5170
0.4992
0.4794
0.4593
0.4406
0.4250
0.4140
0.4079
0.4063
0.4079
0.4113
0.4152
0.4190
0.4226
0.4264
0.4310
0.4363
0.4416
0.4452
0.4455
0.4409
0.4308
0.4156
0.3967
0.3761
0.3557
0.3368
0.3200
0.3049
0.2907
0.2766
0.2623
0.2474
0.2320
0.2163
0.2003
0.1839
0.1672
0.1504
0.1333
0.1158
0.0973
0.0766
0.0529
0.0252
-0.0070
-0.0439
-0.0849
-0.1288
-0.1736
-0.2165
-0.2543
-0.2840
-0.3040
-0.3144
-0.3176
-0.3174
-0.3179
-0.3227
-0.3335
-0.3505
-0.3725
-0.3975
-0.4231
-0.4469
-0.4664
-0.4799
-0.4863
-0.4859
-0.4801
-0.4712
-0.4618
-0.4537
-0.4481
-0.4448
-0.4429
-0.4412
-0.4386
-0.4344
-0.4284
-0.4209
-0.4123
-0.4029
-0.3925
-0.3806
-0.3666
-0.3499
-0.3308
-0.3098
-0.2876
-0.2646
-0.2408
-0.2155
-0.1879
-0.1577
-0.1257
-0.0940
-0.0658
-0.0445
-0.0324
-0.0302
-0.0364
-0.0483
-0.0622
-0.0749
-0.0842
-0.0894
-0.0912
-0.0910
-0.0905
-0.0907
-0.0917
-0.0928
-0.0931
-0.0920
-0.0902
-0.0901
-0.0958
-0.1116
-0.1419
-0.1885
-0.2507
-0.3248
-0.4048
-0.4840
-0.5564
-0.6177
-0.6658
-0.7001
-0.7210
-0.7292
-0.7256
-0.7112
-0.6878
-0.6580
-0.6251
-0.5925
-0.5626
-0.5370
-0.5155
-0.4972
-0.4807
-0.4650
-0.4494
-0.4340
-0.4195
-0.4066
-0.3965
-0.3897
-0.3870
-0.3886
-0.3942
-0.4031
-0.4141
-0.4255
-0.4355
-0.4423
-0.4446
-0.4415
-0.4326
-0.4178
-0.3972
-0.3715
-0.3416
-0.3094
-0.2777
-0.2496
-0.2289
-0.2182
-0.2190
-0.2304
-0.2492
-0.2703
-0.2881
-0.2978
-0.2969
-0.2857
-0.2679
-0.2485
-0.2337
-0.2285
-0.2362
-0.2572
-0.2894
-0.3282
-0.3672
-0.3999
-0.4211
-0.4280
-0.4212
-0.4039
-0.3811
-0.3575
-0.3364
-0.3190
-0.3047
-0.2924
-0.2806
-0.2688
-0.2570
-0.2460
-0.2361
-0.2280
-0.2213
-0.2157
-0.2099
-0.2030
-0.1935
-0.1808
-0.1646
-0.1453
-0.1233
-0.0996
-0.0744
-0.0479
-0.0199
0.0098
0.0411
0.0734
0.1057
0.1362
0.1636
0.1866
0.2047
0.2179
0.2270
0.2331
0.2380
0.2430
0.2496
0.2577
0.2669
0.2754
0.2814
0.2828
0.2786
0.2686
0.2536
0.2349
0.2147
0.1955
0.1802
0.1718
0.1724
0.1822
0.1995
0.2210
0.2421
0.2590
0.2690
0.2709
0.2647
0.2508
0.2300
0.2033
0.1724
0.1398
0.1086
0.0812
0.0585
0.0388
0.0187
-0.0062
-0.0386
-0.0793
-0.1258
-0.1736
-0.2177
-0.2540
-0.2808
-0.2985
-0.3096
-0.3171
-0.3241
-0.3326
-0.3437
-0.3575
-0.3732
-0.3893
-0.4041
-0.4158
-0.4230
-0.4253
-0.4227
-0.4163
-0.4069
-0.3955
-0.3825
-0.3680
-0.3518
-0.3342
-0.3155
-0.2963
-0.2776
-0.2602
-0.2451
-0.2330
-0.2244
-0.2190
-0.2164
-0.2160
-0.2170
-0.2193
-0.2231
-0.2293
-0.2389
-0.2526
-0.2708
-0.2932
-0.3185
-0.3447
-0.3691
-0.3890
-0.4025
-0.4085
-0.4076
-0.4011
-0.3905
-0.3767
-0.3600
-0.3399
-0.3164
-0.2906
-0.2651
-0.2439
-0.2311
-0.2296
-0.2398
-0.2593
-0.2837
-0.3080
-0.3282
-0.3421
-0.3498
-0.3523
-0.3511
-0.3468
-0.3390
-0.3266
-0.3082
-0.2834
-0.2531
-0.2194
-0.1857
-0.1555
-0.1321
-0.1173
-0.1112
-0.1125
-0.1185
-0.1272
-0.1368
-0.1474
-0.1597
-0.1753
-0.1951
-0.2194
-0.2464
-0.2739
-0.2988
-0.3184
-0.3310
-0.3365
-0.3356
-0.3303
-0.3231
-0.3164
-0.3119
-0.3104
-0.3113
-0.3135
-0.3150
-0.3149
-0.3131
-0.3110
-0.3106
-0.3144
-0.3232
-0.3368
-0.3530
-0.3693
-0.3822
-0.3899
-0.3910
-0.3855
-0.3740
-0.3580
-0.3392
-0.3201
-0.3036
-0.2931
-0.2916
-0.3011
-0.3216
-0.3513
-0.3867
-0.4238
-0.4587
-0.4883
-0.5108
-0.5255
-0.5326
-0.5327
-0.5270
-0.5165
-0.5025
-0.4860
-0.4678
-0.4486
-0.4291
-0.4103
-0.3932
-0.3794
-0.3701
-0.3666
-0.3694
-0.3785
-0.3936
-0.4142
-0.4399
-0.4697
-0.5025
-0.5368
-0.5706
-0.6024
-0.6309
-0.6557
-0.6770
-0.6958
-0.7139
-0.7328
-0.7541
-0.7784
-0.8052
-0.8330
-0.8593
-0.8816
-0.8978
-0.9074
-0.9108
-0.9096
-0.9061
-0.9025
-0.9006
-0.9014
-0.9045
-0.9089
-0.9123
-0.9126
-0.9074
-0.8952
-0.8754
-0.8489
-0.8176
-0.7846
-0.7537
-0.7284
-0.7111
-0.7025
-0.7011
-0.7042
-0.7087
-0.7115
-0.7110
-0.7062
-0.6964
-0.6804
-0.6571
-0.6246
-0.5825
-0.5313
-0.4735
-0.4124
-0.3516
-0.2939
-0.2412
-0.1945
-0.1541
-0.1201
-0.0925
-0.0710
-0.0544
-0.0414
-0.0305
-0.0206
-0.0118
-0.0050
-0.0013
-0.0021
-0.0082
-0.0198
-0.0365
-0.0575
-0.0819
-0.1086
-0.1360
-0.1624
-0.1860
-0.2059
-0.2212
-0.2324
-0.2397
-0.2440
-0.2459
-0.2464
-0.2465
-0.2480
-0.2524
-0.2611
-0.2747
-0.2928
-0.3136
-0.3350
-0.3548
-0.3716
-0.3854
-0.3970
-0.4078
-0.4189
-0.4309
-0.4431
-0.4543
-0.4628
-0.4675
-0.4680
-0.4651
-0.4604
-0.4567
-0.4563
-0.4617
-0.4741
-0.4940
-0.5199
-0.5495
-0.5790
-0.6045
-0.6226
-0.6316
-0.6316
-0.6249
-0.6149
-0.6051
-0.5975
-0.5929
-0.5898
-0.5860
-0.5792
-0.5680
-0.5525
-0.5346
-0.5170
-0.5028
-0.4946
-0.4936
-0.4996
-0.5111
-0.5258
-0.5413
-0.5553
-0.5665
-0.5741
-0.5782
-0.5793
-0.5784
-0.5768
-0.5754
-0.5743
-0.5730
-0.5701
-0.5635
-0.5517
-0.5335
-0.5092
-0.4801
-0.4487
-0.4177
-0.3898
-0.3669
-0.3500
-0.3385
-0.3309
-0.3246
-0.3173
-0.3067
-0.2918
-0.2729
-0.2510
-0.2276
-0.2045
-0.1827
-0.1628
-0.1444
-0.1265
-0.1076
-0.0859
-0.0600
-0.0298
0.0037
0.0372
0.0668
0.0888
0.1008
0.1032
0.0986
0.0910
0.0843
0.0809
0.0813
0.0843
0.0882
0.0913
0.0928
0.0926
0.0908
0.0871
0.0809
0.0712
0.0572
0.0388
0.0171
-0.0059
-0.0281
-0.0474
-0.0630
-0.0757
-0.0877
-0.1022
-0.1224
-0.1504
-0.1856
-0.2247
-0.2624
-0.2921
-0.3084
-0.3076
-0.2900
-0.2580
-0.2171
-0.1735
-0.1336
-0.1025
-0.0839
-0.0791
-0.0873
-0.1059
-0.1312
-0.1591
-0.1862
-0.2098
-0.2282
-0.2406
-0.2462
-0.2448
-0.2368
-0.2232
-0.2065
-0.1905
-0.1793
-0.1773
-0.1866
-0.2075
-0.2370
-0.2698
-0.2996
-0.3198
-0.3259
-0.3163
-0.2926
-0.2594
-0.2229
-0.1893
-0.1633
-0.1477
-0.1431
-0.1486
-0.1624
-0.1818
-0.2036
-0.2232
-0.2358
-0.2364
-0.2218
-0.1913
-0.1479
-0.0968
-0.0453
0.0005
0.0359
0.0597
0.0735
0.0809
0.0859
0.0920
0.1004
0.1113
0.1229
0.1340
0.1436
0.1524
0.1617
0.1737
0.1897
0.2106
0.2361
0.2654
0.2970
0.3295
0.3609
0.3898
0.4141
0.4321
0.4423
0.4432
0.4343
0.4156
0.3880
0.3531
0.3125
0.2681
0.2218
0.1750
0.1296
0.0870
0.0486
0.0156
-0.0110
-0.0301
-0.0406
-0.0415
-0.0322
-0.0133
0.0125
0.0410
0.0662
0.0823
0.0846
0.0708
0.0418
0.0015
-0.0452
-0.0928
-0.1379
-0.1785
-0.2156
-0.2513
-0.2885
-0.3295
-0.3751
-0.4243
-0.4741
-0.5202
-0.5579
-0.5834
-0.5954
-0.5952
-0.5870
-0.5762
-0.5676
-0.5644
-0.5668
-0.5731
-0.5804
-0.5863
-0.5893
-0.5891
-0.5860
-0.5808
-0.5738
-0.5653
-0.5558
-0.5461
-0.5374
-0.5311
-0.5290
-0.5322
-0.5419
-0.5586
-0.5825
-0.6134
-0.6507
-0.6933
-0.7394
-0.7866
-0.8311
-0.8683
-0.8932
-0.9018
-0.8920
-0.8648
-0.8243
-0.7773
-0.7310
-0.6919
-0.6642
-0.6490
-0.6448
-0.6479
-0.6541
-0.6585
-0.6576
-0.6484
-0.6301
-0.6029
-0.5687
-0.5300
-0.4901
-0.4514
-0.4155
-0.3827
-0.3519
-0.3211
-0.2878
-0.2497
-0.2054
-0.1556
-0.1030
-0.0517
-0.0066
0.0284
0.0514
0.0626
0.0644
0.0590
0.0485
0.0337
0.0152
-0.0059
-0.0270
-0.0440
-0.0525
-0.0496
-0.0348
-0.0109
0.0164
0.0407
0.0560
0.0587
0.0481
0.0264
-0.0026
-0.0343
-0.0641
-0.0887
-0.1053
-0.1126
-0.1099
-0.0976
-0.0765
-0.0485
-0.0156
0.0197
0.0548
0.0874
0.1158
0.1397
0.1599
0.1784
0.1976
0.2189
0.2421
0.2651
0.2844
0.2969
0.3011
0.2977
0.2900
0.2819
0.2772
0.2776
0.2831
0.2916
0.3004
0.3065
0.3080
0.3037
0.2944
0.2814
0.2676
0.2558
0.2486
0.2472
0.2512
0.2590
0.2676
0.2745
0.2782
0.2789
0.2783
0.2788
0.2828
0.2915
0.3042
0.3185
0.3310
0.3381
0.3377
0.3290
0.3133
0.2929
0.2707
0.2487
0.2281
0.2088
0.1898
0.1694
0.1463
0.1189
0.0869
0.0504
0.0102
-0.0324
-0.0760
-0.1195
-0.1621
-0.2039
-0.2449
-0.2854
-0.3256
-0.3654
-0.4045
-0.4427
-0.4800
-0.5162
-0.5515
-0.5853
-0.6167
-0.6441
-0.6655
-0.6790
-0.6838
-0.6796
-0.6681
-0.6519
-0.6344
-0.6189
-0.6077
-0.6017
-0.6004
-0.6015
-0.6029
-0.6024
-0.5991
-0.5931
-0.5857
-0.5786
-0.5733
-0.5709
-0.5719
-0.5770
-0.5863
-0.6005
-0.6201
-0.6454
-0.6759
-0.7105
-0.7475
-0.7847
-0.8203
-0.8527
-0.8811
-0.9047
-0.9235
-0.9375
-0.9473
-0.9536
-0.9578
-0.9609
-0.9643
-0.9689
-0.9754
-0.9844
-0.9966
-1.0121
-1.0311
-1.0532
-1.0776
-1.1030
-1.1281
-1.1519
-1.1737
-1.1930
-1.2099
-1.2244
-1.2367
-1.2468
-1.2549
-1.2609
-1.2652
-1.2680
-1.2701
-1.2718
-1.2739
-1.2771
-1.2821
-1.2900
-1.3021
-1.3195
-1.3432
-1.3730
-1.4080
-1.4462
-1.4851
-1.5225
-1.5567
-1.5868
-1.6129
-1.6354
-1.6552
-1.6727
-1.6881
-1.7008
-1.7103
-1.7159
-1.7169
-1.7129
-1.7037
-1.6896
-1.6712
-1.6498
-1.6275
-1.6068
-1.5910
-1.5828
-1.5845
-1.5970
-1.6198
-1.6512
-1.6887
-1.7297
-1.7715
-1.8122
-1.8501
-1.8844
-1.9150
-1.9423
-1.9672
-1.9906
-2.0132
-2.0346
-2.0537
-2.0691
-2.0790
-2.0826
-2.0801
-2.0730
-2.0640
-2.0561
-2.0520
-2.0532
-2.0599
-2.0709
-2.0840
-2.0966
-2.1063
-2.1114
-2.1110
-2.1052
-2.0944
-2.0796
-2.0619
-2.0419
-2.0200
-1.9960
-1.9695
-1.9401
-1.9073
-1.8709
-1.8311
-1.7876
-1.7407
-1.6903
-1.6372
-1.5826
-1.5287
-1.4776
-1.4308
-1.3888
-1.3503
-1.3126
-1.2728
-1.2281
-1.1775
-1.1215
-1.0624
-1.0030
-0.9463
-0.8942
-0.8474
-0.8056
-0.7677
-0.7320
-0.6972
-0.6618
-0.6247
-0.5853
-0.5435
-0.5004
-0.4583
-0.4203
-0.3900
-0.3706
-0.3645
-0.3724
-0.3933
-0.4244
-0.4619
-0.5019
-0.5408
-0.5768
-0.6095
-0.6404
-0.6717
-0.7054
-0.7422
-0.7807
-0.8179
-0.8497
-0.8719
-0.8816
-0.8774
-0.8600
-0.8314
-0.7947
-0.7537
-0.7124
-0.6748
-0.6441
-0.6224
-0.6098
-0.6048
-0.6047
-0.6067
-0.6089
-0.6105
-0.6119
-0.6142
-0.6183
-0.6245
-0.6319
-0.6397
-0.6466
-0.6518
-0.6546
-0.6547
-0.6519
-0.6461
-0.6377
-0.6277
-0.6175
-0.6087
-0.6023
-0.5989
-0.5984
-0.6005
-0.6048
-0.6118
-0.6220
-0.6361
-0.6539
-0.6740
-0.6934
-0.7088
-0.7169
-0.7158
-0.7054
-0.6880
-0.6675
-0.6482
-0.6340
-0.6274
-0.6297
-0.6406
-0.6593
-0.6845
-0.7152
-0.7502
-0.7885
-0.8285
-0.8684
-0.9054
-0.9365
-0.9582
-0.9673
-0.9613
-0.9388
-0.9000
-0.8467
-0.7827
-0.7134
-0.6452
-0.5850
-0.5387
-0.5105
-0.5018
-0.5106
-0.5328
-0.5621
-0.5923
-0.6177
-0.6347
-0.6424
-0.6426
-0.6396
-0.6392
-0.6470
-0.6676
-0.7024
-0.7499
-0.8054
-0.8631
-0.9166
-0.9611
-0.9939
-1.0146
-1.0243
-1.0248
-1.0181
-1.0053
-0.9873
-0.9646
-0.9378
-0.9079
-0.8765
-0.8452
-0.8159
-0.7903
-0.7701
-0.7562
-0.7486
-0.7462
-0.7471
-0.7482
-0.7465
-0.7389
-0.7235
-0.6993
-0.6674
-0.6299
-0.5907
-0.5544
-0.5260
-0.5097
-0.5082
-0.5221
-0.5495
-0.5866
-0.6283
-0.6697
-0.7064
-0.7359
-0.7568
-0.7693
-0.7741
-0.7722
-0.7643
-0.7503
-0.7300
-0.7027
-0.6682
-0.6274
-0.5822
-0.5361
-0.4932
-0.4573
-0.4311
-0.4150
-0.4068
-0.4025
-0.3972
-0.3868
-0.3694
-0.3454
-0.3176
-0.2903
-0.2675
-0.2524
-0.2467
-0.2506
-0.2634
-0.2834
-0.3080
-0.3336
-0.3556
-0.3691
-0.3699
-0.3560
-0.3288
-0.2922
-0.2524
-0.2153
-0.1851
-0.1631
-0.1478
-0.1370
-0.1288
-0.1234
-0.1228
-0.1289
-0.1423
-0.1607
-0.1791
-0.1914
-0.1929
-0.1817
-0.1592
-0.1295
-0.0977
-0.0682
-0.0447
-0.0287
-0.0212
-0.0215
-0.0286
-0.0401
-0.0529
-0.0632
-0.0674
-0.0630
-0.0486
-0.0251
0.0051
0.0384
0.0713
0.1011
0.1264
0.1473
0.1653
0.1814
0.1968
0.2110
0.2233
0.2323
0.2373
0.2384
0.2362
0.2318
0.2252
0.2154
0.2004
0.1777
0.1457
0.1046
0.0564
0.0053
-0.0445
-0.0891
-0.1270
-0.1588
-0.1873
-0.2164
-0.2496
-0.2896
-0.3368
-0.3902
-0.4468
-0.5034
-0.5564
-0.6032
-0.6418
-0.6713
-0.6917
-0.7035
-0.7078
-0.7061
-0.7002
-0.6921
-0.6832
-0.6745
-0.6664
-0.6589
-0.6520
-0.6461
-0.6417
-0.6400
-0.6421
-0.6486
-0.6601
-0.6762
-0.6963
-0.7193
-0.7434
-0.7672
-0.7888
-0.8065
-0.8187
-0.8239
-0.8214
-0.8113
-0.7950
-0.7753
-0.7562
-0.7421
-0.7374
-0.7451
-0.7662
-0.8000
-0.8431
-0.8905
-0.9356
-0.9714
-0.9917
-0.9923
-0.9723
-0.9343
-0.8846
-0.8313
-0.7829
-0.7460
-0.7240
-0.7168
-0.7210
-0.7313
-0.7417
-0.7472
-0.7436
-0.7293
-0.7045
-0.6713
-0.6336
-0.5956
-0.5613
-0.5334
-0.5130
-0.4994
-0.4911
-0.4863
-0.4833
-0.4815
-0.4803
-0.4794
-0.4777
-0.4739
-0.4658
-0.4517
-0.4304
-0.4021
-0.3684
-0.3320
-0.2967
-0.2665
-0.2452
-0.2357
-0.2390
-0.2540
-0.2767
-0.3013
-0.3206
-0.3282
-0.3198
-0.2951
-0.2573
-0.2125
-0.1681
-0.1304
-0.1032
-0.0865
-0.0773
-0.0702
-0.0599
-0.0418
-0.0139
0.0239
0.0690
0.1183
0.1684
0.2167
0.2613
0.3011
0.3351
0.3625
0.3819
0.3918
0.3908
0.3784
0.3553
0.3237
0.2874
0.2514
0.2207
0.2004
0.1933
0.2007
0.2210
0.2509
0.2853
0.3190
0.3469
0.3655
0.3729
0.3690
0.3552
0.3340
0.3080
0.2804
0.2542
0.2326
0.2184
0.2141
0.2208
0.2382
0.2638
0.2934
0.3220
0.3448
0.3586
0.3620
0.3560
0.3435
0.3283
0.3151
0.3079
0.3101
0.3229
0.3459
0.3756
0.4073
0.4351
0.4542
0.4616
0.4566
0.4409
0.4168
0.3871
0.3541
0.3200
0.2873
0.2589
0.2380
0.2275
0.2282
0.2387
0.2546
0.2705
0.2804
0.2804
0.2693
0.2491
0.2246
0.2014
0.1844
0.1765
0.1779
0.1862
0.1973
0.2065
0.2100
0.2052
0.1913
0.1682
0.1367
0.0970
0.0499
-0.0040
-0.0631
-0.1249
-0.1867
-0.2456
-0.2997
-0.3482
-0.3915
-0.4310
-0.4687
-0.5069
-0.5479
-0.5935
-0.6446
-0.7008
-0.7601
-0.8191
-0.8735
-0.9190
-0.9527
-0.9733
-0.9811
-0.9785
-0.9681
-0.9534
-0.9375
-0.9238
-0.9153
-0.9152
-0.9262
-0.9505
-0.9889
-1.0408
-1.1032
-1.1714
-1.2389
-1.2991
-1.3469
-1.3799
-1.3995
-1.4103
-1.4182
-1.4287
-1.4445
-1.4653
-1.4883
-1.5099
-1.5270
-1.5378
-1.5422
-1.5408
-1.5336
-1.5206
-1.5009
-1.4743
-1.4405
-1.4007
-1.3560
-1.3083
-1.2584
-1.2072
-1.1549
-1.1024
-1.0506
-1.0011
-0.9554
-0.9147
-0.8796
-0.8503
-0.8269
-0.8095
-0.7979
-0.7918
-0.7900
-0.7910
-0.7921
-0.7913
-0.7862
-0.7759
-0.7603
-0.7412
-0.7216
-0.7054
-0.6960
-0.6955
-0.7029
-0.7156
-0.7288
-0.7377
-0.7383
-0.7283
-0.7062
-0.6721
-0.6265
-0.5713
-0.5100
-0.4479
-0.3915
-0.3473
-0.3200
-0.3114
-0.3191
-0.3380
-0.3607
-0.3808
-0.3934
-0.3974
-0.3937
-0.3856
-0.3758
-0.3657
-0.3546
-0.3405
-0.3210
-0.2950
-0.2631
-0.2280
-0.1933
-0.1629
-0.1395
-0.1245
-0.1177
-0.1176
-0.1215
-0.1265
-0.1296
-0.1285
-0.1216
-0.1089
-0.0919
-0.0732
-0.0562
-0.0441
-0.0386
-0.0399
-0.0459
-0.0531
-0.0572
-0.0546
-0.0439
-0.0262
-0.0052
0.0138
0.0254
0.0263
0.0157
-0.0035
-0.0264
-0.0468
-0.0602
-0.0639
-0.0589
-0.0485
-0.0380
-0.0327
-0.0367
-0.0521
-0.0788
-0.1146
-0.1565
-0.2006
-0.2437
-0.2823
-0.3138
-0.3355
-0.3461
-0.3451
-0.3338
-0.3157
-0.2954
-0.2784
-0.2694
-0.2710
-0.2831
-0.3032
-0.3266
-0.3486
-0.3654
-0.3754
-0.3788
-0.3770
-0.3713
-0.3621
-0.3492
-0.3323
-0.3117
-0.2891
-0.2672
-0.2491
-0.2367
-0.2309
-0.2311
-0.2361
-0.2444
-0.2552
-0.2678
-0.2819
-0.2969
-0.3123
-0.3274
-0.3418
-0.3552
-0.3679
-0.3791
-0.3880
-0.3924
-0.3898
-0.3779
-0.3561
-0.3256
-0.2904
-0.2558
-0.2272
-0.2083
-0.1995
-0.1983
-0.2001
-0.2000
-0.1944
-0.1825
-0.1655
-0.1464
-0.1281
-0.1130
-0.1020
-0.0954
-0.0925
-0.0929
-0.0958
-0.1007
-0.1065
-0.1122
-0.1164
-0.1182
-0.1173
-0.1137
-0.1078
-0.0995
-0.0883
-0.0726
-0.0513
-0.0240
0.0080
0.0418
0.0731
0.0978
0.1136
0.1204
0.1207
0.1184
0.1173
0.1208
0.1305
0.1471
0.1702
0.1991
0.2321
0.2671
0.3012
0.3312
0.3545
0.3691
0.3748
0.3721
0.3627
0.3488
0.3329
0.3172
0.3039
0.2945
0.2895
0.2891
0.2931
0.3018
0.3161
0.3372
0.3659
0.4020
0.4437
0.4875
0.5290
0.5642
0.5901
0.6058
0.6123
0.6118
0.6074
0.6021
0.5985
0.5989
0.6057
0.6205
0.6447
0.6784
0.7200
0.7663
0.8123
0.8534
0.8854
0.9065
0.9174
0.9204
0.9187
0.9145
0.9088
0.9008
0.8888
0.8715
0.8490
0.8232
0.7974
0.7759
0.7620
0.7578
0.7634
0.7767
0.7950
0.8149
0.8336
0.8490
0.8592
0.8624
0.8569
0.8416
0.8163
0.7825
0.7434
0.7030
0.6656
0.6340
0.6087
0.5883
0.5695
0.5487
0.5234
0.4931
0.4599
0.4276
0.4010
0.3831
0.3751
0.3747
0.3777
0.3791
0.3753
0.3650
0.3498
0.3335
0.3204
0.3141
0.3163
0.3260
0.3410
0.3575
0.3726
0.3840
0.3912
0.3950
0.3967
0.3972
0.3965
0.3933
0.3849
0.3690
0.3435
0.3076
0.2616
0.2071
0.1460
0.0808
0.0145
-0.0495
-0.1075
-0.1555
-0.1903
-0.2106
-0.2167
-0.2112
-0.1974
-0.1792
-0.1590
-0.1381
-0.1168
-0.0948
-0.0715
-0.0469
-0.0213
0.0047
0.0302
0.0545
0.0771
0.0975
0.1158
0.1325
0.1482
0.1639
0.1806
0.1993
0.2202
0.2428
0.2652
0.2848
0.2985
0.3037
0.2991
0.2854
0.2651
0.2414
0.2178
0.1966
0.1786
0.1634
0.1502
0.1381
0.1275
0.1187
0.1126
0.1091
0.1076
0.1068
0.1054
0.1026
0.0985
0.0937
0.0897
0.0870
0.0860
0.0861
0.0863
0.0852
0.0821
0.0769
0.0707
0.0650
0.0614
0.0609
0.0640
0.0696
0.0763
0.0825
0.0873
0.0902
0.0915
0.0920
0.0923
0.0928
0.0935
0.0940
0.0938
0.0922
0.0887
0.0828
0.0746
0.0643
0.0525
0.0404
0.0294
0.0206
0.0153
0.0144
0.0184
0.0271
0.0398
0.0556
0.0733
0.0922
0.1119
0.1326
0.1547
0.1789
0.2054
0.2342
0.2648
0.2960
0.3268
0.3558
0.3821
0.4059
0.4280
0.4504
0.4754
0.5054
0.5417
0.5841
0.6306
0.6772
0.7192
0.7519
0.7722
0.7793
0.7747
0.7622
0.7458
0.7295
0.7155
0.7047
0.6965
0.6895
0.6821
0.6734
0.6630
0.6513
0.6392
0.6279
0.6182
0.6108
0.6057
0.6029
0.6016
0.6018
0.6032
0.6061
0.6104
0.6165
0.6240
0.6321
0.6393
0.6436
0.6428
0.6353
0.6203
0.5987
0.5727
0.5458
0.5215
0.5029
0.4919
0.4888
0.4931
0.5034
0.5179
0.5351
0.5529
0.5696
0.5829
0.5910
0.5924
0.5868
0.5750
0.5588
0.5405
0.5223
0.5056
0.4909
0.4781
0.4665
0.4557
0.4453
0.4353
0.4258
0.4168
0.4075
0.3973
0.3849
0.3691
0.3485
0.3225
0.2910
0.2554
0.2179
0.1818
0.1503
0.1268
0.1127
0.1084
0.1121
0.1210
0.1319
0.1420
0.1500
0.1565
0.1629
0.1712
0.1828
0.1977
0.2149
0.2323
0.2477
0.2585
0.2625
0.2573
0.2418
0.2153
0.1792
0.1359
0.0892
0.0423
-0.0020
-0.0424
-0.0780
-0.1082
-0.1319
-0.1474
-0.1536
-0.1503
-0.1394
-0.1249
-0.1120
-0.1060
-0.1111
-0.1289
-0.1584
-0.1962
-0.2373
-0.2764
-0.3091
-0.3326
-0.3462
-0.3513
-0.3503
-0.3464
-0.3421
-0.3390
-0.3375
-0.3377
-0.3395
-0.3435
-0.3504
-0.3609
-0.3747
-0.3908
-0.4068
-0.4206
-0.4299
-0.4338
-0.4317
-0.4246
-0.4138
-0.4013
-0.3891
-0.3793
-0.3729
-0.3702
-0.3693
-0.3674
-0.3608
-0.3464
-0.3223
-0.2899
-0.2523
-0.2151
-0.1831
-0.1604
-0.1480
-0.1450
-0.1484
-0.1546
-0.1606
-0.1649
-0.1670
-0.1679
-0.1693
-0.1729
-0.1800
-0.1907
-0.2043
-0.2191
-0.2332
-0.2454
-0.2555
-0.2653
-0.2775
-0.2950
-0.3200
-0.3527
-0.3915
-0.4335
-0.4753
-0.5139
-0.5466
-0.5714
-0.5858
-0.5881
-0.5767
-0.5516
-0.5146
-0.4693
-0.4209
-0.3744
-0.3342
-0.3032
-0.2821
-0.2699
-0.2645
-0.2627
-0.2616
-0.2585
-0.2516
-0.2400
-0.2239
-0.2044
-0.1834
-0.1629
-0.1450
-0.1310
-0.1208
-0.1132
-0.1064
-0.0987
-0.0895
-0.0804
-0.0739
-0.0731
-0.0795
-0.0928
-0.1105
-0.1294
-0.1465
-0.1609
-0.1734
-0.1853
-0.1979
-0.2105
-0.2206
-0.2250
-0.2207
-0.2070
-0.1853
-0.1592
-0.1328
-0.1099
-0.0922
-0.0797
-0.0709
-0.0639
-0.0568
-0.0486
-0.0395
-0.0303
-0.0220
-0.0156
-0.0109
-0.0072
-0.0027
0.0042
0.0150
0.0300
0.0486
0.0689
0.0887
0.1059
0.1193
0.1284
0.1336
0.1359
0.1366
0.1367
0.1366
0.1361
0.1346
0.1309
0.1241
0.1143
0.1026
0.0914
0.0839
0.0831
0.0911
0.1081
0.1328
0.1623
0.1935
0.2234
0.2501
0.2731
0.2929
0.3106
0.3273
0.3435
0.3591
0.3729
0.3835
0.3896
0.3901
0.3855
0.3772
0.3677
0.3602
0.3575
0.3612
0.3720
0.3884
0.4082
0.4284
0.4461
0.4593
0.4670
0.4698
0.4691
0.4671
0.4655
0.4655
0.4668
0.4680
0.4674
0.4632
0.4545
0.4420
0.4274
0.4133
0.4023
0.3970
0.3984
0.4071
0.4218
0.4404
0.4599
0.4771
0.4894
0.4953
0.4949
0.4897
0.4817
0.4732
0.4657
0.4600
0.4559
0.4532
0.4514
0.4505
0.4515
0.4554
0.4642
0.4793
0.5013
0.5291
0.5599
0.5897
0.6146
0.6324
0.6427
0.6476
0.6503
0.6540
0.6605
0.6703
0.6823
0.6944
0.7039
0.7087
0.7065
0.6964
0.6776
0.6509
0.6174
0.5788
0.5369
0.4936
0.4501
0.4077
0.3670
0.3281
0.2908
0.2547
0.2196
0.1859
0.1549
0.1288
0.1106
0.1026
0.1061
0.1203
0.1418
0.1652
0.1843
0.1930
0.1871
0.1653
0.1291
0.0829
0.0322
-0.0172
-0.0607
-0.0952
-0.1204
-0.1372
-0.1477
-0.1534
-0.1549
-0.1509
-0.1394
-0.1181
-0.0858
-0.0427
0.0088
