0.0792
0.1559
0.2268
0.2662
0.2943
0.3116
0.3323
0.3511
0.3680
0.3555
0.3344
0.2853
0.2568
0.2265
0.2246
0.2201
0.2309
0.2450
0.2707
0.2994
0.3208
0.3314
0.3315
0.3325
0.3429
0.3634
0.3886
0.4009
0.3947
0.3585
0.3142
0.2709
0.2569
0.2766
0.3169
0.3765
0.4178
0.4572
0.4601
0.4480
0.4071
0.3661
0.3460
0.3666
0.4370
0.5310
0.6280
0.6956
0.7269
0.7256
0.6952
0.6585
0.6140
0.5923
0.5929
0.6223
0.6679
0.6933
0.7003
0.6595
0.6180
0.5663
0.5495
0.5450
0.5706
0.6019
0.6464
0.6837
0.7156
0.7289
0.7355
0.7368
0.7430
0.7531
0.7548
0.7494
0.7113
0.6598
0.5697
0.4822
0.3816
0.3169
0.2734
0.2759
0.3023
0.3485
0.3982
0.4400
0.4695
0.4826
0.4827
0.4735
0.4610
0.4487
0.4457
0.4510
0.4757
0.5133
0.5680
0.6291
0.6866
0.7244
0.7337
0.7110
0.6798
0.6481
0.6387
0.6307
0.6179
0.5711
0.4953
0.3927
0.2968
0.2255
0.2031
0.2192
0.2566
0.2887
0.2986
0.2996
0.2976
0.3202
0.3469
0.3823
0.3942
0.3961
0.3871
0.3802
0.3871
0.3912
0.4029
0.4007
0.3962
0.3834
0.3739
0.3739
0.3989
0.4449
0.5140
0.5792
0.6349
0.6678
0.6839
0.6891
0.6846
0.6779
0.6714
0.6741
0.6916
0.7219
0.7654
0.8122
0.8701
0.9247
0.9920
1.0411
1.0927
1.1112
1.1294
1.1209
1.1210
1.1097
1.1152
1.1222
1.1409
1.1556
1.1577
1.1446
1.1126
1.0821
1.0567
1.0551
1.0656
1.0818
1.0824
1.0610
1.0212
0.9733
0.9328
0.9016
0.8789
0.8651
0.8486
0.8462
0.8379
0.8488
0.8542
0.8750
0.8820
0.8840
0.8585
0.8192
0.7653
0.7153
0.6718
0.6471
0.6284
0.6280
0.6176
0.6168
0.5948
0.5727
0.5259
0.4839
0.4352
0.4210
0.4162
0.4412
0.4538
0.4608
0.4479
0.4299
0.4232
0.4369
0.4765
0.5222
0.5563
0.5578
0.5306
0.4844
0.4410
0.4164
0.4151
0.4409
0.4755
0.5113
0.5271
0.5203
0.4881
0.4414
0.3911
0.3458
0.3070
0.2655
0.2088
0.1447
0.0751
0.0455
0.0462
0.0987
0.1537
0.2000
0.2040
0.1767
0.1233
0.0773
0.0333
0.0085
-0.0299
-0.0780
-0.1426
-0.2140
-0.2631
-0.3049
-0.3202
-0.3480
-0.3698
-0.4070
-0.4288
-0.4493
-0.4470
-0.4497
-0.4439
-0.4579
-0.4637
-0.4811
-0.4798
-0.4891
-0.4964
-0.5247
-0.5661
-0.6240
-0.6894
-0.7535
-0.7986
-0.8187
-0.8142
-0.8066
-0.8178
-0.8646
-0.9342
-1.0207
-1.0714
-1.1017
-1.0663
-1.0192
-0.9468
-0.8948
-0.8564
-0.8275
-0.7949
-0.7469
-0.6873
-0.6362
-0.5905
-0.5637
-0.5189
-0.4626
-0.3729
-0.2811
-0.1978
-0.1394
-0.1114
-0.0873
-0.0726
-0.0396
-0.0108
0.0237
0.0454
0.0663
0.0820
0.1006
0.1220
0.1318
0.1345
0.1052
0.0648
0.0162
-0.0131
-0.0074
0.0254
0.0773
0.1157
0.1381
0.1327
0.1267
0.1235
0.1430
0.1728
0.2034
0.2185
0.2172
0.2032
0.2032
0.2164
0.2625
0.3128
0.3744
0.4219
0.4705
0.5074
0.5367
0.5486
0.5414
0.5345
0.5354
0.5746
0.6349
0.7084
0.7591
0.7766
0.7618
0.7394
0.7168
0.7131
0.7039
0.7003
0.6840
0.6723
0.6604
0.6567
0.6487
0.6344
0.6054
0.5646
0.5358
0.5177
0.5460
0.5883
0.6604
0.7194
0.7638
0.7726
0.7470
0.7043
0.6663
0.6632
0.6963
0.7569
0.8062
0.8332
0.8180
0.7851
0.7396
0.7036
0.6860
0.6892
0.7192
0.7602
0.8092
0.8483
0.8739
0.8777
0.8633
0.8357
0.8079
0.7867
0.7771
0.7741
0.7720
0.7636
0.7511
0.7339
0.7274
0.7264
0.7367
0.7390
0.7309
0.7090
0.6833
0.6622
0.6421
0.6159
0.5708
0.5144
0.4567
0.4247
0.4227
0.4573
0.5043
0.5501
0.5646
0.5468
0.4960
0.4454
0.4137
0.4214
0.4524
0.4885
0.5054
0.5004
0.4755
0.4499
0.4160
0.3953
0.3635
0.3541
0.3429
0.3598
0.3773
0.3977
0.4055
0.3912
0.3755
0.3501
0.3452
0.3406
0.3423
0.3370
0.3177
0.2968
0.2642
0.2413
0.2170
0.2068
0.1965
0.1990
0.2022
0.2226
0.2487
0.2790
0.2986
0.2973
0.2728
0.2304
0.1703
0.1095
0.0559
0.0356
0.0628
0.1289
0.2184
0.2801
0.3134
0.2918
0.2643
0.2169
0.1937
0.1639
0.1539
0.1409
0.1403
0.1380
0.1348
0.1227
0.1066
0.0847
0.0699
0.0592
0.0615
0.0775
0.1024
0.1416
0.1774
0.2213
0.2540
0.2996
0.3382
0.3988
0.4478
0.5015
0.5208
0.5217
0.4922
0.4584
0.4305
0.4224
0.4381
0.4645
0.4924
0.5004
0.4933
0.4700
0.4554
0.4510
0.4675
0.4860
0.5031
0.5016
0.4960
0.4821
0.4856
0.4995
0.5333
0.5776
0.6183
0.6574
0.6727
0.6815
0.6749
0.6690
0.6675
0.6648
0.6677
0.6578
0.6500
0.6342
0.6287
0.6345
0.6636
0.7140
0.7779
0.8338
0.8662
0.8649
0.8410
0.8131
0.8006
0.8129
0.8454
0.8795
0.9048
0.9017
0.8839
0.8452
0.8078
0.7636
0.7262
0.6888
0.6634
0.6449
0.6390
0.6363
0.6376
0.6376
0.6348
0.6234
0.6045
0.5748
0.5542
0.5386
0.5502
0.5646
0.5899
0.5984
0.6052
0.6008
0.6058
0.6086
0.6159
0.6154
0.6154
0.6150
0.6192
0.6193
0.6152
0.6069
0.6069
0.6238
0.6520
0.6869
0.7116
0.7354
0.7562
0.7807
0.7972
0.7894
0.7656
0.7253
0.7144
0.7232
0.7758
0.8295
0.8861
0.9159
0.9300
0.9251
0.9117
0.9011
0.8927
0.9084
0.9226
0.9530
0.9538
0.9516
0.9182
0.8988
0.8792
0.8902
0.9102
0.9418
0.9633
0.9661
0.9467
0.9072
0.8660
0.8290
0.8116
0.8008
0.8014
0.7911
0.7829
0.7565
0.7347
0.6955
0.6653
0.6286
0.6100
0.6052
0.6205
0.6512
0.6832
0.7148
0.7299
0.7365
0.7218
0.6999
0.6579
0.6041
0.5210
0.4130
0.2784
0.1468
0.0305
-0.0377
-0.0807
-0.0856
-0.0914
-0.0727
-0.0478
0.0074
0.0729
0.1482
0.2056
0.2411
0.2422
0.2247
0.2076
0.2060
0.2378
0.2802
0.3330
0.3639
0.3838
0.3778
0.3720
0.3549
0.3579
0.3620
0.3898
0.4114
0.4344
0.4438
0.4471
0.4636
0.4868
0.5389
0.5759
0.6067
0.5948
0.5735
0.5512
0.5638
0.6040
0.6675
0.7231
0.7647
0.7834
0.7842
0.7806
0.7658
0.7603
0.7398
0.7243
0.6892
0.6635
0.6369
0.6346
0.6372
0.6427
0.6276
0.5925
0.5449
0.4988
0.4622
0.4306
0.3914
0.3502
0.3043
0.2808
0.2634
0.2585
0.2378
0.2073
0.1749
0.1598
0.1789
0.2221
0.2738
0.3043
0.3042
0.2725
0.2265
0.1735
0.1175
0.0478
-0.0291
-0.1095
-0.1554
-0.1662
-0.1193
-0.0566
0.0219
0.0703
0.1063
0.1061
0.0946
0.0596
0.0167
-0.0275
-0.0723
-0.0953
-0.1172
-0.1076
-0.1003
-0.0686
-0.0504
-0.0313
-0.0249
-0.0179
0.0090
0.0466
0.1047
0.1367
0.1483
0.1117
0.0669
0.0208
-0.0021
-0.0115
-0.0294
-0.0552
-0.1008
-0.1340
-0.1595
-0.1630
-0.1593
-0.1492
-0.1395
-0.1274
-0.1197
-0.1079
-0.1064
-0.0988
-0.1061
-0.1104
-0.1307
-0.1472
-0.1682
-0.1736
-0.1703
-0.1461
-0.1128
-0.0697
-0.0284
0.0018
0.0129
-0.0020
-0.0413
-0.0911
-0.1359
-0.1508
-0.1312
-0.0757
-0.0160
0.0452
0.0682
0.0880
0.0690
0.0495
-0.0046
-0.0698
-0.1400
-0.1982
-0.2168
-0.2157
-0.1876
-0.1731
-0.1706
-0.1933
-0.2371
-0.2878
-0.3493
-0.4105
-0.4643
-0.5180
-0.5406
-0.5685
-0.5676
-0.5846
-0.5824
-0.5855
-0.5680
-0.5517
-0.5446
-0.5498
-0.5708
-0.5655
-0.5457
-0.4871
-0.4370
-0.3944
-0.3826
-0.3864
-0.3964
-0.3968
-0.3788
-0.3341
-0.2722
-0.1973
-0.1357
-0.0888
-0.0690
-0.0581
-0.0462
-0.0141
0.0475
0.1305
0.2255
0.3122
0.3883
0.4583
0.5334
0.6132
0.6907
0.7448
0.7723
0.7708
0.7539
0.7378
0.7275
0.7376
0.7571
0.7819
0.8007
0.7986
0.7979
0.7843
0.7990
0.8146
0.8594
0.9021
0.9487
0.9748
0.9751
0.9525
0.9111
0.8752
0.8348
0.8067
0.7613
0.7234
0.6656
0.6282
0.5813
0.5600
0.5303
0.5192
0.5035
0.5021
0.4957
0.4877
0.4646
0.4348
0.3990
0.3761
0.3577
0.3620
0.3681
0.3933
0.4084
0.4208
0.3994
0.3625
0.3018
0.2459
0.1964
0.1559
0.1405
0.1385
0.1832
0.2491
0.3455
0.4389
0.5193
0.5826
0.6241
0.6622
0.6836
0.7021
0.6938
0.6827
0.6554
0.6578
0.6703
0.7244
0.7672
0.8085
0.8043
0.7709
0.7061
0.6234
0.5536
0.5020
0.4968
0.5201
0.5559
0.5825
0.5811
0.5687
0.5492
0.5396
0.5410
0.5457
0.5709
0.5984
0.6576
0.6988
0.7364
0.7245
0.6874
0.6329
0.5740
0.5377
0.5021
0.4958
0.4908
0.5079
0.5208
0.5371
0.5440
0.5561
0.5742
0.6084
0.6415
0.6593
0.6412
0.5909
0.5304
0.4903
0.4793
0.4985
0.5086
0.5132
0.4954
0.4863
0.4929
0.5280
0.5876
0.6699
0.7496
0.8310
0.8678
0.8840
0.8479
0.8021
0.7436
0.6961
0.6614
0.6298
0.5999
0.5613
0.5119
0.4665
0.4185
0.4009
0.3985
0.4356
0.4895
0.5604
0.6244
0.6670
0.6777
0.6565
0.6165
0.5756
0.5445
0.5346
0.5321
0.5465
0.5453
0.5569
0.5474
0.5650
0.5772
0.6117
0.6319
0.6444
0.6472
0.6526
0.6809
0.7058
0.7360
0.7223
0.7001
0.6521
0.6125
0.5677
0.5171
0.4606
0.4187
0.4145
0.4632
0.5448
0.6194
0.6485
0.6213
0.5585
0.5126
0.4988
0.5407
0.5928
0.6497
0.6729
0.6765
0.6537
0.6294
0.6001
0.5786
0.5445
0.4995
0.4359
0.3747
0.3367
0.3299
0.3571
0.3805
0.4071
0.4020
0.4161
0.4127
0.4412
0.4376
0.4353
0.3828
0.3205
0.2377
0.1790
0.1461
0.1546
0.1780
0.2000
0.1887
0.1425
0.0720
0.0038
-0.0317
-0.0327
-0.0043
0.0260
0.0401
0.0325
-0.0036
-0.0537
-0.1143
-0.1598
-0.1764
-0.1529
-0.1009
-0.0403
0.0101
0.0415
0.0640
0.0733
0.0844
0.0808
0.0839
0.0882
0.1109
0.1456
0.1847
0.2308
0.2716
0.3209
0.3508
0.3653
0.3372
0.2856
0.2140
0.1484
0.0928
0.0577
0.0385
0.0469
0.0750
0.1344
0.1994
0.2734
0.3184
0.3484
0.3366
0.3180
0.2742
0.2464
0.2169
0.2218
0.2436
0.2905
0.3525
0.4030
0.4641
0.4823
0.5061
0.4756
0.4594
0.4295
0.4416
0.4741
0.5272
0.5830
0.6366
0.6956
0.7599
0.8191
0.8497
0.8403
0.7845
0.7191
0.6481
0.6098
0.5768
0.5647
0.5624
0.5740
0.6058
0.6203
0.6165
0.5722
0.5101
0.4513
0.4083
0.3858
0.3777
0.3773
0.3901
0.4104
0.4431
0.4775
0.5077
0.5192
0.5000
0.4557
0.3887
0.3319
0.2762
0.2410
0.1982
0.1625
0.1202
0.0855
0.0530
0.0299
0.0119
0.0034
-0.0098
-0.0188
-0.0392
-0.0519
-0.0843
-0.1192
-0.1825
-0.2339
-0.2832
-0.2968
-0.3042
-0.2983
-0.2951
-0.2809
-0.2450
-0.1869
-0.1070
-0.0176
0.0607
0.1302
0.1543
0.1588
0.1134
0.0569
-0.0175
-0.0873
-0.1489
-0.1984
-0.2307
-0.2355
-0.2206
-0.1754
-0.1299
-0.0667
-0.0095
0.0684
0.1458
0.2210
0.2803
0.3057
0.3230
0.3151
0.3236
0.3264
0.3656
0.4193
0.5171
0.6081
0.6903
0.7149
0.7014
0.6638
0.6403
0.6512
0.6912
0.7480
0.7936
0.8239
0.8301
0.8277
0.8197
0.8102
0.7959
0.7672
0.7276
0.6805
0.6412
0.6164
0.6153
0.6283
0.6601
0.6890
0.7223
0.7373
0.7446
0.7381
0.7309
0.7324
0.7394
0.7553
0.7605
0.7642
0.7568
0.7592
0.7614
0.7744
0.7847
0.7884
0.7876
0.7701
0.7618
0.7490
0.7456
0.7285
0.6804
0.6107
0.5160
0.4459
0.3856
0.3591
0.3253
0.3005
0.2688
0.2571
0.2578
0.2716
0.2759
0.2724
0.2480
0.2272
0.1943
0.1659
0.1258
0.0850
0.0399
-0.0047
-0.0563
-0.1119
-0.1703
-0.2144
-0.2370
-0.2288
-0.2042
-0.1687
-0.1499
-0.1450
-0.1700
-0.1947
-0.2235
-0.2233
-0.2268
-0.2205
-0.2414
-0.2582
-0.2877
-0.3064
-0.3406
-0.3802
-0.4297
-0.4651
-0.4870
-0.4906
-0.4986
-0.5046
-0.5175
-0.5154
-0.5047
-0.4735
-0.4362
-0.3831
-0.3282
-0.2676
-0.2190
-0.1864
-0.1660
-0.1608
-0.1371
-0.1265
-0.0869
-0.0748
-0.0439
-0.0363
-0.0201
-0.0106
0.0022
0.0265
0.0606
0.1129
0.1729
0.2293
0.2731
0.2769
0.2540
0.1890
0.1281
0.0820
0.0803
0.1221
0.1833
0.2588
0.3252
0.3845
0.4196
0.4164
0.3616
0.2738
0.1629
0.0793
0.0243
0.0165
0.0426
0.0713
0.0996
0.0840
0.0563
0.0043
-0.0282
-0.0388
-0.0156
0.0335
0.0971
0.1557
0.2020
0.2218
0.2242
0.2160
0.1941
0.1728
0.1270
0.0843
0.0269
-0.0066
-0.0252
0.0036
0.0553
0.1408
0.2080
0.2662
0.2798
0.2854
0.2710
0.2598
0.2364
0.2101
0.1909
0.1941
0.2305
0.2858
0.3473
0.4014
0.4540
0.5130
0.5817
0.6451
0.6932
0.7101
0.7071
0.6905
0.6695
0.6613
0.6496
0.6587
0.6437
0.6322
0.5814
0.5397
0.4923
0.4798
0.4788
0.4890
0.4854
0.4640
0.4330
0.3985
0.3851
0.3860
0.4142
0.4448
0.4712
0.4762
0.4525
0.4248
0.3926
0.4001
0.4212
0.4687
0.4970
0.5046
0.4799
0.4405
0.4101
0.4062
0.4422
0.4935
0.5348
0.5222
0.4532
0.3478
0.2567
0.2177
0.2449
0.3172
0.3998
0.4610
0.4790
0.4555
0.4132
0.3583
0.3353
0.3046
0.3040
0.2732
0.2478
0.1973
0.1561
0.1315
0.1414
0.1902
0.2539
0.3140
0.3429
0.3392
0.3122
0.2714
0.2280
0.1773
0.1283
0.0848
0.0719
0.0778
0.1165
0.1461
0.1816
0.1932
0.1949
0.1740
0.1348
0.0978
0.0620
0.0610
0.0523
0.0618
0.0378
0.0311
0.0217
0.0560
0.1156
0.1957
0.2735
0.3174
0.3324
0.2969
0.2468
0.1712
0.1135
0.0619
0.0431
0.0433
0.0660
0.1021
0.1379
0.1668
0.1736
0.1562
0.1165
0.0572
0.0012
-0.0516
-0.0750
-0.0839
-0.0719
-0.0573
-0.0493
-0.0525
-0.0787
-0.1217
-0.1732
-0.2198
-0.2350
-0.2277
-0.1936
-0.1641
-0.1427
-0.1343
-0.1353
-0.1360
-0.1495
-0.1661
-0.2011
-0.2330
-0.2812
-0.3229
-0.3769
-0.4054
-0.4097
-0.3722
-0.3114
-0.2658
-0.2447
-0.2900
-0.3419
-0.4247
-0.4459
-0.4623
-0.4212
-0.3935
-0.3556
-0.3398
-0.3425
-0.3705
-0.4237
-0.4869
-0.5393
-0.5735
-0.5769
-0.5753
-0.5634
-0.5750
-0.5886
-0.6275
-0.6561
-0.6921
-0.7122
-0.7349
-0.7536
-0.7713
-0.7737
-0.7620
-0.7194
-0.6762
-0.6182
-0.5817
-0.5492
-0.5332
-0.5245
-0.5154
-0.5199
-0.5198
-0.5437
-0.5575
-0.5912
-0.6083
-0.6434
-0.6707
-0.7170
-0.7606
-0.8137
-0.8568
-0.8926
-0.9056
-0.8991
-0.8728
-0.8380
-0.8061
-0.7854
-0.7834
-0.7992
-0.8275
-0.8541
-0.8623
-0.8397
-0.7879
-0.7248
-0.6661
-0.6262
-0.5923
-0.5598
-0.5171
-0.4761
-0.4441
-0.4265
-0.4207
-0.4080
-0.3824
-0.3294
-0.2585
-0.1855
-0.1227
-0.0919
-0.0704
-0.0539
-0.0095
0.0660
0.1618
0.2642
0.3400
0.3897
0.4127
0.4283
0.4573
0.4974
0.5431
0.5747
0.5772
0.5659
0.5436
0.5403
0.5479
0.5749
0.6037
0.6430
0.6735
0.7057
0.7188
0.7288
0.7312
0.7422
0.7539
0.7721
0.7795
0.7926
0.7962
0.8169
0.8293
0.8481
0.8410
0.8149
0.7669
0.7119
0.6768
0.6663
0.6883
0.7272
0.7594
0.7744
0.7573
0.7199
0.6814
0.6478
0.6388
0.6294
0.6193
0.5995
0.5734
0.5746
0.5891
0.6374
0.6698
0.6879
0.6610
0.6163
0.5622
0.5388
0.5456
0.5996
0.6645
0.7418
0.7884
0.8168
0.8121
0.7940
0.7785
0.7668
0.7809
0.7957
0.8295
0.8543
0.8863
0.9051
0.9172
0.9196
0.9133
0.9153
0.9132
0.9207
0.9125
0.8968
0.8566
0.8174
0.7743
0.7736
0.7910
0.8573
0.9114
0.9674
0.9814
0.9783
0.9565
0.9248
0.8973
0.8533
0.8188
0.7698
0.7295
0.6779
0.6166
0.5482
0.4770
0.4317
0.4149
0.4283
0.4565
0.4653
0.4658
0.4280
0.4049
0.3625
0.3506
0.3247
0.3148
0.2897
0.2647
0.2331
0.2013
0.1886
0.1910
0.2390
0.3069
0.4072
0.4986
0.5734
0.6165
0.6268
0.6239
0.6110
0.6059
0.6119
0.6279
0.6564
0.6695
0.6748
0.6455
0.6163
0.5703
0.5376
0.4946
0.4648
0.4463
0.4594
0.4952
0.5431
0.5793
0.6016
0.5940
0.5732
0.5281
0.4935
0.4789
0.5072
0.5689
0.6293
0.6636
0.6452
0.5912
0.5231
0.4717
0.4523
0.4679
0.4983
0.5354
0.5443
0.5421
0.5056
0.4814
0.4561
0.4626
0.4870
0.5192
0.5550
0.5561
0.5387
0.4723
0.4053
0.3388
0.3256
0.3532
0.4003
0.4355
0.4087
0.3610
0.2937
0.2720
0.2885
0.3317
0.3761
0.3816
0.3611
0.2942
0.2288
0.1447
0.0916
0.0368
0.0125
-0.0088
-0.0096
-0.0103
-0.0087
-0.0350
-0.0799
-0.1529
-0.2168
-0.2622
-0.2762
-0.2708
-0.2614
-0.2607
-0.2639
-0.2732
-0.2631
-0.2447
-0.2031
-0.1702
-0.1455
-0.1425
-0.1469
-0.1440
-0.1346
-0.1124
-0.0970
-0.0716
-0.0478
-0.0007
0.0416
0.0910
0.1049
0.1019
0.0568
0.0088
-0.0506
-0.0862
-0.1207
-0.1352
-0.1535
-0.1484
-0.1315
-0.0839
-0.0253
0.0392
0.0892
0.1041
0.0807
0.0074
-0.0870
-0.1891
-0.2810
-0.3561
-0.4351
-0.5097
-0.5870
-0.6527
-0.6920
-0.7198
-0.7198
-0.7233
-0.7186
-0.7322
-0.7674
-0.8247
-0.9011
-0.9636
-1.0149
-1.0386
-1.0559
-1.0685
-1.0767
-1.0829
-1.0751
-1.0687
-1.0603
-1.0609
-1.0652
-1.0680
-1.0668
-1.0603
-1.0553
-1.0527
-1.0497
-1.0331
-0.9961
-0.9396
-0.8773
-0.8270
-0.7894
-0.7656
-0.7364
-0.7112
-0.6823
-0.6647
-0.6477
-0.6279
-0.6125
-0.5996
-0.6162
-0.6283
-0.6413
-0.5903
-0.5144
-0.3841
-0.2928
-0.2132
-0.2011
-0.1929
-0.1983
-0.1751
-0.1420
-0.0894
-0.0403
0.0142
0.0593
0.0994
0.1312
0.1504
0.1672
0.1743
0.1918
0.2152
0.2603
0.3111
0.3619
0.3968
0.4150
0.4345
0.4577
0.5028
0.5387
0.5643
0.5561
0.5303
0.5019
0.4844
0.4851
0.4974
0.5107
0.5274
0.5356
0.5481
0.5571
0.5662
0.5695
0.5590
0.5417
0.5255
0.5232
0.5407
0.5627
0.5785
0.5773
0.5613
0.5449
0.5274
0.5134
0.4928
0.4602
0.4256
0.3900
0.3752
0.3751
0.3901
0.4098
0.4206
0.4317
0.4255
0.4265
0.4116
0.4158
0.4176
0.4404
0.4631
0.4791
0.4840
0.4663
0.4396
0.4026
0.3635
0.3331
0.3112
0.3055
0.3065
0.3031
0.2923
0.2653
0.2424
0.2210
0.2156
0.2084
0.1962
0.1721
0.1435
0.1224
0.1098
0.1050
0.0962
0.0789
0.0505
0.0119
-0.0282
-0.0716
-0.1112
-0.1618
-0.2226
-0.2934
-0.3588
-0.3883
-0.3824
-0.3338
-0.2873
-0.2573
-0.2679
-0.3018
-0.3418
-0.3704
-0.3945
-0.4154
-0.4576
-0.4932
-0.5350
-0.5410
-0.5281
-0.4915
-0.4541
-0.4339
-0.4285
-0.4353
-0.4404
-0.4443
-0.4455
-0.4556
-0.4493
-0.4483
-0.4170
-0.4061
-0.3878
-0.3943
-0.3977
-0.3901
-0.3761
-0.3400
-0.3122
-0.2775
-0.2526
-0.2354
-0.2219
-0.2171
-0.1948
-0.1567
-0.0898
-0.0222
0.0321
0.0453
0.0272
-0.0133
-0.0547
-0.0857
-0.1080
-0.1157
-0.1169
-0.1011
-0.0858
-0.0664
-0.0684
-0.0780
-0.1008
-0.1188
-0.1206
-0.1141
-0.0830
-0.0585
-0.0291
-0.0329
-0.0734
-0.1621
-0.2918
-0.4288
-0.5543
-0.6412
-0.6925
-0.7196
-0.7371
-0.7555
-0.7754
-0.7809
-0.7747
-0.7319
-0.6800
-0.6050
-0.5554
-0.5144
-0.5113
-0.5054
-0.5051
-0.4884
-0.4687
-0.4526
-0.4307
-0.4178
-0.3908
-0.3800
-0.3673
-0.3691
-0.3720
-0.3740
-0.3861
-0.4023
-0.4318
-0.4597
-0.4729
-0.4771
-0.4599
-0.4521
-0.4346
-0.4268
-0.3988
-0.3671
-0.3149
-0.2693
-0.2178
-0.1799
-0.1476
-0.1401
-0.1618
-0.2187
-0.2916
-0.3613
-0.3924
-0.3875
-0.3337
-0.2734
-0.2055
-0.1702
-0.1499
-0.1610
-0.1844
-0.2366
-0.3074
-0.3980
-0.4833
-0.5352
-0.5425
-0.4898
-0.4169
-0.3372
-0.2964
-0.2912
-0.3094
-0.3236
-0.3143
-0.2867
-0.2635
-0.2438
-0.2439
-0.2280
-0.2214
-0.2034
-0.2085
-0.2122
-0.2245
-0.2170
-0.2057
-0.1787
-0.1557
-0.1264
-0.0990
-0.0711
-0.0487
-0.0285
-0.0099
0.0234
0.0628
0.1166
0.1580
0.1955
0.2118
0.2271
0.2347
0.2426
0.2450
0.2422
0.2287
0.2280
0.2217
0.2602
0.2834
0.3329
0.3268
0.3192
0.2749
0.2561
0.2406
0.2310
0.2073
0.1549
0.1123
0.0832
0.1094
0.1655
0.2421
0.2988
0.3258
0.3164
0.2932
0.2700
0.2625
0.2633
0.2522
0.2177
0.1426
0.0697
-0.0014
-0.0058
0.0122
0.0663
0.0826
0.0601
-0.0193
-0.1215
-0.2226
-0.2932
-0.3303
-0.3387
-0.3237
-0.3120
-0.2959
-0.3050
-0.3157
-0.3340
-0.3495
-0.3584
-0.3876
-0.4122
-0.4531
-0.4625
-0.4635
-0.4354
-0.4159
-0.3967
-0.3955
-0.3912
-0.3861
-0.3662
-0.3398
-0.3138
-0.2897
-0.2760
-0.2541
-0.2361
-0.2103
-0.1982
-0.1970
-0.2084
-0.2235
-0.2269
-0.2231
-0.2103
-0.2086
-0.2139
-0.2335
-0.2495
-0.2735
-0.2972
-0.3398
-0.3888
-0.4367
-0.4660
-0.4603
-0.4343
-0.3955
-0.3735
-0.3664
-0.3751
-0.3734
-0.3641
-0.3194
-0.2689
-0.1927
-0.1449
-0.1215
-0.1580
-0.2297
-0.3145
-0.3772
-0.3982
-0.3842
-0.3553
-0.3356
-0.3370
-0.3501
-0.3667
-0.3636
-0.3526
-0.3197
-0.2826
-0.2332
-0.1683
-0.1165
-0.0583
-0.0566
-0.0581
-0.1040
-0.1268
-0.1534
-0.1510
-0.1523
-0.1362
-0.1431
-0.1456
-0.1884
-0.2343
-0.2973
-0.3425
-0.3677
-0.3724
-0.3658
-0.3540
-0.3444
-0.3189
-0.3014
-0.2730
-0.2807
-0.2889
-0.3292
-0.3420
-0.3577
-0.3316
-0.3096
-0.2708
-0.2648
-0.2675
-0.3153
-0.3526
-0.4101
-0.4241
-0.4385
-0.4157
-0.4031
-0.3818
-0.3751
-0.3577
-0.3314
-0.2888
-0.2418
-0.2156
-0.2168
-0.2612
-0.3217
-0.3971
-0.4511
-0.5026
-0.5222
-0.5501
-0.5510
-0.5648
-0.5564
-0.5514
-0.5313
-0.5085
-0.4846
-0.4654
-0.4509
-0.4377
-0.4166
-0.3859
-0.3535
-0.3280
-0.3274
-0.3405
-0.3664
-0.3814
-0.3962
-0.4094
-0.4419
-0.4879
-0.5435
-0.5926
-0.6290
-0.6534
-0.6704
-0.6899
-0.7037
-0.7194
-0.7192
-0.7271
-0.7385
-0.7798
-0.8348
-0.8937
-0.9340
-0.9448
-0.9415
-0.9254
-0.9181
-0.9040
-0.8918
-0.8775
-0.8709
-0.8851
-0.9062
-0.9344
-0.9492
-0.9450
-0.9359
-0.9069
-0.8850
-0.8403
-0.7885
-0.7248
-0.6631
-0.6369
-0.6365
-0.6801
-0.7188
-0.7545
-0.7484
-0.7343
-0.6986
-0.6943
-0.6890
-0.7078
-0.6974
-0.6607
-0.5837
-0.4792
-0.3850
-0.3031
-0.2594
-0.2223
-0.1888
-0.1411
-0.0876
-0.0485
-0.0274
-0.0331
-0.0455
-0.0510
-0.0435
-0.0122
0.0155
0.0416
0.0358
0.0174
-0.0112
-0.0306
-0.0404
-0.0594
-0.0884
-0.1372
-0.1861
-0.2196
-0.2412
-0.2381
-0.2424
-0.2389
-0.2520
-0.2561
-0.2636
-0.2508
-0.2414
-0.2204
-0.2230
-0.2303
-0.2695
-0.3109
-0.3615
-0.3911
-0.4062
-0.3999
-0.3926
-0.3886
-0.3977
-0.4182
-0.4414
-0.4720
-0.4895
-0.5070
-0.4958
-0.4836
-0.4491
-0.4374
-0.4200
-0.4313
-0.4323
-0.4543
-0.4821
-0.5335
-0.5967
-0.6563
-0.6955
-0.7062
-0.6800
-0.6391
-0.5873
-0.5593
-0.5518
-0.5740
-0.5979
-0.6203
-0.6205
-0.6075
-0.5775
-0.5378
-0.4955
-0.4577
-0.4409
-0.4438
-0.4706
-0.5023
-0.5352
-0.5582
-0.5732
-0.5850
-0.5897
-0.5965
-0.5928
-0.5861
-0.5713
-0.5567
-0.5562
-0.5636
-0.5886
-0.5992
-0.6017
-0.5740
-0.5391
-0.4885
-0.4462
-0.3971
-0.3614
-0.3262
-0.3114
-0.3062
-0.3211
-0.3354
-0.3522
-0.3440
-0.3270
-0.2853
-0.2504
-0.2127
-0.1916
-0.1714
-0.1554
-0.1369
-0.1209
-0.1096
-0.1068
-0.0990
-0.0809
-0.0301
0.0407
0.1242
0.1807
0.1972
0.1608
0.1003
0.0440
0.0178
0.0377
0.0690
0.1119
0.1164
0.1154
0.0922
0.0836
0.0817
0.0870
0.0988
0.1009
0.0963
0.0707
0.0308
-0.0168
-0.0557
-0.0840
-0.0930
-0.0988
-0.0871
-0.0755
-0.0600
-0.0696
-0.1189
-0.2050
-0.3155
-0.3913
-0.4372
-0.4072
-0.3697
-0.2883
-0.2295
-0.1466
-0.0842
-0.0265
0.0004
-0.0031
-0.0315
-0.0781
-0.1312
-0.1813
-0.2198
-0.2428
-0.2478
-0.2572
-0.2619
-0.2824
-0.2798
-0.2695
-0.2203
-0.1750
-0.1173
-0.0992
-0.0958
-0.1404
-0.2043
-0.2816
-0.3628
-0.4084
-0.4424
-0.4141
-0.3645
-0.2680
-0.1799
-0.1070
-0.0859
-0.0905
-0.1215
-0.1300
-0.1448
-0.1432
-0.1799
-0.2240
-0.3014
-0.3396
-0.3578
-0.2874
-0.2035
-0.0746
0.0134
0.0915
0.1202
0.1286
0.1044
0.0757
0.0449
0.0440
0.0637
0.1139
0.1500
0.1807
0.1619
0.1539
0.1241
0.1449
0.1537
0.1960
0.2167
0.2572
0.2902
0.3365
0.3720
0.4078
0.4346
0.4611
0.4866
0.4935
0.4929
0.4574
0.4211
0.3640
0.3218
0.2729
0.2313
0.1778
0.1178
0.0611
0.0122
-0.0122
-0.0331
-0.0472
-0.0731
-0.0923
-0.0993
-0.0774
-0.0267
0.0417
0.1176
0.1755
0.2002
0.1812
0.1093
0.0228
-0.0788
-0.1410
-0.1930
-0.2039
-0.2262
-0.2272
-0.2622
-0.2831
-0.3451
-0.3949
-0.4770
-0.5510
-0.6324
-0.6877
-0.7017
-0.6654
-0.5902
-0.5174
-0.4793
-0.4958
-0.5477
-0.6010
-0.6286
-0.6207
-0.6002
-0.5802
-0.5788
-0.5848
-0.5916
-0.5835
-0.5667
-0.5391
-0.5231
-0.5081
-0.5089
-0.5050
-0.5104
-0.5207
-0.5480
-0.5866
-0.6333
-0.6772
-0.7238
-0.7737
-0.8379
-0.9111
-0.9812
-1.0240
-1.0207
-0.9617
-0.8627
-0.7513
-0.6547
-0.5980
-0.5799
-0.5908
-0.6214
-0.6409
-0.6713
-0.6805
-0.7059
-0.7018
-0.6941
-0.6444
-0.5907
-0.5209
-0.4694
-0.4233
-0.3913
-0.3654
-0.3433
-0.3282
-0.3113
-0.2922
-0.2595
-0.2054
-0.1230
-0.0239
0.0795
0.1342
0.1494
0.0966
0.0553
0.0220
0.0430
0.0678
0.0784
0.0426
-0.0244
-0.1011
-0.1505
-0.1577
-0.1169
-0.0407
0.0480
0.1194
0.1605
0.1486
0.1107
0.0476
-0.0079
-0.0571
-0.0938
-0.1266
-0.1453
-0.1626
-0.1544
-0.1447
-0.1073
-0.0714
-0.0211
0.0193
0.0657
0.1060
0.1534
0.1823
0.1948
0.1764
0.1536
0.1571
0.1951
0.2805
0.3494
0.3980
0.3786
0.3291
0.2658
0.2228
0.2189
0.2348
0.2763
0.2990
0.3294
0.3288
0.3427
0.3330
0.3285
0.2990
0.2606
0.2210
0.1920
0.1965
0.2164
0.2624
0.2933
0.3213
0.3155
0.3000
0.2699
0.2461
0.2357
0.2428
0.2767
0.3209
0.3750
0.4039
0.4065
0.3747
0.3262
0.2821
0.2483
0.2288
0.2170
0.2035
0.1955
0.1834
0.1715
0.1495
0.1156
0.0694
0.0216
-0.0360
-0.0784
-0.1370
-0.1682
-0.2152
-0.2370
-0.2791
-0.3176
-0.3702
-0.4171
-0.4558
-0.4860
-0.5137
-0.5467
-0.5826
-0.6265
-0.6634
-0.7069
-0.7276
-0.7438
-0.7244
-0.7015
-0.6540
-0.6203
-0.5762
-0.5642
-0.5549
-0.5840
-0.6073
-0.6371
-0.6395
-0.6255
-0.6004
-0.5715
-0.5588
-0.5496
-0.5575
-0.5606
-0.5710
-0.5711
-0.5795
-0.5843
-0.6104
-0.6433
-0.6984
-0.7524
-0.8051
-0.8446
-0.8715
-0.8970
-0.9183
-0.9456
-0.9628
-0.9737
-0.9663
-0.9586
-0.9454
-0.9536
-0.9582
-0.9774
-0.9774
-0.9834
-0.9837
-1.0052
-1.0352
-1.0785
-1.1134
-1.1415
-1.1637
-1.1802
-1.2061
-1.2186
-1.2363
-1.2406
-1.2513
-1.2638
-1.2733
-1.2798
-1.2728
-1.2661
-1.2631
-1.2668
-1.2777
-1.2803
-1.2828
-1.2766
-1.2828
-1.2976
-1.3353
-1.3865
-1.4470
-1.5057
-1.5526
-1.5853
-1.6088
-1.6236
-1.6412
-1.6566
-1.6752
-1.6952
-1.7124
-1.7303
-1.7376
-1.7424
-1.7348
-1.7246
-1.7078
-1.6894
-1.6664
-1.6352
-1.5941
-1.5519
-1.5193
-1.5145
-1.5376
-1.5811
-1.6361
-1.6826
-1.7330
-1.7743
-1.8244
-1.8703
-1.9124
-1.9411
-1.9575
-1.9650
-1.9794
-1.9985
-2.0343
-2.0664
-2.1028
-2.1194
-2.1292
-2.1142
-2.0911
-2.0554
-2.0240
-2.0061
-2.0073
-2.0303
-2.0628
-2.0966
-2.1205
-2.1346
-2.1396
-2.1378
-2.1303
-2.1121
-2.0905
-2.0626
-2.0397
-2.0206
-2.0041
-1.9887
-1.9628
-1.9298
-1.8814
-1.8370
-1.7894
-1.7582
-1.7147
-1.6682
-1.5932
-1.5158
-1.4339
-1.3809
-1.3447
-1.3383
-1.3308
-1.3195
-1.2841
-1.2246
-1.1457
-1.0564
-0.9710
-0.9035
-0.8534
-0.8249
-0.7969
-0.7684
-0.7305
-0.6938
-0.6623
-0.6388
-0.6089
-0.5714
-0.5122
-0.4498
-0.3841
-0.3332
-0.2988
-0.2867
-0.2998
-0.3361
-0.3920
-0.4590
-0.5243
-0.5818
-0.6168
-0.6372
-0.6370
-0.6424
-0.6555
-0.7002
-0.7635
-0.8445
-0.9126
-0.9586
-0.9642
-0.9431
-0.8995
-0.8594
-0.8131
-0.7690
-0.7060
-0.6380
-0.5786
-0.5446
-0.5529
-0.5833
-0.6210
-0.6435
-0.6366
-0.6185
-0.5906
-0.5842
-0.5899
-0.6175
-0.6391
-0.6596
-0.6599
-0.6591
-0.6560
-0.6603
-0.6684
-0.6707
-0.6592
-0.6381
-0.6039
-0.5835
-0.5683
-0.5779
-0.5941
-0.6105
-0.6153
-0.6064
-0.5928
-0.5959
-0.6136
-0.6608
-0.7092
-0.7589
-0.7870
-0.7875
-0.7614
-0.7067
-0.6501
-0.5970
-0.5765
-0.5738
-0.5978
-0.6152
-0.6435
-0.6610
-0.6966
-0.7316
-0.7784
-0.8235
-0.8706
-0.9196
-0.9714
-1.0149
-1.0470
-1.0465
-1.0219
-0.9689
-0.9018
-0.8215
-0.7283
-0.6180
-0.5097
-0.4190
-0.3811
-0.3950
-0.4464
-0.5140
-0.5702
-0.6294
-0.6696
-0.7095
-0.7077
-0.6897
-0.6322
-0.5885
-0.5504
-0.5622
-0.6079
-0.6954
-0.8018
-0.9044
-0.9923
-1.0427
-1.0672
-1.0599
-1.0457
-1.0320
-1.0278
-1.0300
-1.0194
-0.9932
-0.9541
-0.9065
-0.8769
-0.8360
-0.8100
-0.7643
-0.7362
-0.7118
-0.7134
-0.7212
-0.7445
-0.7593
-0.7834
-0.7831
-0.7814
-0.7434
-0.7041
-0.6447
-0.5877
-0.5272
-0.4631
-0.4223
-0.4029
-0.4362
-0.4964
-0.5791
-0.6494
-0.7106
-0.7509
-0.7832
-0.8015
-0.7999
-0.7968
-0.7773
-0.7800
-0.7688
-0.7671
-0.7401
-0.7092
-0.6627
-0.6055
-0.5365
-0.4511
-0.3863
-0.3393
-0.3497
-0.3754
-0.4240
-0.4502
-0.4591
-0.4357
-0.3811
-0.3110
-0.2389
-0.1995
-0.1922
-0.2125
-0.2303
-0.2426
-0.2462
-0.2742
-0.3175
-0.3888
-0.4468
-0.4828
-0.4690
-0.4070
-0.3104
-0.2031
-0.1232
-0.0872
-0.1077
-0.1505
-0.1939
-0.1844
-0.1349
-0.0583
-0.0140
-0.0423
-0.1276
-0.2450
-0.3141
-0.3222
-0.2598
-0.1763
-0.0965
-0.0564
-0.0272
-0.0254
0.0020
0.0096
0.0288
0.0093
-0.0194
-0.0644
-0.1029
-0.1217
-0.1280
-0.1057
-0.0725
-0.0109
0.0489
0.1154
0.1473
0.1679
0.1573
0.1547
0.1566
0.1814
0.2129
0.2524
0.2689
0.2781
0.2576
0.2346
0.2134
0.2033
0.2212
0.2367
0.2528
0.2258
0.1690
0.0757
-0.0185
-0.1015
-0.1558
-0.1812
-0.1860
-0.1773
-0.1780
-0.1921
-0.2352
-0.2935
-0.3725
-0.4506
-0.5335
-0.5964
-0.6493
-0.6807
-0.7069
-0.7275
-0.7397
-0.7433
-0.7280
-0.7065
-0.6819
-0.6665
-0.6629
-0.6663
-0.6675
-0.6627
-0.6444
-0.6298
-0.6155
-0.6170
-0.6247
-0.6383
-0.6565
-0.6784
-0.7107
-0.7467
-0.7818
-0.8073
-0.8264
-0.8404
-0.8593
-0.8669
-0.8645
-0.8306
-0.7836
-0.7283
-0.6848
-0.6667
-0.6660
-0.6973
-0.7414
-0.8103
-0.8878
-0.9723
-1.0471
-1.1070
-1.1238
-1.1047
-1.0190
-0.9087
-0.7753
-0.6785
-0.6263
-0.6265
-0.6625
-0.7033
-0.7468
-0.7756
-0.7990
-0.8066
-0.7959
-0.7609
-0.7051
-0.6312
-0.5611
-0.5028
-0.4731
-0.4721
-0.4807
-0.4977
-0.4968
-0.4897
-0.4779
-0.4621
-0.4680
-0.4695
-0.4935
-0.5010
-0.5039
-0.4788
-0.4382
-0.3814
-0.3299
-0.2722
-0.2337
-0.1839
-0.1658
-0.1504
-0.1874
-0.2383
-0.3253
-0.3956
-0.4479
-0.4474
-0.3968
-0.3054
-0.1906
-0.0929
-0.0272
-0.0124
-0.0333
-0.0729
-0.1061
-0.1282
-0.1143
-0.0864
-0.0120
0.0555
0.1423
0.1928
0.2441
0.2744
0.3150
0.3520
0.3909
0.4196
0.4411
0.4476
0.4422
0.4112
0.3641
0.2916
0.2264
0.1555
0.1245
0.1000
0.1272
0.1609
0.2307
0.2942
0.3618
0.4080
0.4357
0.4352
0.4168
0.3810
0.3475
0.3080
0.2797
0.2408
0.2116
0.1722
0.1514
0.1436
0.1720
0.2276
0.3020
0.3718
0.4195
0.4323
0.4196
0.3821
0.3510
0.3135
0.2945
0.2637
0.2492
0.2410
0.2754
0.3417
0.4354
0.5143
0.5572
0.5464
0.5051
0.4491
0.4112
0.3854
0.3699
0.3437
0.2942
0.2371
0.1699
0.1414
0.1348
0.1855
0.2490
0.3260
0.3712
0.3791
0.3435
0.2763
0.2054
0.1387
0.1085
0.0994
0.1305
0.1691
0.2226
0.2572
0.2766
0.2585
0.2269
0.1778
0.1527
0.1213
0.1037
0.0432
-0.0297
-0.1346
-0.2196
-0.2932
-0.3356
-0.3725
-0.4033
-0.4378
-0.4699
-0.5001
-0.5265
-0.5603
-0.5983
-0.6627
-0.7376
-0.8387
-0.9259
-1.0037
-1.0358
-1.0439
-1.0215
-0.9998
-0.9756
-0.9580
-0.9371
-0.9084
-0.8826
-0.8614
-0.8615
-0.8820
-0.9168
-0.9759
-1.0481
-1.1511
-1.2682
-1.3872
-1.4753
-1.5060
-1.4731
-1.4031
-1.3420
-1.3311
-1.3774
-1.4592
-1.5315
-1.5778
-1.5786
-1.5650
-1.5413
-1.5376
-1.5414
-1.5552
-1.5471
-1.5296
-1.4741
-1.4233
-1.3464
-1.3012
-1.2447
-1.2246
-1.1750
-1.1274
-1.0416
-0.9670
-0.9066
-0.8802
-0.8667
-0.8505
-0.8120
-0.7780
-0.7481
-0.7582
-0.7749
-0.8035
-0.8072
-0.8116
-0.8027
-0.8136
-0.7996
-0.7828
-0.7153
-0.6609
-0.6004
-0.6116
-0.6453
-0.7293
-0.7835
-0.8149
-0.7991
-0.7629
-0.7355
-0.7099
-0.6924
-0.6383
-0.5552
-0.4362
-0.3183
-0.2296
-0.1812
-0.1989
-0.2425
-0.3342
-0.4053
-0.4724
-0.4793
-0.4592
-0.3995
-0.3551
-0.3234
-0.3353
-0.3627
-0.3928
-0.3960
-0.3575
-0.2893
-0.2117
-0.1474
-0.1131
-0.0909
-0.0877
-0.0829
-0.0952
-0.1105
-0.1396
-0.1551
-0.1729
-0.1601
-0.1486
-0.1070
-0.0710
-0.0220
0.0067
0.0232
0.0062
-0.0260
-0.0735
-0.1100
-0.1285
-0.1158
-0.0709
-0.0049
0.0697
0.1178
0.1336
0.0900
0.0261
-0.0641
-0.1168
-0.1529
-0.1334
-0.1018
-0.0437
0.0013
0.0406
0.0406
0.0233
-0.0396
-0.0920
-0.1682
-0.2086
-0.2636
-0.3009
-0.3491
-0.3917
-0.4137
-0.4193
-0.3854
-0.3421
-0.2753
-0.2244
-0.1824
-0.1836
-0.2151
-0.2836
-0.3566
-0.4169
-0.4386
-0.4243
-0.3863
-0.3544
-0.3461
-0.3651
-0.3901
-0.3945
-0.3567
-0.2941
-0.2164
-0.1864
-0.1735
-0.2137
-0.2284
-0.2492
-0.2390
-0.2411
-0.2477
-0.2710
-0.2958
-0.3225
-0.3397
-0.3534
-0.3587
-0.3634
-0.3690
-0.3871
-0.4071
-0.4412
-0.4502
-0.4432
-0.3858
-0.2980
-0.2044
-0.1240
-0.1080
-0.1246
-0.1913
-0.2434
-0.2804
-0.2651
-0.2224
-0.1563
-0.1134
-0.0831
-0.0903
-0.0866
-0.0985
-0.0806
-0.0878
-0.0707
-0.0920
-0.0937
-0.1265
-0.1370
-0.1494
-0.1384
-0.1175
-0.0991
-0.0862
-0.0931
-0.1013
-0.1061
-0.0847
-0.0334
0.0447
0.1277
0.1879
0.2032
0.1732
0.1179
0.0741
0.0587
0.0835
0.1123
0.1454
0.1475
0.1659
0.1875
0.2549
0.3262
0.3905
0.4215
0.4142
0.4054
0.3868
0.3870
0.3673
0.3415
0.2994
0.2668
0.2549
0.2629
0.2843
0.2977
0.3004
0.2926
0.2877
0.3036
0.3452
0.4161
0.4993
0.5806
0.6373
0.6644
0.6575
0.6381
0.6122
0.5995
0.5893
0.5878
0.5803
0.5796
0.5746
0.5878
0.6137
0.6688
0.7531
0.8398
0.9338
0.9747
0.9927
0.9545
0.9161
0.8841
0.8831
0.9062
0.9287
0.9391
0.9235
0.8886
0.8356
0.7763
0.7177
0.6867
0.6820
0.7185
0.7648
0.8131
0.8425
0.8512
0.8592
0.8647
0.8901
0.9068
0.9155
0.8843
0.8300
0.7466
0.6706
0.6047
0.5709
0.5620
0.5748
0.5915
0.5996
0.5870
0.5406
0.4789
0.3879
0.3264
0.2789
0.2972
0.3452
0.4124
0.4583
0.4573
0.4173
0.3533
0.2929
0.2599
0.2458
0.2660
0.2906
0.3415
0.3777
0.4222
0.4240
0.4233
0.3900
0.3775
0.3703
0.3879
0.4135
0.4292
0.4353
0.4031
0.3644
0.2897
0.2289
0.1518
0.0923
0.0227
-0.0539
-0.1398
-0.2321
-0.2904
-0.3163
-0.2801
-0.2351
-0.1763
-0.1587
-0.1454
-0.1485
-0.1320
-0.1079
-0.0769
-0.0494
-0.0240
0.0020
0.0349
0.0661
0.0942
0.1108
0.1236
0.1343
0.1502
0.1637
0.1756
0.1824
0.1943
0.2201
0.2605
0.3118
0.3534
0.3757
0.3686
0.3313
0.2808
0.2148
0.1763
0.1462
0.1628
0.1705
0.1833
0.1533
0.1207
0.0783
0.0770
0.0830
0.1168
0.1241
0.1327
0.1158
0.1050
0.0851
0.0744
0.0646
0.0700
0.0800
0.1001
0.1065
0.1107
0.0914
0.0741
0.0471
0.0310
0.0265
0.0379
0.0645
0.0933
0.1082
0.1121
0.0950
0.0878
0.0789
0.0874
0.0912
0.0985
0.0955
0.0998
0.0948
0.1033
0.0952
0.0940
0.0740
0.0567
0.0334
0.0170
0.0036
-0.0024
-0.0094
-0.0076
-0.0017
0.0219
0.0515
0.0846
0.1032
0.1145
0.1180
0.1380
0.1626
0.1990
0.2267
0.2548
0.2891
0.3304
0.3798
0.4127
0.4323
0.4331
0.4359
0.4449
0.4665
0.4964
0.5412
0.6012
0.6873
0.7735
0.8489
0.8746
0.8575
0.8079
0.7533
0.7180
0.6956
0.6912
0.6886
0.6930
0.6987
0.6984
0.6947
0.6732
0.6571
0.6273
0.6180
0.5965
0.6012
0.5913
0.6032
0.5980
0.6033
0.5986
0.6000
0.6007
0.6062
0.6112
0.6256
0.6412
0.6653
0.6821
0.6868
0.6731
0.6351
0.5838
0.5230
0.4742
0.4463
0.4429
0.4600
0.4762
0.4976
0.5054
0.5281
0.5448
0.5791
0.6059
0.6318
0.6423
0.6321
0.6042
0.5618
0.5213
0.4944
0.4830
0.4843
0.4846
0.4748
0.4605
0.4371
0.4289
0.4155
0.4191
0.4070
0.4063
0.3921
0.3901
0.3760
0.3618
0.3250
0.2800
0.2155
0.1602
0.1006
0.0711
0.0463
0.0582
0.0758
0.1197
0.1578
0.1871
0.1916
0.1614
0.1380
0.1126
0.1449
0.1806
0.2363
0.2572
0.2674
0.2669
0.2842
0.3024
0.3213
0.2925
0.2386
0.1406
0.0592
-0.0097
-0.0358
-0.0523
-0.0680
-0.1068
-0.1582
-0.2072
-0.2310
-0.2184
-0.1785
-0.1180
-0.0672
-0.0236
-0.0209
-0.0435
-0.1098
-0.1861
-0.2644
-0.3242
-0.3666
-0.3937
-0.4042
-0.3910
-0.3548
-0.3205
-0.2967
-0.3199
-0.3405
-0.3695
-0.3532
-0.3303
-0.3066
-0.3151
-0.3470
-0.3980
-0.4288
-0.4613
-0.4576
-0.4674
-0.4488
-0.4469
-0.4214
-0.4079
-0.3762
-0.3572
-0.3350
-0.3367
-0.3480
-0.3835
-0.4095
-0.4327
-0.4035
-0.3526
-0.2488
-0.1647
-0.0876
-0.0758
-0.0876
-0.1316
-0.1561
-0.1800
-0.1779
-0.1876
-0.1768
-0.1727
-0.1531
-0.1457
-0.1470
-0.1657
-0.1894
-0.2250
-0.2539
-0.2875
-0.2899
-0.2747
-0.2396
-0.2192
-0.2436
-0.3017
-0.3923
-0.4628
-0.5150
-0.5407
-0.5576
-0.5922
-0.6246
-0.6662
-0.6679
-0.6399
-0.5677
-0.4778
-0.3930
-0.3192
-0.2782
-0.2432
-0.2382
-0.2320
-0.2516
-0.2642
-0.2847
-0.2862
-0.2808
-0.2634
-0.2419
-0.2180
-0.1871
-0.1514
-0.1148
-0.0894
-0.0804
-0.1032
-0.1230
-0.1566
-0.1310
-0.0983
-0.0193
0.0128
0.0112
-0.0533
-0.1322
-0.1900
-0.2106
-0.1880
-0.1597
-0.1346
-0.1492
-0.1873
-0.2560
-0.3029
-0.3207
-0.2790
-0.2075
-0.1305
-0.0771
-0.0578
-0.0570
-0.0689
-0.0725
-0.0805
-0.0721
-0.0677
-0.0431
-0.0244
-0.0001
0.0084
0.0074
-0.0036
-0.0192
-0.0264
-0.0249
-0.0020
0.0337
0.0770
0.1174
0.1367
0.1507
0.1420
0.1458
0.1362
0.1397
0.1306
0.1290
0.1271
0.1368
0.1512
0.1590
0.1514
0.1186
0.0773
0.0362
0.0191
0.0257
0.0595
0.1080
0.1650
0.2184
0.2584
0.2830
0.2904
0.2955
0.3036
0.3167
0.3397
0.3555
0.3848
0.4017
0.4293
0.4306
0.4236
0.3906
0.3546
0.3246
0.3083
0.3132
0.3348
0.3662
0.4120
0.4465
0.4837
0.4974
0.5027
0.4926
0.4740
0.4541
0.4383
0.4362
0.4513
0.4788
0.5003
0.5116
0.4871
0.4628
0.4139
0.3959
0.3637
0.3654
0.3552
0.3727
0.3913
0.4260
0.4716
0.5104
0.5468
0.5489
0.5301
0.4916
0.4597
0.4455
0.4531
0.4572
0.4633
0.4493
0.4487
0.4447
0.4539
0.4502
0.4415
0.4278
0.4353
0.4762
0.5529
0.6389
0.7014
0.7148
0.6834
0.6366
0.6045
0.6107
0.6322
0.6716
0.6833
0.7097
0.7131
0.7430
0.7480
0.7508
0.7221
0.6807
0.6326
0.5839
0.5408
0.4944
0.4458
0.3970
0.3494
0.3146
0.2817
0.2591
0.2271
0.1961
0.1484
0.1041
0.0541
0.0297
0.0242
0.0569
0.1142
0.1841
0.2558
0.2919
0.2975
0.2547
0.1809
0.1021
0.0058
-0.0598
-0.1332
-0.1589
-0.1744
-0.1546
-0.1402
-0.1344
-0.1510
-0.1778
-0.1984
-0.1948
-0.1632
-0.0960
-0.0178
