1.67813015
1.80990187
1.91359856
1.87018307
2.01351424
2.11986657
2.11077648
2.09417472
2.05230834
2.03218484
2.08500113
1.97781956
1.98616404
2.01093293
1.97585796
1.92378078
2.12512589
2.12852215
2.00677021
1.95979048
2.11236274
1.91261848
1.95949836
2.28162017
2.15816758
2.04581525
2.23142769
2.20101387
2.26739011
2.17988178
2.26111325
2.28026276
2.34341896
2.37795650
2.39902322
2.40484390
2.43210780
2.46866616
2.33028968
2.36034630
2.32368056
2.47673666
2.49391097
2.37211026
2.34892033
2.47196467
2.38915184
2.39348097
2.44135068
2.34889504
2.47850410
2.35182448
2.31904371
2.31375548
2.38160045
2.21323149
2.29496395
2.23500049
2.34118528
2.37088047
2.31789498
2.24502182
2.33492377
2.29821044
2.36980006
2.47032739
2.38439098
2.21454533
2.37566990
2.36955065
2.26174580
2.35128502
2.41008725
2.43849253
2.48565066
2.38053907
2.28399903
2.40292617
2.41271385
2.49061042
2.40460716
2.47357596
2.49648981
2.38031727
2.37374053
2.27972023
2.29045280
2.32544157
2.08900302
2.26117429
2.23647207
2.26707098
2.34622608
2.20259892
2.26772824
2.32404818
2.34047926
2.47168326
2.29046477
2.24169352
2.23606123
2.40546466
2.16172521
2.45422809
2.42967908
2.46413415
2.42220625
2.27764850
2.32735101
2.51919317
2.56029196
2.37830952
2.19785351
2.48122185
2.38425025
2.16831353
2.23936983
2.27156716
2.34791223
2.32801664
2.09311906
2.29759709
2.36805904
2.20599990
2.15576661
2.37253073
2.11871018
2.25831568
2.30028828
2.22368078
2.10461249
2.17079668
2.32555077
2.37645763
2.44612997
2.42169659
2.26367171
2.48540555
2.35668566
2.41473836
2.33968463
2.09545909
2.35618513
2.44922454
2.53075121
2.44556145
2.39903905
2.52014933
2.34751033
2.47849111
2.37648961
2.52384731
2.32734239
2.35212668
2.38298537
2.32801990
2.28771426
2.32820529
2.24216961
2.30769293
2.19657945
2.22091618
2.20321367
2.29071151
2.34671142
2.45699038
2.31035466
2.48235835
2.51923400
2.57938037
2.54499299
2.52530781
2.52500877
2.39138476
2.66228038
2.64379095
2.74783852
2.57946662
2.65934985
2.58353025
2.50312096
2.61914292
2.73801851
2.52365627
2.60158237
2.57698860
2.63358467
2.35266555
2.47857310
2.42715455
2.35608123
2.64362564
2.38488707
2.74435828
2.59674567
2.65784411
2.61872262
2.46750272
2.63474836
2.52453618
