-1.1544
-0.8352
-1.1022
-1.0980
-0.8798
-1.0907
-1.1725
-0.6162
-0.6358
-0.7192
-0.8891
-1.0127
-1.0402
-1.1699
-0.8796
-1.0120
-1.0134
-0.8474
-0.6969
-0.9782
-1.1574
-0.8158
-1.1111
-0.5934
-1.0067
-0.9464
-1.0796
-0.8408
-1.0500
-1.0001
-0.8357
-0.9711
-0.9635
-1.0603
-1.1431
-1.0834
-1.1115
-0.8574
-1.1227
-0.8246
-0.7282
-0.9228
-0.7343
-1.0267
-0.8322
-1.0476
-0.8498
-0.7841
-0.5787
-0.6235
-0.1911
-0.2873
-0.4940
-0.8736
-0.3434
-0.9542
-0.7788
-0.9977
-1.1733
-1.0557
-0.9560
-0.8463
-1.0039
-0.6416
-0.7688
-1.0697
-0.9014
-0.4508
-0.3813
-0.5188
-0.8441
-0.6945
-1.0535
-1.0671
-1.1261
-1.1394
-0.9021
-0.9096
-0.9040
-0.8682
-0.5837
-0.9197
-0.8400
-0.5202
-0.9927
-0.4860
-0.7145
-1.1707
-0.8362
-0.8070
-0.7105
-0.8381
-0.6690
-0.4964
-0.5581
-0.9057
-0.9600
-0.8687
-0.8519
-0.8262
-0.5028
-0.7845
-0.4561
-0.4976
-0.7050
-0.2496
-0.6998
-0.5616
-0.2572
-0.7882
-0.5256
-0.9219
-0.5774
-1.0000
-0.8939
-0.5197
-0.7148
-0.9413
-0.7525
-1.1136
-1.0205
-1.0493
-1.0305
-0.8628
-0.8754
-0.8056
-0.4148
-0.8690
-0.9369
-1.0665
-0.8464
-0.0962
-0.5672
-0.3359
-0.5808
-0.5336
-0.0579
-0.0051
-0.1086
-0.6637
-0.6807
-0.8230
-0.7900
-0.7590
-0.2161
-0.2988
0.0213
0.2448
0.8826
-0.0436
0.0707
-0.1054
-0.0385
-0.0253
-0.0490
0.1273
0.4220
0.2138
-0.0147
0.5262
0.0641
-0.0032
-0.1871
-0.1817
-0.1619
0.2168
-0.3023
-0.2973
0.0247
-0.1256
0.0298
0.1420
0.1041
0.2480
0.1008
-0.0878
-0.1782
0.5072
0.4523
-0.0710
-0.0840
-0.1686
0.3751
0.1797
0.4258
0.4763
-0.1118
0.1762
0.2692
-0.2373
-0.3552
0.0453
-0.0495
-0.2731
-0.5491
-0.6495
-0.5882
-0.5810
-0.5582
-0.2427
-0.6739
-0.9528
-0.3494
-0.5289
0.4684
-0.4106
-0.4887
-0.3846
-0.6174
-0.6590
-0.5129
-0.0644
0.1670
0.1789
0.0600
0.3121
-0.0616
0.0273
0.0722
0.7411
0.5124
0.1995
0.7884
-0.1778
-0.0111
-0.1102
0.4738
0.7518
0.2303
-0.3101
-0.1180
0.1684
0.4502
0.1409
-0.1788
-0.1828
-0.5482
-0.0399
-0.5450
-0.5352
-0.0266
0.1748
0.0376
-0.4627
-0.2403
-0.4956
-0.2656
-0.7787
-0.4416
-0.2802
-0.1180
-0.6634
-0.2752
-0.5448
-0.8339
-0.5687
-0.6312
-0.1131
-0.4573
-0.0804
-0.4951
-0.2835
-0.8668
-0.7727
-0.5302
0.0196
0.0673
-0.0842
-0.3672
0.3307
-0.1263
-0.1738
-0.4712
-0.6463
-0.2886
-0.6157
-0.5706
-0.7493
-0.7296
-0.8983
-0.5540
-0.7766
-0.5648
-0.5744
-0.6882
-0.5078
-0.3008
-0.7408
-0.4441
-0.9063
-0.4853
-0.8815
-0.8908
-0.6365
-0.7597
-0.8570
-0.3439
-0.4841
-0.3372
-0.4423
-0.1087
-0.0297
0.3093
0.2354
0.4232
0.1084
-0.0536
0.3272
0.5744
1.2452
1.2044
1.0010
1.0041
0.6235
0.8304
0.5337
0.9549
0.6719
1.4420
0.9092
1.1599
1.1325
1.1431
0.6678
0.7932
0.5515
0.5233
0.5821
0.5168
0.7600
0.7389
0.4758
0.3556
0.5614
0.3860
0.4814
1.3261
0.9676
1.0815
1.0302
0.8239
1.0132
1.3049
0.9658
1.1838
0.6169
0.9435
1.2531
1.0177
2.4069
1.4108
1.5904
1.5648
1.1806
1.6428
1.4729
2.0315
1.8488
2.1071
2.5353
1.7749
1.9844
1.6203
1.7704
1.8408
1.5031
1.7115
1.5004
1.6762
1.9128
1.9549
1.7840
1.6786
1.8359
1.4162
1.8318
2.2395
2.0463
2.5323
1.8424
2.4175
2.5888
2.4605
2.0687
1.9187
1.5480
1.3736
2.0839
1.6336
1.8430
1.6292
2.3314
1.5217
2.0414
2.0217
2.3958
2.3352
2.6730
2.0542
2.5054
2.1005
1.7842
1.9331
1.7079
2.1007
1.8895
2.3113
2.6553
1.8883
2.4131
1.6106
2.0351
1.5842
1.8149
1.9609
1.7485
2.0189
1.4686
1.6552
1.2350
0.7348
0.7477
0.6804
0.8419
1.0527
1.6896
0.9313
0.6504
0.8509
0.7776
1.0733
1.0710
1.0857
0.6876
0.8304
0.4586
0.8940
0.8141
1.3260
1.2972
1.7915
1.3407
0.7961
0.9711
0.4742
0.3355
0.4014
0.4478
0.7577
0.8635
1.0685
0.9170
1.1896
1.1612
0.5070
0.2786
0.4446
0.5008
0.5789
0.3404
0.5398
0.7674
0.3474
0.7530
0.7225
0.5735
0.2959
0.5333
0.6807
0.2822
0.5796
0.1423
0.2863
0.1696
-0.0487
0.1210
0.0027
0.5974
0.4749
0.5304
0.4099
0.4733
0.1341
0.1769
0.2190
0.1932
0.1614
-0.1627
0.4665
-0.1381
0.3731
0.0476
0.4329
0.4204
0.9161
0.5443
0.7760
0.6338
0.3195
0.3850
0.0707
0.1192
0.2078
0.8422
0.1260
0.0853
0.1791
0.1184
-0.1862
-0.3597
-0.3826
-0.3681
-0.3389
-0.3292
-0.2337
-0.2677
-0.0269
-0.0371
0.3766
0.1892
0.5498
-0.1149
-0.3381
-0.2313
-0.3809
-0.3943
-0.1632
-0.4629
-0.2435
-0.5303
-0.4252
-0.2318
-0.2034
-0.2826
-0.2376
-0.3075
-0.4052
-0.2665
-0.6194
-0.7070
-0.6449
-0.6753
-0.7025
-0.8490
-0.7914
-1.0547
-1.0672
-0.9826
-0.7187
-0.7321
-0.7087
-0.6140
-0.7128
-0.7589
-0.9073
-1.0097
-1.1010
-1.1791
-0.7905
-1.0319
-1.0030
-1.1592
-1.1126
-1.0305
-1.0461
-1.0299
-1.1178
-0.9673
-1.0531
-1.0973
-1.1142
-0.9197
-0.8778
-1.0726
-1.0278
-1.0568
-0.8418
-0.8718
-0.8483
-1.0536
-0.9804
-0.9812
-0.7943
-0.8583
-1.1018
-1.1296
-1.0570
-0.9939
-1.1163
-1.0668
-1.0813
-1.1293
-0.8098
-0.7671
-1.1626
-1.1032
-0.9833
-0.9370
-0.8877
-0.4663
-1.0289
-0.8591
-0.7476
-0.8862
-0.8685
-0.6912
-1.1461
-1.1151
-0.9824
-0.9241
-1.0994
-0.8507
-0.9304
-0.7330
-0.8275
-0.3254
-0.5081
-0.9360
-0.9434
-0.7843
-1.0445
-1.0402
-0.8171
-1.1105
-0.3195
-0.9663
-0.8849
-1.0883
-0.6121
-0.8264
-0.9911
-0.7984
-0.8018
-0.7628
-1.0407
-1.0333
-0.9456
-1.0574
-0.7231
-1.0772
-1.1723
-1.0970
-0.7600
-0.5487
-0.9754
-0.7377
-1.0206
-0.5898
-0.8852
-0.8028
-0.8547
-0.7826
-0.9850
-0.9453
-1.1409
-0.7932
-1.1052
-1.0811
-0.9960
-1.1689
-0.4585
-1.0310
-0.6535
-0.2101
-0.7940
-0.6298
-0.7518
-0.7027
-0.8470
-0.4075
-0.1589
-0.7233
-0.9511
-0.7487
-0.8181
-0.8981
-0.3856
-0.8466
-0.7238
-0.3428
-0.4161
-0.6977
-0.8255
-0.8394
-0.8087
-0.9696
-0.8201
-0.6475
-0.7780
-0.5061
-0.7006
-0.5601
-0.7571
-0.9324
-0.7314
-0.3394
-0.8493
-0.8642
-1.0463
-0.7238
-0.6346
-0.6305
0.0934
-0.5596
-0.3484
-0.1871
-0.1307
-0.1072
-0.2531
-0.3213
-0.4457
-0.7007
-0.6969
-0.1849
-0.8789
-0.3899
-0.8395
-0.3729
-0.6098
-0.8949
-0.8383
-0.6526
-0.2395
-0.9924
-0.4595
-0.5407
-0.5525
0.4189
-0.6659
-0.3382
-0.3049
0.1359
-0.3255
0.8850
-0.3028
-0.3726
-0.3846
-0.2902
-0.6215
-0.2370
-0.2287
-0.2672
-0.1182
0.1853
0.1622
0.4509
-0.1113
0.7586
0.2255
0.9900
0.4415
0.6309
0.6025
1.5861
1.6063
1.0821
0.8645
1.5216
1.1090
0.5126
0.6111
0.4719
0.3162
-0.0184
0.2222
0.4542
0.4072
0.5898
0.8274
0.4383
1.3072
0.9559
1.0323
1.2910
0.6927
0.8512
0.8452
0.8008
0.8064
1.0084
0.8899
0.4411
0.5462
0.3184
0.3667
0.6147
0.7780
0.4208
0.6441
0.3508
0.3007
1.3801
0.8288
0.6797
0.5941
0.5872
0.6231
0.7388
1.0974
1.1121
1.2384
0.8894
0.9092
1.1109
1.2595
1.2745
1.9413
1.8205
1.5306
1.3002
1.0723
0.8978
1.2162
0.9636
0.8645
1.0231
0.5007
0.9557
0.6714
1.0736
0.7041
0.9162
0.3681
0.8791
0.3535
0.5788
0.8388
0.6638
0.5719
0.8130
1.1423
0.5689
0.6416
1.0702
0.4333
0.6902
0.5191
0.3227
0.1927
0.7232
0.6240
1.0767
0.4002
0.7749
0.5767
0.8563
0.9585
1.5358
1.0666
1.1569
1.2409
0.8766
0.7738
1.0967
0.9884
0.7465
0.9419
0.8056
0.4988
1.3915
1.2754
0.8765
1.3398
1.0050
0.9031
1.4567
1.8344
1.9961
2.2487
2.0662
1.5125
1.3080
0.8995
0.8395
0.8279
1.0009
1.2794
1.3882
1.6621
1.9253
1.8080
1.9824
1.6439
1.8784
1.7290
1.3992
1.3494
1.3297
1.6667
1.0206
0.8394
1.2816
1.5895
1.2980
1.1561
1.4674
1.2928
1.2161
1.8346
1.3398
1.6478
1.5516
1.6169
1.2597
1.1022
1.0541
1.4996
0.6255
0.8762
0.9295
0.9952
0.6008
0.9175
0.5180
0.3925
0.3080
0.4619
0.2997
0.5659
0.4516
0.4305
0.4547
0.4978
0.7212
0.8106
1.1092
0.8965
0.8033
1.0271
1.2395
1.0102
1.3273
1.5514
1.2568
1.3480
1.1747
1.2163
1.0755
1.0832
1.0911
1.2740
1.3230
1.2167
1.2953
1.1990
1.4315
1.1980
1.2085
1.0431
1.2722
1.5954
1.5077
1.1338
0.9526
0.8059
0.7677
0.6931
0.5642
0.5212
0.3383
0.3731
0.3940
0.4771
0.6755
0.7833
0.7860
0.9474
0.9579
0.9895
1.0519
1.1825
1.2752
1.4034
1.2114
1.3376
0.9944
1.2328
0.9943
1.2583
1.0972
1.0582
0.9550
1.1096
0.7375
1.0164
0.5982
0.7619
0.6423
0.7962
0.7342
0.9233
0.8519
1.0379
1.1667
1.0929
1.0620
1.1372
1.1846
0.9829
0.9740
0.9275
0.9511
0.8954
1.1046
1.0393
1.0368
1.0424
0.9111
0.8127
0.7894
0.7032
1.1329
0.6141
0.5771
0.4527
0.6594
0.2769
0.4467
0.2519
0.0394
0.0165
0.1269
0.2174
0.3870
0.4731
0.7310
0.5416
0.7894
0.7095
0.9699
1.0528
1.2779
0.9537
0.6017
0.5485
0.4312
0.0274
0.0753
-0.0809
-0.1089
0.3829
-0.0697
0.0494
0.0575
0.1286
0.3658
0.1534
0.1801
0.0938
0.3110
0.4194
0.3265
0.3177
0.2488
-0.0082
-0.0128
-0.2482
0.0659
-0.0687
-0.2062
-0.2055
-0.3737
-0.3855
-0.5166
-0.4689
-0.3959
-0.3781
-0.1042
-0.2398
-0.0348
0.0686
-0.0374
-0.2220
-0.2066
-0.4469
-0.4937
-0.2846
-0.4285
-0.2811
-0.5148
-0.6485
-0.7379
-0.7675
-0.7930
-0.7620
-0.8405
-0.5942
-0.5550
-0.8411
-0.6571
-1.0870
-0.8833
-0.9916
-0.9075
-0.9874
-1.1228
-1.0045
-1.0796
-0.9558
-0.8732
-0.6603
-0.8654
-0.9979
-0.7978
-0.7226
-1.0619
-0.9907
-1.0684
-0.8728
-1.0416
-0.7717
-0.7130
-0.7922
-0.6319
-1.0106
-0.9626
-0.8808
-0.6777
-1.0834
-1.1168
-0.4401
-1.0276
-1.1155
-0.7818
-0.6046
-1.0896
-0.6915
-1.0120
-0.7671
-0.3308
-1.0144
-0.7527
-0.8212
-0.8581
-0.8012
-0.9383
-0.3963
-0.9298
-1.0504
-0.5747
-1.1668
-1.1348
-0.6481
-0.7550
-0.6664
-0.8346
-0.6936
-0.6090
-0.3417
0.0998
-0.4573
-0.6954
-0.9847
-0.6280
-0.9723
-1.1021
-0.4480
-0.8528
-0.6255
-0.9474
-0.8921
-0.6521
-0.2718
-0.0490
-0.1662
-0.0424
-0.4096
-0.7818
-0.7536
-0.7806
-0.7345
-1.1134
-0.2578
-0.1694
-0.4139
-0.2031
-0.4722
-0.8410
-0.6029
-0.5899
-0.3782
-0.3652
0.0152
0.1047
-0.6635
-0.7031
-0.3615
-0.4298
-0.4376
0.0148
-0.4522
-0.3938
-0.3056
-0.7314
-0.8510
-0.7527
-0.7875
-0.4037
-0.3589
-0.3072
0.0645
-0.1969
-0.3019
-0.6219
-0.7276
-0.8721
-0.7852
-0.7539
-0.3497
-0.7446
-0.4391
-0.6472
-0.5982
-0.5672
-0.5532
-0.3712
-0.0806
-0.4993
-0.3147
-0.4186
-0.0905
-0.5786
-0.1782
-0.2226
-0.0140
-0.1412
-0.1329
-0.4873
-0.3302
-0.8020
-0.9589
-0.6620
-0.5556
-0.6245
-0.3417
-0.5977
-0.3007
-0.3553
0.2081
0.7378
0.2430
0.5187
0.9223
0.9877
0.0557
0.4199
0.8879
0.3335
1.2733
0.7917
0.6597
0.7556
0.3423
0.8598
1.0716
0.8276
0.7549
0.3784
0.1981
0.0161
0.2185
0.0088
0.2187
-0.0006
0.6991
0.2593
0.4468
-0.2472
0.0941
-0.0535
0.6612
0.2177
0.6870
0.3644
0.9769
0.3819
0.3615
0.6144
0.3970
0.8110
0.7571
1.1314
0.5271
1.2253
0.5857
0.6046
0.6674
1.1988
0.7221
0.8297
0.8960
0.4819
1.2916
0.4773
0.2670
0.1260
0.0178
0.1022
-0.1537
0.2368
0.3224
0.5986
0.3195
0.3678
0.0486
0.5029
0.0997
1.3460
0.1353
0.4282
0.4714
0.4294
0.3041
-0.2755
-0.1694
0.0019
0.0032
0.2398
0.3228
0.3258
0.1167
-0.1100
0.1721
0.2009
0.0538
-0.2971
-0.1901
-0.3733
0.3017
-0.4042
-0.0639
-0.1512
-0.0517
0.2531
-0.3052
0.0732
-0.1869
0.2338
-0.5011
-0.1667
-0.0887
-0.3919
0.4301
0.8950
0.3397
-0.0045
-0.1081
0.1222
0.2261
0.0741
-0.2455
0.3062
0.2445
0.1261
0.2878
0.0153
0.4431
0.1177
0.1904
-0.0029
0.4198
0.2906
0.9734
0.1154
0.1057
-0.1993
-0.1725
-0.1646
-0.3032
0.0375
-0.1316
0.4150
0.7941
0.3193
1.0086
0.3983
1.2203
0.5272
0.6516
0.9465
0.7981
0.2518
1.0407
0.2325
0.2752
0.1966
0.0617
0.1665
-0.2636
0.2514
0.1763
0.3519
0.0331
0.2736
-0.1316
0.0409
0.1945
-0.0706
0.4668
0.2463
0.5290
0.5585
0.2870
0.3163
0.4076
0.0314
-0.1474
-0.5503
-0.6403
-0.4827
-0.5056
-0.6695
-0.5339
-0.2028
-0.1022
0.3986
0.1112
0.0653
-0.4919
-0.5033
-0.4472
0.3050
-0.1605
-0.0662
-0.0302
-0.1166
0.1064
0.1808
0.6479
0.6358
0.8633
0.8908
0.1528
0.3289
0.0400
0.2720
0.1953
-0.1430
0.0866
-0.1765
0.1188
-0.0470
-0.2234
0.1384
-0.2328
-0.1153
0.2162
-0.0176
0.3423
-0.0516
-0.1893
-0.0660
0.0399
-0.1337
0.5060
0.1913
0.5967
0.5981
0.6348
-0.0398
-0.0002
0.1250
0.1479
0.0996
-0.0667
0.4470
0.5183
0.2348
0.0248
0.4947
0.0194
0.1996
0.0186
-0.0615
0.1186
0.2000
0.4240
0.0843
0.4368
-0.0708
-0.0156
0.2579
-0.0634
-0.0449
0.1453
-0.1710
-0.2288
-0.0722
0.1813
0.2339
0.0500
-0.1744
-0.1968
0.0053
-0.3394
-0.0107
-0.2865
-0.3377
-0.4971
-0.3520
-0.4184
0.1045
-0.2979
-0.1459
-0.0762
-0.0573
-0.3643
-0.4519
0.1025
0.0956
-0.3597
0.8395
-0.0277
0.0734
0.6213
0.0465
-0.0628
0.3669
-0.0389
0.5765
0.4404
0.6169
0.8728
0.3104
0.6630
0.5261
0.6148
0.8051
0.0627
-0.3208
0.0804
0.1730
-0.2272
-0.3004
0.2208
-0.1070
0.8290
0.2339
0.2665
0.1261
-0.0730
1.0795
0.8341
1.3371
1.2163
1.8310
1.1515
1.1052
0.3863
0.5626
0.2646
0.3821
0.2455
0.4049
-0.0909
0.7091
0.7610
0.8627
0.8521
0.4368
0.3219
0.4651
0.9116
0.1346
0.3903
0.0276
0.6403
0.3049
0.3241
0.1096
0.6116
0.2464
0.4466
0.6181
0.5067
0.7878
1.1742
0.8665
0.5701
0.8212
0.9286
0.8136
0.8402
0.8936
0.6695
0.6114
0.0859
0.3020
0.3201
0.2190
0.2876
0.7898
0.3015
0.1243
0.0837
0.1938
-0.0012
-0.1013
0.2365
-0.1962
-0.1683
0.2435
-0.2698
0.4544
0.2013
0.3564
0.2819
0.1954
0.3700
0.4229
0.7946
0.2604
0.1234
0.1004
0.2493
0.2437
0.2298
-0.2242
0.1128
0.0270
0.0256
0.9103
0.3184
0.2319
0.3749
0.3767
-0.0442
0.4248
-0.0415
0.0019
0.0770
0.1360
-0.1494
0.1865
0.0325
0.3523
0.2090
0.1976
0.2434
0.4564
0.2619
0.3278
0.1863
0.9539
0.5296
0.4627
0.5489
0.6083
0.3761
0.5474
0.3317
0.5377
1.0091
1.0887
1.3297
1.2006
1.3467
1.3475
1.8936
1.3765
1.8789
1.2484
1.5568
1.2891
1.6934
1.5054
1.1349
1.3183
1.8639
1.5219
1.4019
1.8132
1.5720
1.2806
1.3600
1.5682
1.4003
1.4284
2.2796
1.5048
1.1719
2.1241
1.5933
1.7590
1.4596
1.6362
1.3956
1.6037
1.5190
1.5587
2.4023
1.6063
1.7403
1.7925
2.1242
2.3142
1.6679
1.9080
1.5447
1.5577
1.5839
2.0652
1.5378
1.4518
1.4399
2.0317
1.8174
1.9729
2.1204
1.9561
2.0152
1.7537
1.8523
1.4364
1.6941
1.8983
1.5198
1.9459
1.9435
1.8404
1.9197
1.8498
1.9000
1.7562
1.9672
1.7847
1.7548
1.2722
1.0094
1.0473
1.0770
1.1851
1.1159
1.6105
1.5535
1.4600
1.3438
1.7178
1.2103
1.0377
1.1390
1.3919
1.5224
1.4704
1.2999
0.9115
1.6612
1.0997
1.3170
1.1541
0.9198
1.1946
1.7705
2.0624
2.3780
1.8824
2.3716
1.8719
1.6869
1.2248
1.5365
0.7231
0.9322
0.8520
1.1518
1.7059
1.1688
1.0873
0.8759
0.6825
1.0963
0.9434
0.3226
0.7894
1.0496
1.1062
0.8484
0.9314
1.2950
1.3479
1.5948
1.2325
1.5292
1.0973
1.0376
1.2413
1.4033
1.5313
2.1188
1.5919
1.6867
1.4559
1.4373
1.3721
1.2323
1.9265
1.1404
1.3414
1.6352
1.2258
1.1432
0.6551
0.9403
0.8489
0.8946
0.6169
1.1352
1.0805
1.1871
1.2039
1.3569
1.3802
1.6903
1.4215
1.2769
1.2885
1.5555
1.4720
1.3264
1.0532
1.4131
1.2401
0.9357
0.8351
0.6846
0.7974
0.8011
0.7677
0.5138
0.0989
0.6160
0.3507
0.4446
0.3204
0.1019
0.2976
0.2699
0.5144
0.2267
0.0626
0.0272
0.1156
0.3973
0.1540
-0.1330
0.1860
0.3267
-0.0915
-0.1862
-0.0181
-0.1067
-0.0635
-0.1723
0.0867
-0.2574
-0.2948
-0.5181
-0.5629
-0.7778
-0.7609
-0.6496
-0.1130
-0.6329
-0.3921
-0.5498
-0.7559
-0.6041
-1.0588
-1.1184
-1.0027
-1.0204
-1.0379
-1.1732
-0.8240
-1.1272
-0.1154
-1.1320
-0.9071
-1.0236
-0.8845
-0.8033
-1.0676
-1.0891
-0.9304
-0.8634
-0.8119
-0.8977
-1.1231
-0.6199
-0.4344
-0.8697
-0.6347
-0.7400
-0.5091
-0.8516
-0.8578
-0.7814
-1.0715
-0.7901
-0.7136
-1.1751
-0.7724
-0.4542
-0.7933
-0.7585
-0.7868
-0.6767
-0.6651
-0.9898
-1.1614
-0.9348
-0.7759
-0.7984
-0.5464
-0.0951
-0.4780
-0.9211
-0.3499
-0.6341
-1.1159
-0.8383
-0.9922
-0.6168
-0.8059
-0.9928
-0.4838
-0.5863
-0.5711
-1.0267
-0.4820
-0.9293
-1.0780
-0.4289
-0.8648
-0.8525
-1.1109
-0.9552
-0.6242
-0.4262
-1.0736
-0.4822
-0.3380
-0.5925
-0.3038
-0.7744
-0.3702
-0.8927
-0.2864
-0.8330
-0.9925
-1.1583
-0.5987
-0.8207
-0.8309
-0.2599
-0.4894
-0.7344
-0.5137
-0.3984
-0.9121
-0.8735
-0.5984
-0.6443
-0.6040
-0.9035
-0.7502
-0.6716
-0.4247
-0.4193
-0.1426
-0.0549
-0.3381
-0.0166
0.0249
-0.2371
-0.3981
0.4213
0.2354
0.5295
0.2523
0.5339
0.3898
0.2506
0.1886
0.1812
0.3267
0.1792
-0.3181
-0.1968
-0.1914
-0.1711
-0.0119
-0.2052
-0.0980
0.4660
-0.3378
-0.2741
0.2898
0.2054
0.1376
-0.0888
0.5708
0.1085
-0.0809
-0.4858
-0.4217
-0.3019
0.1362
0.0826
0.5041
0.1593
0.6815
-0.0838
0.0810
-0.4200
-0.1116
-0.3425
-0.6687
-0.5710
-0.3037
-0.4004
-0.2004
0.2183
0.1912
0.5848
-0.2603
-0.5662
-0.9037
-0.6370
-1.0686
-1.0164
-1.0943
-0.9067
-0.7538
-1.0995
-0.7626
-0.6907
-1.1413
-0.9210
-0.8008
-0.7866
-0.4767
-0.6535
-0.7313
-0.8918
-1.0892
-1.0592
-1.1726
-0.9529
-0.6713
-0.5161
-0.9844
-0.6047
-0.9173
-0.5512
-0.4286
-0.9700
-0.8021
-0.9813
-0.7533
-0.7245
-1.0236
-1.1158
-0.9378
-0.8762
-1.0622
-1.0295
-0.7649
-1.1332
-0.7466
-0.9972
-0.9781
-0.7339
-1.0029
-0.8086
-0.4806
-0.8208
-1.1240
-0.6556
-0.7192
-0.7996
-0.6843
-1.1268
-1.0807
-1.1083
-0.5950
-0.6446
-1.1680
-0.9132
-0.9620
-0.6964
-0.7240
-0.9842
-0.7778
-0.9391
-1.0884
-0.8903
-0.5591
-0.6354
-0.5925
-0.1439
-0.1787
-0.3794
-0.5625
-0.9758
-0.5073
-0.5379
-0.4372
-0.0802
-0.2734
-0.1313
-0.7028
-0.7409
-0.6269
-0.6727
-0.6557
-0.7099
-0.7032
-0.5948
-0.2730
-0.5521
-0.8413
-0.8309
-0.4768
-0.6372
-0.7389
-0.7367
-0.6677
-0.4497
-0.2353
-0.2820
-0.4746
-0.3186
-0.3927
-0.3582
-0.6807
-0.6782
-0.7949
-0.8947
-0.9878
-1.1513
-0.7384
-0.6489
-0.8360
-0.6539
-0.2475
-0.6981
-0.6038
-0.6575
-0.8714
-0.6995
-0.6475
-0.5718
0.1783
0.0406
-0.4383
-0.1120
0.1034
-0.4721
-0.2844
-0.4814
-0.1947
-0.4009
-0.0117
-0.3191
-0.3788
-0.0964
-0.3808
-0.3042
-0.1737
-0.3268
-0.3373
-0.3059
-0.0552
-0.0793
-0.0239
0.2747
0.5475
0.6049
0.6732
1.0500
1.4240
1.0629
1.2842
0.9753
1.2750
0.8555
1.2827
0.9026
0.8018
0.8071
1.0675
1.0839
1.2159
1.4090
1.2394
1.1328
1.1294
1.3859
0.9793
0.7207
1.0988
0.9178
1.5645
0.8556
1.0381
1.2331
1.0781
1.7933
1.8007
1.8509
1.6341
1.8404
1.8222
1.6679
1.5653
1.9947
1.2450
2.1658
1.8022
1.7011
1.6657
1.4906
1.3469
1.6017
1.8591
1.5658
1.4329
1.5841
1.5616
1.5158
1.6050
1.2128
1.5836
1.5911
2.2886
1.8051
2.1924
2.1485
3.3514
2.3938
2.5044
2.0994
2.4795
2.0164
2.3583
2.7576
2.4768
2.9022
2.4421
2.2085
2.2196
2.1506
1.9848
1.7300
1.7251
1.5148
1.5487
2.0558
1.8846
1.9261
1.9294
2.3132
1.8661
2.3771
1.4783
1.8726
1.5675
1.0400
1.3250
1.2450
1.0050
1.1211
0.7804
1.0115
1.4865
1.1620
1.8826
2.4561
1.9137
1.1616
1.1232
2.3783
1.5533
1.4729
1.3582
0.9693
1.4390
0.7519
0.8748
1.0243
1.3460
0.9640
1.3232
1.2410
1.1731
1.3361
1.5473
0.7588
1.3302
0.9593
1.3210
0.2763
0.4420
0.8768
1.2355
0.7763
0.9286
0.5508
0.1677
0.6133
-0.0373
0.3139
-0.0244
-0.4074
-0.4725
-0.2908
-0.0114
0.0535
0.0947
0.2660
0.0643
-0.1157
-0.2044
-0.4327
0.1780
0.0539
0.0512
-0.3047
-0.4194
0.0742
0.3373
0.1187
0.1234
-0.3067
0.4728
0.4539
0.6600
0.6332
0.2980
-0.2018
-0.1830
-0.4019
-0.1453
-0.0949
-0.2168
0.2581
-0.1212
-0.0863
0.3384
-0.3540
-0.3557
-0.3794
0.2918
-0.3848
-0.4057
-0.4679
0.0077
-0.1596
-0.2729
-0.2030
-0.7939
-0.4719
-0.6370
-0.4685
-0.3593
-0.3995
-0.1022
-0.4361
-0.4023
-0.4182
-0.9677
-0.8951
-1.0413
-0.4736
0.0053
-0.7927
-0.6673
-0.5747
-0.6330
-0.1986
-0.8766
-0.4198
-0.5681
-0.6503
-0.5842
-0.7450
-0.2281
-0.1738
-0.6618
-0.1266
-0.8010
-0.2903
-0.6369
-0.5877
-0.7992
-1.0170
-0.9839
-0.8502
-1.1123
-1.1271
-1.0026
-0.9215
-0.5090
-0.3734
-0.7272
-0.4658
-0.5114
-0.2656
-0.4236
-0.9238
-0.7878
-0.8581
-0.6408
-0.6683
-0.9259
-0.9050
-0.6573
-0.6784
-0.8952
-0.9825
-1.0866
-1.0018
-1.0124
-0.8814
-0.6042
-0.7633
-0.7601
-0.7612
-0.4692
-1.0924
-1.1389
-0.5433
-0.7722
-0.5491
-0.2918
-0.3659
-0.6383
-0.3518
-0.9282
-0.5702
-0.9750
-0.6663
-1.0700
-0.8047
-0.3038
-0.4076
-0.6582
-0.4652
-0.9108
-0.9771
-0.9492
-0.3975
-0.8701
-0.7594
-0.8760
-0.9179
-0.8390
-0.3632
-0.3189
0.2200
-0.5223
-0.3518
-0.2932
-0.2291
0.3296
-0.0637
-0.3439
0.1510
-0.5101
-0.2401
0.0347
0.4224
0.2134
-0.1546
-0.1879
-0.1278
-0.3569
-0.2833
-0.0525
-0.1052
0.0717
0.2246
-0.0014
0.0837
-0.2327
0.4776
0.4694
0.8201
0.5354
0.7779
1.2025
0.9689
1.2525
1.9852
1.0990
0.7720
0.9597
0.7443
0.5980
1.2713
1.6012
1.6443
1.5070
1.5940
1.4679
1.1769
1.0359
0.9026
0.5183
0.4148
0.4775
0.3276
0.3267
0.4716
-0.0782
0.1614
0.2185
0.8555
0.0420
0.6415
0.8099
0.7051
0.5582
0.5484
0.5006
0.3362
0.3202
0.4100
0.5206
0.1036
-0.2805
-0.0042
-0.1045
-0.0343
0.0583
0.3000
0.6128
0.9389
1.2078
0.6807
0.3406
0.6791
0.4581
0.5739
0.1225
0.1004
-0.4849
-0.5912
-0.9183
-0.7355
-1.1360
-0.9210
-0.5847
-0.7911
-0.7564
-0.5620
-0.7940
-0.9280
-0.8940
-0.6404
-0.5775
-0.5141
-0.1821
-0.8097
-1.0432
-0.6560
-0.7143
-0.4959
-0.6696
-0.7934
-0.8218
-0.6942
-0.8578
-0.8435
-1.0024
-1.0274
-0.5809
-0.6697
-0.7074
-0.4069
-0.6138
-0.4359
-0.4785
-0.8918
-0.8169
-0.9026
-1.0904
-0.8920
-0.8809
-0.9444
-0.9128
-0.2362
-1.1410
-0.8933
-1.1663
-0.9487
-0.8679
-0.8780
-1.0653
-0.7668
-0.7400
-0.9879
-0.6660
-0.8877
-0.3943
-0.7892
-0.3900
-0.7964
-1.0811
-0.6134
-0.5255
-0.3983
-0.1891
-0.7916
-0.9484
-0.5632
-0.4351
-0.9482
-0.7151
-1.1164
-0.7360
-0.7908
-0.9237
-0.8936
-0.4046
-0.8077
-0.7732
-0.3127
-0.3465
-0.8317
-0.9054
-0.9748
-0.9138
-1.1142
-0.8652
-0.7762
-0.7592
-1.0792
-0.9134
-1.0685
-0.9219
-0.9904
-0.6679
-1.1819
-0.5295
-0.7061
-0.6879
-0.5309
-0.4846
-0.9760
-0.1697
-0.7485
-0.4089
-0.7569
0.2712
-0.5392
-0.1909
-0.0317
-0.4427
-0.0900
-0.3853
-0.5812
-0.3405
-0.6324
0.1201
-0.3548
-0.5681
-0.4735
-0.1375
-0.2846
-0.3860
-0.6678
-0.5572
-0.5684
0.1691
-0.1604
-0.4807
0.1754
0.2011
-0.4038
0.2775
-0.4861
-0.1847
-0.6730
-0.6241
-0.4516
-0.9895
-0.7044
-0.3063
-0.7850
-0.0666
-0.6933
-0.6563
-0.6112
-0.5111
-0.0703
-0.0444
0.0740
-0.0280
-0.1282
-0.1187
-0.0580
-0.1092
-0.0073
0.3420
0.0615
-0.0527
-0.2891
0.3840
-0.1730
-0.1502
-0.0651
-0.2954
0.1732
-0.0529
-0.1871
0.1510
-0.1377
0.6072
0.0078
0.6295
0.5863
0.7869
0.8270
0.7982
0.2504
0.3595
-0.0370
0.1805
0.0444
0.4380
0.3273
0.0628
0.0565
-0.2388
-0.3608
-0.4991
-0.2427
-0.3098
0.2403
0.0470
-0.0813
-0.0165
-0.0223
-0.1028
0.5509
-0.0240
0.0457
-0.2043
-0.1252
-0.2646
-0.0972
-0.4516
-0.2104
-0.2834
-0.2880
-0.2990
-0.5443
0.1436
-0.4237
-0.3064
-0.2940
-0.3871
-0.4474
0.0628
-0.0237
-0.2733
-0.5170
-0.2200
-0.3635
-0.6816
-0.4560
-0.7027
-0.2134
-0.6474
-0.1548
-0.5178
-0.2564
-0.3061
-0.4745
-0.1744
-0.0073
-0.1520
-0.1337
-0.0893
-0.2101
0.0063
-0.0597
0.1535
-0.3098
-0.2459
-0.6974
-0.6874
-0.3326
-0.3963
-0.1810
-0.1229
0.3623
0.1966
0.2045
0.1892
0.2733
0.0844
-0.2082
0.0221
-0.5781
0.0442
-0.3576
0.0308
0.0201
0.2399
0.2298
0.5637
0.3600
0.4579
0.1045
0.1327
0.1095
0.4309
0.2349
0.8284
1.0601
0.7173
0.6923
0.9432
0.6777
0.5027
0.7372
1.3261
1.6504
1.5791
1.1820
1.1581
0.9991
1.7203
1.6243
1.2773
1.5897
0.9164
1.2528
1.0047
1.1206
1.1270
1.1567
0.7798
1.0461
1.2061
1.1983
1.0773
0.5922
0.5767
0.7642
0.7800
0.9858
1.3023
0.7183
0.9293
0.6491
0.6382
0.4004
0.2873
0.2565
0.4385
0.3488
0.5865
0.5099
0.5771
1.0059
1.0990
1.1866
0.9289
0.9813
1.4802
1.0593
1.0584
1.0571
1.3162
0.5279
0.6773
1.1377
0.5232
0.6782
0.3410
0.6466
0.8016
0.9521
0.7523
0.5142
0.3183
0.5043
0.5092
0.0839
0.2895
0.1602
0.1016
-0.1343
0.2141
0.3854
0.0992
0.5025
0.1650
0.4520
0.4595
0.9449
1.3589
1.2034
1.4724
1.0238
1.1255
1.5120
1.0631
0.0019
-0.0539
0.1664
0.1825
0.1265
0.5245
0.3492
0.2751
0.4851
0.0986
0.3344
0.5338
0.4797
0.1858
0.2146
0.1821
-0.6179
-0.7945
-0.7464
-0.9830
-0.3878
-0.9839
-0.6059
-0.0131
-0.3449
-0.0464
0.6605
-0.2992
-0.3675
-0.4035
-0.3559
-0.3818
-0.4676
-0.2796
-0.3828
-0.4502
-0.2445
0.0053
0.0550
-0.4345
-0.4173
-0.4968
-0.5655
-0.6106
-0.7715
-0.8533
-0.0655
-0.1510
-0.1715
-0.4209
0.2753
-0.6280
-0.4768
-0.3852
-0.0620
0.2201
-0.3373
-0.6243
-0.7827
-0.7994
-0.8080
-0.9561
-0.8974
-0.5561
-0.4367
-0.6667
-0.8042
-0.4529
-0.9872
-0.9552
0.2859
-0.0858
0.1216
0.3124
0.2020
-0.1721
-0.0336
-0.3722
0.5282
-0.4246
-0.3933
-0.3971
-0.4762
-0.5870
-0.6073
0.1167
-0.7851
-0.4558
-0.7990
-0.7226
-0.5311
-0.6076
-0.5369
-0.7959
-0.5934
-0.7758
-0.5085
-0.9684
-0.8875
-0.7630
-0.5783
-0.9797
-0.7644
-0.7310
-0.5071
-0.2002
-0.4561
-0.7832
-1.0590
-0.1015
-0.8946
-0.5390
-0.7039
-0.7236
-0.7457
-0.5620
-0.7889
-0.2820
-0.6397
-0.6582
-0.5807
-0.6764
-0.2543
-0.5993
-0.3749
-0.2605
0.0556
-0.3654
-0.1555
-0.4054
-0.6918
-0.3851
-0.2275
-0.2411
-0.3971
-0.0577
-0.3714
-0.3893
-0.9055
-0.7225
-0.4666
-0.5096
-0.5654
-0.8078
-0.8381
-0.8264
-0.9257
-0.9417
-0.5754
-0.5020
-0.7493
-0.4323
-0.4556
-0.5452
-0.6009
-0.6584
-0.5962
-0.8012
-0.7346
-0.6099
-0.8334
-0.6905
-0.5766
-0.8886
-1.0855
-1.1401
-0.7323
-0.5866
-0.5378
-0.4345
-0.1140
-0.2778
-0.1805
0.0438
0.1730
-0.2927
0.0977
-0.3178
-0.1416
-0.4618
-0.3448
-0.6882
-0.5228
0.0005
-0.2758
0.1752
-0.3011
-0.1394
-0.5204
0.4653
-0.2655
-0.2313
-0.3316
-0.6176
-0.7478
-0.2952
-0.1458
0.0994
0.6655
0.3211
0.5311
0.3477
0.4473
0.0820
0.1422
-0.4476
-0.4735
-0.5160
0.2850
-0.6445
-0.6850
-0.1881
-0.5583
-0.3528
-0.6336
-0.6161
-0.4215
-0.4463
-0.8068
-0.7286
-0.1226
-0.2364
-0.1988
-0.6631
-0.3514
-0.2833
-0.0141
-0.0836
-0.1013
0.5412
0.2968
-0.0414
-0.2503
-0.2285
-0.2987
-0.4105
0.1519
-0.4443
-0.0210
-0.0907
-0.0691
-0.6760
-0.3438
-0.6553
-0.5846
-0.6354
-0.7603
-0.2866
-0.6440
-0.2654
-0.8574
-1.0314
-0.7935
-0.5711
-0.3166
-0.5539
-0.3153
-0.2918
-0.5016
-0.8764
-0.4442
-0.5870
-0.6306
-0.4657
-0.5070
-0.1372
-0.2280
0.7631
-0.4168
-0.2534
0.3114
-0.0943
-0.6074
-0.3267
-0.7298
-0.2427
-0.3355
-0.3964
-0.4282
-0.4167
-0.6484
-0.6031
0.2162
-0.1050
-0.2933
-0.4228
0.5392
-0.4050
0.2936
-0.4681
-0.3235
-0.4753
0.0168
-0.2980
0.1220
-0.2499
-0.0016
0.0306
0.5063
0.2228
0.6252
-0.1278
-0.2094
0.0227
0.1849
0.0088
0.7935
0.1064
0.2399
0.2384
-0.5518
-0.0437
-0.7201
-0.1457
-0.5487
-0.3892
-0.2127
-0.6429
-0.6155
-0.6072
-0.6529
-0.7645
-0.3622
-0.6805
-0.6522
-0.4793
-0.6835
-0.9614
-0.7135
-0.5481
-0.5935
0.0507
-0.5708
-0.2249
-0.2232
-0.2206
-0.4515
-0.6902
-0.9070
-0.8319
-0.5049
-0.1253
-0.4433
-0.0199
-0.3070
0.0883
-0.3215
-0.2377
-0.2154
-0.1901
-0.2469
-0.1829
-0.5688
-0.2833
-0.5890
-1.1095
-0.7823
-0.5441
-0.7834
-0.4068
-0.7024
-0.3490
-0.3444
-0.1620
-0.5093
-0.4062
-0.5587
-0.2568
-0.6908
-0.4038
-0.5326
-0.7070
-0.9211
-0.7008
-0.3246
-0.8611
-0.3407
-0.2398
-0.1477
-0.5299
0.0817
-0.3658
-0.3658
-0.6993
-0.0614
-0.2987
-0.3303
-0.0584
-0.6638
0.0067
-0.3044
-0.7663
-0.3062
-0.3820
0.3101
-0.2884
-0.0627
-0.1945
-0.1767
0.0771
0.4825
-0.2846
-0.3535
-0.3412
-0.6127
-0.4179
-0.2522
-0.1216
0.4821
0.0187
0.1375
0.0339
0.3779
-0.2211
0.3794
0.2303
-0.1173
-0.3986
-0.4741
-0.3140
-0.7660
-0.3835
-0.3208
-0.3982
-0.4133
-0.5572
-0.5704
-0.2440
-0.2367
0.0302
-0.9999
-0.6415
-0.9247
-0.5428
-0.4456
-0.4958
-0.6149
0.0874
0.2343
0.0481
0.4844
0.0905
-0.2458
-0.7882
-0.7747
-0.6049
-0.7134
-0.7007
-0.7386
-0.6447
0.0787
-0.4982
-0.4262
-0.7377
-0.0997
-0.7532
-0.6279
0.0666
-0.1420
-0.5881
-0.8105
-0.4663
-0.3232
-0.0272
-0.3277
-0.0399
-0.2257
0.0727
-0.0115
-0.1265
-0.0132
0.1833
-0.3579
0.2782
0.3810
0.2657
0.4067
0.9506
0.1449
0.7511
0.2164
-0.0350
0.4024
0.7333
0.6250
-0.1576
-0.1993
0.1486
-0.0127
-0.2145
0.1081
0.2805
0.2322
0.8424
0.1799
0.1459
-0.0310
0.1024
0.5652
-0.0009
0.2556
-0.0129
0.1636
0.5340
0.3049
0.5300
0.4479
0.7170
0.1449
0.2798
0.0750
0.6546
0.1109
0.0842
0.1810
0.4798
0.4477
0.4850
-0.0053
0.1392
-0.0438
0.1179
-0.2635
-0.3522
-0.0683
-0.4953
0.1860
-0.4662
-0.3494
0.0672
0.3441
0.0045
-0.1286
0.0689
0.1903
0.2572
0.6157
0.2791
0.9290
0.6598
0.4663
0.3558
0.2349
0.0943
-0.1159
0.1375
-0.1561
0.3511
-0.0249
-0.2001
-0.3437
-0.3890
-0.4544
-0.2609
-0.0043
-0.2726
-0.0032
-0.2833
0.1779
-0.0514
-0.3684
-0.1740
-0.2588
-0.3801
-0.1575
0.1744
-0.2632
-0.4922
-0.1340
-0.1495
0.7642
0.1821
-0.2087
-0.1755
-0.1539
-0.2569
-0.3172
-0.3531
-0.0735
-0.3635
-0.4453
-0.7832
-0.7582
-0.1066
-0.4328
-0.3189
-0.3063
-0.4273
-0.4258
-0.1510
-0.4454
-0.2570
-0.4455
-0.6720
-0.8621
-0.6758
-0.8998
-0.8291
-1.0721
-0.6789
-0.7751
-0.3973
-0.2223
-0.0508
0.4113
-0.2696
-0.4796
-0.5166
-0.5922
-0.5195
-0.4922
-0.3686
-0.4532
-0.3666
0.1205
-0.2711
-0.0432
-0.3074
-0.7401
-0.6648
-0.9691
-0.4911
-0.9769
-1.0306
-0.7243
-0.9270
-0.9085
-1.0524
-1.1149
-0.6142
-1.1799
-0.8343
-1.0975
-1.0908
-1.1192
-0.8345
-0.8395
-1.0063
-1.1784
-0.4448
-0.9675
-1.1245
-1.0357
-1.1212
-0.5038
-0.7646
-0.5523
-0.7439
-0.8291
-1.0229
-0.7832
-1.0634
-0.8860
-0.9137
-0.8127
-1.1137
-0.5958
-0.5558
-1.1592
-0.6932
-0.8779
-0.8905
-0.4326
-0.9191
-0.6789
-0.7223
-1.0172
-0.9281
-0.7508
-0.9068
-0.6451
-0.7587
-0.6539
-0.4139
-0.3463
-0.1587
-0.5269
-0.3670
-0.9320
-0.8650
-1.1075
-0.7437
-0.7563
-0.8970
-0.9975
-1.0322
-0.8692
-0.7001
-0.9063
-0.5489
-0.6930
-0.6046
-0.9967
-0.9626
-0.7084
-0.3434
-0.6790
-0.7263
-0.9234
-0.4622
-0.3231
-0.4900
-0.8614
-0.7300
-0.2688
-0.2738
-0.9277
-0.8621
-0.3024
-0.7154
-0.2709
-0.4529
-0.4935
-0.4111
-0.5441
0.0787
-0.6695
-0.8322
-0.7460
-0.6441
-0.4490
-0.4702
-0.3056
-0.1885
-0.7750
-0.8528
-0.6917
-0.4865
-0.0326
-0.6850
-0.1716
-0.5009
-0.7787
-0.0976
-0.4619
-0.1571
0.0719
-0.3054
0.1091
0.1090
0.1426
0.0037
-0.1388
-0.8454
-0.1048
-0.4955
-0.6208
-0.3983
-0.3748
-0.2963
-0.6042
-0.2875
-0.4223
0.0187
-0.7279
-0.1678
-0.7104
-0.3390
-0.1255
-0.4586
-0.4728
-0.2762
-0.3716
-0.3501
-0.5840
-0.5472
0.3159
-0.5759
-0.4267
-0.1207
-0.0109
0.0438
-0.1312
-0.1283
-0.3045
0.1778
-0.2695
0.5401
0.3166
-0.0252
-0.0205
-0.5165
-0.4202
-0.1567
0.5334
0.3649
-0.3178
0.2482
-0.0501
-0.3825
-0.3959
-0.2869
-0.2462
-0.4758
-0.4521
-0.1575
-0.4315
-0.3382
-0.5521
-0.1868
-0.3580
-0.4809
-0.6680
-0.5693
-0.2963
-0.1059
0.0626
-0.6533
-0.8032
-0.4977
-0.8616
-0.5948
-0.5944
-0.1698
-0.0479
-0.2201
-0.4258
-0.2274
-0.3290
-0.5179
-0.2379
-0.5482
-0.6132
-0.2834
-0.3425
-0.4334
-0.6165
0.0470
0.0974
-0.0419
0.1885
-0.1117
-0.4537
-0.5362
-0.4812
-1.0458
-0.5441
-1.1478
-0.8469
-0.5153
-0.3728
-0.7157
-0.3639
-0.2080
-0.3608
-0.3720
-0.0671
-0.7961
-0.9517
-0.8167
-0.3350
-0.6799
-0.8614
-0.4001
-0.5870
-0.0430
-0.3504
-0.2609
-0.1385
-0.1264
-0.1128
0.0662
-0.0440
-0.2041
0.0653
0.3458
0.1023
0.1265
0.3219
0.3010
0.2422
-0.1485
0.0973
-0.0140
0.1541
0.1715
0.1592
-0.1320
-0.0542
-0.2398
-0.2480
-0.2426
-0.4813
-0.2261
-0.0449
-0.0896
0.1960
0.1381
0.4785
0.6994
0.6417
0.4431
0.6473
0.4774
0.6743
0.8386
0.8303
0.6448
0.4601
0.3726
0.4232
0.6053
0.6598
0.2266
0.4538
0.0382
0.0347
0.8524
0.4881
0.2319
0.3576
0.9436
0.4531
0.7333
0.4243
0.1952
0.1728
0.4120
0.2610
0.3051
0.1883
0.1402
0.1524
0.4863
0.2831
0.4757
0.4451
0.3701
0.3123
-0.0703
0.0894
0.0005
0.2357
0.1194
0.3166
0.2646
0.4438
0.1213
0.1614
0.1700
0.5791
0.7330
0.5593
0.3055
0.3566
0.5201
0.5958
0.5323
0.4419
0.5737
1.3114
0.4953
0.4942
0.7328
0.7350
0.4609
0.3725
0.6598
0.7009
0.5923
0.3029
0.3690
0.0958
-0.0870
0.0117
-0.0421
0.3831
0.0542
-0.1743
-0.2568
-0.6193
-0.4385
-0.4729
-0.2044
-0.6070
-0.3697
-0.2941
-0.2058
-0.1335
-0.3103
-0.4835
-0.5524
-0.3287
-0.5984
-0.5195
-0.5535
-0.4928
-0.1651
-0.4997
-0.0152
-0.7585
-0.9923
-0.9235
-1.0329
-0.9454
-1.1623
-0.8671
-0.9773
-1.1466
-0.6461
-0.5924
-0.6231
-0.9476
-1.0666
-0.8793
-0.8864
-0.9988
-0.8884
-0.9361
-0.9570
-0.9614
-0.7171
-0.8131
-1.1201
-0.9095
-0.8446
-0.7122
-1.1774
-0.7516
-0.7024
-0.6349
-0.9228
-1.0151
-1.0550
-1.0917
-0.6016
-0.8923
-0.8627
-0.6199
-0.7896
-0.9121
-0.3590
-1.0580
-0.6043
-0.7860
-0.9976
-1.1296
-0.7925
-0.8157
-0.9588
-0.7915
-1.0161
-1.0675
-1.0382
-1.0071
-0.8761
-1.0917
-0.7686
-0.8097
-0.9799
-0.7347
-0.8822
-1.1008
-1.1255
-1.1526
-1.1087
-1.1344
-1.0783
-0.8334
-1.0964
-0.7494
-1.0559
-0.8231
-0.9502
-1.0540
-1.1150
-0.6872
-0.7758
-0.6427
-0.5891
-1.1076
-1.0700
-0.3409
-0.8949
-0.9685
-0.9086
-0.9496
-0.7700
-0.4531
-0.9881
-0.8799
-0.7562
-0.8886
-0.7249
-0.7100
-0.9745
-1.1474
-0.7975
-0.7282
-0.6725
-0.9274
-0.8444
-1.1810
-0.5856
-0.8627
-0.7859
-0.6224
-1.0248
-0.7674
-0.9217
-0.7474
-0.4663
-0.7311
-0.6238
-0.5164
-1.0160
-0.2977
-0.9288
-0.7678
-0.7218
-0.4887
-0.6728
-1.1044
-0.8892
-1.1122
-1.0486
-0.9157
-0.8353
-0.3941
-0.7279
-0.6146
-0.8272
-1.1798
-0.9239
-1.0074
-0.8256
-0.2825
-0.5911
-0.6876
-0.3210
-0.3830
0.2212
0.0623
-0.0810
-0.4166
-0.4714
-0.0910
-0.0003
-0.1186
-0.3997
-0.7462
-0.5942
-1.0050
-0.5740
-0.6348
-0.7280
-0.9748
-0.4899
-0.1595
-0.2078
-0.4356
-0.5267
-0.6108
-0.2767
-0.5382
-0.2883
-0.4744
-0.2239
-0.5730
-0.4009
-0.2377
-0.4217
-0.1305
-0.3253
-0.5820
-0.1578
-0.2604
0.0049
-0.3787
0.0583
-0.4524
-0.3846
-0.0005
-0.2660
-0.2065
-0.0706
-0.1821
-0.3914
-0.2597
-0.6995
-0.7871
-0.7889
-0.8477
-0.9074
-0.5232
-0.5390
-0.7076
-0.3675
-0.5876
-0.6226
-0.6842
-0.4888
-0.6570
-0.4310
-0.5732
-0.9031
-0.7349
-0.9525
-0.9275
-0.7866
-1.0166
-0.5735
-0.8582
-0.5839
-0.8141
-0.4067
-0.7286
-0.3943
-0.8344
-0.9644
-0.6423
-1.1295
-1.1626
-0.7987
-0.8732
-1.1535
-0.6610
-0.2547
-0.8594
-0.4397
-0.5450
-0.5078
-0.8756
-0.4201
-0.7797
-0.6403
-0.9634
-0.8742
-0.8461
-0.7700
-0.3309
-1.0256
-0.9866
-0.9605
-1.0227
-1.0171
-0.9149
-0.6275
-0.4981
-0.4434
-0.0261
-0.8118
-0.6454
-0.8735
-0.5778
-0.7138
-0.1899
-0.5371
-0.6611
-0.2834
-0.4326
-0.7702
-0.9345
-0.4333
-0.7800
-0.7677
-0.5193
-1.1239
-0.8216
-0.2281
-0.5338
-0.8341
-0.7602
-0.5169
-0.5896
-0.4625
-0.5923
0.0340
-0.3785
-0.4552
-0.4413
-0.3650
-0.0184
-0.6335
-0.5825
-0.7377
-0.7250
-0.4351
-0.6778
-0.4587
-0.4444
-0.0545
0.1263
0.2448
-0.1513
-0.1622
-0.5755
-0.3644
-0.5593
-0.5575
-0.5997
-0.2730
-0.1613
0.1244
0.7258
1.1848
0.8947
1.0558
1.5810
0.6815
0.9473
0.6190
0.2720
0.5032
0.5993
0.4666
0.7992
0.3173
0.2745
-0.0549
-0.0841
-0.2300
0.3741
0.4515
0.1186
0.2520
0.1790
0.5451
0.0896
0.5132
0.7011
0.5397
0.3983
0.7654
0.2600
0.7628
0.6953
0.7989
1.1666
0.6331
0.5930
1.0771
0.9726
0.9868
1.0074
1.9392
1.2355
1.3890
1.3874
1.5390
1.2806
1.8347
1.3815
1.4702
1.1922
1.1496
1.3556
1.1997
1.0079
1.3845
1.2773
0.7423
0.9154
0.5724
1.1672
1.2080
1.2440
1.5256
0.9970
1.4938
1.1479
1.2733
1.0431
0.8712
1.2363
1.1607
0.8771
0.8759
0.4401
0.5738
0.7282
0.6521
0.9004
0.8679
0.4928
0.7789
0.9896
1.1405
1.1296
1.0026
1.2504
1.5201
1.4924
1.0625
1.3581
1.5245
1.4750
1.8817
0.9823
0.9377
0.6760
0.5298
0.4383
0.6580
0.1176
0.1695
0.1160
0.1562
0.1349
0.2676
0.3084
0.2507
0.1627
0.4804
0.2603
0.5009
0.2818
0.2244
0.0572
0.0715
0.4220
0.4401
1.1460
0.7221
0.9565
1.3403
1.2395
1.1733
0.7335
0.6675
0.6936
1.0397
0.6028
0.4331
0.4905
0.4126
0.8923
0.4259
0.4236
0.5647
0.3528
0.3342
0.4390
0.4887
0.5997
0.5477
0.5217
0.3524
0.3399
0.2599
0.4550
0.2520
0.4803
0.3511
0.4026
0.3627
0.3033
0.2691
0.2060
0.2340
0.1600
0.1599
0.1105
0.0895
0.0668
0.0148
-0.0084
-0.0545
-0.0142
-0.0370
0.0183
-0.0143
-0.0034
-0.0003
-0.0138
0.1715
-0.0957
-0.1173
-0.1621
-0.0138
-0.0631
0.3018
0.0513
0.1803
0.1805
0.1930
0.1103
0.0398
-0.0310
0.0023
-0.0575
0.0063
-0.0645
-0.0302
-0.0681
-0.1127
-0.2170
-0.2835
-0.3812
-0.4038
-0.4606
-0.4710
-0.2843
-0.4255
-0.2639
-0.4390
-0.5030
-0.4793
-0.4701
-0.4276
-0.2565
-0.4663
-0.6002
-0.7409
-0.8479
-1.0245
-1.0843
-1.0474
-1.0938
-1.1437
-1.1506
-1.0955
-0.8541
-0.9898
-1.0084
-1.1771
-1.0648
-0.8318
-1.1153
-1.1268
-0.9169
-1.0269
-1.0507
-1.1097
-1.0414
-1.0327
-1.1814
-0.9084
-1.1174
-1.1513
-1.1011
-0.9305
-1.0874
-1.0542
-0.8975
-0.8205
-1.1714
-0.8741
