0.1858
-0.0590
0.0304
0.0145
0.0720
0.1466
0.3798
0.2084
0.1982
0.0893
0.1216
-0.0046
0.4054
-0.1562
-0.0518
-0.2147
-0.1408
-0.0292
0.0216
0.0889
0.0924
-0.1383
-0.1922
-0.3067
-0.1206
-0.3418
0.0626
-0.0940
0.1116
0.1429
0.1460
-0.2336
-0.0387
-0.0053
-0.1589
0.1043
0.1639
-0.0995
-0.0310
-0.1576
-0.1419
-0.2162
-0.2622
-0.2669
-0.0717
-0.1322
0.0630
0.1990
0.4137
0.2751
0.3484
0.2989
0.0941
0.1799
-0.0294
-0.0048
-0.1045
-0.0615
-0.0443
-0.0297
-0.0818
0.1529
-0.0030
0.2251
0.0068
0.2634
0.0298
0.1514
0.3019
0.3143
0.3999
0.4368
0.0692
-0.0103
-0.0784
-0.0656
0.1495
-0.0857
0.0428
0.1511
-0.3518
-0.4408
-0.0798
-0.3198
-0.2499
-0.4201
-0.0538
-0.3097
0.0005
0.0786
-0.2072
-0.1338
0.0554
0.2056
0.1059
0.0318
-0.1434
-0.0002
-0.1896
0.0035
0.0407
0.1517
0.1802
0.3188
0.1827
0.1164
0.3335
0.0074
-0.1029
-0.0915
0.0029
-0.1656
-0.3655
-0.4365
-0.5632
-0.5010
-0.5628
-0.4123
-0.3960
-0.4107
-0.3708
-0.4586
-0.3855
-0.3309
-0.0406
-0.2403
0.1555
-0.2556
-0.1197
-0.2548
-0.1083
0.2575
-0.0427
0.1889
0.0802
-0.3536
-0.4151
-0.3329
0.0383
0.1822
0.1979
0.2842
0.0539
0.1903
0.7986
0.2754
0.2795
0.2505
0.4533
0.8289
0.3043
0.4615
0.5550
0.7424
0.4513
0.3285
0.4726
0.7459
0.5462
0.7069
0.8671
1.0429
0.5783
0.5361
0.5407
0.8516
0.6080
0.6753
0.5860
0.7990
0.5291
0.8603
0.3764
0.3594
0.5651
0.4643
0.4219
0.6050
0.4510
0.2214
0.1532
0.2968
0.1735
0.0742
0.6076
0.1942
0.5164
0.1919
0.1244
0.4895
0.3601
0.3614
0.3545
0.1688
0.5308
0.1948
0.0330
0.3583
0.2868
0.1721
-0.0150
-0.1376
-0.1246
-0.1346
0.0071
-0.0727
-0.3443
-0.0125
-0.2242
-0.1817
-0.2016
-0.2090
-0.1601
-0.1175
0.5579
0.2109
0.0796
0.2072
0.2708
0.0266
0.0465
0.0184
-0.0366
-0.1251
-0.1929
0.2701
-0.0360
0.0157
-0.0193
0.2070
-0.1640
-0.0985
-0.1973
-0.1508
-0.3418
-0.3387
-0.3536
-0.0958
0.0367
-0.2702
-0.5406
-0.5286
0.2421
-0.4235
-0.1794
-0.3760
-0.6236
-0.3956
-0.2538
-0.5394
-0.5441
-0.4405
-0.8825
-1.0946
-0.9393
-0.9092
-0.8117
-0.9016
-0.8245
-0.9298
-0.4258
-0.3232
-0.6787
-0.7170
-0.9026
-0.8836
-0.5876
-0.1994
-0.2909
-0.1694
-0.3567
-0.2735
-0.7325
-0.4757
-1.1092
-0.1697
-0.8301
-0.9928
-0.8545
-0.7768
-0.3856
-0.8113
-0.9059
-1.0300
-1.0441
-0.1922
-0.7150
-0.0867
-0.5738
-0.6494
0.4135
-0.6671
-0.2962
-0.3174
-0.7962
-0.9076
-0.5377
-0.6094
-0.0218
-0.7441
-0.1788
-0.4535
-0.0316
-0.3925
0.3374
0.2098
0.3922
-0.1103
0.1604
0.4290
0.6504
1.0920
0.8399
0.6131
0.2286
0.2384
0.1983
-0.0320
-0.1650
0.3600
0.4008
0.6291
0.4687
0.4019
0.7193
0.6269
1.0145
0.4484
0.5918
0.9846
1.0582
0.9517
0.5035
0.4106
0.1259
0.5138
0.3654
0.7665
0.6492
0.8657
1.3321
1.6600
1.0431
0.5748
0.6536
0.3595
0.9616
0.2442
0.8602
1.0632
1.4624
1.5321
1.4259
1.3454
1.3625
1.1737
1.0072
1.0566
1.6001
1.3159
1.4424
1.1666
2.1472
0.8477
1.3307
1.5820
0.9393
1.2724
0.9679
0.8522
0.7480
0.6954
0.7049
1.1909
1.5092
1.1790
0.9901
0.7700
0.9979
0.9516
0.9286
0.8543
0.5893
0.7419
1.2586
0.8624
0.7351
0.5932
0.9689
1.1472
1.2951
1.6323
1.6343
1.5866
1.6812
1.1164
1.5046
0.8569
1.3188
1.4149
0.8984
1.3864
1.0498
1.8046
1.4356
1.5841
1.5202
1.4391
1.1113
1.1010
0.9407
0.8547
1.7222
0.9824
1.2624
1.1599
0.9806
0.9441
1.0158
0.1357
0.7508
0.0556
0.4973
0.1745
0.7089
0.7470
0.7380
0.4663
0.6671
0.9160
0.4519
0.8589
0.3031
0.3629
0.4863
0.7575
0.6096
0.4726
0.5487
0.9210
0.5885
0.1521
0.6172
0.4182
0.3582
0.5613
0.2191
0.4032
0.0392
0.6551
0.1779
0.5805
0.2529
0.8100
0.5777
0.6193
0.2810
0.7379
0.4380
0.5000
-0.0441
0.1825
0.2491
0.2547
0.2324
0.3064
0.5470
-0.0390
0.4027
0.1298
0.4672
0.2834
-0.0446
0.0479
0.1843
0.0490
0.0497
-0.0270
-0.0997
0.1422
0.0569
0.1829
0.0923
0.1467
0.0706
-0.0143
0.3613
-0.0138
0.2542
0.2008
0.4491
0.8501
0.5407
0.5420
0.1881
0.3917
0.2724
0.2839
0.2514
0.3001
0.3663
0.7222
0.3637
0.4705
0.2576
0.3349
0.3518
0.4055
0.1919
0.2317
0.2561
0.3245
0.5030
0.1943
0.4380
0.0036
0.4611
0.4555
0.7737
0.8042
0.4972
0.5174
0.7018
0.2582
0.4798
0.8136
0.5461
0.1624
0.4266
-0.0223
0.3849
0.4542
0.1583
0.5868
0.6317
1.2315
0.3591
0.4406
0.3078
0.1901
0.1756
0.4500
0.1798
0.4070
0.4167
0.5035
0.3607
0.6705
0.6674
0.8109
0.5877
0.5285
0.6647
0.5903
0.4981
0.5292
0.4799
0.3049
0.3269
0.2952
0.2742
0.4903
0.4115
0.5213
0.5378
0.8294
0.7653
0.8552
0.3554
0.2257
0.4299
0.1413
0.2707
0.4197
0.2442
0.2833
0.3602
0.6430
0.4749
0.6688
0.2059
0.2990
0.3258
0.2065
0.1970
0.2943
0.5226
0.4684
0.2527
0.5311
0.3635
0.5066
0.4379
0.3144
0.2557
0.4900
0.7268
0.7078
0.9785
0.5224
0.6043
0.4031
0.2178
0.7563
0.2497
0.6328
0.4509
0.8516
0.3844
0.3427
0.3559
0.3960
0.6312
0.7654
0.9321
1.1180
1.0835
0.7621
0.6043
0.6991
0.3390
0.3871
0.4414
0.8137
0.7713
0.7320
0.6636
0.4248
0.5366
0.2182
0.4651
0.2118
0.3121
0.0219
0.0799
0.1092
0.2994
0.5621
0.2226
0.0331
0.1969
0.1525
0.2547
0.0685
0.0271
0.0777
0.1297
0.2400
0.2698
0.3879
0.2371
0.2667
-0.1776
-0.2990
-0.5708
-0.6653
-0.7344
-0.7822
-0.6492
-0.7156
-0.5861
-0.6662
-0.6373
-0.3392
-0.5504
-0.2588
-0.3323
-0.3830
-0.5260
-0.4165
-0.1447
-0.5201
-0.5061
-0.2309
-0.4935
-0.4276
-0.2799
-0.2897
-0.1764
-0.3605
-0.1552
-0.0487
-0.0291
-0.0594
-0.1882
-0.0101
-0.0492
-0.1994
-0.2124
0.0413
-0.1749
-0.1668
-0.1840
-0.1633
-0.1272
-0.0672
0.2515
0.0270
0.1241
0.2072
0.0488
-0.0300
-0.0365
-0.0379
0.2067
-0.0394
0.0818
0.3355
0.2786
0.1446
0.1503
0.2406
0.1594
-0.1117
-0.3041
-0.2989
-0.3250
-0.3249
-0.2818
-0.3499
-0.3743
-0.3743
-0.2555
-0.2204
-0.5373
-0.2606
-0.4790
-0.3196
-0.3463
-0.2437
-0.1553
-0.2302
-0.0902
-0.3253
-0.0641
-0.4740
-0.3209
-0.3462
-0.6094
-0.3431
-0.3250
-0.3458
-0.2206
-0.2506
0.0303
0.1660
-0.2406
-0.3029
-0.1032
-0.3042
-0.2722
0.1343
0.3587
0.4218
0.3708
0.3122
1.0230
0.6114
0.6830
0.2926
0.3684
-0.0788
0.0389
0.0513
0.2230
0.2324
0.3816
0.4737
0.6252
1.1701
0.3877
-0.1511
-0.2367
-0.1426
0.0406
-0.4371
-0.2481
-0.2986
-0.1532
0.1309
0.1262
0.4941
0.2863
0.8216
0.4386
0.0868
0.1823
-0.2885
-0.1637
-0.3927
0.0266
0.3135
0.2041
0.2572
0.4012
0.4976
0.4207
0.1443
-0.2157
-0.2955
-0.2609
0.2678
-0.4620
-0.6110
-0.0933
0.5237
0.2801
0.3200
0.2371
0.3635
-0.0727
0.2817
-0.1972
-0.3350
-0.0427
0.0414
0.1127
-0.0646
-0.0256
-0.3494
-0.4745
-0.5738
-0.3464
-0.2580
-0.7435
-0.6562
0.1219
-0.2913
-0.6801
-0.7084
-0.4869
-0.1323
-0.5541
-0.5695
-0.6786
-0.4956
-0.8795
-0.2774
-0.9782
-0.0867
-0.7412
-0.4077
-0.2513
-0.4225
-0.1579
-0.6937
0.0513
-0.2488
0.3714
0.4040
0.0122
-0.4055
0.4233
0.1813
0.7139
-0.2989
-0.2545
-0.1353
-0.0073
0.9280
0.0630
0.9691
0.3338
0.8584
0.6371
0.4835
0.7756
1.2081
1.0961
0.6880
0.8860
1.3693
0.5155
0.5577
0.5928
0.9059
1.0172
1.0849
0.7165
0.5254
0.3791
0.7463
1.0470
0.8280
1.0641
0.8729
0.6453
1.2744
0.4928
0.6507
0.8670
0.4012
0.5860
0.3419
0.2928
0.1393
0.4834
0.5599
0.7871
0.4590
0.9838
1.1754
0.7210
0.8525
0.2272
0.3762
0.9408
0.1273
0.6444
0.0865
0.1980
0.2728
0.5086
0.7923
0.1070
0.3612
1.0676
-0.1598
-0.0110
-0.3376
0.3029
0.2854
0.9321
0.6073
0.4666
0.6169
0.8210
0.1996
0.4981
0.5841
0.7966
0.9228
0.8228
1.5331
1.8519
0.7325
1.3785
0.9682
1.7522
1.3061
1.7519
0.7634
0.7611
0.8819
0.6336
2.1179
1.1371
0.9695
1.3233
1.3787
1.4213
1.4059
1.1421
1.2958
1.1150
1.1323
1.1086
1.2141
1.5262
1.1060
0.8894
0.8772
1.0791
0.9708
1.1778
1.5375
0.9542
1.0532
0.9705
1.4975
1.2728
1.8186
1.8088
1.5925
1.2890
1.6082
1.7133
2.2629
1.8121
1.9148
1.3969
1.5866
1.6069
1.5904
1.9822
1.3123
1.1250
0.9131
1.1845
1.4696
1.3244
1.6109
1.7802
2.1731
1.4201
1.7811
1.3796
1.3733
1.8528
1.8561
2.0893
2.2513
1.6774
1.9798
1.1277
1.3600
1.0722
1.6210
1.4656
1.4222
1.7567
2.0966
1.8103
1.1263
0.9974
1.3165
1.3324
1.1696
1.6131
1.2454
0.9499
0.8968
0.6659
0.5958
1.2451
0.9551
1.6083
1.4125
1.6783
1.6981
2.3732
1.4345
1.4701
1.3954
1.2356
0.7402
0.4705
0.5617
0.4052
0.7093
1.1039
0.7119
0.9337
1.1501
1.3331
1.2450
1.0962
1.1234
0.9411
0.9251
0.7533
1.0867
1.4562
1.1434
1.1698
0.6583
0.9857
0.7186
0.8946
0.6474
0.8903
0.4920
0.5891
0.3970
0.8753
0.4612
0.6974
0.5007
0.8178
0.5384
0.8077
1.2733
0.6784
0.4184
0.4462
0.5990
0.3354
0.3797
0.2745
1.0287
0.8255
0.9210
0.8346
0.4786
0.0481
0.1562
-0.0169
-0.0790
-0.0906
0.1067
-0.2270
-0.0870
-0.1290
0.3989
-0.1123
-0.3021
-0.5206
-0.2287
-0.3581
0.1592
-0.3607
-0.2688
0.0305
-0.2441
-0.3245
-0.1405
-0.0200
-0.0429
-0.2391
0.3386
0.0273
0.4600
-0.0944
-0.1267
-0.2510
-0.3194
-0.4250
0.0022
-0.1584
-0.0227
-0.2703
-0.2881
-0.2667
-0.2727
-0.5205
-0.5090
-0.4136
-0.4487
-0.3078
-0.1830
-0.2018
-0.0039
-0.3328
-0.2437
-0.4397
-0.4536
-0.4116
-0.1747
0.0048
-0.4257
-0.4418
-0.4661
-0.3725
-0.2238
-0.1354
-0.3483
-0.0578
0.0342
-0.1354
0.0788
-0.0715
0.0951
-0.0586
-0.0889
0.1855
0.2138
0.0361
-0.1157
-0.1194
-0.3178
-0.2980
-0.4157
0.0556
-0.3344
-0.2258
-0.2030
-0.0960
-0.1961
-0.2066
-0.4059
-0.4268
-0.4976
-0.5237
-0.4649
-0.4472
-0.0282
-0.0304
-0.3765
-0.3706
-0.1003
-0.3294
-0.3275
-0.4461
-0.5429
-0.6914
-0.6658
-0.4621
-0.6339
-0.6842
-0.7461
-0.8154
-0.8929
-0.9028
-0.9642
-0.9454
-0.7543
-0.8420
-0.7052
-0.5402
-0.7504
-0.8704
-0.8313
-0.9641
-1.0033
-0.7883
-1.1302
-1.1532
-1.0958
-1.1358
-0.8505
-0.7588
-0.7935
-0.7242
-0.6531
-0.2063
-0.5365
-0.5549
-0.3715
-0.7800
-0.6040
-0.6352
-0.7759
-0.7737
-0.6601
-0.8404
-0.9574
-0.6834
-0.7050
-0.4974
-0.1571
-0.4713
-0.4013
-0.2559
-0.4949
-0.5227
-0.5853
-0.5909
-0.5461
-0.0055
0.0104
0.2769
0.4031
0.3096
0.2030
0.0695
0.1199
0.1063
0.1105
0.1611
0.5596
0.1486
0.1494
0.3505
0.6361
0.3193
0.2286
-0.0040
0.0473
0.1521
0.1132
0.3328
0.5896
0.2992
0.4159
0.1818
0.2155
-0.1215
0.2395
-0.0962
0.1350
0.0682
0.1424
0.5065
0.1637
0.1884
0.6290
0.1358
0.3180
0.4268
0.6362
0.3899
0.2137
0.7452
0.4825
0.3417
0.2991
0.5121
0.5798
0.5637
0.5199
0.4016
0.4274
0.3738
-0.0322
-0.0109
0.1044
0.4388
-0.0116
0.2192
-0.1135
0.1774
0.0779
0.4318
0.2839
0.1147
-0.0692
0.1742
0.2509
1.2852
0.4534
0.1197
0.2440
-0.2544
-0.0092
0.3913
-0.1164
-0.0406
-0.1690
0.8218
-0.4080
0.5056
-0.0548
-0.0035
-0.4465
-0.1137
-0.3157
0.3542
0.1131
0.3613
0.1158
-0.0663
0.5123
0.2759
-0.4308
-0.2261
-0.2338
-0.3670
0.1330
-0.5094
-0.2349
-0.1417
0.5848
0.2525
0.3037
0.1119
0.5408
0.2163
0.8444
0.0287
0.2390
0.0406
0.2397
-0.0686
0.0651
-0.0809
0.2675
0.6421
0.2737
0.6737
0.2640
0.7803
0.3572
0.4684
-0.0538
0.3698
0.1948
1.0115
0.0339
0.0037
0.4786
0.1101
0.2080
0.6743
0.6698
1.0863
1.1212
0.9855
1.0126
1.6795
1.5187
1.3717
1.1802
0.3034
0.5542
0.5275
0.2775
0.7500
0.5619
0.4740
0.2885
0.3216
-0.0339
0.3502
0.4122
0.4268
0.7091
0.9730
1.1736
0.9104
0.5790
0.4028
0.7776
0.6043
0.8953
0.3160
0.3279
0.1714
0.1397
-0.1142
-0.2203
0.0849
0.3997
0.5435
0.9825
0.5287
0.6676
0.4592
0.6483
0.3705
0.3081
0.2828
0.3557
0.5039
0.3506
0.9661
1.0513
1.0113
1.1777
0.7307
0.4555
0.6246
1.0365
0.5556
1.2652
1.4874
0.9701
1.0432
0.8182
0.8410
0.7586
0.6364
0.3743
0.2616
0.4311
0.6755
0.9169
0.7982
0.8117
0.5644
0.6354
0.8674
0.9348
0.7807
0.7215
1.1649
0.6124
0.8973
1.2709
1.1934
0.8912
1.4072
0.7937
1.1536
0.9327
0.9622
0.6463
0.8500
1.2974
0.8197
0.6650
0.5624
0.3284
0.3676
0.6799
0.5339
0.8987
0.9276
1.1066
1.3476
0.5516
0.4248
0.3667
0.1140
0.1748
0.1531
0.6902
0.4185
0.4953
0.1994
0.4935
0.5450
0.4812
0.2386
0.3100
0.4044
0.1889
0.3008
0.1009
-0.0763
0.0964
-0.0246
-0.0636
-0.0263
-0.0386
0.3665
0.5228
0.2185
0.3856
0.1259
0.9018
0.5947
0.2710
0.0025
-0.1214
-0.3601
0.1851
-0.0089
0.1774
0.4334
1.0318
0.7695
0.9516
0.8217
1.0721
0.3971
0.1732
0.5759
-0.2028
0.1491
-0.2097
-0.3162
-0.2734
-0.1006
-0.1592
0.7905
0.0578
0.1359
0.3374
0.4702
-0.1763
0.1888
0.3255
0.2253
0.6618
0.6155
0.0656
0.1031
0.1344
-0.0200
-0.3196
-0.2294
-0.5919
-0.0435
-0.5646
-0.1436
-0.1714
-0.3022
-0.1166
0.0702
0.3338
-0.3616
0.0186
-0.7341
-0.6831
-0.6162
-0.6012
-0.5793
-0.8856
-0.3056
-0.2566
-0.4121
-0.4833
0.0258
-0.0407
-0.6083
-0.9378
-0.8340
-0.3032
-0.7782
-0.6770
-0.4662
-0.6162
0.4189
-0.1266
-0.5801
-0.7293
-0.6004
-0.4723
-0.3560
-0.3346
-0.6782
-1.0008
-1.1382
-0.7548
-0.9223
-0.9432
-1.1370
-0.6247
-0.8841
-0.4058
-0.7205
-0.4070
-1.0528
-0.7862
-0.3899
-0.5218
-0.2281
-0.1894
0.2103
0.0549
0.0437
-0.5252
-0.2178
-0.8307
-0.4180
-0.9817
-0.7994
-0.3247
-0.3790
-0.7502
-0.9585
0.0633
-0.5489
-0.6776
-0.5345
-0.7767
-0.8897
-1.0582
-0.8413
-0.0790
-0.3994
-0.6668
-0.4092
-0.1640
-0.3494
-0.6438
-0.5992
0.1170
-0.6494
-0.4011
-0.0880
-0.2991
-0.0872
0.3019
-0.0504
-0.4446
-0.3669
-0.2579
-0.1670
0.7909
-0.1175
0.3056
0.5018
0.2638
0.7020
0.2133
0.8978
0.8985
0.4969
0.9673
0.9481
0.6221
0.8882
0.7934
1.1081
0.5070
1.1188
0.8064
1.4502
1.0131
0.9506
0.8363
0.7795
0.9925
1.2703
1.4231
1.1944
1.5477
1.7372
1.1380
0.8706
1.2759
1.4560
1.2848
0.9534
1.1358
0.8682
0.9456
1.6386
1.4405
1.3926
1.2988
0.7901
1.2394
0.9403
1.0235
1.5919
1.2325
0.9566
1.2397
1.1418
1.0997
0.8888
1.1544
1.2515
1.3752
1.2646
1.4490
1.0076
1.0234
1.3533
1.6225
1.1245
1.1082
1.0571
1.2276
1.1495
0.6660
0.6385
0.6508
1.0590
1.1879
1.2463
1.0186
0.8357
1.6541
1.4315
1.1800
1.0034
0.8683
0.9101
0.9808
1.0002
0.7851
1.1290
0.6337
0.8642
1.0320
1.0991
0.9654
0.6275
0.4362
0.4927
0.4153
0.6579
0.5703
0.6171
0.4984
0.7016
0.7252
0.6465
0.9908
0.7867
0.8161
0.8390
0.7808
0.7895
0.5594
0.4841
0.5472
0.9089
0.4982
0.2055
0.1709
0.7289
0.5689
0.3592
0.7472
0.6665
0.8028
0.7041
0.3021
0.0211
0.4781
0.4789
0.4827
0.0770
0.4798
0.6997
1.0099
0.6004
0.9349
0.9023
0.7582
1.1357
0.8732
0.9402
0.8483
0.6603
0.7999
0.7832
1.6907
1.2162
0.9848
1.1572
1.1963
1.2471
1.1518
1.1710
0.7616
0.5807
1.1373
0.7427
0.7570
0.6098
0.1397
0.2686
0.7093
0.9227
0.6274
1.0005
0.7788
0.6503
0.5501
0.7360
0.4592
0.8767
0.9523
0.7587
0.9163
0.4828
0.8865
0.9307
0.8575
0.3419
0.4164
0.8116
0.8866
0.4181
0.4016
0.2110
0.3717
0.5813
0.2993
0.3704
0.2058
0.4431
0.1293
0.0693
-0.0890
0.4269
-0.1280
0.2709
0.2648
0.2947
0.2618
0.1465
0.3955
0.1582
0.3269
-0.0621
0.2671
-0.1045
0.2568
-0.1634
-0.3094
-0.4018
-0.5284
-0.1161
-0.3152
-0.2208
0.2384
-0.1652
-0.3845
-0.3927
-0.7386
-0.5519
-0.4265
-0.5681
-0.4612
-0.7704
-0.9022
-0.5612
-0.4084
-0.3953
-0.6274
-0.4401
-0.4384
-0.3539
0.2891
-0.2506
-0.1932
-0.5999
-0.6847
-0.2221
-0.7254
-0.4085
-0.2942
-0.4454
-0.3111
-0.2635
-0.1767
-0.4566
-0.3066
-0.8755
-0.4148
-0.8808
-0.4833
-0.6104
-0.4220
-0.3522
-0.2484
-0.3686
-0.4772
-0.4369
-0.6034
-0.7777
-0.6732
-0.7535
-0.5304
-0.7880
-0.6187
-0.9280
-0.8706
-0.8240
-1.0573
-0.9891
-1.1418
-0.5565
-0.9635
-0.9484
-1.0432
-1.0443
-0.9097
-0.7866
-0.6107
-0.5390
-0.9580
-0.4817
-0.5906
-0.9624
-1.0043
-0.9623
-1.0010
-0.7025
-0.9050
-0.2443
-1.0182
-0.8312
-0.8005
-1.0192
-1.0519
-0.4113
-0.6777
-1.0421
-0.9764
-0.6767
-0.4647
-0.6102
-0.8573
-0.7488
-0.8131
-1.1145
-1.0483
-0.7992
-0.9943
-0.8445
-0.6870
-1.0297
-0.8619
-0.5028
-0.6458
-0.7910
-0.8279
-0.7946
-0.8389
-0.7550
-0.7993
-0.8591
-0.6305
-0.4018
-0.5546
-0.3937
0.1552
0.1741
0.2551
0.0793
-0.1062
0.0517
0.4483
-0.1444
-0.0914
0.3700
0.2299
-0.2163
-0.2767
0.1352
0.0600
0.0512
-0.0231
-0.1622
0.0158
-0.1143
-0.1590
-0.0341
-0.0062
-0.2146
0.0615
-0.0986
-0.2858
-0.2044
0.8175
0.2004
0.3025
-0.0604
0.0385
0.1320
0.0260
0.5554
0.6054
-0.0495
-0.1340
-0.2841
0.1362
0.0254
-0.1347
0.1108
0.0273
0.0112
-0.2558
0.2642
-0.1042
0.3996
0.2562
0.5643
0.0873
0.0599
0.0153
0.0453
-0.3900
0.0680
0.0939
0.4347
-0.2161
-0.1931
-0.2999
-0.2936
-0.2006
-0.1244
0.0607
-0.0176
-0.1002
-0.1310
-0.1079
-0.1477
-0.3034
-0.2486
-0.0640
-0.2472
-0.3714
-0.1971
-0.2238
0.2162
0.1761
0.0212
-0.3984
-0.1146
-0.3823
-0.4337
-0.4966
-0.3851
-0.1223
-0.2289
-0.3816
-0.3052
0.1866
-0.7866
-0.6556
-0.6953
-0.0894
-0.5468
-0.6902
-0.3520
-0.7004
-0.6823
-0.6185
-0.6838
-0.4697
-0.7517
-0.4831
-0.7876
-0.3626
-0.6850
-0.8905
-0.7679
-0.8911
-0.8893
-0.6813
-0.6305
-0.7043
-0.7029
-0.6025
-0.3555
-0.1139
-0.5004
-0.2158
-0.2490
-0.8626
-0.3827
-0.5453
-0.4980
-0.6702
-0.5606
-0.5431
-0.2648
-0.0484
-0.1978
-0.2334
0.4121
0.0249
0.3542
-0.0210
0.3497
-0.2421
-0.4241
-0.5157
-0.3192
0.0761
-0.0574
-0.1888
0.0135
0.2115
0.0207
0.1730
-0.1173
-0.0857
-0.3757
-0.3256
-0.2862
-0.1319
0.2959
0.1333
0.2600
-0.0778
0.2800
-0.0895
0.0539
-0.1798
-0.4824
-0.7461
-0.7144
-0.9748
-0.6456
-0.8572
-0.8579
-0.6834
-0.6281
-0.4905
-0.4843
-0.5928
-0.0263
-0.2907
-0.1901
-0.6016
-0.6284
-0.7185
-0.4167
-0.2370
-0.0846
0.4954
0.3792
0.0699
-0.2026
-0.0074
0.0764
-0.0561
0.3277
-0.0276
-0.4666
-0.7704
-0.5116
-0.5056
-0.2133
0.1025
0.0027
-0.2361
-0.4179
0.0823
-0.0449
0.1567
0.9069
0.4768
0.4399
0.7307
0.2144
1.0780
0.6756
1.0634
0.9086
0.7726
0.3066
0.7613
0.8523
1.0729
1.7099
0.7248
0.7184
0.1877
0.5253
0.5990
0.0592
1.1862
0.2530
0.3611
0.2636
0.4871
0.3166
0.8207
0.8406
0.6474
0.9115
0.5657
1.2024
0.8538
0.8642
0.7042
0.1682
-0.0452
-0.0153
-0.2365
-0.0752
0.8001
0.4514
0.3580
0.1973
0.5372
0.9514
0.6218
0.7988
0.7521
0.7614
0.8267
0.8412
0.9453
1.1601
0.4938
0.6480
0.5045
1.0500
0.8604
0.9261
0.5946
0.4777
0.8455
0.7490
0.6931
1.4546
0.6395
1.7186
1.4673
1.7698
1.0542
0.6439
1.0374
1.6065
0.7268
0.4110
0.3942
0.8532
0.9043
0.7577
1.0658
0.6336
0.6110
0.9981
1.1973
0.7993
0.8773
0.6232
1.1466
0.6634
0.1933
0.4059
0.6318
1.7271
0.3087
0.8045
0.2105
0.6421
0.4242
0.9427
0.2484
0.2019
-0.2631
0.6462
-0.1470
0.9182
-0.3831
-0.0289
0.1245
0.5047
0.0151
-0.1094
0.0363
0.3155
0.0451
0.4405
0.0581
0.1094
0.2213
-0.0219
0.3727
-0.0500
0.1790
-0.3671
0.2538
0.5458
0.0397
0.4526
0.0522
-0.0547
-0.2602
-0.4365
0.0745
-0.2498
-0.4221
-0.1757
-0.4844
-0.2730
-0.1668
-0.2472
-0.1221
-0.4964
-0.5144
-0.4838
-0.6471
-0.4579
-0.6112
-0.5692
-0.2882
-0.2835
-0.4418
-0.6393
-0.5359
-0.5346
0.0423
-0.3780
0.1274
-0.2658
0.0847
-0.1973
0.2443
-0.3240
-0.6423
-0.5091
-0.3204
-0.1892
-0.0699
-0.1260
-0.4156
-0.4114
-0.1395
0.0296
-0.0905
-0.4857
-0.0008
-0.3906
-0.2943
0.0532
-0.1679
0.2095
-0.1493
-0.3219
-0.3878
0.1602
-0.2342
-0.2548
-0.1228
-0.4402
-0.5832
-0.4358
-0.3301
-0.4605
-0.3791
-0.8231
-0.9036
-0.7283
-0.7101
-0.5249
-0.5787
-0.5148
-0.3398
-0.3963
-0.4939
-0.3346
-0.3138
-0.4070
-0.4442
-0.4013
-0.1687
-0.3317
-0.0557
-0.3589
-0.2714
-0.2068
-0.3536
-0.3497
-0.5496
-0.3741
-0.6394
-0.8063
-0.7236
-0.9437
-0.2558
-0.7813
-0.4362
-0.5462
-0.3056
-0.4626
-0.4737
-0.6360
-0.8780
-0.9525
-0.2955
-0.6818
-0.1634
-0.7587
-0.7264
-0.9653
-1.0388
-0.8980
-0.8953
-0.7660
-0.4440
-0.9122
-0.9751
-0.6828
-0.3932
-0.4738
-0.4690
-0.5477
-0.6626
-0.5082
-0.6703
-0.8117
-0.8198
-1.0926
-1.1565
-1.0767
-1.0764
-1.0953
-0.9122
-1.1145
-0.9383
-0.9276
-1.0363
-0.6578
-1.1649
-1.0622
-0.9992
-0.9591
-1.1817
-0.6456
-1.0793
-0.7842
-1.0725
-0.7277
-1.1505
-0.7542
-0.6626
-0.7285
-0.6092
-0.6620
-0.2724
-0.4693
-0.3493
-0.4191
-0.6626
-0.6991
-0.4361
-0.3479
-0.5084
-0.3500
-0.4269
-0.4530
-0.7345
-0.6411
-0.5891
-0.0353
0.0929
-0.0284
-0.4637
-0.3416
0.0317
-0.3457
0.1610
0.2103
0.3720
0.0793
0.3672
0.2926
0.5192
0.7545
0.9272
0.8640
0.3943
0.3935
1.1576
0.8461
0.3769
0.6049
0.2225
0.2805
-0.2181
0.0015
0.1671
0.3951
0.8467
0.6811
0.9132
0.4343
0.1589
-0.0342
0.3743
0.2838
0.0070
-0.0896
0.1106
0.0431
0.3468
0.5179
0.6756
0.3368
0.2736
0.3225
-0.1028
0.3069
0.2323
0.5238
0.5227
0.7110
0.8892
0.4562
0.2896
0.2549
0.4316
0.7212
0.5334
0.3062
0.0829
0.5134
0.5126
0.3448
1.0405
0.7545
0.3843
-0.5913
-0.0306
-0.2079
-0.0253
-0.5355
-0.5346
-0.6272
-0.0624
-0.0517
0.1673
0.2107
0.0991
-0.3453
-0.2584
-0.3806
-0.4475
-0.0836
0.3382
0.2685
-0.0025
0.3000
0.5471
-0.0020
-0.2116
0.1366
0.2544
-0.1404
-0.5746
-0.1897
-0.3325
0.3596
-0.3642
0.1036
-0.1894
0.4428
0.1571
0.7109
-0.3748
-0.5976
-0.2497
-0.4094
-0.2755
-0.2415
0.3481
0.0012
-0.4956
0.2328
-0.2423
0.1582
-0.1825
-0.0930
-0.0376
0.0492
0.0943
-0.2865
0.3957
-0.4500
-0.2315
-0.6034
0.6968
-0.3600
-0.2738
0.1517
-0.4456
-0.3516
0.0971
-0.2926
-0.0813
0.1196
-0.0372
0.4400
-0.1111
0.1223
0.5703
0.2291
0.0237
-0.2934
0.3007
0.1944
0.2264
-0.2955
0.6606
0.2269
0.6302
0.1998
0.0864
-0.2577
-0.6231
-0.7013
-0.6567
-0.5735
-0.6533
-0.4655
-0.7276
-0.1863
-0.4858
-0.2842
-0.7271
-1.0789
-0.9973
-0.8912
-1.0484
-0.6564
-0.9282
-0.5906
-0.5417
-0.3980
-0.2824
-0.3265
-0.1467
0.0563
-0.2003
-0.3228
-0.6842
-0.4434
-0.9275
-0.6759
0.1442
-0.3127
-0.1485
-0.2451
-0.1337
-0.6410
-0.2910
-0.4001
0.1044
-0.2983
-0.4453
-0.5818
-0.5493
-0.5358
-0.3811
-0.6973
-0.7926
-0.6982
-0.2862
-0.4447
-0.3946
-0.4878
-0.2389
-0.4184
-0.3638
-0.6749
-0.5527
-0.7875
-0.8520
-0.9215
-0.9046
-0.6623
-0.6396
0.0126
-0.3039
-0.2934
-0.3212
-0.1885
0.1614
-0.1294
-0.0193
-0.3451
-0.2139
-0.1481
-0.2457
-0.0179
0.0884
-0.1417
0.0158
-0.4076
-0.3027
-0.0948
-0.0161
-0.4865
0.0457
-0.0886
0.4924
0.1263
0.4098
0.2683
0.5405
0.3756
0.5422
0.4188
0.4444
0.0353
0.0819
0.0141
0.2574
0.0778
-0.1024
-0.3131
0.0650
-0.4334
-0.4473
-0.5614
-0.2349
-0.0704
-0.4253
-0.3514
-0.2370
-0.1261
0.1026
0.1448
-0.0039
-0.3002
-0.1854
-0.4816
-0.2324
-0.5168
-0.3965
-0.3477
-0.3475
-0.4834
-0.1465
-0.5728
-0.7643
-0.8065
-0.8684
-0.9010
-0.5243
-0.8320
-0.7680
-0.9410
-0.8458
-0.6010
-0.6290
-0.5013
-0.3005
-0.9626
-1.0501
-0.9360
-0.4770
-1.1425
-0.8915
-0.9627
-0.6941
-0.6084
-0.5863
-0.7583
0.1598
-0.2741
-0.6012
-0.3888
-0.2412
0.3197
-0.5117
-0.4269
-0.7328
-1.0031
-0.5424
-0.6121
-0.4818
-0.9959
-0.6259
-0.2694
-0.7906
-0.0555
-1.0106
-0.1388
-0.5304
-0.5070
-0.2699
-0.1900
-0.2464
-0.7669
-0.9051
-0.9362
-0.7886
-0.7903
-0.1743
-0.5391
-0.5854
-0.4764
0.1611
-0.1000
-0.0008
0.0047
0.0030
-0.3192
-0.0510
0.1192
0.1443
0.4472
0.3269
0.4256
0.4562
1.1843
0.5314
0.9777
0.8157
0.9910
0.5770
0.7395
0.5015
0.9946
0.4030
0.3197
0.9181
0.2409
0.6312
1.0665
1.4798
0.4382
1.0453
0.3344
0.2632
0.1744
0.2500
0.8257
0.2995
0.8855
0.4370
-0.1004
-0.1177
-0.0263
0.5101
0.3136
-0.0880
0.3003
0.0319
0.6747
0.3118
-0.0152
0.2624
0.3453
0.7237
0.3476
0.5921
0.4250
0.9504
0.8497
1.1997
1.7540
0.1663
0.7654
-0.3627
0.1227
-0.0611
0.5020
0.6818
0.2811
0.0771
0.1368
0.2169
0.6169
-0.1077
0.8809
-0.2256
0.1674
0.6964
0.0431
0.3421
0.2618
0.6849
0.7851
0.4953
0.5478
0.3461
0.3430
0.0953
0.1654
0.3428
0.4894
-0.0060
0.8168
0.3405
0.4629
0.2959
0.0948
0.1448
-0.3483
0.0910
0.5524
0.3032
0.1614
0.0821
-0.0200
-0.0332
-0.0513
0.2060
-0.1177
-0.3081
-0.4827
-0.8942
-0.5422
-0.7475
-0.8093
-1.0648
-0.8835
-0.8503
-0.6638
-0.9325
-0.4490
-0.5249
-0.6626
-0.6636
-0.8921
-1.0817
-1.0445
-1.0933
-0.6102
-1.0974
-0.7687
-0.8935
-0.6053
-0.8981
-0.4649
-0.8574
-0.4415
-1.1367
-0.7937
-0.9423
-1.0571
-0.7414
-1.0477
-1.0284
-1.0921
-0.7191
-1.0641
-1.1084
-0.9723
-0.8865
-0.9452
-0.0973
-1.1078
-0.6674
-1.1754
-0.9617
-0.9017
-0.8046
-0.9612
-1.0753
-0.9391
-0.4327
-1.1428
-1.0237
-1.1087
-0.6455
-0.1411
-0.4308
-0.8329
-0.8853
-0.8025
-0.4383
-0.1744
-0.3398
-0.4617
-0.6903
-0.5900
-0.3737
-0.6637
-0.6477
-0.8984
-0.9427
-0.6746
-0.3865
-0.4599
-0.8775
-0.8164
-0.8429
-0.7083
-0.8955
-0.4335
-0.7749
-0.7728
-0.9874
-0.9193
-1.1054
-0.9368
-1.0271
-0.5040
-1.0149
-0.9484
-0.8970
-0.7362
-0.5428
-0.7646
-0.4005
-1.0199
-1.1101
-1.0310
-0.7295
-0.6863
-1.0445
-1.1715
-1.1611
-0.6372
-0.5300
-0.8207
-0.9735
-1.0133
-0.5073
-0.6977
-0.8540
-0.9064
-0.3096
-0.8140
-0.7127
-0.6843
-1.0624
-0.5147
-0.7612
-0.6393
-1.1395
-1.0683
-0.9476
-1.1430
-0.5891
-1.0439
-0.4509
-1.0998
-1.0965
-1.2712
-1.3684
-0.6182
-1.1913
-0.9701
-1.1471
-1.4478
-0.9446
-1.0923
-0.8008
-1.1093
-1.1020
-1.0107
-1.5977
-1.2868
-1.2210
-1.4232
-1.0809
-0.9417
-0.7422
-1.1442
-0.9742
-0.8916
-1.3952
-0.8638
-1.3125
-0.9085
-0.8036
-1.1222
-0.8712
-0.9003
-0.5880
-0.7347
-0.8946
-1.1251
-1.0987
-0.8301
-1.1349
-0.8537
-1.0249
-0.8227
-1.0883
-1.1489
-0.9992
-0.6623
-0.5824
-1.0889
-0.9535
-1.0127
-0.6606
-1.0627
-0.6376
-0.2670
-0.5691
-0.7476
-0.4864
-0.2985
-0.7198
-0.3458
-0.6469
-0.6851
-0.7884
-0.4736
-0.9569
-0.6893
-0.7892
-1.0688
-1.1220
-1.1092
-0.8807
-1.0946
-0.6991
-0.9868
-1.0220
-0.8599
-0.8275
-0.8902
-0.5307
-0.8065
-0.7711
-0.3894
-0.3040
-0.6360
-0.7682
-0.9449
-0.9135
-0.6747
-0.5144
-0.7218
-0.5575
-0.8878
-0.9393
-0.8100
-1.0698
-1.0955
-0.6803
-0.8956
-0.6214
-0.8170
-0.4917
-0.5047
-0.4795
-0.8133
-0.6962
-1.1171
0.0900
-0.9709
-0.5023
-0.7048
-0.9080
-0.6379
-0.7074
-0.4827
-0.9185
-0.1161
-0.9255
-0.8645
-0.8339
-0.9047
-0.8931
-0.7637
-0.5700
-0.6215
-0.5672
-0.6277
-0.6670
-0.6111
-1.0534
-0.2343
-0.7935
-0.4404
-0.5625
-0.5789
-0.5258
-0.4176
-0.3806
-0.2472
-0.3927
-0.2324
-0.5625
-0.7194
-0.5771
-0.7301
-0.5878
-0.7395
-0.7013
-0.5971
-0.2427
-0.1838
-0.0937
-0.1670
0.1576
-0.0016
-0.0556
-0.2427
0.0579
-0.5375
-0.7787
-0.6775
-0.3390
0.0161
0.0347
-0.3272
-0.2497
-0.2930
-0.4789
-0.9536
-0.9343
-0.6445
0.0206
-0.1321
-0.3237
-0.5410
-0.4165
-0.5806
-0.5579
-0.6802
-0.4861
-0.9093
-0.6125
-0.5130
-0.4326
-0.8289
-0.7710
-0.4173
-0.9114
-0.7752
-0.8488
-0.9393
-0.9026
-1.0710
-0.9416
-1.1059
-0.9908
-0.8321
-0.3217
-0.4190
-0.4525
0.0072
-0.6121
-0.2368
-0.3386
-0.1236
-0.5737
-0.9067
-0.7981
-0.4784
-0.7515
-0.7935
-0.8754
-0.8623
-1.0535
-0.9613
-1.1302
-0.8139
-0.8777
-0.3148
-0.5677
-0.5835
-0.6283
-0.5606
-0.5286
-0.5333
-0.4287
-0.4777
-0.2594
-0.7860
-0.1902
-0.5772
-0.3132
-0.4804
0.0425
-0.4625
-0.3193
-0.4788
-0.4848
-0.7072
-0.7452
-0.8374
-0.2274
-0.6662
-0.5032
-0.2478
-0.5496
-0.3260
-0.6600
-0.3580
-0.3450
-0.4081
-0.3651
-0.0899
-0.5315
-0.0289
-0.4713
-0.4404
-0.4336
-0.4875
-0.4216
-0.6567
-0.3621
-0.5999
-0.5605
-0.5092
-0.2320
-0.3907
-0.2234
-0.2252
-0.1103
-0.4406
-0.3688
-0.2628
-0.5776
0.0134
-0.4861
-0.4450
-0.6586
-0.5950
-0.2470
-0.4963
-0.5658
-0.4859
-0.5242
-0.5169
-0.1002
-0.3252
-0.5817
-0.1570
-0.0618
0.0271
-0.3026
-0.3346
-0.3496
-0.0956
-0.3543
0.1243
-0.2762
-0.0693
-0.4192
-0.5169
-0.5210
-0.8117
-0.8743
-0.8390
-0.8819
-0.5507
-0.7151
-0.5815
-0.5882
-0.6671
-0.6221
-0.5509
-0.9619
-0.8189
-1.0511
-1.1036
-0.9891
-0.8700
-0.8781
-1.0570
-0.8414
-0.9013
-1.1451
-0.7538
-1.0309
-1.0452
-0.9017
-0.8968
-0.3292
-0.8648
-0.5398
-0.8276
-0.2172
-0.9059
-0.9669
-0.6420
-0.5756
-0.7183
-0.9283
-0.9744
-1.1131
-0.8282
-0.7162
-0.9949
-0.9516
-0.4919
-0.7044
-0.9685
-0.9269
-0.3346
-0.7694
-0.5152
-0.7596
-0.7377
-0.7063
-0.9421
-0.7668
-0.9011
0.0387
-0.1669
-0.5821
-0.5315
-0.6014
-0.2885
-0.4560
-0.4470
-0.5953
-0.9501
-0.8347
-1.1297
-0.5540
-0.5020
-0.6491
-0.7664
-0.4290
-0.6099
-0.8091
-0.8663
-0.6077
-0.7287
-0.3264
-0.9197
-0.6918
-0.5818
-0.6288
-0.8006
-0.7776
-0.9588
-0.8970
-0.7133
0.1151
-0.6190
0.0179
-0.6493
-0.4578
-0.2735
-0.5573
-0.4976
-0.5016
-0.4310
-0.1830
-0.5665
-0.2373
-0.5549
-0.7475
-0.5426
-0.5113
-0.5977
-0.4522
0.3010
-0.3108
0.1690
-0.1419
-0.1721
-0.2213
-0.2698
-0.3582
0.3914
-0.3813
0.5101
0.0504
0.0825
-0.1057
0.0528
-0.0743
0.6127
0.2600
0.1046
0.6165
0.6444
0.5577
0.4730
0.5172
0.3697
0.3999
-0.1632
-0.1926
-0.3989
0.2706
-0.2618
0.1140
-0.2262
0.3548
-0.2202
0.4023
0.5561
-0.1068
0.2639
0.1101
0.2404
0.0313
-0.1304
0.1021
-0.0142
-0.1432
-0.5125
-0.1657
0.9660
0.2248
1.0611
0.0115
0.2177
0.1328
0.0213
0.7768
0.2148
0.1635
-0.1441
-0.2274
-0.1724
-0.0709
0.4781
-0.0774
0.3379
0.1714
0.7787
0.3842
0.6604
0.2742
0.2522
-0.0042
-0.1539
0.1073
0.0863
-0.0725
0.0240
-0.2931
-0.2085
-0.0784
0.2983
0.1942
0.1780
-0.0323
-0.0628
0.0767
-0.3862
-0.5178
-0.5292
-0.5763
-0.3446
-0.3108
0.0192
0.0736
0.3308
0.3437
0.1816
0.2524
0.2638
0.1265
-0.0031
-0.0092
-0.0987
-0.3335
-0.3869
-0.7481
-0.9192
-0.9874
-0.7539
-0.8217
-1.0160
-0.8207
-1.0374
-0.9474
-1.1691
-0.9257
-0.9650
-1.1339
-0.9421
-0.8052
-1.0265
-0.9484
-1.0566
-0.9873
-1.0801
-0.9922
-1.1668
-1.1182
-0.9939
-0.8690
-0.0576
-1.1699
-1.1289
-0.8602
-1.0378
-0.6471
-1.1907
-1.2646
-1.0736
-1.1981
-1.1386
-1.0078
-0.9969
-0.7918
-0.9562
-0.7320
-0.8517
-1.0846
-1.1504
-0.9522
-0.8699
-1.0111
-0.6712
-0.8610
-1.1006
-1.0978
-1.1720
-0.9506
-1.1521
-0.9702
-1.1089
-0.9301
-1.1214
-0.8601
-0.7874
-0.8443
-0.2144
-1.0331
-1.1108
-0.8987
-0.9307
-1.0195
-1.0283
-0.4976
-0.9901
-0.6354
-1.1684
-0.9433
-0.8529
-0.8123
-0.8359
-1.0963
-0.9753
-1.0413
-0.6909
-1.0748
-0.8452
-0.6646
-1.1520
-1.1265
-1.0937
-0.8018
-0.8724
-1.1610
-0.8779
-0.8027
-0.7058
-0.8549
-0.3010
-0.3434
-0.2495
-0.6465
-0.6738
-0.5664
-0.5239
-0.5599
-1.0036
-0.7237
-0.9133
-0.3262
-0.7694
-0.3259
-0.6382
-0.3658
-0.8500
-0.6345
-0.5359
-0.5201
-0.7044
-0.2682
-0.3465
-0.1024
-0.0428
-0.2666
-0.5885
-0.7139
-0.6235
-0.6010
-0.6775
-0.7290
-0.6787
-0.7320
-0.5560
-0.5984
-0.5495
-0.5079
-0.7750
-0.3742
-0.7991
-0.4234
-0.7461
-0.6724
-0.5306
-0.2742
-0.6201
-0.1707
-0.3300
-0.3079
-0.4195
-0.5839
-0.4517
-0.6492
-0.4719
-0.7630
-0.1944
-0.2333
-0.4694
-0.7059
-0.3476
-0.7812
-0.8241
-0.8319
-0.9243
-0.8336
-1.0508
-0.9808
-0.7986
-0.6717
-0.7204
-0.9215
-0.7408
-0.9599
-0.5327
-0.7140
-0.3981
-0.6224
-0.5373
-0.5480
-0.5912
-0.3833
-0.7129
-0.5390
-1.0283
-0.9503
-0.7750
-1.1045
-0.5322
-0.9487
-0.7097
-0.7725
-0.7795
-0.8440
-0.7435
-1.0475
-1.0341
-0.9703
-0.6009
-0.8891
-0.1965
-0.6063
-1.0350
-0.7626
-0.5247
-0.4397
-0.7260
-0.5694
-0.8758
-1.0514
-0.6642
-0.4384
-0.9725
-0.5289
-0.3153
-0.3306
-0.4452
-0.1014
-0.1631
-0.4065
-0.5168
-0.2951
-0.4992
0.2042
-0.5878
-0.2658
-0.1526
-0.0539
-0.3512
-0.1324
0.0112
-0.5740
-0.6391
-0.1016
0.4272
-0.2531
-0.0894
0.4032
-0.4912
-0.3422
-0.1098
0.0875
-0.3870
0.2767
0.4433
0.5939
1.1990
0.2235
0.3045
0.1575
0.1186
0.7769
0.1523
0.3660
-0.1088
0.5347
0.0863
-0.0972
0.3954
0.3300
0.5792
0.8546
0.6434
0.7848
0.3375
0.4496
0.1942
0.3350
0.3987
0.5413
0.7641
0.4935
0.5219
0.4841
0.6005
0.0156
0.1219
0.2466
0.2628
0.6349
0.6170
0.8255
0.6700
1.7679
0.9040
0.5564
0.9699
0.9125
1.2856
0.8453
0.5734
0.8996
0.6335
1.2273
1.0413
1.4256
1.2820
0.7841
1.2463
0.7228
1.4398
1.0010
1.6050
1.4730
1.1937
1.1738
1.3799
1.0532
1.2136
1.5072
1.4154
1.5761
1.4341
1.0942
0.8410
0.7171
0.3746
0.5688
0.4939
1.1197
0.6225
0.5713
0.6388
0.3823
0.7337
0.7869
0.7796
0.7439
1.0029
0.7819
0.8729
0.8237
1.2529
1.1656
0.6370
0.4678
0.5306
0.7134
0.6491
1.2041
0.6514
0.5351
0.3097
0.7622
0.0941
0.0589
0.1007
0.0196
0.2235
-0.0121
0.1583
0.0104
-0.0223
-0.0689
-0.2097
0.0232
-0.0910
0.0831
0.1966
0.2730
0.1625
0.1626
0.0046
0.5778
0.2818
0.5896
0.1756
0.2825
0.1955
0.1797
0.3100
-0.0891
-0.2148
-0.2678
-0.4676
-0.2118
-0.7372
-0.8522
-0.8670
-0.7258
-0.5010
-0.8969
-0.8136
-0.8256
-0.8079
-0.6170
-0.4304
-0.8173
-0.6160
-0.8341
-0.5358
-0.6428
-0.4887
-0.3092
-0.0383
0.1403
-0.3092
-0.4772
-0.4743
-0.5664
-0.4594
-0.3202
-0.4351
-0.2834
-0.4158
-0.0248
-0.2358
0.0544
-0.3524
-0.4346
-0.4004
-0.4073
-0.4246
-0.2368
-0.5459
-0.5008
-0.6642
-0.6523
-0.6247
-0.5415
-0.5297
-0.4291
-0.1891
-0.3206
-0.4307
-0.5237
-0.7468
-0.7281
-0.7244
-0.5709
-0.4598
-0.4362
-0.4268
-0.5903
-0.6355
-0.6224
-0.4072
-0.5823
-0.5328
-0.3732
-0.5431
-0.5917
-0.6603
-0.4321
-0.4278
-0.5101
-0.5363
-0.5263
-0.5705
-0.5558
-0.4199
-0.5091
-0.3071
-0.6704
-0.5015
-0.7049
-0.7972
-0.8062
-0.6727
-0.8597
-0.8129
-0.5936
-0.5488
-0.7803
-0.6912
-0.7591
-0.6729
-0.7461
-0.6973
-0.7024
-0.5187
-0.6139
-0.6149
-0.3561
-0.2632
-0.2334
-0.4030
-0.4359
-0.3724
-0.2595
-0.1369
0.0495
-0.3285
-0.3755
-0.3059
-0.1844
-0.1407
0.2211
0.0096
0.3134
0.2263
0.1365
-0.0176
0.0192
-0.0626
-0.0035
-0.0067
-0.0348
-0.0585
-0.1376
0.0217
-0.1739
-0.0239
-0.0403
-0.1841
-0.2718
-0.0527
-0.1737
-0.2061
-0.0243
-0.1916
-0.0732
-0.1556
-0.1025
-0.1183
-0.1125
-0.1121
-0.1379
0.0289
-0.1295
0.2708
-0.0158
0.1721
0.1081
0.0278
-0.1521
0.1625
-0.1814
-0.0380
-0.0559
-0.3905
-0.4092
-0.4418
-0.2689
-0.2203
-0.0903
-0.0563
0.6697
-0.0244
0.0232
-0.0312
0.1003
0.0951
-0.1916
0.2727
-0.3626
-0.3396
-0.1844
-0.2841
-0.4286
-0.4095
-0.2612
-0.2910
0.0643
-0.0483
0.2682
-0.4306
-0.1602
-0.2219
-0.1629
-0.2861
-0.4841
-0.3863
-0.4970
-0.5684
-0.3256
-0.7114
-0.6701
-0.4787
-0.3519
-0.4991
-0.3277
0.0301
-0.1371
-0.1253
-0.3750
-0.0236
-0.1870
-0.1825
-0.5514
-0.1712
-0.2127
0.0847
0.1361
-0.2664
0.0840
-0.3667
-0.3089
-0.0652
-0.2061
-0.6885
-0.0218
-0.6302
-0.3842
-0.7152
-0.3018
-0.6431
-0.6590
-0.2463
-0.5151
-0.3224
-0.3064
0.0550
0.0820
-0.3001
-0.1070
-0.5926
-0.5702
-0.4593
-0.6221
-0.4291
-0.7163
-0.4059
-0.2609
0.0218
-0.4917
-0.4277
-0.3864
-0.5509
-0.6780
-0.6954
-0.7534
-0.6947
-0.0059
-0.4453
-0.6305
-0.8379
-0.7764
-1.0302
-0.6478
-0.8610
-0.7714
-0.5784
-0.2765
-0.7160
-0.5363
-0.8641
-0.9079
-0.6699
-0.6867
-0.7212
-0.3237
-0.3171
-0.0475
0.4044
-0.3041
0.1313
-0.4358
-0.0462
-0.6593
-0.4027
-0.2108
-0.3095
-0.1534
-0.1914
-0.5216
-0.2221
-0.4818
-0.1934
-0.0339
-0.3908
-0.1991
-0.0626
-0.1642
-0.3288
0.0145
-0.4116
0.0260
-0.2463
-0.2528
-0.4205
-0.3182
-0.5844
-0.7016
-0.5058
-0.6780
-0.3465
-0.3979
-0.2578
-0.3081
0.1191
0.1887
0.0051
0.3566
-0.0509
0.2670
-0.1418
0.0024
-0.0514
0.3161
0.2265
0.1549
0.4190
0.5770
0.6846
0.5917
0.3621
0.3418
0.4061
0.4275
0.8509
0.5404
0.2063
0.0451
0.2761
0.1592
0.5713
0.8841
0.1191
0.2725
0.2964
-0.0644
0.2603
0.6783
0.4352
0.0531
-0.2009
0.3394
0.3796
0.2030
0.4265
-0.1992
-0.0018
0.0588
0.3399
0.6941
0.5141
1.5001
0.4991
0.8166
0.4233
0.3575
0.0691
0.4747
1.0805
1.3737
1.1614
0.7913
1.0565
0.2601
0.5327
0.6326
0.1834
0.2251
-0.2479
0.1888
0.0362
-0.1172
-0.1057
0.1877
0.3848
1.4175
0.5734
0.5305
0.1924
0.8334
0.4973
0.7971
0.6353
0.2442
0.6491
0.8055
0.6924
0.6480
0.9186
1.7532
0.6335
1.5843
0.8390
0.6135
0.8199
0.6809
0.9393
0.7049
0.5730
1.0694
1.3151
0.8461
0.9769
0.4776
0.8831
0.9052
0.9271
1.0280
0.6584
1.0415
1.1929
1.4185
0.2038
0.3822
0.7052
0.4690
1.2283
1.0707
1.9746
1.6328
1.4658
1.0384
0.5430
0.3422
0.7144
0.5893
1.0756
1.2329
0.7907
0.7892
0.5015
0.5210
1.1407
0.8355
1.1236
1.4733
1.1599
0.7660
1.1355
1.0399
1.2379
1.2010
0.7370
0.5882
0.8628
1.0561
1.7075
1.1257
1.2052
1.3101
1.1882
0.6584
0.6491
0.5971
1.2054
1.3901
1.3290
1.2057
1.6150
0.8414
0.8380
0.9584
1.0019
0.5925
0.3665
0.5920
0.7614
0.7769
0.9967
0.8809
0.6626
1.0660
0.5485
0.9309
1.0180
0.6917
0.6093
1.0379
0.9457
0.0543
-0.1168
-0.1392
-0.0838
0.2903
0.3595
0.5406
0.1267
0.2022
0.1060
0.2849
0.3212
0.3106
0.5131
0.3226
0.4276
0.2402
0.7210
0.1806
-0.1628
-0.5623
-0.5821
-0.5362
-0.4090
-0.2415
0.0535
-0.3771
-0.4574
-0.4102
-0.3992
-0.4239
-0.2617
-0.2231
