-0.1123
0.7185
0.1754
0.3339
-0.1021
-0.4886
-0.8437
-0.2118
-0.2610
-0.4231
0.3218
-0.2858
0.2118
0.3652
0.0424
0.2575
0.5464
0.4633
0.4547
0.6991
0.8317
0.5845
0.6180
1.2676
1.0837
0.9205
0.9705
1.0374
1.0600
0.5905
0.5830
0.6142
0.8236
0.9564
0.7166
0.8427
0.6295
0.6573
0.4165
0.1878
0.3505
0.3590
0.5106
0.1037
0.3020
-0.0567
0.2674
0.0722
0.4268
0.2533
0.2513
0.2516
0.1152
-0.0493
0.0270
-0.1724
-0.0414
-0.3063
-0.0648
-0.1830
0.1466
0.1154
0.4765
0.1945
0.2098
0.5197
0.4288
0.4529
0.5784
0.9242
0.7744
1.1617
1.0830
0.9142
0.7268
0.7478
0.5249
0.7939
0.2908
0.2718
0.1164
0.0525
0.0293
0.0049
0.1091
-0.3586
-0.3235
-0.2853
-0.2253
-0.2783
-0.0385
-0.0324
-0.0251
-0.1690
-0.2167
-0.1660
0.0827
-0.1159
-0.1660
-0.3615
-0.2581
-0.3427
-0.5260
-0.6366
-0.6013
-0.5862
-0.1249
-0.7743
-0.7631
-0.5846
-0.7241
-0.6745
-0.6187
-0.2732
-0.6994
-0.7070
-0.7284
-0.2539
-0.6718
-0.4707
-0.3117
-0.1730
-0.3195
-0.4400
-0.6962
-0.5805
-0.5264
-0.3569
-0.6942
-0.8840
-0.6424
-1.0030
-1.0156
-0.7209
-0.8668
-0.7034
-0.6684
-0.3475
-0.6574
-0.7339
-0.2230
-0.9434
-0.8316
-0.7822
-0.6086
-0.5239
-0.7103
-0.7855
-0.3558
-0.5030
-0.5672
-0.7084
-0.9424
-0.9329
-0.9237
-0.5472
-0.4069
-0.2510
-0.2757
-0.5219
-0.5165
-0.9336
-0.5632
-0.9321
-0.8324
-0.6621
-0.6269
-0.7126
-1.0087
-0.6959
-1.0014
-0.8847
-0.7471
-0.9049
-0.7275
-0.5837
-0.4887
-0.8140
-1.1515
-1.1216
-1.0946
-1.0466
-1.1162
-1.0434
-1.1768
-0.7508
-0.7602
-1.0627
-1.1335
-1.1349
-0.9472
-1.1345
-0.5555
-1.0365
-1.0005
-0.7274
-0.7775
-0.6183
-1.1031
-0.4372
-0.5962
-0.2534
-0.1856
-0.9107
-0.8375
-0.8695
-0.6398
-0.8220
-1.0608
-0.7486
-0.5935
-0.1067
-0.1726
-0.1670
-0.4828
-0.6147
-0.3401
-0.8114
-0.6852
-0.4114
-0.4805
-0.9373
-0.8976
-0.8988
-0.8459
-0.6964
-0.2558
-0.1429
-0.8382
-0.8107
-0.8398
-0.2739
-0.6032
-0.9034
-0.4107
-0.5667
0.0782
-0.3856
-0.3496
0.8355
0.3154
0.2275
-0.1753
-0.7872
-0.1372
-0.8543
-0.2512
-0.0617
0.6654
-0.2783
0.1869
0.6376
0.2381
0.4049
0.2765
0.1808
0.0243
-0.1669
-0.1358
0.3200
0.1875
0.1660
-0.0010
0.5667
-0.3392
-0.1560
0.8111
0.0667
0.1803
-0.3135
0.0020
0.8735
-0.1593
-0.1580
0.0953
-0.3957
0.0543
-0.3103
0.6891
0.3151
0.2840
0.2840
0.3776
0.7107
-0.0332
0.1601
0.2687
-0.1885
-0.0994
0.6415
0.2278
0.5764
0.4883
1.0346
0.8630
0.8568
0.7678
0.8149
0.8482
0.8431
0.7151
0.9007
1.0279
1.3332
0.8540
0.9320
0.8503
0.9217
0.7337
1.4548
0.7264
1.5711
1.5493
1.4903
2.0439
2.2598
1.9069
2.1934
2.3641
1.6502
1.3061
1.6488
1.5753
1.6564
1.6939
1.6768
1.3903
1.3030
1.4395
2.3156
2.1528
1.8056
1.5386
2.0203
1.5839
1.8115
1.0484
0.9457
0.9548
0.4364
1.3827
0.8033
1.1233
0.9207
0.9985
1.3878
1.1780
1.2639
1.4051
0.7924
1.1227
0.3618
0.8087
0.5383
0.9256
1.0345
0.9541
1.1182
1.2817
1.2524
1.1706
0.8333
0.3724
0.4214
0.5589
0.1747
0.6230
0.7153
0.4020
0.1347
0.0554
0.0517
0.2081
0.2445
0.2138
0.6278
0.7617
0.7142
0.6289
1.1110
1.3565
1.1475
0.8876
0.6934
0.5907
0.3866
0.6125
-0.1437
-0.1933
0.1116
-0.6353
-0.5116
-0.5117
-0.1916
-0.2891
-0.4857
-0.5161
-0.7937
-0.3490
-0.7345
-0.9221
-0.6587
-1.1698
-1.0296
-1.1016
-0.7830
-0.8393
-0.9921
-0.7784
-0.6873
-0.7871
-0.5929
-0.5426
-0.2313
-0.5822
-0.4916
-0.8440
-0.7558
-0.5203
-0.8330
-0.3741
-0.6530
-0.3884
-0.6319
-0.5190
-0.4734
-0.7391
-0.7441
-0.4842
-0.4109
-0.8472
-0.6054
-0.8081
-0.9340
-0.9741
-1.0005
-0.8405
-0.8734
-0.6789
-0.8842
-0.7042
-0.9220
-0.4989
-0.1922
0.3036
0.3779
0.7961
0.3769
-0.0557
0.1223
0.0158
0.3623
0.0384
-0.0718
-0.0475
-0.2122
-0.1200
-0.4481
-0.5280
0.2400
-0.0220
0.2428
-0.3726
-0.2955
0.1222
-0.6242
-0.1275
0.0151
0.2850
0.1348
0.1062
0.0977
-0.0218
-0.3322
0.0266
-0.0755
-0.3454
0.3839
0.3309
-0.1324
-0.0083
0.1883
-0.3728
-0.3443
-0.3421
-0.1384
-0.1451
0.2017
0.6444
0.5730
0.4771
0.4057
0.4290
0.0797
0.2833
0.0365
0.3167
-0.1739
0.0140
-0.5514
-0.5073
-0.2766
-0.0378
0.0097
0.1066
-0.2538
0.3132
0.2715
0.6670
0.3585
0.3536
0.2512
-0.1180
-0.3571
-0.8692
-0.1438
0.2212
-0.1010
0.1891
-0.0106
0.3162
0.2045
0.0504
0.4573
0.4517
0.0657
0.1916
-0.2039
-0.3805
-0.2441
-0.4091
-0.3471
-0.3377
0.0388
-0.0877
-0.0854
0.0285
0.0492
1.1949
0.4241
0.6559
0.1070
-0.0312
0.0234
-0.1895
-0.1448
-0.0312
-0.2965
-0.5413
-0.3787
-0.8755
-0.7678
-0.4671
-0.2703
-0.3889
-0.1218
-0.2649
-0.1905
-0.3766
-0.5967
-0.6723
-0.5694
-0.9421
-0.5242
-0.9820
-0.1055
-0.8179
-0.7476
-0.5961
-0.6579
-0.2545
-0.6614
-0.7825
-0.7717
-0.2806
-0.6390
-0.2038
-0.5435
-0.3277
-0.7692
-0.5172
-0.6901
-0.4518
-0.3280
-0.4643
-0.3894
-0.4227
-0.3616
-0.2865
-0.5365
-0.5002
-0.4388
-0.0292
-0.3461
-0.3016
-0.7669
-0.9114
-0.9596
-1.1110
-0.8874
-0.8800
-1.0357
-1.1215
-0.9161
-0.9679
-0.9027
-0.5596
-0.6782
-0.8778
-1.0848
-0.7223
-0.8969
-0.7999
-0.6828
-0.6402
-0.4193
-0.4286
-0.3985
-0.3316
-0.5329
-0.3789
-0.3915
-0.6519
0.1601
-0.1573
-0.5558
-0.1863
-0.4421
-0.4565
-0.5010
-0.7133
-1.0128
-0.6949
-0.9137
-0.6864
-0.5862
-0.7446
-0.8507
-0.7707
-0.8114
-1.0662
-0.9462
-0.9413
-0.5083
-0.9968
-0.7393
-0.8404
-0.9737
-0.9707
-1.0644
-0.6533
-0.3241
-0.6651
-0.8115
-0.5982
-0.8039
-0.7018
-0.9791
-0.9203
-0.5534
-0.7026
-0.7356
-0.6038
-0.5008
-0.6042
-0.1173
-0.6083
-0.1892
-0.4662
-0.3704
-0.4559
0.1119
-0.6094
-0.3446
-0.3258
-0.3678
-0.1269
-0.4306
-0.5024
-0.4807
-0.3595
-0.6272
-0.1397
0.7279
0.4649
0.1816
-0.5244
-0.4427
-0.0401
-0.0917
-0.2348
0.2260
0.4380
0.2182
0.2962
0.6619
0.5880
1.4830
1.0786
1.0603
1.3731
1.6525
1.1959
1.4597
1.0445
0.6821
0.8766
1.2293
0.7667
1.1636
1.0321
0.5477
0.2068
0.6901
0.2488
0.5996
0.6847
0.9877
0.4255
0.6274
0.4255
0.3331
0.5120
0.1482
0.3226
0.4048
0.6773
1.1330
0.7055
0.8247
1.2222
1.6068
1.2585
1.7931
1.3604
1.2174
1.1165
0.7431
0.9455
1.0006
0.5367
0.7543
0.8952
1.0564
1.5617
1.1301
1.5289
1.0581
1.3705
1.8009
1.4782
1.4391
1.8210
1.6688
1.8387
1.4465
1.6679
1.6440
2.0499
1.8057
2.0833
2.0568
1.3856
1.3226
1.5647
1.7264
1.4954
1.7717
1.5141
1.4615
1.4721
2.0269
1.7517
1.8045
2.5258
1.6533
1.7120
2.0712
2.0462
1.9677
1.8480
1.4703
1.6163
1.3295
1.2635
0.9338
1.2677
0.6879
0.8483
0.5030
0.6715
0.7901
0.4800
0.4531
0.0368
0.6287
0.1979
0.4550
0.8088
0.7670
0.5840
0.3713
0.6699
0.8559
0.5341
0.4168
0.7278
0.1513
0.1838
-0.0207
0.2267
0.5670
0.5560
0.2497
0.1234
0.0128
0.0981
0.3980
0.0487
0.2147
0.2252
0.1099
0.1699
0.0421
-0.0041
0.0074
-0.3684
-0.2896
-0.2209
-0.1351
-0.0821
0.2790
0.5760
0.4772
0.4948
-0.1053
-0.3045
-0.1767
-0.3651
0.0756
0.5237
0.8387
1.2667
0.5076
0.3152
-0.0989
-0.1449
-0.0856
0.1069
0.2867
-0.1775
-0.3697
-0.4760
-0.2115
-0.1645
-0.0063
0.3237
0.2169
0.2445
0.1427
0.2260
0.3261
0.3261
0.5624
0.6286
1.0041
0.3532
0.6209
0.4592
0.2507
-0.0344
0.0509
-0.1571
-0.3904
-0.0639
-0.0800
-0.4603
-0.7592
-0.8979
-0.8958
-0.7275
-0.4335
-0.5723
-0.5147
-0.5759
-0.3086
-0.4505
-0.0653
-0.4232
-0.4936
-0.8090
-0.9708
-0.7662
-1.0706
-0.7018
-0.3775
-0.7510
-1.0047
-1.0081
-0.9606
-0.7289
-0.8178
-0.8476
-0.9689
-0.3148
-0.3880
-0.7574
-0.9164
-1.1007
-1.0383
-0.7917
-1.0678
-1.0225
-0.9204
-0.8608
-0.8225
-1.0368
-1.0399
-1.1431
-1.0601
-0.9098
-0.8782
-0.8436
-1.0946
-1.0997
-1.0180
-0.8384
-1.1579
-0.9563
-0.4728
-0.7114
-1.0974
-0.8249
-1.1129
-0.7573
-0.8644
-0.7903
-0.9162
-1.1394
-0.7057
-0.3973
-0.9693
-0.6111
-0.8490
-0.9061
-0.5999
-0.5520
-0.4307
-0.8014
-0.7772
-0.9805
-0.5644
-0.8268
-0.3312
-0.6205
-0.6417
-0.7557
-0.8889
-0.3663
-0.4525
-0.1834
-0.4722
-0.4415
-0.1756
-0.7179
-0.3144
-0.9346
-0.7306
-1.0103
-0.6666
-1.1222
-0.7567
-1.0118
-0.7752
-0.9298
-0.3366
-0.7544
-0.1558
-0.1861
0.1005
-0.1852
0.3780
-0.1182
0.2318
0.2463
0.6435
0.3993
0.4633
0.4965
0.7394
0.9277
1.4243
0.8895
0.7769
0.4893
1.2243
0.5168
0.7816
0.8117
1.4071
0.4722
0.7864
0.1097
0.2320
0.4294
0.4887
0.4227
0.4966
0.9041
0.7241
0.2482
0.2597
0.1674
0.0201
0.2415
-0.1602
0.0425
-0.0050
-0.2602
-0.2691
-0.0972
0.0640
-0.2973
0.1255
-0.2183
-0.0870
-0.1622
-0.0086
0.2069
0.5079
0.4982
0.8154
0.7498
0.6695
0.5709
0.6619
0.9207
0.5957
0.7245
0.1800
0.6099
0.7393
0.7943
0.5718
0.6846
0.9754
1.1257
1.2049
1.3234
1.0165
1.1220
0.9187
1.3418
1.4159
1.4636
0.7032
0.9515
0.6345
0.6745
0.8536
0.9880
0.8049
0.9388
0.8473
0.9136
0.8540
0.8236
1.0427
1.1017
1.5245
0.8168
0.7023
0.8874
0.7125
1.4270
0.3604
1.5881
0.0883
0.0891
0.0002
0.3206
0.2747
0.7645
0.1150
0.5977
0.4748
0.3180
0.7068
0.6539
0.6852
0.4958
0.5063
0.5882
0.7981
0.8144
0.4931
0.3914
0.4023
0.4652
0.4814
0.4224
0.3929
0.2309
0.6532
0.0385
0.0180
0.0665
0.2279
0.6187
0.2964
0.2951
0.1999
0.1161
-0.1105
-0.0042
-0.6389
-0.3897
-0.2799
-0.5050
-0.2547
-0.5388
-0.2352
-0.6583
-0.7366
-1.0267
-0.6133
-1.0001
-1.0425
-1.1467
-0.8941
-0.7044
-0.8141
-0.8778
-0.5902
-0.6503
-0.9759
-0.6705
-0.9673
-1.0071
-0.8823
-1.0608
-0.5481
-1.0897
-1.0858
-0.7163
-0.8102
-0.8862
-1.1181
-0.7792
-0.7792
-0.2661
-0.5064
-0.4086
-0.6366
-0.7259
-1.0192
-0.7130
-0.7796
-1.0099
-0.8200
-0.8669
-0.0706
-0.8934
-0.6868
-0.5568
-0.4664
-0.0975
-0.9582
-0.1460
-0.8988
-0.8703
-0.5393
-0.8130
-0.9164
-1.0662
-0.9321
-0.2954
-0.3548
-0.7109
-0.4788
-0.8628
-0.8297
-1.0815
-0.8043
-0.7811
-0.6977
-0.0563
-0.4841
-0.1874
-0.3354
-0.1938
-0.6856
-0.7137
-0.8381
-0.2143
-0.1564
-0.3673
-0.2122
-0.4497
-0.4115
-0.5143
-0.0240
-0.1284
-0.8752
-0.7222
-0.6520
-0.8227
-0.6901
-0.4472
-0.1102
-0.5867
-0.5307
-0.7085
-0.4754
-0.8161
-0.4605
-0.0567
-0.8023
-1.0871
-0.6093
-0.9382
-0.3828
-1.1610
-0.8014
-0.5885
-0.6311
-0.9861
-1.0315
-0.7478
-0.9475
-0.6351
-1.0008
-0.3666
-0.4650
-0.9896
-0.5451
-0.7845
-0.4583
-0.3155
-0.5978
-0.7278
-0.5475
-1.0774
-0.5417
-0.2782
-0.4111
-0.4597
0.0068
-0.7006
-0.2983
-0.0900
0.2748
-0.5192
-0.4925
-0.4512
-0.5894
-0.5932
-0.8728
-1.0174
-0.5750
-0.9212
-0.5238
-0.9920
-0.1218
-0.5964
-0.5010
-0.0439
0.1791
0.2701
0.6559
0.6614
-0.1207
-0.0465
-0.2052
-0.3359
-0.2361
-0.8310
-0.4256
-1.0591
-0.3750
-0.5769
-0.4489
-0.3653
0.1297
-0.1451
-0.0468
0.5801
0.0808
-0.5309
-0.4331
-0.4198
-0.8574
-0.6334
-0.8013
-0.4624
0.2760
0.0653
0.6471
0.7557
0.4286
0.4165
0.0523
0.7821
0.6828
1.5348
0.3711
0.3516
-0.0464
-0.1310
-0.3486
0.0168
0.1578
-0.3635
-0.3355
-0.4259
-0.1980
-0.2099
0.8606
-0.1726
0.2825
-0.2668
0.1386
0.1191
0.1854
0.2333
0.2558
0.6803
0.6990
0.1495
0.9248
0.0119
0.0829
0.5022
0.0805
-0.0837
0.1741
0.4978
-0.0406
0.3748
0.4062
0.3405
0.0816
0.6720
0.4329
0.4589
0.6614
0.6744
0.8967
0.3341
1.0460
0.4562
0.5374
0.5344
0.5336
0.1701
0.4528
0.0529
0.5394
0.0828
-0.0288
0.1438
0.6935
-0.2433
0.0454
-0.0866
0.1106
0.0510
0.1622
-0.0134
0.1976
0.4527
-0.0380
0.5743
-0.0200
0.3090
-0.1572
0.2400
0.1312
0.5441
0.1758
0.2044
0.3109
0.6136
0.6108
1.2494
0.5351
0.2069
0.2596
0.1822
0.3576
0.6954
0.1713
0.1806
0.2702
0.1704
-0.1696
-0.3603
-0.6232
-0.4600
-0.3548
-0.4922
-0.4145
-0.4190
-0.4360
-0.5344
-0.0373
-0.1420
-0.1957
0.0490
-0.2138
-0.4386
-0.4784
-0.4560
0.1513
-0.5266
-0.7667
-0.3549
-0.6581
-0.4253
-0.1994
-0.4175
-0.5069
-0.5298
-0.6033
-0.9051
-0.5790
-0.6153
-1.0942
-0.8879
-1.0647
-0.8378
-0.5613
-0.3319
0.1226
-0.5074
0.0059
-0.5643
-0.7074
-0.4872
-0.9084
-0.8427
-0.3362
-0.8581
-0.4951
-0.6407
-0.2792
-0.6493
-0.4899
-0.5824
-0.6975
-0.1203
-0.7200
0.0091
-0.0936
-0.2044
-0.5288
-0.7737
-0.7366
-0.8008
-0.8001
-0.4606
-0.8830
-0.6002
-0.9190
-1.1669
-0.4954
-0.5943
-0.8558
-0.8111
-0.6221
-0.7735
-0.9238
-0.7138
-0.0585
-0.0622
-0.3204
0.3858
0.1059
-0.3668
-0.5959
-0.9326
-0.7180
-0.9297
-0.9632
-0.3699
-0.7445
-0.5549
-0.2681
-0.2016
-0.2907
-0.4334
-0.2244
0.1342
0.5537
0.5986
0.4703
0.6746
0.3506
1.5341
0.9384
0.1725
0.6157
0.9508
0.1473
0.3125
0.1560
1.0882
0.3589
1.0480
1.0978
0.6692
0.6774
0.7316
0.3449
1.3516
0.5801
0.7835
0.5908
0.9805
0.9984
1.2320
1.1523
1.0505
1.4200
1.6767
1.0098
0.8638
0.9895
0.8099
0.7095
1.0685
0.6579
1.0078
1.0196
0.9928
1.0971
0.8688
1.3794
1.5380
1.7692
1.8398
1.9160
2.7217
2.6244
2.6858
2.9325
2.0879
1.4962
1.9138
1.0364
0.9025
1.0180
1.2203
1.2882
1.3325
1.3285
1.3467
1.6798
1.5237
1.6617
1.4494
1.4166
1.2344
1.4876
1.4492
1.0202
1.0706
1.0496
1.5642
1.3228
1.2702
1.3537
1.7574
1.6547
2.0401
1.5846
1.7658
1.4721
1.1978
1.2073
1.3000
1.5001
1.5855
1.3725
0.9652
1.0146
0.7664
0.9515
0.9352
1.5494
1.0074
1.5593
0.9928
0.5965
0.4408
0.3688
0.1191
0.3934
0.3564
0.1445
0.7739
0.4212
0.3953
0.3784
0.7709
1.0689
0.3868
-0.1308
-0.4128
0.1098
-0.3281
-0.2647
0.5142
-0.0146
-0.1749
-0.1730
-0.3347
0.2203
0.3018
0.1221
0.1962
0.2617
0.3791
0.6399
0.1554
0.2669
0.2458
0.4768
0.4563
0.2422
0.2588
0.6928
0.5710
0.4230
0.3526
0.1278
-0.0817
-0.4586
-0.3822
-0.6475
-0.0529
-0.5686
-0.3845
-0.3261
-0.1400
0.3791
0.5319
0.5516
0.4427
0.6109
0.5632
1.6202
0.7769
0.6784
0.6398
0.3737
0.7091
0.9035
0.4498
0.7916
0.7159
0.5971
0.1538
-0.0666
0.5539
0.5836
0.3963
0.6964
0.5164
0.6413
-0.2087
-0.3461
-0.0359
-0.3961
-0.1028
-0.4799
-0.3471
-0.1823
0.1202
-0.0778
-0.0261
-0.3345
-0.4702
-0.1367
-0.3574
-0.1138
0.3652
-0.4883
-0.3713
-0.1600
-0.2764
0.0271
-0.1908
0.0740
-0.3734
-0.3772
-0.5566
-0.6971
-0.7545
-0.9056
-1.1300
-0.5694
-0.6211
-1.1693
-1.1222
-1.1581
-1.0294
-0.9577
-1.0763
-0.9197
-0.7622
-1.0885
-0.7481
-0.8766
0.2900
-0.3645
-0.3079
-0.9668
-1.1064
-1.1736
-0.7768
-0.9818
-0.5630
-1.1811
-0.8327
-0.7280
-0.9649
-0.8304
-0.8363
-1.0028
-1.0626
-0.8437
-0.9114
-0.7631
-0.9475
-0.6530
-0.8141
-0.9095
-0.3929
-0.8439
-1.0004
-1.0837
-0.9854
-0.8194
-1.1541
-0.9538
-1.1018
-1.0284
-1.0633
-1.1154
-0.8755
-1.0870
-0.8415
-0.8270
-0.9294
-0.9521
-0.9620
-1.0217
-1.1657
-0.9099
-1.0973
-0.9230
-0.6787
-0.7709
-0.6749
-0.7204
-0.2323
-0.6051
-0.8848
-0.7496
-0.8345
-0.9586
-0.4366
-1.0101
-0.7033
-0.3133
-0.7112
-0.9091
-0.8239
-0.7175
-0.8119
-0.3462
-0.5662
-0.7403
-0.7126
-0.8823
-0.1470
-0.9010
-0.7135
-0.5092
-1.0016
-0.7861
-0.8693
-0.8218
-0.9436
-0.9369
-1.0104
-0.5804
-1.0156
-1.1530
-1.0803
-1.1048
-1.0444
-0.7386
-0.5437
-0.9109
-1.1391
-0.9559
-1.0829
-1.0635
-1.0140
-0.5969
-0.6241
-1.0651
-0.6890
-0.8542
-0.8516
-0.4687
-0.6166
-0.2941
-0.3051
-0.4665
-0.9918
-1.1090
-1.0903
-0.8311
-0.5095
-0.8411
-0.3858
-0.6403
-0.6542
-0.0629
-0.1772
-0.4597
-0.2459
-0.7128
-0.6703
-0.5092
-1.0205
-0.5960
-0.4725
-0.2945
-0.5184
0.2360
-0.3659
-0.3049
-0.5052
-0.7410
-0.9757
-0.7872
-0.6763
-0.5400
-0.0443
0.1049
-0.5107
-0.3184
-0.3289
-0.4041
0.5428
-0.1000
0.2808
0.0554
0.0473
0.1435
0.0394
0.2475
-0.3750
-0.5368
-0.7302
-0.5923
-0.8885
-0.0888
-0.4024
-0.3261
-0.4520
-0.5851
-0.6917
-0.5562
-0.1216
-0.2060
-0.1987
-0.3414
-0.1352
0.2679
0.0915
0.0209
-0.5737
0.0979
0.1628
0.1783
0.1765
-0.2184
0.0896
0.0083
-0.3281
0.3591
-0.0221
1.0917
0.0895
1.0259
0.3007
0.5285
0.2681
0.2675
0.3446
0.6077
0.6166
0.3117
0.3920
0.1006
0.1684
-0.0329
0.2773
-0.0597
0.5185
0.7178
0.4105
0.2017
-0.1875
0.4886
-0.1495
0.0565
-0.0643
-0.2411
-0.2105
-0.1748
-0.5913
-0.4004
-0.2053
-0.2542
-0.4319
-0.5182
-0.6198
-0.8146
-0.7974
-0.6928
-0.8136
-0.3444
-0.6117
-0.5592
-0.8502
-0.0344
-0.5544
0.5059
-0.4303
-0.0392
-0.7536
-0.5545
-0.4893
-0.0881
-0.2347
-0.0882
-0.3026
-0.3990
-0.1482
-0.5363
-0.4281
-0.3391
-0.1425
0.0629
0.1008
-0.1643
-0.1984
-0.4701
-0.1035
0.0521
0.1099
-0.1959
0.0255
0.0564
-0.1258
-0.2119
-0.2809
-0.1461
-0.4104
-0.2736
-0.0848
0.1449
0.0264
0.4311
-0.6064
-0.0126
-0.2877
0.3140
0.0282
0.3533
0.3662
0.3385
0.5158
0.8034
0.6780
0.5289
0.7617
0.5062
0.2603
0.1634
0.6797
0.4323
0.3466
-0.0594
0.0268
-0.5499
-0.5642
-0.8724
-0.4152
-0.8350
-0.6072
-0.1182
-0.3667
-0.2911
-0.3629
-0.7090
-0.7452
-0.4863
-0.5567
-0.5632
-0.5487
-0.5665
-0.4007
-0.3666
-0.2131
-0.0210
0.3256
0.7140
1.3398
0.9699
1.0721
0.9496
0.5426
0.8360
0.6153
0.9590
1.1220
1.3014
1.1238
0.9302
1.0986
0.6267
0.7798
0.6716
0.7122
-0.0367
-0.1156
-0.0549
-0.2808
-0.1628
-0.1231
-0.3745
-0.0925
0.3084
0.0626
0.0215
0.2415
0.1483
0.3304
0.6355
0.5674
0.5792
0.2912
0.5010
0.5772
1.0299
0.9527
0.7217
0.8426
0.5813
0.3269
0.1153
0.1604
-0.2101
0.1005
-0.2347
-0.3262
0.2313
-0.0683
0.0793
0.6384
0.4190
0.6050
0.6960
0.5442
0.2655
0.5633
0.5334
0.3542
0.0130
-0.2701
-0.0147
0.1152
0.2970
0.9091
0.5640
1.3396
1.0275
0.9021
0.7145
0.9756
1.2076
0.5124
0.4898
0.3531
0.6771
0.3182
0.5547
0.3114
0.0928
0.3456
0.3726
0.6161
0.2433
0.7656
0.4462
0.3417
0.9410
0.7574
1.1904
0.9518
1.0875
0.9073
1.0913
0.8701
0.3932
0.7583
1.2429
0.5141
0.7812
0.7430
0.7572
0.4355
0.8152
1.1841
0.8907
0.6650
0.6375
0.4701
0.4493
0.7655
0.4740
0.3877
0.9865
0.1348
-0.0019
-0.5791
-0.3310
-0.4812
-0.3515
-0.5358
-0.1846
-0.4221
-0.7528
-0.6651
-0.4006
-0.6953
-0.8318
-0.6242
-0.6787
-0.4655
-0.6129
-0.4566
-0.6372
-0.5899
0.0107
-0.9824
-0.8331
-0.7939
-1.1567
-0.9803
-0.4311
-0.3401
-0.5335
-0.3788
-1.0781
-0.4493
-0.5894
-0.5243
-0.1970
0.4714
0.4924
0.7731
0.4614
0.6683
0.8308
0.5389
1.3900
1.3376
1.1405
1.0720
1.0047
0.7600
0.6115
0.8875
0.4998
0.6250
0.2286
0.6269
0.5611
0.7954
0.4736
0.8198
0.4897
0.5010
0.6773
0.2643
0.2934
-0.3201
-0.0708
-0.3674
-0.2854
0.0492
0.4041
0.3131
0.2486
0.6020
0.3694
0.5621
0.4085
0.6753
0.6550
0.4850
0.4454
-0.1809
-0.2362
-0.1669
-0.4273
-0.1362
-0.2395
-0.2088
-0.4386
-0.1836
-0.1267
0.2774
0.0101
0.0471
0.0793
-0.1382
0.0702
0.1718
0.0473
-0.1794
-0.3255
-0.0439
0.1137
0.4369
0.2262
0.1619
-0.0712
-0.1716
-0.2850
-0.0036
-0.3623
-0.2986
-0.1832
0.0619
-0.0826
-0.2553
-0.3539
-0.3642
-0.5044
-0.5591
-0.7215
-0.4784
-0.8829
-0.9865
-1.0289
-0.7322
-0.9486
-1.1343
-1.0774
-1.0569
-0.9816
-0.7083
-0.5828
-0.3889
-1.0952
-0.9513
-0.8540
-1.0184
-0.9570
-0.7916
-0.7883
-0.8200
-0.8619
-0.7985
-0.1941
-0.4631
-0.7966
-1.0732
-0.7022
-0.9291
-0.5937
-0.4340
-0.7743
-1.0566
-0.8952
-0.8540
-0.5072
-1.1381
-0.8927
-1.1352
-1.0695
-1.0412
-0.7621
-0.5109
-0.6480
-0.4858
-0.7667
-0.7378
-0.7039
-0.2145
-1.1354
-0.5017
-1.0566
-0.8522
-0.6389
-0.8341
-0.2922
-1.0667
-0.8423
-0.8971
-1.0024
-0.9390
-0.8787
-1.0018
-0.8949
-0.6806
-0.8302
-1.0993
-0.5700
-0.7804
-0.7737
-0.8486
-0.0381
-0.1990
-0.8045
-0.7575
-0.5639
-0.5948
-0.5020
-0.8782
-0.6084
-0.5249
-0.3087
-0.5529
-0.4098
-0.1199
0.0743
0.3626
0.1471
-0.0578
-0.2200
-0.3083
-0.6019
-0.5883
-0.3642
-0.8047
-0.7541
-0.6664
-0.9903
-1.0703
-0.9410
-0.9531
-1.0900
-0.7017
-0.8874
-0.6412
-0.2334
-0.6608
-0.9754
-0.7105
-0.9441
-0.3330
-0.3029
-0.1702
-0.3978
-0.3061
-0.4411
-0.0862
-0.2316
0.3886
-0.2198
-0.2224
-0.2658
-0.0371
-0.0639
-0.0636
0.1562
0.2214
0.8830
0.4040
0.1270
0.4678
0.0883
-0.0597
-0.1936
-0.1240
-0.3466
-0.4767
-0.5395
-0.3546
0.1564
0.4171
0.5042
0.3123
0.2349
0.1206
-0.1714
-0.0115
-0.4053
0.0644
-0.7491
-0.6155
-0.7279
-0.2475
-0.3190
0.3654
0.2662
0.6308
0.3860
0.7824
0.9127
0.5022
0.4895
0.9019
0.8906
0.5400
0.6555
0.6075
0.5702
0.7794
1.0493
0.9822
0.6884
0.6449
1.1547
1.2918
0.9039
0.5783
0.9886
1.2737
1.1939
1.2256
1.1679
1.2411
0.9570
0.8442
0.8682
0.9107
0.7604
0.8730
0.2493
0.3144
0.5737
0.9088
0.5141
0.2942
0.5511
0.8422
0.8981
0.6949
0.8305
0.8081
1.4392
0.8431
1.0531
1.1562
1.1321
1.7744
1.6837
1.7363
1.8868
1.8187
1.6537
1.6846
1.1178
1.4996
0.9997
1.2542
0.8123
1.2235
0.6410
0.7332
0.7879
1.2552
0.9733
1.2601
1.0619
1.1410
1.2256
1.2421
1.4233
0.9683
1.2247
1.9374
1.9426
1.7483
2.3844
1.8472
1.9288
2.2752
1.6564
1.6418
1.9032
1.9480
1.2913
0.8881
1.1710
0.5662
0.4519
0.4959
0.2125
0.2510
-0.3531
0.2401
-0.6116
-0.5794
-0.4003
0.0108
0.0809
-0.0173
0.0912
0.0706
-0.0928
0.1667
-0.4381
-0.5043
-0.6317
-0.3237
-0.3506
-0.1116
-0.7627
-0.1883
-0.6429
-0.6414
-0.3797
-0.3480
-0.5860
-0.6731
-0.8789
-0.5741
-0.4768
-0.9041
-0.9124
-0.8812
-0.4372
-0.5214
-0.0006
-0.3289
0.1469
-0.0147
0.1692
0.2113
0.2583
-0.2413
-0.2590
-0.1112
-0.2415
-0.2006
-0.5911
-0.5771
-0.7484
-0.1137
-0.5687
-0.4231
-0.1444
-0.1312
-0.1321
-0.2541
0.0448
-0.0225
0.1878
0.1126
0.4237
0.1040
-0.1700
-0.6130
0.0077
-0.7105
-0.4380
-0.5767
-0.5847
-0.3721
0.0703
-0.1109
-0.0394
-0.3156
0.2693
-0.3001
0.1532
-0.0165
-0.0029
-0.3598
-0.2702
-0.4857
-0.1927
-0.6628
-0.4581
-0.4674
-0.1742
-0.0638
0.2526
-0.3528
-0.4747
-0.3494
-0.0599
-0.2841
-0.2129
-0.3015
-0.3850
0.0380
-0.3061
0.1493
0.0985
-0.1941
0.2893
0.0339
0.0202
0.1943
0.4200
-0.2043
-0.3342
-0.5070
-0.3683
-0.2121
0.2289
-0.1997
-0.4493
-0.4025
-0.4649
-0.3800
-0.3524
-0.3577
0.1451
-0.3144
0.0018
-0.2559
0.1171
0.2104
-0.2242
-0.5073
-0.5660
-0.7084
-0.7697
-0.2231
-0.1636
-0.2138
-0.5959
-0.4224
-0.5350
-0.7491
-0.3983
-0.6209
-0.4003
-0.2495
-0.3972
-0.2985
-0.2100
-0.1981
-0.2935
-0.1159
-0.2583
-0.2881
-0.0146
-0.1799
0.3832
0.3858
0.6964
0.3522
0.7463
0.8785
0.8667
0.7744
0.0450
0.0069
-0.3802
-0.4626
-0.5258
-0.3355
-0.6597
-0.8261
-0.4827
-0.7892
-0.6491
-0.6142
-0.8436
-0.8829
-0.9046
-0.9611
-0.6926
-0.9417
-1.0561
-0.9677
-0.6943
-1.0034
-1.1251
-0.8815
-1.1099
-0.2679
-1.0254
-1.0222
-1.0207
-0.9711
-0.9914
-0.8092
-1.0426
-0.7891
-0.9530
-0.7942
-0.6090
-0.7080
-0.8688
-0.8956
-0.4550
-0.7042
-0.5028
-0.8347
-0.6177
-1.0573
-0.5819
-0.8290
-1.0948
-0.4429
-0.5940
-0.7941
-1.1185
-1.0317
-0.8472
-0.7665
-1.0281
-0.7737
-0.8551
-0.6594
-0.6647
-0.9152
-1.0824
-0.7936
-1.0598
-0.4248
-0.7653
-0.6457
-0.3263
-0.1322
-0.6405
-0.4585
-0.3086
-0.8732
-0.7916
-0.4930
-0.7904
-0.6280
-0.1820
-0.3877
-0.1747
-0.4043
-0.5513
0.3221
-0.2285
0.0091
-0.5776
-0.4463
-0.6763
-0.0794
-0.2765
-0.0777
-0.2394
-0.3871
-0.2119
0.3677
-0.1174
0.5554
0.1656
-0.2282
-0.0636
-0.1481
-0.0155
0.1306
0.2336
-0.1866
0.0203
0.0275
-0.0008
0.4533
0.2236
-0.4094
0.2752
0.6890
0.8187
0.7078
0.9345
0.6203
1.1145
0.9799
1.0557
0.7319
0.9029
1.1395
0.8640
1.2939
1.8898
1.2763
1.1540
1.1510
0.7557
0.5062
1.0980
1.2452
1.2119
1.4617
1.2479
1.5045
2.5068
1.7895
1.8766
1.6765
1.2195
1.8578
1.3396
1.2673
1.1015
0.9519
0.7870
1.3922
1.2243
1.9620
1.7460
2.2596
2.0235
2.6388
2.9946
2.7836
3.2300
2.5941
3.3097
3.0343
3.2696
3.2420
2.6580
2.5814
3.0033
3.0747
3.4925
3.1813
3.1095
3.2949
3.1159
3.5951
2.5986
2.8532
2.6234
1.9932
1.8200
1.6637
1.9320
2.6055
2.0981
2.5775
2.5961
2.4150
2.6452
2.3496
2.6075
2.2614
2.4998
3.0880
2.8175
2.5025
2.4459
2.7280
2.3696
2.3045
2.4908
2.7047
2.3931
2.7559
1.9410
2.4551
1.8395
2.3624
2.4205
2.3743
2.5353
2.0273
2.2735
2.4468
1.5432
1.7540
1.3588
1.5335
1.6746
1.8691
1.5754
1.7193
1.2527
1.1821
1.6475
1.4541
1.5442
1.3550
1.6562
1.4381
1.7115
1.5534
1.8245
1.7179
1.3652
1.3665
1.5842
1.5008
1.6091
1.3918
1.4560
1.3019
0.9468
0.7336
0.5973
0.5957
0.5132
0.8019
0.5091
0.8428
0.6169
0.6803
0.2894
0.4325
-0.1335
-0.2641
0.0710
-0.6087
-0.7251
-0.7712
-0.6881
-0.9922
-1.0852
-0.7958
-0.5282
-1.0028
-0.8662
-1.0384
-1.0433
-0.9880
-1.1692
-0.9284
-0.8823
-1.1003
-0.7530
-1.0653
-0.9683
-0.8750
-0.9639
-0.9354
-1.1736
-1.0594
-0.8026
-0.7178
-1.0821
-0.9473
-1.1784
-0.5559
-0.8684
-0.8233
-1.0189
-0.6362
-0.8820
-0.8180
0.1538
-0.2560
-0.4111
-0.7237
-0.4796
-0.7563
-0.4856
-0.8370
-0.9356
-1.0446
-1.1315
-0.3952
-0.7504
-0.5730
-0.4021
-0.0979
-0.4322
-0.7693
-0.8186
-0.6186
-1.1396
-0.7976
-0.5975
-0.9801
-0.9007
-1.0947
-0.7849
-1.1530
-1.1771
-0.9923
-0.8723
-0.8528
-1.0616
-1.0324
-0.5596
-0.8112
-0.6182
-0.5920
-0.1260
-0.3489
-0.7007
-0.0387
-0.2183
-0.4316
0.1589
0.0453
-0.0096
-0.0425
0.3150
0.1147
0.1267
-0.1353
-0.1503
-0.3961
-0.2387
-0.1889
-0.1940
-0.4854
-0.4931
-0.7308
-0.8200
-0.7935
-1.0147
-0.8525
-1.0854
-0.9670
-1.1813
-0.8570
-0.9655
-0.2548
-0.8426
0.1576
-0.8440
-0.7101
-0.4170
-0.8793
-0.5820
-0.6122
-0.4090
-0.1283
-0.6116
-0.8487
-0.7681
-0.9694
-0.6782
-0.5155
-0.6229
0.0341
-0.6987
-0.7193
-0.9928
-0.2620
-0.5728
-0.4567
-0.8999
-0.7987
-1.0562
-0.9787
-1.0168
-0.7193
-0.9394
-0.6053
-0.5732
-0.3651
-0.1757
0.2043
-0.2987
-0.4252
-0.4961
-0.5962
-0.5335
-0.6726
-0.6579
-0.5275
-0.6923
-0.6419
-1.0038
-0.8932
-1.1512
-0.6362
-0.6629
-0.4040
-0.2819
0.0765
-0.6254
-0.6214
-0.5406
-0.6556
-0.5599
-0.7522
-0.8008
-1.0019
-0.6029
-1.0960
-0.8010
-1.0115
-0.4718
-0.4921
-0.5196
-1.0476
-0.5223
-0.8934
-0.4738
-0.8498
-0.7654
-0.6800
-0.8112
-0.7152
-0.9071
-0.6364
-0.9934
-0.8305
-0.6473
-0.8559
-0.8472
-0.5853
-0.7156
-0.7159
-0.7579
-0.9680
-0.4241
-0.4342
-0.0928
-1.0219
-0.9713
-1.0561
-0.0763
-0.5696
-0.6747
-0.8259
-0.9508
-1.0135
-0.7966
-0.9845
-0.6218
-0.8846
-0.6625
-0.4266
-0.0823
-0.1894
-0.5480
-0.8832
-0.8538
-0.7489
-1.0727
-0.9854
-0.7619
-0.5005
-0.8004
-0.3688
-0.6891
-0.8345
-0.9568
-0.4151
-0.7490
-0.7407
-0.7051
-0.1756
-0.3544
-0.4952
-0.5150
-0.2724
-0.6654
-0.4174
-0.6275
-0.8036
-0.4993
-0.1317
-0.7361
-0.4634
-0.5842
-0.6424
-0.2358
-0.4314
0.3464
0.4985
-0.5276
-0.2825
-0.1440
-0.3823
-0.1971
-0.1364
-0.0774
0.0122
-0.3715
-0.0814
-0.6644
-0.3357
-0.0828
-0.0206
-0.5044
-0.5195
-1.0067
-0.8513
-0.9465
-0.7204
-0.6597
-1.0290
-0.3459
-0.7268
-0.2068
-0.4648
-0.1009
0.0511
0.1058
0.1031
-0.2119
-0.6283
-0.3168
-0.3730
-0.5211
0.4675
-0.2775
-0.7035
-0.3761
-0.4578
0.0378
-0.2489
-0.1768
-0.1696
0.2187
0.4662
0.1593
0.4188
-0.1980
0.1826
0.0860
0.3175
-0.5122
-0.4051
-0.4634
-0.7058
-0.2351
-0.3062
-0.6512
-0.5741
-0.4823
-0.6489
-0.0778
-0.3771
-0.2229
-0.4804
0.1160
0.0083
0.0415
0.7099
0.4318
0.2315
-0.1036
0.0224
0.1441
-0.0344
0.4312
0.4980
0.8164
0.3844
0.6162
0.6948
1.0915
1.0756
0.5300
0.4627
0.3001
0.3079
0.4008
0.3805
0.5668
0.1929
-0.2360
0.1693
-0.1448
-0.3464
-0.4088
-0.4013
-0.4896
-0.5273
0.0573
-0.1292
-0.0702
-0.1153
-0.2871
0.0925
-0.3153
-0.3144
-0.3547
-0.2161
0.1847
0.1296
0.2053
0.0983
0.4840
0.3127
0.2916
0.5040
-0.0730
-0.2451
-0.0939
-0.0152
0.0701
0.0381
-0.0363
-0.0510
0.0703
0.2135
0.2534
-0.0984
0.1146
-0.1900
0.0122
-0.0734
-0.0979
0.5634
0.3747
0.5933
0.6440
0.9870
0.5293
0.6349
0.0725
0.1500
-0.1785
0.1232
-0.0885
-0.2548
-0.3054
-0.1990
-0.4542
-0.2381
-0.2710
-0.2036
-0.1587
-0.2691
-0.2014
-0.0747
-0.1729
-0.4040
-0.3950
-0.1799
-0.0729
-0.3838
-0.2841
-0.0371
-0.3577
-1.0089
-0.9797
-1.0870
-0.6756
-0.7002
-0.2475
-0.5786
-0.3592
-0.2541
-0.2981
-0.4837
-0.2502
-0.2557
-0.5760
-0.5936
-0.5163
-0.5267
-0.1503
0.3171
-0.0651
0.0767
-0.1919
-0.0241
-0.0231
-0.1258
-0.2925
0.0126
-0.4396
-0.4995
-0.5148
-0.2756
-0.3913
0.2167
-0.2258
0.4264
-0.0470
0.6140
0.1774
0.2717
0.3562
-0.2623
-0.4460
-0.8796
-0.9576
-0.7639
-1.0420
-0.9503
-1.0153
-1.1257
-0.8191
-1.0131
-0.8483
-0.8110
-0.8515
-1.1157
-0.4833
-0.6433
-1.0292
-1.1325
-0.9832
-0.8915
-0.7811
-0.6729
-0.9363
-0.6573
-1.1126
-0.6960
-1.0754
-1.0283
-0.9842
-1.1436
-0.4752
-0.9251
-1.1423
-0.6032
-0.9254
-0.4024
-0.7948
-0.9468
-0.8413
-0.6116
-0.7389
-0.9957
-0.6782
-0.6068
-0.6325
-0.2614
-0.3749
-0.6538
-0.7562
-0.8303
-0.8063
-0.6576
-1.0497
-0.8551
-1.0622
-0.9460
-0.9851
-0.9502
-1.0032
-0.8007
-1.1345
-0.9325
-0.2332
-0.5943
-0.5460
-0.3273
-0.2994
-0.6479
-0.3514
-0.6694
-0.7650
-1.0326
-1.0253
-0.6537
-0.8403
-1.0358
-0.6635
-1.0436
-0.5513
-0.8162
-1.1190
-1.0864
-0.9215
-0.9867
-0.4705
-0.3039
-0.1502
-0.4700
0.1040
-0.6433
-1.0163
-0.6037
-0.5877
-0.3260
-0.3243
-0.3475
-0.1928
-0.2514
0.1402
-0.4430
-0.2716
-0.0446
-0.1925
-0.3060
-0.3737
-0.2880
-0.0060
-0.5077
-0.7192
0.1313
-0.1099
-0.4585
-0.4350
-0.2560
-0.6403
-0.6121
-0.7307
-0.9387
-0.4147
-0.5641
-0.4846
-0.9452
-0.6127
-0.6019
-0.6621
-0.4131
-0.0204
-0.6116
-0.7965
-0.6070
-0.4719
-0.5781
0.0092
0.1172
-0.3449
-0.2943
0.0295
-0.2690
-0.7308
-0.2012
-0.4836
-0.2103
-0.9031
-0.9396
-0.8853
-0.9540
-0.4043
-0.4276
-0.4776
-0.1899
-0.4523
-0.3426
-0.6473
-0.7429
-0.4856
0.3412
-0.2911
-0.1877
-0.0824
-0.5030
-0.1952
-0.4729
-0.2095
-0.1575
0.1352
0.1255
0.0666
0.4427
0.6294
0.4586
0.8280
0.8870
0.8733
0.3406
1.3326
0.3074
0.2698
-0.1260
-0.3649
0.0080
0.2212
0.5155
0.3065
1.0081
1.1145
1.0406
0.9261
1.6512
1.1946
1.6737
1.6750
1.3667
1.0833
1.6874
0.6923
0.8938
0.7967
1.3619
1.1970
1.3845
1.3674
1.5241
0.7282
1.3687
0.7997
1.4908
1.5192
1.5737
1.9689
2.0148
2.0471
1.8592
2.1164
1.7395
2.3966
1.6530
2.4095
1.7105
1.9205
1.3244
1.4275
1.4735
1.4424
1.4081
2.2601
1.9493
2.8415
1.7751
1.8846
1.9347
1.8541
2.0956
1.4676
1.5893
1.5925
1.3841
1.2626
1.1202
0.9637
0.9724
0.8977
1.1227
1.2622
1.5734
1.6795
1.1360
1.5517
0.9347
1.3125
0.9766
1.1628
1.3296
1.5195
1.5610
1.0884
1.2206
1.2270
1.1889
0.9040
1.0654
0.9352
1.0849
1.2542
1.3061
1.3045
1.1825
1.2789
1.7949
1.3143
1.1558
1.0677
1.3686
0.7552
0.8530
0.9189
0.7702
0.6463
0.5957
0.3686
0.3884
1.0003
1.3496
0.4615
0.2867
0.8257
0.1644
-0.0863
-0.3050
0.1381
-0.2385
0.3694
0.2045
0.4345
0.7821
1.0212
1.2187
1.2043
1.3325
1.0075
1.1339
1.0975
1.2422
1.7402
1.5072
1.8400
1.5085
1.5720
1.4407
1.3534
1.9981
1.3495
1.1850
1.0538
0.8954
1.1130
0.8396
0.8971
0.8053
0.7844
0.6354
0.6153
0.8607
0.8635
0.6192
0.6362
0.5714
0.3494
0.5891
0.5301
0.2026
0.0650
0.1764
0.1640
0.1583
0.1777
0.4148
0.0454
0.4994
0.2032
0.0560
0.4290
0.2845
0.2173
0.2380
0.3804
0.2840
0.3589
0.4701
0.4035
0.1069
0.3519
0.1677
0.5907
0.2880
0.5174
0.1679
0.0883
0.0958
0.2502
-0.1563
-0.2096
-0.5031
-0.4656
-0.8582
-0.7644
-0.6515
-0.6774
-0.8227
-0.9626
-1.0344
-0.8252
-0.7471
-0.6365
-0.7158
-0.8572
-0.8839
-0.7665
-0.7706
-0.6040
-0.1435
-0.7628
-0.6084
-0.7565
-1.0350
-0.9285
-1.1517
-0.8002
-0.7627
-0.9511
-0.9583
-1.1613
-1.1689
-1.0923
-0.8938
-1.0269
-0.9667
-0.9449
-1.0478
-0.6312
-0.7768
-0.8666
-0.9160
-0.9155
-0.8616
-0.7649
-0.9557
-0.7137
-0.6208
-0.7451
-0.9456
-0.8972
-1.0284
-1.1502
-1.0566
-0.8091
-0.9512
-1.0881
-1.0345
-0.7320
-0.4671
-0.4170
-0.0064
-0.2417
-0.2279
-0.1359
-0.4587
-0.1813
-0.4356
-0.4000
-0.0727
-0.1384
-0.0054
-0.0650
-0.1251
-0.1383
-0.0973
-0.2052
-0.1351
-0.3440
-0.3237
-0.0654
-0.4189
-0.4922
-0.7622
-0.8949
-0.9502
-0.8620
-0.6864
-0.9205
-0.9387
-0.8965
-0.5496
-0.9006
-1.0787
-0.9474
-0.8711
-0.9662
-0.7826
-0.8089
-0.9236
-0.8335
-0.2493
-1.1819
-0.4213
-0.7388
-1.1039
-0.9099
-0.4770
-0.3901
-0.2520
-0.1775
-0.5436
-0.3035
-0.8356
-0.7332
-0.7544
-0.8388
-0.9025
-0.8620
-1.0262
-0.9126
-0.7855
-0.1156
-0.8709
-0.7549
-0.5608
-0.6095
-0.8349
-0.6936
-0.8523
-0.8202
-0.8354
-0.8407
-0.9026
-0.7135
-1.0531
-0.6552
-1.0269
-0.5696
-0.5291
-0.9435
-0.7645
-0.8426
-1.0352
-0.9558
-0.7623
-0.8620
-0.8158
-0.7206
-0.7030
-0.5628
-0.9553
-0.9218
-0.6626
-0.9562
-0.8055
-1.1152
-0.8888
-0.7853
-0.9360
-0.9267
-0.8210
-0.9622
-1.0402
-0.6423
-0.4241
-0.8900
-1.0851
-0.0364
-0.8986
-0.4233
-0.6666
-0.8101
-0.3736
-0.8386
-0.7955
-0.8013
-0.4930
-0.6297
-0.6240
-0.6321
-0.3179
-0.8807
-0.7006
-0.7693
-0.7511
-0.7540
-0.5376
-0.5286
-0.3653
-0.4171
-0.7620
-0.3495
-0.8022
-0.7892
-1.0913
-0.9075
-0.8747
-1.1145
-0.5090
-0.9765
-0.1848
-0.5927
-0.0797
-0.5322
-0.0084
-0.0839
0.0881
-0.0575
-0.1814
-0.5702
-0.3192
-0.5123
-0.5180
-0.8888
0.0213
-0.3628
-0.2201
0.0749
0.0314
-0.4837
0.2445
0.1080
0.3259
-0.0273
0.3444
-0.2126
0.0383
-0.4859
-0.4249
-0.6195
-0.3156
-0.0339
-0.3900
-0.3948
-0.2510
-0.3998
-0.2183
0.1573
0.0398
0.6039
0.2131
0.0877
0.0371
0.3313
0.0139
-0.0187
0.0965
-0.0446
-0.3076
0.0516
0.0111
-0.4731
-0.1439
0.0119
-0.0401
-0.0120
-0.3637
0.0875
0.2542
-0.2992
-0.6246
-0.0347
-0.3802
-0.1210
-0.4247
0.0555
-0.3350
-0.1057
-0.1302
-0.6779
-0.6498
-0.7075
-0.4728
-0.6054
-0.7383
-0.6606
-0.6033
0.1369
-0.4850
-0.4425
-0.7181
-0.7364
-0.6903
-0.5264
-0.7710
0.0983
0.0148
-0.6160
-0.2703
0.0706
-0.2685
0.2919
0.1315
0.9189
0.7557
0.6867
0.5502
0.4804
0.7830
0.2941
0.3476
0.3128
0.1020
0.4118
0.1597
-0.2547
-0.3590
-0.2579
0.0856
0.0548
-0.2200
0.0711
-0.3639
-0.1840
0.1083
0.1558
-0.1181
-0.1245
-0.1553
-0.0428
-0.3106
-0.4985
-0.4507
-0.7905
-0.4776
-0.8679
-0.8817
-0.4119
-0.8944
-0.6782
-0.5886
-1.0336
-0.5953
-1.0827
-1.1814
-0.6213
-0.1661
-0.2036
-0.0719
-0.4076
-0.0518
-0.3708
-0.9455
-0.5683
-0.5105
-0.4738
-0.7850
-0.9226
-0.6682
-0.4634
-0.7561
-0.8322
-0.4629
-0.1309
-0.0706
-0.2763
-0.2267
0.1120
-0.2990
-0.2427
-0.1694
-0.0615
-0.0923
0.2193
0.5152
0.5977
0.1773
0.4979
0.3482
0.6658
0.1039
0.1828
0.6593
0.2362
0.2065
0.3382
0.6867
0.7699
1.3608
1.1878
0.7106
0.8460
0.7024
1.1736
0.6015
0.7293
0.4844
0.7261
1.0132
1.3273
1.0921
1.3802
1.2365
0.8899
1.2151
0.8055
1.0615
0.8393
1.3673
1.0528
1.1998
2.0307
1.4769
1.4442
1.5367
1.5340
1.3343
1.5405
1.1775
1.1824
1.0388
0.9492
0.7173
1.0136
0.9737
1.1024
1.4192
1.1755
1.4997
1.5137
1.4116
1.1711
1.1737
1.6398
1.7739
1.2752
1.2068
1.7582
1.8491
1.3857
1.8439
1.5592
1.3388
1.4006
1.2929
0.7172
0.5638
0.4857
0.5086
0.5358
1.0451
1.2714
1.0803
0.7885
0.8971
1.1499
1.4135
1.8424
1.4616
1.8106
1.7894
1.5368
1.0141
0.8848
1.3706
0.8288
0.8414
0.8263
0.7421
1.1228
0.9284
1.1880
1.0227
1.4145
1.5969
1.4808
1.4757
1.6184
1.7948
1.1373
2.2036
1.5680
1.6064
2.2591
1.4757
1.6711
1.0954
2.0834
1.2758
1.1825
1.3491
1.4178
0.8564
1.2253
1.7378
1.3236
1.1747
1.6033
1.6770
1.5115
1.5540
2.2672
2.0492
1.7785
1.7044
1.4583
1.8676
1.6550
2.0520
2.3281
2.1045
2.0496
2.1792
1.8671
1.7749
2.1933
1.5641
1.6289
1.4300
1.6615
1.4201
1.3604
1.6966
1.5493
1.8398
2.2919
2.0080
1.5550
1.4870
1.4338
0.8237
1.4492
1.0469
0.8581
1.0202
1.1349
0.5535
0.9760
0.9417
0.2991
0.1455
0.2237
0.3037
0.1266
0.2348
0.3901
-0.0622
-0.0518
-0.2001
-0.2485
0.0337
-0.3406
-0.6095
-0.2380
-0.5079
-0.4675
-0.3767
0.1569
-0.3294
-0.1623
-0.0960
-0.0552
-0.3518
0.0360
-0.3961
-0.7357
-1.0240
-1.0292
-1.1772
-1.0589
-0.8521
-1.0345
-0.9121
-0.7227
-1.1703
-1.0026
-1.0245
-0.9378
-0.5491
-0.7118
-0.8171
-0.9166
-1.0763
-1.1735
-0.7914
-0.7921
-0.8514
-1.1407
-0.7814
-0.5478
-0.4211
-0.5672
-0.2954
-0.6100
-0.9197
-0.8880
-0.7839
-1.1054
-0.4563
-1.0721
-0.6852
-0.5897
-0.5741
-0.4152
-0.9144
-0.9475
-0.9133
-0.7539
-0.6370
-0.8969
-0.9070
-1.0249
-1.1069
-1.0824
-1.0748
-0.5966
-0.6910
-0.8982
-1.1240
-0.3897
-0.7684
-0.5183
-1.0223
-1.0325
-0.8543
-0.7893
-0.8980
-0.8509
-0.6416
-1.0105
-0.1537
-0.7447
-0.1208
-0.8236
-0.6840
-1.1174
-1.0747
-0.7205
-1.1481
-0.1013
-1.0869
-1.0526
-1.1049
-1.0707
-0.8924
-0.5721
-0.8804
-0.6866
-0.5765
-0.9290
-0.7029
-0.8686
-0.7923
-0.7228
-1.0216
-0.7871
-0.8665
-0.8556
-0.8629
-1.1161
-0.8482
-0.6429
-0.8462
-0.6605
-0.7149
-0.5688
-0.8614
-0.6556
-0.7636
-1.0074
-0.9689
-0.8410
-0.4340
-0.6173
-0.6183
-1.0561
-0.3387
-0.9182
-1.0091
-1.1090
-0.9605
-0.9701
-1.0011
-0.8654
-0.9621
-0.8188
-0.6873
-0.4980
-0.5553
-0.5499
-0.8241
-0.3419
-0.4753
-0.6052
-0.0223
-0.2277
0.0535
0.2137
0.1380
0.3549
-0.0202
0.1686
0.1066
-0.0569
0.3191
0.3109
0.4461
0.0908
-0.1654
-0.3144
0.1773
-0.0039
