2.67082321
2.97108546
3.31430066
3.53483705
3.95065317
4.25226969
4.57095224
4.77393304
5.14372769
5.46602099
5.82897010
6.18111031
6.28754888
6.82186878
7.14892754
7.40143694
7.56633490
7.73417665
7.93871338
8.10711179
8.30484699
8.74626446
9.07444178
9.44912734
9.59535126
9.79016570
9.88072607
10.36546885
10.75586575
11.01614531
11.17799178
11.23471825
11.61192824
11.77245367
12.20812031
12.31555982
12.83475814
13.04167756
13.20472562
13.42872386
13.64703623
13.85262382
13.88416178
14.02106749
14.16248718
14.14842218
14.26917252
14.42376795
14.48453797
14.77674096
14.88897891
15.00561163
15.21857955
15.09334892
15.86492313
15.92123572
15.86891522
16.19613307
16.23179767
16.16862319
15.66894905
15.69274884
15.80431511
15.82000292
15.97927856
16.08653043
16.19939841
17.08170759
16.63269907
15.84069182
17.09367117
17.01509949
17.44506983
16.53567372
16.01803710
16.39491084
16.60122736
18.63956927
18.87710351
17.56490438
18.26891104
19.79115986
18.64532902
18.82509426
18.51932803
19.85659388
19.97878190
18.94790572
18.51520310
19.09039373
18.95048652
19.96247221
19.33709666
19.09335957
19.68721155
20.92666976
19.77413725
19.83948661
20.69062691
19.64258618
20.12812978
20.23380219
21.46532018
21.55552679
21.35946099
22.09269930
22.52264817
22.58984941
22.62333500
22.90580023
22.30033833
22.41296371
22.43300863
22.47923365
23.18743173
23.35792411
22.83843081
22.90344336
22.71957733
21.40407792
22.84446023
23.37020083
23.36310200
23.29140285
22.99354051
22.44936184
21.52338231
22.99828175
23.08697346
24.20460907
21.96512539
23.28101806
21.59226506
20.80610981
20.81543708
21.86309900
19.79571302
21.78294267
20.73146930
22.25875665
23.47918224
22.78715315
23.98260312
24.07211068
23.02083057
23.13525392
23.31216224
23.46952788
23.61630685
21.97774157
