0.2793
0.5675
0.8311
0.2257
-0.1113
-0.0013
-0.1502
-0.0091
-0.6374
-0.7680
-0.6466
-0.9583
-1.1950
-1.1372
-1.3218
-1.1733
-1.1517
-0.9264
-0.4874
-0.4786
0.1844
0.4385
0.5902
1.1547
1.9406
1.7114
2.5552
3.1737
2.5872
3.1396
2.2605
3.5360
2.4033
2.4872
2.4650
2.1870
2.1930
2.4715
2.1211
2.1449
1.4069
2.6657
1.5229
2.0549
1.4029
1.6987
2.2887
2.7983
2.7744
3.1756
2.7211
3.0913
2.7418
2.1978
1.5616
1.4007
0.8596
0.9806
0.9303
0.6421
0.1576
-0.0246
0.2847
-0.1541
0.2990
0.1764
0.6202
0.5437
0.9149
0.6369
1.3777
1.5165
2.9057
2.8970
2.5630
2.5165
2.8496
2.3803
2.1943
2.2735
2.8255
2.6700
2.1613
2.2643
1.5010
1.4426
1.3610
1.3822
1.0728
1.2564
1.1147
0.8255
1.0083
0.6513
0.4921
0.1424
0.5418
0.1308
0.0019
-0.2293
0.0228
-0.0890
-0.3772
-0.2181
-0.5379
-0.4058
-0.4238
-0.0640
-0.0016
0.2801
0.1611
0.0654
0.0247
0.0457
0.2239
0.2909
0.1163
-0.2297
-0.5216
-0.6679
-1.0455
-1.1060
-1.4242
-1.4072
-1.5060
-0.4929
-1.2490
-1.3231
-1.2497
-1.2120
-1.0982
-1.0850
-0.6213
-0.0849
-0.4137
-0.0839
-0.0268
0.2868
0.6706
0.7066
1.0561
1.5736
2.3856
2.5261
2.7100
2.6651
2.9281
2.4952
2.3868
1.9479
1.3884
0.9202
0.9906
0.9687
0.4217
0.7166
-0.2212
-0.4655
-0.5271
-0.7531
-0.8665
-0.3254
-0.8667
-1.0192
-1.0985
-1.2521
-1.6970
-1.7227
-1.9706
-2.0968
-2.1112
-2.2447
-2.0729
-2.3322
-2.3470
-2.3563
-2.2907
-2.1937
-2.0287
-1.8946
-1.7420
-1.6177
-1.6249
-1.6168
-1.7420
-1.7810
-1.8272
-1.8323
-1.6424
-1.6093
-1.7417
-1.5384
-0.6836
-0.7726
-0.4810
0.0705
0.7599
1.5150
1.1360
1.4554
1.8040
1.4626
0.9672
1.3053
0.6964
1.2289
0.9130
1.5788
1.2820
1.8699
1.6010
1.2811
1.5983
1.4242
1.1731
1.0173
0.9484
0.5785
0.1868
0.0260
-0.1573
-0.2131
-0.4553
-0.8081
-1.0328
-1.1466
-1.1629
-1.4759
-1.6190
-1.6995
-1.7062
-1.8210
-1.7007
-1.5648
-2.0069
-1.9332
-1.8520
-1.7059
-1.5405
-1.5518
-1.3755
-1.3413
-0.6485
0.3996
1.7984
2.6344
3.0491
3.3995
3.8494
4.9265
5.3803
5.0919
5.1082
4.3469
3.9669
3.7655
2.7347
2.1096
1.9950
1.2883
1.4883
1.1714
0.8280
1.3049
1.3357
1.3658
1.3231
1.0701
1.1628
0.8261
0.9400
0.1559
0.1625
0.1193
0.0422
-0.3623
-0.4720
-0.6842
-0.5266
-0.4487
-0.6712
-0.0816
-0.1893
0.0411
-0.2198
0.0224
-0.7724
0.0389
-0.1267
0.0662
-0.0883
0.3295
0.6097
1.7632
2.6760
2.7027
3.4495
3.1945
3.7921
3.9373
2.9219
2.7088
2.9937
2.5199
2.0856
2.1051
1.7753
2.1938
2.0004
1.9522
1.3031
1.3502
0.7657
0.9579
0.5502
0.3261
0.3863
0.8248
0.4666
0.5836
0.2551
-0.0453
-0.0240
-0.3883
0.0824
-0.4395
-0.2024
-0.6286
-0.3989
-0.6063
-0.3274
-0.4454
-0.5837
-0.8986
-0.7833
-1.1323
-0.7640
-0.6862
-0.1327
-0.4702
0.1016
0.6093
1.7621
1.5301
1.3309
1.5460
1.3208
1.1676
1.5469
0.8410
1.0085
1.3614
1.3187
1.5723
1.3546
1.7421
1.6684
2.1146
2.3487
2.7023
2.9575
2.8042
2.4820
2.7251
2.5890
1.9121
1.5153
1.2882
0.7681
0.3539
0.1569
0.1333
0.0916
-0.1955
-0.1447
0.0092
-0.1620
0.0808
-0.2760
0.2588
-0.2822
0.0671
0.1397
-0.2397
-0.2008
-0.1813
-0.3667
-0.4016
-0.7753
-0.9634
-1.3426
-1.4356
-1.9024
-2.1229
-2.3130
-2.1940
-2.4191
-2.4282
-2.3752
-2.3530
-2.2799
-2.1806
-2.1068
-1.9484
-1.7507
-1.5783
-1.4539
-1.1876
-1.3307
-1.2320
-1.1470
-1.0726
-0.8614
-0.8318
-0.4131
-0.6094
-0.3793
-0.1414
0.1898
0.5790
0.8122
0.7850
0.8604
0.6090
0.5202
0.7909
0.2776
0.1525
0.0819
-0.1181
0.1256
-0.4111
-0.5996
-0.1080
-0.0679
0.5824
0.5528
0.8738
0.9508
0.7701
0.3680
0.2709
-0.6572
-0.6406
-0.5442
-0.8182
-0.7121
-1.6276
-1.7074
-1.6732
-2.1961
-2.2432
-2.2136
-2.3218
-1.9375
-2.2250
-2.0294
-2.2837
-2.1873
-2.2303
-2.1938
-2.4147
-2.0735
-2.2882
-1.6999
-2.2071
-2.0088
-1.9824
-1.7061
-1.5904
-0.9231
-1.0778
-0.8797
-0.8250
-0.9777
-1.2481
-1.4747
-1.6838
-1.6793
-1.0314
-1.0471
-1.4436
-1.0416
-0.4586
-0.0777
0.3965
0.4905
1.9708
1.5690
2.7766
2.2124
2.3925
2.2543
2.2164
2.0610
1.9755
1.5048
1.2226
0.0580
-0.0287
0.2697
-0.2760
0.3016
-0.0831
0.0246
0.4421
-0.0908
0.0725
0.0305
-0.1285
0.1143
0.0239
0.6287
0.3811
0.3475
0.2202
0.4665
0.6858
0.2900
0.4311
0.2259
0.1832
0.7406
0.4105
0.3044
0.7252
0.9950
0.9841
0.8402
1.1712
0.6140
0.7335
1.2460
1.3171
1.1778
1.1953
1.3545
1.3300
1.2784
1.4912
1.8334
1.8711
2.0824
2.1399
2.1543
2.2455
2.1325
1.6713
1.3955
0.9868
0.6154
0.8549
0.6304
0.6737
0.3023
0.4975
0.1264
0.3490
0.0771
0.2812
0.0096
0.2130
0.2822
-0.2231
-0.2844
-0.5218
-0.8320
-0.2530
-0.9494
-0.9371
-0.7779
-1.0521
-1.3406
-1.4607
-1.2412
-1.1002
-0.8193
-0.9834
-0.8349
-0.9415
-0.9081
-0.7574
-0.7057
-0.5078
-0.4747
-0.1446
-0.1481
0.6608
1.3768
1.4746
2.0764
2.9085
2.8079
2.7480
2.4528
2.6987
2.2375
2.1238
1.2922
0.6065
0.1586
-0.7322
-0.4396
-1.3932
-1.4213
-1.6239
-1.6107
-1.8535
-1.9408
-1.6755
-1.3718
-1.5653
-1.7378
-1.6936
-1.6353
-1.6079
-1.4704
-1.3520
-1.4785
-1.6091
-1.3713
-1.6544
-1.6682
-1.6691
-1.7013
-1.6876
-1.7619
-1.7392
-1.6296
-1.8562
-2.0039
-1.9976
-2.0241
-1.9569
-1.9387
-1.9080
-1.8959
-1.5165
-1.7973
-1.0272
-0.9025
-0.8256
-1.2117
-1.0435
-0.6153
-0.8866
-0.8439
-0.5324
-0.6030
-0.6960
-0.6213
-0.5180
-0.0955
-0.3210
-0.2275
0.2692
0.3506
0.4957
0.0381
-0.0653
-0.1134
0.0703
-0.0912
0.3023
0.0153
0.0465
-0.2190
-0.0001
-0.2881
0.4401
0.2447
0.2694
0.4875
0.1631
1.0385
0.0940
0.2437
-0.1791
0.3595
-0.0185
0.2492
0.1540
0.8061
0.5204
0.6186
1.7303
1.6957
2.1037
1.8557
2.2015
2.7485
2.2635
3.2038
3.3618
3.3448
4.3820
3.4452
4.1654
3.7378
4.1545
3.4305
3.3578
2.8868
2.7414
3.1612
2.7650
2.8458
2.8822
2.8626
3.4958
2.8994
3.4620
3.5943
3.3235
4.3507
3.7736
4.5932
4.0642
4.4113
4.7915
3.6951
3.2441
2.4041
2.0130
1.7206
1.0940
0.1337
0.1661
-0.6336
-0.7852
-1.1240
-0.9727
-1.0795
-0.9722
-1.1933
-0.9000
-1.3216
-1.1509
-0.6513
-0.6533
-0.3456
-0.2604
-0.1045
-0.1390
0.0391
0.1791
0.5248
0.6250
0.7988
1.2166
1.2092
1.0586
0.9774
0.7440
0.5155
0.5050
0.0495
-0.0262
-0.2273
-0.2523
-0.3152
-0.4188
-0.3648
-0.7327
-0.9217
-1.0367
-1.1829
-1.2978
-1.4045
-1.2933
-1.5896
-1.5430
-1.6611
-1.6049
-1.7083
-1.4744
-1.6184
-1.5645
-1.3236
-1.2209
-1.0230
-0.7370
-0.8158
-0.4386
-0.0687
-0.1050
0.6064
0.6048
0.8395
0.9624
0.2605
0.3841
-0.1397
-0.0038
-0.1338
-0.4693
-0.5760
-0.9594
-0.9149
-0.6869
-1.1345
-0.9160
-1.3775
-1.5390
-1.9656
-2.2969
-2.4181
-2.3813
-2.5265
-2.5358
-2.6112
-2.5912
-2.5292
-2.2284
-2.3184
-2.3446
-2.3638
-2.5283
-2.5529
-2.7862
-2.8464
-2.7773
-2.8243
-2.5680
-2.6573
-2.5620
-2.6730
-2.4253
-2.5183
-2.5788
-2.4403
-2.4226
-1.9913
-2.1326
-1.9653
-1.7421
-1.7899
-1.6981
-1.5181
-1.4092
-1.3998
-1.4509
-1.5930
-1.6410
-1.7738
-1.8823
-1.8645
-2.1343
-1.7395
-1.6264
-1.5836
-1.1719
-1.1518
-0.8464
-0.7258
-0.0431
-0.0156
-0.0772
0.2143
0.3806
0.3607
0.6246
1.1511
0.5146
1.0385
1.3053
0.7875
0.7789
0.5159
-0.2583
-0.3540
-0.3139
-0.8573
-0.6012
-0.8774
-0.5626
-0.6169
-0.4511
-0.6578
-0.2728
0.3238
-0.0190
-0.1449
0.5329
0.3475
0.3435
0.2143
0.3894
0.0837
0.4568
0.6509
0.2928
0.3392
0.5111
0.6580
1.3653
1.8575
2.1858
2.7414
2.9789
3.1079
3.0238
3.0916
3.6457
3.1417
2.4393
2.2246
1.8478
2.6359
1.7754
2.3818
2.2401
2.3990
1.8575
2.9380
2.2658
2.3728
2.1705
2.1576
2.0975
1.1327
0.8233
0.9194
0.7101
1.2407
0.4465
0.7905
0.2268
-0.0968
-0.3137
-0.0165
-0.2133
-0.6321
-0.5835
-0.3980
0.1251
-0.1568
-0.0431
0.2490
0.7665
1.4147
1.4190
1.4752
2.0902
2.1190
2.2106
2.0438
1.9886
1.8162
1.8810
1.6711
1.7044
1.1769
1.1781
1.0043
0.8584
0.5453
0.9298
0.6070
0.7924
1.5268
1.5386
1.7633
1.8037
2.9516
1.8912
2.1318
1.8416
1.9515
1.5538
1.5034
1.4029
1.5422
1.1135
1.3029
0.7536
0.6791
1.1283
1.2256
0.7299
0.8898
0.7958
0.0546
0.7162
-0.3317
0.0897
0.3897
-0.3849
-0.1409
-0.3061
-0.3346
0.0962
1.3684
0.6898
0.6554
1.7620
1.5748
2.1758
2.6239
2.5344
3.6403
2.5211
3.0483
2.3909
2.4873
2.4552
2.3255
2.0282
1.9198
1.7802
1.5500
1.3053
1.1945
0.8162
0.5186
0.3916
0.1872
-0.0501
-0.2222
-0.3592
-0.0605
-0.4376
-0.4304
-0.4253
-0.6482
-0.5870
-0.8506
-0.7705
-0.4961
-0.7279
-0.2286
-0.3183
-0.2037
0.0966
0.4432
0.0047
0.3051
0.3009
0.2903
0.8112
0.7922
1.7561
2.1348
3.0185
4.4164
4.9907
5.3834
4.7462
5.4915
4.3021
4.3848
4.4687
4.3107
4.0159
3.8079
3.7263
3.1779
2.7363
2.4849
1.8923
1.8858
1.1883
1.7424
0.4576
0.3013
-0.0902
0.0713
-0.1814
-0.0994
-0.2327
-0.1982
-0.4015
-0.4961
-0.6070
-0.8824
-1.1167
-1.0095
-0.9915
-0.9594
-0.9867
-1.1783
-1.1934
-1.2159
-1.6327
-1.8324
-1.8995
-1.9749
-1.9780
-1.7913
-2.3120
-2.2177
-1.8377
-2.0191
-1.7482
-2.0640
-1.8834
-1.5388
-1.2949
-1.2085
-1.4758
-1.5360
-1.6795
-1.4565
-1.5527
-1.4604
-1.0607
-1.1983
-1.1004
-1.1150
-0.7405
-0.6822
-0.8597
-0.6971
-0.5447
-0.2749
-0.4289
0.0316
-0.1915
-0.1653
-0.2502
-0.4263
-0.2811
-0.0080
-0.2005
-0.3025
-0.2730
-0.4074
-0.4480
-0.5682
-0.5352
-0.3735
-0.7631
-0.8877
-0.8956
-0.5627
-0.9509
-0.8301
-1.1489
-1.3810
-1.2943
-1.5433
-1.7337
-1.7616
-1.7360
-1.4165
-1.6105
-1.3733
-1.0616
-1.2986
-1.6686
-1.8269
-1.9329
-1.8976
-2.1548
-2.1366
-2.0157
-2.0599
-2.1666
-2.2510
-2.3049
-1.9803
-1.7858
-0.3355
-1.2490
-0.4505
-0.4905
-0.6078
-0.7645
-0.1776
0.7895
0.5793
-0.4751
0.6435
0.1671
0.9965
0.8706
1.2526
0.9985
1.7310
1.9844
2.9626
3.1711
3.5941
3.2625
3.2869
2.9369
3.2707
3.0515
2.8343
2.7282
1.9440
1.8675
1.6036
1.3557
0.9936
0.7018
0.1373
-0.7815
-1.3541
-1.4400
-1.7373
-1.7968
-1.4526
-1.5486
-1.2353
-1.2718
-1.1767
-0.9453
-1.0829
-0.6620
-0.6758
-0.8686
-0.3971
-0.6146
-0.4099
-0.2897
0.1103
0.3079
0.2066
0.1404
0.3243
0.5343
0.3519
1.0338
0.6802
0.7474
0.3897
0.8296
0.8161
1.2548
1.0975
1.4269
1.5917
1.5934
2.3221
1.5621
2.0299
1.5144
1.6414
1.5868
1.6273
1.1446
1.2998
1.0521
1.3081
1.0048
0.6594
0.5154
0.2359
0.4159
0.0323
-0.2951
-0.5845
-0.6811
-0.4786
-0.7560
-0.6910
-0.6919
-0.9041
-0.9952
-1.0338
-0.7586
-1.1946
-1.2147
-1.3907
-1.0634
-1.4994
-0.8425
-1.6559
-1.3624
-1.4068
-1.1567
-1.1590
-0.4460
-0.5681
-0.5584
-0.1078
-0.2765
0.0296
0.4351
0.3570
0.5126
0.3629
0.5831
1.0020
1.0484
0.9589
0.8972
0.9050
0.9639
1.0434
0.7561
0.6807
0.7476
0.4819
0.7776
-0.0375
-0.2400
-0.5145
-0.7212
-1.0234
-1.1822
-1.2596
-1.5658
-1.7537
-1.6065
-1.8021
-1.8755
-1.8706
-1.9416
-1.9254
-1.8941
-1.8779
-1.6547
-1.7788
-1.7811
-1.7403
-1.7711
-1.7881
-1.7591
-1.7795
-1.7455
-1.7679
-1.7211
-1.7056
-1.6205
-1.3787
-1.5227
-1.4779
-1.4510
-1.3861
-1.3780
-1.3238
-1.2103
-1.1968
-1.0043
-1.0657
-0.6881
-0.8850
-0.7119
-0.6280
-0.4863
-0.3625
-0.2601
-0.1394
-0.0823
-0.0204
-0.0095
-0.0605
-0.1597
-0.3192
-0.2834
-0.6131
-0.7520
-0.8297
-0.8744
-1.0232
-1.0657
-1.1192
-1.1493
-0.7625
-0.8773
-0.5249
-0.2491
-0.5952
-0.1053
0.1137
0.0983
0.0959
0.0296
0.9827
1.0921
1.8535
1.6797
2.9933
3.2637
3.8873
4.1057
4.8053
5.4613
5.0889
4.9491
5.1473
5.2251
5.2224
5.2259
5.9618
5.7244
5.4613
5.9890
5.6245
6.5163
6.7133
6.3145
5.6963
6.0780
7.3147
7.7953
7.2997
6.7714
6.3725
6.1414
5.0947
4.7401
4.6463
4.1873
3.5978
2.8357
2.7257
2.8965
2.9078
2.5159
2.6684
2.9188
3.4277
3.4587
3.4559
3.5225
2.9958
3.1072
3.0148
2.3873
2.1283
1.6042
1.4418
0.9693
2.2022
0.9160
0.4079
0.4255
0.6402
0.9345
0.5637
0.9730
1.1852
1.4964
2.8093
2.7483
1.8594
1.9394
1.7107
1.6445
1.7692
2.1375
2.0892
1.3630
1.1442
0.4079
0.2486
-0.2192
-0.5794
-0.5387
-0.9185
-0.9874
-0.7286
-0.6916
-0.7998
-0.7361
-0.7407
-0.3204
-0.7221
-0.7022
-0.4656
-0.6849
-0.6624
-0.7576
-0.8343
-1.0031
-1.1030
-0.9878
-1.1861
-1.3176
-1.1902
-1.5691
-1.6559
-1.7304
-1.7192
-1.8396
-1.8306
-2.0286
-2.0379
-2.1140
-1.8683
-1.7878
-2.0223
-2.0244
-2.0070
-2.0166
-1.7141
-1.7436
-1.9171
-1.9057
-1.8154
-1.8647
-1.8572
-1.7136
-1.8579
-1.8104
-1.7806
-1.8325
-1.8473
-1.7768
-1.6651
-1.4422
-1.0204
-0.9717
-0.8035
-0.6784
-0.5687
-0.6294
-0.1768
-0.8610
-1.4120
-1.4814
-1.7912
-2.1221
-2.2870
-2.1364
-2.6932
-2.3124
-2.7488
-2.8246
-2.6452
-2.6943
-2.8594
-2.8562
-3.3596
-3.3178
-3.6067
-3.6928
-3.8217
-3.9293
-3.5483
-3.9862
-3.6576
-3.7661
-3.5711
-3.3942
-3.0447
-2.7054
-2.2303
-1.8701
-1.4966
-1.4555
-1.3068
-1.2753
-1.0907
-1.0435
-1.7533
-1.8724
-2.0288
-2.2888
-2.3977
-2.7746
-2.6036
-2.8588
-3.0842
-2.6827
-2.9600
-2.9656
-2.5585
-2.5643
-2.6086
-2.8667
-2.8482
-2.6543
-3.0691
-2.2710
-2.4404
-2.7287
-2.1496
-1.9410
-2.0201
-2.2501
-2.1279
-1.8415
-1.4985
-1.0209
-1.1101
-0.7785
-0.8684
-0.7744
-0.3303
0.1939
0.5490
0.8727
0.9303
1.3013
1.8180
0.2464
0.3915
0.0915
-0.5708
-0.3631
-0.1280
-0.5031
-0.0120
-0.8241
-0.1339
-0.5233
-0.4489
-0.9752
-0.1221
0.0661
0.0467
0.7484
1.0363
1.3564
0.9750
1.2203
2.0028
1.4482
1.5835
1.6244
1.7390
1.1077
1.0571
0.1953
-0.0530
0.1365
0.4513
0.2585
-0.1610
-0.3490
0.3409
-0.4109
-0.0586
0.2388
0.6397
0.8496
1.1483
1.2754
1.8470
1.9851
2.0389
1.9984
1.7802
1.6680
1.2878
1.1257
1.5958
1.1790
1.0949
1.4100
1.2478
0.7505
1.0490
1.0139
1.3038
0.7097
0.6076
0.1499
-0.1437
-0.4896
-0.6115
-0.4688
-0.5586
-1.0097
-0.5721
-0.8328
-0.5128
-0.5483
0.9406
0.0815
1.0733
0.7768
1.3390
1.7099
1.2526
1.3558
0.9933
0.9590
1.0170
0.9272
0.3803
0.0974
-0.1370
-0.1017
-0.3961
-0.6194
-0.6973
-0.6461
-0.6453
-0.5136
-0.7678
-0.6385
-0.6380
-0.6513
-0.2888
-0.2708
-0.3212
-0.1274
-0.0740
0.5096
0.7437
0.7141
1.5120
1.3491
2.0431
1.2526
1.4078
0.7596
0.8711
0.6067
-0.0342
-0.1612
-0.7983
-1.0101
-1.1920
-1.3344
-1.5018
-1.4303
-1.6395
-1.6215
-1.6798
-1.7559
-1.5877
-1.6150
-1.4227
-1.4533
-1.2981
-1.1629
-0.9359
-0.9337
-1.1346
-1.1265
-0.3581
-0.6361
-0.2572
-0.4764
-0.4122
-0.8675
-0.3493
-0.6472
-0.6637
-0.8794
-0.6487
-0.7733
-0.6204
-0.1921
-0.1659
-0.3264
-0.1124
-0.0353
-0.0070
-0.1899
-0.5044
-0.8801
-1.1010
-1.1534
-1.2655
-1.1617
-1.0212
-1.1343
-1.1109
-1.1379
-1.1815
-1.3222
-1.3120
-1.2680
-1.1639
-0.8412
-0.9857
-0.7622
-0.6428
-0.0129
-0.0795
0.3173
0.0404
0.5174
0.0244
0.1043
-0.0368
0.1261
-0.0676
-0.1667
-0.5048
-0.9931
-1.0441
-1.3277
-0.4567
-0.5730
-0.5498
-0.6027
-0.6586
-0.6433
0.2070
0.4268
-0.1385
0.1066
0.1550
0.2913
0.3422
0.9717
1.0029
0.4700
0.6063
0.2258
0.0266
0.4889
0.5687
0.1035
-0.2370
-0.1163
-0.1520
-0.1196
0.2616
0.1580
0.5689
0.3153
0.4083
0.1910
0.6143
0.9428
0.9716
1.9189
1.7252
1.5190
1.5098
1.6474
2.2737
1.4334
1.4637
1.9150
1.0614
1.7124
1.2098
1.6779
2.0147
1.7518
2.1921
2.7862
3.7889
2.6060
2.1478
2.0048
1.3613
1.2151
1.8303
1.3939
1.6417
1.6359
2.0938
1.3152
2.4131
2.2025
3.1977
2.6017
2.6584
3.2708
3.1262
3.3182
3.5413
2.9786
3.0996
2.7416
2.9357
2.0821
1.9674
1.6320
0.9984
0.5503
0.4487
0.1471
-0.1498
-0.5928
-0.7477
-0.5859
-0.6781
-0.9481
-0.7757
-0.9433
-0.7431
-0.8380
-0.9546
-0.8828
-0.9915
-0.7680
-1.0205
-0.9178
-0.3681
-0.3316
-0.2060
-0.3936
0.2610
0.3384
1.0418
0.7284
0.7482
0.5500
0.2153
0.4533
0.0315
0.0711
-0.1287
0.1205
-0.0032
0.1119
0.2333
0.4101
0.1559
0.2019
-0.1593
-0.2620
-0.5217
-0.5288
-1.0455
-1.2413
-1.4297
-1.4452
-1.3490
-1.4239
-1.4941
-1.3970
-1.4119
-1.3252
-1.1668
-1.0091
-0.7759
-0.4027
-0.1401
0.4334
0.8843
0.8110
1.3224
1.0391
0.8513
0.7904
0.1054
-0.2491
-0.7288
-0.1082
-0.9761
-0.8220
-0.9797
-0.9248
-0.8189
-0.8435
-1.3871
-1.5804
-1.8352
-2.0005
-2.0121
-2.2514
-2.1305
-1.7892
-2.0796
-2.1268
-2.1606
-2.0674
-1.8049
-1.9030
-1.8262
-1.6357
-1.6169
-1.8095
-1.8575
-1.2098
-1.6417
-1.9005
-1.8303
-1.7876
-1.4020
-1.5340
-1.3201
-1.1311
-0.9513
-0.8334
-0.6535
-0.6075
-0.6491
-0.5560
-0.7972
-1.0825
-1.1867
-1.1888
-1.1865
-1.1730
-1.0170
-1.2535
-1.2273
-1.0452
-1.0508
-0.8877
-0.7344
-0.6498
-0.4920
-0.1253
0.2610
0.6976
1.5865
1.7816
2.0892
2.1007
1.8599
2.5703
1.0808
1.1744
1.1390
0.4112
0.0983
-0.1306
0.0351
0.0742
-0.2015
0.1996
-0.2285
-0.4177
-0.0321
0.2384
-0.5269
0.1280
-0.2787
-0.2469
0.3828
0.5276
0.5655
0.7968
0.9141
0.8921
1.6985
1.4560
1.7307
1.3905
1.8968
2.0980
2.6334
2.0617
2.1223
2.4570
2.7197
2.7740
3.2629
3.5290
3.8537
4.8021
4.3935
4.0535
4.3146
4.3313
4.1364
4.1036
3.1787
3.5845
2.7521
3.0919
2.7340
2.7109
2.7136
2.5050
2.2512
1.6058
1.7905
1.6394
1.6691
1.7923
0.7938
1.0437
0.9972
0.8353
0.5185
0.1464
0.0237
0.4183
0.6440
0.2779
0.2285
0.5986
0.0592
0.3554
-0.0237
0.2732
0.0764
0.7125
0.1442
0.2800
0.7470
0.4927
0.9807
1.1072
1.3836
1.6892
1.8121
2.0230
1.9022
1.9853
1.3753
1.0472
0.6766
0.6242
0.1882
0.2224
0.0308
0.0849
-0.0875
-0.1893
-0.1430
-0.6018
-0.7919
-0.8017
-1.1339
-1.1381
-0.9339
-0.8792
-1.0690
-0.7195
-0.7727
-0.5895
-0.4419
-0.1032
0.0272
-0.0979
0.1581
0.8017
0.5166
-0.0257
0.1055
1.0321
0.4812
0.9818
1.3439
0.8194
0.3314
-0.2748
-0.9048
-1.0010
-1.1748
-1.0910
-1.2876
-1.1950
-1.4943
-1.5690
-1.8375
-1.6851
-2.0436
-2.1726
-2.3388
-2.4096
-2.1941
-1.9714
-2.2538
-2.2228
-2.1460
-1.9275
-2.0839
-1.9001
-2.1299
-1.9702
-2.2000
-2.1321
-2.0553
-1.7139
-1.4603
-1.5572
-1.6896
-1.6336
-1.9531
-1.8602
-1.7797
-1.7457
-1.7433
-1.8589
-1.6459
-1.9310
-1.9579
-2.0787
-2.1398
-2.1570
-2.1697
-2.1326
-2.1341
-2.1018
-2.1180
-1.8317
-2.0584
-2.0282
-1.9300
-1.9768
-1.5207
-1.7330
-1.0857
-1.3486
-1.2023
-1.4912
-1.8368
-0.9053
-1.3354
-0.8593
-0.5902
-0.5647
-0.7371
-0.6634
-0.6279
-0.4601
-0.2841
-0.3567
-0.0502
-0.4239
-0.1405
-0.2708
-0.4917
-0.4387
-0.6217
-0.4253
-0.9627
-0.8483
-1.2009
-0.8523
-1.2683
-1.4691
-0.9232
-1.0003
-0.8641
-1.2910
-1.3588
-1.6013
-0.6431
-1.1286
-0.5254
-0.3191
-0.0184
-0.1582
-0.6076
-0.2352
-0.5632
0.0255
-0.5181
0.1620
0.1469
0.0616
-0.1585
-0.3439
-0.1454
0.8026
0.5173
2.1072
2.2082
2.7573
2.5145
2.5377
2.6781
3.5015
2.8393
3.1183
2.7257
3.3694
2.5846
2.0995
2.0692
2.0548
1.0136
0.9729
0.5118
0.2381
-0.1389
-0.1976
-0.3396
-0.3418
-0.4638
-0.4609
-0.4390
-0.2648
-0.2584
-0.3222
-0.2263
-0.4807
-0.3520
-1.0631
-0.8137
-1.0136
-0.9244
-0.9535
-0.7348
-0.8818
-0.9329
-0.6511
-0.8194
-0.5386
-0.2127
0.1562
0.4021
0.5737
0.6757
0.4550
0.2493
0.1852
0.4536
-0.2964
-0.1028
-0.2175
0.2210
-0.1766
0.3016
0.4620
0.8771
0.6768
1.8931
1.8064
1.7116
1.3591
2.0711
1.3576
1.1501
1.1115
0.8417
0.7880
0.3327
0.6623
0.8234
-0.0043
-0.1822
-0.1727
0.0360
-0.2257
-0.3324
-0.4805
-0.6242
-0.6738
-0.7659
-0.6878
-0.8266
-0.7913
-0.8972
-1.2548
-1.5344
-1.7309
-1.8995
-1.9562
-1.8626
-2.1022
-1.8007
-2.1967
-1.3621
-0.8990
-0.1298
-0.2998
1.0618
-0.5837
0.1584
-0.3783
-0.2530
-0.1758
-0.2319
-0.1077
0.0011
-0.1022
-0.1270
0.1708
0.6891
0.4294
1.5332
0.7023
1.0848
1.1142
1.0520
1.0980
0.9931
0.7512
0.5797
0.6396
0.4608
-0.2171
0.0706
-0.3147
0.5109
0.7031
0.6554
0.6715
0.8089
0.5564
0.4951
0.5830
0.1517
-0.0525
-0.1709
-0.4147
-0.4049
-0.8519
-0.9076
-0.8033
-0.5550
-0.0893
-0.5463
-0.6403
-0.8086
-0.4977
-0.4812
-0.6555
-0.8858
-0.3338
-0.1799
0.4971
0.5822
0.7218
1.1079
1.8440
1.8720
2.1193
2.8041
1.9372
2.4031
1.8514
2.1099
1.7783
2.1458
1.9718
1.7514
1.2958
1.1315
0.7937
0.9248
0.1576
-0.2800
-0.4363
0.0715
-0.4921
-0.2289
-0.6364
-0.5576
-0.9426
-0.9681
-0.9530
-0.7846
-0.4562
-0.7770
-0.7571
-0.9877
-0.8614
-1.1548
-1.2379
-1.3341
-1.3763
-1.4065
-1.3575
-1.2094
-1.4388
-1.5418
-1.5544
-1.5115
-1.3418
-1.3039
-1.1324
-1.1913
-0.9300
-1.2170
-1.2437
-1.1012
-1.2521
-1.1030
-0.9752
-0.5982
-0.5985
-0.2475
0.3638
0.6514
1.5795
1.9354
2.1355
1.9004
2.3491
1.7323
1.4702
1.2931
0.8537
0.4739
0.5109
0.1243
0.2674
0.0581
0.5484
0.9824
1.2769
1.3009
0.1569
-0.2242
-0.6266
-0.7326
-0.8734
-0.8478
-0.7378
-1.2045
-1.2338
-1.3588
-1.4896
-1.0640
-1.1287
-1.0974
-1.3242
-0.6292
-0.8158
-0.7764
-0.9395
-1.1787
-1.0328
-0.6536
-0.5728
-0.5831
-0.4126
0.0169
0.5049
0.7569
1.0751
0.9955
1.2952
1.3607
1.1902
1.2881
1.6322
1.9682
2.5462
1.9419
1.9970
1.6572
1.5551
1.7400
1.5064
1.8126
2.4469
2.3708
2.1277
1.7856
1.5449
1.4124
1.0731
0.6035
0.6525
0.0771
0.5155
0.2257
0.3020
0.5467
0.7289
0.8744
0.5988
1.5969
1.8828
1.6015
1.6332
1.8746
1.7148
1.5573
1.5936
1.4735
2.0451
3.3139
3.7068
4.5715
4.5868
5.4062
5.4985
5.3521
4.9405
4.8809
4.9644
3.5298
3.3906
3.3162
3.5643
3.1868
3.1667
2.5170
2.2738
2.9023
2.0281
2.0795
1.8424
1.5557
1.9114
1.5892
1.2995
1.1959
0.9374
0.6829
0.4830
0.5368
0.2832
0.0924
-0.1628
-0.5572
-0.9116
-0.9895
-1.3306
-1.3947
-1.4601
-1.4580
-1.5303
-1.5027
-1.2612
-1.4178
-1.2447
-1.3106
-1.2202
-1.1448
-1.0999
-0.9815
-0.5653
-0.8364
-0.9127
-1.0014
-0.9348
-0.6014
-0.1044
0.3600
-0.0459
1.2877
0.0950
0.9360
0.9407
0.9075
1.1097
0.8415
0.6856
0.6110
0.4873
0.3821
0.6420
0.0187
-0.1490
-0.3664
-0.5521
-0.5823
-0.4014
-0.8029
-0.8903
-0.8726
-0.7655
-0.8429
-0.4310
-0.6638
0.0082
-0.2857
0.2920
0.4293
0.3340
0.0726
-0.0572
-0.6598
-1.0695
-1.4445
-1.7866
-1.7226
-1.8146
-2.0615
-2.1236
-2.0510
-2.2532
-2.3098
-2.0065
-2.2031
-2.1031
-2.0101
-1.7281
-1.4983
-1.5440
-1.8401
-1.4612
-2.1276
-1.8876
-2.3407
-2.4132
-2.2780
-2.1365
-2.3487
-2.3586
-2.4945
-2.4151
-2.3888
-2.4743
-2.5913
-2.1288
-2.5714
-2.2730
-2.7745
-2.4906
-2.6182
-2.8775
-2.5516
-2.7500
-2.6846
-2.4781
-2.6682
-2.4435
-2.1273
-2.1573
-2.0157
-1.3839
-1.4743
-1.2654
-1.1221
-0.8205
-0.4215
-0.4401
-0.1932
-0.9378
-0.1831
0.2395
-0.8549
-0.7412
-0.7019
-1.0656
-0.8882
-0.9785
-1.2149
-1.1753
-1.0736
-0.4572
-0.6287
-0.4944
-0.6534
-0.2665
-0.3032
-0.1767
-0.0752
-0.1949
-0.2005
-0.6455
-0.0199
-0.3174
0.2731
0.3631
0.0934
0.5467
0.3979
0.1663
0.7839
0.9805
1.5335
2.0848
1.7878
1.6429
1.6240
1.7473
1.7743
1.1073
0.9448
1.1898
0.8221
0.8616
0.1484
0.5867
0.4823
0.1559
0.9654
0.7158
1.1398
1.5963
1.5711
1.5409
1.8434
1.6304
1.6952
1.7405
2.0719
1.7666
1.6118
1.3154
0.8223
0.4828
0.4561
0.3635
0.0404
0.5393
0.3021
1.0899
1.4726
1.3283
1.5757
2.2817
1.6872
1.5073
1.7902
1.9180
1.7694
1.9556
1.7431
1.9500
1.7928
2.3134
1.5909
1.6811
1.1174
1.2644
1.0045
0.7463
0.2928
0.1602
-0.1491
-0.0473
-0.4977
-0.8069
-0.9124
-0.9589
-1.2776
-1.3834
-1.4601
-1.5128
-1.5962
-1.5726
-1.6917
-1.5067
-1.8308
-1.8641
-1.8626
-1.8328
-1.8054
-1.7403
-1.6625
-1.6529
-1.4210
-1.6583
-1.6504
-1.6071
-1.5672
-1.4478
-1.4282
-1.3756
-1.3596
-1.1232
-1.2078
-1.2068
-1.1715
-1.2131
-1.2443
-1.2970
-1.3672
-1.3427
-1.4125
-1.4298
-1.5408
-1.6688
-1.6845
-1.8548
-1.6924
-2.0035
-2.0116
-1.9760
-1.9551
-1.9257
-1.8940
-1.8779
-1.7876
-1.6378
-1.8104
-1.8838
-1.8624
-1.8143
-1.8260
-1.8496
-1.9899
-2.1287
-2.2705
-2.4169
-2.4659
-2.5700
-2.4651
-2.5544
-2.4672
-2.5626
-2.4967
-2.4062
-2.2924
-1.9725
-2.0526
-2.0782
-2.0356
-2.1164
-2.0961
-1.9789
-1.9995
-1.8120
-1.6142
-1.4313
-1.1320
-0.8624
-1.0283
-0.5986
-0.9149
-0.5069
-1.2499
-1.4899
-1.9622
-1.7846
-2.3214
-2.3466
-2.3953
-2.1080
-2.5205
-2.6901
-2.9378
-2.8199
-2.8537
-2.3981
-1.8461
-2.5354
-2.1917
-2.4552
-1.7879
-1.8467
-1.2559
-0.8249
-0.6190
1.4957
2.1386
2.5452
3.7659
4.4623
4.9028
7.0091
6.5045
5.4773
4.7695
6.1255
5.0995
5.0805
5.5194
4.7412
3.5326
4.1324
3.3668
4.0138
3.4331
3.3202
3.0292
2.8433
2.5602
2.2267
2.1750
2.2937
2.0121
1.6599
2.3439
1.1165
1.2591
0.7233
1.2658
0.7038
1.1417
0.6933
0.7619
0.4945
0.4927
0.7728
0.4446
0.6900
0.8632
1.0866
1.3101
2.2040
1.5266
1.9741
1.7396
2.3375
1.7644
2.2357
1.8293
1.8585
2.2385
2.3681
1.9428
1.9001
2.4681
2.3043
1.6603
1.3385
1.2214
1.0524
0.4664
0.8373
0.2114
0.3163
0.3351
0.4287
0.1431
0.2508
0.1112
0.4143
0.0708
-0.0564
-0.2231
-0.1606
-0.4062
-0.4136
-0.4407
-0.5201
-0.2397
-0.3006
-0.1162
-0.0573
-0.1229
-0.2241
-0.0632
-0.1266
-0.3280
-0.3845
-0.4173
-0.8262
-0.7895
-0.5770
-0.8499
-1.0599
-1.0789
-1.1847
-0.9838
-1.1277
-1.3500
-1.4704
-1.4545
-1.4103
-1.5070
-1.8484
-1.9716
-1.9596
-2.0172
-2.0566
-2.0207
-1.9867
-2.1695
-2.1773
-2.3350
-2.3679
-2.1735
-2.2658
-2.0365
-2.4084
-2.5314
-2.5619
-2.5108
-2.3112
-2.4050
-2.4678
-2.4972
-2.5500
-2.4164
-2.5690
-2.6113
-2.5855
-2.6363
-2.6591
-2.6155
-2.5355
-2.4125
-2.2241
-2.1142
-1.8853
-1.7244
-1.8693
-2.0804
-2.2128
-2.3751
-2.3350
-2.6485
-2.6290
-2.7191
-2.6323
-2.7592
-2.6776
-2.6785
-2.5397
-2.3910
-2.1006
-2.1896
-2.2487
-2.2440
-2.0690
-2.1775
-1.9959
-1.8466
-1.9016
-1.8963
-1.9652
-2.2038
-2.4467
-2.6659
-2.6526
-2.9543
-3.0753
-3.0888
-3.1619
-2.9657
-3.0829
-3.0402
-2.8229
-2.8134
-2.6753
-2.7320
-2.6854
-2.4904
-2.6656
-2.7187
-2.6780
-2.5415
-2.6291
-2.6225
-2.4416
-2.2770
-2.1100
-2.0686
-2.0243
-2.1665
-1.5353
-2.0369
-1.1216
-1.7247
-1.6596
-1.2826
-1.8658
-1.7151
-1.7369
-1.5877
-1.1401
-0.6425
-1.1945
-0.9938
-0.7922
-0.3517
0.2170
0.4416
0.7060
1.6439
2.3118
3.2473
3.6781
2.4433
3.3830
4.2355
4.6915
5.4286
5.2595
6.1136
5.6965
5.9893
5.7017
5.8770
7.1701
6.8502
6.2740
6.8836
6.4304
6.8332
6.8713
7.8545
7.4629
7.0670
6.8868
6.5134
6.9072
6.6761
6.5570
6.2803
6.3274
6.0940
5.9037
5.4224
5.5199
5.0256
5.0145
4.6587
4.5097
4.4995
3.9603
3.3528
3.6845
2.6976
2.4745
2.0867
2.2361
1.9240
1.8014
1.6125
1.6184
1.1406
1.1007
1.3377
1.0299
0.7175
0.8954
1.2756
1.2945
1.4434
1.2372
1.0433
1.1659
0.8225
0.5456
0.2694
-0.2062
-0.2623
-0.6095
0.0210
-0.5027
-0.3651
-0.5001
-0.8337
-1.0176
-0.4128
-0.8358
-0.6097
-0.0670
0.1554
0.8428
1.0026
0.7652
0.9639
0.5428
0.5001
0.1983
-0.1125
-0.1374
0.2408
-0.2337
0.0793
-0.2450
-0.2465
-0.0455
-0.1124
-0.1656
-0.1800
0.2879
-0.1741
-0.4091
-0.6563
-0.6048
-1.1347
-1.0890
-1.1811
-1.4285
-1.7161
-1.7040
-1.5055
-1.7293
-1.5695
-1.8523
-1.9497
-1.7625
-2.0681
-2.0364
-2.0852
-2.1801
-2.1196
-2.4750
-2.5521
-2.6435
-2.4871
-2.7470
-2.7159
-2.8482
-2.8736
-2.9954
-2.9804
-2.8584
-2.8515
-2.7484
-2.8360
-2.6388
-2.9399
-3.0444
-2.9661
-3.3127
-3.4507
-3.4987
-3.5818
-3.6456
-3.7619
-3.8526
-3.8953
-3.6785
-3.8839
-3.8711
-3.8370
-3.6589
-3.7783
-3.8779
-3.9203
-4.1206
-4.2700
-4.4086
-4.2329
-4.5394
-4.5303
-4.5694
-4.5620
-4.4738
-4.5220
-4.5045
-4.5867
-4.6171
-4.6749
-4.7128
-4.6495
-4.4556
-4.5702
-4.5747
-4.5368
-4.5010
-4.4652
-4.2635
-4.4641
-4.4817
-4.4897
-4.2693
-4.1610
-3.5867
-3.6676
-2.9241
-2.5201
-2.3863
-1.9274
-1.6053
-1.4288
-2.3808
-1.5586
-2.4795
-2.0337
-2.0505
-1.8677
-1.3504
-2.4288
-2.3379
-2.2426
-2.4932
-2.3393
-2.6749
-2.8253
-2.8048
-2.8089
-2.7819
-2.7603
-2.6062
-2.7740
-2.8458
-2.6491
-2.9649
-2.2583
-2.6406
-2.2258
-2.2499
-2.2698
-2.5701
-2.0126
-2.4582
-2.3466
-2.1763
-1.9497
-1.8537
-1.4115
-1.4706
-1.1555
-1.0633
-0.6356
-0.2811
-0.1267
0.8968
0.9397
1.1268
1.1614
1.0486
1.0238
1.4757
1.5085
2.1079
1.4034
1.3493
1.4125
1.0378
0.8709
0.8760
0.8696
0.6350
0.8806
1.0185
0.5989
0.6727
0.7274
0.8400
1.7652
0.5929
0.7351
0.5315
0.2075
-0.0983
0.5286
0.2233
0.0628
0.1476
0.1040
0.1989
0.2935
0.5732
0.6709
0.8846
1.1874
1.2183
1.6205
1.6862
1.8872
2.0902
2.0052
2.5125
2.3975
3.0097
3.1816
2.9293
2.6451
2.8424
2.6628
2.1718
1.7979
1.6274
1.7536
1.8348
1.9929
2.1387
2.0593
2.6308
2.0042
2.1133
1.5159
1.5527
0.9941
0.5729
0.2108
-0.3276
-0.5543
-1.0048
-0.9148
-1.1620
-0.8811
-1.1170
-0.7726
-1.0302
-0.6898
-0.8454
-0.6497
0.0449
-0.2108
1.0838
0.5822
1.0217
0.7532
1.7509
2.1719
2.6036
2.6082
2.4251
2.0146
3.2543
1.7805
1.6454
1.9987
1.8017
1.7365
2.1969
1.6708
2.2631
1.5838
1.3450
1.4073
0.9966
1.0890
1.3279
0.7669
1.0884
0.9874
0.9809
0.5650
1.1393
0.5921
1.0467
0.3502
0.6595
0.3735
0.9936
0.6183
1.6413
1.7257
1.7819
1.6204
1.2581
1.3647
1.4054
1.8778
1.3555
1.3648
1.4427
1.3503
1.5556
1.3433
1.3365
1.1641
0.6509
0.4873
0.8427
0.2782
0.7133
0.9137
1.4271
1.0593
1.7418
2.0859
2.6336
2.5404
2.8411
3.1354
3.6678
3.5728
4.1890
4.0581
4.1154
3.7023
3.1482
2.8165
1.8299
1.3235
1.0371
0.3411
0.1789
-0.1744
-0.3353
-0.5313
-0.6953
-0.6074
-0.7683
-0.8121
-0.9088
-0.7764
-0.9741
-0.9472
-1.0374
-0.5007
-1.1163
-0.7910
-0.9500
-0.6292
-1.0042
-0.7246
-0.9704
-1.0191
-1.3935
-1.4531
-1.0864
-1.0040
-1.1642
-1.3082
-1.0247
-0.7544
-0.9047
-1.2478
-1.1433
-1.5025
-1.6232
-1.7784
-1.6338
-1.8615
-1.8987
-1.9870
-2.0300
-1.8637
-1.9783
-1.9789
-1.9448
-1.8862
-1.7077
-1.8120
-1.8473
-1.7606
-1.7436
-1.6976
-1.7078
-1.7258
-1.6177
-1.5322
-1.7103
-1.9025
-1.9399
-2.0080
-2.0225
-2.0582
-2.0432
-2.0757
-1.8276
-2.0053
-2.0269
-2.0189
-2.0448
-2.0278
-1.9776
-2.0322
-1.8562
-2.1646
-2.2295
-2.3334
-2.3967
-2.3876
-2.4718
-2.5003
-2.6407
-2.6991
-2.5422
-2.7618
-2.7798
-2.7834
-2.7494
-2.6909
-2.5852
-2.1542
-2.2417
-2.0887
-1.8511
-1.9940
-1.6484
-2.1768
-2.0395
-2.5997
-2.4566
-2.5361
-2.3734
-2.2359
-2.0587
-2.2597
-2.6695
-2.8400
-2.8732
-2.5050
-2.4492
-1.8934
-1.5611
-1.5923
-1.3432
-0.9013
-1.4939
-0.9240
-1.0921
-1.2955
-1.1588
-0.2782
-0.6414
-0.6840
-0.9727
-1.3837
-1.4890
-1.8387
-1.4208
-1.0003
-0.9344
-1.3700
-0.7356
-1.0457
0.3601
-0.2469
0.5737
1.0279
0.9770
1.2369
1.7629
1.7903
2.0965
2.4106
3.3298
3.6130
3.3495
3.8549
3.5165
3.6423
3.2228
3.2007
3.0926
2.5253
2.3651
2.0404
1.8799
2.0419
2.2331
1.9220
1.7140
1.8361
2.1899
1.9021
1.8466
1.8296
1.6002
1.2160
0.5892
0.0231
0.0410
-0.1075
-0.1436
-0.0995
0.2919
0.2503
0.5194
1.1583
1.1988
1.1535
1.4122
1.8754
1.4227
1.6907
1.4166
1.3858
0.9216
1.3484
0.7806
0.5163
0.4230
0.4977
0.0219
0.2527
0.3104
-0.2188
-0.2844
0.1567
0.5938
0.0578
0.1141
0.9653
0.6696
1.3702
2.5680
2.8508
2.9288
2.9951
4.2315
3.9480
3.7162
4.0008
2.8656
2.6943
2.1879
1.9531
1.3886
1.2813
1.2848
0.9568
0.7771
0.6440
0.7836
0.4298
0.4527
0.1856
0.1782
-0.1635
-0.3247
-0.7244
-1.0366
-1.3523
-1.5008
-1.4665
-1.5211
-1.8211
-1.8465
-1.7536
-1.7491
-1.5841
-1.7365
-1.5379
-1.9414
-1.9768
-2.0387
-1.8698
-2.1367
-2.0891
-2.1761
-2.1625
-2.3039
-2.2239
-2.1134
-1.9501
-2.1837
-1.8605
-0.9183
-1.5720
-1.0589
-0.8966
-1.4098
-1.4515
-0.5762
-0.7511
-0.4370
-0.8477
-0.3120
-0.4628
-0.2969
-0.3116
-0.3776
-0.3728
0.4160
-0.1643
0.4808
0.4310
0.2026
0.1819
0.2008
0.1604
-0.0568
-0.0863
-0.3040
-0.3677
-0.4084
-0.8234
-1.0883
-1.2931
-1.3892
-1.3984
-1.2812
-1.1695
-0.9545
-0.8820
-0.5682
-0.8002
-0.7288
-0.7983
-0.8027
-0.9531
-1.0697
-1.2401
-1.4266
-1.6170
-1.6920
-1.7726
-1.7552
-1.8761
-1.8624
-1.8623
-2.1337
-2.3558
-2.4309
-2.3274
-2.2432
-1.4818
-1.5143
-1.8648
-1.0883
-1.3367
-0.0314
-0.4515
-0.1224
0.2696
0.0151
0.9040
0.0591
0.2117
-0.0219
-0.0640
0.4229
0.3083
0.4510
0.5508
0.5057
0.9773
0.7575
0.4130
0.2769
0.0241
-0.1006
-0.0045
-0.3756
-0.3328
-0.7148
-0.7720
-0.5639
-0.7104
-0.9306
-0.8436
-1.2744
-1.2582
-1.1805
-1.2187
-1.0855
0.1634
0.0157
1.3312
1.1829
2.3136
2.8346
2.9673
3.9145
3.4674
4.0678
3.9477
4.1124
3.9023
4.3329
3.4951
4.2052
4.0645
3.8990
4.0068
4.6979
4.8826
5.0139
5.2550
5.4450
5.8887
5.9588
5.9482
6.2285
5.5567
5.3870
4.8351
5.2522
4.5217
4.1467
4.3713
3.9116
3.1599
2.6585
2.0609
1.2444
0.5857
0.5161
-0.0436
-0.0385
-0.3047
-0.4018
-0.1776
-0.3479
-0.5159
-0.9224
-1.0117
-0.7836
-0.7129
-0.7874
-0.8795
-0.5230
-0.3683
-0.9290
-1.1603
-0.9898
-1.0674
-0.7243
-1.1102
-0.8932
-0.4178
-0.3953
0.1587
0.5979
1.2161
1.5218
2.1009
1.8226
2.5856
1.8997
2.1872
1.3370
1.5216
1.3914
1.1522
1.7579
1.7880
1.4837
1.4025
1.4845
0.9647
0.9565
0.6287
0.5503
0.2464
0.2125
-0.2925
-0.5144
-0.4775
-0.7242
-0.9245
-0.9752
-0.9048
-1.1717
-1.0393
-1.1814
-1.1306
-1.1179
-1.2594
-1.4010
-1.4224
-1.5684
-1.3968
-1.5395
-1.6181
-1.6300
-1.8264
-1.9066
-1.9837
-2.1179
-2.1637
-2.0808
-2.2971
-2.3357
-2.4313
-2.5080
-2.4817
-2.3310
-2.4783
-2.5994
-2.6445
-2.6949
-2.7212
-2.7128
-2.7117
-2.4354
-2.6304
-2.4623
-2.5771
-2.5500
-2.7409
-2.7897
-2.8247
-2.7900
-2.8711
-2.7480
-3.1616
-3.2801
-3.3565
-3.3797
-3.3497
-3.3429
-3.2889
-3.0600
-3.2132
-3.0944
-3.0937
-3.0074
-2.9703
-2.8507
-2.5456
-2.3428
-2.0211
-1.5969
-1.5924
-1.4039
-1.3249
-1.1553
-1.2616
-1.1263
-1.2002
-1.3323
-1.4574
-1.1822
-0.7104
-1.2327
-1.2708
-1.6207
-1.3298
-1.4613
-1.3663
-1.2554
-1.1615
-1.2201
-1.3996
-1.0524
-1.6537
-1.8869
-1.6194
-1.5611
-1.7983
-1.5391
-2.1853
-2.3335
-2.5644
-2.3599
-2.3383
-2.5293
-2.5556
-2.3565
-2.3407
-2.4857
-2.1827
-2.3173
-2.2095
-2.0563
-1.9399
-1.5647
-1.3528
-1.3348
-0.7598
-0.2863
-0.2835
0.7553
0.5429
1.4228
1.3230
1.4712
1.6940
1.5746
1.3399
1.2401
1.3314
1.5973
2.1075
1.7761
2.1054
3.4769
2.8846
2.7079
2.2897
1.7411
2.1759
1.8307
1.5280
1.3083
1.4872
1.8673
1.6186
1.4812
2.3880
2.5485
3.3249
3.4179
3.6624
3.2206
2.5829
2.9790
3.1110
3.1598
3.4073
3.2590
2.6945
2.9503
2.4769
2.3868
2.2486
2.3868
2.8972
1.8414
1.4818
1.3414
1.2649
0.9706
1.4622
0.9139
1.3463
1.6046
2.5838
2.5922
2.8100
3.8689
3.9885
4.2303
3.8479
4.0713
3.6286
3.2947
3.2981
3.1951
3.3977
2.8279
3.0556
2.7347
2.6447
3.0559
3.2931
3.3233
3.0685
3.1547
3.1236
3.3034
2.9146
3.5863
2.9535
3.5708
2.7189
2.4308
2.2786
2.2035
1.6946
1.6780
1.1859
1.9210
0.8866
1.0702
1.1631
1.4008
0.7861
-0.0156
-0.1863
-0.0751
-0.4727
-0.5687
-0.8389
-0.8964
-0.6760
-0.7040
-0.6601
-0.3734
-0.4514
-0.4314
0.2207
-0.3336
0.1499
-0.4928
-0.6413
-0.8218
-0.8158
-0.6723
-0.1745
-0.3799
0.4981
0.8487
1.8936
1.1366
1.8505
2.2011
1.8781
1.8679
2.7964
2.1682
2.1712
1.8489
2.4212
1.9972
2.3162
1.8495
1.6575
1.1391
0.8289
0.9136
0.2789
0.0352
-0.1695
-0.4267
-0.5689
-0.6859
-0.6141
-0.9300
-1.0493
-1.1383
-1.0341
-1.1190
-0.8825
-1.1997
-1.2752
-1.2768
-1.4558
-1.4929
-1.6406
-1.6730
-1.7211
-1.7679
-1.5827
-1.7204
-1.5726
-1.5059
-1.4099
-1.4364
-1.1260
-1.2497
-1.2408
-1.3878
-1.6403
-1.8693
-2.1256
-2.2732
-2.3670
-2.3505
-2.4271
-2.7680
-2.8407
-2.4313
-2.2463
-2.6911
-2.4080
-2.2162
-1.8643
-1.6460
-1.5807
-1.6253
-1.8042
-1.8039
-1.5627
-1.8706
-1.8396
-1.7951
-1.5988
-1.6599
-1.4379
-1.3979
-1.0691
-1.3323
-1.0718
-1.0932
-0.8995
-0.8468
-0.8931
-1.2573
-1.3035
-0.4754
-1.1041
-1.0330
-0.8137
-0.8144
-0.9950
-0.2549
-1.0215
-0.8736
-1.0899
-1.1518
-1.3603
-1.1454
-0.9873
-1.1493
-0.8022
-0.9328
-1.0081
-1.0623
-0.7435
-1.1790
-1.6239
-1.4966
-2.0109
-1.9678
-2.0827
-2.0149
-2.5140
-2.6187
-2.2456
-2.5124
-2.4808
-2.0741
-2.1836
-2.4849
-2.4667
-2.5929
-2.5892
-2.1209
-2.6934
-1.9672
-2.4115
-1.9829
-2.1703
-1.2660
-1.2325
-0.7413
-0.4903
-0.1823
0.2912
0.4205
1.1255
1.2163
1.5388
1.3037
1.4466
1.3698
1.8622
1.4915
1.1394
1.3105
1.3859
1.4920
1.7819
1.7194
1.6584
1.7885
1.6052
1.4499
1.0980
0.8469
0.6923
0.5730
0.2139
-0.1246
-0.3732
-0.5662
-0.7747
-1.2435
-1.6173
-1.8708
-1.9646
-2.0225
-1.8244
-1.9444
-1.1206
-1.7361
-1.7221
-1.3459
-1.0196
-0.1655
-0.2221
-0.2117
-0.0844
0.5702
1.3018
0.8254
1.2316
0.8875
0.9378
0.8738
1.0809
0.7027
0.5347
0.3663
0.1590
0.2221
-0.1390
-0.1782
-0.3144
-0.3350
-0.4118
-0.1338
-0.3423
-0.2661
-0.3074
-0.2566
-0.2647
0.1102
-0.1886
-0.0856
-0.2139
-0.1062
-0.0667
0.0189
0.3362
0.1371
0.2392
0.0824
0.2566
-0.0614
-0.1390
-0.2830
-0.4278
-0.5972
-0.6894
-0.8375
-0.8729
-0.7833
-0.9199
-0.8628
-0.7556
-0.5475
-0.7750
-0.9040
-1.0373
-1.2503
-1.2502
-1.2711
-1.3208
-1.4518
-1.5796
-1.4755
-1.3251
-1.4386
-1.1492
-0.7167
-1.2041
-0.7764
-0.1614
-0.1423
-0.1155
0.1427
0.2746
0.1251
0.2168
0.3685
