8.0566
9.2818
9.7941
10.4330
10.6025
11.2967
11.8502
12.4212
12.4261
12.5893
12.6889
12.7995
12.9082
13.4776
13.5966
13.4754
13.9776
14.1364
14.3418
14.6948
15.4835
15.4789
15.7609
16.1349
16.1618
16.0000
15.6037
15.4951
15.2476
14.2632
13.6215
13.3356
12.7450
11.8381
11.0769
10.1768
10.2074
9.3523
8.5951
8.0951
7.4014
7.0010
6.4588
6.3568
6.0393
5.8363
5.3561
5.2243
4.8053
4.6426
4.0957
3.7723
3.5048
2.8625
2.3837
1.9103
1.4874
1.3602
1.0451
0.5978
0.6532
0.2444
0.1374
-0.1293
-0.3955
-0.5673
-0.6352
-0.8625
-0.8239
-1.0386
-1.1285
-1.1268
-1.1410
-1.0533
-1.0129
-0.6628
-0.9510
-0.9845
-1.0850
-1.1162
-1.1404
-1.2417
-1.6502
-1.8950
-1.8953
-2.2789
-2.2878
-2.5146
-2.4925
-2.5460
-2.6236
-2.7618
-2.7027
-2.8135
-2.6537
-2.7694
-2.7841
-2.7171
-2.4202
-2.5331
-2.6928
-2.8771
-2.9052
-2.7628
-3.1410
-3.4079
-3.4753
-3.9659
-4.1022
-4.2988
-4.2364
-4.5031
-4.6738
-4.7659
-5.0523
-5.2616
-5.4532
-5.5481
-5.6321
-5.7945
-5.9644
-6.0275
-6.1709
-6.5837
-6.6168
-6.7024
-6.7002
-6.5843
-6.8328
-6.8942
-6.6909
-6.7694
-6.9404
-6.9734
-6.7895
-6.8245
-6.5865
-6.6531
-6.5097
-6.4994
-6.2293
-6.3046
-6.2686
-6.1568
-6.1170
-6.0246
-6.0545
-5.9024
-5.9526
-6.1236
-6.3684
-6.5881
-6.6858
-6.8801
-7.1111
-7.3577
-7.5635
-7.4154
-7.4948
-7.8493
-8.1008
-8.4203
-8.6475
-8.7548
-8.9636
-9.0872
-9.2886
-9.4502
-9.3267
-9.4641
-9.1291
-9.2717
-9.6304
-9.7112
-9.5888
-9.7499
-9.7353
-9.4425
-9.7102
-9.7909
-9.6292
-9.7424
-9.7196
-9.3557
-9.5515
-9.4974
-9.4653
-9.3643
-9.5915
-9.6949
-9.6900
-9.3952
-9.4648
-9.2859
-9.0710
-8.6167
-8.1297
-7.8971
-7.2608
-7.3956
-6.8782
-6.9074
-6.6596
-6.3367
-6.1283
-5.7869
-5.4541
-5.3117
-5.4818
-5.4949
-5.5205
-5.2181
-5.5236
-5.5451
-5.8098
-6.0652
-6.3815
-6.7384
-6.7549
-7.2985
-7.2549
-7.5421
-7.8128
-7.9019
-7.9914
-8.0911
-8.1546
-8.0723
-7.7216
-7.4121
-7.2763
-6.7846
-6.1926
-5.4534
-4.5574
-3.4611
-2.1131
-1.0020
0.2055
1.7693
2.9426
4.2874
5.7212
6.7286
8.1058
9.1936
9.2864
10.3588
10.5226
10.6354
10.8590
11.0701
11.3188
10.6803
11.1720
11.4095
10.9019
10.8771
10.8354
11.1294
11.2446
11.6713
11.7132
12.3391
12.3472
12.7876
12.0949
12.4713
11.8924
12.3188
12.1801
11.9275
12.0190
11.3443
11.0879
10.7299
10.1577
9.5203
8.6414
8.2385
7.5260
6.5388
5.7629
5.1248
4.9554
4.7092
5.0452
4.7276
4.8115
5.2626
5.4366
5.7918
6.1484
6.5570
6.9910
7.0398
7.3430
7.5379
7.4899
7.6445
7.3766
6.7766
6.2232
5.8092
4.9990
4.6796
4.1077
3.9146
3.5736
3.1639
2.9693
2.4524
2.3496
2.4649
2.1718
1.9155
1.8319
1.5738
1.3429
0.8399
0.2971
0.2546
0.3265
0.0392
-0.5613
-0.7071
-0.7427
-0.7488
-0.3321
-0.5127
0.1450
-0.2335
-0.1110
-0.1446
0.1313
-0.2195
-0.3491
-0.7016
-0.8503
-0.9100
-1.2248
-1.1661
-1.1388
-0.9669
-0.6560
-0.4777
-0.4185
-0.4360
-0.0621
-0.1609
0.0339
-0.1238
0.2975
0.6263
0.3568
0.2361
-0.4633
0.0398
-0.2784
-0.6757
-1.2631
-1.1017
-0.3295
-0.7572
-1.2299
-0.8615
-0.8753
-0.2510
0.1871
1.4188
1.6245
2.4264
3.4436
4.5032
5.0108
5.1168
5.9572
6.2364
6.8721
7.1730
6.9371
7.2408
7.1019
7.1544
6.7447
6.3372
6.2964
6.1162
6.9274
7.6355
7.2474
6.8596
6.4117
6.6816
6.7159
5.7527
5.5204
5.2116
4.9215
3.7728
2.9023
2.4819
1.6042
1.9386
1.7297
1.8849
1.2236
1.7240
1.5447
2.0798
2.0444
2.6045
2.2639
2.5961
2.6659
2.4167
1.7636
1.3820
1.3611
1.1819
0.9494
0.8386
0.9438
0.6683
0.2119
0.4440
0.2478
0.9161
1.4033
1.2838
1.8914
2.0720
2.1017
2.0664
2.0905
2.5288
2.9708
4.2902
3.8068
3.9884
4.6429
4.2662
4.4556
4.4749
4.6768
4.1179
4.0411
4.1159
4.0934
3.6724
3.7543
2.9461
3.5720
2.5156
2.2722
1.7021
1.0739
0.4251
0.2767
-0.3485
-0.3301
-0.8940
-0.8776
-0.7801
-0.4346
-0.5799
-0.0169
-0.3482
-0.2017
-0.0687
-0.0246
0.3963
0.4099
0.5577
0.6607
1.3914
0.9262
1.1244
1.4676
1.8800
1.5455
1.6128
1.7541
1.9034
2.2652
2.7145
2.5489
2.8597
2.7341
3.0177
3.7508
3.5721
3.3864
3.7662
3.5410
3.9314
4.0200
4.3153
4.4690
5.3449
5.5653
5.3930
6.3557
5.9661
6.5414
5.8833
6.2968
5.9490
6.1616
5.4731
5.0466
4.5725
4.4039
3.7951
3.7301
2.7988
2.5963
2.5755
2.5147
2.6131
1.9886
1.5277
0.5700
-0.5852
-1.0594
-1.5538
-1.5890
-1.7851
-1.7100
-2.1750
-1.8725
-2.9686
-3.0079
-3.1603
-3.4098
-2.2894
-3.4959
-2.7880
-3.3364
-2.6953
-3.5562
-3.1231
-2.5486
-3.1206
-3.2580
-2.8094
-2.9952
-3.0877
-3.6573
-3.9167
-4.3362
-3.1350
-4.6784
-4.6566
-3.8967
-4.0925
-3.5673
-3.4525
-4.6907
-3.9093
-3.9698
-3.3225
-3.9654
-4.0283
-4.1273
-4.1481
-4.4675
-4.2629
-4.0549
-4.3620
-4.0840
-4.3033
-4.4905
-4.4706
-4.3808
-4.4250
-4.1150
-4.1000
-3.7917
-3.3563
-2.9432
-3.2353
-3.2560
-2.5564
-2.6052
-1.8494
-2.1141
-1.9595
-1.9774
-1.5182
-1.1705
-1.2685
-0.7609
-1.1274
-1.0295
-1.0967
-1.3708
-1.2197
-1.2310
-1.4766
-1.3057
-1.2371
-1.5290
-1.4927
-1.4319
-1.5816
-1.6404
-1.4039
-1.3563
-1.5755
-1.1945
-1.0535
-1.1998
-0.9360
-1.1697
-0.8988
-0.8785
-0.9849
-0.9680
-0.4857
-0.7614
-0.3805
-0.4204
-0.7090
-0.7036
0.0794
0.0314
0.9728
0.9238
1.3416
1.3624
2.0196
2.4356
2.7545
3.0464
3.2066
3.3221
3.5929
3.3883
3.2135
3.3042
3.7457
3.4665
3.6596
3.7716
3.7020
3.9003
4.0703
4.3207
4.5598
4.8418
4.4150
4.2406
4.4753
4.2965
4.6034
4.4705
4.5542
4.5142
4.8973
4.3168
4.3338
4.4343
4.5456
4.6228
4.7768
4.3539
4.5674
5.3607
5.3083
5.8017
6.2986
5.8789
6.1099
5.8137
5.8792
5.4603
5.6384
5.5777
5.3176
5.3699
4.9991
5.0660
5.1184
5.1049
4.9894
4.7135
4.9342
4.6861
5.1149
4.7025
4.7169
4.9412
5.1304
5.3459
5.7498
5.6306
6.0087
6.3189
6.7592
6.9690
7.3082
7.3831
7.7153
7.5495
8.3556
8.0466
7.6865
7.9593
7.8744
6.7584
5.6194
5.2602
4.6606
4.5397
4.4943
4.1528
4.0558
4.1522
4.2524
4.3766
4.5266
4.7859
5.0709
5.4318
6.0226
5.9770
6.1077
6.0237
6.2905
5.5659
5.3795
5.2821
4.1231
3.6160
2.9565
2.5200
1.7016
1.3483
0.9302
0.7268
0.6079
-0.3647
-0.2493
-1.2213
-1.5233
-2.2755
-2.6765
-2.6937
-3.0332
-3.2508
-3.8436
-4.3580
-4.5092
-5.2528
-5.4891
-5.9135
-5.9839
-6.2004
-7.0007
-7.2244
-7.7257
-8.0500
-8.4886
-8.4024
-8.4135
-9.1384
-9.3706
-9.1744
-9.2041
-9.1494
-8.9243
-9.3059
-9.0138
-9.4746
-9.5373
-9.3874
-9.0862
-9.3345
-9.1246
-9.4756
-9.4546
-9.5880
-9.3526
-9.4431
-9.3707
-9.2073
-9.1653
-9.0341
-8.9661
-8.9027
-8.6551
-8.8439
-8.8226
-8.8557
-8.7669
-8.8380
-8.8013
-8.9448
-9.0050
-9.0631
-8.9518
-9.2088
-9.2481
-9.3752
-9.4532
-9.6007
-9.6869
-9.7343
-9.8112
-9.8860
-9.7345
-10.0007
-10.0107
-9.9698
-10.0163
-9.9606
-10.0381
-10.0030
-10.0352
-10.0662
-10.1193
-10.1852
-10.0292
-10.2898
-10.2545
-10.3347
-10.3375
-10.4038
-10.4416
-10.4039
-10.4858
-10.4979
-10.5628
-10.5754
-10.3747
-10.5831
-10.5713
-10.4965
-10.5183
-10.4275
-10.4718
-10.3903
-10.3722
-10.3263
-10.2948
-10.2913
-10.2746
-10.3126
-10.3123
-10.1031
-10.2561
-10.0975
-10.0465
-9.8582
-9.8199
-9.6390
-9.5434
-9.3873
-9.2835
-9.1376
-8.9954
-8.8389
-8.6487
-8.2481
-8.2142
-7.9794
-7.6537
-7.4542
-7.1545
-7.0198
-6.7815
-6.6164
-6.4219
-6.2264
-6.0274
-5.7868
-5.5766
-5.3183
-5.0676
-4.7806
-4.2845
-4.1596
-3.7364
-3.4082
-2.9905
-2.6467
-2.2547
-1.7953
-1.4092
-0.9203
-0.4584
0.1232
0.7187
1.4126
2.1371
2.9361
3.9507
4.5788
5.5062
6.4760
7.0981
7.7010
8.1584
8.0821
8.2192
8.1653
8.3535
8.0297
8.2314
7.8936
7.9702
8.1290
8.3326
8.3321
8.0474
7.9974
7.6363
7.3115
7.4056
7.1184
7.5295
7.4479
7.6254
7.2496
7.2367
7.1452
7.3468
7.8555
7.6713
7.8789
7.9920
8.1820
8.7288
8.6906
8.9646
9.1710
9.1900
9.1535
9.4606
8.8877
8.8269
8.3015
8.2479
7.7009
7.3020
6.6469
6.3351
5.9517
5.2725
4.7075
4.4784
4.1230
4.4306
3.7808
3.3191
2.6483
2.3329
1.7859
2.0446
2.0050
1.9502
1.2091
1.3148
0.9841
1.1167
0.7600
0.9859
1.1764
0.7763
1.3472
1.6619
2.1902
2.9269
4.1175
5.0908
5.6172
6.4394
6.5359
7.4505
6.1279
5.9803
5.1444
4.8740
4.4617
4.2387
3.6437
3.0321
2.4677
2.7756
3.1283
3.5101
3.1480
4.2418
3.3590
3.4640
3.7540
4.0341
2.5797
2.1082
2.7145
2.0791
2.1019
1.8324
1.6726
1.8094
0.9638
1.2961
1.2985
1.7932
1.0836
1.4361
1.7284
1.8023
1.2531
1.6788
1.7912
2.1431
1.6017
2.2558
1.7691
1.8202
2.1748
2.2908
2.3461
2.5746
2.5550
2.8725
3.2226
3.9247
4.6125
5.1946
5.2278
5.0993
6.0819
6.4485
6.7494
6.5465
7.3660
7.6411
7.9095
8.4662
7.9908
8.6060
8.6425
8.8097
9.1240
9.2686
9.0339
9.0478
8.6400
8.9580
8.9207
8.9081
8.9492
8.7101
9.3302
8.4434
8.2131
7.7510
7.4748
6.6230
6.2459
6.1031
5.2521
4.5948
3.8430
3.1710
3.0956
2.0789
1.4714
1.0225
0.6445
-0.0847
-0.5368
-0.6899
-0.9376
-0.9901
-1.3160
-1.5549
-1.7251
-1.6965
-1.7731
-1.9164
-1.7711
-1.8395
-1.3491
-2.0274
-1.9463
-2.2698
-2.1505
-2.4749
-2.3963
-2.2341
-2.2210
-2.0801
-1.5415
-1.6343
-1.4492
-1.0908
-1.0824
-1.2928
-1.2193
-1.0151
-0.9007
-0.5961
-0.6840
-0.0132
-0.0783
0.3355
0.5999
0.6409
1.0230
1.3237
1.3037
1.6937
2.3388
2.6274
3.1543
4.0762
4.3261
4.9937
5.5240
6.6189
6.5347
6.8144
6.9887
7.3914
7.3309
7.4168
7.3893
7.2790
7.2262
6.2734
6.3707
5.6956
5.5650
5.0599
4.9562
4.6017
5.0960
4.6573
5.1607
5.4352
4.9075
6.3060
5.8378
6.2275
6.4776
6.0388
5.9008
5.6209
5.3716
4.4082
4.3565
4.5648
3.8421
3.4534
3.9299
3.5056
3.0240
3.6539
3.1652
2.7728
3.3236
3.4112
3.7852
3.8158
3.5061
3.7191
3.6779
3.9524
4.5152
4.0836
3.7024
4.5592
3.9543
4.1349
4.2897
4.3644
4.7076
4.4438
4.6514
5.1607
5.4228
5.1123
4.3516
4.5266
4.1760
4.3139
3.4360
3.9126
3.0234
2.4393
1.8890
1.2944
1.4868
0.7532
0.4418
0.3225
-0.2747
-0.3475
-0.7380
-1.1232
-1.9347
-2.0069
-2.8029
-3.0551
-3.4009
-3.6081
-3.9478
-4.2070
-4.4478
-4.7656
-5.0385
-5.2260
-5.7503
-6.1318
-6.3891
-6.7491
-7.0281
-7.3622
-7.6435
-7.8352
-8.0339
-7.9519
-8.2739
-8.3586
-8.3404
-8.4555
-8.4419
-8.6149
-8.6394
-8.6994
-8.7200
-8.7552
-8.8081
-8.8613
-8.6624
-8.9395
-8.9848
-9.0707
-9.1685
-9.1818
-9.2848
-9.1411
-9.4602
-9.4855
-9.5962
-9.6569
-9.7625
-9.9099
-9.9877
-10.1392
-10.1579
-10.1094
-10.3757
-10.5202
-10.5883
-10.6112
-10.6800
-10.5579
-10.8118
-10.8204
-10.8598
-10.8724
-10.9332
-10.7089
-10.8802
-10.7501
-10.7425
-10.6400
-10.6076
-10.5179
-10.3873
-10.0712
-10.0652
-9.9472
-9.8091
-9.7517
-9.5462
-9.6786
-9.6995
-9.5666
-9.5916
-9.5499
-9.6452
-9.7188
-9.5753
-9.7665
-9.8422
-9.8634
-9.9956
-9.9229
-9.9262
-9.7288
-9.5446
-9.6057
-8.9286
-8.7330
-8.6917
-8.2634
-7.7785
-7.9125
-7.4743
-6.1606
-5.6735
-5.2300
-4.4359
-4.7449
-4.2468
-4.8034
-4.2797
-4.6817
-3.9883
-3.9457
-3.4560
-3.3326
-2.6635
-2.6529
-2.2802
-1.8243
-1.3399
-0.7291
-0.2190
0.0565
0.7034
0.5991
0.9351
1.1505
1.5380
1.8260
2.2976
2.5467
2.8663
3.1777
3.5846
4.2023
4.2278
4.8320
4.8902
5.2101
5.9946
5.9115
6.2812
6.5726
6.9222
7.3354
7.2074
6.8676
6.8826
6.5222
6.6089
6.2548
5.8323
5.9213
6.1407
6.3172
6.3752
6.0532
6.2757
6.3510
7.1050
7.0963
7.3348
7.2108
7.5251
7.6542
7.9704
8.0944
7.9203
8.0822
7.9757
8.7902
8.0318
8.3860
8.4287
8.4524
8.3894
8.0460
8.4651
8.4238
8.7145
8.3491
8.8565
9.1338
8.9882
9.5501
9.4009
9.4044
9.6522
9.7184
10.0310
10.6869
10.6798
10.8739
10.9400
11.2814
10.6948
10.8990
10.0785
9.9119
8.8626
9.1201
8.7943
8.8794
8.9619
7.9110
9.4175
7.8173
7.4608
7.4764
6.2275
5.6543
4.3921
3.8130
2.7367
2.0416
1.5746
0.9618
0.1500
-0.4119
-0.9758
-1.3775
-1.8507
-2.0103
-2.2358
-2.5544
-2.7487
-2.7494
-2.9209
-3.3222
-3.1073
-3.5251
-3.1464
-3.2166
-3.1060
-3.3428
-3.1306
-3.0819
-2.8925
-2.7822
-3.0029
-3.2921
-3.2072
-2.7970
-3.0738
-3.0232
-3.3158
-3.5847
-3.4721
-3.1475
-3.8020
-3.4642
-3.1923
-2.8139
-1.8957
-2.5085
-2.2298
-1.8144
-2.4292
-1.8201
-2.2915
-1.9890
-2.1312
-1.5397
-1.3326
-1.2991
-1.4998
-1.2949
-0.8930
0.0261
0.1602
0.4270
1.0138
0.2624
0.3224
0.3410
0.4804
0.4252
-0.1465
-0.0797
-0.1992
-0.1563
-0.4190
-0.3134
-0.2153
-0.5294
0.1327
-0.2760
-0.3895
-1.0339
-1.2393
-1.5057
-1.6749
-1.9093
-1.8935
-2.1770
-1.8018
-1.9808
-1.7720
-2.1286
-2.2665
-2.1480
-2.2284
-2.2470
-2.5844
-2.6726
-2.7768
-3.3224
-3.5251
-3.8282
-4.2580
-4.1911
-3.8864
-3.2916
-2.9723
-2.5509
-1.6988
-1.6819
-1.3493
-0.3283
-0.5273
-0.1275
-0.0733
-0.5130
-0.2843
-0.8701
-0.9869
-0.7878
-0.8048
-0.6618
-0.3126
-0.1419
0.4164
1.1275
1.2939
1.7331
2.6792
2.3958
3.2617
2.8737
3.3396
2.6526
3.1634
2.6298
2.1529
2.2299
2.7289
2.5958
2.6215
3.5464
3.0477
3.3413
3.4517
3.2027
3.3086
3.2809
2.9229
3.0592
3.4913
3.4228
3.4712
4.3178
4.0410
4.5109
4.6644
5.0691
4.8532
5.0842
5.0080
5.3462
5.7667
6.6937
6.7092
7.0201
7.4484
7.3007
7.4344
8.1000
7.5999
6.9504
6.8684
7.4615
6.4187
6.8129
6.4697
6.5342
6.4926
5.3723
5.2977
5.0142
4.2141
3.4393
2.9453
2.5804
2.3246
2.3732
1.9360
1.3605
1.2219
0.9493
0.8150
0.3105
0.0406
-0.0178
-0.5456
-0.3255
-0.3825
-0.4105
-0.7896
-1.1427
-1.3603
-1.5753
-1.4834
-1.4506
-0.7963
-0.6846
-1.1973
-0.9369
-1.1599
-1.4930
-1.5406
-1.7555
-1.6477
-1.4412
-1.4247
-1.2069
-1.7097
-1.7609
-1.4209
-1.2965
-0.8752
-0.5143
-0.1329
0.3457
0.6727
0.7601
1.0585
1.3010
1.1734
0.8981
1.2159
0.1197
-0.4761
-0.5602
-1.2498
-1.2286
-1.9826
-2.4961
-2.9949
-3.9891
-4.4592
-4.7267
-5.3200
-5.7866
-6.1412
-6.5342
-6.7681
-6.9300
-6.8074
-6.8642
-6.8531
-6.9530
-6.8412
-7.1704
-7.2862
-7.1487
-7.4606
-7.6934
-7.5711
-8.0374
-8.1869
-8.4226
-8.5183
-8.6607
-8.4732
-8.0471
-8.2968
-8.2666
-7.5215
-7.4096
-7.6571
-7.0440
-7.2765
-6.9405
-6.2594
-6.0118
-5.8494
-5.4264
-4.2546
-3.9915
-3.5525
-2.2033
-1.9032
-0.9128
-0.6201
0.3461
0.7454
1.1604
1.3287
0.5343
0.7503
0.1440
0.0376
-0.7822
-1.2078
-1.9987
-2.8048
-3.1920
-3.6543
-4.1902
-4.3978
-4.7677
-4.5991
-4.8514
-4.5756
-4.2689
-4.2094
-3.7696
-3.4758
-3.3316
-3.0918
-3.1268
-2.9073
-2.7761
-2.3953
-2.1810
-1.4643
-2.1981
-2.0250
-1.6139
-1.3549
-1.0388
-1.5922
-0.9413
-1.1951
-0.8643
-0.6995
-0.3615
-0.2762
-0.2079
-0.1411
-0.4074
-0.0777
0.0230
0.2539
0.8082
0.5148
0.7121
0.7347
1.1413
1.3533
1.8783
1.9625
1.9448
2.2568
2.4255
2.7224
3.1786
3.4329
3.8050
4.0911
4.3980
4.3514
4.8779
4.9535
5.2972
5.4627
5.7233
5.4707
5.7366
6.0133
5.7280
6.1558
5.3713
5.2877
5.1876
4.6423
4.4860
4.4343
4.4049
4.6519
5.5611
6.0975
6.5508
6.3251
7.3354
7.1523
8.0801
8.3436
7.7597
7.9600
7.4477
6.7580
6.7173
6.6581
6.1706
5.5597
5.1394
5.0368
4.8287
4.5234
4.7929
4.5594
4.8800
5.0937
4.8550
5.3032
5.4546
5.4684
5.6554
5.6670
5.3815
5.3159
4.7151
4.9871
4.6916
4.8584
4.8541
4.8545
4.9655
4.9694
5.0082
5.4234
5.2867
5.8711
6.0379
6.1350
5.9075
6.0316
6.0607
6.3234
6.4023
5.9998
6.0437
5.4182
5.2391
5.1364
4.5051
4.2195
3.9954
3.0953
3.1048
3.1821
2.5019
1.7875
1.6379
1.6063
0.9546
1.1771
0.8889
0.7073
0.4903
1.0440
-0.0089
0.2950
0.1447
-0.4684
-0.5141
0.0452
-0.2244
0.0233
0.0884
0.2380
0.3220
0.3060
-0.5497
-0.4954
-0.7370
-0.9380
-1.6576
-2.8239
-3.6474
-3.7196
-4.7161
-4.6406
-5.1788
-5.5213
-5.8670
-5.8482
-5.8125
-5.8753
-5.8116
-6.1012
-6.0599
-6.2689
-6.2053
-5.7952
-5.7902
-6.2667
-6.2960
-6.6334
-6.5816
-6.7750
-6.7384
-6.5328
-6.9192
-7.1932
-7.4418
-7.2680
-7.7123
-7.8824
-8.0261
-8.0271
-8.0143
-7.8837
-8.1573
-8.4146
-8.4597
-8.2930
-8.3028
-8.3903
-8.3494
-8.0295
-8.0996
-7.7689
-7.6934
-7.8474
-7.8441
-7.4259
-7.6594
-7.6107
-7.3656
-7.2998
-7.1764
-7.1187
-7.1448
-6.6824
-6.8424
-6.8772
-6.6720
-6.8422
-6.7437
-6.3371
-6.6051
-6.6102
-6.6083
-6.5777
-6.6611
-6.5144
-6.4291
-6.3758
-6.5586
-6.3844
-6.4102
-6.4206
-5.7485
-5.3626
-4.6696
-4.9110
-4.8273
-4.3309
-4.7581
-3.5219
-3.8078
-3.4481
-3.6441
-2.9133
-3.0761
-2.7576
-2.0214
-1.7700
-1.6942
-1.7772
-1.1121
-0.7143
-0.4908
-0.3846
0.2988
0.3588
1.0044
0.8473
0.9752
1.3177
1.8072
2.1726
2.4604
2.6949
3.0023
3.2067
3.2244
3.4384
4.1464
4.1347
4.8580
5.2125
5.4898
5.7883
5.7428
5.6075
5.7426
6.2174
6.0886
5.6554
5.3420
5.7185
5.4811
5.4633
5.8211
6.5190
6.2441
6.7978
7.2295
6.9986
7.7679
7.8440
8.2265
7.2857
7.1656
7.8420
7.4352
7.3642
8.1061
7.8961
7.9529
8.2788
8.4530
8.4197
8.2798
7.9007
7.8279
7.9794
7.8843
7.5353
8.0558
8.3261
7.9555
8.1677
8.7287
8.3370
8.1406
8.5194
8.2146
8.2046
8.7186
8.8671
8.5027
8.6715
8.1694
7.5885
7.2859
6.8394
6.1843
5.6780
5.6118
4.8126
4.3454
3.8609
3.5679
3.1908
2.6026
2.2428
1.8889
1.4334
1.1694
0.9745
0.5317
0.0724
-0.2805
-0.7310
-1.2147
-1.2988
-1.5772
-1.9117
-2.0511
-1.7400
-2.2673
-2.1505
-2.4322
-2.4550
-2.5427
-2.7442
-2.2344
-2.4480
-2.4385
-2.4808
-2.2902
-1.9439
-2.4751
-2.1904
-1.7629
-1.9837
-1.8104
-1.7354
-1.5199
-1.6847
-1.5080
-1.4723
-0.8813
-1.1433
-1.1886
-1.1402
-1.1558
-0.7576
-0.1131
-0.5096
-0.7687
-0.8737
-0.7560
-0.9677
-0.8891
-0.5317
-0.1096
-0.5881
0.1510
-0.1596
0.1845
0.6386
0.2118
0.2157
-0.3410
-0.6531
-0.8746
-1.3540
-1.5534
-2.5794
-3.1494
-3.7837
-4.3990
-4.9220
-6.0703
-6.2650
-7.1465
-7.4919
-8.2346
-8.5763
-9.4131
-9.3803
-9.8830
-10.3270
-10.4293
-10.6951
-10.8162
-11.1019
-11.2349
-11.1837
-11.3809
-11.4955
-11.4004
-11.5113
-11.2241
-11.4472
-11.4186
-11.4901
-11.5286
-11.5778
-11.0650
-11.4851
-11.4230
-11.5023
-11.3369
-11.3549
-11.1887
-11.2868
-11.2102
-11.0258
-11.0180
-10.7731
-10.4572
-10.5547
-9.7999
-9.8280
-8.9554
-8.6868
-7.6092
-7.9342
-6.7940
-7.3016
-6.9528
-6.5909
-6.0065
-5.9337
-5.5576
-4.8542
-4.9377
-4.3480
-3.8329
-3.7075
-3.0783
-2.4951
-2.0690
-1.6943
-1.4617
-1.2415
-0.8101
-0.6602
-0.1756
-0.2858
0.4339
0.4642
0.4874
1.0199
1.0105
1.4527
1.3946
1.8611
1.9371
2.9004
2.5909
3.2030
3.5031
3.6917
3.5921
3.6378
3.8245
3.9554
3.9501
4.1734
4.3972
4.1940
4.6503
4.6705
5.0751
5.2013
5.0545
5.4795
5.5557
6.4102
7.2900
8.0559
9.0522
9.4727
10.1217
10.4813
11.2406
11.7836
11.8230
12.2054
12.4000
13.6496
13.8243
14.2214
14.3368
15.0369
14.6870
14.8148
14.7239
15.3094
15.3531
15.5312
16.2575
14.9498
15.3639
13.1232
12.7580
11.3876
10.7335
9.9096
9.3374
8.6257
7.6666
8.0792
6.9159
7.2176
6.6576
6.5424
6.3449
6.5043
6.0903
5.8608
5.6363
5.0982
4.7256
4.4787
4.6634
4.7061
4.2033
4.2040
4.1572
3.8277
4.0397
4.2447
4.7230
4.7461
5.0504
5.2074
4.6276
4.4447
3.7997
3.3818
2.7009
2.5697
2.3349
2.1125
1.5580
1.1374
1.0179
0.6785
0.5703
0.4397
0.0949
0.4725
0.0880
-0.0893
0.0031
-0.1586
-0.4780
-0.6444
-0.7653
-0.6315
-1.1403
-1.5383
-1.5648
-1.7503
-2.3841
-2.5347
-2.5961
-2.5103
-2.6374
-2.7583
-2.9878
-3.2019
-3.3767
-3.6847
-3.6980
-3.9033
-3.9528
-4.5063
-4.5130
-4.6038
-4.6362
-4.5737
-3.8545
-4.1155
-4.4884
-3.9755
-4.6440
-4.3328
-4.6533
-4.6056
-4.4409
-3.8407
-4.2454
-4.0984
-4.1004
-3.9001
-3.8346
-4.0333
-4.0125
-4.5390
-4.4493
-4.5517
-4.1693
-4.3406
-3.7803
-4.2068
-4.0688
-3.5658
-3.6205
-3.2103
-3.1495
-3.0024
-2.9314
-2.5946
-2.3384
-2.7209
-2.7501
-2.6862
-2.7283
-3.0186
-2.9619
-2.7081
-3.0175
-3.0274
-3.2219
-3.2143
-2.9919
-2.8913
-3.1030
-3.1474
-2.6716
-3.1190
-3.1930
-3.1549
-3.3724
-3.0433
-3.6212
-3.5644
-3.6797
-3.5713
-3.2835
-3.1104
-3.0663
-2.8914
-2.3220
-1.9108
-1.5369
-1.1536
-0.4829
0.0887
0.4673
1.3225
1.4660
2.0862
2.5048
3.0425
4.1446
4.1507
4.5782
4.8465
4.3083
4.0621
3.5770
3.3253
2.3096
2.0912
0.9837
0.6305
0.1287
-0.8287
-1.2619
-1.9269
-2.2140
-2.9336
-3.7544
-3.7522
-4.3178
-4.8523
-5.1652
-5.6244
-5.9401
-6.1487
-6.0279
-6.2890
-6.2193
-5.9278
-6.1103
-5.8234
-6.2227
-6.2177
-6.2340
-6.5417
-6.7277
-6.9348
-6.6283
-7.0969
-7.2326
-7.2085
-6.8126
-7.1019
-6.8449
-6.9932
-7.0314
-6.9483
-6.8488
-6.6954
-6.5182
-6.0185
-5.6736
-5.5994
-5.7020
-5.4021
-5.2165
-4.9755
-4.8402
-4.7001
-4.5002
-4.3707
-3.9763
-3.9127
-4.0016
-3.6581
-3.8130
-3.6814
-3.7345
-3.7086
-3.7117
-3.7317
-3.7463
-3.7864
-3.7915
-3.8036
-3.7122
-3.7395
-3.7213
-3.7997
-3.8516
-3.8397
-3.5412
-3.6491
-3.3219
-3.4513
-3.3587
-3.2483
-3.1617
-2.9878
-2.4192
-2.4135
-2.0180
-1.9270
-1.7762
-1.4037
-1.0804
-1.0263
-0.9351
-0.4549
0.3598
0.4990
0.5659
0.5272
1.2677
1.6668
1.7685
3.2239
2.4615
3.4351
3.2550
3.7538
4.1003
4.5098
5.0240
4.6183
5.0051
5.2407
5.0920
5.7519
4.9872
5.0874
5.0245
6.4057
5.7417
6.2042
5.9403
6.9000
6.1328
6.4711
6.1719
6.5292
6.2782
6.4517
6.7570
6.2165
6.6819
6.6088
6.3296
6.7595
7.3227
7.1465
8.2866
7.8921
8.5070
7.9786
8.4869
7.9750
8.0545
8.1424
8.2083
9.4640
9.4426
9.1348
9.0649
8.6505
8.7056
8.3967
8.4951
7.6518
7.4213
7.4745
6.7789
6.0399
5.4921
5.0986
5.0726
4.7888
4.6403
4.1184
3.9662
4.1257
3.7813
3.3220
2.3816
2.1723
1.8890
1.8700
1.5201
1.1746
1.5360
1.2944
1.0206
1.1869
0.7163
0.2934
-0.4440
-0.4970
-0.9071
-0.8829
-1.5021
-0.7229
-1.2520
-0.7250
-0.4471
-0.7838
-0.3450
-0.6146
-0.1974
0.3399
0.2831
0.5685
1.2463
1.0599
1.3259
1.5318
2.1200
2.3133
2.8857
3.7434
3.7084
4.4984
5.2562
5.2644
6.5671
5.8527
6.3908
5.8838
5.4761
5.0376
5.9907
5.0293
4.9473
4.4385
4.1339
4.3262
4.1309
4.5954
4.5117
5.4220
5.4952
5.9000
6.0583
6.4939
6.7596
7.0720
6.6816
7.4148
7.3775
7.8223
8.0574
8.8666
9.8682
10.7059
11.4089
11.6886
10.8138
10.0000
9.9029
8.9910
7.9777
7.4148
7.2625
6.8628
6.0849
5.6876
5.1674
4.6539
3.9148
3.8248
3.3097
3.1188
2.6351
3.0597
3.2901
2.5829
2.5854
2.5645
2.4619
2.9816
2.1326
2.7588
2.4220
2.8869
2.2521
2.5654
2.8051
3.2250
3.2026
3.4031
3.2740
3.7911
4.3216
4.4095
4.5331
4.7361
4.6670
5.0124
5.0337
5.0399
5.2502
5.5038
5.4352
4.7989
4.7957
4.5779
3.9881
3.5751
2.9648
2.7749
2.3335
1.7348
1.2574
0.9116
0.8572
0.6666
-0.0245
-0.1718
-0.6400
-0.8211
-0.7652
-0.4614
-0.8772
-0.7064
-1.0499
-1.0175
-1.2788
-0.9766
-1.7049
-1.8145
-2.1240
-2.5110
-2.7018
-2.9062
-3.1105
-3.2036
-3.3531
-3.2263
-3.5475
-3.7163
-3.8540
-3.6456
-4.1909
-4.4232
-4.7334
-4.9686
-4.9763
-5.3712
-5.5740
-5.8263
-6.0507
-5.9790
-6.0605
-6.1500
-6.3342
-6.4185
-6.4602
-6.5358
-6.5864
-6.5642
-6.5058
-6.4727
-6.2343
-6.5996
-6.7416
-6.9988
-7.1441
-7.3053
-7.2913
-7.3338
-7.5339
-7.7705
-7.5808
-7.8699
-7.9237
-8.1207
-8.2565
-8.1684
-8.0514
-8.1183
-8.0532
-8.1745
-8.2461
-8.2447
-8.2098
-8.0917
-8.0756
-8.2152
-8.4351
-8.5737
-8.6569
-8.8226
-8.9026
-8.8559
-9.0940
-9.3464
-9.5218
-9.8330
-10.0866
-10.2198
-10.5042
-10.6345
-10.9143
-11.0504
-11.2435
-11.4065
-11.5858
-11.5425
-11.8829
-11.9862
-11.9724
-12.0586
-12.0501
-12.0046
-12.2463
-12.2926
-12.2773
-12.2576
-12.1900
-12.1024
-11.8540
-11.6504
-11.2426
-10.9023
-10.4159
-9.9901
-9.5840
-9.0489
-8.9615
-8.7069
-8.4784
-8.2272
-7.9534
-7.6568
-7.2768
-6.8172
-6.7270
-6.5773
-6.4579
-6.3572
-6.3394
-6.2978
-6.2601
-6.1572
-6.0211
-5.8549
-5.6936
-5.5350
-5.3890
-5.2083
-5.0768
-4.8955
-4.6821
-4.5431
-4.2997
-3.9993
-3.9572
-3.7251
-3.4010
-3.0613
-2.7058
-2.2957
-2.0283
-1.5669
-1.2705
-0.8488
-0.4602
-0.1579
0.5300
0.9940
1.6890
2.0558
3.0479
4.1312
5.3264
6.8843
7.8092
8.5808
9.3171
8.6150
9.2151
9.2501
9.3130
9.4769
9.3939
9.4527
9.3938
10.4626
9.2856
9.6056
9.0804
9.7294
9.4347
9.5778
9.7182
10.2505
10.2519
10.3470
9.7656
10.4800
10.9666
10.4246
10.7092
10.8438
10.9360
10.5381
10.5306
10.5044
11.5216
11.1200
11.4911
12.1948
12.4319
13.0948
13.7880
13.8185
14.6789
14.8730
15.6607
15.4230
15.7923
15.4256
14.8084
14.7812
13.4720
12.7195
11.7265
11.4668
10.7510
10.2702
10.3054
9.6718
9.6024
9.4454
8.3926
8.0692
7.6775
6.9896
8.3561
7.0499
6.9271
5.0931
5.3803
4.2082
3.8598
3.1121
3.0046
2.7181
2.0377
1.4838
1.2654
1.0978
1.0085
1.1749
1.1271
0.7150
0.6399
0.7564
0.7994
0.8756
0.7988
1.4073
1.0170
1.0077
1.1365
1.3057
1.2405
2.4968
1.5593
1.8068
2.4940
2.1321
2.7298
2.9013
1.7822
1.0418
1.1006
0.5414
-0.2189
-0.2740
-0.8931
-1.2540
-1.0316
-1.3714
-1.4489
-1.0713
-0.7616
-1.7188
-1.7928
-2.0923
-2.2217
-2.1193
-2.2319
-2.3731
-2.0083
-2.4980
-2.4107
-2.6955
-1.9825
-2.7430
-2.3721
-2.7606
-2.5643
-2.4059
-2.4368
-2.5939
-2.2947
-2.9075
-2.3463
-2.5545
-2.7368
-2.6755
-2.8154
-2.7493
-2.5556
-3.0533
-2.2882
-2.6877
-2.5188
-2.5842
-2.5832
-2.8694
-2.7015
-2.7993
-2.7657
-3.1298
-3.2975
-2.9932
-3.0304
-3.1121
-2.2929
-2.3002
-2.5274
-2.3111
-2.6124
-2.3679
-2.3108
-2.3317
-2.5785
-2.7181
-2.7938
-3.2716
-3.6522
-3.9575
-3.9994
-4.3488
-4.1925
-3.6210
-4.7361
-4.2460
-4.2709
-4.1948
-4.6499
-4.0134
-4.6518
-4.7563
-4.8906
-4.2241
-3.8511
-3.8269
-3.2969
-3.1265
-3.6807
-3.7618
-3.3480
-3.4679
-3.3489
-3.4554
-3.4447
-3.1596
-3.0530
-3.3109
-3.4424
-3.4099
-3.1240
-2.9934
-3.4052
-3.6356
-3.2311
-3.5774
-3.8166
-3.9204
-3.4483
-3.7747
-3.6927
-3.6982
-4.0266
-3.8292
-3.9260
-4.0637
-4.2668
-4.3085
-4.0916
-4.2209
-4.2059
-4.4303
-4.4417
-4.2248
-4.4500
-4.4678
-4.3062
-4.1598
-4.0642
-3.7093
-3.3871
-3.6082
-3.5707
-3.5219
-2.9848
-2.9713
-2.7502
-2.3570
-2.4657
-2.1113
-2.1477
-2.0026
-1.4131
-1.1484
-0.7276
-0.2160
0.4093
0.9407
1.2322
1.6044
2.1572
2.6210
2.9458
3.3410
3.5896
3.6467
4.1338
4.0055
4.2691
4.3057
4.3800
4.0649
4.4356
4.5404
4.7986
4.7518
4.8957
4.9516
5.1032
4.9593
4.9421
5.4068
5.1989
5.3403
5.8999
5.4471
5.5464
5.7859
5.4495
5.5118
5.7314
5.5160
5.5446
6.5466
6.3440
6.9205
8.1260
7.5461
8.3507
8.1384
8.4972
8.6354
8.6132
8.6835
8.3743
7.9951
7.7582
8.0293
7.7828
7.9606
7.6355
7.5033
7.5284
7.4501
7.4636
7.1598
6.9948
7.2777
6.7934
6.7488
7.3879
6.6363
6.9212
6.2015
5.9074
5.6946
5.3940
4.9528
4.9458
4.4617
4.2405
4.3044
3.5122
3.1641
2.7991
2.7751
2.0346
2.0455
1.6559
1.4923
1.6970
1.2958
1.1706
1.3141
1.0421
1.0911
1.3131
2.0213
2.4158
2.3251
2.5543
2.9100
2.9528
3.4843
3.9922
4.4631
4.5008
4.8903
5.3111
5.5512
5.2420
5.2580
4.9248
4.7326
4.4456
3.6387
2.9404
1.8436
0.8997
0.0282
-1.0348
-2.1276
-3.0116
-4.0920
-4.6092
-5.4154
-5.3138
-5.6565
-5.0309
-5.5431
-5.0651
-5.1800
-4.6221
-4.6295
-4.7719
-4.8199
-5.3811
-6.1452
-6.5851
-7.2896
-7.3682
-8.2577
-8.8536
-8.9132
-9.9233
-10.1945
-10.5841
-10.7027
-10.8236
-10.9720
-11.0790
-11.2222
-11.2993
-11.3725
-11.4147
-11.3487
-11.4338
-11.4639
-11.6350
-11.5740
-11.8878
-12.0147
-12.1093
-12.1913
-12.2661
-12.3377
-12.4075
-12.4495
-12.4981
-12.5274
-12.5969
-12.6893
-12.5836
-12.8288
-12.9627
-13.0363
-13.2049
-13.2828
-13.3364
-13.3604
-13.3610
-13.3287
-13.2748
-13.1986
-13.1116
-13.0175
-12.8878
-12.8746
-12.8509
-12.8985
-12.8635
-12.5647
-12.6309
-12.4622
-12.2652
-12.0304
-11.7840
-11.5028
-11.2517
-10.9908
-10.7941
-10.5984
-10.4390
-10.2858
-10.1390
-10.0418
-9.9542
-9.9284
-9.7974
-9.8588
-9.8190
-10.0107
-9.9015
-10.2393
-10.3550
-10.4790
-10.6146
-10.7638
-10.9141
-11.0820
-11.2235
-11.3594
-11.4440
-11.5007
-11.5200
-11.5134
-11.4437
-11.3672
-11.2046
-11.0744
-10.8585
-10.6363
-10.2665
-9.8088
-9.6690
-9.4861
-9.2461
-9.0314
-8.7996
-8.5119
-8.1544
-7.6955
-7.1942
-6.6275
-5.8543
-5.0413
-4.7371
-3.8686
-3.3701
-2.4274
-1.8941
-0.6828
-0.4666
1.0999
1.7357
2.9953
3.8728
4.2331
5.3086
5.9803
6.0309
6.0909
5.6991
5.6830
5.6402
5.2443
4.9234
5.0153
4.6491
4.9088
4.4201
3.6198
3.3240
3.1828
3.8557
3.6214
4.0122
4.3540
4.7253
5.0073
5.2141
5.3565
5.0752
5.0694
5.8259
6.6248
6.7405
6.8491
7.5653
8.5531
9.8453
10.1668
10.7204
11.5742
11.8843
12.6727
13.2813
12.4801
12.6229
13.1355
12.7011
12.7383
12.4098
12.4039
12.6443
11.9802
12.0950
12.7465
11.7082
12.0775
13.1139
12.4884
12.1123
11.6441
11.7335
11.0948
11.3858
10.7125
10.7726
10.2228
10.2158
9.3677
9.9393
9.1264
8.6860
8.9239
7.9095
7.6419
7.4116
7.3851
7.2176
7.0987
6.6253
6.8757
6.8300
6.8620
6.9022
6.6748
6.9133
6.9993
7.4267
7.5634
7.4509
7.5676
7.5357
7.5450
7.7972
7.4392
7.5544
7.2426
6.9089
6.8657
6.7249
6.5569
6.2002
5.8407
5.6631
5.1689
4.6539
4.4051
3.6815
3.2840
2.6030
1.9709
1.5367
0.9642
0.7102
-0.1471
-0.4953
-1.2503
-1.6476
-2.0389
-2.1598
-2.3606
-2.7143
-2.8615
-2.9884
-3.1966
-3.1237
-3.0685
-3.0598
-2.9750
-2.9399
-2.6624
-2.2675
-1.9475
-1.9475
-1.4261
-1.3745
-0.5668
-1.0133
-0.6712
-0.6496
-0.5633
-0.8216
0.0022
-0.9329
-1.0343
-0.4490
-1.1454
-0.9735
-0.4396
-1.0976
-1.1613
-1.2196
-1.1008
-1.1603
-1.8997
-2.0212
-2.2906
-1.9826
-2.6538
-2.5514
-3.0016
-3.1305
-3.3684
-3.1840
-3.1790
-3.8935
-4.0323
-3.9615
-4.0848
-4.0462
-4.5500
-4.4758
-4.5157
-4.5254
-4.6052
-4.5382
-4.7921
-5.1856
-5.0910
-5.3561
-5.2375
-5.4996
-5.4641
-5.8694
-5.6904
-5.4577
-5.1779
-4.9915
-4.7260
-4.4670
-4.4905
-4.2966
-3.8971
-3.7396
-3.0201
-2.9068
-2.7801
-2.2484
-2.3819
-2.1888
-2.4809
-2.5303
-2.9644
-3.5398
-3.7582
-3.7958
-3.5768
-3.7635
-4.1776
-4.1654
-4.4943
-4.4219
-4.7469
-4.6483
-4.8532
-4.8027
-5.1826
-5.2654
-5.3901
-4.9383
-5.0393
-4.9604
-5.4719
-5.2159
-5.7101
-5.8861
-5.6895
-5.4678
-6.0901
-5.9028
-6.1835
-5.9341
-5.7454
-5.7228
-5.7239
-5.4246
-5.3603
-5.1759
-5.1287
-4.8102
-5.0170
-4.6831
-4.5676
-4.2185
-3.6198
-3.5339
-2.8542
-2.3501
-2.3363
-1.5302
-1.2219
-0.6062
-0.3498
-0.3318
-0.4626
0.0960
-0.0149
0.5390
0.3990
0.9120
0.8503
0.9949
0.7500
1.0867
1.4165
1.1892
1.0379
0.9747
1.1567
1.5123
1.7022
1.7639
1.6263
2.0389
1.8265
1.8243
2.1456
2.1047
2.6985
2.1468
2.1900
1.9890
1.5740
1.5625
1.6184
1.9312
2.0401
1.8961
2.1839
2.1536
2.5577
2.6610
2.9501
3.0770
3.2725
3.7674
4.3358
4.2902
4.5462
4.4189
4.7191
4.1816
4.2833
4.4029
5.0247
4.8713
5.2010
5.1929
5.8773
6.1419
6.3243
7.2567
6.9445
7.0342
6.7905
6.6630
6.2846
5.2592
5.5052
5.8484
4.9267
4.4714
4.2919
4.6389
4.3258
4.7599
4.7050
5.6826
5.7946
7.1931
6.9013
7.7814
7.7541
8.2808
8.2559
8.1043
7.3292
7.2290
6.8277
7.0460
6.5262
6.2579
5.1924
4.8850
4.6115
4.4263
3.9082
3.9688
3.2033
3.3026
2.7313
2.5528
2.0412
2.7569
2.0620
2.0370
2.1861
1.6720
1.9176
2.0075
1.8154
1.5247
1.6677
1.6103
1.2908
1.8917
1.1082
0.9998
0.8744
0.3200
0.1791
-0.5294
-0.9802
-1.4180
-2.0451
-2.2400
-2.8297
-3.0125
-3.1466
-3.4933
-4.0376
-3.9929
-4.6319
-4.6443
-4.9533
-4.1092
-4.8367
-4.9403
-5.4609
-5.7072
-5.4625
-5.5585
-5.8208
-5.0186
-5.8495
-5.6703
-5.4660
-5.5640
-6.0646
-5.2410
-5.3524
-4.8718
-4.8297
-5.1117
-4.4798
-4.7974
-4.0956
-4.2202
-3.2286
-3.6949
-3.5973
-3.9385
-3.5776
-3.4192
-2.7905
-3.0919
-2.9995
-2.5385
-2.5354
-2.3164
-2.3645
-2.1871
-2.1960
-2.1798
-1.9247
-2.0355
-1.7099
-2.0633
-1.7929
-1.0896
-1.1200
-0.4903
-0.0014
-0.1362
0.3184
0.5422
1.1234
1.4144
2.1336
2.4109
2.7492
3.1595
3.2724
3.5454
4.3862
3.7481
3.5345
3.7582
4.1430
4.0193
4.2473
3.6248
3.7705
3.7912
3.9075
4.2150
4.1220
4.5034
4.6333
4.6250
4.6009
4.8062
4.3378
4.4322
4.1233
4.4959
4.0563
4.1175
4.1059
4.1034
4.4893
4.9421
6.1108
6.1815
6.8694
7.3896
7.3836
7.1329
7.1661
6.9398
7.0576
6.2788
5.8373
5.7601
5.5510
5.3126
5.4849
5.5721
5.0793
5.2196
5.1069
5.1099
5.1831
5.3671
5.2583
5.3742
5.1119
5.0010
5.2463
5.4890
5.0646
5.1357
5.2558
5.3310
5.2109
5.1285
5.1428
5.3256
5.4253
6.1052
5.5665
5.8231
5.9146
6.2851
6.7671
7.3086
7.4107
7.1929
7.5291
7.4013
7.7601
7.4805
8.4350
7.9846
8.0746
8.9410
8.3710
8.6025
8.8659
8.8007
8.6522
8.9094
8.9810
9.0970
8.9053
8.3473
8.5058
8.0278
7.7872
7.2599
7.4762
7.2586
7.1008
7.5488
6.9397
7.2256
6.8211
7.1306
6.6070
6.3483
6.4007
5.5117
4.9282
4.2076
3.5979
2.5281
1.6363
0.8969
0.0357
-0.6564
-1.2402
-2.0914
-2.2384
-3.0238
-3.0394
-3.8151
-3.9148
-4.2730
-4.0876
-4.4834
-4.3082
-4.2615
-3.7275
-3.7799
-3.4089
-2.9062
-2.6838
-2.3474
-1.7560
-1.3291
-1.2768
-1.0725
-0.6245
-0.2218
-0.1895
0.3862
-0.2155
-0.1817
-0.7320
-1.2755
-1.9037
-2.3876
-2.9417
-3.0826
-3.8428
-4.1917
-4.0817
-4.5980
-4.5907
-4.6338
-5.0572
-5.1174
-4.7480
-4.6422
-3.8780
-4.3807
-4.3582
-4.7239
-4.7483
-5.2403
-5.7728
-5.7817
-6.1403
-6.2712
-6.2129
-6.6270
-6.9634
-7.7891
-7.5817
-8.4235
-8.6980
-9.1755
-9.5411
-9.4252
-9.7804
-10.2735
-10.4011
-10.6614
-10.9563
-11.2741
-11.3547
-11.7214
-11.7607
-12.0047
-12.0672
-12.2005
-12.2695
-12.2973
-12.1966
-12.3808
-12.4989
-12.5318
-12.4392
-12.7357
-12.7830
-12.9210
-12.9109
-13.0550
-12.8141
-13.1539
-13.1350
-13.1532
-13.1857
-13.2357
-13.3234
-13.2148
-13.4639
-13.4147
-13.4684
-13.1492
-13.3791
-13.1702
-13.1258
-12.9603
-12.9341
-12.6131
-12.6305
-12.5822
-12.2428
-12.3964
-12.2724
-12.0176
-11.9690
-11.5840
-11.7798
-11.7002
-11.5621
-11.6211
-11.5915
-11.4561
-11.6741
-11.5301
-11.6147
-11.5207
-11.4257
-11.5333
-11.6360
-11.6562
-11.7686
-11.8022
-11.5123
-11.8108
-11.7707
-11.9127
-11.9097
-11.7719
-11.9846
-11.9133
-11.9583
-11.8782
-11.9819
-11.8781
-11.9601
-11.9003
-11.9912
-11.6321
-11.8483
-11.6960
-11.7096
-11.4010
-11.4630
-11.3812
-11.0982
-11.0408
-10.6713
-10.6281
-10.3328
-10.1742
-9.9241
-9.6051
-9.2851
-8.9288
-8.3946
-8.2332
-7.7426
-7.5988
-7.1918
-6.8905
-6.4438
-6.1291
-5.7098
-5.0493
-4.8496
-4.1373
-3.9602
-3.4629
-3.0957
-2.6648
-2.2391
-1.7621
-1.4307
-1.4495
-1.1754
-0.8904
-0.7158
-0.4719
-0.3510
-0.1352
0.5302
1.1007
0.9636
0.9855
1.6750
1.6558
2.8490
2.3088
3.2266
2.8571
2.9680
2.7328
3.2986
3.3359
3.8212
4.0588
5.0242
5.1824
5.7818
6.9611
7.8205
9.0542
9.2226
9.6967
9.1750
9.8955
9.5473
9.8848
9.6524
9.5852
10.1834
10.0670
10.5660
10.1858
10.8575
10.9584
11.0466
11.4471
11.3824
11.2578
11.7580
12.0411
12.4783
12.5133
12.6335
13.3257
13.3013
13.6447
13.7147
13.6496
14.0179
14.0504
14.2188
14.9500
14.4882
15.1467
15.2647
15.4899
15.6737
15.2752
15.0656
15.6420
14.4505
14.1025
14.3462
14.2612
14.4036
15.0281
15.0212
14.9837
14.8569
14.8957
14.7792
14.7548
14.6410
14.6990
14.1793
13.9162
13.4298
13.4965
13.1820
13.1994
13.1549
13.5139
14.0758
14.0728
14.1791
14.0815
14.4362
14.0966
14.6061
14.4247
14.8910
14.8228
14.8679
14.9805
15.1737
15.2439
15.7291
15.4595
14.8684
14.5345
14.3646
14.0646
13.6774
13.3875
12.7551
11.8997
11.4494
10.3437
9.6169
8.7516
7.9893
7.1011
6.4906
6.2070
5.4440
5.0145
5.1236
4.7193
4.6877
4.4363
3.8721
4.1077
3.7872
4.3476
4.2690
4.6928
4.1764
4.2118
3.7878
2.9227
2.9022
2.5305
2.1210
1.4590
1.8199
1.2058
1.3215
1.1595
0.8143
1.3498
1.0517
0.8449
0.8812
1.0344
0.8021
0.1925
0.7460
-0.2960
-0.6156
-0.5169
-0.7001
-1.3593
-0.9111
-1.5904
-0.7451
-1.8172
-1.2569
-1.7895
-1.9224
-1.9468
-2.1619
-2.1603
-1.9966
-2.4192
-2.1044
-2.5381
-2.1117
-3.5347
-3.5170
-3.6352
-3.8031
-4.0462
-4.3777
-4.1711
-4.3448
-4.1640
-4.2421
-4.0726
-4.5669
-4.4664
-4.5695
-4.3887
-4.6480
-4.4274
-4.8494
-5.1498
-5.1223
-4.5354
-4.9042
-5.0871
-5.4656
-5.4087
-5.5949
-5.5640
-5.5367
-5.8605
-5.9897
-5.9637
-6.0924
-6.2087
-6.4663
-6.4116
-6.6822
-6.7676
-6.8470
-6.6677
-6.8037
-6.8096
-6.8610
-7.0334
-7.3339
-7.2220
-7.4623
-7.4973
-7.4881
-7.2871
-7.3780
-7.4204
-7.1970
-7.1396
-6.8611
-7.0756
-6.9728
-7.1917
-6.9285
-7.1160
-6.7105
-6.9686
-6.9311
-7.1283
-7.0126
-7.1993
-6.4977
-6.9829
-7.1489
-7.3443
-6.9631
-7.1973
-7.0637
-7.2134
-6.9245
-6.9914
-7.1357
-7.1250
-7.2526
-7.2386
-7.2442
-7.4504
-7.5939
-7.4483
-7.5219
-7.5891
-7.3775
-7.4596
-6.9871
-6.9829
-6.4199
-6.2542
-6.3577
-6.1409
-5.8317
-6.6904
-6.7059
-5.9614
-6.1082
-5.9492
-5.5379
-4.9140
-4.4906
-5.1690
-4.4126
-4.5079
-3.0365
-2.4506
-3.4258
-2.5017
-3.2278
-2.6745
-2.5495
-2.4815
-1.4994
-1.9537
-3.2511
-2.4517
-2.7026
-2.8580
-2.5748
-2.1126
-2.9505
-2.6247
-1.9296
-2.5106
-2.2968
-2.5048
-2.8000
-3.0533
-2.5839
-2.6728
-2.5937
-3.2740
-2.8997
-3.1721
-2.5113
-3.0341
-3.0195
-3.1929
-2.7025
-3.4797
-3.8016
-3.8135
-3.8039
-3.6056
-3.7514
-3.5748
-3.2979
-2.8715
-3.3440
-2.7877
-2.9098
-2.8913
-3.2293
-3.2256
-3.3368
-3.3893
-3.1393
-3.1119
-3.7226
-3.3958
-2.9057
-2.3261
-2.3887
-2.1328
-1.7268
-0.9618
-1.0018
-0.2347
0.0607
0.7365
1.2430
2.0378
3.0225
3.3661
4.4962
5.4157
6.4109
7.1636
