-2.2591
-2.1185
-1.5973
-1.2837
-0.7873
-0.9065
-0.4776
-0.8900
-0.1162
-0.3690
0.3857
0.6875
1.0554
1.9498
2.2794
3.4885
4.8771
5.2814
5.7519
6.8421
7.3348
8.6288
9.6903
10.5818
10.3407
10.8065
9.7867
11.5585
10.4558
10.7428
10.3618
11.6465
11.1175
10.4388
9.3290
10.0484
9.3144
9.0765
8.9325
8.7259
8.0949
7.8644
7.5825
7.3051
7.0595
6.6458
6.5759
6.4507
7.0957
7.1915
6.2228
5.7566
5.4312
4.9272
4.4264
3.8387
3.1601
2.9099
2.2989
2.2688
2.1939
1.8166
2.1963
1.8902
1.5376
1.7291
1.4523
2.1237
2.2325
2.4031
2.4317
2.7829
2.5278
2.8001
2.3946
2.3392
2.1647
1.9467
1.6598
1.3287
1.1939
1.1443
1.0256
0.9033
0.8401
0.6186
0.1522
0.0778
-0.2309
-0.0325
-0.4386
-0.2041
-0.2266
0.4169
0.3555
0.6112
0.6772
0.4990
0.1913
0.0980
-0.0348
-0.2358
-0.6934
0.1243
-0.4524
-0.4697
-0.2005
-0.1970
-0.0805
-0.4731
-0.6351
-0.8422
-0.2570
-0.6550
-0.7655
-0.4598
-0.5556
-1.1760
-1.2652
-1.6517
-1.7269
-2.1709
-2.2394
-2.4130
-2.5789
-2.4442
-2.2878
-2.0229
-2.7138
-2.4460
-2.5944
-1.8294
-2.3902
-2.5413
-2.5167
-2.2059
-2.0173
-1.5779
-1.8492
-1.4318
-0.7306
-0.5714
-0.5061
-0.4889
-0.4710
-0.6227
-0.4099
0.0255
-0.1449
-0.2959
-0.5071
-1.0169
-0.9074
-1.4715
-1.8286
-2.0976
-2.2006
-2.5001
-2.4572
-2.5936
-2.9968
-2.9907
-3.1515
-3.1927
-3.1455
-3.0827
-3.4987
-3.4958
-3.8049
-3.8835
-4.1293
-4.1501
-3.9516
-4.0950
-3.9844
-4.3670
-4.2907
-4.1261
-4.2092
-4.0556
-4.2751
-4.1207
-4.1257
-4.0454
-4.0475
-4.0768
-3.8577
-4.0762
-4.0140
-3.9590
-3.8326
-3.6918
-3.5130
-3.3006
-3.0578
-2.7716
-2.4788
-2.1369
-1.7656
-1.2361
-0.7270
0.0787
0.4189
0.9059
1.3441
1.6207
1.8043
1.8868
1.9086
1.8870
1.8558
1.7484
1.5791
1.5826
1.1800
1.0577
0.4017
0.0466
-0.1650
-0.6316
-0.8895
-1.0177
-1.2330
-2.0363
-2.1971
-2.5279
-2.8429
-3.0602
-3.1204
-3.2607
-2.9456
-2.7162
-2.6739
-3.2313
-2.6530
-2.3305
-1.8499
-1.6038
-1.3440
-0.6059
-0.1142
1.0782
1.6039
2.9861
3.0962
3.7374
3.9402
4.6566
5.3518
5.4783
5.3816
5.4676
5.8422
5.4783
5.4695
4.9330
4.1028
3.8787
3.6907
3.5986
4.0520
4.0442
3.7041
4.0124
4.0117
4.4440
4.6542
4.6066
5.1857
5.1518
5.6573
4.9043
5.6086
3.5806
3.2370
2.7085
2.6195
1.7765
1.4706
1.3430
1.5126
1.2097
1.3775
1.2316
1.7721
1.2292
1.0340
1.8348
2.2605
2.5456
2.8010
3.8798
4.4293
5.2310
5.9746
6.3086
6.4968
7.1811
6.4707
6.5925
6.9120
6.8541
6.0504
6.4230
5.6699
5.9081
4.5503
4.8082
4.3860
3.7102
3.0385
2.8016
2.1635
1.9494
1.7349
1.4657
1.4669
1.1869
1.1662
0.9440
0.9942
0.8931
0.6919
0.4950
0.3552
0.3759
0.1748
0.1649
0.4154
0.0937
0.0610
0.3085
0.2010
0.2736
0.3116
0.2801
0.3584
0.6685
0.1631
0.0702
-0.0603
0.0184
0.1948
0.6255
0.3704
0.4354
1.0196
0.8050
0.9302
1.8862
1.1133
1.1944
1.2920
1.3055
1.3224
1.2932
1.1702
1.1302
0.9581
0.9086
0.7491
0.6092
0.4182
0.4233
0.0948
-0.1718
-0.3576
-0.6287
-0.8121
-0.9389
-1.0180
-1.0646
-1.0344
-0.9541
-0.9188
-0.8802
-0.6448
-0.8676
-0.6760
-0.7437
-0.4371
-0.2544
-0.4286
-0.2231
-0.6546
-0.8602
-1.0452
-1.2802
-2.0069
-2.3014
-2.1705
-2.5855
-2.9181
-3.3139
-4.1303
-4.2703
-4.6012
-4.7013
-5.0688
-5.0231
-4.6979
-4.5365
-4.3135
-3.9936
-3.8816
-3.5901
-3.1150
-2.8844
-3.2052
-2.5053
-3.4012
-3.4313
-3.6154
-3.8208
-3.3771
-3.5646
-3.3924
-3.5294
-3.2307
-3.1261
-2.7703
-3.2581
-3.1087
-3.0892
-3.0252
-2.6161
-2.8931
-3.0769
-3.1588
-3.0393
-2.4714
-2.3689
-1.7634
-0.9510
-1.1267
-0.1500
0.4825
0.7108
1.5140
1.2085
2.2049
2.0960
2.3085
2.6569
2.6394
2.4685
2.2560
2.4323
2.8441
2.1311
1.8290
1.6011
1.0312
1.4809
0.8410
0.7428
0.4641
0.2208
-0.2867
0.6617
-0.1145
0.3087
0.0175
0.5030
0.2018
0.3851
0.1414
0.2412
1.0661
1.1744
0.9490
0.5637
0.9711
0.5629
1.0859
1.0561
1.0710
1.0898
1.3884
1.0927
1.6018
1.4219
2.5087
1.9090
2.2880
2.5953
2.8125
3.0950
3.6324
4.0517
4.0698
4.6852
4.7121
5.1325
4.8622
5.0313
5.5658
5.2270
5.3616
5.5048
5.1206
4.9221
4.3984
4.2613
4.0136
3.7066
3.3960
3.0279
2.9591
1.7132
1.5830
0.9245
1.0283
0.5886
0.5324
0.6824
-0.0153
-0.6510
-0.5236
-0.5557
-0.2471
-0.4435
-0.5841
-0.4255
-0.3717
-0.4261
-0.4292
-0.8127
-0.5295
-0.5017
-0.8394
-0.8474
-1.0797
-0.8504
-1.1429
-1.0386
-1.0196
-0.9216
-0.7414
-0.6737
-0.4991
-0.2714
-0.3620
-0.2214
-0.1818
-0.0983
-0.2250
-0.2850
-0.4630
-0.2867
-0.7351
-0.8826
-1.1534
-1.3965
-1.5016
-1.7065
-1.6887
-1.6138
-1.6273
-2.0063
-2.1294
-2.1182
-2.1026
-2.3958
-2.5963
-2.6325
-2.8879
-3.0388
-3.2093
-3.3037
-3.5066
-3.3166
-3.5111
-3.7533
-3.5441
-3.7783
-3.6615
-3.7513
-3.7043
-3.2752
-3.3721
-2.8376
-2.8907
-2.5869
-1.9100
-1.9212
-1.7262
-1.4259
-1.1747
-0.9669
-0.7380
-0.6724
-0.8148
-0.7458
-0.8600
-0.8253
-1.1215
-1.2177
-1.4299
-1.8226
-1.9458
-2.3532
-2.6565
-2.8590
-3.0937
-3.2196
-3.3755
-3.3387
-3.3739
-3.3229
-3.1274
-2.4487
-2.1123
-1.4580
-1.0200
-0.7140
-0.6992
-0.9582
-0.5819
-1.1811
-1.9676
-2.0474
-2.0439
-2.2104
-2.3832
-2.1369
-2.1501
-2.0332
-1.7562
-2.0828
-2.0660
-1.5977
-1.7217
-1.4990
-0.9203
-0.7734
-0.0058
0.0067
-0.0248
0.4493
0.6976
0.3218
1.3152
0.1423
0.9872
0.6766
0.4986
1.2611
1.2816
1.4417
1.5399
2.4516
2.0179
2.4725
3.6247
4.2083
4.1276
3.6727
4.0819
2.8143
2.9838
1.9084
1.3390
1.3304
1.2876
1.4894
1.0727
1.3204
1.2130
1.4626
2.3174
2.0732
2.1031
2.4048
2.6642
2.7436
2.9533
3.1313
2.9797
2.6615
3.3742
3.0381
3.1404
3.8526
3.1583
4.1532
4.4523
4.8821
5.1219
5.8426
5.6106
6.0332
6.4320
6.0850
6.1719
6.4385
6.2928
6.1869
6.3319
5.6732
5.4586
5.0102
5.0929
5.1053
4.9715
5.6215
5.0667
5.0917
5.3131
5.1090
5.4493
5.2267
5.2896
5.1876
5.2864
5.6359
5.6824
5.8952
5.5085
5.2029
4.8592
4.4974
3.8069
3.7087
2.9476
2.4261
1.6614
1.1460
0.4098
0.4076
-0.1853
0.1426
-0.0609
-0.3683
-1.0452
-0.9841
-0.7183
-0.9062
-0.6622
-0.3026
-0.0245
-0.0949
-0.6415
0.0674
-0.2629
-0.2314
-1.0585
-0.9749
-0.7285
-1.1809
-0.9692
-1.5146
-1.4128
-1.6209
-1.8357
-1.9568
-2.3397
-2.4130
-2.8592
-3.1635
-3.3137
-3.5832
-3.4894
-3.8846
-4.0233
-4.1189
-4.2281
-4.3098
-4.3226
-4.2979
-4.4469
-4.6220
-4.3906
-4.5776
-4.6029
-4.5098
-4.5265
-4.3574
-3.9773
-4.0351
-3.5940
-3.5828
-3.3543
-2.8363
-2.8578
-2.5764
-2.3284
-2.1925
-1.7423
-1.7829
-1.8748
-1.9484
-1.9598
-1.8337
-1.9438
-1.6234
-2.0878
-2.1207
-2.3544
-2.2925
-2.7430
-2.8802
-3.2233
-3.4182
-3.7972
-4.0808
-4.3743
-4.6341
-4.6224
-5.0328
-5.2015
-5.3180
-5.1615
-4.8551
-4.7282
-4.8921
-4.5461
-4.4462
-3.6677
-3.9505
-4.0553
-3.8548
-3.8739
-3.7500
-4.2873
-4.3435
-4.2444
-4.5566
-4.5680
-4.7466
-4.5581
-4.4881
-4.5405
-4.3404
-4.4290
-4.4051
-3.9648
-4.2464
-4.0632
-3.9132
-4.0844
-3.7201
-3.6043
-3.6709
-3.4854
-3.2077
-3.2933
-3.4422
-2.7665
-3.0302
-3.1942
-3.3034
-3.4504
-3.3865
-3.1098
-3.1677
-2.9526
-2.8317
-2.6507
-2.5075
-2.1100
-1.9910
-1.7745
-1.5422
-1.2350
-0.7504
-0.9068
-0.8035
-0.5390
-0.5317
-0.3203
-0.2494
-0.0676
0.7239
0.8008
1.1527
1.8485
1.8758
2.1578
2.5250
1.9619
2.0623
1.7973
1.9507
1.7106
1.7400
0.9628
0.8112
0.7119
-0.0039
-0.3053
-0.3937
-0.4234
-0.2026
-0.2251
0.1165
0.4799
0.5258
0.7938
1.4377
1.6999
1.5641
1.8047
1.9651
2.1514
2.0088
2.4027
1.9548
2.1657
2.1564
2.1171
2.3220
2.6081
3.2450
2.9740
2.5155
3.0275
2.3925
2.5609
2.4932
2.5156
3.2595
3.5026
3.6274
4.4913
3.9403
4.2302
4.0102
3.6577
4.1814
3.5573
3.6278
4.5321
4.0916
4.6804
4.5187
5.1715
5.3984
5.6996
6.1486
6.4103
6.5380
7.1909
6.7132
6.6420
8.4634
6.5802
6.8428
6.5360
6.7807
5.2185
4.8983
4.5655
4.2758
4.0229
3.8041
3.9685
3.6653
2.7043
3.2063
2.8153
3.0638
3.0544
2.6170
2.8228
2.6825
2.6191
2.9680
2.6869
2.1837
2.1995
2.0024
1.9335
2.0236
1.8881
1.4788
1.4960
0.6827
0.8608
0.4932
0.3877
0.2440
0.1981
-0.3102
-0.3238
-0.7638
-0.7847
-0.8992
-0.2609
-0.2983
-0.7147
-0.1569
-0.1367
0.1475
0.4898
0.7269
0.6805
0.9843
1.1819
0.8672
0.9662
0.8216
0.9234
0.8738
0.8337
0.5843
0.7225
0.1793
0.0957
-0.1468
-0.1196
-0.6305
-0.5714
-0.9271
-1.0843
-1.1930
-1.2555
-0.7408
-0.7648
-0.8292
-0.6875
-0.5358
-0.0992
-0.1431
0.3768
0.4409
0.8619
1.3471
1.6237
2.5026
2.8941
2.9866
3.5675
3.9149
4.2423
4.4549
5.1678
4.8853
4.8924
5.0493
5.2963
5.1732
5.4592
5.1294
5.3669
4.8525
4.5007
4.2939
4.0680
4.9147
3.8759
4.1070
3.9955
4.1108
3.5327
2.9704
3.0921
2.5360
2.6382
2.1216
2.1232
1.4733
1.2925
0.6450
0.8035
0.1787
0.0485
-1.1375
-1.3708
-1.7199
-1.7958
-2.5666
-3.1649
-3.8136
-3.3941
-4.0587
-4.1821
-4.2820
-4.4483
-4.5817
-4.6493
-4.8282
-4.9728
-5.0761
-5.0617
-5.3216
-5.4192
-5.1879
-5.2642
-5.2723
-5.2762
-4.8600
-4.9770
-5.0495
-4.9335
-4.7716
-4.5412
-4.3609
-3.9176
-4.4350
-4.1567
-4.4554
-4.4312
-4.1395
-4.2540
-4.0274
-3.8986
-3.4364
-3.4131
-3.2569
-2.9719
-2.9208
-2.7026
-2.6823
-2.5711
-2.5405
-2.4670
-2.2853
-1.9175
-0.4411
-0.8088
0.2961
0.7171
0.9905
1.2835
1.3506
1.6227
1.5471
1.6404
1.5052
0.1149
0.1893
0.8132
-0.0895
0.0431
0.3547
0.4314
1.2003
0.7420
0.8961
1.6771
1.0275
1.5203
0.8099
1.3508
1.3038
1.0950
1.3642
1.2451
1.1462
1.7088
1.9535
1.1781
0.8401
1.8439
1.2356
2.9876
1.7540
2.6053
2.2646
2.4130
3.3218
3.3457
4.1467
4.5413
4.8956
5.6624
5.7690
5.6525
5.8321
6.0193
6.1026
6.6352
5.7711
6.0066
5.7308
5.9087
5.6943
5.8159
5.4609
5.5279
5.6192
5.4016
5.8234
5.4860
5.5791
5.3404
5.4403
4.9851
5.1407
4.4976
4.6932
3.8291
3.6395
3.2520
2.6500
2.1630
1.9458
1.4780
0.9305
0.6208
0.5755
0.1285
-0.0194
-0.0666
0.1130
0.0432
-0.2144
-0.0327
-0.3486
-0.6820
-1.0023
-0.2049
-0.5056
-0.2841
-0.7975
-0.4602
-0.5295
-0.9587
-0.4669
-0.6139
-0.6609
-0.8289
-0.7505
-1.0775
-1.0270
-1.2570
-1.2632
-1.2974
-1.2963
-1.2609
-1.2653
-1.2362
-1.2879
-1.2959
-1.1370
-1.3416
-1.3822
-1.4321
-1.5218
-1.6051
-1.6966
-1.7707
-1.8549
-1.9299
-1.9548
-2.0954
-2.1804
-2.3755
-2.4934
-2.6072
-2.5198
-2.8113
-2.9167
-2.9924
-3.1029
-3.2032
-3.2979
-3.4030
-3.4031
-3.5415
-3.5897
-3.7519
-3.8378
-3.8906
-3.9231
-3.9356
-3.9302
-3.9559
-3.9479
-3.9326
-3.8659
-3.7784
-3.6653
-3.5384
-3.3550
-3.2084
-3.0172
-2.9378
-2.8195
-2.5590
-2.5735
-2.5345
-2.3975
-2.4361
-2.3626
-2.3558
-2.2954
-2.3376
-2.1450
-2.4522
-2.5582
-2.6225
-2.8736
-3.0289
-3.3140
-3.5197
-3.6707
-3.9148
-4.0887
-4.3075
-4.4793
-4.6392
-4.8091
-4.8600
-4.9918
-5.0116
-4.9657
-5.0523
-4.8073
-5.1949
-5.2624
-5.0823
-5.2782
-5.2781
-5.1990
-5.1657
-5.0470
-5.0732
-4.4782
-5.1549
-5.1832
-5.1051
-4.8398
-4.6784
-4.9271
-5.2875
-5.2383
-4.8014
-5.0982
-4.9959
-4.7130
-4.8479
-4.8031
-4.3925
-3.9275
-3.6731
-3.6325
-3.0835
-2.6457
-1.7918
-1.2350
-0.2247
1.0424
2.0552
2.2351
3.5526
3.1504
3.6786
3.5483
2.9595
3.0945
2.3424
2.7793
2.3264
2.4512
2.2008
2.4100
2.8003
3.4542
3.3783
3.7629
4.5698
4.6415
5.1902
5.2796
5.6653
5.7281
6.3407
6.4988
6.9397
7.1619
7.1108
7.5799
7.9512
8.6372
9.4492
8.6171
9.2074
9.2288
9.6714
9.7249
9.6561
10.5798
10.2664
10.3264
10.3188
10.2866
10.2967
9.6082
9.5086
9.7306
9.9658
9.8391
9.8768
9.6269
9.4712
9.5913
9.4926
9.4113
9.8902
9.2133
9.4006
8.9854
8.5499
8.0991
7.0606
5.8565
4.7427
3.9539
3.2065
2.9615
2.4259
2.3987
2.3446
2.2182
2.0153
1.8830
2.1100
1.7686
1.8833
1.8074
1.7104
1.4973
1.2098
1.2337
0.9664
1.6251
0.8179
0.9190
0.8578
1.1568
1.1888
1.1190
1.0432
1.3582
1.6227
1.4412
1.6482
1.8239
1.8671
1.9186
1.6614
1.7620
1.4488
1.3696
1.0605
0.6939
0.1458
-0.4667
-0.4570
-0.8942
-1.3010
-1.3846
-1.1692
-1.7757
-1.9506
-1.6639
-2.2352
-2.2890
-2.2762
-2.3118
-2.2177
-2.0848
-2.4684
-2.3136
-2.8269
-2.8669
-3.0122
-2.7890
-2.8451
-3.0629
-3.4448
-3.3071
-3.4092
-3.3790
-3.3070
-3.0645
-2.7305
-3.1464
-2.7521
-3.1350
-3.2949
-3.1489
-2.8207
-3.6489
-3.9040
-3.9875
-4.1052
-3.7192
-3.7741
-3.9957
-3.9108
-4.0311
-4.0211
-4.1383
-3.9656
-4.1222
-3.7583
-3.6069
-3.2415
-2.7068
-2.7319
-1.8567
-2.3518
-1.6705
-2.4611
-2.4402
-3.1373
-3.5257
-3.7387
-3.9594
-4.1462
-4.1390
-4.4896
-4.6475
-4.6580
-4.8411
-4.7064
-5.1608
-5.3340
-5.5618
-5.7231
-5.7914
-5.8982
-5.9615
-6.1257
-6.2687
-6.3617
-6.4444
-6.4400
-6.3821
-6.2314
-6.0904
-5.8879
-5.5684
-5.4412
-5.2503
-4.8037
-4.5442
-3.4563
-3.3974
-2.9421
-2.7739
-2.2166
-1.8587
-1.0298
-1.8819
-1.2185
-1.1586
-0.6347
-0.9755
-0.4214
-1.4557
-1.3419
-0.8961
-0.7376
-0.5673
-0.5396
-0.7187
-0.8469
-0.6031
-0.7478
0.5660
0.3189
0.1671
0.7449
0.7717
1.2321
1.6849
1.8828
2.3239
3.1531
2.8834
3.9667
3.6739
4.0300
3.8437
4.4190
3.7197
3.4996
3.7382
3.1625
3.4324
4.4394
4.8825
4.0943
3.9226
4.6880
4.5407
3.7626
4.1804
4.3967
4.1181
4.2498
3.3176
2.9576
3.6098
2.8813
2.7321
2.8626
2.7178
3.2832
3.2134
3.1106
3.0257
3.1650
2.9421
3.1961
2.8722
2.7880
2.7970
2.7287
2.6110
2.1973
2.1186
1.9095
1.8542
2.2169
2.0284
2.2735
1.8749
2.0082
1.5780
1.4729
2.0031
1.6330
2.1017
1.9694
1.9507
1.7113
1.5609
1.4126
1.4307
1.5566
1.4410
1.4288
1.6899
1.5295
1.5391
1.5576
1.6409
1.6362
1.6733
1.7741
1.5014
1.3429
1.1496
0.8798
0.5822
0.2858
-0.1000
-0.4479
-0.8895
-1.2753
-1.6560
-1.9755
-2.2251
-2.3374
-2.4905
-2.5206
-2.6069
-2.5926
-2.5327
-2.4645
-2.1866
-2.3286
-2.3074
-2.3276
-2.3804
-2.4658
-2.5426
-2.6502
-2.5153
-2.7388
-2.8417
-2.9280
-3.1176
-3.2325
-3.3046
-3.3429
-3.3750
-3.4140
-3.4310
-3.4239
-3.3823
-3.3057
-3.2080
-3.0501
-2.8659
-2.6245
-2.1339
-2.1483
-1.9741
-1.9014
-1.8684
-1.7832
-1.8228
-1.7726
-1.6167
-1.8050
-1.8680
-1.9530
-2.0203
-2.2289
-2.3748
-2.6751
-2.9805
-3.2579
-3.5883
-3.7848
-3.7878
-4.0382
-4.1507
-4.1717
-4.1361
-4.2390
-4.1556
-4.3456
-4.3110
-4.3325
-4.2384
-4.1512
-3.9837
-3.6401
-3.6317
-3.4995
-3.3276
-3.1271
-2.8405
-2.8575
-2.9575
-2.9698
-3.1078
-3.1871
-3.2301
-3.0482
-3.2073
-3.1819
-3.1335
-2.9864
-3.2047
-3.0266
-2.7635
-1.9051
-2.2964
-1.7077
-1.6761
-2.1724
-2.4945
-2.8039
-2.6333
-2.3161
-2.4943
-1.5799
-1.2414
-1.5335
-0.3145
0.0842
2.5947
1.3571
1.8939
2.3685
2.1549
2.6587
2.6003
2.7669
2.6714
3.1094
2.5830
2.4639
2.7041
2.6892
2.4705
2.1438
2.2540
2.5380
2.4806
2.4689
2.3232
2.6264
2.4972
2.7519
2.5002
2.4315
2.1516
2.9056
2.4380
2.4591
2.9950
3.0953
3.2701
3.8187
4.0525
3.6083
3.2978
4.1211
4.1904
3.0887
3.1235
3.4206
3.2505
3.1182
3.1902
3.2640
2.8295
3.4034
2.9846
3.0878
3.2714
3.2544
3.5940
3.4039
3.8064
3.9735
4.0973
3.8941
4.2479
4.5108
4.6127
4.3451
4.4198
4.6893
4.7381
4.5937
5.2695
5.5511
5.3305
5.9292
5.9952
7.0910
7.2740
7.7787
7.1854
7.0626
6.9205
6.3414
6.0218
5.6275
4.7703
4.5286
3.7079
3.3155
3.3064
3.2194
3.0276
3.1661
2.9329
3.1112
2.9492
2.6977
2.5149
2.3957
2.3415
2.2547
1.8442
1.5493
1.3860
1.2385
0.7702
0.3543
-0.1787
-0.2830
-0.8521
-1.0723
-1.2008
-1.4216
-1.5866
-1.9080
-1.9765
-1.9723
-1.9601
-2.1101
-2.4848
-2.5433
-2.2577
-2.6073
-2.6923
-2.6173
-2.5766
-2.4548
-2.5090
-2.9108
-2.9944
-2.9892
-2.9160
-2.3102
-2.8423
-2.5374
-2.9248
-2.6385
-2.9702
-3.1276
-3.0748
-2.9002
-3.4235
-3.4615
-3.5014
-3.4395
-3.3096
-3.5495
-3.7238
-3.7181
-4.0903
-4.2862
-4.4416
-4.5873
-4.7189
-4.7188
-4.8429
-4.8053
-4.9296
-4.8962
-4.7759
-4.7363
-4.5411
-4.2974
-4.2868
-3.9481
-3.9503
-3.7830
-3.5950
-3.4179
-3.2766
-3.1658
-3.0293
-3.0490
-3.0417
-3.1344
-3.2220
-3.2523
-3.4066
-3.4925
-3.4290
-3.6221
-3.7178
-3.7223
-3.8433
-3.8964
-3.9854
-4.0726
-4.1861
-4.2225
-4.0905
-4.2745
-4.3434
-4.3543
-4.4038
-4.4247
-4.4504
-4.4770
-4.3993
-4.4179
-4.3133
-4.3218
-4.2222
-4.1358
-4.0438
-3.9613
-3.7060
-3.7939
-3.7651
-3.6472
-3.6743
-3.5445
-3.1846
-3.0267
-2.9867
-2.3714
-2.1955
-1.5420
-0.9783
-0.7534
-1.2090
-0.4684
-0.5770
-0.9875
-0.6399
0.1363
-0.1063
1.3700
1.0409
1.1636
1.8156
2.6048
3.6721
3.4975
4.0043
4.2165
4.6272
4.9401
5.3356
4.5969
5.0812
4.2116
4.2687
3.7932
3.5571
4.1623
3.6433
3.8824
3.5481
3.5492
3.1858
3.7237
3.0993
3.4640
3.9854
3.7404
3.6531
4.0200
3.2901
3.4620
4.1429
3.8149
4.6052
4.6158
5.1118
5.7643
5.3243
5.6601
5.4722
5.9372
6.0901
6.9523
6.1329
7.1067
7.1275
8.0935
7.7636
8.1579
8.3524
8.0166
8.4476
7.7944
7.9975
7.7331
7.5782
6.9910
7.6671
7.5823
7.1603
6.6549
6.4543
6.2265
6.5074
5.1341
4.6064
4.4710
4.1697
3.7040
2.9444
2.4646
2.0803
1.8801
1.0032
0.4800
0.2172
0.1080
-0.2763
-0.2799
-0.4293
-0.8891
-0.7127
-1.0544
-1.3559
-1.2889
-1.5103
-1.4908
-1.6802
-1.5435
-1.6013
-1.8627
-1.4428
-1.4448
-1.4188
-1.4184
-1.3123
-1.1198
-1.0907
-0.9124
-0.8557
-0.1907
-0.3292
-0.0926
-0.2228
-0.0955
0.1275
0.2704
0.2087
0.2553
0.6085
0.5151
0.5458
0.7565
0.9883
1.3568
1.3413
1.8767
1.9290
2.0852
1.0070
2.4062
0.8302
1.2151
0.1274
0.3109
0.5024
0.5772
0.4681
0.2680
0.4033
0.4345
-0.0268
-0.3958
-0.1606
-0.6777
-0.9516
-1.0971
-1.2403
-1.2960
-2.0450
-2.6308
-2.8244
-3.0591
-3.4376
-3.6692
-3.9603
-4.0827
-4.1952
-4.3093
-4.6688
-4.2094
-4.7790
-4.8152
-4.9321
-5.0723
-5.1002
-5.0967
-5.1063
-4.8775
-5.1528
-5.0509
-4.9033
-4.9450
-5.0407
-4.9794
-5.0182
-5.0631
-4.8570
-4.9974
-4.9549
-4.8627
-4.8394
-4.8088
-4.7428
-4.6609
-4.2548
-4.3545
-4.1553
-4.1398
-4.0261
-3.9731
-3.7159
-3.8628
-3.8544
-3.7268
-3.8051
-3.7124
-3.7407
-3.5627
-3.2872
-2.9474
-2.5120
-1.8848
-1.5884
-1.1230
-0.7734
-0.5297
-0.4396
-0.3721
-0.1390
-0.3768
-0.4673
-0.6508
-0.7521
-0.9840
-1.0942
-1.2707
-1.3395
-1.3207
-1.2577
-0.9649
-1.0595
-0.9999
-0.8316
-0.6600
-0.3033
-0.1701
0.2287
0.6056
0.3012
0.3377
-0.4085
0.1340
-1.1928
-1.1801
-1.7579
-1.5109
-1.2028
-1.0352
-0.8975
-1.0228
-0.7656
-0.0671
-0.6355
-0.0346
0.8551
0.3089
0.4727
1.7693
1.8520
2.2058
3.1301
3.4237
3.9236
3.5339
4.6265
4.0613
4.9481
3.5569
4.5713
3.8446
3.9561
3.0244
3.0601
2.5863
3.0720
2.6439
3.1726
3.4213
4.6594
4.7047
4.0148
3.1616
3.5109
3.2789
3.2273
2.5280
2.8320
1.8846
2.5526
2.8124
2.0098
2.0491
2.8630
2.6553
3.0002
2.8276
2.4533
2.6444
1.7917
1.8346
0.6992
0.6810
0.6864
0.4696
0.8468
0.8714
0.5589
0.1712
0.6879
0.3836
0.1959
0.2593
0.4204
0.3729
0.6979
0.5296
0.8896
0.7610
0.6939
0.9325
1.1988
1.0507
1.0584
0.8496
1.0540
0.9314
1.1599
1.4530
1.1526
1.0810
1.3983
1.0378
1.4096
1.6550
1.9961
1.8098
1.7333
1.3908
1.3547
0.9736
1.1822
0.4522
0.3498
0.0338
-0.2705
-0.5554
-0.7465
-0.8123
-1.0218
-1.1025
-0.9515
-1.1133
-0.9939
-1.2298
-1.2297
-1.1953
-0.8705
-1.1455
-1.0738
-0.9695
-1.2925
-1.0940
-1.1025
-1.5691
-1.6619
-1.5354
-1.5145
-1.3527
-1.3257
-1.2323
-0.8647
-1.0938
-0.9222
-1.0293
-1.3014
-1.2493
-1.3232
-1.4059
-1.5772
-1.6502
-1.3618
-1.4569
-1.6458
-1.5774
-1.7540
-1.6111
-1.3314
-1.4266
-1.4821
-1.4543
-1.3772
-1.6032
-1.7300
-1.8409
-1.8053
-1.6988
-1.4716
-1.2619
-0.7629
-1.1998
-1.2863
-1.1317
-1.2796
-0.9830
-1.0680
-1.1611
-0.9449
-1.5408
-1.6957
-2.0493
-2.2515
-2.4035
-2.5056
-2.4272
-2.3417
-2.6982
-2.5969
-3.1181
-3.0362
-3.1331
-2.9709
-2.5001
-2.6990
-2.4398
-2.0357
-1.3670
-1.0547
-0.3918
0.2439
1.1838
2.4461
2.9191
4.4292
4.2104
4.9797
5.8683
4.7220
4.1480
4.6002
3.9530
3.7219
3.0801
3.2150
2.4431
3.0529
2.8406
2.3405
1.9694
1.3194
0.6558
0.5206
-0.1306
-0.5759
-0.8481
-1.2381
-1.6897
-2.0031
-2.1804
-2.5421
-2.8347
-2.9283
-3.2732
-3.2593
-3.7297
-3.8384
-4.1084
-4.2514
-4.5327
-4.6679
-4.6944
-4.7427
-4.7152
-4.7413
-4.5571
-4.3216
-4.5841
-4.0868
-4.0010
-4.0020
-3.9020
-4.1503
-3.6889
-3.7036
-2.6626
-3.3064
-2.8338
-2.3825
-2.1136
-1.3562
-1.4679
-0.7573
-0.6728
-0.1586
-0.0564
0.6025
0.7921
0.6819
1.0211
0.8190
1.0736
0.7861
1.0907
0.9124
0.9771
0.6545
0.6644
0.7089
0.6945
0.6429
0.5205
0.5057
0.3105
-0.0240
-0.1911
-0.0506
-0.4220
-0.0904
-0.6141
-0.4382
-0.8455
-0.6593
-0.5852
-0.6149
-0.7482
-0.7426
-0.9391
-0.8014
-0.1447
0.2393
0.3514
0.7861
0.8862
1.2639
1.6037
1.1637
1.5650
2.7312
2.7127
2.8174
3.1884
3.3910
3.2360
3.9666
4.2379
4.2082
3.8657
4.1334
4.5551
4.9712
4.4252
5.0765
5.2716
4.5373
4.4599
4.3027
4.2353
4.9376
4.6911
4.5121
4.6757
5.2787
5.0898
4.8008
5.0309
5.0765
4.7033
4.5390
4.6282
4.1722
4.6268
4.5333
4.7414
4.3109
4.8696
4.3897
4.5328
4.9607
5.3112
5.1715
5.5491
6.2899
6.7134
7.5462
7.6860
7.4113
7.7487
7.9529
7.4913
6.9337
6.1689
6.0485
4.7762
4.5829
3.7043
3.2794
2.6049
1.9202
1.8352
1.2887
1.2882
0.9690
0.5034
0.2256
-0.2446
-0.1242
-0.4563
-0.6139
-0.9525
-0.8924
-1.4861
-1.4901
-1.8281
-2.1833
-2.0840
-2.4920
-2.6029
-2.8233
-3.0583
-3.3275
-3.6639
-3.8314
-3.7973
-4.0126
-3.7974
-3.8674
-3.7146
-3.5587
-3.6838
-3.8487
-3.5892
-3.5794
-3.5471
-3.3991
-3.3772
-3.1627
-2.5915
-2.4480
-2.3251
-2.2246
-2.1004
-1.9444
-1.7964
-1.8040
-1.4510
-1.5477
-1.4757
-1.6877
-1.3886
-1.5082
-1.2138
-1.6429
-1.5057
-2.3435
-2.4087
-2.4354
-2.4854
-2.8890
-2.9308
-3.0623
-2.9033
-3.2417
-2.9695
-2.6493
-2.9764
-2.8120
-2.7666
-2.5651
-1.5293
-2.4105
-2.2468
-2.0479
-1.6434
-1.9701
-2.3786
-1.7188
-2.7536
-2.2840
-2.8023
-2.9589
-2.2001
-2.8971
-2.8358
-2.4841
-2.5463
-2.3645
-2.4385
-2.1589
-2.1886
-2.1910
-1.5526
-1.2632
-0.7857
-0.5837
-0.4764
-0.1609
1.0464
-0.2925
-0.0860
0.0018
0.8665
0.3268
0.3322
0.6794
0.6607
0.7109
0.7252
0.5619
1.3942
0.9635
1.4962
1.2346
2.3871
3.1263
2.8133
3.1204
3.2115
3.2657
3.1708
4.5029
4.6478
6.1646
6.4439
6.5919
7.4989
7.7914
7.4016
7.7420
7.5106
7.5500
7.3973
6.5406
6.1000
5.4741
4.8163
4.4202
4.5289
4.0866
3.6290
3.1978
3.2818
2.8562
2.7796
2.9677
2.5840
2.6996
2.3747
2.6014
2.3198
2.0943
1.9385
1.9190
2.0328
1.9130
1.9799
1.5169
1.4763
1.4675
1.3709
1.3290
1.2889
1.3534
1.5812
1.4042
1.3597
1.4213
1.5783
1.3641
1.1307
0.8819
0.6815
0.1161
-0.2392
-0.6448
-0.9241
-1.2448
-1.2504
-1.1784
-1.6638
-1.5746
-1.5405
-1.5419
-1.2724
-1.5228
-1.1841
-1.3379
-1.2410
-0.8433
-1.1818
-0.9226
-0.9324
-1.4375
-1.0561
-1.6232
-1.6308
-1.6587
-1.4591
-1.6677
-1.4041
-1.4324
-1.1370
-1.4136
-1.1721
-1.0116
-0.9923
-0.8807
-1.0383
-0.7919
-0.4977
-0.7734
-0.8240
-0.8079
-0.8371
-0.6129
-0.9404
-1.0044
-1.2316
-1.3923
-1.5440
-1.7377
-1.9144
-2.1758
-2.4759
-2.7005
-3.1049
-3.3551
-3.5346
-3.9713
-4.1808
-4.3727
-4.5439
-4.6835
-4.8122
-4.8826
-4.9805
-5.0223
-5.1135
-5.1502
-5.2126
-5.0379
-5.2761
-5.2657
-5.2896
-5.2572
-5.3000
-5.2877
-5.3066
-5.2800
-5.2596
-5.1402
-5.1443
-5.0517
-5.0821
-5.0430
-5.0079
-4.9874
-4.9596
-4.9023
-4.8789
-4.8274
-4.8698
-4.8120
-4.9201
-4.7355
-5.0791
-5.1515
-5.2187
-5.2842
-5.3356
-5.3854
-5.4207
-5.4568
-5.2809
-5.5038
-5.5169
-5.5198
-5.5104
-5.4795
-5.4436
-5.3982
-5.3834
-4.9607
-5.3397
-4.6627
-5.2039
-3.9875
-4.9812
-4.1302
-4.8664
-3.8270
-4.0691
-4.1911
-3.6842
-3.2335
-2.9721
-2.0837
-1.2486
-1.0917
-1.5375
-2.0112
-1.5391
-0.7747
0.2165
-1.0544
1.1704
0.2077
1.0256
3.2096
2.4417
4.3385
4.2898
5.9699
4.9797
5.4893
5.3125
6.1168
4.9562
5.4825
5.0091
4.5422
4.5928
4.0529
4.2256
5.0527
5.0410
5.2887
5.3321
5.7472
5.4186
5.1585
5.7809
6.3213
6.1916
6.3691
6.5148
6.8655
7.4111
7.5615
7.7459
8.1552
8.4071
9.0100
8.9695
9.0369
8.9530
9.3249
8.9680
9.2284
8.4138
8.2986
8.2450
7.6676
7.6871
7.0430
6.8067
6.5933
6.6413
6.1263
5.4399
5.2604
4.7247
4.6234
3.8145
3.8343
2.8484
2.6634
1.9209
1.8499
1.4359
1.3155
1.0619
0.7994
0.3991
0.3101
0.2853
0.2574
-0.1870
-0.1162
0.0492
0.1712
0.0120
0.2933
0.2239
0.5009
0.1111
0.3800
0.2482
0.5116
0.8117
0.5164
0.6194
0.3280
0.4687
0.6897
0.9489
0.6359
0.3797
0.5967
0.2817
0.9369
-0.1377
0.0368
-0.2919
-0.4561
-0.2943
-0.7235
-0.4719
-0.7908
-1.0381
-1.0056
-1.7200
-1.6324
-1.7283
-1.6220
-1.8293
-1.7090
-1.4606
-1.6205
-2.0766
-1.9001
-1.9811
-2.0290
-2.4255
-2.2363
-2.4405
-1.8433
-2.1764
-2.1956
-2.5188
-2.6607
-2.2670
-2.5981
-2.2303
-3.0466
-2.7260
-3.2002
-3.0843
-3.1765
-3.4504
-3.4725
-3.4106
-3.6404
-3.7344
-3.7226
-3.8507
-4.0484
-3.9883
-3.8737
-4.0438
-4.3443
-4.3024
-4.5364
-4.7565
-4.8913
-4.7469
-5.0755
-4.9402
-5.2778
-5.3644
-5.2924
-5.4736
-5.4882
-5.7636
-5.5352
-5.8964
-5.8290
-5.8826
-5.6793
-5.8610
-5.9382
-5.9299
-5.9654
-5.7833
-5.9001
-5.9760
-5.8785
-5.9954
-5.9326
-5.6057
-5.7662
-5.6400
-5.7007
-5.7053
-5.5547
-5.8240
-5.8887
-5.9422
-5.8742
-5.9402
-5.8937
-6.0500
-5.8886
-6.1506
-6.0892
-6.1038
-5.8095
-4.4194
-3.8679
-4.0456
-3.8681
-2.6397
-3.1024
-2.7666
-2.2150
-1.9291
-2.5438
-1.4103
-2.2360
-2.2884
-2.2849
-1.9304
-1.7682
-1.7859
-2.0207
-1.7704
-2.3334
-1.7716
-2.2048
-1.8408
-2.2000
-2.0737
-1.9539
-1.2055
-1.8058
-1.7127
-1.7167
-1.3472
-1.5174
-1.1975
-1.3829
-0.9963
-1.0308
-0.9932
-0.7877
-0.2265
-0.5069
-0.2466
-0.1578
0.0207
0.4113
0.5057
0.8887
1.0596
1.4179
2.1921
2.5314
3.0213
3.1792
3.6117
4.2070
4.8338
5.2416
5.6717
6.3046
6.4237
6.3805
6.3275
6.6380
6.6761
6.5829
6.4678
6.6077
6.7442
6.8193
6.7741
6.9139
6.7079
6.9028
6.7139
7.1865
7.3075
7.8268
8.0833
8.1830
8.2713
8.1140
7.9615
7.8530
7.9187
7.9777
8.1728
7.3734
7.1413
7.4826
7.3849
6.8883
6.6448
6.5201
6.3222
6.0969
6.0111
5.7219
5.6099
6.0553
6.1412
5.9107
5.5337
5.7877
5.3215
5.8049
4.2587
4.3004
3.9880
4.1118
4.3104
4.7533
4.5202
4.0904
5.0619
4.7845
6.0574
4.8723
5.1868
4.4389
4.1459
3.8856
2.9077
2.7462
2.5838
2.2353
2.1747
2.0862
2.8631
2.6669
1.6277
2.1859
1.3068
1.6012
1.2367
2.3014
1.5646
1.8788
1.7809
2.0769
1.8113
2.3676
2.6898
2.8694
2.9546
2.5242
2.5220
2.5505
2.3002
1.9430
1.9287
1.8629
1.8938
2.4337
2.2135
2.5253
2.5292
2.6017
1.9459
1.9643
1.4367
0.9667
0.1431
-0.6150
-1.1659
-1.9632
-2.5018
-2.9463
-3.2093
-3.6679
-4.1130
-4.3068
-4.6628
-4.4979
-4.9148
-4.9592
-5.1730
-5.2083
-5.3114
-5.0610
-5.4442
-5.2428
-5.6590
-5.6921
-5.7533
-5.8415
-5.9038
-5.7707
-6.0437
-5.9496
-6.1136
-6.0943
-6.0433
-6.2640
-6.2689
-6.3222
-6.2660
-6.3289
-6.3516
-6.1789
-6.5460
-6.5863
-6.5319
-6.8273
-6.8563
-6.9499
-6.9981
-6.8666
-6.7800
-6.7379
-7.1080
-7.2040
-6.9894
-6.9072
-7.1393
-6.4370
-6.9617
-6.7842
-6.8250
-7.0456
-6.7807
-7.2381
-6.7983
-7.1110
-7.1215
-6.8690
-6.0834
-6.6430
-6.5892
-6.8327
-6.0359
-6.4987
-6.0747
-6.4087
-5.6746
-5.9799
-5.5079
-5.6263
-5.4377
-5.3873
-5.2714
-4.9927
-4.7410
-4.2771
-3.8344
-3.1587
-2.9452
-2.5926
-2.2812
-1.9621
-1.8548
-1.7580
-1.8895
-1.7925
-2.1267
-2.2633
-2.3861
-2.5324
-2.7094
-2.8850
-3.1602
-3.4014
-3.6788
-3.9793
-4.2223
-4.3027
-4.7256
-4.9096
-5.1011
-5.1050
-5.2580
-5.1951
-5.3652
-5.3581
-5.4040
-5.3839
-5.3419
-5.2873
-5.2413
-5.1152
-5.0892
-5.0586
-4.8602
-5.0307
-4.8876
-4.7554
-4.5799
-4.4789
-4.3014
-3.9127
-3.7930
-3.6072
-3.3633
-3.2365
-2.6603
-2.2923
-2.0078
-2.3367
-1.8952
-1.6909
-1.3401
-1.4629
-1.1995
-0.9786
-1.1085
-1.0799
-1.0604
-0.9088
-1.0922
-1.2045
-1.1325
-1.2034
-1.1292
-1.2302
-1.1818
-1.1655
-1.0121
-0.8396
-0.9783
-1.1364
-1.1440
-1.0672
-1.2988
-0.7273
-1.0800
-0.8567
0.3212
1.2446
0.7772
1.3841
2.2292
1.7218
2.2199
2.6704
1.9166
2.2874
1.9859
1.8104
1.8498
1.8669
2.1943
2.1707
2.8362
2.6048
3.2316
2.8555
3.2823
3.0471
3.3611
3.7786
3.8333
4.5594
4.7670
4.9038
5.1844
5.9659
5.9822
6.2146
6.4871
6.6884
6.4319
6.4862
6.6281
6.8877
6.4798
6.0185
5.8611
6.2388
5.9223
5.2685
5.3426
5.4248
5.0310
5.0365
4.8241
4.9093
4.9309
5.3106
5.4001
5.8044
6.4138
6.7826
7.4723
7.5442
8.1409
8.3510
9.0263
8.6551
9.5499
8.7828
8.3876
8.4762
9.0773
8.6969
9.6900
9.0474
8.6866
8.3933
8.0259
7.5138
7.7830
7.0369
6.6511
6.1376
5.2716
4.7813
4.9414
3.4738
3.3220
2.6413
1.6988
2.5002
1.3733
0.9827
0.6160
0.6026
0.2726
0.6683
0.3463
0.5975
0.3723
0.2899
0.1641
-0.2083
-0.0595
0.1858
0.5949
0.6016
1.7554
1.7111
1.7274
2.1334
2.0765
2.2717
2.0802
1.6504
1.6419
1.1861
1.0555
0.8630
0.7808
0.9588
0.7529
0.7165
0.8224
0.8117
0.9560
1.1446
0.9168
0.9405
0.7038
0.6444
0.5558
-0.0382
0.0521
-0.6621
-0.9314
-1.4655
-2.0048
-2.2114
-2.1856
-2.8874
-3.0568
-3.1835
-3.4957
-3.7258
-3.7778
-3.6845
-3.4860
-3.0414
-3.4657
-3.5155
-3.7519
-3.4680
-3.3683
-3.4124
-3.6555
-3.5967
-4.2201
-4.0897
-4.2885
-4.1035
-4.1944
-4.4456
-4.1938
-4.5163
-4.3590
-4.6444
-4.7025
-4.7585
-4.7734
-4.8011
-4.3418
-4.8601
-4.8980
-5.0738
-5.1640
-5.2586
-5.3521
-5.4359
-5.4527
-5.4751
-5.3244
-5.1629
-5.2235
-5.2864
-5.2016
-5.2046
-5.1764
-5.2039
-5.2024
-5.2088
-5.1679
-5.1306
-5.0685
-5.0511
-4.8256
-4.9235
-4.9297
-4.8504
-4.8838
-4.7748
-4.7268
-4.0788
-4.0902
-4.3745
-4.2041
-3.7654
-4.1810
-3.9559
-3.4563
-3.8585
-3.7026
-3.6947
-3.5003
-3.7438
-3.9198
-3.7386
-3.0820
-3.2854
-3.2362
-2.0179
-2.8535
-2.9853
-3.2912
-3.5261
-3.4210
-3.5078
-3.4264
-3.2794
-3.5536
-3.3872
-2.9749
-2.7432
-3.2280
-2.6283
-3.1159
-2.9891
-2.8669
-3.1210
-3.1782
-3.1943
-2.5897
-2.9452
-2.7130
-2.6510
-2.2869
-2.3280
-1.7122
-1.1482
-0.1318
-0.4116
0.1000
0.9402
1.3217
1.5928
1.7557
2.0758
1.7716
1.9271
1.8787
1.8528
1.6506
1.9984
2.0165
2.2714
2.6324
3.5717
3.5593
4.0866
5.0812
4.7903
5.6274
5.5047
5.8113
5.7654
7.1676
5.8691
5.8840
6.0399
6.9935
5.7406
5.5654
5.9087
5.8636
5.8141
5.7476
5.8031
5.7213
5.8731
5.8260
5.6974
5.2979
5.1537
4.7107
4.7782
4.4803
4.9722
5.0067
5.3919
5.6201
5.2567
5.5421
4.9674
4.6433
4.4068
4.5933
4.3532
4.2395
3.9031
4.4410
4.6144
4.0726
3.8431
4.1126
5.1840
4.4844
4.3966
4.1921
4.0848
4.4806
3.8315
4.3377
2.9954
2.7087
1.9585
2.0212
1.2165
0.9869
0.6395
1.0408
-0.0312
-0.2184
-0.6318
-0.7880
-0.7537
-0.5931
-0.3968
-0.5689
-0.3809
-0.3005
-0.1559
-0.0367
0.1144
0.1635
0.1736
0.0854
-0.0934
-0.2543
-0.5170
-0.7656
-1.0637
-1.3431
-1.6592
-1.9306
-2.2166
-2.2503
-2.6578
-2.8062
-2.9532
-2.9925
-3.2072
-3.3301
-3.5927
-3.7825
-3.9606
-4.1749
-4.1450
-4.5428
-4.6475
-4.8102
-4.8844
-5.0487
-5.1416
-5.2539
-5.3101
-5.3463
-5.3663
-5.2945
-5.2792
-5.1981
-5.1402
-5.0719
-4.9086
-4.7548
-4.5053
-4.2045
-3.8635
-3.5027
-2.9742
-2.8945
-2.5083
-2.6161
-2.6248
-2.6892
-2.8411
-2.8870
-3.1064
-3.1547
-3.3073
-3.3408
-3.3597
-3.4066
-3.4289
-3.3370
-3.3606
-3.2466
-3.3162
-3.1877
-2.9344
-3.1052
-3.1189
-3.0072
-3.2417
-3.3218
-3.4186
-3.5257
-3.6246
-3.4920
-3.3673
-3.6787
-3.7701
-3.7407
-3.3917
-4.1816
-4.0461
-4.3844
-4.0237
-3.5046
-3.2860
-2.9314
-2.9980
-2.6292
-2.8621
-2.8033
-2.0028
-2.0370
-1.4776
-0.4171
-0.7906
0.3355
0.4404
1.5589
2.2105
2.7083
2.2212
3.4596
2.2870
2.4136
2.5959
2.5442
2.4851
2.3453
2.5825
2.7380
2.9630
2.9048
3.0249
3.4236
2.8461
2.8497
3.1732
2.7179
2.7553
2.7935
2.5981
2.8301
2.8288
2.9604
3.1955
3.4936
3.9013
3.9139
4.2464
4.0171
4.9427
3.9885
4.6095
4.5992
5.9034
4.1444
4.2580
4.7886
4.2961
3.6726
3.6120
3.6722
3.8458
3.6741
3.5894
3.6920
3.2527
3.7631
3.2377
3.6097
3.5801
4.0166
4.6959
4.0113
4.7977
4.7186
5.0048
6.4615
7.2662
6.0825
6.5096
6.4535
7.3875
6.6453
6.1936
6.7425
6.9655
7.4203
7.2888
7.2161
8.2694
7.8460
8.3839
8.5124
7.9723
8.3937
7.6952
7.4558
7.2356
7.3397
7.2672
6.9324
6.1087
5.5781
4.6725
4.1318
3.4924
2.8445
2.3517
2.3057
1.6117
1.3448
1.1980
0.9671
0.8490
0.9021
0.7003
0.2514
0.0714
0.0202
-0.1237
-0.3310
-0.0311
-0.4426
-0.3147
-0.3736
-0.1065
-0.1017
-0.1678
0.1424
0.1517
0.4995
0.7182
0.9758
1.2002
1.3754
1.6971
1.6124
1.7281
1.6861
1.7900
1.1944
0.7981
0.5190
0.2475
-0.0696
0.0074
-0.4535
-1.0319
-1.2644
-1.5446
-1.8030
-1.8441
-2.0693
-2.6361
-2.4888
-3.0646
-3.2355
-3.0475
-3.5330
-3.5084
-3.4804
-3.9786
-3.8433
-3.9113
-3.8022
-4.3144
-3.9862
-3.9690
-3.7614
-4.0505
-4.4612
-4.6343
-4.6082
-4.8258
-4.7365
-4.4502
-5.0139
-5.2112
-5.3667
-5.4718
-5.3036
-5.6568
-5.6757
-5.7076
-5.8031
-5.8280
-5.7330
-5.9661
-5.9020
-6.0130
-5.9984
-6.0914
-5.9081
-6.0707
-6.1138
-6.0291
-6.0860
-6.0375
-6.1214
-6.1264
-6.1903
-6.0203
-6.2212
-6.2963
-6.2913
-6.4205
-6.4265
-6.5195
-6.5257
-6.5998
-6.3705
-6.5037
-6.4544
-6.3858
-6.3441
-6.2900
-6.1603
-6.0110
-5.8502
-5.6480
-5.4966
-5.3112
-5.1469
-4.7761
-4.7331
-4.5921
-4.4120
-4.3326
-4.3056
-4.2840
-4.3611
-4.4314
-4.5191
-4.6052
-4.6770
-4.5446
-4.7900
-4.7556
-4.7888
-4.7698
-4.8270
-4.8726
-4.9155
-4.9721
-5.0410
-5.0793
-5.1423
-5.1934
-5.0644
-5.3365
-5.4086
-5.4633
-5.4081
-5.3953
-5.3099
-5.2683
-5.2751
-5.2421
-5.3109
-5.3239
-5.3407
-5.3082
-5.2420
-4.9347
-4.9923
-4.7397
-4.5830
-4.3102
-4.1475
-3.8215
-3.5488
-3.1920
-2.9465
-2.6394
-2.3839
-2.1136
-1.6578
-1.6264
-1.3930
-1.1506
-0.8756
-0.4422
-0.0170
0.5754
1.1665
1.8101
2.5524
3.1591
3.8086
4.6780
4.2698
4.5205
4.1588
3.8816
4.2276
4.2919
4.4001
4.5992
5.2452
5.3489
6.1182
5.8455
6.5400
6.4662
7.0567
7.0437
6.7941
6.6921
6.5476
6.7076
7.2097
6.9394
6.5254
6.5799
6.4607
6.8970
6.5749
6.9970
7.4594
6.2394
5.7042
6.9105
6.7560
6.5162
7.1294
7.0566
7.5619
7.5995
8.2504
7.5104
8.0780
7.3155
7.5876
8.5260
6.9818
7.0191
6.8026
6.8079
7.1370
6.5058
6.7405
6.9951
5.9170
6.3883
5.6564
6.1131
5.6200
5.7251
6.0104
6.0258
6.6462
6.4640
5.9056
5.9708
5.2132
5.5409
4.6787
4.7601
4.2713
4.3286
3.9631
4.3295
3.5651
3.9710
3.9941
3.4529
2.8101
2.1456
2.4710
1.7506
2.1155
1.7280
1.0972
0.4230
0.0647
-0.3315
-0.1704
-0.1673
-0.3394
-0.5879
-0.5104
-0.5827
-0.0640
-0.2375
0.3234
0.1890
-0.0043
0.6846
0.6845
1.3014
0.5195
0.8369
1.2847
1.5275
3.0917
3.3366
3.7952
4.2414
4.3281
4.1886
4.0852
4.4584
3.3325
3.2209
2.8114
3.0014
1.9891
1.0474
0.7890
0.1356
-0.3615
-1.1483
-0.9978
-0.9233
-1.1590
-1.4900
-0.9843
-0.3628
-0.6985
0.8219
1.4088
1.3683
2.0744
1.5431
2.4403
1.4111
0.5680
-0.3780
-0.6246
-1.2351
-1.5624
-1.9836
-2.2645
-1.8823
-2.4843
-1.6179
-2.5057
-1.9208
-2.1946
-2.1855
-1.4958
-1.2629
-1.3902
-2.1024
-1.5050
-1.5443
-1.4556
-1.3275
-1.6936
-1.8334
-1.8521
-1.6522
-1.7420
-1.2319
-1.7549
-1.9727
-1.8113
-1.8577
-1.7321
-1.7453
-1.7792
-1.8634
-1.9731
-1.4366
0.1301
-0.7548
-0.6240
0.2618
0.0627
-0.4633
-0.3479
-0.1192
0.1590
-0.0381
-0.1144
0.0776
0.1453
0.1412
0.2824
0.4543
0.2839
0.7696
0.4398
0.6343
0.8461
0.4341
0.2239
0.5037
0.6202
0.8076
0.5153
0.3633
0.2671
0.0907
0.0507
-0.2250
-0.2623
-0.3283
-0.2295
-0.5569
-0.6451
-0.7055
-0.8891
-0.8167
-1.2106
-1.3353
-1.3452
-1.3275
-1.5972
-1.7643
-1.7798
-1.8482
-1.6767
-1.9415
-1.9287
-1.8067
-1.6267
-1.7305
-1.7739
-1.6217
-1.4589
-1.5857
-1.5807
-1.3859
-1.5448
-1.6468
-1.3540
-1.6431
-1.2933
-1.6613
-1.3979
-1.5753
-1.4930
-1.4326
-1.2362
-1.3984
-1.4421
-1.1747
-1.3793
-1.4266
-1.3822
-1.5349
-1.4985
-1.5692
-1.4951
-1.2640
-1.4405
-1.4886
-1.5944
-1.7539
-1.7793
-2.0430
-1.9485
-2.4662
-2.6298
-2.8637
-2.9775
-3.2428
-3.1222
-3.5683
-3.6464
-3.5357
-3.7085
-3.5785
-3.5362
-3.3732
-3.2462
-2.8210
-2.7717
-2.4648
-2.0428
-1.9089
-1.7005
-1.4807
-1.2504
-0.6443
-0.9595
-0.8911
-0.9527
-0.9391
-1.0486
-1.1420
-1.4056
-1.4238
-1.9245
-2.2009
-2.5071
-2.7594
-3.0150
-3.1845
-3.3891
-3.4794
-3.5638
-3.4490
-3.6854
-3.7640
-3.7938
-3.8028
-3.8339
-3.8367
-3.8350
-3.7688
-3.6555
-3.6009
-3.5872
-3.4451
-3.6992
-3.6971
-3.7163
-3.7042
-3.7371
-3.7525
-3.8539
-3.9384
-3.9947
-4.1279
-4.1387
-4.2749
-4.2793
-4.1694
-4.4203
-4.5123
-4.5749
-4.6343
-4.6919
-4.7319
-4.7747
-4.8024
-4.8386
-4.8142
-4.8121
-4.7118
-4.6835
-4.5550
-4.2534
-4.1853
-4.0224
-3.7575
-3.6154
-3.4101
-3.2219
-3.0476
-2.8933
-2.7402
-2.6360
-2.5343
-2.4827
-2.4115
