x	zg centrado sin panza
0.001961769	-0.356982295
0.003269614	-0.863725453
0.00457746	-0.763155483
0.005885306	-1.245718073
0.007193151	-1.888952082
0.008500997	-1.780041486
0.009808843	-1.962970706
0.011116688	-2.064768058
0.012424534	-2.055381764
0.01373238	-2.017200518
0.015040225	-2.157523594
0.016348071	-2.109727125
0.017655917	-1.769835675
0.018963762	-1.823170064
0.020271608	-2.130619258
0.021579454	-2.309367801
0.022887299	-2.372233752
0.024195145	-2.809304103
0.025502991	-2.675286976
0.026810836	-2.804664464
0.028118682	-2.665654598
0.029426528	-2.776766211
0.030734373	-3.095363434
0.032042219	-3.326571806
0.033350065	-3.360122547
0.03465791	-3.349778782
0.035965756	-3.190391217
0.037273602	-2.996893274
0.038581447	-2.901087132
0.039889293	-3.200101431
0.041197139	-2.930018206
0.042504984	-3.262656782
0.04381283	-3.080583172
0.045120676	-3.166738104
0.046428521	-3.175638304
0.047736367	-3.203461252
0.049044213	-3.410686653
0.050352058	-3.501220957
0.051659904	-3.595730462
0.05296775	-3.467097126
0.054275595	-3.479449876
0.055583441	-3.718579082
0.056891287	-3.613284548
0.058199132	-3.510294862
0.059506978	-3.420397137
0.060814824	-3.479596148
0.062122669	-3.706186882
0.063430515	-3.81559165
0.064738361	-3.770603439
0.066046206	-4.021716474
0.067354052	-3.88707018
0.068661898	-4.12313062
0.069969743	-4.036395994
0.071277589	-4.290763542
0.072585435	-3.98652475
0.07389328	-3.722643706
0.075201126	-3.931932328
0.076508972	-4.230425604
0.077816817	-4.127963414
0.079124663	-4.364076467
0.080432509	-4.29644617
0.081740354	-4.297152502
0.0830482	-3.692063878
0.084356046	-3.555809201
0.085663891	-3.937132141
0.086971737	-4.647940584
0.088279583	-4.562123958
0.089587428	-4.674134899
0.090895274	-4.947838222
0.09220312	-5.189048907
0.093510965	-5.101315397
0.094818811	-4.927590421
0.096126657	-5.027224551
0.097434502	-5.174870382
0.098742348	-5.104152359
0.100050194	-5.250784099
0.101358039	-5.202580482
0.102665885	-5.296967358
0.103973731	-5.525841027
0.105281576	-5.466514299
0.106589422	-5.447754062
0.107897268	-5.115457967
0.109205113	-5.117413327
0.110512959	-4.83555745
0.111820805	-4.572525416
0.11312865	-4.619069643
0.114436496	-4.744966509
0.115744342	-4.587484818
0.117052187	-4.534767688
0.118360033	-4.298379411
0.119667879	-4.219237481
0.120975724	-4.102038637
0.12228357	-3.921844559
0.123591416	-4.104735134
0.124899261	-3.750785
0.126207107	-3.849913398
0.127514953	-4.092721267
0.128822798	-4.215344305
0.130130644	-4.311546102
0.13143849	-4.283242373
0.132746335	-4.205123815
0.134054181	-4.314698442
0.135362027	-4.238280461
0.136669872	-4.310424619
0.137977718	-4.168036094
0.139285564	-4.244298764
0.140593409	-4.379158377
0.141901255	-4.629576307
0.143209101	-4.751610496
0.144516946	-4.734577144
0.145824792	-4.011463098
0.147132638	-4.087505145
0.148440483	-4.053476111
0.149748329	-4.30004169
0.151056175	-4.228505595
0.15236402	-4.515148948
0.153671866	-4.806761018
0.154979712	-4.815984809
0.156287557	-4.529935461
0.157595403	-4.494573445
0.158903249	-4.596029448
0.160211094	-4.524373627
0.16151894	-4.498847164
0.162826786	-4.561684388
0.164134631	-4.573413758
0.165442477	-4.55904616
0.166750323	-4.546201766
0.168058168	-4.50083709
0.169366014	-4.283139982
0.17067386	-4.011616285
0.171981705	-3.960409534
0.173289551	-4.199089337
0.174597397	-4.338726097
0.175905242	-4.337196683
0.177213088	-4.652876278
0.178520934	-4.612665723
0.179828779	-4.506900119
0.181136625	-4.449276139
0.182444471	-4.450319159
0.183752316	-4.16320434
0.185060162	-4.014824542
0.186368008	-4.1152496
0.187675853	-4.400067011
0.188983699	-4.230055733
0.190291545	-4.60202726
0.19159939	-4.869528983
0.192907236	-4.66755786
0.194215082	-5.328407442
0.195522927	-5.559419663
0.196830773	-5.542427319
0.198138619	-5.144063045
0.199446464	-5.136274331
0.20075431	-5.211760016
0.202062156	-5.529160589
0.203370001	-5.54249464
0.204677847	-5.952975988
0.205985693	-5.838397588
0.207293538	-5.943773609
0.208601384	-5.759260161
0.20990923	-5.767946366
0.211217075	-5.290554016
0.212524921	-5.13410465
0.213832767	-5.254655212
0.215140612	-4.311836014
0.216448458	-4.269049586
0.217756304	-4.382046896
0.219064149	-4.223117416
0.220371995	-4.145918594
0.221679841	-4.671982499
0.222987686	-5.207926905
0.224295532	-5.266691013
0.225603378	-4.54382709
0.226911223	-4.597772791
0.228219069	-4.680118611
0.229526915	-4.715566563
0.23083476	-4.672159232
0.232142606	-4.182064213
0.233450452	-3.991702674
0.234758297	-3.888260894
0.236066143	-3.373509242
0.237373989	-3.516615422
0.238681834	-3.494389969
0.23998968	-3.476407458
0.241297526	-3.470936275
0.242605371	-3.564650695
0.243913217	-3.525872727
0.245221063	-3.580253964
0.246528908	-2.864881345
0.247836754	-2.985872558
0.2491446	-2.911111999
0.250452445	-2.655197059
0.251760291	-2.687093361
0.253068137	-2.287020496
0.254375982	-2.251452595
0.255683828	-2.22108668
0.256991674	-1.734892035
0.258299519	-1.686408133
0.259607365	-1.668585752
0.260915211	-1.508981636
0.262223056	-1.531060267
0.263530902	-1.415889057
0.264838748	-1.355760718
0.266146593	-1.770658854
0.267454439	-0.9158461
0.268762285	-0.964777958
0.27007013	-0.666069096
0.271377976	0.147570525
0.272685822	-0.122681228
0.273993667	0.586541461
0.275301513	0.673308427
0.276609359	0.787792394
0.277917204	1.672092032
0.27922505	1.612986867
0.280532896	1.926936162
0.281840741	2.419343349
0.283148587	2.238393182
0.284456433	2.520018409
0.285764278	2.538923489
0.287072124	2.579605174
0.28837997	3.28200259
0.289687815	3.012776501
0.290995661	3.714718638
0.292303507	4.257444833
0.293611352	4.149954121
0.294919198	4.566410568
0.296227044	4.687828214
0.297534889	4.845858191
0.298842735	5.13746734
0.300150581	5.051977308
0.301458426	5.561249869
0.302766272	6.084743727
0.304074118	6.012410521
0.305381963	6.420465962
0.306689809	6.496730305
0.307997655	6.733918905
0.3093055	7.270148527
0.310613346	7.4014573
0.311921192	7.483386328
0.313229037	7.888625613
0.314536883	7.710404836
0.315844729	7.893695389
0.317152574	7.968797263
0.31846042	8.291350743
0.319768266	8.872055737
0.321076111	8.769814467
0.322383957	9.284791641
0.323691803	9.707775588
0.324999648	9.785230646
0.326307494	10.4909099
0.32761534	10.61965372
0.328923185	10.813479
0.330231031	11.50486916
0.331538877	11.65610743
0.332846722	12.22910088
0.334154568	12.76588284
0.335462413	12.84085483
0.336770259	14.06542938
0.338078105	13.91253011
0.33938595	14.27208622
0.340693796	14.80915261
0.342001642	14.80574297
0.343309487	15.56652367
0.344617333	16.05745391
0.345925179	16.21664193
0.347233024	16.87769659
0.34854087	16.86687363
0.349848716	17.25640465
0.351156561	18.18273598
0.352464407	18.33161823
0.353772253	18.67352335
0.355080098	19.10216153
0.356387944	19.14395199
0.35769579	19.06834721
0.359003635	19.38035185
0.360311481	19.13983108
0.361619327	19.34909535
0.362927172	19.21104126
0.364235018	19.22616648
0.365542864	19.08357412
0.366850709	19.35439048
0.368158555	19.10123808
0.369466401	19.04843862
0.370774246	18.81494
0.372082092	18.24711895
0.373389938	18.22735853
0.374697783	17.41773667
0.376005629	17.30086731
0.377313475	17.38221734
0.37862132	15.64537135
0.379929166	15.57540083
0.381237012	15.16429394
0.382544857	14.01388076
0.383852703	14.15114275
0.385160549	12.52879694
0.386468394	12.26558175
0.38777624	12.08369535
0.389084086	10.52712001
0.390391931	10.60407322
0.391699777	9.95669769
0.393007623	9.165807809
0.394315468	9.2112881
0.395623314	8.439405473
0.39693116	8.06826382
0.398239005	8.021308129
0.399546851	7.016115463
0.400854697	6.931694131
0.402162542	6.515006725
0.403470388	6.220902165
0.404778234	6.128778267
0.406086079	6.096404554
0.407393925	6.070349441
0.408701771	5.828463161
0.410009616	5.231765853
0.411317462	5.315596746
0.412625308	5.32340077
0.413933153	5.392501335
0.415240999	5.40108467
0.416548845	5.344851674
0.41785669	5.380579032
0.419164536	5.383373117
0.420472382	4.992315357
0.421780227	5.031492168
0.423088073	4.986383709
0.424395919	4.899377916
0.425703764	4.930452288
0.42701161	5.047340254
0.428319456	5.063151014
0.429627301	5.119412963
0.430935147	4.955244336
0.432242993	4.894638555
0.433550838	5.104540459
0.434858684	4.659842795
0.43616653	4.578428936
0.437474375	4.709194053
0.438782221	4.628977646
0.440090067	4.792017658
0.441397912	4.83190754
0.442705758	4.845262326
0.444013604	4.761366206
0.445321449	4.637770443
0.446629295	4.630202594
0.447937141	4.510938208
0.449244986	4.500632347
0.450552832	4.748368175
0.451860678	4.489275203
0.453168523	4.679627363
0.454476369	4.548435373
0.455784215	4.757378996
0.45709206	4.796712272
0.458399906	4.699995794
0.459707752	4.735600916
0.461015597	4.86896682
0.462323443	4.946880923
0.463631289	4.815799525
0.464939134	4.856042294
0.46624698	4.716125212
0.467554826	4.896054392
0.468862671	4.851128926
0.470170517	4.872279309
0.471478363	4.755175709
0.472786208	4.565215038
0.474094054	4.675012821
0.4754019	4.76828825
0.476709745	4.891852189
0.478017591	4.817479207
0.479325437	4.79992197
0.480633282	4.776391943
0.481941128	4.843638301
0.483248974	4.705488372
0.484556819	4.746018499
0.485864665	4.624221835
0.487172511	4.793587347
0.488480356	4.928725147
0.489788202	4.417116673
0.491096048	4.570650324
0.492403893	4.357673814
0.493711739	4.216206143
0.495019585	4.23047874
0.49632743	4.023788365
0.497635276	4.166542818
0.498943122	4.230408429
0.500250967	3.765680159
0.501558813	3.915801763
0.502866659	3.529031295
0.504174504	3.582899676
0.50548235	3.525184727
0.506790196	3.372460418
0.508098041	3.257668747
0.509405887	3.473338187
0.510713733	2.874125357
0.512021578	3.008007565
0.513329424	2.772756325
0.51463727	2.396341605
0.515945115	2.517945855
0.517252961	2.339195317
0.518560807	2.336059882
0.519868652	2.281411829
0.521176498	2.091249076
0.522484344	2.072163328
0.523792189	2.265555877
0.525100035	2.597411827
0.526407881	2.711438878
0.527715726	2.174845263
0.529023572	2.036944521
0.530331418	2.072179154
0.531639263	1.808153186
0.532947109	2.046740619
0.534254955	1.839175264
0.5355628	1.748780678
0.536870646	1.878117367
0.538178492	1.436534465
0.539486337	1.416505072
0.540794183	1.423411646
0.542102029	1.091549764
0.543409874	1.232375166
0.54471772	1.150801521
0.546025566	1.053795514
0.547333411	1.110731887
0.548641257	1.040040197
0.549949103	1.098316896
0.551256948	1.190267796
0.552564794	1.481254534
0.55387264	1.486526039
0.555180485	1.745413114
0.556488331	1.485560309
0.557796177	1.460422211
0.559104022	1.419455499
0.560411868	1.49157118
0.561719714	1.677895261
0.563027559	2.405025824
0.564335405	2.510891454
0.565643251	2.531752701
0.566951096	2.306510255
0.568258942	2.35124674
0.569566788	2.306654994
0.570874633	2.249499478
0.572182479	2.160183204
0.573490325	1.865089268
0.57479817	1.854451085
0.576106016	2.256896642
0.577413862	2.333596593
0.578721707	2.289223724
0.580029553	2.161216045
0.581337399	2.009347842
0.582645244	2.187959478
0.58395309	2.265405819
0.585260936	2.378256885
0.586568781	2.361262174
0.587876627	2.178449322
0.589184473	2.116444426
0.590492318	1.678421095
0.591800164	1.668777191
0.59310801	1.59764199
0.594415855	1.348167632
0.595723701	1.401777925
0.597031547	1.500625622
0.598339392	1.597536386
0.599647238	1.667983856
0.600955084	1.342854493
0.602262929	1.386739704
0.603570775	1.091629034
0.604878621	0.53704175
0.606186466	0.357124466
0.607494312	0.111162676
0.608802158	0.151504137
0.610110003	0.061875256
0.611417849	-0.15531327
0.612725695	-0.059834049
0.61403354	0.027285928
0.615341386	0.016111275
0.616649232	-0.085392648
0.617957077	-0.329545192
0.619264923	-0.502183584
0.620572769	-0.472697116
0.621880614	-0.584267672
0.62318846	-0.320909121
0.624496306	-0.648170702
0.625804151	-0.729520127
0.627111997	-0.73820443
0.628419843	-0.504950071
0.629727688	-0.612156699
0.631035534	-0.452423699
0.63234338	-0.243943387
0.633651225	-0.314743496
0.634959071	-0.14550948
0.636266917	-0.003769466
0.637574762	-0.05947288
0.638882608	-0.202917644
0.640190454	-0.223369214
0.641498299	-0.213794526
0.642806145	-0.48632496
0.644113991	-0.41526012
0.645421836	-0.545552071
0.646729682	-0.654209117
0.648037528	-0.68273434
0.649345373	-0.723664463
0.650653219	-0.815115392
0.651961065	-0.907871192
0.65326891	-1.190646095
0.654576756	-1.221672943
0.655884602	-1.247430473
0.657192447	-1.097811141
0.658500293	-1.195490711
0.659808139	-1.27968835
0.661115984	-1.235268374
0.66242383	-1.237822866
0.663731676	-0.934713334
0.665039521	-1.027141713
0.666347367	-1.458391798
0.667655213	-1.752253464
0.668963058	-1.833785064
0.670270904	-1.801566891
0.67157875	-1.836307658
0.672886595	-1.615387056
0.674194441	-1.278625062
0.675502287	-1.63002767
0.676810132	-1.42553532
0.678117978	-1.490257011
0.679425824	-1.474315687
0.680733669	-1.449326301
0.682041515	-1.711512563
0.683349361	-1.626593205
0.684657206	-1.622827556
0.685965052	-1.437123449
0.687272898	-1.296663248
0.688580743	-1.183369579
0.689888589	-1.197814639
0.691196435	-1.574990663
0.69250428	-1.724634283
0.693812126	-1.807120589
0.695119972	-2.558827412
0.696427817	-2.6345203
0.697735663	-2.835111318
0.699043509	-3.208672664
0.700351354	-3.150215052
0.7016592	-3.23104695
0.702967046	-3.190560032
0.704274891	-3.143383861
0.705582737	-3.409768073
0.706890583	-3.413907141
0.708198428	-3.341374339
0.709506274	-3.16615169
0.71081412	-3.085397018
0.712121965	-3.806364145
0.713429811	-3.923418242
0.714737657	-3.902499955
0.716045502	-3.859792069
0.717353348	-3.817384033
0.718661194	-4.007603254
0.719969039	-3.913306252
0.721276885	-3.896396158
0.722584731	-3.770272593
0.723892576	-3.850241368
0.725200422	-4.030375515
0.726508268	-4.311980517
0.727816113	-4.419426961
0.729123959	-4.260061683
0.730431805	-4.250619325
0.73173965	-4.100156607
0.733047496	-4.149121207
0.734355342	-4.124775461
0.735663187	-4.230490503
0.736971033	-4.492287197
0.738278879	-4.614082206
0.739586724	-4.392480423
0.74089457	-4.222102873
0.742202416	-4.1952728
0.743510261	-4.856932427
0.744818107	-5.037176056
0.746125953	-5.191023994
0.747433798	-5.454112451
0.748741644	-5.481747371
0.75004949	-5.467773934
0.751357335	-5.485061963
0.752665181	-5.43438851
0.753973027	-4.848557426
0.755280872	-4.937151908
0.756588718	-4.698449275
0.757896564	-4.628670994
0.759204409	-4.637196514
0.760512255	-4.69369407
0.761820101	-4.798532464
0.763127946	-4.670227029
0.764435792	-5.018593417
0.765743638	-5.063280506
0.767051483	-4.862825833
0.768359329	-4.399420916
0.769667175	-4.406773518
0.77097502	-4.58760564
0.772282866	-4.48285483
0.773590712	-4.328986362
0.774898557	-3.796769931
0.776206403	-3.582774539
0.777514249	-4.068021895
0.778822094	-4.324039593
0.78012994	-4.111919333
0.781437786	-4.39100872
0.782745631	-4.491710662
0.784053477	-4.420157808
0.785361323	-4.288895542
0.786669168	-4.244733922
0.787977014	-4.218191263
0.78928486	-4.166808112
0.790592705	-4.186855816
0.791900551	-4.092176329
0.793208397	-4.211716783
0.794516242	-4.218553718
0.795824088	-3.928377767
0.797131934	-3.863874325
0.798439779	-4.057053451
0.799747625	-4.393334371
0.801055471	-4.370808194
0.802363316	-4.530738601
0.803671162	-4.507597763
0.804979008	-4.699628157
0.806286853	-5.044748009
0.807594699	-4.844841675
0.808902545	-4.611303474
0.81021039	-4.220433078
0.811518236	-4.366572796
0.812826082	-4.344603265
0.814133927	-4.46622474
0.815441773	-4.672662076
0.816749619	-4.900094513
0.818057464	-4.838949985
0.81936531	-5.010889974
0.820673156	-5.031604461
0.821981001	-5.109385279
0.823288847	-5.086471357
0.824596693	-5.058684835
0.825904538	-4.933531527
0.827212384	-4.320070944
0.82852023	-4.433306962
0.829828075	-4.388090528
0.831135921	-4.282472195
0.832443767	-4.203263561
0.833751612	-3.657046365
0.835059458	-3.60221273
0.836367304	-3.172190974
0.837675149	-2.575704824
0.838982995	-2.572189994
0.840290841	-2.521231371
0.841598686	-2.385945171
0.842906532	-2.344401052
0.844214378	-2.885495364
0.845522223	-2.926434028
0.846830069	-3.011281438
0.848137915	-3.38020683
0.84944576	-3.303793531
0.850753606	-3.475442298
0.852061452	-3.602057213
0.853369297	-3.515931906
0.854677143	-4.38373477
0.855984989	-4.437484334
0.857292834	-4.373540456
0.85860068	-4.400199201
0.859908526	-4.404022872
0.861216371	-4.299926826
0.862524217	-4.34769857
0.863832063	-4.407430986
0.865139908	-4.85115115
0.866447754	-4.95049493
0.8677556	-5.008594799
0.869063445	-4.53418082
0.870371291	-4.762249382
0.871679137	-4.57274704
0.872986982	-4.794299965
0.874294828	-4.699499784
0.875602674	-4.076852197
0.876910519	-4.205707401
0.878218365	-3.947075683
0.879526211	-3.819492618
0.880834056	-3.756728868
0.882141902	-3.360649628
0.883449748	-3.46912366
0.884757593	-3.459641938
0.886065439	-2.970885157
0.887373285	-3.005597169
0.88868113	-2.878866401
0.889988976	-2.561104122
0.891296822	-2.505132743
0.892604667	-2.298538295
0.893912513	-2.231273074
0.895220359	-2.193810308
0.896528204	-2.322336251
0.89783605	-2.180405133
0.899143896	-1.720862283
0.900451741	-1.382062974
0.901759587	-1.285121366
0.903067433	-1.028509846
0.904375278	-0.945316465
0.905683124	-0.826320253
0.90699097	-0.245124136
0.908298815	-0.221231155
0.909606661	-0.322015521
0.910914507	-0.356807179
0.912222352	-0.299888542
0.913530198	0.025063403
0.914838044	0.260084296
0.916145889	0.273531963
0.917453735	0.677877422
0.918761581	0.864254052
0.920069426	1.040030758
0.921377272	1.248147295
0.922685118	1.221070534
0.923992963	1.575914078
0.925300809	1.811078296
0.926608655	1.956781508
0.9279165	2.276632141
0.929224346	2.368686966
0.930532192	2.505478053
0.931840037	2.716151299
0.933147883	2.779082466
0.934455729	2.895435561
0.935763574	3.087608434
0.93707142	3.087856641
0.938379266	3.268198136
0.939687111	3.436108777
0.940994957	3.833193717
0.942302803	4.038674033
0.943610648	4.181971957
0.944918494	3.996317895
0.94622634	4.21099611
0.947534185	4.051060828
0.948842031	4.310017306
0.950149877	4.589891715
0.951457722	4.65215879
0.952765568	4.645085385
0.954073414	4.72376097
0.955381259	5.011312902
0.956689105	5.131887809
0.957996951	5.291142019
0.959304796	5.308710992
0.960612642	5.34279164
0.961920488	5.585431365
0.963228333	5.588979938
0.964536179	5.843778143
0.965844025	5.979933393
0.96715187	6.263339706
0.968459716	6.327385278
0.969767562	6.546411496
0.971075407	6.580693833
0.972383253	6.959064475
0.973691099	7.216490056
0.974998944	7.007305443
0.97630679	7.176323595
0.977614636	7.441458547
0.978922481	7.752838539
0.980230327	8.262010769
0.981538173	8.196315929
0.982846018	8.43967469
0.984153864	8.676675869
0.98546171	8.698118839
0.986769555	8.923791658
0.988077401	9.298801357
0.989385247	9.598511404
0.990693092	9.973961249
0.992000938	10.2121937
0.993308784	10.75705201
0.994616629	10.96796145
0.995924475	11.17837428
0.997232321	11.88177127
0.998540166	11.79610475
0.999848012	12.02322325
1.001155858	12.5046746
1.002463703	12.43985123
1.003771549	12.83681038
1.005079395	13.21441901
1.00638724	13.39208017
1.007695086	13.72561737
1.009002932	13.80549863
1.010310777	13.92277295
1.011618623	14.25841655
1.012926469	14.47227337
1.014234314	14.69522258
1.01554216	15.08897948
1.016850006	15.19916564
1.018157851	15.60032716
1.019465697	15.7476863
1.020773543	15.6508311
1.022081388	16.2088587
1.023389234	16.11354075
1.02469708	16.21722227
1.026004925	16.40362809
1.027312771	16.35037096
1.028620617	16.01977982
1.029928462	16.11979503
1.031236308	16.33436703
1.032544154	16.29059494
1.033851999	16.49639193
1.035159845	15.71211063
1.036467691	15.77516692
1.037775536	15.65654637
1.039083382	14.53350463
1.040391228	14.78115369
1.041699073	14.16485398
1.043006919	13.24316601
1.044314765	12.91077931
1.04562261	12.20292746
1.046930456	12.06193646
1.048238302	12.08878276
1.049546147	11.09847107
1.050853993	11.1528263
1.052161839	10.78742925
1.053469684	10.37837977
1.05477753	10.54911548
1.056085376	10.09787641
1.057393221	10.15784187
1.058701067	9.86929664
1.060008913	9.246326355
1.061316758	9.695006922
1.062624604	9.474195557
1.06393245	9.350929293
1.065240295	9.342761059
1.066548141	8.579621596
1.067855987	8.45072832
1.069163832	8.822482091
1.070471678	8.746815995
1.071779524	8.917001746
1.073087369	8.374002165
1.074395215	8.423486067
1.075703061	8.507987771
1.077010906	8.788286423
1.078318752	8.963521638
1.079626598	8.747040001
1.080934443	8.211954937
1.082242289	8.250709115
1.083550135	7.806763942
1.08485798	8.016541546
1.086165826	7.726355124
1.087473672	7.684433534
1.088781517	8.070793119
1.090089363	7.985546912
1.091397209	7.712861595
1.092705054	8.140467302
1.0940129	8.122916355
1.095320746	7.772082183
1.096628591	8.116021011
1.097936437	7.845282999
1.099244283	7.795430782
1.100552128	7.679835582
1.101859974	7.423152249
1.10316782	7.559582251
1.104475665	7.179898008
1.105783511	7.516363223
1.107091357	7.499761432
1.108399202	7.643775679
1.109707048	7.865463283
1.111014894	7.45368214
1.112322739	7.245085196
1.113630585	7.296625591
1.114938431	7.105787497
1.116246276	6.546458256
1.117554122	6.822705506
1.118861968	6.348322972
1.120169813	6.555828276
1.121477659	6.196664211
1.122785505	6.080318689
1.12409335	6.27469133
1.125401196	6.059518465
1.126709042	6.085824782
1.128016887	6.228909367
1.129324733	5.736169002
1.130632579	5.578905242
1.131940424	5.95217905
1.13324827	5.332608042
1.134556116	5.792455653
1.135863961	5.63869546
1.137171807	5.492010248
1.138479653	5.761803236
1.139787498	4.808120749
1.141095344	4.824224488
1.14240319	4.797940803
1.143711035	4.472974653
1.145018881	4.821085007
1.146326727	4.594541232
1.147634572	4.534411455
1.148942418	4.638954774
1.150250264	4.153817611
1.151558109	4.253708735
1.152865955	4.107170783
1.154173801	3.803935904
1.155481646	3.895206073
1.156789492	3.820737972
1.158097338	4.140750213
1.159405183	4.119767103
1.160713029	3.541569415
1.162020875	3.48074333
1.16332872	4.089407798
1.164636566	3.828281957
1.165944412	3.663309892
1.167252257	3.69912193
1.168560103	3.225557069
1.169867949	3.51270555
1.171175794	3.433893295
1.17248364	3.413786848
1.173791486	3.298843854
1.175099331	3.009148223
1.176407177	3.115566816
1.177715023	3.092294924
1.179022868	3.130202236
1.180330714	3.073092877
1.18163856	3.095181812
1.182946405	2.857011814
1.184254251	3.176885189
1.185562097	3.129098194
1.186869942	3.809568436
1.188177788	3.543334768
1.189485634	3.433277103
1.190793479	3.436059783
1.192101325	2.964179746
1.193409171	3.211344634
1.194717016	3.202178996
1.196024862	3.246157662
1.197332708	3.33586036
1.198640553	2.86508529
1.199948399	2.943526422
1.201256245	2.894128623
1.20256409	2.693639536
1.203871936	2.800264815
1.205179782	2.471961746
1.206487627	2.3264302
1.207795473	2.468145436
1.209103319	2.205575681
1.210411164	2.453009304
1.21171901	2.186973526
1.213026856	1.749663756
1.214334701	1.763615712
1.215642547	1.781722792
1.216950393	1.644371795
1.218258238	1.687030186
1.219566084	1.387178302
1.22087393	1.289104482
1.222181775	1.069159616
1.223489621	0.842407885
1.224797467	0.954451782
1.226105312	0.509747751
1.227413158	0.13581238
1.228721004	0.225316903
1.230028849	0.593055187
1.231336695	0.592206673
1.232644541	0.488223981
1.233952386	0.049881091
1.235260232	0.176438893
1.236568078	-0.325172795
1.237875923	-0.13738845
1.239183769	-0.071312615
1.240491615	-0.726355527
1.24179946	-0.563749522
1.243107306	-0.710969179
1.244415152	-0.980945881
1.245722997	-0.830407022
1.247030843	-1.334229844
1.248338689	-1.376990537
1.249646534	-1.215400368
1.25095438	-1.744322244
1.252262226	-1.733825742
1.253570071	-1.771498991
1.254877917	-2.238946005
1.256185763	-1.770997876
1.257493608	-1.922368056
1.258801454	-1.904644894
1.2601093	-1.622795441
1.261417145	-2.495387394
1.262724991	-2.442256972
1.264032837	-2.730850016
1.265340682	-2.761342747
1.266648528	-2.664464611
1.267956374	-2.631631583
1.269264219	-2.831414223
1.270572065	-2.657838055
1.271879911	-3.076409081
1.273187756	-3.186319257
1.274495602	-3.028606978
1.275803448	-3.084153891
1.277111293	-3.213732653
1.278419139	-3.811083959
1.279726985	-3.841815623
1.28103483	-3.439519999
1.282342676	-3.931083684
1.283650522	-3.628654013
1.284958367	-3.996804423
1.286266213	-4.119383029
1.287574059	-3.964174931
1.288881904	-4.122807634
1.29018975	-4.312327212
1.291497596	-4.272444989
1.292805441	-4.424731757
1.294113287	-4.382344529
1.295421133	-4.225777952
1.296728978	-4.378651094
1.298036824	-4.839559929
1.29934467	-4.949884021
1.300652515	-4.91015394
1.301960361	-5.182486282
1.303268207	-5.161786741
1.304576052	-5.707018504
1.305883898	-5.548622572
1.307191744	-5.968091558
1.308499589	-5.643194616
1.309807435	-6.135070698
1.311115281	-6.622622997
1.312423126	-6.329465515
1.313730972	-6.428559016
1.315038818	-6.425076216
1.316346663	-6.272671792
1.317654509	-6.721231687
1.318962355	-7.097433923
1.3202702	-7.44369452
1.321578046	-7.418252612
1.322885892	-7.455336724
1.324193737	-7.853483416
1.325501583	-7.461377182
1.326809429	-7.403316719
1.328117274	-7.855684402
1.32942512	-8.067138234
1.330732966	-8.013404509
1.332040811	-7.922231999
1.333348657	-7.892661628
1.334656503	-8.017206331
1.335964348	-7.971801648
1.337272194	-8.148402822
1.33858004	-8.348606275
1.339887885	-8.623033231
1.341195731	-8.68159656
1.342503577	-8.640938542
1.343811422	-8.838569437
1.345119268	-9.138301013
1.346427114	-9.235046732
1.347734959	-9.856435103
1.349042805	-9.641182617
1.350350651	-10.23980881
1.351658496	-10.62837545
1.352966342	-10.86672192
1.354274188	-11.27925578
1.355582033	-11.49561479
1.356889879	-11.63357863
1.358197725	-12.08231704
1.35950557	-12.15639583
1.360813416	-12.11247508
1.362121262	-13.0700595
1.363429107	-12.89163585
1.364736953	-13.00017588
1.366044799	-13.38413627
1.367352644	-13.3838562
1.36866049	-13.52093403
1.369968336	-13.5176855
1.371276181	-13.54850712
1.372584027	-14.25076149
1.373891873	-14.12017313
1.375199718	-14.77419205
1.376507564	-14.8662424
1.37781541	-15.30624565
1.379123255	-15.30253413
1.380431101	-15.63745171
1.381738947	-15.31776266
1.383046792	-15.62955475
1.384354638	-15.96014509
1.385662484	-15.90844414
1.386970329	-16.0330001
1.388278175	-16.14353978
1.389586021	-15.76652367
1.390893866	-15.85347452
1.392201712	-15.69243154
1.393509558	-15.16311147
1.394817403	-15.28289716
1.396125249	-15.21564742
1.397433095	-15.25291435
1.39874094	-15.14511908
1.400048786	-14.9983802
1.401356632	-14.8128989
1.402664477	-14.86582978
1.403972323	-14.73095742
1.405280169	-14.37438735
1.406588014	-15.05898396
1.40789586	-15.57352353
1.409203706	-15.55963002
1.410511551	-15.10758919
1.411819397	-15.52228481
1.413127243	-15.33452807
1.414435088	-14.86494839
1.415742934	-15.20285861
1.41705078	-14.73866314
1.418358625	-14.32499561
1.419666471	-14.30507421
1.420974317	-14.84855432
1.422282162	-15.04840637
1.423590008	-15.08373832
1.424897854	-14.9773002
1.426205699	-15.3445461
1.427513545	-14.98613151
1.428821391	-14.32192472
1.430129236	-14.25047492
1.431437082	-13.35462453
1.432744928	-13.26265543
1.434052773	-13.20273763
1.435360619	-12.44825395
1.436668465	-12.87949191
1.43797631	-13.18109362
1.439284156	-13.58922906
1.440592002	-13.41223955
1.441899847	-13.55709987
1.443207693	-13.64614982
1.444515539	-13.59252049
1.445823384	-13.44293336
1.44713123	-13.48817841
1.448439076	-13.563129
1.449746921	-13.54275572
1.451054767	-13.42996151
1.452362613	-13.31259321
1.453670458	-13.30561205
1.454978304	-13.52841079
1.45628615	-12.83273994
1.457593995	-12.97057536
1.458901841	-12.45283348
1.460209687	-12.76466087
1.461517532	-13.11557543
1.462825378	-13.31800943
1.464133224	-13.09807316
1.465441069	-13.25093364
1.466748915	-13.53027673
1.468056761	-13.3756159
1.469364606	-13.37211788
1.470672452	-13.70249766
1.471980298	-13.81060859
1.473288143	-14.40406308
1.474595989	-14.40724935
1.475903835	-14.54800837
1.47721168	-14.58775127
1.478519526	-14.83040824
1.479827372	-14.99129709
1.481135217	-14.84705193
1.482443063	-15.12039533
1.483750909	-14.7928476
1.485058754	-14.74690146
1.4863666	-14.58079827
1.487674446	-14.15975944
1.488982291	-14.21517163
1.490290137	-13.59669937
1.491597983	-13.31050423
1.492905828	-13.33540347
1.494213674	-13.21390681
1.49552152	-13.30757179
1.496829365	-13.16828058
1.498137211	-12.8379894
1.499445057	-12.6176569
1.500752902	-12.15524754
1.502060748	-12.08926902
1.503368594	-11.93646301
1.504676439	-11.32414408
1.505984285	-11.37822935
1.507292131	-11.41554901
1.508599976	-10.70895514
1.509907822	-10.79199955
1.511215668	-10.35441565
1.512523513	-10.24144314
1.513831359	-9.967340769
1.515139205	-9.608464828
1.51644705	-9.730212156
1.517754896	-8.861435767
1.519062742	-8.314556803
1.520370587	-8.785505752
1.521678433	-7.804951041
1.522986279	-8.023005586
1.524294124	-7.721510544
1.52560197	-7.329220553
1.526909816	-7.246331414
1.528217661	-7.232822203
1.529525507	-6.860476976
1.530833353	-6.827249188
1.532141198	-6.01067936
1.533449044	-5.893343945
1.53475689	-5.710620846
1.536064735	-5.116838637
1.537372581	-5.2634165
1.538680427	-4.706015104
1.539988272	-4.12799999
1.541296118	-4.036894299
1.542603964	-3.582080875
1.543911809	-3.943446658
1.545219655	-3.871220171
1.546527501	-2.887603253
1.547835346	-3.14914135
1.549143192	-3.026151179
1.550451038	-2.754672794
1.551758883	-2.730262837
1.553066729	-2.028276589
1.554374575	-1.834782002
1.55568242	-1.930202922
1.556990266	-1.915891651
1.558298112	-1.948663158
1.559605957	-1.558314582
1.560913803	-1.302679443
1.562221649	-1.424290286
1.563529494	-0.997088867
1.56483734	-1.192916622
1.566145186	-0.896124444
1.567453031	-0.704293473
1.568760877	-0.848056334
1.570068723	-0.142426994
1.571376568	-0.097779343
1.572684414	0.224639505
1.57399226	0.443774339
1.575300105	0.445968899
1.576607951	0.808751773
1.577915797	0.931260972
1.579223642	1.122869442
1.580531488	1.51631949
1.581839334	1.844029277
1.583147179	1.884294223
1.584455025	2.559150652
1.585762871	2.532143101
1.587070716	2.705064676
1.588378562	2.854018402
1.589686408	2.637728451
1.590994253	3.211744537
1.592302099	3.816649293
1.593609945	3.706259743
1.59491779	4.024466266
1.596225636	3.692390428
1.597533482	4.183740794
1.598841327	4.815708935
1.600149173	4.488731927
1.601457019	5.187995884
1.602764864	5.833324519
1.60407271	5.809850851
1.605380556	6.455373979
1.606688401	6.368371991
1.607996247	6.92652867
1.609304093	7.506452137
1.610611938	7.442072674
1.611919784	8.023249882
1.61322763	8.059155252
1.614535475	8.172765633
1.615843321	9.170248997
1.617151167	9.047009115
1.618459012	9.572432341
1.619766858	9.684150788
1.621074704	9.757825012
1.622382549	10.94702899
1.623690395	10.21939745
1.624998241	10.74069772
1.626306086	11.40542611
1.627613932	11.33266398
1.628921778	11.49351148
1.630229623	12.1172194
1.631537469	12.27177331
1.632845315	12.73592346
1.63415316	12.93378915
1.635461006	13.25605363
1.636768852	14.0085748
1.638076697	13.95858691
1.639384543	14.33539692
1.640692389	14.55116712
1.642000234	14.85191074
1.64330808	15.53059886
1.644615926	16.01061535
1.645923771	16.1369017
1.647231617	16.89720307
1.648539463	16.9697508
1.649847308	17.38870086
1.651155154	17.71392309
1.652463	17.80827808
1.653770845	18.38837633
1.655078691	18.65094232
1.656386537	18.85999263
1.657694382	19.55722327
1.659002228	19.42823565
1.660310074	20.05395228
1.661617919	20.57029538
1.662925765	20.52105047
1.664233611	21.66654999
1.665541456	21.82525975
1.666849302	22.0826213
1.668157148	22.1615214
1.669464993	22.16149153
1.670772839	22.8203584
1.672080685	23.31804461
1.67338853	23.33747312
1.674696376	23.77837734
1.676004222	23.78925857
1.677312067	24.07164854
1.678619913	24.46541484
1.679927759	24.47585887
1.681235604	24.66519934
1.68254345	24.99026089
1.683851296	25.30782061
1.685159141	24.93762922
1.686466987	24.5862338
1.687774833	24.011862
1.689082678	23.76838449
1.690390524	23.54815349
1.69169837	23.42718583
1.693006215	23.18445143
1.694314061	23.40806541
1.695621907	22.25605321
1.696929752	22.17946911
1.698237598	21.59560144
1.699545444	20.32570999
1.700853289	20.37917731
1.702161135	19.1719999
1.703468981	18.52429349
1.704776826	18.46114034
1.706084672	16.19250998
1.707392518	16.17997732
1.708700363	15.30257807
1.710008209	14.15935112
1.711316055	14.48260056
1.7126239	12.79650176
1.713931746	12.19926917
1.715239592	12.35635235
1.716547437	10.72739713
1.717855283	10.75284592
1.719163129	10.03620567
1.720470974	9.065780204
1.72177882	9.30729778
1.723086666	7.795062742
1.724394511	7.729559717
1.725702357	7.683441137
1.727010203	7.611263062
1.728318048	7.432989733
1.729625894	7.409985854
1.73093374	7.216317002
1.732241585	7.111266572
1.733549431	6.883399991
1.734857277	6.681815079
1.736165122	6.767833058
1.737472968	6.879990682
1.738780814	6.839046787
1.740088659	7.153873413
1.741396505	7.104259048
1.742704351	6.844872303
1.744012196	6.764018324
1.745320042	6.626427856
1.746627888	6.40057729
1.747935733	6.623753546
1.749243579	6.668019119
1.750551425	6.634046232
1.75185927	6.712334481
1.753167116	6.536785405
1.754474962	6.28178001
1.755782807	6.330102692
1.757090653	6.334173341
1.758398499	6.549565197
1.759706344	6.497087024
1.76101419	6.383004033
1.762322036	6.439633836
1.763629881	6.37647111
1.764937727	6.563798095
1.766245573	6.665321869
1.767553418	6.733439883
1.768861264	6.098403417
1.77016911	5.928218597
1.771476955	5.842661124
1.772784801	5.544806049
1.774092647	5.577679679
1.775400492	6.025219102
1.776708338	5.825214218
1.778016184	5.850698591
1.779324029	5.580380804
1.780631875	5.529659076
1.781939721	5.201306464
1.783247566	5.352471085
1.784555412	5.370587915
1.785863258	5.179443521
1.787171103	5.34404184
1.788478949	4.843076903
1.789786795	4.973734807
1.79109464	4.694045153
1.792402486	4.787900702
1.793710332	4.62017222
1.795018177	4.794326732
1.796326023	4.135993649
1.797633869	4.602135969
1.798941714	4.613203192
1.80024956	4.212558075
1.801557406	4.322660627
1.802865251	4.107938661
1.804173097	3.850501425
1.805480943	3.928865524
1.806788788	3.74064098
1.808096634	3.661377626
1.80940448	3.739832468
1.810712325	3.585534379
1.812020171	3.621838712
1.813328017	3.890103406
1.814635862	3.750257104
1.815943708	3.681466613
1.817251554	3.193775768
1.818559399	3.341522445
1.819867245	3.247889904
1.821175091	3.951981561
1.822482936	3.888728059
1.823790782	3.398310609
1.825098628	3.700794798
1.826406473	3.728656016
1.827714319	3.844889008
1.829022165	3.857958315
1.83033001	3.958092115
1.831637856	4.140455226
1.832945702	4.069641663
1.834253547	3.844029961
1.835561393	3.404298115
1.836869239	3.736290343
1.838177084	3.473307148
1.83948493	3.411412711
1.840792776	3.251105904
1.842100621	3.818760822
1.843408467	3.171703525
1.844716313	3.265354819
1.846024158	3.514388125
1.847332004	3.529705591
1.84863985	3.305259598
1.849947695	3.141918907
1.851255541	3.086776605
1.852563387	2.983033419
1.853871232	3.109649236
1.855179078	3.986422694
1.856486924	3.841668316
1.857794769	3.586429215
1.859102615	3.441109206
1.860410461	3.65855486
1.861718306	3.325080091
1.863026152	3.053340286
1.864333998	2.870102288
1.865641843	3.392917843
1.866949689	3.141352225
1.868257535	2.91267139
1.86956538	2.636622536
1.870873226	2.609361663
1.872181072	2.539611217
1.873488917	2.567609271
1.874796763	2.333653723
1.876104609	2.06379922
1.877412454	1.87499766
1.8787203	1.790091347
1.880028145	1.562570886
1.881335991	1.441993747
1.882643837	1.838667403
1.883951682	1.973818873
1.885259528	1.78838517
1.886567374	1.045551417
1.887875219	1.360806152
1.889183065	1.00258998
1.890490911	0.332109248
1.891798756	0.381458559
1.893106602	0.209738338
1.894414448	0.388322664
1.895722293	0.273976338
1.897030139	-0.216907694
1.898337985	-0.415419831
1.89964583	-0.425548924
1.900953676	-0.892811173
1.902261522	-0.974322628
1.903569367	-1.118870817
1.904877213	-1.219121811
1.906185059	-1.326070739
1.907492904	-1.834603348
1.90880075	-1.661792242
1.910108596	-1.73467284
1.911416441	-1.841829456
1.912724287	-1.704388311
1.914032133	-2.358286191
1.915339978	-2.038559832
1.916647824	-2.151176881
1.91795567	-1.849727651
1.919263515	-1.930364403
1.920571361	-2.0144664
1.921879207	-2.425514665
1.923187052	-2.598687864
1.924494898	-2.606517369
1.925802744	-2.572398005
1.927110589	-2.597922265
1.928418435	-2.377603741
1.929726281	-2.147680097
1.931034126	-2.273323454
1.932341972	-2.500539078
1.933649818	-2.492471437
1.934957663	-2.340860326
1.936265509	-2.089830446
1.937573355	-2.109652693
1.9388812	-2.50400424
1.940189046	-2.356488373
1.941496892	-2.600373507
1.942804737	-2.058545655
1.944112583	-2.012401395
1.945420429	-2.792393108
1.946728274	-2.743344974
1.94803612	-2.742645004
1.949343966	-3.313809006
1.950651811	-3.264674848
1.951959657	-3.397645382
1.953267503	-3.688828135
1.954575348	-3.667818839
1.955883194	-3.461184006
1.95719104	-3.146352062
1.958498885	-3.473478859
1.959806731	-3.194444997
1.961114577	-3.170560068
1.962422422	-3.257270863
1.963730268	-2.870830551
1.965038114	-3.134015521
1.966345959	-3.215299017
1.967653805	-3.020692173
1.968961651	-3.135374712
1.970269496	-3.393552904
1.971577342	-3.695996998
1.972885188	-3.517289788
1.974193033	-3.369504137
1.975500879	-3.582257457
1.976808725	-3.737116202
1.97811657	-3.5260153
1.979424416	-3.24679807
1.980732262	-3.803523161
1.982040107	-4.150502357
1.983347953	-3.953733646
1.984655799	-4.073232486
1.985963644	-4.376357606
1.98727149	-4.006622296
1.988579336	-3.813084306
1.989887181	-3.802326297
1.991195027	-4.433235697
1.992502873	-4.436198703
1.993810718	-4.732746402
1.995118564	-4.492175046
1.99642641	-4.572415097
1.997734255	-4.419232427
1.999042101	-4.550048074
2.000349947	-4.656898726
2.001657792	-4.700949197
2.002965638	-4.84443912
2.004273484	-4.741570444
2.005581329	-5.029754714
2.006889175	-4.944244703
2.008197021	-4.828178402
2.009504866	-4.964696394
2.010812712	-5.109548586
2.012120558	-4.943981017
2.013428403	-5.478042685
2.014736249	-5.71552872
2.016044095	-5.702789349
2.01735194	-5.630300302
2.018659786	-5.885213935
2.019967632	-6.281091506
2.021275477	-6.786526286
2.022583323	-7.181417895
2.023891169	-7.365422885
2.025199014	-7.609196298
2.02650686	-8.01267992
2.027814706	-7.564467807
2.029122551	-7.901380777
2.030430397	-8.146850112
2.031738243	-8.190294561
2.033046088	-8.714803229
2.034353934	-8.745827221
2.03566178	-8.896324799
2.036969625	-9.542700017
2.038277471	-8.917576496
2.039585317	-9.209596654
2.040893162	-9.109449232
2.042201008	-9.0647626
2.043508854	-9.330588034
2.044816699	-9.206663141
2.046124545	-8.949039867
2.047432391	-8.712744434
2.048740236	-8.695812187
2.050048082	-9.203561038
2.051355928	-8.831987932
2.052663773	-9.279496241
2.053971619	-8.325566642
2.055279465	-8.338172407
2.05658731	-7.875825238
2.057895156	-8.382207955
2.059203002	-8.371367524
2.060510847	-7.037051034
2.061818693	-7.354106991
2.063126539	-7.184818226
2.064434384	-6.930673093
2.06574223	-6.84528203
2.067050076	-7.375952724
2.068357921	-7.495053233
2.069665767	-7.41319135
2.070973613	-7.012151844
2.072281458	-6.993579178
2.073589304	-7.39383036
2.07489715	-7.502950586
2.076204995	-7.713734701
2.077512841	-7.11959334
2.078820687	-7.196275384
2.080128532	-6.665522608
2.081436378	-5.979674536
2.082744224	-6.356330857
2.084052069	-6.608825648
2.085359915	-6.887045498
2.086667761	-7.234304506
2.087975606	-7.402479485
2.089283452	-7.464463326
2.090591298	-7.16792172
2.091899143	-7.177904843
2.093206989	-7.389630955
2.094514835	-7.495046377
2.09582268	-7.030511903
2.097130526	-6.896377758
2.098438372	-6.948252504
2.099746217	-6.901829535
2.101054063	-6.695823874
2.102361909	-6.114041245
2.103669754	-6.183610818
2.1049776	-6.386668581
2.106285446	-7.101036872
2.107593291	-6.975867646
2.108901137	-6.796090664
2.110208983	-6.506984324
2.111516828	-6.811921667
2.112824674	-7.065302017
2.11413252	-6.53747738
2.115440365	-6.821349949
2.116748211	-6.679597896
2.118056057	-6.621979012
2.119363902	-6.258865531
2.120671748	-6.301719793
2.121979594	-6.590262735
2.123287439	-6.864269789
2.124595285	-6.983238454
2.125903131	-6.933640663
2.127210976	-7.150615701
2.128518822	-6.767462156
2.129826668	-6.647223955
2.131134513	-6.619338239
2.132442359	-6.72437796
2.133750205	-6.377512135
2.13505805	-5.893366372
2.136365896	-6.264280364
2.137673742	-6.435471198
2.138981587	-6.534440708
2.140289433	-6.351367339
2.141597279	-6.3224913
2.142905124	-6.366589896
2.14421297	-6.527313159
2.145520816	-6.417313908
2.146828661	-6.536024228
2.148136507	-6.495650152
2.149444353	-6.005937145
2.150752198	-6.898981734
2.152060044	-6.985877692
2.15336789	-6.96549254
2.154675735	-6.97036174
2.155983581	-7.131146619
2.157291427	-7.350681847
2.158599272	-7.3148389
2.159907118	-7.499806521
2.161214964	-7.703087476
2.162522809	-7.802148299
2.163830655	-7.625331536
2.165138501	-8.005039298
2.166446346	-8.242025526
2.167754192	-8.531705175
2.169062038	-8.823861173
2.170369883	-8.859768447
2.171677729	-9.155820234
2.172985575	-9.393378405
2.17429342	-9.069661801
2.175601266	-8.823309884
2.176909112	-8.797962214
2.178216957	-9.25571122
2.179524803	-9.157092239
2.180832649	-9.416571375
2.182140494	-9.634389685
2.18344834	-9.695885642
2.184756186	-9.542236306
2.186064031	-9.784014583
2.187371877	-9.491046188
2.188679723	-9.963635107
2.189987568	-10.21180507
2.191295414	-10.2829126
2.19260326	-10.83418479
2.193911105	-10.80512516
2.195218951	-10.73122783
2.196526797	-10.59347559
2.197834642	-10.47465022
2.199142488	-11.00781757
2.200450334	-11.04292749
2.201758179	-10.93945624
2.203066025	-10.94111039
2.204373871	-11.07232502
2.205681716	-11.1659166
2.206989562	-11.00867753
2.208297408	-10.98709174
2.209605253	-10.91251559
2.210913099	-11.13274554
2.212220945	-11.47166299
2.21352879	-11.41878539
2.214836636	-11.38160422
2.216144482	-10.89128671
2.217452327	-10.52247365
2.218760173	-10.55896752
2.220068019	-9.682883856
2.221375864	-9.970808081
2.22268371	-9.895089364
2.223991556	-9.912082605
2.225299401	-9.644916848
2.226607247	-9.375689536
2.227915093	-9.35282884
2.229222938	-9.334198373
2.230530784	-8.872244486
2.23183863	-8.830694881
2.233146475	-9.234328995
2.234454321	-9.341152802
2.235762167	-9.074151188
2.237070012	-9.043554136
2.238377858	-9.083352419
2.239685704	-9.15063346
2.240993549	-9.754505625
2.242301395	-9.804194633
2.243609241	-9.746282594
2.244917086	-10.16339304
2.246224932	-10.33941016
2.247532778	-10.68317693
2.248840623	-10.5525552
2.250148469	-10.89243184
2.251456315	-10.816232
2.25276416	-10.83889685
2.254072006	-10.69366161
2.255379852	-10.56267923
2.256687697	-10.71171818
2.257995543	-11.2084094
2.259303389	-11.35871495
2.260611234	-11.43926089
2.26191908	-12.0935944
2.263226926	-12.44842535
2.264534771	-12.46600131
2.265842617	-12.5495216
2.267150463	-12.51882888
2.268458308	-12.68338835
2.269766154	-12.62346252
2.271074	-12.63068498
2.272381845	-13.15743306
2.273689691	-12.95230556
2.274997537	-13.32095745
2.276305382	-13.67375705
2.277613228	-13.73464463
2.278921074	-13.6486718
2.280228919	-13.92646384
2.281536765	-13.65352267
2.282844611	-12.99263327
2.284152456	-13.33289973
2.285460302	-13.49239265
2.286768148	-13.39371661
2.288075993	-13.36593782
2.289383839	-13.17358169
2.290691685	-13.11737705
2.29199953	-13.13387596
2.293307376	-12.65996229
2.294615222	-12.74646075
2.295923067	-12.4005945
2.297230913	-12.38653813
2.298538759	-12.36326081
2.299846604	-11.53139873
2.30115445	-11.26327466
2.302462296	-11.19730856
2.303770141	-11.39293059
2.305077987	-11.19141645
2.306385833	-10.75905214
2.307693678	-10.36955031
2.309001524	-10.27228685
2.31030937	-10.11805542
2.311617215	-10.0252333
2.312925061	-9.889634789
2.314232907	-8.907910111
2.315540752	-8.886513551
2.316848598	-8.595196289
2.318156444	-8.254773354
2.319464289	-8.674903852
2.320772135	-8.151589345
2.322079981	-8.067085157
2.323387826	-7.818133431
2.324695672	-6.84756715
2.326003518	-6.965021134
2.327311363	-6.651624329
2.328619209	-6.460516981
2.329927055	-6.357469814
2.3312349	-6.056008397
2.332542746	-6.071450808
2.333850592	-5.849733443
2.335158437	-5.284382955
2.336466283	-5.264928635
2.337774129	-4.926719602
2.339081974	-4.515574861
2.34038982	-4.387250025
2.341697666	-4.25401802
2.343005511	-4.00367291
2.344313357	-4.022855644
2.345621203	-2.918200643
2.346929048	-3.266115966
2.348236894	-3.143125559
2.34954474	-2.955558145
2.350852585	-2.938290949
2.352160431	-2.184840766
2.353468277	-1.839268118
2.354776122	-1.697435368
2.356083968	-1.253264529
2.357391814	-1.306595981
2.358699659	-0.875978065
2.360007505	-0.398383869
2.361315351	-0.45970805
2.362623196	0.237291555
2.363931042	0.422240681
2.365238888	0.647681518
2.366546733	1.524420355
2.367854579	1.480771606
2.369162425	2.100391717
2.37047027	2.458502298
2.371778116	2.43170057
2.373085962	3.289927312
2.374393807	3.389721963
2.375701653	3.579285045
2.377009499	4.268187679
2.378317344	4.311994531
2.37962519	4.947989369
2.380933036	5.449201536
2.382240881	5.389910928
2.383548727	5.933471205
2.384856573	6.031974953
2.386164418	6.248599342
2.387472264	7.093793396
2.38878011	7.235118616
2.390087955	7.832468638
2.391395801	8.459293516
2.392703647	8.565608009
2.394011492	9.228421004
2.395319338	9.123428227
2.396627184	9.542120389
2.397935029	9.988553274
2.399242875	10.01099955
2.400550721	10.38010355
2.401858566	10.62839232
2.403166412	10.7561496
2.404474258	11.36281005
2.405782103	11.3943954
2.407089949	11.38164375
2.408397795	11.80451855
2.40970564	11.78770291
2.411013486	12.61224029
2.412321332	13.11032755
2.413629177	13.15862245
2.414937023	13.89176757
2.416244869	13.94711353
2.417552714	13.9231782
2.41886056	14.0901779
2.420168406	14.08438037
2.421476251	14.53697406
2.422784097	14.67257924
2.424091943	14.5915989
2.425399788	16.22146196
2.426707634	16.40910378
2.42801548	16.89244353
2.429323325	17.55747711
2.430631171	17.62402529
2.431939017	18.55565277
2.433246862	18.8350084
2.434554708	18.85408076
2.435862554	19.88536491
2.437170399	19.96567155
2.438478245	20.42253399
2.439786091	21.3158254
2.441093936	21.49331843
2.442401782	21.96336026
2.443709628	21.99804061
2.445017473	22.30328983
2.446325319	22.87625417
2.447633165	23.29618441
2.44894101	23.1378952
2.450248856	23.83950294
2.451556702	23.68341484
2.452864547	24.5956683
2.454172393	24.85044822
2.455480239	24.97250642
2.456788084	25.10355023
2.45809593	25.17455517
2.459403776	25.38149364
2.460711621	25.24881112
2.462019467	25.2101848
2.463327313	25.57371574
2.464635158	25.58893966
2.465943004	25.75375391
2.46725085	25.78926631
2.468558695	25.8403887
2.469866541	25.26831054
2.471174387	24.76883763
2.472482232	24.74875151
2.473790078	24.51091304
2.475097924	24.34974541
2.476405769	24.19962498
2.477713615	23.09915591
2.479021461	22.80016973
2.480329306	21.76483208
2.481637152	20.94282157
2.482944998	21.02441438
2.484252843	18.70364534
2.485560689	18.39581521
2.486868535	17.98656876
2.48817638	15.99809245
2.489484226	15.82353868
2.490792072	14.74097491
2.492099917	13.62263537
2.493407763	13.70903536
2.494715609	12.48298638
2.496023454	12.33094295
2.4973313	11.59602232
2.498639146	10.35042204
2.499946991	10.48245085
2.501254837	9.287074661
2.502562683	8.709382868
2.503870528	8.432773377
2.505178374	6.820842175
2.50648622	6.707183241
2.507794065	6.160851902
2.509101911	5.223712756
2.510409757	5.494219567
2.511717602	4.944329608
2.513025448	4.547654113
2.514333294	4.500389465
2.515641139	4.436375297
2.516948985	3.817958905
2.518256831	3.79506355
2.519564676	3.780285343
2.520872522	3.937686717
2.522180368	3.7251409
2.523488213	4.00290566
2.524796059	4.0401131
2.526103905	3.043457279
2.52741175	3.161494327
2.528719596	3.34306897
2.530027442	3.697274283
2.531335287	3.998698609
2.532643133	3.856380761
2.533950979	3.960705797
2.535258824	4.211920925
2.53656667	4.214090858
2.537874516	4.016194483
2.539182361	3.781693764
2.540490207	3.270649851
2.541798053	2.906591302
2.543105898	2.597977452
2.544413744	2.544991264
2.54572159	2.206980384
2.547029435	1.900078115
2.548337281	2.250649448
2.549645127	2.007918482
2.550952972	2.183143564
2.552260818	2.295343563
2.553568664	2.190645462
2.554876509	2.351861624
2.556184355	2.458473912
2.557492201	2.188693661
2.558800046	2.095118704
2.560107892	2.366275616
2.561415738	2.574081414
2.562723583	2.810513289
2.564031429	2.997145548
2.565339275	2.69942354
2.56664712	2.901958916
2.567954966	2.788222665
2.569262812	2.096469531
2.570570657	2.43786216
2.571878503	1.884221404
2.573186349	2.219093926
2.574494194	1.538489026
2.57580204	1.548535891
2.577109886	1.653059813
2.578417731	1.525643484
2.579725577	1.496281235
2.581033423	1.496706785
2.582341268	1.54252163
2.583649114	1.59891012
2.58495696	1.36693039
2.586264805	1.320966358
2.587572651	1.787129249
2.588880497	1.86173344
2.590188342	1.623029054
2.591496188	1.833001016
2.592804034	1.23350828
2.594111879	1.462893509
2.595419725	1.47972143
2.596727571	0.753739754
2.598035416	0.854446281
2.599343262	0.721349198
2.600651108	0.906570814
2.601958953	0.751227455
2.603266799	0.531219736
2.604574645	0.73718707
2.60588249	0.174923269
2.607190336	0.250873849
2.608498182	0.38921186
2.609806027	0.152704734
2.611113873	0.516043006
2.612421719	0.235832805
2.613729564	-0.232054642
2.61503741	-0.003932939
2.616345256	-0.022377753
2.617653101	-0.323093237
2.618960947	0.110669542
2.620268793	-0.03702758
2.621576638	-0.10750555
2.622884484	0.163328721
2.62419233	0.204654718
2.625500175	-0.051054382
2.626808021	-0.0554405
2.628115867	0.058252564
2.629423712	0.128693009
2.630731558	0.263843125
2.632039404	0.26809713
2.633347249	0.107499108
2.634655095	0.131686053
2.635962941	0.209060722
2.637270786	-0.111052673
2.638578632	-0.352404326
2.639886478	-0.187420179
2.641194323	-0.382904564
2.642502169	-0.520670482
2.643810015	-0.621205594
2.64511786	-0.55518173
2.646425706	-0.583622467
2.647733552	-0.416460776
2.649041397	-0.52486466
2.650349243	-0.334510627
2.651657089	-0.369954232
2.652964934	-0.425001925
2.65427278	-0.52966012
2.655580626	-0.561449553
2.656888471	-0.553981921
2.658196317	-0.465787709
2.659504163	-0.349596075
2.660812008	0.01459633
2.662119854	-0.219349989
2.6634277	-0.283538376
2.664735545	-0.606217119
2.666043391	-0.523744405
2.667351237	-0.641891406
2.668659082	-0.533269312
2.669966928	-0.62708335
2.671274774	-0.627817395
2.672582619	-0.556841549
2.673890465	-0.645470009
2.675198311	-0.734355627
2.676506156	-0.830766666
2.677814002	-0.78857618
2.679121848	-0.562782677
2.680429693	-0.615735585
2.681737539	-0.563088526
2.683045385	-0.594237051
2.68435323	-0.751246011
2.685661076	-0.605910856
2.686968922	-0.585964663
2.688276767	-0.400363067
2.689584613	-0.623777069
2.690892459	-0.598345325
2.692200304	-0.590430169
2.69350815	-0.834751195
2.694815996	-0.963573923
2.696123841	-1.21237191
2.697431687	-1.181131921
2.698739533	-1.297891878
2.700047378	-1.068016234
2.701355224	-0.919169317
2.70266307	-0.745095287
2.703970915	-0.525148426
2.705278761	-0.856571745
2.706586607	-0.898205454
2.707894452	-0.845489874
2.709202298	-0.892609054
2.710510144	-0.270668537
2.711817989	-0.556580015
2.713125835	-0.177619024
2.714433681	0.350601581
2.715741526	0.027246855
2.717049372	-0.388554659
2.718357218	-0.044824624
2.719665063	-0.123066941
2.720972909	-0.359218966
2.722280755	-0.198790169
2.7235886	-0.40800383
2.724896446	-0.835019189
2.726204292	-0.89033721
2.727512137	-0.776572023
2.728819983	-0.845428439
2.730127829	-0.737776952
2.731435674	-0.560515763
2.73274352	-0.473342147
2.734051366	-0.018087882
2.735359211	0.074372604
2.736667057	0.034553277
2.737974903	-0.845441359
2.739282748	-0.424553482
2.740590594	-0.633407274
2.74189844	-0.060024432
2.743206285	-0.192415333
2.744514131	-0.022905787
2.745821977	-0.137278619
2.747129822	0.196499589
2.748437668	-0.246378754
2.749745514	-0.720136882
2.751053359	-0.738605306
2.752361205	-0.882311887
2.753669051	-1.029013209
2.754976896	-1.428247549
2.756284742	-1.1268105
2.757592588	-1.067679699
2.758900433	-1.540695194
2.760208279	-1.463733684
2.761516125	-1.773065661
2.76282397	-2.096377431
2.764131816	-2.216315453
2.765439662	-2.518277825
2.766747507	-2.463851541
2.768055353	-2.771244324
2.769363199	-2.880062663
2.770671044	-3.0659453
2.77197889	-3.241895986
2.773286736	-3.305221363
2.774594581	-3.2559762
2.775902427	-3.341381608
2.777210273	-3.264195872
2.778518118	-3.156191098
2.779825964	-3.289769171
2.78113381	-3.626900964
2.782441655	-3.779559407
2.783749501	-4.261100203
2.785057347	-3.908881263
2.786365192	-4.62311107
2.787673038	-4.337327587
2.788980884	-4.225765189
2.790288729	-4.384965121
2.791596575	-4.414188202
2.792904421	-4.216800147
2.794212266	-4.141682868
2.795520112	-4.279071171
2.796827958	-4.093029069
2.798135803	-4.315048148
2.799443649	-4.428434803
2.800751495	-4.092819025
2.80205934	-4.412277117
2.803367186	-4.839022035
2.804675032	-5.373855796
2.805982877	-5.218959466
2.807290723	-5.042025413
2.808598569	-5.330438348
2.809906414	-4.699740113
2.81121426	-4.499580728
2.812522106	-4.467786793
2.813829951	-4.660440739
2.815137797	-5.180059397
2.816445643	-5.106680935
2.817753488	-5.464017244
2.819061334	-5.80995499
2.82036918	-5.545919875
2.821677025	-5.434027182
2.822984871	-5.725377379
2.824292717	-5.663085553
2.825600562	-5.641848049
2.826908408	-5.754443181
2.828216254	-5.707612143
2.829524099	-5.586675278
2.830831945	-5.867978174
2.832139791	-6.690501112
2.833447636	-6.750839671
2.834755482	-7.151249553
2.836063328	-7.463402151
2.837371173	-7.505796215
2.838679019	-7.866020054
2.839986865	-8.157486235
2.84129471	-8.201578971
2.842602556	-8.343185088
2.843910402	-8.360836137
2.845218247	-8.611280596
2.846526093	-8.875504604
2.847833939	-8.939407756
2.849141784	-8.983365854
2.85044963	-9.074680666
2.851757476	-8.907245491
2.853065321	-8.272822964
2.854373167	-8.458599371
2.855681013	-9.003945704
2.856988858	-9.270330643
2.858296704	-8.951343049
2.85960455	-8.676472398
2.860912395	-8.827497365
2.862220241	-8.898802202
2.863528087	-8.732524549
2.864835932	-8.942608673
2.866143778	-9.474534445
2.867451624	-9.425661659
2.868759469	-9.559002795
2.870067315	-9.263398846
2.871375161	-9.347521117
2.872683006	-9.240631606
2.873990852	-8.764920055
2.875298698	-8.91347872
2.876606543	-8.573636742
2.877914389	-8.499414567
2.879222235	-8.643176886
2.88053008	-8.337295961
2.881837926	-8.597767735
2.883145772	-8.774472897
2.884453617	-8.76411805
2.885761463	-9.08496655
2.887069309	-9.23090516
2.888377154	-8.972912982
2.889685	-8.79881037
2.890992846	-8.703771984
2.892300691	-8.858452042
2.893608537	-8.853114825
2.894916383	-8.84880499
2.896224228	-8.885634013
2.897532074	-8.835561946
2.89883992	-8.657321136
2.900147765	-8.594949512
2.901455611	-8.623357558
2.902763457	-8.676375884
2.904071302	-8.491192512
2.905379148	-8.175838064
2.906686994	-8.141560084
2.907994839	-7.945944091
2.909302685	-7.691393455
2.910610531	-7.708895674
2.911918376	-7.002730871
2.913226222	-7.379521557
2.914534068	-7.181701079
2.915841913	-6.806520525
2.917149759	-6.957128124
2.918457605	-6.973222567
2.91976545	-7.066450222
2.921073296	-7.188201924
2.922381142	-7.343318743
2.923688987	-7.270333349
2.924996833	-7.198676007
2.926304679	-7.413222908
2.927612524	-7.339898607
2.92892037	-7.492681747
2.930228216	-7.579365898
2.931536061	-7.57948906
2.932843907	-7.539901318
2.934151753	-7.570821809
2.935459598	-7.119054423
2.936767444	-7.269981157
2.93807529	-7.072404114
2.939383135	-6.844693135
2.940690981	-6.690394474
2.941998827	-6.950322252
2.943306672	-7.167530498
2.944614518	-7.061825201
2.945922364	-6.911064785
2.947230209	-6.869451695
2.948538055	-6.783218976
2.949845901	-6.64646304
2.951153746	-6.716992228
2.952461592	-6.740588978
2.953769438	-6.548366716
2.955077283	-6.785435472
2.956385129	-6.386766638
2.957692975	-6.291769454
2.95900082	-6.232281643
2.960308666	-6.71145473
2.961616512	-6.978496047
2.962924357	-6.824836343
2.964232203	-6.92890586
2.965540049	-6.874648739
2.966847894	-7.258383867
2.96815574	-7.646669605
2.969463586	-7.57263412
2.970771431	-7.483152712
2.972079277	-7.324130704
2.973387123	-7.74568907
2.974694968	-8.952079716
2.976002814	-8.357563144
2.97731066	-8.964768013
2.978618505	-8.945743715
2.979926351	-8.93929473
2.981234197	-9.176327701
2.982542042	-9.344337783
2.983849888	-9.007813343
2.985157734	-9.329374495
2.986465579	-9.849034954
2.987773425	-9.675238849
2.989081271	-10.07614636
2.990389116	-10.000918
2.991696962	-9.501413218
2.993004808	-9.489441987
2.994312653	-9.311728994
2.995620499	-8.970904239
2.996928345	-8.740957241
2.99823619	-8.72046631
2.999544036	-8.885082648
3.000851882	-8.569034559
3.002159727	-9.265211524
3.003467573	-9.442090192
3.004775419	-9.384900796
3.006083264	-9.883584905
3.00739111	-9.536222092
3.008698956	-9.345042221
3.010006801	-9.129968266
3.011314647	-9.290728511
3.012622493	-9.427302935
3.013930338	-9.415633919
3.015238184	-9.265902995
3.01654603	-9.192169564
3.017853875	-9.267618137
3.019161721	-9.305399741
3.020469567	-8.951062762
3.021777412	-8.68518907
3.023085258	-7.885121818
3.024393104	-8.062959091
3.025700949	-7.663741679
3.027008795	-6.696918842
3.028316641	-6.885504534
3.029624486	-6.155531938
3.030932332	-5.943240671
3.032240178	-5.823418427
3.033548023	-5.407879648
3.034855869	-5.391397429
3.036163715	-4.783135467
3.03747156	-4.396074949
3.038779406	-4.31374408
3.040087252	-3.744417916
3.041395097	-3.605324447
3.042702943	-3.577174015
3.044010789	-2.834878868
3.045318634	-2.582746487
3.04662648	-2.422920761
3.047934326	-1.737526947
3.049242171	-1.692868667
3.050550017	-1.181677845
3.051857863	-1.189509932
3.053165708	-0.883663703
3.054473554	0.092223592
3.0557814	-0.032178316
3.057089245	0.088549659
3.058397091	0.270518213
3.059704937	0.368883979
3.061012782	1.180555084
3.062320628	1.682634988
3.063628474	1.960061469
3.064936319	2.378418815
3.066244165	2.39725534
3.067552011	2.812371998
3.068859856	3.177235144
3.070167702	3.29072541
3.071475548	4.280516449
3.072783393	4.463175084
3.074091239	4.566140905
3.075399085	5.327457697
3.07670693	5.046811141
3.078014776	6.180143947
3.079322622	6.671127554
3.080630467	6.643336007
3.081938313	7.487087025
3.083246159	7.497681574
3.084554004	7.738755738
3.08586185	8.510356899
3.087169696	8.528474569
3.088477541	9.224714983
3.089785387	9.545617554
3.091093233	9.527888211
3.092401078	10.58907703
3.093708924	10.69116884
3.09501677	11.33028212
3.096324615	12.52810861
3.097632461	12.80139698
3.098940307	12.85343337
3.100248152	13.17034758
3.101555998	13.05634298
3.102863844	13.62074974
3.104171689	13.43911362
3.105479535	13.54240336
3.106787381	14.56924577
3.108095226	14.38624225
3.109403072	14.40876412
3.110710918	14.49726755
3.112018763	14.44639554
3.113326609	15.73969035
3.114634455	15.73496072
3.1159423	16.31350604
3.117250146	17.3264541
3.118557992	17.38238098
3.119865837	18.05431637
3.121173683	18.43925554
3.122481529	18.62419711
3.123789374	19.35289812
3.12509722	19.48200125
3.126405066	19.83578135
3.127712911	20.59891428
3.129020757	20.75903277
3.130328603	21.33815661
3.131636448	21.87761602
3.132944294	21.67135698
3.13425214	22.30193332
3.135559985	22.56404235
3.136867831	23.02531348
3.138175677	23.60775868
3.139483522	23.55147825
3.140791368	23.71810573
3.142099214	23.76697497
3.143407059	24.25103933
3.144714905	24.11831499
3.146022751	24.27331927
3.147330596	24.65620258
3.148638442	24.51138384
3.149946288	24.49296079
3.151254133	23.92411201
3.152561979	23.60321102
3.153869825	23.78200373
3.15517767	23.36290389
3.156485516	23.24492773
3.157793362	22.75589801
3.159101207	21.84060305
3.160409053	21.95946149
3.161716899	20.40662612
3.163024744	20.03157559
3.16433259	19.66352672
3.165640436	17.5741036
3.166948281	17.50927625
3.168256127	16.61084178
3.169563973	15.56590263
3.170871818	15.86108902
3.172179664	14.56127192
3.17348751	14.10439613
3.174795355	13.91954248
3.176103201	12.25129471
3.177411047	12.50451318
3.178718892	11.59011359
3.180026738	11.28100393
3.181334584	11.37224847
3.182642429	10.35768825
3.183950275	9.80171751
3.185258121	9.731676397
3.186565966	8.980759105
3.187873812	8.979378052
3.189181658	8.744753808
3.190489503	8.141212696
3.191797349	8.091788111
3.193105195	7.223850048
3.19441304	7.006446853
3.195720886	6.942706193
3.197028732	6.445561558
3.198336577	6.380400506
3.199644423	6.557643414
3.200952269	6.423064078
3.202260114	6.211729418
3.20356796	6.439796481
3.204875806	6.380491016
3.206183651	6.473833339
3.207491497	6.490769837
3.208799343	6.368325231
3.210107188	6.332361376
3.211415034	6.478601414
3.21272288	6.488925332
3.214030725	6.215979564
3.215338571	6.215240074
3.216646417	6.0890478
3.217954262	5.968105351
3.219262108	6.450249878
3.220569954	6.17304568
3.221877799	5.812998317
3.223185645	6.046991361
3.224493491	6.785181689
3.225801336	6.679966918
3.227109182	6.971860057
3.228417028	7.004470779
3.229724873	7.330089859
3.231032719	6.479047852
3.232340565	5.889170493
3.23364841	6.009319029
3.234956256	6.078794925
3.236264102	5.986140317
3.237571947	5.985537276
3.238879793	6.218456328
3.240187639	6.181271114
3.241495484	6.056045245
3.24280333	5.682479733
3.244111176	5.827098949
3.245419021	5.522051446
3.246726867	5.546469264
3.248034713	5.413211394
3.249342558	5.603024445
3.250650404	5.360646149
3.25195825	4.620626724
3.253266095	4.686312961
3.254573941	4.74094507
3.255881787	4.468739326
3.257189632	4.554204919
3.258497478	4.289158541
3.259805324	3.956919119
3.261113169	3.965731963
3.262421015	3.629374737
3.263728861	3.653144775
3.265036706	3.735076405
3.266344552	3.297685106
3.267652398	3.296247062
3.268960243	3.330682502
3.270268089	3.034542525
3.271575935	3.208060593
3.27288378	3.057269758
3.274191626	3.295885853
3.275499472	2.966607876
3.276807317	2.366882639
3.278115163	2.425623122
3.279423009	2.212421588
3.280730854	2.069912309
3.2820387	2.00522582
3.283346546	2.298307096
3.284654391	2.502205352
3.285962237	2.312766753
3.287270083	2.160986468
3.288577928	2.277840913
3.289885774	2.160394196
3.29119362	2.044720656
3.292501465	1.905080579
3.293809311	2.0051841
3.295117157	2.025577409
3.296425002	2.035911585
3.297732848	1.51386131
3.299040694	1.679113789
3.300348539	1.749211208
3.301656385	2.25150557
3.302964231	2.183657875
3.304272076	1.741256442
3.305579922	1.729522347
3.306887768	1.463658238
3.308195613	1.411737896
3.309503459	1.611283227
3.310811305	1.523323634
3.31211915	1.585034938
3.313426996	1.196505245
3.314734842	0.959350018
3.316042687	0.73661941
3.317350533	0.828006758
3.318658379	0.820832091
3.319966224	0.663105105
3.32127407	0.738718416
3.322581916	0.618149807
3.323889761	0.633464283
3.325197607	0.629551292
3.326505453	0.632396475
3.327813298	0.775072908
3.329121144	1.074745694
3.33042899	1.210774902
3.331736835	0.374514482
3.333044681	-0.2053048
3.334352527	0.442510636
3.335660372	0.274078385
3.336968218	0.340278392
3.338276064	0.070885912
3.339583909	0.116637143
3.340891755	0.278115389
3.342199601	0.563707767
3.343507446	-0.230210263
3.344815292	0.041232145
3.346123138	-0.306731419
3.347430983	-0.520539224
3.348738829	-0.528279241
3.350046675	-0.233653826
3.35135452	-0.43667652
3.352662366	-0.67281902
3.353970212	-0.785946789
3.355278057	-0.792745687
3.356585903	-1.304747111
3.357893749	-1.538995635
3.359201594	-1.607837573
3.36050944	-1.764184288
3.361817286	-2.105037837
3.363125131	-2.011883845
3.364432977	-2.309932468
3.365740823	-2.277036536
3.367048668	-2.941335891
3.368356514	-2.921973779
3.36966436	-3.391192698
3.370972205	-3.487254678
3.372280051	-3.620889583
3.373587897	-3.145650874
3.374895742	-3.080998707
3.376203588	-3.021955915
3.377511434	-3.761882557
3.378819279	-3.952718081
3.380127125	-4.2316825
3.381434971	-4.516189133
3.382742816	-4.211710338
3.384050662	-4.18831447
3.385358508	-4.413619533
3.386666353	-4.106107988
3.387974199	-5.19901662
3.389282045	-5.026872054
3.39058989	-5.52763619
3.391897736	-5.942912326
3.393205582	-5.856823356
3.394513427	-6.272516933
3.395821273	-6.066741953
3.397129119	-6.232490648
3.398436964	-6.145443014
3.39974481	-5.842330242
3.401052656	-6.086132523
3.402360501	-5.996428355
3.403668347	-5.715883461
3.404976193	-5.8776124
3.406284038	-6.285924201
3.407591884	-6.621037652
3.40889973	-6.579651687
3.410207575	-6.570198631
3.411515421	-6.365379472
3.412823267	-6.032921971
3.414131112	-6.116601537
3.415438958	-5.644246267
3.416746804	-5.771150147
3.418054649	-5.37598582
3.419362495	-5.218240382
3.420670341	-5.677554199
3.421978186	-5.524348871
3.423286032	-5.215584524
3.424593877	-5.087814055
3.425901723	-5.541583295
3.427209569	-6.027622937
3.428517414	-5.940888481
3.42982526	-6.011428808
3.431133106	-6.156670668
3.432440951	-5.730841441
3.433748797	-5.600828809
3.435056643	-5.770868459
3.436364488	-5.397990476
3.437672334	-5.24492814
3.43898018	-5.518917296
3.440288025	-5.391317379
3.441595871	-5.39721086
3.442903717	-4.77269261
3.444211562	-4.406804214
3.445519408	-4.753972951
3.446827254	-3.853687444
3.448135099	-3.651092624
3.449442945	-3.438007303
3.450750791	-2.821018622
3.452058636	-2.898051611
3.453366482	-3.010035382
3.454674328	-2.998971052
3.455982173	-2.920872293
3.457290019	-3.079572096
3.458597865	-3.131281455
3.45990571	-3.05359241
3.461213556	-3.105342929
3.462521402	-3.346164401
3.463829247	-3.158601895
3.465137093	-3.1613547
3.466444939	-3.226861931
3.467752784	-2.717721529
3.46906063	-2.712003009
3.470368476	-2.86213693
3.471676321	-2.600983032
3.472984167	-2.277136313
3.474292013	-2.694409609
3.475599858	-2.984356434
3.476907704	-3.070945321
3.47821555	-3.514394445
3.479523395	-3.611442264
3.480831241	-3.567350584
3.482139087	-3.638043251
3.483446932	-3.629079969
3.484754778	-4.066112846
3.486062624	-4.654867664
3.487370469	-4.620266864
3.488678315	-4.192236736
3.489986161	-4.422099303
3.491294006	-4.574864729
3.492601852	-5.049184005
3.493909698	-5.104787249
3.495217543	-5.239962771
3.496525389	-5.325046764
3.497833235	-5.375423747
3.49914108	-6.126183726
3.500448926	-6.224657533
3.501756772	-5.987705691
3.503064617	-6.018268447
3.504372463	-6.204751906
3.505680309	-5.532382964
3.506988154	-5.416450161
3.508296	-5.499586245
3.509603846	-5.476392511
3.510911691	-5.521957828
3.512219537	-5.485950796
3.513527383	-5.344074832
3.514835228	-5.188855728
3.516143074	-6.047789485
3.51745092	-6.633769852
3.518758765	-6.62482221
3.520066611	-6.938861751
3.521374457	-6.97634171
3.522682302	-7.112925037
3.523990148	-7.338656251
3.525297994	-7.221333288
3.526605839	-6.923035883
3.527913685	-6.796301945
3.529221531	-6.860718248
3.530529376	-7.402044355
3.531837222	-7.335609052
3.533145068	-7.705027461
3.534452913	-8.168828181
3.535760759	-7.953122897
3.537068605	-7.812313478
3.53837645	-7.876406608
3.539684296	-7.836478576
3.540992142	-8.196894588
3.542299987	-7.679289458
3.543607833	-7.688104871
3.544915679	-7.894118969
3.546223524	-8.096041946
3.54753137	-8.371940279
3.548839216	-8.386446129
3.550147061	-8.527497091
3.551454907	-8.849280546
3.552762753	-8.820709354
3.554070598	-8.936734096
3.555378444	-9.396186556
3.55668629	-9.171435664
3.557994135	-9.231837569
3.559301981	-9.527243832
3.560609827	-9.371017033
3.561917672	-9.748094164
3.563225518	-9.922590665
3.564533364	-9.76332789
3.565841209	-10.15939393
3.567149055	-10.20958724
3.568456901	-10.33939822
3.569764746	-10.34128984
3.571072592	-10.48736012
3.572380438	-10.70189882
3.573688283	-10.93547457
3.574996129	-10.94454561
3.576303975	-10.80524775
3.57761182	-10.78075527
3.578919666	-11.18674552
3.580227512	-11.2195871
3.581535357	-10.9996594
3.582843203	-10.75712626
3.584151049	-10.72894418
3.585458894	-10.75428821
3.58676674	-10.77518953
3.588074586	-10.76425936
3.589382431	-9.88969716
3.590690277	-9.938269326
3.591998123	-9.81138509
3.593305968	-9.66326604
3.594613814	-9.825767734
3.59592166	-9.50708223
3.597229505	-9.38646892
3.598537351	-9.255528105
3.599845197	-8.984890192
3.601153042	-9.209965965
3.602460888	-9.165555328
3.603768734	-8.991323165
3.605076579	-8.695995285
3.606384425	-8.686018788
3.607692271	-8.671469425
3.609000116	-8.752407164
3.610307962	-9.514697116
3.611615808	-9.548505542
3.612923653	-9.705788941
3.614231499	-9.823840286
3.615539345	-9.696699674
3.61684719	-10.07257866
3.618155036	-10.34289297
3.619462882	-10.18558614
3.620770727	-9.973771909
3.622078573	-10.10555953
3.623386419	-10.15322229
3.624694264	-10.24642769
3.62600211	-10.18553974
3.627309956	-9.86215133
3.628617801	-9.67062455
3.629925647	-9.40526912
3.631233493	-9.211232553
3.632541338	-9.181714151
3.633849184	-8.444470299
3.63515703	-8.151709806
3.636464875	-8.02724219
3.637772721	-8.254754674
3.639080567	-8.156171471
3.640388412	-8.156879133
3.641696258	-8.454783292
3.643004104	-8.493741655
3.644311949	-8.350437649
3.645619795	-8.522230993
3.646927641	-8.49073251
3.648235486	-8.069260437
3.649543332	-7.993775189
3.650851178	-8.2717227
3.652159023	-8.32174224
3.653466869	-7.993138583
3.654774715	-7.900386199
3.65608256	-7.548686648
3.657390406	-8.005288601
3.658698252	-8.11993869
3.660006097	-7.9885192
3.661313943	-7.990735458
3.662621789	-7.4417036
3.663929634	-7.401645553
3.66523748	-7.423659524
3.666545326	-7.472877434
3.667853171	-7.519510551
3.669161017	-7.625434476
3.670468863	-7.434938957
3.671776708	-7.418381302
3.673084554	-7.631718337
3.6743924	-7.696998196
3.675700245	-7.337145266
3.677008091	-7.269115885
3.678315937	-7.583363145
3.679623782	-6.998203485
3.680931628	-7.064832604
3.682239474	-6.595246571
3.683547319	-5.974506026
3.684855165	-5.870258976
3.686163011	-5.398349203
3.687470856	-5.505693381
3.688778702	-5.163066981
3.690086548	-4.775859098
3.691394393	-4.706736356
3.692702239	-4.490488733
3.694010085	-3.780100119
3.69531793	-3.729950202
3.696625776	-3.152324252
3.697933622	-2.731501805
3.699241467	-2.587726724
3.700549313	-2.604928192
3.701857159	-2.751352349
3.703165004	-2.760925258
3.70447285	-3.306598548
3.705780696	-2.946778294
3.707088541	-3.016727722
3.708396387	-3.047910162
3.709704233	-3.044610019
3.711012078	-2.955163421
3.712319924	-3.052006419
3.71362777	-3.183289453
3.714935615	-3.859544984
3.716243461	-4.011607614
3.717551307	-4.063184742
3.718859152	-4.22437271
3.720166998	-4.221127454
3.721474844	-3.576144386
3.722782689	-3.273011515
3.724090535	-3.194370011
3.725398381	-3.831762111
3.726706226	-4.335684781
3.728014072	-3.890830961
3.729321918	-3.399545176
3.730629763	-3.424876009
3.731937609	-2.923209991
3.733245455	-3.024111774
3.7345533	-3.053627006
3.735861146	-2.881519653
3.737168992	-2.741194017
3.738476837	-2.734399431
3.739784683	-3.219354987
3.741092529	-3.128341059
3.742400374	-3.294824359
3.74370822	-3.186816911
3.745016066	-2.975503441
3.746323911	-2.622092266
3.747631757	-2.759284924
3.748939603	-2.817590509
3.750247448	-2.670288378
3.751555294	-2.570423943
3.75286314	-2.026410155
3.754170985	-1.724581368
3.755478831	-1.256392239
3.756786677	-0.869363699
3.758094522	-0.919967569
3.759402368	-0.539912622
3.760710214	-0.264685953
3.762018059	-0.075819424
3.763325905	0.355675656
3.764633751	0.445363581
3.765941596	0.515586104
3.767249442	0.801354942
3.768557288	0.691889963
3.769865133	1.460049893
3.771172979	1.703613512
3.772480825	1.698762277
3.77378867	2.611423951
3.775096516	2.567444038
3.776404362	2.562415999
3.777712207	2.707677547
3.779020053	2.465234942
3.780327899	3.275970059
3.781635744	3.398657383
3.78294359	3.574220771
3.784251436	3.677850827
3.785559281	3.282091494
3.786867127	3.860749108
3.788174973	3.939553472
3.789482818	3.654459563
3.790790664	4.167370058
3.79209851	4.369097583
3.793406355	4.243078872
3.794714201	4.270714663
3.796022047	4.277326155
3.797329892	4.32562615
3.798637738	4.613754058
3.799945584	4.800353572
3.801253429	5.254254586
3.802561275	5.16446806
3.803869121	4.7736047
3.805176966	5.012929875
3.806484812	4.802884843
3.807792658	5.318516326
3.809100503	5.527715661
3.810408349	5.516736372
3.811716195	5.900966023
3.81302404	5.755961476
3.814331886	5.644686785
3.815639732	5.893181475
3.816947577	5.929966289
3.818255423	6.016818248
3.819563269	5.928221872
3.820871114	5.979923195
3.82217896	6.052948651
3.823486806	5.728630864
3.824794651	5.913395768
3.826102497	6.099911388
3.827410343	5.556511927
3.828718188	6.145326171
3.830026034	6.127489885
3.83133388	5.755207849
3.832641725	6.020307586
3.833949571	6.082305206
3.835257417	6.222877561
3.836565262	5.941732414
3.837873108	5.892486064
3.839180954	6.569885149
3.840488799	6.931191032
3.841796645	6.747054308
3.843104491	7.014332481
3.844412336	7.133812174
3.845720182	7.206667066
3.847028028	7.573941705
3.848335873	7.614588751
3.849643719	8.154812307
3.850951565	8.023027449
3.85225941	8.081416125
3.853567256	8.58357376
3.854875102	8.320639495
3.856182947	8.635223178
3.857490793	9.339454245
3.858798639	8.920298239
3.860106484	9.019317287
3.86141433	9.241098041
3.862722176	9.126824644
3.864030021	9.952117914
3.865337867	9.863576988
3.866645713	9.941004055
3.867953558	10.13994946
3.869261404	10.04789543
3.87056925	10.41798271
3.871877095	10.44360231
3.873184941	10.36125362
3.874492787	10.41674694
3.875800632	10.23731819
3.877108478	10.41844801
3.878416324	10.50958621
3.879724169	10.54313256
3.881032015	10.02685636
3.882339861	9.987336715
3.883647706	10.14283278
3.884955552	9.959148568
3.886263398	9.933272531
3.887571243	9.494696057
3.888879089	9.010702371
3.890186935	8.960373347
3.89149478	8.1413213
3.892802626	7.858226199
3.894110472	7.730990662
3.895418317	6.580009753
3.896726163	6.401205145
3.898034009	6.096931449
3.899341854	5.585768523
3.9006497	5.560846249
3.901957546	4.79558408
3.903265391	4.595848534
3.904573237	4.420993655
3.905881083	4.2870877
3.907188928	4.253669351
3.908496774	3.981890029
3.90980462	3.41210411
3.911112465	3.552120285
3.912420311	3.236794965
3.913728157	3.102308691
3.915036002	2.970688547
3.916343848	2.742278258
3.917651694	2.592877641
3.918959539	2.234119209
3.920267385	1.43383715
3.921575231	1.389151095
3.922883076	1.007354765
3.924190922	0.907147095
3.925498768	0.666098993
3.926806613	0.557570386
3.928114459	0.603385493
3.929422305	0.379992766
3.93073015	0.159110743
3.932037996	0.165497557
3.933345842	-0.091346968
3.934653687	-0.170162424
3.935961533	-0.51663987
3.937269379	-0.700269613
3.938577224	-0.700524205
3.93988507	-0.448483328
3.941192916	-0.174456495
3.942500761	-0.148756696
3.943808607	-1.05924433
3.945116453	-1.376380538
3.946424298	-1.208915877
3.947732144	-1.684522669
3.94903999	-1.420088853
3.950347835	-2.055347587
3.951655681	-2.014708582
3.952963527	-1.68823701
3.954271372	-2.827042992
3.955579218	-2.731443513
3.956887064	-2.923296869
3.958194909	-3.043822714
3.959502755	-3.085854898
3.960810601	-2.988969355
3.962118446	-3.22423789
3.963426292	-3.511535734
3.964734138	-3.655257143
3.966041983	-3.527287941
3.967349829	-3.359634491
3.968657675	-3.604311394
3.96996552	-3.732664927
3.971273366	-3.627960183
3.972581212	-3.861819961
3.973889057	-3.627343371
3.975196903	-4.245987463
3.976504749	-3.935293617
3.977812594	-4.353936637
3.97912044	-4.379932945
3.980428286	-4.585810874
3.981736131	-5.132946716
3.983043977	-5.428983734
3.984351823	-5.626738841
3.985659668	-5.70076824
3.986967514	-5.640275819
3.98827536	-5.49479413
3.989583205	-5.312148084
3.990891051	-5.24759827
3.992198897	-5.595926274
3.993506742	-5.66991533
3.994814588	-5.594925452
3.996122434	-6.179950552
3.997430279	-6.14884308
3.998738125	-6.081779291
4.000045971	-5.828474049
4.001353816	-5.948020377
4.002661662	-6.689626629
4.003969508	-6.938046942
4.005277353	-6.929374899
4.006585199	-6.458034498
4.007893045	-6.637101015
4.00920089	-6.941695567
4.010508736	-7.386628691
4.011816582	-7.558859675
4.013124427	-7.251693426
4.014432273	-7.341375719
4.015740119	-7.179756776
4.017047964	-7.548083429
4.01835581	-7.68108875
4.019663656	-7.328804375
4.020971501	-7.220538408
4.022279347	-7.286793235
4.023587193	-7.071398538
4.024895038	-7.267061429
4.026202884	-7.052485338
4.02751073	-6.708066473
4.028818575	-6.931470287
4.030126421	-6.74800966
4.031434267	-6.121109122
4.032742112	-6.127489268
4.034049958	-6.189067926
4.035357804	-6.274640438
4.036665649	-6.285209058
4.037973495	-5.510288292
4.039281341	-5.577572058
4.040589186	-5.431758606
4.041897032	-5.204281054
4.043204878	-5.325559845
4.044512723	-4.710715008
4.045820569	-4.590793553
4.047128415	-4.685200212
4.04843626	-4.71488117
4.049744106	-4.739603695
4.051051952	-4.401717449
4.052359797	-3.967245191
4.053667643	-3.932923063
4.054975489	-3.290859127
4.056283334	-3.504241801
4.05759118	-3.503993178
4.058899026	-3.088053817
4.060206871	-3.060993564
4.061514717	-3.044186391
4.062822563	-3.159891241
4.064130408	-3.35877931
4.065438254	-3.747001654
4.0667461	-3.975888524
4.068053945	-3.949936034
4.069361791	-3.720838522
4.070669637	-3.870707233
4.071977482	-3.797214015
4.073285328	-3.929597007
4.074593174	-4.043826461
4.075901019	-3.841948641
4.077208865	-3.876449454
4.078516711	-3.855491196
4.079824556	-3.646605406
4.081132402	-3.669238504
4.082440248	-3.323912005
4.083748093	-3.241530284
4.085055939	-3.497596896
4.086363785	-2.702434894
4.08767163	-2.77438366
4.088979476	-2.61294566
4.090287322	-2.090086923
4.091595167	-2.116021955
4.092903013	-2.240554003
4.094210859	-2.55722318
4.095518704	-2.619061367
4.09682655	-3.298383007
4.098134396	-3.321163771
4.099442241	-3.573675904
4.100750087	-3.889833812
4.102057933	-3.841852452
4.103365778	-3.719676262
4.104673624	-3.509242707
4.10598147	-3.532025935
4.107289315	-3.658948578
4.108597161	-3.752784541
4.109905007	-3.734112663
4.111212852	-3.731159779
4.112520698	-3.804628817
4.113828544	-4.335127647
4.115136389	-4.495169075
4.116444235	-4.684002424
4.117752081	-4.249371372
4.119059926	-4.370240346
4.120367772	-4.564868686
4.121675618	-4.572805182
4.122983463	-4.821210043
4.124291309	-4.949900626
4.125599155	-5.051149177
4.126907	-5.252213853
4.128214846	-4.701975173
4.129522692	-4.713469999
4.130830537	-4.86066724
4.132138383	-4.963957143
4.133446229	-4.829447163
4.134754074	-4.407015132
4.13606192	-4.381929148
4.137369766	-4.489171836
4.138677611	-4.74844835
4.139985457	-4.99863893
4.141293303	-4.936619632
4.142601148	-4.735458911
4.143908994	-4.921065472
4.14521684	-5.375610226
4.146524685	-5.61486881
4.147832531	-5.404187316
4.149140377	-5.324462501
4.150448222	-5.270578678
4.151756068	-5.396815347
4.153063914	-5.594426698
4.154371759	-5.636248813
4.155679605	-5.406457052
4.156987451	-5.363008008
4.158295296	-5.238851835
4.159603142	-5.091898336
4.160910988	-5.012170347
4.162218833	-4.769530818
4.163526679	-4.576634385
4.164834525	-4.320439793
4.16614237	-4.682533762
4.167450216	-4.686640305
4.168758062	-4.859182123
4.170065907	-4.591811062
4.171373753	-4.671022406
4.172681599	-4.843859628
4.173989444	-5.180383657
4.17529729	-5.155261749
4.176605136	-4.532418984
4.177912981	-4.495365648
4.179220827	-4.592892545
4.180528673	-4.362019032
4.181836518	-4.444583104
4.183144364	-4.567360847
4.18445221	-4.741379339
4.185760055	-4.53402732
4.187067901	-5.065531241
4.188375747	-5.0941356
4.189683592	-5.283926764
4.190991438	-5.353336039
4.192299284	-5.324606785
4.193607129	-4.54974377
4.194914975	-4.213677339
4.196222821	-4.281923547
4.197530666	-4.814392449
4.198838512	-4.741304908
4.200146358	-4.751151407
4.201454203	-4.727740545
4.202762049	-4.853909149
4.204069895	-5.543071107
4.20537774	-6.279471094
4.206685586	-6.192093619
4.207993432	-5.073362612
4.209301277	-4.684428733
4.210609123	-4.516092792
4.211916969	-4.197781221
4.213224814	-4.313504692
4.21453266	-3.963864756
4.215840506	-3.918888025
4.217148351	-3.88476759
4.218456197	-3.57073005
4.219764043	-3.465646268
4.221071888	-3.33461301
4.222379734	-2.632922513
4.22368758	-2.603942281
4.224995425	-2.550028017
4.226303271	-2.567063987
4.227611117	-2.606736505
4.228918962	-2.277819587
4.230226808	-2.210712841
4.231534654	-1.769242994
4.232842499	-1.583241221
4.234150345	-1.648497614
4.235458191	-1.103057106
4.236766036	-0.772458519
4.238073882	-0.754883666
4.239381728	-0.282765793
4.240689573	-0.254507434
4.241997419	-0.017177986
4.243305265	0.668862478
4.24461311	0.653684347
4.245920956	1.437730311
4.247228802	1.633172527
4.248536647	1.625666676
4.249844493	1.746254396
4.251152339	1.906195221
4.252460184	2.167953839
4.25376803	2.69338233
4.255075876	2.761154008
4.256383721	3.038000588
4.257691567	3.219241613
4.258999413	3.533727003
4.260307258	4.112997418
4.261615104	3.98675112
4.26292295	4.408707507
4.264230795	4.712064771
4.265538641	4.890995062
4.266846487	5.221384861
4.268154332	5.473348567
4.269462178	5.84076811
4.270770024	6.018580599
4.272077869	5.934777021
4.273385715	6.172430267
4.274693561	6.552814099
4.276001406	6.573666085
4.277309252	6.869260139
4.278617098	6.950740938
4.279924943	6.963795969
4.281232789	7.303123454
4.282540635	7.159781512
4.28384848	7.466006095
4.285156326	7.900871213
4.286464172	7.645364368
4.287772017	8.09414377
4.289079863	8.156665447
4.290387709	8.464488887
4.291695554	9.340496044
4.2930034	9.477087425
4.294311246	9.835076289
4.295619091	10.26054094
4.296926937	10.20520568
4.298234783	10.94128344
4.299542628	11.07929988
4.300850474	11.27128963
4.30215832	11.7490962
4.303466165	11.72549792
4.304774011	12.406962
4.306081857	12.71882097
4.307389702	12.78808373
4.308697548	13.54456716
4.310005394	13.45863342
4.311313239	13.86777985
4.312621085	14.56304376
4.313928931	14.33041269
4.315236776	14.45848882
4.316544622	14.79542235
4.317852468	14.62016636
4.319160313	14.67906441
4.320468159	14.61098225
4.321776005	14.72163276
4.32308385	14.88684288
4.324391696	14.82836277
4.325699542	14.89529112
4.327007387	14.96878621
4.328315233	14.88413959
4.329623079	14.58187035
4.330930924	14.42890222
4.33223877	14.189778
4.333546616	13.95635662
4.334854461	14.26753542
4.336162307	14.75528839
4.337470153	15.26745909
4.338777998	15.62209791
4.340085844	14.56232923
4.34139369	14.43182016
4.342701535	13.93694467
4.344009381	13.18813508
4.345317227	13.10668115
4.346625072	11.81521141
4.347932918	11.3801696
4.349240764	11.23211732
4.350548609	9.721677817
4.351856455	9.684001592
4.353164301	9.153530727
4.354472146	8.324614855
4.355779992	8.29508128
4.357087838	7.305680002
4.358395683	6.896136413
4.359703529	6.642422553
4.361011375	5.858745995
4.36231922	5.763769279
4.363627066	5.130248009
4.364934912	4.419100144
4.366242757	4.390718995
4.367550603	3.964529044
4.368858449	3.832011107
4.370166294	3.746122526
4.37147414	3.624816545
4.372781986	3.588358798
4.374089831	3.441292248
4.375397677	3.292448677
4.376705523	3.433691075
4.378013368	3.303405472
4.379321214	3.165998347
4.38062906	3.005794848
4.381936905	2.587210896
4.383244751	2.637254638
4.384552597	2.245095394
4.385860442	1.981212344
4.387168288	2.250261587
4.388476134	2.311818894
4.389783979	2.316301401
4.391091825	2.34973961
4.392399671	1.91552048
4.393707516	1.980965547
4.395015362	1.804341778
4.396323208	1.722910744
4.397631053	1.683131645
4.398938899	1.419095118
4.400246745	1.594747482
4.40155459	1.508495924
4.402862436	1.479251581
4.404170282	1.704138399
4.405478127	1.612944685
4.406785973	1.668954766
4.408093819	2.057199476
4.409401664	1.919881402
4.41070951	1.865110915
4.412017356	1.822239735
4.413325201	1.498036944
4.414633047	1.599674014
4.415940893	1.567426145
4.417248738	1.738941553
4.418556584	1.806124541
4.41986443	1.548313926
4.421172275	1.589959998
4.422480121	1.717002172
4.423787967	1.92999105
4.425095812	1.912927324
4.426403658	1.531859451
4.427711504	1.188420008
4.429019349	1.148320012
4.430327195	1.40859435
4.431635041	1.548712438
4.432942886	1.324673049
4.434250732	0.600012661
4.435558578	0.758225889
4.436866423	0.574038576
4.438174269	0.633056321
4.439482115	0.474385396
4.44078996	0.096752835
4.442097806	0.224785152
4.443405652	0.331700616
4.444713497	0.116856057
4.446021343	0.109167776
4.447329189	0.20716335
4.448637034	0.239929315
4.44994488	0.155935587
4.451252726	-0.005612029
4.452560571	0.132227671
4.453868417	-0.041743086
4.455176263	-0.053036003
4.456484108	0.010633755
4.457791954	-0.127116165
4.4590998	-0.152017436
4.460407645	-0.218978018
