x	zg centrado sin panza
0.001961194	0.192401879
0.003268656	0.113307955
0.004576118	0.149491833
0.005883581	-0.0368885
0.007191043	-0.113489696
0.008498505	-0.104214973
0.009805968	0.028586079
0.01111343	0.06808177
0.012420892	0.054132711
0.013728355	0.085911464
0.015035817	-0.028480593
0.016343279	-0.020886755
0.017650742	0.068763475
0.018958204	-0.089428786
0.020265667	-0.135791078
0.021573129	0.00391545
0.022880591	0.081599178
0.024188054	-0.027245476
0.025495516	-0.144967133
0.026802978	-0.231549418
0.028110441	0.141534074
0.029417903	0.87041351
0.030725365	0.895128898
0.032032828	0.627669706
0.03334029	0.36614971
0.034647753	0.323082541
0.035955215	0.846092522
0.037262677	1.065463148
0.03857014	1.135426098
0.039877602	1.05984043
0.041185064	1.347828894
0.042492527	1.006735629
0.043799989	1.098850224
0.045107451	1.123720429
0.046414914	1.410177048
0.047722376	1.5630732
0.049029838	1.507639044
0.050337301	1.448009929
0.051644763	1.4517409
0.052952226	1.629453129
0.054259688	1.613510128
0.05556715	1.561254613
0.056874613	1.262222475
0.058182075	1.228306976
0.059489537	1.174424874
0.060797	1.045137837
0.062104462	1.113635885
0.063411924	1.002994698
0.064719387	0.935569471
0.066026849	0.961770396
0.067334311	0.913627638
0.068641774	0.646256564
0.069949236	0.714960222
0.071256699	0.427456814
0.072564161	0.512162302
0.073871623	0.692015453
0.075179086	0.53154317
0.076486548	0.498646011
0.07779401	0.685979433
0.079101473	0.442017241
0.080408935	0.562298661
0.081716397	0.739567079
0.08302386	0.870774207
0.084331322	0.9520376
0.085638784	0.724690155
0.086946247	0.743185396
0.088253709	1.008067937
0.089561172	1.066231953
0.090868634	0.883900768
0.092176096	0.619475071
0.093483559	0.605652801
0.094791021	0.733647705
0.096098483	0.631114933
0.097405946	0.70502739
0.098713408	0.743552199
0.10002087	0.584351244
0.101328333	0.671352424
0.102635795	0.641851662
0.103943258	0.520689165
0.10525072	0.426524249
0.106558182	0.355144268
0.107865645	0.457488698
0.109173107	0.594181782
0.110480569	0.471530983
0.111788032	0.443927346
0.113095494	0.244410309
0.114402956	0.182255796
0.115710419	0.42244413
0.117017881	0.425632509
0.118325343	0.25324581
0.119632806	0.410669483
0.120940268	0.431314699
0.122247731	0.516662924
0.123555193	0.371082004
0.124862655	0.456603202
0.126170118	0.105825056
0.12747758	-0.073795453
0.128785042	0.084725084
0.130092505	0.029422622
0.131399967	0.033198718
0.132707429	0.049198086
0.134014892	-0.047504093
0.135322354	-0.03674418
0.136629816	-0.233404641
0.137937279	-0.091373282
0.139244741	-0.018408064
0.140552204	-0.042521986
0.141859666	-0.128205742
0.143167128	-0.227568815
0.144474591	-0.202102574
0.145782053	-0.115309176
0.147089515	-0.354607977
0.148396978	-0.351388792
0.14970444	-0.479754498
0.151011902	-0.469244362
0.152319365	-0.548538289
0.153626827	-0.873860468
0.15493429	-0.926109765
0.156241752	-0.93431084
0.157549214	-0.854741451
0.158856677	-1.033156855
0.160164139	-1.145919331
0.161471601	-1.12082573
0.162779064	-1.17612095
0.164086526	-0.969747633
0.165393988	-0.72238538
0.166701451	-0.801161041
0.168008913	-0.849717192
0.169316375	-0.896415001
0.170623838	-0.947124535
0.1719313	-0.720410097
0.173238763	-0.868280985
0.174546225	-1.092900041
0.175853687	-1.185688049
0.17716115	-1.294739179
0.178468612	-1.158400515
0.179776074	-1.136183233
0.181083537	-1.201203574
0.182390999	-1.184622529
0.183698461	-1.307173129
0.185005924	-1.187074005
0.186313386	-1.175465961
0.187620848	-1.331481486
0.188928311	-1.178415993
0.190235773	-1.350552561
0.191543236	-1.614079459
0.192850698	-1.579917742
0.19415816	-1.75915747
0.195465623	-1.558485384
0.196773085	-1.355047845
0.198080547	-1.308855367
0.19938801	-1.594405809
0.200695472	-1.5702742
0.202002934	-1.530612385
0.203310397	-1.422034966
0.204617859	-1.337406657
0.205925322	-1.284553734
0.207232784	-1.324749297
0.208540246	-1.292296317
0.209847709	-0.916082756
0.211155171	-0.794061701
0.212462633	-0.969736104
0.213770096	-1.133527598
0.215077558	-1.002724789
0.21638502	-0.864141539
0.217692483	-0.905870615
0.218999945	-0.817641704
0.220307407	-0.84560456
0.22161487	-0.838128385
0.222922332	-0.934380056
0.224229795	-0.83876545
0.225537257	-0.722691582
0.226844719	-0.685255955
0.228152182	-0.680205664
0.229459644	-0.653741075
0.230767106	-0.05782439
0.232074569	-0.025348161
0.233382031	-0.138062143
0.234689493	-0.152367927
0.235996956	-0.141281839
0.237304418	-0.290067231
0.23861188	-0.2039866
0.239919343	-0.206547381
0.241226805	0.132782817
0.242534268	0.104588062
0.24384173	0.186950873
0.245149192	0.390558751
0.246456655	0.324500177
0.247764117	0.356461068
0.249071579	0.380892366
0.250379042	0.341584945
0.251686504	0.446072088
0.252993966	0.517069075
0.254301429	0.414301036
0.255608891	0.64960284
0.256916353	0.646899834
0.258223816	0.963116781
0.259531278	0.905441532
0.260838741	0.858393157
0.262146203	1.048998046
0.263453665	1.0132267
0.264761128	1.050485638
0.26606859	0.728110622
0.267376052	0.576186562
0.268683515	0.688491412
0.269990977	0.598075686
0.271298439	0.799153727
0.272605902	0.741769723
0.273913364	0.860540111
0.275220827	0.682810371
0.276528289	0.673831213
0.277835751	0.75345974
0.279143214	0.898498967
0.280450676	0.907229956
0.281758138	0.932251815
0.283065601	0.927182273
0.284373063	0.990863615
0.285680525	0.852660122
0.286987988	0.748976641
0.28829545	0.817113
0.289602912	0.659743513
0.290910375	0.977040379
0.292217837	0.973694005
0.2935253	1.215818583
0.294832762	1.113996024
0.296140224	0.977102458
0.297447687	1.063838793
0.298755149	1.119755091
0.300062611	1.151639821
0.301370074	1.049876366
0.302677536	0.962563113
0.303984998	0.884525319
0.305292461	0.826708561
0.306599923	0.904284435
0.307907385	0.985897232
0.309214848	0.900863915
0.31052231	0.970656479
0.311829773	0.777383027
0.313137235	0.823548526
0.314444697	0.534125684
0.31575216	0.363578201
0.317059622	0.381043514
0.318367084	0.503896056
0.319674547	0.424100368
0.320982009	0.327753949
0.322289471	0.285071994
0.323596934	0.101916827
0.324904396	0.147909485
0.326211859	0.274910487
0.327519321	0.272872174
0.328826783	0.160795861
0.330134246	-0.113334865
0.331441708	0.208729963
0.33274917	0.183596416
0.334056633	0.19009404
0.335364095	0.181026502
0.336671557	0.327660448
0.33797902	0.177181703
0.339286482	0.324522546
0.340593944	0.304962527
0.341901407	0.466741879
0.343208869	0.617250163
0.344516332	0.462404223
0.345823794	0.323120517
0.347131256	0.298682771
0.348438719	0.286647514
0.349746181	0.205957118
0.351053643	0.349060411
0.352361106	0.561177537
0.353668568	0.392825443
0.35497603	0.373544655
0.356283493	0.441622554
0.357590955	0.233420092
0.358898417	0.55547087
0.36020588	0.256511184
0.361513342	0.365226107
0.362820805	0.074030998
0.364128267	0.217156365
0.365435729	0.24454501
0.366743192	0.343482162
0.368050654	0.301072117
0.369358116	0.271368069
0.370665579	0.286248329
0.371973041	0.264077091
0.373280503	0.068157308
0.374587966	0.076352284
0.375895428	0.369254908
0.377202891	0.474428641
0.378510353	0.184159256
0.379817815	0.061709622
0.381125278	0.296379725
0.38243274	0.232487711
0.383740202	0.529377346
0.385047665	0.297960786
0.386355127	0.488735535
0.387662589	0.195999002
0.388970052	0.193130227
0.390277514	0.354658679
0.391584976	0.292854969
0.392892439	0.343565211
0.394199901	0.335900155
0.395507364	0.412016269
0.396814826	0.227103359
0.398122288	-0.114629047
0.399429751	-0.029814641
0.400737213	-0.090635638
0.402044675	-0.143079508
0.403352138	-0.130857221
0.4046596	-0.611021755
0.405967062	-0.467532651
0.407274525	-0.442245546
0.408581987	-0.51282329
0.409889449	-0.487532391
0.411196912	-0.734105453
0.412504374	-0.700777666
0.413811837	-0.651011065
0.415119299	-0.799538294
0.416426761	-0.763545404
0.417734224	-0.87287329
0.419041686	-0.910705567
0.420349148	-0.82908732
0.421656611	-0.974521918
0.422964073	-0.919810069
0.424271535	-0.988425734
0.425578998	-1.000180061
0.42688646	-0.846406981
0.428193922	-0.812520575
0.429501385	-0.734210136
0.430808847	-0.867459471
0.43211631	-1.008481834
0.433423772	-0.542069961
0.434731234	-0.725214696
0.436038697	-0.844191626
0.437346159	-0.697580811
0.438653621	-0.648530562
0.439961084	-0.398528555
0.441268546	-0.302644759
0.442576008	-1.013305749
0.443883471	-1.088861385
0.445190933	-1.105089566
0.446498396	-0.883767372
0.447805858	-1.023386058
0.44911332	-1.274707011
0.450420783	-1.018432353
0.451728245	-1.195117216
0.453035707	-1.139132451
0.45434317	-1.100574834
0.455650632	-0.872742627
0.456958094	-1.071727427
0.458265557	-1.291774847
0.459573019	-1.374089821
0.460880481	-1.300459824
0.462187944	-1.227354042
0.463495406	-1.562169475
0.464802869	-1.478690707
0.466110331	-1.466022133
0.467417793	-1.289292447
0.468725256	-1.332194581
0.470032718	-1.290525128
0.47134018	-1.329955353
0.472647643	-1.271546491
0.473955105	-1.489348899
0.475262567	-1.341159419
0.47657003	-1.157220287
0.477877492	-1.343115221
0.479184954	-1.377913478
0.480492417	-1.38832312
0.481799879	-1.288172379
0.483107342	-1.139309573
0.484414804	-1.089009959
0.485722266	-1.253785782
0.487029729	-1.167783756
0.488337191	-1.140995146
0.489644653	-1.159456042
0.490952116	-1.167146723
0.492259578	-1.19917356
0.49356704	-0.903208244
0.494874503	-0.738485432
0.496181965	-0.888262873
0.497489428	-0.902266598
0.49879689	-0.863328331
0.500104352	-0.940760016
0.501411815	-0.72624654
0.502719277	-0.9384004
0.504026739	-0.745848251
0.505334202	-0.737753066
0.506641664	-0.451838244
0.507949126	-0.407629624
0.509256589	-0.233323378
0.510564051	-0.100021978
0.511871513	-0.258093648
0.513178976	-0.267454243
0.514486438	-0.194457044
0.515793901	-0.20935765
0.517101363	-0.144155723
0.518408825	-0.108006078
0.519716288	-0.22615961
0.52102375	-0.106386509
0.522331212	0.031029204
0.523638675	0.065489809
0.524946137	0.270514042
0.526253599	0.463108107
0.527561062	0.36951758
0.528868524	0.143276427
0.530175986	0.075401748
0.531483449	0.194794888
0.532790911	0.425166341
0.534098374	0.424760722
0.535405836	0.627702442
0.536713298	0.772446288
0.538020761	0.740154179
0.539328223	0.850253687
0.540635685	1.029793944
0.541943148	1.230927045
0.54325061	1.120626996
0.544558072	1.030348716
0.545865535	0.939361673
0.547172997	0.961176579
0.54848046	0.925487002
0.549787922	1.034701762
0.551095384	1.144701484
0.552402847	1.275224544
0.553710309	0.957947881
0.555017771	1.355420034
0.556325234	1.343770896
0.557632696	1.222021193
0.558940158	1.168101988
0.560247621	1.237585888
0.561555083	1.30123607
0.562862545	1.37687593
0.564170008	1.395265241
0.56547747	1.479171354
0.566784933	1.490756405
0.568092395	1.389277177
0.569399857	1.51150199
0.57070732	1.415237819
0.572014782	1.398364445
0.573322244	1.419131611
0.574629707	1.376166866
0.575937169	1.70395123
0.577244631	1.630373811
0.578552094	1.423660597
0.579859556	1.521500944
0.581167018	1.12371708
0.582474481	1.166980569
0.583781943	1.173763037
0.585089406	1.329849234
0.586396868	1.399239574
0.58770433	1.117614846
0.589011793	0.893277896
0.590319255	0.976242896
0.591626717	0.787492087
0.59293418	0.710742047
0.594241642	0.685061713
0.595549104	0.695291331
0.596856567	0.695244426
0.598164029	0.525688882
0.599471491	0.51992208
0.600778954	0.668990655
0.602086416	0.658605929
0.603393879	0.438384939
0.604701341	0.614354724
0.606008803	0.399986743
0.607316266	0.486653476
0.608623728	0.483011608
0.60993119	0.389043247
0.611238653	0.501816268
0.612546115	0.231198
0.613853577	0.170123228
0.61516104	0.2660381
0.616468502	0.04509068
0.617775965	0.271525034
0.619083427	0.04488031
0.620390889	-0.108037226
0.621698352	0.071787397
0.623005814	0.385840799
0.624313276	0.104906121
0.625620739	0.130044724
0.626928201	0.031010341
0.628235663	0.251140193
0.629543126	-0.072713145
0.630850588	-0.28777553
0.63215805	-0.206545208
0.633465513	-0.088337266
0.634772975	0.084400898
0.636080438	0.092534394
0.6373879	-0.302014417
0.638695362	-0.304277531
0.640002825	-0.153932378
0.641310287	-0.063342301
0.642617749	-0.041774283
0.643925212	0.223170672
0.645232674	0.216219243
0.646540136	0.133727837
0.647847599	-0.111151044
0.649155061	0.191736845
0.650462523	0.307028495
0.651769986	0.362623608
0.653077448	0.483443772
0.654384911	0.527422614
0.655692373	0.396429828
0.656999835	0.345967366
0.658307298	-0.317316874
0.65961476	-0.309719346
0.660922222	-0.352153415
0.662229685	-0.37023263
0.663537147	-0.305379286
0.664844609	-0.333485478
0.666152072	-0.43523718
0.667459534	-0.319457913
0.668766997	-0.266220216
0.670074459	-0.364969375
0.671381921	-0.280249364
0.672689384	-0.013485914
0.673996846	0.182527935
0.675304308	-0.501936647
0.676611771	-0.259926876
0.677919233	-0.260528441
0.679226695	-0.272025873
0.680534158	-0.040494145
0.68184162	-0.107118363
0.683149082	-0.05380484
0.684456545	-0.117520487
0.685764007	-0.259138433
0.68707147	-0.140169743
0.688378932	-0.401450999
0.689686394	-0.689608089
0.690993857	-0.588431918
0.692301319	-0.563668621
0.693608781	-0.419841025
0.694916244	-0.481548969
0.696223706	-0.451803046
0.697531168	-0.360645171
0.698838631	-0.484262625
0.700146093	-0.415103619
0.701453555	-0.242879079
0.702761018	-0.186452984
0.70406848	-0.14815492
0.705375943	-0.232796235
0.706683405	-0.446920999
0.707990867	-0.448479021
0.70929833	-0.360428498
0.710605792	-0.143336809
0.711913254	-0.085876211
0.713220717	-0.255806418
0.714528179	-0.245884637
0.715835641	-0.256623336
0.717143104	0.047030154
0.718450566	-0.015491432
0.719758028	0.100097084
0.721065491	0.120231131
0.722372953	0.056750587
0.723680416	0.091096917
0.724987878	0.200112566
0.72629534	0.256495511
0.727602803	0.135247766
0.728910265	0.258269524
0.730217727	0.198409299
0.73152519	0.236614235
0.732832652	0.249184016
0.734140114	0.3288638
0.735447577	0.422969895
0.736755039	0.430331841
0.738062502	0.319682657
0.739369964	0.314985105
0.740677426	0.462390836
0.741984889	0.376976245
0.743292351	0.491776311
0.744599813	0.337547976
0.745907276	0.486526122
0.747214738	0.641184704
0.7485222	0.582109593
0.749829663	0.65884203
0.751137125	0.63383239
0.752444587	0.641465681
0.75375205	0.605913983
0.755059512	0.543449361
0.756366975	0.644030933
0.757674437	0.687221313
0.758981899	0.732650776
0.760289362	0.70166231
0.761596824	0.744399227
0.762904286	0.962964695
0.764211749	1.048436151
0.765519211	0.926309645
0.766826673	0.908742485
0.768134136	1.095251971
0.769441598	1.134874905
0.77074906	1.045153247
0.772056523	1.259071166
0.773363985	1.266603576
0.774671448	0.968634909
0.77597891	1.298897392
0.777286372	1.208982388
0.778593835	1.35261075
0.779901297	1.453400972
0.781208759	1.347474855
0.782516222	1.458955703
0.783823684	1.535197253
0.785131146	1.51838943
0.786438609	1.425138124
0.787746071	1.326713099
0.789053534	1.469110427
0.790360996	1.349122479
0.791668458	1.567541125
0.792975921	1.646472537
0.794283383	1.709703968
0.795590845	1.825128001
0.796898308	1.593183004
0.79820577	1.670102221
0.799513232	1.621252651
0.800820695	1.706911124
0.802128157	1.705702919
0.803435619	1.747120055
0.804743082	1.719341187
0.806050544	1.720880202
0.807358007	1.559252569
0.808665469	1.52897406
0.809972931	1.680723041
0.811280394	1.668489691
0.812587856	1.724768472
0.813895318	1.671376089
0.815202781	1.551332208
0.816510243	1.750739015
0.817817705	1.795469723
0.819125168	1.762838859
0.82043263	1.683655668
0.821740092	1.580704546
0.823047555	1.549561268
0.824355017	1.3681567
0.82566248	1.301120455
0.826969942	1.483716485
0.828277404	1.203357438
0.829584867	1.236853457
0.830892329	1.106259114
0.832199791	1.148396225
0.833507254	1.109999992
0.834814716	1.045706357
0.836122178	1.176145422
0.837429641	1.138004855
0.838737103	1.036159763
0.840044566	0.985311123
0.841352028	0.953129389
0.84265949	0.978021596
0.843966953	0.927188195
0.845274415	0.733454248
0.846581877	0.672447575
0.84788934	0.675474471
0.849196802	0.769328136
0.850504264	0.672693137
0.851811727	0.486477201
0.853119189	0.547328807
0.854426651	0.594284778
0.855734114	0.783242102
0.857041576	0.845460899
0.858349039	0.804978233
0.859656501	0.860078579
0.860963963	0.914001906
0.862271426	0.82938428
0.863578888	0.617052189
0.86488635	0.835957166
0.866193813	0.861791997
0.867501275	0.651191694
0.868808737	0.903761264
0.8701162	1.155909161
0.871423662	1.281678408
0.872731124	1.134902822
0.874038587	1.235905174
0.875346049	1.339446154
0.876653512	1.254204935
0.877960974	1.295914964
0.879268436	1.329657813
0.880575899	1.559269311
0.881883361	1.652472648
0.883190823	1.649214261
0.884498286	1.454048128
0.885805748	1.491595955
0.88711321	1.182845472
0.888420673	1.126117633
0.889728135	1.303714675
0.891035597	1.364610684
0.89234306	1.318952388
0.893650522	1.360387789
0.894957985	1.374457808
0.896265447	1.329652035
0.897572909	1.121598732
0.898880372	1.120820906
0.900187834	1.168385959
0.901495296	1.165572834
0.902802759	1.043044642
0.904110221	0.980994536
0.905417683	0.965652757
0.906725146	1.059660636
0.908032608	1.088203693
0.909340071	1.023616796
0.910647533	1.142730653
0.911954995	1.244603111
0.913262458	1.240054895
0.91456992	1.272927867
0.915877382	1.157284383
0.917184845	1.18499785
0.918492307	1.099088596
0.919799769	1.01888574
0.921107232	1.006391044
0.922414694	0.901456261
0.923722156	0.946554192
0.925029619	0.834517693
0.926337081	0.746972233
0.927644544	0.828792328
0.928952006	0.32399103
0.930259468	0.39270279
0.931566931	0.348902264
0.932874393	0.363553822
0.934181855	0.355681391
0.935489318	0.218134443
0.93679678	0.096374006
0.938104242	0.26315425
0.939411705	0.284559144
0.940719167	0.277774175
0.942026629	0.087206808
0.943334092	0.113921193
0.944641554	0.153439805
0.945949017	0.133458875
0.947256479	-0.070283677
0.948563941	0.033575626
0.949871404	0.136398061
0.951178866	0.228680132
0.952486328	0.084998478
0.953793791	-0.134681141
0.955101253	0.067590128
0.956408715	-0.228364388
0.957716178	-0.104054482
0.95902364	-0.04549421
0.960331103	-0.219689575
0.961638565	0.014480928
0.962946027	-0.317498493
0.96425349	-0.353403318
0.965560952	-0.370247586
0.966868414	-0.008502408
0.968175877	-0.063346746
0.969483339	-0.076947885
0.970790801	-0.293727075
0.972098264	-0.013113478
0.973405726	0.117595003
0.974713188	-0.188491454
0.976020651	-0.22630974
0.977328113	-0.356075269
0.978635576	-0.284328445
0.979943038	-0.065324438
0.9812505	-0.066707282
0.982557963	0.127116759
0.983865425	0.000156779
0.985172887	-0.223755912
0.98648035	-0.134481651
0.987787812	0.365016879
0.989095274	0.472198585
0.990402737	0.332145017
0.991710199	-0.12575833
0.993017661	0.121164084
0.994325124	0.223990183
0.995632586	0.369600544
0.996940049	0.662518873
0.998247511	0.21515847
0.999554973	0.193633589
1.000862436	0.409775294
1.002169898	0.509795897
1.00347736	0.631602741
1.004784823	0.559036708
1.006092285	0.48335941
1.007399747	0.634153306
1.00870721	0.39415523
1.010014672	0.379773987
1.011322135	0.358626203
1.012629597	0.271668572
1.013937059	0.251850859
1.015244522	0.434558616
1.016551984	0.39692864
1.017859446	0.670012171
1.019166909	0.997831116
1.020474371	0.973658071
1.021781833	1.08440962
1.023089296	0.780105993
1.024396758	0.834185281
1.02570422	0.888947147
1.027011683	0.935052485
1.028319145	0.770957546
1.029626608	0.098901972
1.03093407	0.785561569
1.032241532	0.802996366
1.033548995	1.111902612
1.034856457	0.793757064
1.036163919	1.231415352
1.037471382	1.488236167
1.038778844	1.503385014
1.040086306	0.935548816
1.041393769	1.077959676
1.042701231	1.054509594
1.044008693	0.803147369
1.045316156	0.968886071
1.046623618	1.043928214
1.047931081	1.179427979
1.049238543	1.298515678
1.050546005	1.038506924
1.051853468	1.162467472
1.05316093	1.237592001
1.054468392	1.404606645
1.055775855	1.457313568
1.057083317	1.38726583
1.058390779	1.198389427
1.059698242	1.133596481
1.061005704	1.404742679
1.062313166	1.437546744
1.063620629	1.455227405
1.064928091	1.321852863
1.066235554	1.187632245
1.067543016	0.917317153
1.068850478	1.049101947
1.070157941	1.334298638
1.071465403	1.241613061
1.072772865	1.031211396
1.074080328	1.009228462
1.07538779	1.415109815
1.076695252	1.401839512
1.078002715	1.476840338
1.079310177	1.354450813
1.08061764	1.473158426
1.081925102	1.493963837
1.083232564	1.174740754
1.084540027	1.404066345
1.085847489	0.915490832
1.087154951	1.229654366
1.088462414	1.76498498
1.089769876	1.800430682
1.091077338	1.777434195
1.092384801	1.553389679
1.093692263	1.711182749
1.094999725	1.41899565
1.096307188	1.438461819
1.09761465	1.543985632
1.098922113	1.23825089
1.100229575	1.189508491
1.101537037	1.477380704
1.1028445	1.456877464
1.104151962	0.935455091
1.105459424	1.262495671
1.106766887	0.973949067
1.108074349	0.895119876
1.109381811	0.718991452
1.110689274	0.556162332
1.111996736	0.924111295
1.113304198	0.96344339
1.114611661	0.979188752
1.115919123	0.419926092
1.117226586	0.344348506
1.118534048	0.416698615
1.11984151	0.637688869
1.121148973	0.716118639
1.122456435	0.638890797
1.123763897	0.779851311
1.12507136	0.89400824
1.126378822	0.87979878
1.127686284	1.130711842
1.128993747	1.071887979
1.130301209	0.838137586
1.131608672	1.470021733
1.132916134	1.01656947
1.134223596	1.014233444
1.135531059	0.864853008
1.136838521	0.828327197
1.138145983	1.243405904
1.139453446	1.004133826
1.140760908	1.336258275
1.14206837	1.46882467
1.143375833	1.317712544
1.144683295	1.090207969
1.145990757	1.264472943
1.14729822	1.247531877
1.148605682	1.431723945
1.149913145	1.476365714
1.151220607	1.254523494
1.152528069	1.448417952
1.153835532	1.303455713
1.155142994	0.999206141
1.156450456	0.591287335
1.157757919	0.502193616
1.159065381	0.559237
1.160372843	0.756670638
1.161680306	1.336334397
1.162987768	1.687043366
1.16429523	1.40569045
1.165602693	0.86347782
1.166910155	1.187032722
1.168217618	0.666720791
1.16952508	0.441716567
1.170832542	0.67916872
1.172140005	0.432971298
1.173447467	0.447383919
1.174754929	0.26204933
1.176062392	0.134209428
1.177369854	0.358264909
1.178677316	0.332163243
1.179984779	0.092098237
1.181292241	0.545299771
1.182599704	-0.285411002
1.183907166	-0.011908635
1.185214628	-0.261644345
1.186522091	-0.143207709
1.187829553	-0.310747323
1.189137015	-0.45094072
1.190444478	-0.302368187
1.19175194	-0.210845781
1.193059402	-0.030140554
1.194366865	0.071105797
1.195674327	0.041088444
1.196981789	0.058415931
1.198289252	0.31395871
1.199596714	0.431472944
1.200904177	0.545472796
1.202211639	0.426031838
1.203519101	-0.264815994
1.204826564	-0.181777578
1.206134026	-0.356760578
1.207441488	-0.423423408
1.208748951	-0.101901618
1.210056413	0.086313394
1.211363875	0.082603584
1.212671338	-0.026837539
1.2139788	-0.350057049
1.215286262	-0.024737319
1.216593725	-0.120730138
1.217901187	-0.061865994
1.21920865	-0.032838872
1.220516112	0.334462724
1.221823574	0.211375132
1.223131037	0.062679717
1.224438499	0.161425376
1.225745961	0.300466232
1.227053424	0.229709016
1.228360886	0.287866079
1.229668348	0.766031155
1.230975811	0.841284909
1.232283273	0.948338953
1.233590735	0.850548616
1.234898198	0.555189749
1.23620566	0.316768092
1.237513123	0.443883232
1.238820585	0.540445864
1.240128047	0.594724584
1.24143551	0.494240045
1.242742972	0.526430551
1.244050434	0.600352456
1.245357897	0.213366376
1.246665359	0.382474964
1.247972821	-0.066134436
1.249280284	0.109502024
1.250587746	-0.088868769
1.251895209	0.265269092
1.253202671	0.610903398
1.254510133	0.225667136
1.255817596	0.088452942
1.257125058	0.032777
1.25843252	-0.20130444
1.259739983	0.055178363
1.261047445	-0.25185364
1.262354907	-0.31120074
1.26366237	-0.387675863
1.264969832	-0.586734665
1.266277294	-0.57006434
1.267584757	-0.34067889
1.268892219	-0.534056178
1.270199682	-0.893320105
1.271507144	-0.54821564
1.272814606	-0.797520066
1.274122069	-0.561421757
1.275429531	-0.551297202
1.276736993	-0.776396286
1.278044456	-1.005459763
1.279351918	-0.896661062
1.28065938	-0.499924774
1.281966843	-0.821509391
1.283274305	-0.828886378
1.284581767	-0.9372829
1.28588923	-0.872284292
1.287196692	-0.762774748
1.288504155	-0.713476278
1.289811617	-0.718901475
1.291119079	-0.858041347
1.292426542	-0.70851168
1.293734004	-0.826464487
1.295041466	-0.695723658
1.296348929	-0.958139313
1.297656391	-1.969396124
1.298963853	-1.769595095
1.300271316	-1.996242084
1.301578778	-2.293296406
1.302886241	-1.793020116
1.304193703	-2.422000787
1.305501165	-2.027790252
1.306808628	-2.171109234
1.30811609	-1.534704472
1.309423552	-1.663905847
1.310731015	-1.674285392
1.312038477	-1.43130378
1.313345939	-1.31524735
1.314653402	-1.866226963
1.315960864	-1.770806767
1.317268326	-1.409451325
1.318575789	-1.626602768
1.319883251	-2.027069758
1.321190714	-2.413139628
1.322498176	-2.373981601
1.323805638	-2.565031366
1.325113101	-1.862449895
1.326420563	-1.755636732
1.327728025	-2.237756497
1.329035488	-2.705330844
1.33034295	-2.500588021
1.331650412	-2.39448733
1.332957875	-2.324215801
1.334265337	-2.161948536
1.335572799	-1.958192543
1.336880262	-2.011308355
1.338187724	-2.073303441
1.339495187	-2.306852209
1.340802649	-2.415929222
1.342110111	-2.580787082
1.343417574	-2.441021385
1.344725036	-2.345508915
1.346032498	-2.103495605
1.347339961	-2.617159947
1.348647423	-1.892838398
1.349954885	-2.373117122
1.351262348	-2.210024554
1.35256981	-2.24377972
1.353877272	-2.430692284
1.355184735	-2.271582
1.356492197	-2.495352958
1.35779966	-2.571197602
1.359107122	-2.027401756
1.360414584	-1.562681629
1.361722047	-1.657018138
1.363029509	-2.020117942
1.364336971	-2.014295601
1.365644434	-2.059392351
1.366951896	-2.219079985
1.368259358	-2.116189903
1.369566821	-2.063690508
1.370874283	-1.959000237
1.372181746	-2.056916785
1.373489208	-1.493618686
1.37479667	-1.891408098
1.376104133	-1.826812817
1.377411595	-2.704341381
1.378719057	-2.135161102
1.38002652	-1.834785703
1.381333982	-1.471565716
1.382641444	-1.649920342
1.383948907	-1.334589146
1.385256369	-1.278352622
1.386563831	-1.028812384
1.387871294	-1.078233606
1.389178756	-1.237397518
1.390486219	-1.113488464
1.391793681	-1.327365998
1.393101143	-1.119425927
1.394408606	-1.238311489
1.395716068	-1.294248541
1.39702353	-1.387999
1.398330993	-1.390882148
1.399638455	-1.824250539
1.400945917	-1.29702352
1.40225338	-1.206413726
1.403560842	-1.243242595
1.404868304	-0.283707229
1.406175767	-0.378435222
1.407483229	-0.361301559
1.408790692	-0.316504709
1.410098154	-0.243648061
1.411405616	-0.556548357
1.412713079	-0.992380698
1.414020541	-0.860315537
1.415328003	-0.083943855
1.416635466	-0.169034254
1.417942928	-0.188874225
1.41925039	-0.316335709
1.420557853	-0.35524432
1.421865315	0.026245654
1.423172778	0.241380524
1.42448024	0.355667301
1.425787702	0.074092361
1.427095165	0.038209366
1.428402627	0.075236924
1.429710089	0.006607596
1.431017552	0.04417839
1.432325014	0.124034291
1.433632476	0.199002131
1.434939939	0.294036129
1.436247401	0.569605554
1.437554863	0.060824212
1.438862326	0.119324717
1.440169788	-0.001260128
1.441477251	0.127026527
1.442784713	0.586835771
1.444092175	0.717367078
1.445399638	1.042119555
1.4467071	1.183232294
1.448014562	0.977418114
1.449322025	1.119537512
1.450629487	1.534843285
1.451936949	1.579048885
1.453244412	1.690870208
1.454551874	1.253448428
1.455859336	1.056923036
1.457166799	1.01845567
1.458474261	1.018454245
1.459781724	1.058395888
1.461089186	0.81695224
1.462396648	0.677423235
1.463704111	0.916618062
1.465011573	0.985850189
1.466319035	0.796074896
1.467626498	0.755916219
1.46893396	1.14698662
1.470241422	1.005962116
1.471548885	1.106331027
1.472856347	0.735199405
1.47416381	0.739318168
1.475471272	0.848242746
1.476778734	1.174478443
1.478086197	1.45926289
1.479393659	1.281769388
1.480701121	1.152528528
1.482008584	0.883515634
1.483316046	0.577832662
1.484623508	0.471526807
1.485930971	0.521940224
1.487238433	0.399744949
1.488545895	0.345486623
1.489853358	0.167979077
1.49116082	0.399594189
1.492468283	0.585330858
1.493775745	0.334976322
1.495083207	0.110417355
1.49639067	-0.144506368
1.497698132	-0.293546159
1.499005594	-0.133714264
1.500313057	-0.15486317
1.501620519	-0.269826584
1.502927981	-0.157436741
1.504235444	-0.203983921
1.505542906	0.075483583
1.506850368	0.077231018
1.508157831	-0.068649323
1.509465293	0.055536046
1.510772756	-0.020626729
1.512080218	-0.186757945
1.51338768	-0.212806317
1.514695143	-0.114009348
1.516002605	-0.294425903
1.517310067	0.314078605
1.51861753	0.670062097
1.519924992	0.092213931
1.521232454	0.489164305
1.522539917	-0.035355584
1.523847379	-0.083764028
1.525154841	-0.036303822
1.526462304	0.49961449
1.527769766	0.232326859
1.529077229	0.131606233
1.530384691	0.120500165
1.531692153	0.195587461
1.532999616	0.257424282
1.534307078	0.018559779
1.53561454	0.070537744
1.536922003	0.22019789
1.538229465	-0.059529916
1.539536927	0.052039607
1.54084439	0.114913066
1.542151852	0.067305526
1.543459315	-0.211617107
1.544766777	-0.514614413
1.546074239	-0.067439457
1.547381702	-0.396186352
1.548689164	-0.617244475
1.549996626	-0.632453036
1.551304089	-0.655585196
1.552611551	-0.823748796
1.553919013	-0.663037708
1.555226476	-0.399295207
1.556533938	-0.47614641
1.5578414	-0.138755423
1.559148863	-0.092417661
1.560456325	-0.007740963
1.561763788	0.225795586
1.56307125	0.197548286
1.564378712	0.372906927
1.565686175	0.698305057
1.566993637	0.666309144
1.568301099	0.658063462
1.569608562	0.617375396
1.570916024	0.311307218
1.572223486	0.560985353
1.573530949	0.151763634
1.574838411	-0.120543004
1.576145873	-0.100286803
1.577453336	-0.126834289
1.578760798	-0.119544546
1.580068261	-0.277788236
1.581375723	-0.176874468
1.582683185	0.080679534
1.583990648	-0.105897736
1.58529811	-0.262218544
1.586605572	-0.209194494
1.587913035	-0.130633858
1.589220497	-0.305896712
1.590527959	-0.25531968
1.591835422	0.288990656
1.593142884	0.071027239
1.594450347	-0.284849744
1.595757809	-0.560531895
1.597065271	-0.400362151
1.598372734	0.029437979
1.599680196	-0.042687368
1.600987658	-0.098337823
1.602295121	0.042255238
1.603602583	0.18566606
1.604910045	0.03704464
1.606217508	0.267119122
1.60752497	0.406861806
1.608832432	0.616159057
1.610139895	0.775739769
1.611447357	0.968854024
1.61275482	0.797974385
1.614062282	0.742017577
1.615369744	0.948506646
1.616677207	0.839315286
1.617984669	1.086053258
1.619292131	0.659107643
1.620599594	0.370818111
1.621907056	0.798104654
1.623214518	0.536478577
1.624521981	0.685385793
1.625829443	0.665424515
1.627136905	0.46360294
1.628444368	0.39945698
1.62975183	0.173536139
1.631059293	0.52727815
1.632366755	0.473925437
1.633674217	0.250456085
1.63498168	0.241522184
1.636289142	0.162508813
1.637596604	-0.058344554
1.638904067	0.179986562
1.640211529	0.062791372
1.641518991	0.531498255
1.642826454	0.208381366
1.644133916	0.548538863
1.645441379	0.384138608
1.646748841	0.336652592
1.648056303	0.540202752
1.649363766	0.528794441
1.650671228	0.497942725
1.65197869	0.503577136
1.653286153	0.59678893
1.654593615	0.485601829
1.655901077	0.649482078
1.65720854	0.810891718
1.658516002	0.748974435
1.659823464	0.679256653
1.661130927	0.955571667
1.662438389	1.36759927
1.663745852	1.463044048
1.665053314	1.279720216
1.666360776	1.392795545
1.667668239	1.114659109
1.668975701	1.255064248
1.670283163	1.147638398
1.671590626	1.439501739
1.672898088	1.837404133
1.67420555	1.801323959
1.675513013	1.286187191
1.676820475	1.154099734
1.678127937	1.14313511
1.6794354	1.596804414
1.680742862	1.478737897
1.682050325	1.318524085
1.683357787	1.530883843
1.684665249	1.965470674
1.685972712	1.302289949
1.687280174	0.8001928
1.688587636	1.293066142
1.689895099	0.846316108
1.691202561	1.085882696
1.692510023	1.099800956
1.693817486	1.315430658
1.695124948	1.24526353
1.69643241	0.779862703
1.697739873	0.642277202
1.699047335	0.584264938
1.700354798	0.258650627
1.70166226	0.372670419
1.702969722	0.529537666
1.704277185	0.491957451
1.705584647	0.388148947
1.706892109	0.66916339
1.708199572	0.603823381
1.709507034	0.348290057
1.710814496	0.746058406
1.712121959	0.38808375
1.713429421	0.133177229
1.714736884	0.361847029
1.716044346	0.210198758
1.717351808	0.516265781
1.718659271	0.543171496
1.719966733	0.493327952
1.721274195	0.519050753
1.722581658	0.447700028
1.72388912	0.56550973
1.725196582	0.987773006
1.726504045	0.821085633
1.727811507	0.778733293
1.729118969	0.773030723
1.730426432	1.000882798
1.731733894	0.534994615
1.733041357	0.439613123
1.734348819	0.518583364
1.735656281	0.724627617
1.736963744	0.828511429
1.738271206	0.607534845
1.739578668	0.511428847
1.740886131	0.506755206
1.742193593	0.149490415
1.743501055	0.357490024
1.744808518	0.160669177
1.74611598	-0.180772363
1.747423442	-0.206582868
1.748730905	0.325780249
1.750038367	0.339604784
1.75134583	0.463959265
1.752653292	0.562913239
1.753960754	0.390409632
1.755268217	0.744530908
1.756575679	0.858186319
1.757883141	0.936151969
1.759190604	0.530677982
1.760498066	0.436044659
1.761805528	0.575746105
1.763112991	0.729145074
1.764420453	0.439860385
1.765727916	0.222804466
1.767035378	0.078911568
1.76834284	-0.015664226
1.769650303	0.245680854
1.770957765	0.196565237
1.772265227	0.274866353
1.77357269	0.452652827
1.774880152	0.367930656
1.776187614	0.434476696
1.777495077	0.282556082
1.778802539	0.281044663
1.780110001	0.470265933
1.781417464	0.055537845
1.782724926	0.257890955
1.784032389	0.280868467
1.785339851	0.173593457
1.786647313	0.176062614
1.787954776	-0.247566106
1.789262238	0.407382482
1.7905697	0.274816165
1.791877163	0.297737843
1.793184625	0.286631907
1.794492087	0.367376068
1.79579955	0.3299471
1.797107012	-0.079286983
1.798414474	0.292261946
1.799721937	0.315897212
1.801029399	0.049290445
1.802336862	0.15430416
1.803644324	-0.173361431
1.804951786	-0.448328609
1.806259249	-0.067460874
1.807566711	0.11739395
1.808874173	0.252971385
1.810181636	0.104933828
1.811489098	0.067771609
1.81279656	-0.017306099
1.814104023	-0.09637535
1.815411485	-0.0933051
1.816718948	0.190638654
1.81802641	0.330069989
1.819333872	0.189109422
1.820641335	0.205951412
1.821948797	0.271288093
1.823256259	0.087221686
1.824563722	-0.067980053
1.825871184	0.35448245
1.827178646	0.203929264
1.828486109	-0.258771906
1.829793571	-0.313449016
1.831101033	-0.11191117
1.832408496	-0.214118673
1.833715958	-0.080370565
1.835023421	-0.325946706
1.836330883	0.125143998
1.837638345	0.405978555
1.838945808	0.056600988
1.84025327	-0.159822318
1.841560732	0.135917278
1.842868195	0.114560445
1.844175657	-0.166497129
1.845483119	-0.160198792
1.846790582	0.119369665
1.848098044	0.117290764
1.849405506	0.09789748
1.850712969	-0.039905285
1.852020431	0.146569987
1.853327894	-0.057651884
1.854635356	0.227193846
1.855942818	-0.215113224
1.857250281	-0.53192871
1.858557743	-0.380338841
1.859865205	-0.512241199
1.861172668	-0.545886673
1.86248013	-0.465517265
1.863787592	-0.264002812
1.865095055	-0.067990919
1.866402517	-0.177628809
1.867709979	-0.519768252
1.869017442	-0.461484328
1.870324904	-0.496009407
1.871632367	-0.587182022
1.872939829	-0.637900701
1.874247291	-0.304843969
1.875554754	-0.707830593
1.876862216	-0.230123379
1.878169678	-0.611630397
1.879477141	-0.297663432
1.880784603	-0.399269666
1.882092065	-0.21849957
1.883399528	-0.005552225
1.88470699	0.06843646
1.886014453	0.054532546
1.887321915	0.249213548
1.888629377	0.121488559
1.88993684	0.160472037
1.891244302	-0.265202435
1.892551764	-0.276755755
1.893859227	-0.143993801
1.895166689	0.109023526
1.896474151	0.115450543
1.897781614	0.101311454
1.899089076	-0.113467649
1.900396538	0.281378795
1.901704001	-0.070911019
1.903011463	0.154233034
1.904318926	0.019691428
1.905626388	0.108331494
1.90693385	-0.116954022
1.908241313	-0.224784086
1.909548775	-0.324853006
1.910856237	-0.190280877
1.9121637	0.018953771
1.913471162	-0.211474902
1.914778624	-0.272795144
1.916086087	-0.089207314
1.917393549	0.022974943
1.918701011	0.201282519
1.920008474	0.223774764
1.921315936	0.217512749
1.922623399	-0.564544072
1.923930861	-0.605117712
1.925238323	-0.307540265
1.926545786	-0.053627114
1.927853248	-0.315597021
1.92916071	-0.04331597
1.930468173	0.011744102
1.931775635	0.064617319
1.933083097	-0.105964752
1.93439056	-0.267713022
1.935698022	-0.083619006
1.937005485	0.04189655
1.938312947	0.07580444
1.939620409	-0.037962122
1.940927872	-0.188907001
1.942235334	-0.175404058
1.943542796	0.040912425
1.944850259	-0.028189525
1.946157721	-0.239287878
1.947465183	0.037869502
1.948772646	-0.012098848
1.950080108	0.02957893
1.95138757	0.049316675
1.952695033	-0.065709493
1.954002495	-0.415639705
1.955309958	-0.32339467
1.95661742	-0.470796613
1.957924882	-0.89596681
1.959232345	-0.612239309
1.960539807	-0.529188286
1.961847269	-0.692463622
1.963154732	-0.679046019
1.964462194	-0.517551294
1.965769656	-0.634692994
1.967077119	-0.546793586
1.968384581	-0.37387222
1.969692043	-0.549544469
1.970999506	-0.504147492
1.972306968	-0.698318488
1.973614431	-0.485823247
1.974921893	-0.491490664
1.976229355	-1.166901293
1.977536818	-0.781864429
1.97884428	-0.48199735
1.980151742	-0.749460895
1.981459205	-1.018422603
1.982766667	-0.818429365
1.984074129	-0.607307231
1.985381592	-1.040956546
1.986689054	-1.100906879
1.987996516	-0.912424835
1.989303979	-0.991260441
1.990611441	-0.883923661
1.991918904	-0.514672361
1.993226366	-0.489396674
1.994533828	-1.011443658
1.995841291	-0.972221616
1.997148753	-1.245944964
1.998456215	-1.014404668
1.999763678	-1.240843552
2.00107114	-0.945725165
2.002378602	-1.285269213
2.003686065	-1.037486672
2.004993527	-1.151588968
2.00630099	-1.214373435
2.007608452	-1.084570365
2.008915914	-1.011410889
2.010223377	-1.061697246
2.011530839	-0.90380344
2.012838301	-0.514720487
2.014145764	-0.833208789
2.015453226	-1.118306293
2.016760688	-1.549478368
2.018068151	-1.467473352
2.019375613	-1.255359496
2.020683075	-1.782666163
2.021990538	-2.010038381
2.023298	-2.557955348
2.024605463	-2.609248732
2.025912925	-2.759116306
2.027220387	-2.270042946
2.02852785	-2.373125414
2.029835312	-2.384661131
2.031142774	-2.412610193
2.032450237	-2.605589898
2.033757699	-2.748047637
2.035065161	-2.740353725
2.036372624	-3.127496934
2.037680086	-3.402661935
2.038987548	-3.040425331
2.040295011	-2.602707814
2.041602473	-2.440578683
2.042909936	-2.25576821
2.044217398	-2.193963358
2.04552486	-2.26708667
2.046832323	-2.00734368
2.048139785	-2.146583141
2.049447247	-2.215095075
2.05075471	-1.172749082
2.052062172	-1.616571058
2.053369634	-1.030176247
2.054677097	-0.813193344
2.055984559	-0.397293386
2.057292022	-0.600850347
2.058599484	-0.7138986
2.059906946	-0.517439954
2.061214409	-0.239893618
2.062521871	-0.265730642
2.063829333	-0.167011213
2.065136796	-0.006738441
2.066444258	0.116415333
2.06775172	-0.084564952
2.069059183	0.063389195
2.070366645	0.101692688
2.071674107	0.580433001
2.07298157	-0.083428445
2.074289032	-0.354285754
2.075596495	-0.735484148
2.076903957	-0.542093158
2.078211419	-0.550720836
2.079518882	-0.131371469
2.080826344	0.175317321
2.082133806	-0.255146846
2.083441269	-0.372443508
2.084748731	-0.087307576
2.086056193	0.300871385
2.087363656	0.038769988
2.088671118	-0.141305423
2.08997858	-0.363859057
2.091286043	-0.0720895
2.092593505	-0.064111079
2.093900968	-0.378888692
2.09520843	-0.495021743
2.096515892	0.214350895
2.097823355	-0.126398777
2.099130817	0.286130363
2.100438279	0.75756098
2.101745742	0.614379726
2.103053204	0.282278185
2.104360666	0.390866279
2.105668129	0.170195595
2.106975591	-0.081686775
2.108283054	-0.089349138
2.109590516	-0.033693313
2.110897978	-0.021865739
2.112205441	-0.347832481
2.113512903	-0.415655292
2.114820365	0.129342101
2.116127828	-0.28443473
2.11743529	-0.239247545
2.118742752	-0.240694608
2.120050215	-0.246842007
2.121357677	-0.432658173
2.122665139	-0.350859896
2.123972602	-0.709520368
2.125280064	-0.692752885
2.126587527	-0.807613565
2.127894989	-0.341451004
2.129202451	-0.440787125
2.130509914	-0.552041274
2.131817376	-0.753583126
2.133124838	-0.890657773
2.134432301	-0.585048704
2.135739763	-0.319991917
2.137047225	-0.443120616
2.138354688	-0.581351435
2.13966215	-0.591960877
2.140969612	-0.818831708
2.142277075	-0.837500184
2.143584537	-0.897009423
2.144892	-0.156573456
2.146199462	-0.524462193
2.147506924	-0.632189248
2.148814387	-0.022203168
2.150121849	-0.464241244
2.151429311	-0.814209628
2.152736774	-0.874588409
2.154044236	-0.664335107
2.155351698	-0.210307825
2.156659161	-0.291850021
2.157966623	-0.322553079
2.159274085	-0.400172568
2.160581548	-0.485934745
2.16188901	-0.577230242
2.163196473	-0.391915901
2.164503935	-0.232922118
2.165811397	-0.870259629
2.16711886	-1.010699349
2.168426322	-0.900838602
2.169733784	-0.882298452
2.171041247	-0.781318417
2.172348709	-0.989913432
2.173656171	-0.856046348
2.174963634	-0.756121728
2.176271096	-1.020835027
2.177578559	-1.063916252
2.178886021	-0.594254147
2.180193483	-0.382865119
2.181500946	-0.53679884
2.182808408	-0.824480787
2.18411587	-1.001617032
2.185423333	-0.726029322
2.186730795	-0.909354454
2.188038257	-0.668779357
2.18934572	-0.191300148
2.190653182	0.206736572
2.191960644	0.337961776
2.193268107	-0.014629237
2.194575569	-0.16505547
2.195883032	-0.203435926
2.197190494	-0.049069581
2.198497956	-0.289497444
2.199805419	-0.31946612
2.201112881	-0.181657453
2.202420343	0.036922998
2.203727806	0.224862883
2.205035268	0.136821624
2.20634273	0.152827834
2.207650193	0.194854544
2.208957655	0.24818867
2.210265117	0.087269405
2.21157258	-0.304317246
2.212880042	-0.700151907
2.214187505	0.337566649
2.215494967	0.507847317
2.216802429	0.960487113
2.218109892	0.407341302
2.219417354	0.820887297
2.220724816	0.548667366
2.222032279	0.872591947
2.223339741	0.80918109
2.224647203	0.930984014
2.225954666	1.10985755
2.227262128	1.035646362
2.228569591	0.880029168
2.229877053	1.037440879
2.231184515	1.148698468
2.232491978	1.106909448
2.23379944	0.923410562
2.235106902	1.183604632
2.236414365	1.489570767
2.237721827	1.596716428
2.239029289	1.791237261
2.240336752	1.682031142
2.241644214	1.509921533
2.242951676	1.572508847
2.244259139	1.871107134
2.245566601	1.511186498
2.246874064	1.339696968
2.248181526	1.613828062
2.249488988	1.025378308
2.250796451	1.108812929
2.252103913	0.992310947
2.253411375	1.021073999
2.254718838	1.187761989
2.2560263	1.054007828
2.257333762	0.954756449
2.258641225	0.859059859
2.259948687	1.052871412
2.261256149	0.994665685
2.262563612	0.99165496
2.263871074	0.7263355
2.265178537	0.962771829
2.266485999	1.428233402
2.267793461	1.179931951
2.269100924	1.377402496
2.270408386	1.220567453
2.271715848	1.243522294
2.273023311	1.324440911
2.274330773	1.1188398
2.275638235	1.162622979
2.276945698	1.09451088
2.27825316	1.1765243
2.279560623	1.270331434
2.280868085	1.091823651
2.282175547	1.49217238
2.28348301	1.654444911
2.284790472	1.269358227
2.286097934	1.18279621
2.287405397	1.328261732
2.288712859	1.268942182
2.290020321	1.329678206
2.291327784	1.376934391
2.292635246	1.555436508
2.293942708	1.427604747
2.295250171	1.514210538
2.296557633	1.252063581
2.297865096	1.115977734
2.299172558	1.154424766
2.30048002	1.439317494
2.301787483	1.778477431
2.303094945	1.8287449
2.304402407	1.310982095
2.30570987	1.386784574
2.307017332	1.697737866
2.308324794	2.121626947
2.309632257	2.067103125
2.310939719	1.563213724
2.312247181	0.977549421
2.313554644	1.277742609
2.314862106	1.434279539
2.316169569	1.474531639
2.317477031	1.495251434
2.318784493	1.114114475
2.320091956	1.254211705
2.321399418	1.152106599
2.32270688	1.206519481
2.324014343	1.31792078
2.325321805	1.436382806
2.326629267	1.412751657
2.32793673	1.265720259
2.329244192	0.878797472
2.330551654	0.990133692
2.331859117	1.091269786
2.333166579	1.010045203
2.334474042	1.085795721
2.335781504	0.622812333
2.337088966	0.466329445
2.338396429	0.360391838
2.339703891	0.479911419
2.341011353	0.352569922
2.342318816	0.55355412
2.343626278	0.468947275
2.34493374	0.817880144
2.346241203	0.506059589
2.347548665	0.395656906
2.348856128	0.228295057
2.35016359	0.021756653
2.351471052	0.100428223
2.352778515	0.074808109
2.354085977	0.238940577
2.355393439	0.200693016
2.356700902	-0.106960301
2.358008364	-0.071421334
2.359315826	-0.110754906
2.360623289	0.081739821
2.361930751	-0.082864823
2.363238213	0.231038665
2.364545676	-0.127257354
2.365853138	-0.014445826
2.367160601	-0.211257362
2.368468063	-0.130490339
2.369775525	-0.023395346
2.371082988	-0.127925343
2.37239045	0.056744677
2.373697912	0.357377784
2.375005375	0.405863085
2.376312837	0.455918555
2.377620299	0.373484953
2.378927762	0.548908305
2.380235224	0.364478496
2.381542686	0.385062507
2.382850149	0.409221613
2.384157611	0.527772182
2.385465074	0.661108387
2.386772536	0.511250038
2.388079998	0.719469977
2.389387461	0.508020289
2.390694923	0.86487478
2.392002385	0.950303697
2.393309848	0.986488909
2.39461731	0.876908226
2.395924772	0.790716307
2.397232235	0.847778121
2.398539697	0.665682873
2.39984716	0.652294658
2.401154622	0.55993418
2.402462084	0.46807166
2.403769547	0.50735901
2.405077009	0.617803687
2.406384471	0.713544766
2.407691934	0.650886864
2.408999396	0.908132307
2.410306858	0.862690572
2.411614321	0.918343338
2.412921783	1.025303794
2.414229245	1.081223428
2.415536708	1.135276118
2.41684417	1.177178902
2.418151633	1.088401115
2.419459095	0.973348153
2.420766557	1.033960112
2.42207402	0.933849199
2.423381482	0.803538314
2.424688944	0.652083139
2.425996407	0.881761102
2.427303869	0.972727095
2.428611331	0.995405712
2.429918794	0.720606589
2.431226256	0.621199566
2.432533718	0.890729222
2.433841181	0.794055847
2.435148643	0.82659659
2.436456106	0.676696082
2.437763568	0.386033185
2.43907103	0.717960172
2.440378493	0.865908181
2.441685955	0.81867378
2.442993417	0.552786235
2.44430088	0.488252881
2.445608342	0.599320566
2.446915804	0.283804685
2.448223267	0.312312596
2.449530729	0.057551241
2.450838191	0.494364898
2.452145654	0.415841371
2.453453116	0.327677243
2.454760579	0.283826831
2.456068041	0.302100744
2.457375503	0.283055735
2.458682966	0.605725155
2.459990428	0.42779792
2.46129789	0.674427978
2.462605353	0.73027082
2.463912815	0.523010595
2.465220277	0.463843598
2.46652774	0.716020239
2.467835202	0.749960136
2.469142665	0.659890538
2.470450127	0.45055694
2.471757589	0.358905736
2.473065052	0.474637455
2.474372514	0.453051119
2.475679976	0.3539532
2.476987439	0.441451183
2.478294901	0.846585339
2.479602363	0.626324943
2.480909826	0.51110319
2.482217288	1.188009382
2.48352475	1.229723797
2.484832213	0.737727193
2.486139675	0.268912332
2.487447138	0.405760175
2.4887546	-0.100354692
2.490062062	0.036852988
2.491369525	-0.047033704
2.492676987	-0.279829372
2.493984449	-0.11739706
2.495291912	0.30653485
2.496599374	0.225748603
2.497906836	-0.016233357
2.499214299	0.337289703
2.500521761	0.531292691
2.501829223	0.134758047
2.503136686	-0.299116581
2.504444148	-0.587825075
2.505751611	0.055707167
2.507059073	0.052564492
2.508366535	-0.357002568
2.509673998	0.783116324
2.51098146	0.902913166
2.512288922	0.579722473
2.513596385	0.22562352
2.514903847	0.546750832
2.516211309	0.563130286
2.517518772	0.263877916
2.518826234	0.243211841
2.520133697	0.399673705
2.521441159	0.498947696
2.522748621	0.102492936
2.524056084	-0.071694865
2.525363546	0.025934003
2.526671008	0.552996782
2.527978471	0.736372443
2.529285933	0.966616956
2.530593395	0.996106418
2.531900858	1.422919072
2.53320832	1.541662777
2.534515782	1.998948894
2.535823245	1.832551513
2.537130707	1.56995651
2.53843817	1.557436523
2.539745632	1.350376958
2.541053094	1.051173968
2.542360557	0.888550497
2.543668019	0.608794163
2.544975481	0.238383606
2.546282944	-0.05240914
2.547590406	0.549591152
2.548897868	0.982572157
2.550205331	0.666539986
2.551512793	0.363977103
2.552820255	0.630047529
2.554127718	0.272021955
2.55543518	0.27231288
2.556742643	0.357353143
2.558050105	0.177879002
2.559357567	0.500865594
2.56066503	0.451214293
2.561972492	0.338850903
2.563279954	0.594490125
2.564587417	0.501535606
2.565894879	0.459179845
2.567202341	0.558118554
2.568509804	0.600981243
2.569817266	0.232433728
2.571124729	0.600368687
2.572432191	0.163255656
2.573739653	0.513012823
2.575047116	0.092640009
2.576354578	0.350351776
2.57766204	0.30962521
2.578969503	0.039136305
2.580276965	-0.03331242
2.581584427	0.090068703
2.58289189	0.254340474
2.584199352	0.497210904
2.585506814	0.296749653
2.586814277	0.563490136
2.588121739	0.797351606
2.589429202	0.508262155
2.590736664	0.390503665
2.592044126	0.20607291
2.593351589	0.087667257
2.594659051	0.272236337
2.595966513	0.113761792
2.597273976	-0.592081849
2.598581438	-0.291958066
2.5998889	0.216062836
2.601196363	0.391372589
2.602503825	0.173663828
2.603811287	-0.181976858
2.60511875	-0.014238344
2.606426212	-0.009085497
2.607733675	0.073479096
2.609041137	0.020381911
2.610348599	-0.003977467
2.611656062	-0.173443889
2.612963524	-0.380990882
2.614270986	-0.358474403
2.615578449	-0.108049149
2.616885911	-0.167500649
2.618193373	-0.433177024
2.619500836	-0.13717494
2.620808298	-0.516330753
2.62211576	-0.530517292
2.623423223	-0.268411857
2.624730685	-0.336161735
2.626038148	-0.539321134
2.62734561	-0.105604606
2.628653072	-0.124084352
2.629960535	0.04702628
2.631267997	-0.18614931
2.632575459	-0.04880486
2.633882922	-0.342174742
2.635190384	-0.158135425
2.636497846	-0.101873865
2.637805309	-0.15477045
2.639112771	-0.08641273
2.640420234	0.029208549
2.641727696	0.061911208
2.643035158	-0.063866272
2.644342621	-0.232594276
2.645650083	-0.421708014
2.646957545	-0.536956121
2.648265008	-0.552080648
2.64957247	-0.715390926
2.650879932	-0.620038277
2.652187395	-0.57707178
2.653494857	-0.679063102
2.654802319	-0.756613738
2.656109782	-0.973914865
2.657417244	-0.997766567
2.658724707	-1.359331728
2.660032169	-1.246762742
2.661339631	-1.069677506
2.662647094	-1.119406991
2.663954556	-1.152782747
2.665262018	-1.439972855
2.666569481	-1.593798164
2.667876943	-1.594431481
2.669184405	-1.582562281
2.670491868	-1.68259614
2.67179933	-1.748313642
2.673106792	-1.802320511
2.674414255	-1.810128258
2.675721717	-1.800900295
2.67702918	-1.852296681
2.678336642	-1.858109343
2.679644104	-2.113284629
2.680951567	-2.198169786
2.682259029	-2.221346763
2.683566491	-2.238179719
2.684873954	-2.30322866
2.686181416	-2.268677048
2.687488878	-2.237469033
2.688796341	-2.227859481
2.690103803	-2.173684768
2.691411266	-2.211533938
2.692718728	-2.133833947
2.69402619	-2.4741715
2.695333653	-2.622061723
2.696641115	-2.591270306
2.697948577	-2.530589985
2.69925604	-2.580585392
2.700563502	-2.146272855
2.701870964	-2.131789495
2.703178427	-2.169760991
2.704485889	-2.824501408
2.705793351	-2.96292137
2.707100814	-2.922046952
2.708408276	-3.004331342
2.709715739	-2.837895736
2.711023201	-2.605445178
2.712330663	-2.602666739
2.713638126	-2.479518165
2.714945588	-2.384502413
2.71625305	-2.761111207
2.717560513	-3.352292607
2.718867975	-3.068700745
2.720175437	-3.172965536
2.7214829	-3.046834935
2.722790362	-2.975250644
2.724097824	-3.003211216
2.725405287	-3.282264999
2.726712749	-3.29724023
2.728020212	-3.353505664
2.729327674	-3.278998719
2.730635136	-3.216720575
2.731942599	-2.914692083
2.733250061	-2.854331234
2.734557523	-2.876234612
2.735864986	-3.032465838
2.737172448	-3.300259727
2.73847991	-3.610615217
2.739787373	-3.314541547
2.741094835	-3.460718097
2.742402298	-3.162510065
2.74370976	-3.336977669
2.745017222	-3.293026002
2.746324685	-3.482682141
2.747632147	-3.060252236
2.748939609	-2.964717108
2.750247072	-3.105919672
2.751554534	-2.645114005
2.752861996	-2.876045915
2.754169459	-3.122119515
2.755476921	-2.816197613
2.756784383	-2.848450558
2.758091846	-2.874380065
2.759399308	-2.294798541
2.760706771	-2.072881106
2.762014233	-2.322338458
2.763321695	-2.033899577
2.764629158	-2.132318661
2.76593662	-2.043881021
2.767244082	-1.654542855
2.768551545	-1.971489207
2.769859007	-1.758091163
2.771166469	-2.104072109
2.772473932	-2.132653496
2.773781394	-1.290605656
2.775088856	-1.361392181
2.776396319	-1.389678166
2.777703781	-1.303208205
2.779011244	-1.101999797
2.780318706	-0.98608636
2.781626168	-0.915027899
2.782933631	-1.076500418
2.784241093	-0.816140225
2.785548555	-0.747956396
2.786856018	-0.823398302
2.78816348	-0.229981239
2.789470942	-0.430110871
2.790778405	-0.15062998
2.792085867	-0.037387496
2.793393329	0.027972847
2.794700792	0.307484906
2.796008254	0.109343004
2.797315717	0.384194291
2.798623179	-0.028850528
2.799930641	0.065051532
2.801238104	0.157681557
2.802545566	-0.261830415
2.803853028	-0.434288798
2.805160491	0.051112866
2.806467953	-0.052693807
2.807775415	-0.080157227
2.809082878	0.010692074
2.81039034	0.302416145
2.811697803	0.48768968
2.813005265	0.596747579
2.814312727	0.586457202
2.81562019	0.182567657
2.816927652	0.30675168
2.818235114	-0.108186837
2.819542577	-0.46261924
2.820850039	0.040524782
2.822157501	-0.521769245
2.823464964	-0.480028016
2.824772426	-0.79605307
2.826079888	-0.877266682
2.827387351	-0.904460727
2.828694813	-0.786473753
2.830002276	-0.819175676
2.831309738	-1.068877711
2.8326172	-0.646116595
2.833924663	-0.833506653
2.835232125	-1.055393296
2.836539587	-1.00947003
2.83784705	-1.103692651
2.839154512	-0.784993888
2.840461974	-0.691742142
2.841769437	-0.869583761
2.843076899	-0.822410855
2.844384361	-0.670323355
2.845691824	-0.688013673
2.846999286	-0.603439387
2.848306749	-0.639292875
2.849614211	-0.782983853
2.850921673	-0.935860012
2.852229136	-0.634613687
2.853536598	-0.310698803
2.85484406	-0.551132049
2.856151523	-0.720388522
2.857458985	-0.597535442
2.858766447	-0.491613067
2.86007391	0.124512756
2.861381372	0.18268423
2.862688835	0.148000531
2.863996297	0.402009167
2.865303759	0.190254006
2.866611222	0.055456648
2.867918684	0.571474453
2.869226146	0.358938544
2.870533609	0.182172372
2.871841071	0.269700007
2.873148533	0.514201291
2.874455996	0.570042104
2.875763458	0.598269234
2.87707092	0.496224303
2.878378383	0.29920868
2.879685845	0.255909783
2.880993308	0.50631456
2.88230077	0.39783229
2.883608232	0.326682251
2.884915695	0.335285309
2.886223157	0.030384831
2.887530619	-0.166378842
2.888838082	0.209869077
2.890145544	0.309815489
2.891453006	0.485962874
2.892760469	0.053205752
2.894067931	0.259667397
2.895375393	0.124682203
2.896682856	-0.012450577
2.897990318	0.163488343
2.899297781	0.214909258
2.900605243	0.23280973
2.901912705	0.449979314
2.903220168	0.36537627
2.90452763	0.366877256
2.905835092	0.477847113
2.907142555	0.549804149
2.908450017	0.514132181
2.909757479	0.74235316
2.911064942	0.921212941
2.912372404	1.038695391
2.913679867	0.604681669
2.914987329	0.493574098
2.916294791	0.136441145
2.917602254	0.073910637
2.918909716	0.095175473
2.920217178	0.013506493
2.921524641	-0.103809564
2.922832103	0.134460177
2.924139565	0.442790465
2.925447028	0.382969981
2.92675449	0.63012478
2.928061952	0.562435929
2.929369415	0.643518845
2.930676877	0.676176011
2.93198434	0.640071964
2.933291802	0.461916218
2.934599264	0.42903456
2.935906727	0.496471159
2.937214189	-0.008371397
2.938521651	0.281999998
2.939829114	0.547747781
2.941136576	0.807535883
2.942444038	0.260494275
2.943751501	0.553532106
2.945058963	0.534197525
2.946366425	0.354707088
2.947673888	0.254651581
2.94898135	0.390768582
2.950288813	0.24294064
2.951596275	-0.078576199
2.952903737	-0.049560271
2.9542112	0.242560844
2.955518662	0.204016134
2.956826124	0.399174329
2.958133587	0.298040972
2.959441049	0.377295795
2.960748511	-0.040868755
2.962055974	-0.538276591
2.963363436	-0.331242717
2.964670898	0.070700861
2.965978361	0.219371937
2.967285823	-0.247601935
2.968593286	-0.475495295
2.969900748	-0.283743163
2.97120821	-0.058705422
2.972515673	-0.161997636
2.973823135	-0.654308472
2.975130597	-0.170105342
2.97643806	0.007918087
2.977745522	-0.229754232
2.979052984	-0.23498154
2.980360447	-0.202358614
2.981667909	0.168446374
2.982975372	0.22792545
2.984282834	0.521141381
2.985590296	1.461115218
2.986897759	0.977862556
2.988205221	1.272353247
2.989512683	0.555420387
2.990820146	0.759463817
2.992127608	0.900590619
2.99343507	0.907465453
2.994742533	0.70272829
2.996049995	0.682958814
2.997357457	0.689771747
2.99866492	0.656621987
2.999972382	0.801058579
3.001279845	0.854754887
3.002587307	0.299902617
3.003894769	0.131775482
3.005202232	0.223690441
3.006509694	0.033968763
3.007817156	0.310115473
3.009124619	0.399306292
3.010432081	0.314781418
3.011739543	0.114998426
3.013047006	0.210617909
3.014354468	0.225872115
3.01566193	0.676693948
3.016969393	0.74331168
3.018276855	0.613700116
3.019584318	0.566668357
3.02089178	0.788378804
3.022199242	0.555562126
3.023506705	0.214219852
3.024814167	0.188548597
3.026121629	0.190521208
3.027429092	0.199824459
3.028736554	0.09499145
3.030044016	0.421343754
3.031351479	0.778509469
3.032658941	0.791025642
3.033966404	0.426153474
3.035273866	0.445720911
3.036581328	0.597403192
3.037888791	0.198552075
3.039196253	0.087796351
3.040503715	0.276650109
3.041811178	0.409385242
3.04311864	0.053981957
3.044426102	0.007691808
3.045733565	-0.094392615
3.047041027	0.026956445
3.048348489	0.190378517
3.049655952	0.165932853
3.050963414	0.205248153
3.052270877	0.251921223
3.053578339	0.348953647
3.054885801	0.111920423
3.056193264	0.065463894
3.057500726	-0.031069954
3.058808188	-0.064977161
3.060115651	-0.04058051
3.061423113	-0.618914507
3.062730575	-0.155144883
3.064038038	-0.113167612
3.0653455	-0.294015924
3.066652962	-0.135797348
3.067960425	-0.128985656
3.069267887	-0.277474713
3.07057535	-0.246874133
3.071882812	-0.133447121
3.073190274	-0.104670071
3.074497737	0.051540158
3.075805199	0.179084606
3.077112661	0.012685471
3.078420124	0.502400637
3.079727586	0.484595033
3.081035048	0.402612373
3.082342511	0.364943035
3.083649973	0.298946888
3.084957435	0.341731359
3.086264898	0.452956515
3.08757236	0.364927632
3.088879823	0.722705779
3.090187285	0.537295889
3.091494747	0.708283979
3.09280221	0.745589803
3.094109672	0.863444512
3.095417134	1.060566348
3.096724597	1.234428125
3.098032059	1.265087856
3.099339521	1.183725387
3.100646984	1.3026835
3.101954446	1.164423241
3.103261909	0.950235388
3.104569371	0.61409047
3.105876833	0.52859392
3.107184296	1.026714674
3.108491758	0.798935747
3.10979922	0.404429134
3.111106683	0.325412756
3.112414145	0.138285449
3.113721607	-0.085820456
3.11502907	-0.150923826
3.116336532	0.102105031
3.117643994	-0.106762288
3.118951457	-0.185664344
3.120258919	-0.121433155
3.121566382	0.159868745
3.122873844	0.260709097
3.124181306	-0.047484068
3.125488769	-0.09870001
3.126796231	0.127030197
3.128103693	0.277444513
3.129411156	0.3235363
3.130718618	-0.10843886
3.13202608	0.005012498
3.133333543	-0.214974893
3.134641005	-0.447904783
3.135948467	-0.107462987
3.13725593	-0.114015552
3.138563392	-0.131786195
3.139870855	-0.327192584
3.141178317	-0.494519431
3.142485779	-0.292846346
3.143793242	-0.4259791
3.145100704	-0.707977427
3.146408166	-0.495432235
3.147715629	-0.264536803
3.149023091	-0.313500372
3.150330553	-0.364808766
3.151638016	-0.348777541
3.152945478	-0.275742044
3.154252941	0.016003548
3.155560403	0.053775769
3.156867865	-0.145530131
3.158175328	0.131644248
3.15948279	0.078004189
3.160790252	0.238108814
3.162097715	0.237117105
3.163405177	0.253854689
3.164712639	0.034915557
3.166020102	0.016643305
3.167327564	-0.135755301
3.168635026	-0.194815082
3.169942489	0.058921604
3.171249951	0.152459527
3.172557414	-0.036121363
3.173864876	-0.193092827
3.175172338	-0.193965283
3.176479801	0.074975664
3.177787263	0.34756972
3.179094725	-0.070300177
3.180402188	0.175618455
3.18170965	0.35288877
3.183017112	0.218330356
3.184324575	-0.281487219
3.185632037	0.213305427
3.186939499	0.055391897
3.188246962	0.108627736
3.189554424	0.183298775
3.190861887	0.289690745
3.192169349	0.139221521
3.193476811	0.066184882
3.194784274	-0.031810153
3.196091736	0.223859533
3.197399198	0.311683121
3.198706661	0.223980151
3.200014123	0.614154741
3.201321585	0.820635275
3.202629048	0.560015416
3.20393651	0.40161092
3.205243973	0.090949518
3.206551435	0.355150899
3.207858897	0.031858669
3.20916636	-0.184749592
3.210473822	-0.335478277
3.211781284	-0.408574415
3.213088747	-0.294748776
3.214396209	0.119833286
3.215703671	0.204321326
3.217011134	-0.055455956
3.218318596	-0.285430102
3.219626058	-0.080134195
3.220933521	-0.250109633
3.222240983	-0.366529564
3.223548446	-0.079917864
3.224855908	-0.071846696
3.22616337	-0.294342309
3.227470833	-0.12579972
3.228778295	-0.296468878
3.230085757	0.095761569
3.23139322	0.08541755
3.232700682	0.289008318
3.234008144	0.56452502
3.235315607	0.305910279
3.236623069	0.097194791
3.237930531	0.102475695
3.239237994	0.131447961
3.240545456	0.094649314
3.241852919	-0.282338225
3.243160381	-0.657223759
3.244467843	-0.433511123
3.245775306	-0.305808214
3.247082768	-0.357514603
3.24839023	-0.49656064
3.249697693	-0.499373916
3.251005155	-0.710118958
3.252312617	-0.936024915
3.25362008	-0.546464785
3.254927542	-0.436108935
3.256235004	-0.49580729
3.257542467	-0.289838549
3.258849929	-0.538012849
3.260157392	-0.01031743
3.261464854	-0.323846735
3.262772316	-0.390384201
3.264079779	-0.320988176
3.265387241	-0.353014362
3.266694703	-0.342541361
3.268002166	-0.391690975
3.269309628	-0.364769575
3.27061709	-0.486472124
3.271924553	-0.334779121
3.273232015	-0.501739126
3.274539478	-0.404792974
3.27584694	-0.639637342
3.277154402	-0.423348704
3.278461865	-0.328691949
3.279769327	-0.468028811
3.281076789	-0.448573402
3.282384252	-0.628849459
3.283691714	-0.467867519
3.284999176	-0.684687521
3.286306639	-0.767727947
3.287614101	-0.206734023
3.288921563	-0.101761658
3.290229026	-0.311332106
3.291536488	-0.632247236
3.292843951	-0.634867876
3.294151413	-0.388761809
3.295458875	-0.321453247
3.296766338	-0.337627313
3.2980738	-0.480503291
3.299381262	-0.330971346
3.300688725	-0.374751275
3.301996187	-0.044122212
3.303303649	-0.241059225
3.304611112	-0.192826498
3.305918574	-0.056934606
3.307226036	-0.367802295
3.308533499	-0.033929217
3.309840961	-0.039615411
3.311148424	-0.06347907
3.312455886	-0.590173588
3.313763348	-0.694878901
3.315070811	-0.13936465
3.316378273	0.105183251
3.317685735	0.17424081
3.318993198	-0.195767784
3.32030066	-0.339990593
3.321608122	-0.396339594
3.322915585	-0.692307097
3.324223047	-0.711598712
3.32553051	-0.395600426
3.326837972	-0.359354621
3.328145434	-0.318184459
3.329452897	-0.274548403
3.330760359	-0.066571577
3.332067821	-1.61944812
3.333375284	-0.949081303
3.334682746	-0.829130076
3.335990208	-0.764408361
3.337297671	-0.745350745
3.338605133	-0.879282527
3.339912595	-0.438430844
3.341220058	-0.318692752
3.34252752	-0.355972614
3.343834983	-1.037925185
3.345142445	-0.804679048
3.346449907	-0.621715407
3.34775737	-0.716290434
3.349064832	-0.756741158
3.350372294	-0.676976342
3.351679757	-0.984207409
3.352987219	-1.135544166
3.354294681	-1.079557576
3.355602144	-1.122949488
3.356909606	-1.211688557
3.358217068	-1.203941529
3.359524531	-0.903098329
3.360831993	-0.98982574
3.362139456	-1.238545653
3.363446918	-1.204714405
3.36475438	-1.437780046
3.366061843	-1.414020512
3.367369305	-1.141831413
3.368676767	-1.029076619
3.36998423	-1.137446996
3.371291692	-0.853597045
3.372599154	-0.989980776
3.373906617	-0.854557035
3.375214079	-0.924048742
3.376521542	-0.796285848
3.377829004	-0.576375525
3.379136466	-0.696821264
3.380443929	-1.09702847
3.381751391	-0.760325432
3.383058853	-0.6847617
3.384366316	-0.706533305
3.385673778	-0.428386706
3.38698124	-0.550963456
3.388288703	-0.962967483
3.389596165	-0.978871307
3.390903627	-1.057536186
3.39221109	-0.661839123
3.393518552	-0.65977173
3.394826015	-0.711998717
3.396133477	-0.212671853
3.397440939	-0.357144754
3.398748402	0.056253632
3.400055864	0.371598832
3.401363326	-0.300996176
3.402670789	-0.55232665
3.403978251	-0.036460006
3.405285713	0.061532186
3.406593176	-0.082469131
3.407900638	-0.194925897
3.4092081	-0.134398195
3.410515563	-0.107832646
3.411823025	0.004682259
3.413130488	0.317445313
3.41443795	0.185057575
3.415745412	0.197034662
3.417052875	0.120462557
3.418360337	0.452049772
3.419667799	0.732808654
3.420975262	0.218869357
3.422282724	0.074768071
3.423590186	0.023709665
3.424897649	0.214929355
3.426205111	0.39265836
3.427512573	0.203184752
3.428820036	0.28721323
3.430127498	0.106851156
3.431434961	0.293544237
3.432742423	0.501955736
3.434049885	0.570139978
3.435357348	0.43780298
3.43666481	0.103484008
3.437972272	-0.084187033
3.439279735	-0.252105715
3.440587197	0.063265025
3.441894659	0.116419929
3.443202122	0.567934681
3.444509584	1.042109858
3.445817047	0.715972927
3.447124509	0.462427505
3.448431971	0.430102791
3.449739434	0.430707002
3.451046896	-0.201617969
3.452354358	-0.032502474
3.453661821	0.105123123
3.454969283	0.683486987
3.456276745	0.51824914
3.457584208	-0.034798988
3.45889167	-0.124788492
3.460199132	0.031515653
3.461506595	0.322524612
3.462814057	0.111337478
3.46412152	0.162959309
3.465428982	0.069449875
3.466736444	0.066976331
3.468043907	-0.052404944
3.469351369	-0.075086516
3.470658831	-0.399300381
3.471966294	-0.229684997
3.473273756	0.07958873
3.474581218	-0.083272484
3.475888681	0.17582524
3.477196143	0.099937355
3.478503605	-0.140901117
3.479811068	-0.243626296
3.48111853	-0.330742585
3.482425993	-0.333376705
3.483733455	-0.294912484
3.485040917	-0.196734891
3.48634838	-0.262244472
3.487655842	-0.150086745
3.488963304	0.164796752
3.490270767	-0.008735922
3.491578229	-0.010115201
3.492885691	0.023164171
3.494193154	-0.129449585
3.495500616	-0.099403999
3.496808079	0.138044267
3.498115541	0.103023132
3.499423003	-0.198070929
3.500730466	-0.276092427
3.502037928	-0.165847097
3.50334539	-0.23152808
3.504652853	-0.261793018
3.505960315	-0.194988678
3.507267777	-0.531420207
3.50857524	-0.60619002
3.509882702	-0.151635844
3.511190164	-0.227254051
3.512497627	-0.280108274
3.513805089	-0.128520591
3.515112552	0.016999157
3.516420014	-0.19329126
3.517727476	-0.718130162
3.519034939	-0.643507905
3.520342401	-0.891951324
3.521649863	-0.844859136
3.522957326	-1.011164368
3.524264788	-0.972110861
3.52557225	-0.698791379
3.526879713	-0.43598208
3.528187175	-0.401410732
3.529494637	-0.389913017
3.5308021	-0.587121322
3.532109562	-0.635707623
3.533417025	-0.643563345
3.534724487	-0.469653921
3.536031949	-0.23445743
3.537339412	0.050439204
3.538646874	-0.088973393
3.539954336	-0.1256771
3.541261799	-0.349664403
3.542569261	0.300932636
3.543876723	0.210307485
3.545184186	-0.199627468
3.546491648	-0.380131576
3.547799111	-0.084469967
3.549106573	-0.064624572
3.550414035	-0.120084531
3.551721498	-0.236096466
3.55302896	0.007990171
3.554336422	-0.019154913
3.555643885	0.144605157
3.556951347	0.316606748
3.558258809	0.666854159
3.559566272	0.665634195
3.560873734	0.749457614
3.562181196	0.660957476
3.563488659	0.572945165
3.564796121	0.833540908
3.566103584	0.379901741
3.567411046	0.342385062
3.568718508	0.649783041
3.570025971	0.735350848
3.571333433	0.587993256
3.572640895	0.661231769
3.573948358	0.394220992
3.57525582	0.529177875
3.576563282	0.574333387
3.577870745	0.545924007
3.579178207	0.315665299
3.580485669	0.321935588
3.581793132	0.24320286
3.583100594	0.086607115
3.584408057	0.074535765
3.585715519	0.013114452
3.587022981	0.021724738
3.588330444	-0.080650774
3.589637906	0.0592928
3.590945368	0.064473499
3.592252831	0.067193129
3.593560293	-0.006297118
3.594867755	-0.254931893
3.596175218	-0.029865565
3.59748268	-0.0638558
3.598790142	-0.036003601
3.600097605	0.166682775
3.601405067	0.081224706
3.60271253	-0.039291377
3.604019992	-0.132150234
3.605327454	-0.05486231
3.606634917	0.006673161
3.607942379	0.184816472
3.609249841	0.032953281
3.610557304	-0.190924356
3.611864766	-0.212655209
3.613172228	-0.156782395
3.614479691	0.063329611
3.615787153	0.109330891
3.617094616	-0.045017465
3.618402078	-0.251844304
3.61970954	-0.104572492
3.621017003	-0.142811111
3.622324465	-0.192429821
3.623631927	-0.168450554
3.62493939	-0.337595155
3.626246852	-0.403084861
3.627554314	-0.459873498
3.628861777	-0.464024276
3.630169239	-0.292166072
3.631476701	-0.339764991
3.632784164	-0.339839019
3.634091626	0.060043713
3.635399089	-0.122516081
3.636706551	-0.113942857
3.638014013	-0.398526494
3.639321476	-0.288092644
3.640628938	-0.269160695
3.6419364	-0.392968927
3.643243863	-0.372355515
3.644551325	-0.125549917
3.645858787	-0.263906724
3.64716625	-0.185650655
3.648473712	-0.033912113
3.649781174	-0.116539638
3.651088637	-0.29408707
3.652396099	-0.597374098
3.653703562	-0.457314135
3.655011024	-0.307755054
3.656318486	0.263813015
3.657625949	-0.057521654
3.658933411	0.044536973
3.660240873	0.186562606
3.661548336	0.075241789
3.662855798	0.064364791
3.66416326	0.081693375
3.665470723	0.034251448
3.666778185	-0.151181626
3.668085648	-0.104646783
3.66939311	-0.032538842
3.670700572	0.229970519
3.672008035	0.197630632
3.673315497	0.200610676
3.674622959	0.43782093
3.675930422	0.517059096
3.677237884	0.02597018
3.678545346	-0.139275535
3.679852809	0.022042358
3.681160271	-0.091456443
3.682467733	0.07160977
3.683775196	0.133760908
3.685082658	0.318614852
3.686390121	0.509868553
3.687697583	0.057715245
3.689005045	0.311680357
3.690312508	0.288556719
3.69161997	0.393514587
3.692927432	0.299601083
3.694234895	0.419403624
3.695542357	0.545441478
3.696849819	0.58713615
3.698157282	0.679972953
3.699464744	0.703022057
3.700772206	0.494160719
3.702079669	0.394606645
3.703387131	0.442848492
3.704694594	0.123669864
3.706002056	0.477715517
3.707309518	0.647693325
3.708616981	0.81456063
3.709924443	0.696648379
3.711231905	0.770343363
3.712539368	0.810922905
3.71384683	0.820792746
3.715154292	0.603164078
3.716461755	0.594311427
3.717769217	0.701662238
3.719076679	0.428742251
3.720384142	0.391208914
3.721691604	0.797957806
3.722999067	1.2100107
3.724306529	1.340522061
3.725613991	1.036878551
3.726921454	0.629088405
3.728228916	0.643383593
3.729536378	0.598407927
3.730843841	0.517461984
3.732151303	0.598289128
3.733458765	0.60246783
3.734766228	0.687608804
3.73607369	0.562834411
3.737381153	0.669601602
3.738688615	0.825149954
3.739996077	0.389761385
3.74130354	0.544623988
3.742611002	0.104918399
3.743918464	0.050938968
3.745225927	0.352392728
3.746533389	0.654247585
3.747840851	0.522688951
3.749148314	0.263968949
3.750455776	0.14466801
3.751763238	0.251309718
3.753070701	-0.044988097
3.754378163	0.119373257
3.755685626	-0.005374847
3.756993088	-0.429090884
3.75830055	-0.331022092
3.759608013	-0.416107093
3.760915475	-0.276520882
3.762222937	-0.176002011
3.7635304	-0.528819054
3.764837862	-0.402158474
3.766145324	-0.562918417
3.767452787	-0.646733819
3.768760249	-0.664548031
3.770067711	-0.520756467
3.771375174	-0.557644853
3.772682636	-0.6818555
3.773990099	-0.794595646
3.775297561	-0.78099173
3.776605023	-0.959000254
3.777912486	-1.005279299
3.779219948	-1.144724475
3.78052741	-1.395326785
3.781834873	-1.663426942
3.783142335	-1.581417179
3.784449797	-1.445678274
3.78575726	-1.792864858
3.787064722	-1.133365486
3.788372185	-0.711431281
3.789679647	-1.073888195
3.790987109	-1.245101094
3.792294572	-1.421933796
3.793602034	-1.726314878
3.794909496	-1.907656422
3.796216959	-1.994602996
3.797524421	-2.190764953
3.798831883	-2.167838608
3.800139346	-2.026540802
3.801446808	-1.91130888
3.80275427	-2.023330869
3.804061733	-2.431643719
3.805369195	-1.992190113
3.806676658	-2.162685281
3.80798412	-2.214072343
3.809291582	-2.416875122
3.810599045	-2.484863058
3.811906507	-2.355079106
3.813213969	-2.596333447
3.814521432	-2.670026566
3.815828894	-3.190188295
3.817136356	-3.203307699
3.818443819	-3.080971795
3.819751281	-2.910666375
3.821058743	-2.956923234
3.822366206	-2.957875956
3.823673668	-3.186227566
3.824981131	-2.998120631
3.826288593	-2.53266154
3.827596055	-3.09264438
3.828903518	-2.660904605
3.83021098	-2.853904473
3.831518442	-3.132033924
3.832825905	-3.304170971
3.834133367	-3.385938921
3.835440829	-3.187016658
3.836748292	-3.35302234
3.838055754	-3.462495602
3.839363217	-2.906772294
3.840670679	-2.583253732
3.841978141	-2.738036726
3.843285604	-2.791312491
3.844593066	-2.842064701
3.845900528	-2.967501732
3.847207991	-2.872516294
3.848515453	-2.826841537
3.849822915	-2.655136431
3.851130378	-2.858115852
3.85243784	-2.729927491
3.853745302	-2.335043688
3.855052765	-2.569791495
3.856360227	-2.554863661
3.85766769	-2.024026861
3.858975152	-2.403465207
3.860282614	-2.402019825
3.861590077	-2.087054113
3.862897539	-2.240310876
3.864205001	-1.492229486
3.865512464	-1.50882426
3.866819926	-1.610758954
3.868127388	-1.426743338
3.869434851	-1.441249198
3.870742313	-1.04729429
3.872049775	-0.694013023
3.873357238	-0.784798678
3.8746647	-1.021635412
3.875972163	-1.274586033
3.877279625	-1.168503686
3.878587087	-0.838719622
3.87989455	-0.868279626
3.881202012	-0.739688298
3.882509474	-0.313372369
3.883816937	-0.153111238
3.885124399	-0.15398529
3.886431861	-0.112021696
3.887739324	-0.089564991
3.889046786	0.322433737
3.890354248	0.180055515
3.891661711	0.302308829
3.892969173	0.309298654
3.894276636	0.306557724
3.895584098	0.751352428
3.89689156	0.689081421
3.898199023	0.868568293
3.899506485	0.800883441
3.900813947	0.675137272
3.90212141	0.714612925
3.903428872	0.723251864
3.904736334	0.562924374
3.906043797	0.853909677
3.907351259	0.767705435
3.908658722	0.888898765
3.909966184	0.758295256
3.911273646	1.043125918
3.912581109	1.447275411
3.913888571	1.823046585
3.915196033	1.786477933
3.916503496	1.589590576
3.917810958	1.541184089
3.91911842	1.455739171
3.920425883	1.258798875
3.921733345	1.277241821
3.923040807	1.428438441
3.92434827	1.329912842
3.925655732	1.052304324
3.926963195	0.90550015
3.928270657	0.942137032
3.929578119	0.862535623
3.930885582	0.781489704
3.932193044	0.636643788
3.933500506	0.592683107
3.934807969	0.506338425
3.936115431	0.092612282
3.937422893	0.511080828
3.938730356	0.404542063
3.940037818	0.647978911
3.94134528	0.744137553
3.942652743	0.790908425
3.943960205	0.53566877
3.945267668	0.227202126
3.94657513	0.34275266
3.947882592	0.421451457
3.949190055	0.694073581
3.950497517	0.362701614
3.951804979	0.600718859
3.953112442	0.928201255
3.954419904	0.090308855
3.955727366	0.179398687
3.957034829	-0.069833365
3.958342291	0.172398206
3.959649754	0.118577559
3.960957216	0.232640434
3.962264678	-0.142125361
3.963572141	-0.355779952
3.964879603	-0.345525109
3.966187065	-0.371663344
3.967494528	-0.208955747
3.96880199	0.223160094
3.970109452	0.139655537
3.971416915	0.143446097
3.972724377	-0.209694383
3.974031839	0.019734131
3.975339302	0.107326883
3.976646764	0.372495182
3.977954227	-0.048400252
3.979261689	-0.075185822
3.980569151	-0.21811007
3.981876614	-0.104849484
3.983184076	-0.206345461
3.984491538	-0.37967871
3.985799001	-0.285717421
3.987106463	-0.31127268
3.988413925	-0.289320499
3.989721388	-0.00751888
3.99102885	0.108658969
3.992336312	-0.031121475
3.993643775	-0.143216665
3.994951237	-0.004064777
3.9962587	0.423200533
3.997566162	0.475443343
3.998873624	0.304314786
4.000181087	0.358788362
4.001488549	0.358319574
4.002796011	0.417673785
4.004103474	0.208496219
4.005410936	0.167701527
4.006718398	0.281233629
4.008025861	0.155053616
4.009333323	0.105844537
4.010640786	0.115738894
4.011948248	0.047296332
4.01325571	-0.03708478
4.014563173	-0.131711734
4.015870635	-0.021572511
4.017178097	0.227118407
4.01848556	0.268659095
4.019793022	0.260651719
4.021100484	0.207241465
4.022407947	0.184686701
4.023715409	0.123182903
4.025022871	-0.304895759
4.026330334	-0.213057322
4.027637796	-0.318950164
4.028945259	-0.464993359
4.030252721	-0.831410123
4.031560183	-0.451841672
4.032867646	-0.568268444
4.034175108	-0.509222865
4.03548257	-0.662018476
4.036790033	-0.862066334
4.038097495	-0.666282381
4.039404957	-0.62549629
4.04071242	-0.584425059
4.042019882	-0.494250003
4.043327344	-0.647485002
4.044634807	-0.419715772
4.045942269	-0.184713835
4.047249732	-0.35564206
4.048557194	-0.179686208
4.049864656	-0.14075666
4.051172119	-0.258609951
4.052479581	-0.19140422
4.053787043	-0.222630704
4.055094506	0.082422254
4.056401968	0.012889046
4.05770943	-0.247500193
4.059016893	0.251452928
4.060324355	0.307995884
4.061631817	0.383298146
4.06293928	0.315644191
4.064246742	0.064299457
4.065554205	0.392678287
4.066861667	0.34516832
4.068169129	0.326841908
4.069476592	0.027938095
4.070784054	-0.136792293
4.072091516	-0.032614287
4.073398979	-0.037320592
4.074706441	-0.273948
4.076013903	-0.328167156
4.077321366	-0.248454288
4.078628828	-0.400856302
4.079936291	-0.432688861
4.081243753	-0.493005931
4.082551215	-0.31769581
4.083858678	-0.358933079
4.08516614	-0.476171852
4.086473602	-0.440238847
4.087781065	-0.505150191
4.089088527	-0.589035951
4.090395989	-0.35751285
4.091703452	-0.41482949
4.093010914	-0.270559133
4.094318376	-0.441219368
4.095625839	-0.558342165
4.096933301	-0.655762482
4.098240764	-0.704992373
4.099548226	-0.805341817
4.100855688	-0.545083575
4.102163151	-0.504616457
4.103470613	-0.583997386
4.104778075	-0.356936577
4.106085538	-0.427674982
4.107393	-0.184297271
4.108700462	-0.115159808
4.110007925	-0.088588022
4.111315387	-0.083694675
4.112622849	-0.098991847
4.113930312	-0.137476907
4.115237774	-0.200243188
4.116545237	-0.515127171
4.117852699	-0.065344174
4.119160161	-0.010383283
4.120467624	-0.095058838
4.121775086	0.017883773
4.123082548	-0.208098083
4.124390011	0.164929812
4.125697473	0.298928524
4.127004935	-0.027495831
4.128312398	0.485215257
4.12961986	0.519304056
4.130927323	0.538114652
4.132234785	0.725644965
4.133542247	0.763674946
4.13484971	0.92946016
4.136157172	1.083124368
4.137464634	1.021383589
4.138772097	1.088484145
4.140079559	0.897645531
4.141387021	0.94074262
4.142694484	1.040245338
4.144001946	0.813166966
4.145309408	0.817365213
4.146616871	0.728557185
4.147924333	0.874843211
4.149231796	0.655102019
4.150539258	0.673416895
4.15184672	0.619698921
4.153154183	0.363249078
4.154461645	0.274871264
4.155769107	0.197931234
4.15707657	0.256561857
4.158384032	0.238217692
4.159691494	0.196247972
4.160998957	0.170405098
4.162306419	0.260362732
4.163613881	0.489429991
4.164921344	0.677406886
4.166228806	0.569822424
4.167536269	0.582910503
4.168843731	0.376704105
4.170151193	0.636453831
4.171458656	0.505436489
4.172766118	0.542017773
4.17407358	0.387176751
4.175381043	0.531275318
4.176688505	0.588311749
4.177995967	0.494554396
4.17930343	0.389249514
4.180610892	0.226442244
4.181918355	0.163889648
4.183225817	0.195395389
4.184533279	0.322984647
4.185840742	0.509424859
4.187148204	0.604480156
4.188455666	0.635784391
4.189763129	0.538194411
4.191070591	0.457044105
4.192378053	0.342445781
4.193685516	0.318927266
4.194992978	0.242986711
4.19630044	0.230388869
4.197607903	0.292629366
4.198915365	0.430747374
4.200222828	0.40429943
4.20153029	0.436054402
4.202837752	0.24346192
4.204145215	-0.366452397
4.205452677	-0.839505773
4.206760139	-0.594622533
4.208067602	0.232739996
4.209375064	0.502103725
4.210682526	0.541556917
4.211989989	0.685923599
4.213297451	0.605613867
4.214604913	0.598051504
4.215912376	0.472041515
4.217219838	0.574026351
4.218527301	0.781385349
4.219834763	0.958653104
4.221142225	0.66517177
4.222449688	0.486596341
4.22375715	0.546008796
4.225064612	0.319552815
4.226372075	0.116884061
4.227679537	0.07952698
4.228986999	0.472654708
4.230294462	0.64612078
4.231601924	0.848726076
4.232909386	0.482888114
4.234216849	0.400811933
4.235524311	0.397680098
4.236831774	0.547451394
4.238139236	0.452291605
4.239446698	0.40608964
4.240754161	0.443071219
4.242061623	0.333483996
4.243369085	0.424273761
4.244676548	0.446538335
4.24598401	0.383836148
4.247291472	0.326908123
4.248598935	0.267102524
4.249906397	0.138715467
4.25121386	0.283988149
4.252521322	0.195189504
4.253828784	0.074877429
4.255136247	0.091324187
4.256443709	-0.163290767
4.257751171	-0.150378516
4.259058634	-0.050999429
4.260366096	-0.030632564
4.261673558	-0.104991748
4.262981021	-0.132114615
4.264288483	-0.412521861
4.265595945	-0.218960072
4.266903408	-0.202343461
4.26821087	-0.024409391
4.269518333	0.185653973
4.270825795	0.053590762
4.272133257	0.015486267
4.27344072	-0.04233042
4.274748182	0.128008479
4.276055644	0.174197155
4.277363107	0.197381748
4.278670569	0.173670177
4.279978031	0.030880938
4.281285494	-0.066663299
4.282592956	-0.126303726
4.283900418	-0.076836958
4.285207881	0.138944989
4.286515343	-0.108737629
4.287822806	-0.103929774
4.289130268	-0.048099847
4.29043773	-0.137437159
4.291745193	-0.572646341
4.293052655	-0.325505743
4.294360117	-0.245775036
4.29566758	-0.128399757
4.296975042	-0.219925236
4.298282504	0.025188821
4.299589967	0.18037796
4.300897429	0.058655807
4.302204892	0.004599912
4.303512354	0.110241973
4.304819816	0.256964982
4.306127279	0.352216329
4.307434741	0.447460868
4.308742203	0.272402678
4.310049666	0.127087457
4.311357128	0.198729282
4.31266459	0.154761017
4.313972053	-0.00513178
4.315279515	-0.210872471
4.316586977	-0.161549721
4.31789444	-0.336083427
4.319201902	-0.643994991
4.320509365	-0.725245364
4.321816827	-0.850528293
4.323124289	-0.838143578
4.324431752	-0.910793776
4.325739214	-0.994571938
4.327046676	-1.006850112
4.328354139	-1.094085476
4.329661601	-1.202205046
4.330969063	-1.387810172
4.332276526	-1.433604883
4.333583988	-1.318873473
4.33489145	-0.978867414
4.336198913	-0.157097186
4.337506375	0.525970187
4.338813838	0.854501104
4.3401213	1.106121695
4.341428762	0.996045134
4.342736225	0.951821177
4.344043687	0.914056795
4.345351149	0.882631753
4.346658612	0.974103912
4.347966074	1.21804145
4.349273536	1.079946205
4.350580999	1.189982676
4.351888461	1.217400905
4.353195923	1.05961769
4.354503386	0.636942565
4.355810848	0.738348382
4.357118311	0.48799279
4.358425773	0.340318799
4.359733235	0.197289566
4.361040698	0.351534605
4.36234816	0.311346382
4.363655622	0.232489037
4.364963085	0.304873917
4.366270547	0.232240074
4.367578009	0.24807907
4.368885472	0.257645249
4.370192934	0.228844018
4.371500397	0.167306183
4.372807859	0.056338388
4.374115321	-0.012699179
4.375422784	-0.068518758
4.376730246	0.116938018
4.378037708	0.038196255
4.379345171	-0.076799803
4.380652633	-0.089239321
4.381960095	0.15382035
4.383267558	0.131437843
4.38457502	0.082889295
4.385882482	0.07738166
4.387189945	0.314710247
4.388497407	0.24893544
4.38980487	0.301231209
4.391112332	0.444699775
4.392419794	0.478923886
4.393727257	0.435386039
4.395034719	0.436737132
4.396342181	0.488906721
4.397649644	0.433906916
4.398957106	0.236856166
4.400264568	0.365675604
4.401572031	0.450677052
4.402879493	0.49877278
4.404186955	0.632278077
4.405494418	0.39134959
4.40680188	0.353213599
4.408109343	0.604496439
4.409416805	0.478272337
4.410724267	0.472694416
4.41203173	0.585169475
4.413339192	0.365289072
4.414646654	0.3627073
4.415954117	0.218727144
4.417261579	0.308555724
4.418569041	0.367771892
4.419876504	0.161517131
4.421183966	0.204661735
4.422491429	0.27071587
4.423798891	0.261200443
4.425106353	0.224970008
4.426413816	0.152160298
4.427721278	0.000260365
4.42902874	-0.015451972
4.430336203	-0.047407145
4.431643665	0.099548813
4.432951127	0.08268926
4.43425859	-0.197678763
4.435566052	-0.065577045
4.436873514	-0.099637776
4.438180977	0.027506785
4.439488439	-0.050972621
4.440795902	-0.340542515
4.442103364	-0.265153429
4.443410826	-0.168613021
4.444718289	-0.405760022
4.446025751	-0.454265631
4.447333213	-0.402427265
4.448640676	-0.429855001
4.449948138	-0.468120966
4.4512556	-0.353130226
4.452563063	-0.219534356
4.453870525	-0.518767719
4.455177987	-0.768989195
4.45648545	-0.658564019
4.457792912	-0.656046781
4.459100375	-0.655193548
4.460407837	-0.697122877
