5.19221595
5.60411807
5.91190938
6.42375802
7.52844746
7.14601446
7.97127854
8.28457906
8.12557649
8.36655065
8.63449007
8.98043863
9.41028773
9.56641538
10.05564361
10.44675786
10.66687252
10.97763201
11.19651084
11.33085933
11.61334764
12.28738826
12.31267168
12.39188571
12.66187096
13.04644616
13.15257603
13.06161650
13.14860304
12.94942870
12.99977747
13.31618965
13.37245561
13.44606140
13.62214415
13.56134445
13.45601465
13.25351326
14.27736341
14.29743406
13.85226589
13.56277079
13.91952091
13.87614204
14.39037826
14.46356771
15.63920351
14.98977085
15.95773737
17.15404479
16.34182119
16.87058913
16.39793712
15.68643291
15.66627631
15.72122130
15.79544984
15.20366418
16.75802389
15.37416064
15.62834921
17.13934205
15.06100189
17.46537038
15.33924290
16.10049678
16.11187053
15.35061148
15.59456874
17.74807316
15.85743157
16.75648892
16.17719291
16.93644039
15.25924878
