3.7310
4.1955
4.7064
5.2250
5.7684
6.2263
6.5724
7.0557
7.0553
7.2400
7.3495
7.6111
7.3179
7.4736
7.1726
7.1049
7.0658
7.0012
6.6795
6.2894
6.1268
5.4945
4.9581
4.6111
4.0788
3.6667
3.1595
2.7919
2.5280
2.1209
1.7364
1.4434
0.8379
0.4868
0.1815
-0.0095
-0.5097
-0.6550
-1.0385
-1.3058
-1.5001
-1.5818
-1.8708
-2.2876
-2.6566
-2.8819
-2.9310
-3.3046
-3.2771
-3.4547
-3.5011
-3.8017
-3.9693
-4.2108
-4.4995
-4.5959
-5.1101
-5.1180
-5.4650
-5.5675
-5.6479
-5.6603
-5.8208
-5.8384
-5.7404
-6.2522
-6.3718
-6.6032
-6.8200
-6.8565
-7.0907
-6.9742
-6.9476
-7.1151
-6.8824
-7.1297
-7.1527
-6.9323
-6.6457
-6.5101
-6.4369
-6.0253
-6.0619
-6.0616
-5.6944
-5.8112
-5.3771
-5.5175
-5.1501
-5.0166
-5.1752
-5.1831
-5.0089
-4.8744
-4.6452
-4.1185
-3.6740
-3.2945
-3.3638
-3.0741
-2.8973
-3.0660
-3.7300
-4.4177
-4.9898
-5.4281
-5.8763
-6.3287
-6.6986
-7.4223
-7.9051
-8.3140
-8.5072
-8.5341
-8.9065
-9.1735
-9.3998
-9.5508
-9.5384
-9.6436
-9.4371
-9.7988
-9.8595
-9.3143
-9.8667
-9.9078
-9.6221
-9.9670
-10.0029
-10.1420
-9.8274
-9.6449
-9.9110
-9.7505
-9.5154
-9.4447
-9.4583
-9.7468
-9.0156
-9.6881
-9.4949
-9.6174
-9.3848
-9.3480
-9.0567
-9.3579
-9.1994
-8.9843
-9.4002
-8.9913
-9.1134
-9.0147
-8.5625
-8.7833
-8.0360
-8.4263
-8.0222
-7.8225
-7.7024
-7.2740
-7.0527
-7.0742
-6.5049
-6.4898
-6.7968
-6.6249
-6.8983
-7.1111
-6.7515
-6.7977
-6.7326
-6.7422
-6.5367
-6.7562
-6.7754
-7.3364
-7.5176
-7.6562
-7.5674
-8.1748
-8.2466
-8.2672
-8.3561
-8.8319
-8.8940
-9.0422
-9.1401
-9.2387
-9.1997
-9.3268
-9.4405
-9.6598
-9.6350
-9.6605
-10.0424
-10.0842
-10.0887
-9.9492
-9.8579
-9.6495
-9.8350
-9.6167
-9.5337
-9.3955
-8.9413
-8.9900
-8.5523
-8.2590
-7.6197
-6.6239
-5.8149
-5.6333
-4.3651
-4.3281
-3.4133
-2.9641
-2.9986
-2.1993
-1.5052
-1.3018
-0.2434
0.2526
0.4873
0.6094
0.7672
1.5723
1.4844
2.0239
2.0240
2.4670
2.4025
2.9278
2.6974
3.6295
3.9624
4.5925
5.4560
5.5852
6.0533
6.2139
5.9731
6.5122
6.7707
7.0685
7.4498
7.8751
8.1864
8.5526
8.9573
10.6442
9.7944
10.1266
10.6494
10.8631
11.1684
11.2071
11.4257
11.4291
11.3608
10.9618
10.7740
10.4635
10.3976
10.0318
9.8045
9.9987
9.5595
9.6305
9.3749
9.3866
9.4437
9.3354
9.4682
9.5132
9.4103
9.8582
9.6266
9.7832
9.9554
9.7123
9.8423
9.8663
9.5983
9.7290
9.8581
9.5124
9.2937
9.5204
9.3165
9.2708
9.3523
8.8792
8.7421
8.0690
7.9618
7.1290
6.6373
5.8801
5.1438
4.5387
3.8455
3.1025
2.0223
1.4909
0.4956
-0.4800
-1.1309
-1.7367
-2.1616
-2.6686
-3.5425
-3.8924
-4.4934
-4.7382
-5.3014
-5.6181
-5.8958
-6.3630
-6.7858
-6.6911
-7.3385
-7.2769
-7.8296
-7.9550
-7.9757
-8.2961
-8.3863
-8.3368
-7.9937
-8.1432
-7.4251
-7.8731
-7.1854
-7.6471
-7.6289
-8.1610
-8.0245
-8.3982
-8.9899
-9.2052
-9.1963
-9.2849
-9.1012
-8.8792
-8.2977
-8.7569
-8.9461
-8.8732
-8.9176
-9.0933
-8.8236
-9.2185
-9.2108
-9.1637
-9.2048
-9.0190
-9.2022
-9.2176
-8.8641
-8.8279
-8.7882
-8.5274
-8.6808
-8.7223
-8.7186
-8.6135
-8.1413
-8.4274
-8.5406
-8.4869
-8.5572
-8.3764
-7.9645
-7.8253
-7.6433
-7.6194
-7.3738
-7.8882
-7.9187
-8.0157
-8.0173
-7.5542
-7.5597
-7.2368
-7.1627
-7.3847
-7.3027
-7.4841
-7.0761
-7.1777
-6.9953
-7.1462
-6.9584
-7.0061
-6.4699
-6.5617
-6.4537
-6.3144
-5.8760
-5.9300
-5.7241
-6.0935
-5.6838
-5.3055
-5.9770
-5.9271
-6.1360
-5.7222
-5.9099
-5.6670
-5.8114
-6.4083
-6.4717
-6.4454
-6.6556
-6.2708
-6.9339
-6.6817
-6.8509
-6.8723
-7.0893
-6.5771
-6.5593
-7.3358
-7.5645
-7.2589
-6.9304
-7.0217
-6.6668
-6.3534
-5.5552
-5.7324
-4.7000
-4.7843
-3.1108
-3.5810
-1.8295
-1.0168
-0.6833
0.0333
-0.9166
-0.9327
-1.3540
-0.3892
-0.0920
0.8847
0.6297
1.0989
0.9910
1.3029
1.6160
1.3080
1.6540
1.4125
0.6402
0.2030
0.4999
-0.4085
-0.1626
-0.2486
0.2400
0.5187
0.5970
1.2194
1.0493
1.4905
1.4875
1.6621
1.9818
2.2045
2.4769
2.5052
2.6236
3.2699
2.7960
3.1783
3.4159
3.8313
4.1444
4.3933
4.4217
4.6150
4.2225
3.9584
3.8477
3.3082
2.9864
2.6394
2.4600
2.0432
1.9073
1.3233
1.0539
0.8408
0.3356
0.0871
0.0346
-0.3896
-0.5198
-0.5946
-0.6362
-0.9614
-1.2987
-1.4580
-1.6275
-1.8804
-2.1769
-2.3324
-2.7891
-3.0466
-3.1289
-3.2253
-3.5324
-3.7943
-3.8601
-3.9518
-3.8754
-3.9773
-3.9170
-3.9911
-3.9204
-3.8527
-3.7249
-3.4539
-3.5290
-3.5129
-3.3084
-3.2215
-2.1320
-2.5036
-1.7762
-1.9435
-2.1832
-2.2530
-2.3563
-2.7811
-2.2707
-2.8266
-2.9662
-2.8950
-2.7839
-2.9729
-2.5419
-2.4841
-2.4537
-2.0021
-2.1327
-1.4361
-0.3297
-0.5213
-0.7328
-0.3477
0.0994
0.4109
0.9130
0.5423
0.3920
0.5509
1.3067
0.4729
0.5629
0.3816
0.3277
0.1053
-0.0518
-0.2276
-0.6500
-1.0749
-1.3810
-1.7573
-2.0191
-2.6977
-3.2736
-3.7616
-4.1791
-4.6568
-4.5922
-5.3740
-5.4021
-6.0161
-6.4148
-6.8567
-6.8674
-6.8490
-7.6645
-7.1794
-8.1083
-8.4128
-8.7194
-9.1711
-9.1497
-9.6736
-9.7712
-10.2310
-10.3088
-10.6080
-10.6471
-10.7718
-10.6260
-10.8178
-10.8979
-10.8692
-11.0688
-10.9430
-11.2333
-11.2664
-11.1006
-11.1846
-10.7134
-11.2557
-11.2512
-11.2480
-11.0731
-11.0795
-11.1929
-11.1056
-11.0143
-10.9156
-10.9518
-10.7762
-10.7019
-10.7680
-10.8234
-10.5208
-10.3483
-10.3333
-10.0761
-9.8691
-9.7086
-9.3490
-9.2250
-9.2501
-9.0429
-8.3592
-8.3018
-7.8011
-7.5937
-7.2860
-6.9337
-6.6840
-6.0970
-5.8889
-5.5450
-5.1474
-4.8467
-4.4746
-3.7316
-3.7947
-3.5563
-3.3632
-3.0152
-2.9899
-2.6064
-2.3251
-1.7058
-1.8456
-0.8083
-0.7562
-0.9240
-0.5956
-0.0406
-0.3191
0.1054
0.5764
1.1011
0.8843
0.9398
0.7363
0.7821
0.8238
0.7618
1.6101
1.5527
1.8868
1.7354
1.7767
2.1652
2.7743
2.1094
2.7465
2.4362
2.9809
3.4050
3.5089
5.0494
4.8577
6.0780
6.3668
7.6526
7.8530
8.4105
8.0867
10.1231
9.6771
10.4081
10.5589
10.6177
11.2350
10.7873
11.4746
10.8243
10.5754
11.0548
11.3327
11.8825
11.9608
12.5603
13.2986
13.4365
13.6835
13.5941
14.1936
14.6971
15.1425
14.7264
15.6130
15.3775
14.2535
15.3078
13.5565
12.9565
13.1421
12.4751
12.4949
11.5864
11.1250
10.9921
10.8790
9.7110
9.3861
9.0072
8.2956
8.3098
8.1836
8.3764
8.2238
8.6415
8.1652
8.3469
8.1388
8.5281
8.7031
9.2832
9.3677
9.4096
10.1660
11.0301
11.3984
11.3565
11.5509
12.1141
12.1588
12.7458
12.9754
13.3531
13.3898
13.5950
14.2009
13.7896
13.7025
14.4208
15.2142
15.2012
15.2943
15.5209
16.0610
16.1893
17.7753
17.2964
16.9757
17.9299
18.8646
19.5433
18.9760
18.9192
18.5394
18.0626
17.7693
16.7058
16.1531
16.2006
15.6462
15.5240
15.5151
14.8100
14.6024
14.4389
14.2244
14.3656
13.6106
13.0960
12.4160
11.8446
11.9994
10.9631
10.4441
10.0783
9.9839
9.2518
8.7574
8.4144
7.5516
7.3535
6.6734
6.5507
6.0148
5.9476
5.7750
5.5594
5.4697
5.4937
5.3429
5.5540
5.2717
4.9588
5.2382
4.6517
4.8677
4.4932
4.6423
4.3882
4.5914
4.2726
4.3681
4.5142
4.5998
4.5029
4.4407
4.4174
4.7662
4.7003
4.8421
5.0851
5.1499
5.3411
5.4453
5.7848
5.9359
5.8560
6.0658
6.2982
6.2427
6.2351
6.3105
6.2625
6.4351
6.2608
6.2957
6.5681
6.3120
6.3156
6.5196
6.4419
6.5675
6.8888
6.8993
7.0371
7.2398
7.6432
7.6355
8.2995
8.4070
8.8224
9.0665
9.3899
10.0445
10.3684
11.2377
11.3586
11.7197
12.2000
12.5498
13.0160
13.2321
13.3117
13.4086
13.7258
13.6604
13.3956
13.5789
13.0825
13.1793
12.2557
11.8351
11.9603
11.7379
10.7751
10.1272
9.4511
9.1131
8.3863
7.9676
7.2110
6.8532
6.4092
6.3769
5.9621
5.8395
5.7086
5.7667
5.7057
6.4410
6.2750
6.6733
7.1395
7.0185
7.0775
6.4733
5.8454
5.5143
4.9755
5.0389
3.8809
3.6927
3.3391
4.0875
3.6029
3.6835
4.1791
3.6348
3.9074
3.3143
3.7856
2.9038
3.1322
2.7456
2.3501
2.0703
2.0419
1.5425
1.5949
0.6838
1.0267
0.0914
0.5487
0.0235
-0.0764
-0.6705
-0.5754
-0.9002
-0.8799
-1.1943
-1.0047
-1.2746
-0.8913
-1.6999
-1.5732
-2.0508
-1.6553
-2.1060
-2.1561
-2.1879
-2.0589
-2.0105
-2.1566
-2.2530
-2.2663
-2.2355
-2.3171
-2.2161
-2.6039
-2.6227
-2.7384
-2.3361
-2.2852
-2.2681
-2.5218
-2.4667
-2.7550
-3.0880
-3.0375
-3.2332
-3.4220
-3.2969
-3.7088
-3.4659
-3.8268
-3.6467
-3.3431
-3.5628
-3.7700
-3.3472
-3.1935
-3.6524
-2.9126
-3.4937
-3.1747
-3.9256
-3.6502
-4.0166
-3.8988
-4.6108
-4.4065
-4.9839
-4.9780
-5.1774
-5.0453
-5.2221
-5.3234
-5.4576
-5.6522
-5.6644
-5.4851
-4.8780
-5.6498
-5.9028
-6.0685
-6.4116
-6.4879
-6.5009
-6.1923
-6.3455
-6.4520
-6.0379
-5.9068
-5.1392
-4.6759
-3.8201
-3.2239
-2.9779
-1.9097
-3.1526
-3.1906
-3.1712
-3.9501
-2.9807
-2.9750
-3.3682
-2.7933
-3.1304
-3.1073
-3.0195
-3.9211
-4.0257
-4.8491
-4.9518
-5.0859
-5.4166
-5.7545
-5.9053
-5.9506
-5.9500
-5.6899
-5.7383
-5.6425
-5.2463
-5.3308
-5.0396
-5.2434
-5.3100
-5.2973
-5.3599
-5.3466
-5.4058
-5.4462
-5.4807
-5.5235
-5.2823
-5.3747
-5.0976
-5.0285
-5.1095
-5.1623
-4.9288
-5.1426
-5.2079
-5.0169
-4.9207
-5.0118
-5.0758
-4.9821
-4.9636
-4.8612
-4.7576
-4.4317
-4.2573
-4.1278
-4.0566
-3.8798
-3.5316
-2.9955
-3.0562
-2.8351
-2.9029
-2.5831
-2.6816
-2.5201
-2.3538
-1.9117
-1.9505
-1.6473
-1.2800
-1.2910
-1.1645
-0.9441
-0.6073
-0.4918
-0.5156
-0.3009
-0.1097
-0.1001
0.1731
0.2519
0.3251
0.7223
0.6110
0.7228
0.9937
1.1941
1.3663
1.5130
1.5171
1.9051
1.7867
2.1949
2.1404
2.4380
2.3906
2.3631
2.4278
2.6717
2.4018
2.4145
2.2964
2.2876
2.4552
2.2986
2.2800
2.3811
2.3879
3.0627
2.6986
3.1077
2.8811
3.5456
3.7505
3.5335
3.5872
3.6864
3.6599
3.4241
3.6408
3.8480
3.8507
4.3443
3.6266
4.0417
4.1759
4.0697
4.2927
4.3306
4.8824
4.7267
4.9412
4.6314
4.8495
5.3198
5.0226
5.1524
5.5807
5.7941
5.4674
5.9400
5.7588
6.1877
6.6268
6.5545
7.0112
7.3018
7.1984
7.9390
7.7173
7.8403
7.8703
8.1350
8.3244
8.9049
8.8847
8.8351
9.1886
10.1008
9.8218
10.2451
9.5235
10.5194
10.4771
10.4585
11.1022
10.6639
10.4328
10.0689
9.5374
9.3591
9.3186
9.0327
8.6475
7.6122
8.5515
8.3509
7.3300
6.9369
6.5717
6.2652
5.7395
5.8305
5.6156
4.8699
5.1405
4.8466
4.9007
4.5490
5.4018
5.0522
5.8420
5.2744
5.0974
4.7823
4.9483
4.8765
4.8371
5.2724
4.2832
4.2504
3.6391
3.0797
3.2133
3.5993
2.4506
2.4952
2.0395
1.7583
1.4347
1.4174
1.0409
0.9229
0.8305
0.5449
0.6059
0.1220
0.1230
-0.0939
0.0576
-0.2341
-0.0410
-0.0500
-0.4324
0.1650
-0.1491
0.1520
-0.1961
-0.2700
0.0033
-0.1046
0.0826
0.1504
0.0790
-0.4026
-0.4311
-0.7649
-0.7666
-0.9980
-0.6773
-0.9581
-0.5783
-1.4303
-1.1887
-1.4226
-1.5530
-1.9105
-1.9426
-1.9344
-1.7625
-1.9145
-1.8455
-1.6985
-1.5884
-1.2472
-1.3899
-1.3391
-1.4451
-1.1786
-1.2600
-1.3929
-1.3344
-1.5434
-0.8755
-1.2150
-1.1202
-0.7550
-0.9763
-1.2754
-1.0355
-1.1401
-1.4666
-1.8462
-1.4675
-1.3650
-1.2330
-1.6602
-1.4754
-1.6456
-1.6815
-2.1303
-0.8801
-1.9011
-1.7163
-1.4899
-1.4473
-1.7184
-1.5692
-1.8571
-1.7842
-1.9778
-2.0890
-2.1121
-2.2716
-2.1555
-2.4882
-2.5202
-2.6651
-2.6962
-2.6758
-3.0109
-3.2149
-3.3674
-3.5439
-3.7783
-3.9296
-4.0278
-4.3384
-4.4220
-4.7908
-4.9088
-4.9908
-5.1310
-5.1716
-5.4037
-5.2602
-5.4058
-5.6600
-5.6710
-5.6198
-5.5666
-5.6152
-5.6523
-5.7060
-5.4451
-5.5296
-5.4076
-5.3518
-5.2917
-5.2506
-5.0050
-5.0484
-4.9975
-4.8678
-4.7925
-4.6304
-4.4203
-4.2562
-4.1279
-3.8610
-3.9947
-3.8376
-3.8285
-3.8026
-3.8946
-3.9006
-3.9460
-3.9844
-4.1327
-4.2908
-4.4489
-4.5504
-4.5233
-4.8764
-4.9065
-5.2488
-5.3305
-5.3871
-5.2995
-5.3236
-5.1485
-4.5977
-4.7772
-4.4810
-4.2208
-3.8791
-3.4579
-3.0762
-2.4541
-2.2916
-1.9537
-1.5948
-1.4168
-1.1883
-0.9973
-0.8945
-0.6900
-0.4981
-0.5739
-0.4780
-0.2653
-0.1164
0.1022
0.3544
0.2366
0.2724
0.1853
0.1185
-0.0019
-0.1662
-0.1599
0.2138
-0.1329
0.0486
0.5077
-0.0600
-0.0340
-0.7334
-1.5778
-2.1624
-2.6841
-3.0978
-3.5464
-3.8950
-4.3029
-4.6586
-4.9491
-5.2064
-5.4230
-5.5942
-5.6132
-5.9823
-6.2143
-6.3302
-6.6515
-6.6851
-7.2594
-7.5455
-7.7955
-8.0042
-8.2887
-8.5375
-8.8541
-9.1101
-9.3116
-9.4973
-9.6306
-9.5302
-9.5836
-9.8158
-9.7999
-9.7899
-9.7250
-9.4558
-9.4059
-9.0661
-8.8521
-8.7516
-8.4069
-8.2646
-7.9686
-7.6836
-7.3701
-6.7794
-6.7261
-6.4135
-6.2428
-6.0171
-5.6068
-5.6217
-5.4494
-5.3109
-5.1895
-5.0090
-4.9636
-4.8239
-4.8322
-4.7210
-4.6374
-4.2689
-4.2643
-4.0977
-3.9290
-3.7680
-3.5637
-3.2573
-3.0116
-2.7527
-2.5399
-2.3472
-2.1726
-2.0371
-1.9301
-1.8650
-1.6291
-1.8260
-1.8247
-1.8445
-1.8457
-1.8574
-1.8344
-1.7999
-1.4470
-1.5637
-1.4107
-1.3284
-1.2435
-1.1244
-1.0595
-0.9772
-0.9445
-0.8434
-0.9363
-0.9524
-1.1414
-1.2326
-1.3360
-1.4294
-1.5349
-1.6105
-1.7359
-1.8099
-1.9823
-2.0970
-2.2551
-2.3795
-2.3050
-2.6715
-2.8440
-3.0557
-3.2703
-3.3754
-3.6687
-3.6634
-4.3156
-4.6814
-5.0963
-5.4901
-5.7838
-6.1816
-6.4727
-6.8544
-7.1307
-7.3709
-7.5878
-7.7739
-7.9167
-8.0712
-8.1667
-8.3294
-8.4156
-8.4542
-8.5461
-8.5510
-8.4331
-8.4508
-8.6380
-8.6810
-8.6793
-8.6832
-8.6521
-8.6067
-8.5635
-8.5077
-8.4383
-8.2950
-8.2627
-8.1880
-8.2027
-8.2072
-8.1804
-8.0673
-8.3379
-8.3862
-8.5418
-8.6220
-8.7802
-8.6865
-8.9253
-9.0739
-9.1519
-9.3090
-9.3773
-9.4936
-9.5505
-9.6488
-9.6135
-9.6958
-9.6717
-9.7461
-9.7411
-9.7785
-9.8468
-10.0104
-9.8708
-10.2454
-10.2868
-10.4194
-10.4815
-10.4841
-10.5436
-10.5291
-10.6213
-10.6899
-10.6133
-10.6166
-10.7462
-11.0920
-11.0433
-11.2039
-11.2385
-11.2022
-11.2445
-11.5428
-11.5514
-11.8008
-11.8692
-11.4902
-11.9075
-11.8310
-11.9160
-11.5217
-11.7903
-11.4218
-11.1922
-11.5459
-11.2988
-10.6404
-11.1697
-10.8394
-10.4429
-9.9229
-9.9373
-9.9408
-9.4142
-9.4093
-7.7752
-7.1818
-6.2503
-4.2623
-1.9458
0.4843
3.0482
4.9043
5.8402
7.5517
9.7401
10.3575
11.7509
11.8211
11.9046
12.4328
13.5219
13.7258
14.0065
16.1171
16.8947
18.9434
20.3931
22.8094
24.2774
27.5865
28.2193
29.6439
30.5665
30.7239
30.9283
30.6807
31.7015
29.9437
30.1181
28.7468
27.7561
26.4595
25.5879
24.6343
23.8845
23.1718
22.2483
22.4365
21.7295
21.5863
21.4971
21.6710
21.0316
20.9720
19.7093
20.4989
19.7193
19.5356
18.9287
18.3986
17.9070
17.2484
16.4071
16.2652
14.8223
14.9020
14.6654
14.4008
13.9330
13.4759
12.1072
12.5919
12.2702
11.6472
12.1459
11.7175
11.6227
11.5964
11.7329
11.9306
11.0386
11.3571
10.8649
10.9807
10.4145
10.1841
9.4408
8.9041
8.4442
8.2263
7.5664
7.4147
7.5695
6.6667
6.3992
6.2711
5.9866
5.6162
5.4112
5.5269
5.7660
6.0646
5.9800
5.5673
5.6459
5.3697
5.6509
5.3719
5.4099
5.8402
5.5250
5.8605
5.8349
5.8072
5.7838
5.3978
5.2229
4.6212
4.5618
4.3720
4.2313
4.4695
3.6330
3.8798
3.7113
3.7973
3.8590
3.5965
3.5212
3.7600
4.4020
3.6557
3.7025
4.1576
3.5955
4.4568
3.7797
3.6863
3.7390
3.8350
4.0924
3.9334
4.0412
3.7081
3.3947
2.8848
2.9194
2.8592
2.7132
2.8333
2.1990
1.7997
1.5573
1.8748
1.1993
1.0714
0.6688
0.6458
0.8440
0.4586
0.8229
0.0905
0.3302
0.0148
-0.4356
-0.2986
-1.1926
-1.2589
-1.1976
-1.2550
-1.5783
-1.8932
-1.7284
-1.9825
-2.2267
-2.4581
-2.4140
-2.3704
-3.1425
-2.9607
-3.2894
-3.0660
-3.6633
-3.6424
-3.0963
-3.6199
-3.6901
-3.2273
-3.8000
-3.7072
-4.1341
-3.9246
-4.1533
-3.8277
-3.5577
-3.8964
-4.1274
-4.0390
-3.8696
-3.6470
-3.8447
-3.6671
-3.4577
-3.6778
-3.6661
-3.5767
-3.2775
-2.9381
-2.5325
-2.7265
-2.5500
-2.8304
-2.5315
-2.5938
-2.3445
-1.8331
-2.7842
-2.6738
-2.5400
-2.7185
-2.5190
-2.4961
-2.9970
-2.9811
-3.3863
-3.2221
-3.3908
-3.4304
-3.5685
-3.6729
-3.9553
-4.0282
-3.1836
-3.9203
-4.2285
-4.4101
-4.1944
-4.4372
-4.4317
-4.6145
-4.4936
-4.7274
-5.0735
-5.2822
-5.4669
-5.2129
-5.5385
-5.5748
-5.5442
-5.8676
-5.8291
-5.8004
-5.5089
-5.2701
-5.1274
-5.1331
-4.8990
-4.5701
-4.5354
-4.1218
-4.0381
-3.9240
-3.8410
-3.6881
-3.2595
-3.5954
-3.1317
-3.3281
-2.3695
-2.9795
-2.5554
-2.4382
-1.9582
-2.2273
-2.1729
-2.1972
-2.1296
-2.0086
-1.7843
-1.6690
-1.4025
-1.1680
-1.2105
-1.2291
-1.1816
-0.9252
-1.1170
-1.0000
-1.0335
-0.9874
-1.0876
-0.9373
-1.2162
-1.2926
-1.3357
-1.3571
-1.3047
-1.2139
-1.0768
-0.6399
-0.3982
-0.2879
-0.2392
-0.1328
-0.3126
0.0681
0.1929
-0.0861
-0.7997
-0.9015
-1.1778
-1.3188
-1.0368
-1.3016
-1.5036
-1.4734
-1.4939
-1.8030
-1.9207
-2.0841
-1.5596
-2.1886
-2.2671
-2.6966
-2.9285
-3.1082
-3.1884
-3.3930
-3.7595
-3.6169
-3.6994
-3.1192
-3.1307
-2.1536
-1.5726
-1.2644
-0.0084
0.0310
2.2269
2.8287
3.1504
3.0545
3.4871
3.6558
4.2103
4.5716
5.3941
4.7485
5.2333
4.6332
5.5030
4.2200
3.8311
4.0496
3.4291
3.2080
2.6645
1.3238
0.9292
1.5377
1.1919
1.4768
1.8136
2.5149
2.9883
3.9334
2.3932
4.6233
3.7661
3.5347
3.6091
3.4254
4.0318
3.8034
4.7622
5.1627
5.6620
4.8411
4.8994
5.0957
4.7990
5.0143
4.6888
4.8356
4.8532
4.3386
5.3706
5.0098
5.4953
5.0754
4.9533
5.6161
5.5842
6.1730
5.9243
6.9199
6.1583
6.6372
6.9379
7.4603
7.2474
7.4738
7.8090
8.3542
8.1658
8.0564
7.7078
7.2050
7.2145
7.1949
7.1028
6.7540
6.7329
6.2052
5.8316
5.9223
5.2685
5.2886
5.2270
5.0278
4.8229
5.1437
4.5995
4.8732
4.7891
4.4823
4.3087
4.3507
3.9124
4.1498
4.2563
3.7313
4.0976
3.7884
3.9764
4.3893
4.3348
4.3919
4.6673
4.4866
5.1407
5.5676
5.3700
5.8916
6.0418
6.0450
6.3759
5.7507
5.5549
5.1457
4.7376
4.3995
4.3272
4.2176
4.0232
3.9490
4.3250
3.8806
3.9591
3.3947
3.1656
2.7925
2.6178
2.1574
2.1154
1.5222
1.3880
0.8538
0.7033
0.7143
0.1936
0.1149
-0.2548
0.0099
-0.2159
-0.5473
-0.6919
-1.0198
-1.4119
-1.4782
-1.8650
-1.8161
-1.8421
-2.5240
-2.5659
-3.0881
-2.8629
-2.7371
-2.5090
-2.9056
-2.6313
-2.4037
-2.0139
-2.2930
-2.2043
-1.7140
-1.8782
-1.8260
-1.2488
-0.5128
-0.9711
0.1139
0.7923
1.3149
2.7671
2.9169
3.0670
5.9978
4.5636
6.6528
6.3744
8.6872
8.2270
10.0573
9.2797
9.8837
10.7701
10.4328
11.2585
10.7125
11.3306
11.8035
11.7687
11.8186
11.6590
11.2932
11.0186
10.8629
10.7602
10.4040
10.1457
9.7402
9.7854
9.0475
8.6018
8.2508
7.7849
7.7278
7.1693
6.4569
6.2665
6.1833
5.8958
6.3249
5.8714
6.0621
6.2796
6.4174
6.8753
6.7114
7.0043
6.9381
7.1198
6.7285
6.4978
6.1937
6.4938
5.7304
5.1138
4.9720
4.6469
4.3816
4.0048
3.7511
3.4814
2.9450
3.2186
2.5279
1.9986
2.2421
1.8552
1.9881
1.6834
1.4728
1.7039
1.5042
1.2131
1.4012
1.4741
1.1839
1.5131
1.3010
1.5455
1.6154
1.1399
1.6099
1.5734
1.6797
1.8117
1.8789
2.1661
2.4647
2.7114
2.4490
3.0778
2.9607
3.1673
2.9745
3.7248
3.3543
3.3887
3.4876
3.4040
3.4296
3.4158
3.6029
3.5817
3.6810
3.5676
3.5678
3.4508
3.4285
3.3428
3.3173
3.2885
3.3192
3.5696
3.4778
3.5760
3.7108
3.8381
3.9981
4.1855
4.4113
4.6251
4.8496
4.9831
5.1247
5.2006
5.2850
5.4120
5.3988
5.4291
5.3114
5.2325
5.1188
4.9604
4.7653
4.5266
4.2608
3.9702
3.6810
3.4017
3.1554
2.9477
2.7844
2.6590
2.7472
2.4343
2.3067
2.1524
2.0020
1.8426
1.6698
1.4989
1.2716
1.0688
0.8418
0.6345
0.4198
0.1943
-0.0387
-0.2793
-0.5246
-0.7697
-1.0096
-1.2372
-1.4471
-1.6382
-1.8078
-1.9655
-2.1094
-2.1692
-2.3390
-2.4181
-2.6075
-2.6880
-2.7740
-2.8242
-2.9132
-2.9740
-3.0699
-3.1329
-3.2026
-3.2489
-3.3104
-3.3685
-3.4592
-3.3524
-3.6741
-3.8046
-3.9628
-4.1507
-4.3773
-4.6487
-4.9298
-5.2851
-5.6347
-6.0939
-6.5393
-7.0377
-7.5319
-8.0456
-8.5841
-9.1314
-9.6810
-10.1436
-10.7025
-11.1701
-11.7164
-12.1746
-12.5838
-12.9820
-13.3284
-13.6472
-13.9166
-14.1483
-14.3424
-14.5018
-14.6222
-14.7240
-14.7900
-14.8797
-14.9486
-15.0449
-15.1154
-15.1810
-15.2333
-15.2401
-15.2847
-15.2761
-15.1615
-15.3978
-15.4811
-15.5249
-15.5742
-15.6147
-15.6516
-15.6801
-15.7036
-15.7251
-15.7437
-15.7696
-15.7901
-15.8316
-15.8674
-15.9311
-15.9847
-16.0522
-16.1109
-16.1618
-16.2206
-16.2558
-16.3261
-16.2924
-16.4098
-16.4201
-16.5509
-16.5916
-16.6284
-16.6784
-16.7292
-16.7941
-16.8517
-16.9118
-16.9528
-17.0009
-17.0355
-17.0892
-17.1330
-17.1854
-17.2277
-17.2664
-17.1000
-17.2928
-17.3106
-17.2805
-17.3262
-17.2553
-17.3405
-17.3204
-17.4135
-17.4337
-17.4408
-17.4830
-17.5163
-17.5774
-17.6088
-17.6323
-17.6297
-17.6215
-17.6043
-17.5924
-17.5719
-17.5680
-17.5611
-17.5780
-17.5926
-17.6139
-17.5928
-17.5933
-17.5429
-17.5613
-17.5303
-17.5240
-17.4772
-17.4238
-17.3652
-17.3009
-17.0407
-17.1795
-17.1264
-17.0706
-17.0034
-16.9375
-16.8474
-16.7926
-16.7190
-16.6832
-16.6154
-16.5552
-16.4632
-16.3754
-16.2671
-16.1658
-15.9720
-15.9001
-15.7558
-15.7342
-15.6634
-15.5977
-15.5606
-15.5271
-15.5094
-15.5010
-15.5003
-15.5152
-15.5332
-15.5691
-15.5631
-15.5918
-15.5462
-15.3606
-15.5047
-15.4575
-15.3862
-15.2808
-14.9789
-14.4892
-13.8489
-13.2881
-12.3380
-12.0526
-11.6424
-12.0080
-11.7399
-11.2891
-11.5398
-11.4930
-11.2297
-10.8771
-10.6391
-10.1684
-9.5080
-9.8481
-9.5196
-9.8697
-9.4889
-9.6713
-9.6295
-9.0992
-9.0133
-8.7542
-8.6200
-8.3247
-7.8131
-7.2502
-6.4521
-6.5547
-5.9548
-6.0272
-6.1315
-5.2604
-4.8337
-4.8078
-4.2477
-3.7049
-2.0655
-1.7540
-1.0996
-0.3922
0.2645
0.3235
1.5649
1.3447
1.7976
1.8296
1.6762
2.4339
3.0225
3.2350
4.3046
5.2497
5.9514
6.5708
6.5639
6.5586
7.0020
7.4340
7.4255
7.9851
7.9847
8.4283
8.9736
8.8583
9.0828
9.5157
9.7412
9.9111
10.6007
10.7832
10.8886
11.4278
11.6508
12.1235
12.7968
13.3193
13.1272
13.3112
12.8440
12.9171
12.3058
11.7658
12.2886
12.1970
13.2232
14.0566
13.6545
13.9032
13.8498
14.5470
13.6287
14.4988
14.7262
13.9900
14.1157
14.5943
14.5827
14.3336
14.9056
15.0159
15.3591
15.3407
15.9398
16.8988
17.1892
18.3724
19.2099
20.2328
21.4681
22.6842
23.7917
25.2917
26.3048
27.7368
28.4959
29.6793
29.9520
30.5190
30.8596
30.9973
31.2727
31.2607
31.0797
31.0564
30.9758
30.6256
30.4666
30.4267
30.0522
29.8883
29.1573
28.6222
28.0862
27.0935
26.2475
25.2609
24.0694
22.9977
22.3525
21.1829
20.2918
19.6061
18.1618
17.5366
17.0103
16.1585
15.7729
14.9839
14.7530
14.8952
14.5734
14.7286
15.0291
16.6091
16.4739
16.4576
17.2249
17.2646
17.5673
17.4524
17.5778
17.6013
17.6895
17.5552
17.5554
16.7886
16.1864
16.5192
15.5674
14.9558
14.2841
12.4424
12.2439
10.7229
8.9980
7.7881
7.5846
6.1159
4.9504
4.4096
3.6602
2.7511
2.1143
1.1817
0.4465
0.2135
-0.4058
-0.8959
-1.5524
-2.2415
-2.9089
-3.6755
-4.2233
-4.8109
-5.2308
-5.7030
-5.9269
-6.4834
-7.0280
-7.4151
-7.7748
-8.3320
-8.7434
-9.0627
-9.4193
-9.6559
-9.8812
-10.1168
-10.3995
-10.4892
-10.9016
-11.2034
-11.2400
-11.6580
-11.8943
-11.9891
-11.9682
-12.3171
-12.1489
-12.3727
-12.5437
-12.7680
-12.7778
-12.5982
-12.7541
-12.9785
-13.2615
-13.3632
-13.4565
-13.5486
-13.5979
-13.8324
-14.0207
-14.3503
-14.5896
-14.7070
-14.8726
-14.8664
-14.9156
-14.8220
-15.0377
-15.2676
-15.2672
-15.3944
-15.2403
-15.1605
-15.1666
-15.3271
-15.1210
-15.2071
-14.6655
-14.9012
-14.3814
-14.4862
-14.1645
-13.9942
-13.7792
-13.6602
-13.4624
-12.9942
-13.0810
-12.9523
-13.1572
-12.5357
-12.7157
-12.4300
-12.1488
-12.4084
-12.1262
-11.8365
-12.0906
-11.7629
-12.0357
-11.7237
-11.5873
-11.2427
-10.9695
-10.9858
-10.6313
-10.4832
-10.3074
-10.2326
-10.0578
-9.7719
-9.6383
-8.9622
-8.8350
-8.6154
-8.1930
-8.0780
-7.8679
-7.5657
-7.3568
-7.2188
-6.9692
-6.0343
-6.1021
-5.7569
-5.3911
-5.2219
-5.4411
-5.0268
-6.0606
-6.1611
-6.2779
-5.6900
-6.5548
-6.4037
-6.9585
-7.1418
-7.5744
-6.8857
-7.2946
-6.5275
-7.4382
-7.0442
-7.0112
-6.8699
-6.6232
-6.9771
-6.7978
-6.5316
-6.4658
-6.1651
-4.7876
-4.5156
-4.0413
-4.6231
-4.1736
-1.7032
-0.4232
-3.0795
-2.3475
-2.2669
-1.8434
-2.5700
-3.1406
-1.5573
-1.4112
-1.1951
-1.7038
-1.6232
-1.5042
-0.7355
-1.2643
-1.3074
-0.8418
-0.9631
-0.9906
-0.8242
-1.4709
-0.8030
-1.2804
-1.2881
-0.2145
-0.4559
-0.6290
-0.8282
-0.1352
-0.5620
-0.0090
-0.2654
0.9204
0.3348
1.2380
1.1439
1.1527
1.5325
1.6869
2.0852
2.8570
2.5158
2.8989
3.0785
3.3592
3.6114
3.8790
4.1412
4.5488
5.0375
5.4190
6.2185
7.2326
7.1723
7.5752
7.6955
8.7553
8.5759
9.3988
9.4030
9.8878
9.7835
9.7555
9.5025
8.9445
8.8886
8.1970
8.7981
8.2723
8.7137
8.9071
8.6250
8.3824
8.5850
8.5430
8.4299
8.1287
8.4997
8.3902
8.3844
8.1883
8.0926
7.8987
7.7715
9.2760
7.9343
8.7677
7.9073
8.3407
8.0873
8.4012
9.2439
8.6755
9.0801
8.7794
8.5458
8.6345
8.2111
8.3284
7.6625
7.5305
7.2667
7.0864
7.1655
7.1740
6.8804
6.9727
7.2673
6.9734
7.1928
6.2590
6.2010
6.4678
6.5309
6.0880
5.7871
5.5825
5.2433
5.2877
4.9863
4.9188
4.9956
4.7185
4.4279
4.2778
4.3520
4.2392
4.1413
4.1386
4.0080
3.9616
3.6633
3.6110
3.6889
3.5192
3.6131
3.4995
3.9535
3.4938
3.5347
3.4469
3.5775
3.5083
3.6241
3.5834
3.9337
4.1114
4.2848
4.4796
5.1207
5.1420
5.7820
5.7947
6.6586
7.0129
6.9862
8.1986
6.7813
7.5137
7.4803
7.9158
7.6423
7.4841
7.5112
7.4124
7.6769
7.8079
7.1332
7.8297
7.8100
7.9004
8.0927
7.8089
8.2158
7.8992
8.0079
8.1436
9.1654
8.6564
8.7638
9.3273
8.8992
8.9668
9.3862
9.6482
9.7098
9.8491
10.1756
9.9963
10.3816
10.7777
10.3959
10.4648
10.2050
11.0020
10.3436
10.4920
10.3986
10.2699
10.3177
10.3446
10.2445
10.3531
10.4858
10.3178
10.2720
10.3540
10.7465
10.5342
10.9043
10.7964
10.7859
10.7610
10.1077
10.5019
10.4894
9.9811
9.8578
9.6051
9.3641
8.8589
8.9892
8.3002
7.9867
7.9804
7.4082
7.2516
7.7982
7.1472
7.6081
7.8875
7.3205
7.4680
7.6186
8.1702
7.6603
7.9000
8.5630
7.9910
8.3147
8.3941
7.9018
7.4647
7.6624
7.3410
7.7746
7.3543
7.7300
7.5421
7.8466
7.9618
8.4225
8.6953
8.7224
9.1438
9.3856
9.2514
9.8239
9.7492
9.2105
9.5026
9.0384
8.5483
8.4885
7.8885
7.8823
7.3885
7.1211
6.8981
6.9035
6.1497
5.8613
5.5229
5.2103
5.5214
4.5900
4.3098
3.8878
4.0626
3.7138
4.0143
3.9132
3.4736
3.1926
3.5950
2.7909
3.4632
3.0695
2.4120
2.5410
2.1323
1.9275
1.4970
1.0032
1.2225
0.4080
0.2046
-0.2047
-0.2986
-0.7877
-0.8553
-1.2668
-1.4082
-1.5413
-1.6470
-1.5666
-1.6219
-1.9680
-2.0232
-2.1052
-2.2017
-2.2800
-2.4093
-2.5452
-2.5769
-2.6734
-2.6804
-2.7384
-2.7438
-2.7895
-2.6323
-2.6417
-2.9708
-3.0977
-3.2323
-3.5131
-3.6315
-3.9130
-4.0172
-4.1571
-4.2250
-4.3720
-4.4549
-4.4421
-4.7842
-4.6840
-5.0916
-5.2151
-5.5284
-5.7770
-6.1112
-6.4156
-6.7763
-7.0828
-7.3686
-7.7334
-8.0167
-8.4089
-8.4880
-8.9753
-9.2231
-9.4351
-9.6384
-9.7668
-9.9493
-9.8475
-10.1555
-10.2919
-9.9713
-10.2589
-10.3392
-9.6136
-9.1818
-9.0182
-9.0417
-8.8460
-9.0268
-9.0922
-8.5437
-9.1469
-8.8371
-9.1360
-9.0427
-8.8848
-8.7575
-8.2978
-8.7340
-8.9127
-8.9867
-8.5501
-8.6285
-8.4295
-8.3050
-8.0178
-8.2027
-7.3832
-7.3758
-6.8083
-6.8206
-6.2111
-5.6548
-5.6738
-5.0756
-5.0143
-4.5878
-4.1499
-3.9446
-3.9288
-3.8028
-3.9309
-4.1031
-3.9621
-3.8308
-4.1489
-4.2834
-3.9342
-4.6234
-4.6355
-4.7558
-4.5893
-4.7750
-5.1255
-5.3846
-5.0900
-5.5416
-4.6968
-5.5469
-5.2505
-5.4978
-5.6803
-5.9742
-6.0852
-6.2350
-6.6190
-6.3736
-6.5178
-6.5290
-6.7763
-6.5594
-6.4945
-6.5873
-6.2370
-5.8736
-5.9479
-5.8792
-5.4753
-5.4196
-4.9022
-4.8254
-4.3627
-4.5801
-4.1225
-4.0991
-4.0847
-4.0768
-3.6531
-3.7924
-3.2482
-3.6616
-3.3436
-3.5604
-3.3759
-3.7823
-3.5822
-4.0198
-3.9291
-4.3506
-4.3728
-4.6017
-4.6853
-4.9075
-4.6989
-4.7926
-5.0264
-4.7163
-5.1654
-5.0689
-5.3637
-5.5215
-5.4669
-5.6201
-5.3769
-5.8714
-5.9617
-5.9090
-5.8087
-5.7861
-5.6058
-5.9857
-5.9694
-5.8559
-6.0199
-6.0511
-5.5745
-6.2532
-6.1069
-5.9390
-5.7570
-6.0748
-5.8783
-5.9555
-5.6584
-5.8859
-5.3936
-5.7688
-5.8021
-5.8650
-5.8557
-5.5722
-5.6026
-5.7383
-5.5301
-5.6738
-5.6762
-5.4462
-5.6404
-5.4586
-5.4513
-4.8218
-5.2217
-4.9348
-4.7109
-4.2532
-4.1919
-3.8336
-3.7292
-3.5736
-3.2513
-2.8997
-2.6717
-2.4333
-1.8658
-1.7780
-1.4901
-1.2009
-0.8598
-0.8829
-0.5223
-0.4787
-0.3147
0.0163
-0.0253
-0.1299
-0.2049
-0.4757
-0.4723
-0.7993
-0.8315
-0.9874
-0.9952
-0.8002
-1.3295
-1.4146
-1.8031
-2.1631
-2.3878
-2.6427
-2.7222
-2.8197
-3.2764
-3.0683
-3.5566
-3.7351
-4.0447
-4.2968
-4.2577
-4.7649
-4.9955
-5.1806
-5.5508
-5.7880
-6.0594
-6.2250
-6.5076
-6.9085
-7.0267
-7.2111
-7.0401
-6.8572
-6.8169
-7.0943
-6.9127
-6.9125
-7.0158
-7.0720
-6.5468
-6.2032
-6.6673
-6.1484
-5.6475
-4.9470
-5.2624
-4.3368
-4.3851
-3.7788
-3.3721
-3.3456
-2.9846
-2.7363
-3.1625
-3.0811
-2.8229
-3.0221
-2.5229
-2.9598
-2.7156
-3.0648
-2.9108
-2.3879
-2.5628
-2.4627
-2.7495
-2.4204
-2.1012
-1.9976
-2.1350
-1.8573
-2.1452
-2.2276
-2.1368
-2.3615
-2.3499
-2.7775
-3.2794
-3.5071
-3.7551
-3.7676
-3.9679
-4.0087
-3.8433
-3.8930
-4.2328
-4.3656
-4.2842
-3.9626
-3.7062
-3.5339
-3.7314
-3.7691
-3.7622
-4.0232
-4.0488
-4.0482
-3.7544
-3.6391
-3.4749
-3.8235
-3.7231
-3.7588
-3.4263
-3.5007
-2.9766
-2.9026
-2.5765
-2.2937
-1.9864
-1.3654
-1.1168
-0.8725
-0.4287
-0.1170
0.2861
0.3332
0.7387
0.5060
0.5707
0.2574
-0.3359
-0.7931
-0.7921
-1.7186
-2.0743
-2.5478
-2.7523
-2.8639
-3.1923
-3.3303
-3.2331
-3.1826
-2.7730
-2.9111
-2.7665
-2.6716
-2.6041
-2.3614
-2.3959
-2.3856
-1.8493
-1.8841
-1.6962
-1.7444
-1.2421
-1.1013
-1.1085
-0.7835
-0.9064
-0.8649
-0.6510
-0.4028
-0.8185
-0.9186
-1.1755
-1.2502
-1.1894
-1.2500
-1.5117
-1.4606
-1.1328
-1.0639
-1.2671
-1.1620
-1.0863
-0.9881
-0.6933
-0.6887
-0.9023
-0.5343
-0.6349
-0.4015
-0.6539
-0.4057
-0.4825
-0.2349
-0.0402
-0.2099
0.4454
0.2100
0.3626
0.3164
-0.4332
-0.1533
-0.8414
-0.7315
-1.0719
-0.8252
-1.2316
-1.2004
-0.9657
-1.7731
-1.8511
-2.3591
-2.6372
-2.7152
-2.8541
-2.7387
-2.9942
-3.1318
-3.2541
-3.7697
-3.9551
-3.9578
-3.7923
-4.2379
-3.6541
-4.0789
-3.8407
-3.8883
-4.1491
-4.1574
-3.9976
-3.8609
-3.9043
-3.9215
-4.2148
-4.2036
-4.2217
-4.2593
-4.3768
-4.1296
-4.6175
-4.6066
-4.5950
-4.6494
-5.1755
-5.1272
-5.0924
-5.1899
-5.3395
-5.1518
-4.9814
-5.4249
-5.3744
-5.4384
-5.2262
-5.4864
-5.3121
-5.6240
-5.4777
-5.6952
-5.7067
-5.4454
-5.6301
-5.7747
-5.9116
-5.9527
-5.9292
-6.2450
-6.1186
-6.3657
-6.0653
-6.5207
-6.1985
-6.5445
-6.2649
-6.3528
-6.4895
-6.4295
-6.6153
-6.5937
-6.6815
-6.7678
-6.6515
-6.7085
-6.5062
-6.2711
-6.2124
-6.1585
-5.9810
-5.7601
-5.7410
-5.2831
-5.2409
-5.1402
-4.9154
-4.4402
-4.4372
-4.2320
-4.0078
-3.6897
-3.3479
-3.2479
-3.0990
-2.8405
-2.7629
-2.3342
-2.7926
-2.5912
-2.5743
-2.1343
-2.2712
-2.0892
-2.2347
-2.3572
-2.0155
-2.5804
-2.3103
-2.2485
-2.1236
-2.4547
-2.3282
-2.6358
-2.3230
-2.3474
-2.1379
-1.9933
-1.5705
-1.4871
-1.3338
-0.8927
-0.7928
-0.8521
-0.3065
-0.6826
-0.3947
-0.5631
-0.4746
-0.3219
-0.2097
-0.3223
-0.1001
-0.5458
-0.6719
-0.7740
-0.7748
-1.3004
-1.4943
-2.1107
-2.0579
-2.4769
-2.5743
-2.6399
-2.8513
-2.9905
-2.4335
-2.9853
-2.7293
-2.8403
-2.9924
-2.6268
-2.3343
-2.2176
-2.2534
-2.1587
-1.8101
-1.8700
-1.8987
-2.4399
-2.4012
-2.9348
-3.0632
-3.0955
-3.1109
-3.6331
-3.4211
-3.9058
-4.2332
-4.3946
-4.2359
-4.2955
-4.9057
-4.4739
-4.9769
-5.1548
-5.5223
-4.9490
-5.5711
-5.2966
-5.8068
-5.4487
-5.2381
-5.5899
-5.0449
-5.0808
-4.8927
-4.4602
-4.4224
-4.3082
-4.1674
-3.9158
-3.7731
-3.7573
-3.7785
-3.7948
-3.8030
-3.5221
-3.9649
-4.7786
-4.8498
-5.6389
-5.8545
-6.1291
-6.4243
-6.8973
-7.2679
-6.7762
-6.1149
-6.3221
-6.0979
-6.1165
-5.7715
-4.3810
-4.4541
-3.3044
-3.4391
-2.3899
-2.1949
-1.7812
-0.6683
-0.1978
-0.2264
0.5668
1.0621
1.1532
1.6673
1.9820
2.8025
2.6314
2.9977
1.4616
1.6009
1.4469
1.0558
-0.2708
-0.1244
-2.2260
-2.1845
-3.6513
-4.6749
-5.0093
-5.6960
-5.5632
-6.4624
-6.3100
-6.3029
-6.8596
-6.2975
-6.9498
-6.8258
-7.0194
-6.4932
-6.5855
-6.7438
-7.0427
-6.5763
-6.3200
-6.1867
-5.2390
-5.0623
-4.3722
-4.1523
-3.6684
-3.2073
-2.4535
-1.8339
-1.4238
-0.8874
-0.9862
-0.5029
-0.2994
-0.1708
0.4373
0.7051
0.7473
0.8603
0.6512
1.3587
1.0610
1.2278
1.1446
0.9468
1.2737
1.7145
2.0542
2.5815
2.5318
3.7028
3.8168
4.8466
5.4941
6.7611
7.4456
8.2963
9.4388
11.2748
12.9456
14.4520
16.1441
17.9793
20.0941
21.1966
22.4638
23.9848
24.3536
26.0115
26.7614
27.6818
27.9593
28.6711
29.6462
29.2891
29.6529
29.8299
29.9661
30.6973
30.6258
31.2595
31.5846
32.5736
32.3067
33.4424
32.9255
33.1929
32.9717
32.7498
33.4999
32.0950
32.0697
31.2893
31.8024
30.5535
29.8018
28.4270
27.0825
26.6187
24.6845
23.8830
22.3800
20.7015
19.3905
18.7142
17.1045
16.4043
15.8066
14.9637
13.7479
13.4966
13.3360
11.9837
11.8725
12.2446
11.9424
12.0703
12.4557
12.8403
13.3216
13.5317
14.5162
14.0524
14.5869
14.4500
13.6823
13.8611
13.1128
13.1746
13.5386
12.1587
11.9197
11.8721
10.9352
10.7066
10.7452
11.3320
11.3418
11.9025
10.3636
10.4592
10.8377
10.6229
10.5490
10.5943
10.6299
9.8958
10.3814
11.2458
10.6693
10.6597
10.9561
11.6372
11.1660
12.4466
11.3177
11.9819
11.3802
11.3757
11.2719
12.6703
11.1362
12.1334
10.9061
10.9464
11.4990
11.2341
11.1005
11.1845
10.9572
10.3104
10.2781
10.0238
9.3446
8.7835
7.5454
7.1591
6.7365
6.0782
5.7045
5.4859
4.6677
3.9071
3.9330
3.1135
2.7811
2.0286
1.8624
1.3298
0.5804
0.2243
-0.6486
-0.7881
-1.1296
-1.2330
-1.4059
-1.5031
-1.6695
-1.5070
-2.1019
-2.0642
-2.1522
-2.3020
-2.4027
-2.6412
-2.6055
-3.0564
-2.6558
-2.5617
-2.8580
-2.9702
-2.2927
-3.5685
-3.9463
-4.3624
-4.5965
-5.2590
-5.1552
-5.9123
-6.0904
-6.5535
-6.9089
-6.7196
-7.3940
-7.5254
-7.6567
-7.6772
-7.9816
-8.3268
-8.5979
-8.5816
-8.6395
-8.6049
-8.6752
-8.6066
-8.8049
-8.4557
-8.8541
-8.7600
-8.2993
-8.2927
-8.0044
-8.2809
-8.1775
-8.1328
-8.2950
-8.1275
-8.0420
-8.3747
-8.2212
-8.2549
-8.1464
-7.4757
-7.9060
-7.7973
-7.7908
-7.9816
-7.6610
-7.7649
-7.2162
-7.2469
-6.9066
-6.6199
-6.5286
-6.5320
-6.3021
-6.2606
-6.3906
-6.4455
-6.3545
-6.2321
-6.0513
-6.0202
-5.9445
-6.2681
-6.1750
-6.3454
-6.5111
-6.4447
-6.1697
-6.3665
-6.5208
-6.4744
-6.5443
-6.4549
-6.5752
-6.3240
-6.5523
-6.0686
-6.3532
-6.2766
-6.0851
-6.1970
-5.8628
-6.4076
-6.2633
-6.1501
-5.6291
-5.8592
-5.6934
-5.7677
-5.8231
-6.0502
-6.9006
-6.8508
-7.3007
-7.4854
-7.6285
-7.6077
-8.1151
-7.8300
-8.0094
-7.1231
-7.4571
-7.0823
-7.0967
-6.3448
-6.1958
-5.7949
-5.7483
-5.1347
-5.4426
-5.0965
-5.5065
-4.9366
-4.6948
-3.8212
-3.7966
-4.0937
-3.7257
-3.5622
-3.2242
-3.1609
-3.0954
-3.2884
-3.4152
-3.0009
-3.0101
-3.5760
-3.3426
-3.2393
-3.1535
-3.3454
-3.3599
-3.1062
-3.2215
-2.9745
-2.8146
-2.5272
-2.2315
-1.8384
-1.1632
-0.9798
-0.5934
-0.2259
0.0375
0.2720
0.4021
0.6603
0.6388
0.6042
0.7079
0.6165
0.6157
0.5131
0.6033
0.3311
0.1418
0.0868
-0.1204
-0.1812
-0.1426
-0.4539
-0.2875
-0.5985
-0.2849
-0.3936
-0.2825
-0.0892
-0.4030
-0.3994
-0.2009
-0.4583
-0.2664
-0.1475
-0.0941
-0.2121
0.0174
-0.1644
0.1465
-0.0024
-0.0231
0.8002
0.1390
0.6171
0.3871
0.6241
0.4488
0.5117
0.4176
0.5918
0.5507
0.6077
0.1398
0.2180
-0.0396
-0.0887
-0.0620
-0.4203
-0.1165
-0.6973
-0.5076
-0.8756
-0.7474
-1.0884
-1.2667
-1.5029
-1.2881
-1.7946
-2.0604
-2.3507
-2.2893
-2.6459
-2.7778
-2.6112
-3.0025
-3.0120
-2.7460
-2.9386
-3.0004
-3.2090
-3.2018
-2.4734
-2.8145
-2.5528
-1.7237
-2.2532
-1.1407
-0.8690
-0.4503
0.6901
1.6577
1.1976
2.4022
2.3011
2.2420
2.1073
1.4416
2.0228
2.2016
1.7091
2.2160
2.0578
1.5740
1.5481
1.4201
1.8199
1.3992
1.9851
0.9532
0.9988
0.7131
0.5667
0.5585
0.1266
0.0883
0.0472
0.1570
0.5488
0.6259
0.5892
0.8149
0.7866
0.9050
0.8059
1.0741
0.9057
0.7989
0.9702
1.1231
1.4214
1.4447
1.5264
1.5709
1.7896
1.8998
2.0995
1.9311
1.5343
1.6086
1.6753
1.7458
1.5720
1.6587
1.8258
1.9945
2.2268
2.6413
2.6002
2.9305
3.0372
3.3349
3.6719
3.7982
4.0788
4.5608
5.0803
5.4189
5.8789
6.6329
7.2583
7.9736
8.6568
8.9701
9.4774
9.8069
10.1689
10.2268
10.2681
10.3717
10.0017
9.8077
9.7776
9.1641
8.8091
8.2430
7.8027
7.2955
6.9382
6.6663
6.0940
5.5926
5.1244
4.8922
4.2390
3.8876
3.5782
3.2465
2.9834
2.9157
2.6052
2.6761
2.4274
2.8805
2.5903
2.4506
2.3544
2.5229
2.4731
2.8724
2.7582
2.9031
2.9387
3.1375
3.1594
3.1661
3.5552
3.3630
3.9051
3.6374
4.0254
4.0418
4.6929
4.3971
4.5721
4.6907
4.9107
5.0111
5.2636
4.8846
4.5480
4.5423
4.3681
4.9030
4.1728
4.5218
4.6365
4.3724
3.4848
3.3543
3.4398
3.3688
3.4576
3.0889
2.8105
2.7707
2.5689
2.3868
2.7253
2.8656
2.7353
3.2472
3.0385
2.8925
2.5530
3.1951
3.3984
3.4198
4.3516
4.2030
4.3136
4.8818
5.3879
5.5316
5.9200
5.9815
6.3828
6.4108
7.4360
8.1738
7.9137
8.2687
7.9569
7.4033
7.0237
7.4095
7.6966
6.2090
6.2468
6.4760
7.3192
5.9595
6.4136
5.5604
5.7060
5.2376
4.8078
4.4293
4.3175
3.9076
3.9600
3.8561
3.9162
4.0750
3.9412
4.0178
3.7282
3.4438
3.4920
3.2228
2.7478
2.6587
2.1645
2.0161
1.7867
1.6644
1.5141
1.0430
0.7261
0.6872
0.2917
0.0365
-0.1472
-0.3641
-0.1549
-0.4675
-0.3244
-0.3882
-0.0791
-0.1504
0.0372
0.3914
0.6176
1.1612
1.3056
1.8829
2.0983
2.5099
3.0749
3.3669
