3.8999
5.1814
4.8254
5.4933
5.8278
5.8306
6.7248
6.1608
6.4073
6.7768
6.6550
7.2365
6.8438
6.7701
6.8595
6.6435
6.9605
6.7324
6.7105
6.8980
6.9261
6.5619
6.8060
6.6689
7.0280
6.6219
6.1855
6.5232
6.0490
6.1273
6.3487
6.0763
6.0141
5.9117
5.9026
5.7481
5.6849
5.9026
5.7827
5.7432
5.4792
5.7288
6.1588
5.5594
5.3672
5.4120
5.1156
5.1209
5.2019
5.3301
5.5030
5.3910
5.1722
4.8507
4.8164
4.3493
4.5490
3.9370
4.0782
3.5808
3.3602
2.9593
3.0370
2.6582
2.7643
2.4571
2.2261
2.1650
2.1089
2.0887
2.0796
2.2835
1.9605
1.8668
1.8043
2.0736
1.7729
1.7236
1.7160
1.8621
2.4065
2.5338
2.9668
3.3239
3.7329
3.9558
4.4036
4.6865
4.4819
4.8185
4.6134
4.4107
4.3450
4.3776
3.9735
3.2049
2.7221
2.4496
1.7712
1.4822
1.4422
0.9890
0.8681
0.9134
0.5990
0.7217
0.4968
0.6611
0.3855
0.2895
0.1629
0.2916
0.2776
0.1741
0.6475
0.3608
0.5209
0.9025
0.6745
0.7895
0.5571
0.9749
0.3462
0.5065
0.3211
0.5590
0.4571
0.5894
0.7430
0.8620
0.7553
0.6170
0.4421
0.4385
0.2889
0.4063
0.0322
-0.0982
0.0150
-0.3756
-0.4726
-0.6755
-0.7559
-0.7439
-0.5995
-0.6807
-0.8041
-0.5554
-0.8242
-0.5146
-0.8220
-0.9939
-1.1388
-0.6581
-1.0926
-0.5659
-1.0446
-0.8583
-0.6923
-1.0811
-1.0190
-1.4494
-1.6093
-1.6259
-1.6585
-1.9271
-1.9281
-1.9522
-1.9557
-1.9972
-2.0481
-1.9308
-2.2317
-2.3458
-2.3770
-2.5295
-2.5351
-2.8389
-3.0463
-3.4148
-3.7124
-3.7728
-4.2039
-4.3766
-4.5454
-4.4692
-4.7954
-4.8655
-4.9556
-5.0252
-5.1679
-5.2910
-5.3794
-5.4590
-5.3769
-5.5097
-5.5149
-5.6933
-5.7579
-5.8254
-5.8985
-5.7975
-6.0990
-6.2219
-6.3191
-6.3673
-6.3548
-6.3862
-6.4561
-6.5703
-6.6823
-6.7132
-6.7463
-6.4634
-6.6965
-6.6570
-6.7474
-6.7793
-6.8080
-6.8499
-6.8727
-6.9217
-6.9586
-7.0336
-6.8938
-7.1360
-7.1836
-7.1800
-7.2153
-7.1951
-7.1567
-7.0973
-6.8009
-6.7160
-6.4353
-5.2553
-5.2889
-3.9945
-4.4551
-3.6804
-2.5463
-2.8701
-1.8515
-1.0971
0.0990
1.1145
2.5412
3.7215
6.3133
7.3186
8.5456
9.5693
10.0886
10.7234
10.1305
10.3106
8.5060
7.5619
8.0050
6.8557
5.8219
5.1956
4.1140
3.0167
2.7185
1.2380
1.2945
1.4535
0.3574
0.4712
0.0305
-0.1568
0.2349
-0.9475
-0.9515
-1.2480
-1.1708
-1.7780
-1.2235
-0.9937
-1.5860
-1.1862
-0.8833
-1.2948
-1.1197
-1.2111
-1.3252
-1.0266
-1.3765
0.0121
-1.5799
-1.7016
-3.2763
-3.2264
-3.8502
-4.1290
-3.7628
-3.6015
-4.1968
-3.7560
-3.3926
-3.6273
-2.5728
-3.6227
-3.1063
-2.9772
-3.3603
-4.4470
-4.7621
-4.4221
-5.1029
-5.6609
-6.4043
-6.5215
-6.4603
-6.6020
-6.8937
-7.1512
-6.7959
-6.8044
-7.0330
-6.7417
-7.0352
-6.8879
-6.8048
-6.5650
-6.4832
-5.9723
-6.2879
-6.2363
-6.1001
-5.9433
-5.6613
-5.5477
-5.4393
-5.5957
-5.3064
-5.5084
-5.4306
-5.1054
-5.2586
-5.1561
-5.0493
-4.5658
-4.8649
-4.8660
-4.8683
-4.8727
-4.6774
-4.7990
-4.6917
-4.6078
-4.5610
-4.2703
-4.4780
-4.3758
-4.1872
-4.2279
-3.9507
-3.8354
-3.3538
-3.5057
-3.1144
-3.2554
-3.1426
-2.9989
-2.8178
-2.6020
-2.0272
-2.4783
-2.6361
-1.9845
-2.1024
-1.8601
-2.3488
-2.0060
-2.0447
-1.3819
-1.5617
-1.3236
-1.4848
-1.3240
-1.5486
-1.0264
-1.1254
-1.1208
-0.8803
-0.6940
-0.1619
-0.4488
-0.4799
-0.5955
-0.5950
-0.6007
-0.5748
-0.7976
-0.8210
-0.5409
-0.7045
-0.6705
-0.6638
-0.6666
-0.5791
-0.5798
-0.5011
-0.3958
-0.3577
-0.5350
-0.3241
-0.3172
-0.2583
-0.4829
-0.4534
-0.3597
-0.4927
-0.4725
-0.1507
-0.3228
-0.3533
-0.1147
-0.4041
-0.3569
-0.3129
-0.3107
-0.3475
-0.2441
-0.5064
-0.2776
-0.4959
-0.4377
-0.4937
-0.2632
-0.3009
-0.2079
-0.4884
-0.3940
-0.3492
-0.0516
0.1224
-0.2352
-0.2183
-0.4126
-0.4147
-0.5289
-0.5098
-0.5783
-0.0283
-0.1744
-0.4370
-0.3750
-0.2839
-0.6027
-0.7003
-0.8094
-0.9307
-0.7542
-0.9762
-0.8733
-1.0971
-1.2458
-1.1232
-1.1827
-1.2903
-1.3360
-1.0770
-1.4788
-1.5905
-1.4987
-1.6240
-1.5328
-1.8435
-1.4242
-1.9951
-2.0331
-2.2180
-1.9278
-2.5558
-2.7316
-2.9723
-2.8698
-3.1999
-3.2624
-3.0613
-3.2149
-3.5978
-3.7306
-3.5525
-3.3793
-3.6161
-3.3793
-3.7925
-3.6985
-3.8253
-3.7267
-3.7726
-3.3899
-3.5954
-3.3418
-3.6536
-3.6553
-3.7379
-3.7522
-3.8020
-3.6270
-3.7383
-3.8360
-3.8760
-3.8102
-4.1697
-4.2539
-4.3399
-4.4696
-4.5363
-4.6623
-4.5308
-4.6940
-4.8125
-4.8495
-4.7923
-5.0560
-5.0552
-5.0447
-5.1510
-4.8096
-5.3708
-5.3880
-5.2618
-5.1892
-5.2005
-5.6026
-5.6715
-5.3383
-5.4501
-5.5245
-5.5799
-5.4895
-5.8189
-5.8777
-5.7023
-5.5063
-5.6325
-5.5767
-4.8704
-4.3090
-5.0760
-4.1200
-3.5954
-3.4607
-3.4883
-3.4960
-3.0676
-2.3962
-1.5453
-1.4217
-0.3910
-0.6081
2.5446
2.5505
4.5631
5.3148
6.7162
9.6741
7.8250
7.5112
7.4917
6.6805
6.6658
5.9350
6.0693
5.2253
4.7357
4.5812
4.7359
4.3458
4.3488
4.3047
3.7600
3.5143
3.1740
2.7267
2.4389
2.2926
1.8193
1.5967
1.2625
1.0041
0.7044
0.0578
-0.5065
-0.7284
-1.5630
-1.8802
-1.9198
-1.9404
-1.9641
-2.5141
-2.8748
-3.0691
-2.5887
-2.7057
-2.6486
-2.5181
-2.0493
-1.8312
-1.8620
-1.1439
-1.4309
-1.2044
-1.1820
-1.0461
-1.5000
-1.5085
-1.8519
-1.7333
-1.7670
-1.7133
-1.7551
-1.5795
-1.9946
-2.0686
-2.2929
-2.1691
-2.4934
-2.3708
-2.2197
-2.4738
-2.4989
-2.3877
-2.4789
-2.4829
-2.4625
-2.2238
-2.2986
-1.9977
-2.0676
-2.0194
-1.9999
-1.7704
-1.7983
-1.9973
-2.0093
-1.5350
-1.8261
-1.7291
-1.6438
-1.6924
-1.2683
-1.7125
-1.4198
-1.5635
-1.2868
-1.1847
-1.3090
-1.0532
-0.9815
-0.4919
-0.6990
-0.1121
0.1130
0.7534
1.0269
1.6846
1.8439
2.2862
2.6287
2.0089
1.3127
0.6654
0.2189
0.7516
-0.0767
0.1522
0.6890
0.0739
0.0648
-0.0668
-0.2544
-0.0638
-0.1069
-0.2971
-0.2590
-0.2223
-0.1710
0.1603
-0.0097
0.0940
0.1095
0.1748
0.2716
0.3473
0.4873
0.5979
0.7487
0.8235
0.9059
0.9644
1.0017
1.3312
1.1069
1.1990
1.2077
1.2957
1.4132
1.4546
1.5093
1.5387
1.5975
1.7568
2.0165
1.9644
2.0028
2.2986
2.1791
2.2237
2.2453
2.5364
2.5449
3.0934
3.7462
3.8518
5.1122
4.6166
4.3666
4.3243
4.0662
3.8325
3.6617
3.5599
3.3365
3.4149
2.8367
3.0183
2.4423
2.6149
2.7615
2.8610
2.2348
2.2046
2.1508
1.9605
2.1851
2.0489
2.1036
2.0532
1.7222
1.6069
1.5270
1.0972
0.8488
0.8562
0.5585
0.2421
0.2963
0.2872
0.1263
0.6572
0.3251
0.7336
0.5596
1.0938
0.4904
0.7059
0.3009
0.5138
0.1428
0.3875
0.1527
0.1035
0.1688
0.0807
-0.0540
0.2395
0.1906
0.1488
0.1038
0.1644
0.3307
0.0724
0.4052
0.6813
0.3840
0.5514
0.6793
0.8797
0.5839
0.7418
0.8503
1.0019
0.7804
0.6323
0.6527
1.0028
0.6558
0.7913
0.9770
0.6793
0.6564
0.5132
0.5462
0.4759
0.6189
0.5430
0.6539
0.5257
0.5698
0.7524
0.5544
0.5436
0.4383
0.3539
0.2257
0.1560
0.1866
0.1372
0.1732
0.1103
0.0842
0.0620
0.0042
0.3589
0.9189
0.3100
0.7999
0.8919
1.5383
2.0639
2.6704
1.9430
1.9560
2.1429
2.7614
2.6654
2.9289
2.7424
2.9141
3.0985
3.1131
3.2506
4.1513
3.7771
4.0063
4.3574
4.1165
5.1199
4.6495
4.9801
4.9500
4.8527
5.6409
5.2320
5.7186
6.4527
6.1571
6.4283
6.4845
6.8761
6.9228
6.9617
6.8480
7.3315
7.1264
7.1270
7.3025
7.7812
9.7770
9.2384
11.5473
12.7894
13.3883
14.9524
15.3487
16.2836
16.5526
16.2386
15.5441
16.0271
16.7581
16.8171
17.2397
17.7482
17.1172
17.3396
16.1512
15.2697
14.8445
14.4823
12.8540
12.4715
11.4039
10.8612
10.1182
9.0672
8.5343
7.8957
7.5953
7.1287
6.4950
6.0892
5.2692
4.8389
4.3715
4.1305
3.7624
3.2132
2.9829
2.5769
2.4074
2.0726
2.1632
1.3535
1.0564
0.8930
0.4503
0.4065
0.2599
0.3371
0.2711
0.5814
1.0052
0.6318
1.0669
1.1818
2.0634
1.4906
2.1890
2.0256
2.1316
2.0433
2.1201
1.6276
1.7611
1.9203
1.7921
1.6849
1.5005
1.4123
1.7355
1.1588
1.1430
1.2689
0.8201
0.6705
0.8148
0.6170
0.7352
1.3445
1.2372
1.2302
0.9702
1.1792
0.8432
0.7274
0.2362
0.7598
0.3156
-0.0688
0.0317
-0.0687
-0.0897
-0.1575
-0.0258
-0.6784
-0.7733
-0.1689
-0.1324
0.0754
-0.0934
-0.0858
-0.0052
-0.2923
0.0754
-0.1233
-0.5525
-0.2814
-0.3428
-0.4691
-0.2202
-0.8040
-0.1502
0.0417
-0.3614
-0.7578
-0.4435
-0.5546
-0.5670
-0.0601
0.2498
-0.2951
-0.0096
-0.3440
-0.3309
-0.6173
-0.7492
-0.8761
-0.3090
-0.9332
-1.0276
-0.6299
-0.9046
-0.6908
-0.7471
-0.6900
-0.7451
-1.2336
-1.4348
-1.4300
-1.7329
-1.4775
-1.4983
-1.5087
-1.7312
-1.4961
-1.7650
-1.4277
-1.5633
-1.5705
-1.5830
-1.6615
-1.6912
-1.4580
-1.4598
-1.6544
-1.0890
-1.6016
-1.5445
-1.6736
-1.7723
-1.7744
-1.5295
-1.9839
-1.8314
-2.1132
-2.0797
-2.0553
-2.0091
-1.7328
-1.9782
-1.8145
-2.0052
-2.0855
-1.7611
-2.0800
-2.0997
-2.1278
-2.0477
-2.1606
-2.2013
-2.0352
-1.6225
-1.6687
-1.9247
-1.7280
-1.6873
-1.4487
-1.4839
-1.9121
-1.4496
-2.0660
-1.8075
-2.0796
-1.8868
-1.8022
-2.0679
-1.9900
-1.9504
-1.7519
-1.6894
-1.9080
-1.9039
-1.6651
-1.8546
-1.8309
-1.6887
-1.5759
-2.0207
-1.8903
-2.1078
-2.0442
-1.8825
-1.8014
-1.3926
-2.0156
-1.8798
-1.9606
-1.6069
-1.7561
-1.3596
-1.6316
-1.2493
-1.7410
-1.5525
-1.3211
-1.3717
-1.2927
-1.0292
-1.2154
-1.5023
-1.3991
-1.5697
-1.3529
-1.6354
-1.5603
-1.5699
-1.3310
-1.5338
-1.0514
-1.4790
-1.4758
-1.5376
-1.3295
-1.4187
-1.3013
-0.7646
-0.6044
-0.8113
0.1195
-0.1807
-0.1116
-0.2449
-0.4380
-0.2958
-0.5185
-0.0698
-0.2267
-0.1334
-0.5466
-0.2736
-0.2455
-0.5028
-0.2624
-0.3439
-0.3610
-0.3746
-0.2841
-0.4960
0.0782
-0.3393
0.4126
0.0859
0.2586
0.1059
-0.0053
-0.1750
-0.0694
0.2102
0.3960
0.3768
0.4757
0.7913
0.4303
1.1264
1.0763
1.5035
1.4128
1.6562
2.7116
2.2616
2.6038
3.7268
3.6508
4.5197
5.0916
6.3320
6.5815
6.9584
7.4642
6.6557
6.9616
7.2935
7.7564
8.8339
8.8461
9.6289
10.7691
9.8755
11.0367
10.2996
10.0066
10.1386
9.8068
10.1980
9.7909
9.8968
9.8497
9.8200
9.7800
9.7606
9.6945
9.7269
9.4578
9.2410
8.9796
8.4091
8.0592
7.7173
7.3012
6.8887
6.3288
5.7947
5.2223
4.7543
4.1929
3.8718
3.0648
2.5860
2.0746
1.8259
1.1740
0.7848
0.5593
0.5451
0.4627
0.1334
0.0562
-0.0309
0.0000
-0.0526
-0.0455
-0.1368
-0.1762
0.0102
-0.1957
-0.1006
-0.1009
-0.0280
-0.0293
-0.0272
0.0204
-0.0433
-0.0279
-0.0433
0.0139
0.0468
0.0887
0.2820
0.0888
0.0593
0.0656
0.1090
0.0962
0.0944
0.0485
0.0087
0.0280
0.0338
0.0740
0.1229
0.3832
0.2137
0.2505
0.2393
0.2397
0.3008
0.2586
0.3267
0.2550
0.2964
0.2604
0.4478
0.1980
0.1828
0.1569
0.1614
0.1387
0.2698
0.2562
0.4052
0.3985
0.5422
0.6395
0.7631
1.0192
0.8928
1.0188
1.2592
1.4464
1.2601
1.5342
1.2271
1.7080
1.2516
1.8146
1.2953
1.2705
1.6864
1.5120
1.3700
1.5911
1.3132
1.4989
1.1649
1.1974
1.0683
1.1164
1.1275
1.2568
1.1028
0.9056
0.6731
0.6424
0.7673
0.5890
0.5101
0.7285
0.6147
0.4637
0.5475
0.3576
0.2786
0.1959
0.7311
0.2155
0.8836
0.6383
1.5565
1.2728
1.8188
2.8097
2.7458
3.1288
3.3428
3.6180
3.1948
3.4865
3.2494
2.9499
2.6844
2.5757
2.1207
1.8352
1.8589
1.5945
1.3395
0.9418
1.0937
0.8525
0.8073
0.7968
0.3848
0.6788
0.6285
0.4054
0.4737
0.6524
0.3246
0.4485
0.9131
0.7480
1.3504
0.6923
0.8909
0.6897
0.6187
0.8710
0.5771
1.1850
1.1695
1.3918
1.1158
1.1093
1.1604
1.2353
0.6772
0.7973
0.3605
0.1613
0.3830
0.0363
0.4654
0.1699
0.3179
0.4862
0.2850
0.7742
0.1687
0.1329
-0.3006
-0.3991
-0.3098
-0.3305
-0.4759
-0.3432
-0.0084
0.1411
-0.0584
-0.1350
-0.1010
-0.1711
0.3113
0.2712
0.1549
-0.0693
-0.0706
-0.3266
-0.6493
-0.3101
-0.7434
-0.9165
-0.9861
-0.8495
-1.0084
-0.7506
-0.9849
-0.8091
-0.3207
0.0330
0.8221
1.5250
1.2812
1.6038
1.4482
1.0119
0.5933
0.2619
0.3893
0.4269
0.0000
-0.0179
-0.1342
0.1292
-0.3473
-0.3948
-0.2587
-0.4842
-0.3108
-0.6861
0.4779
-0.4905
0.2826
-0.0343
-0.1244
0.2099
-0.0884
-0.3472
0.1886
-0.5428
-0.4462
-0.5943
-0.3687
-0.6876
-0.7111
-0.4555
-0.7423
-0.7489
-0.6034
-0.8961
-0.7071
-0.9868
-0.8785
-1.0170
-0.9886
-1.0301
-1.2101
-1.1073
-0.7763
-1.0998
-1.0039
-0.8691
-0.7606
-1.1625
-0.9944
-1.0612
-1.2481
-1.4014
-1.1759
-1.3634
-1.0595
-1.3208
-0.9965
-0.9836
-1.0283
-0.8559
-0.9756
-1.0794
-0.9751
-0.8208
-1.0096
-0.9110
-0.7764
-0.7485
-0.9109
-0.5989
-0.8935
-0.5876
-0.7614
-0.7306
-0.4794
-0.7633
-0.5523
-0.5661
-0.5536
-0.4423
0.0059
-0.2186
0.1894
0.5794
0.0389
0.7481
0.0754
0.5047
0.2015
0.0846
0.6576
1.0861
1.9209
1.0428
2.0229
2.0236
2.0035
2.2034
2.7128
3.3447
2.9579
3.9651
3.7937
3.5878
3.8506
4.0314
4.0595
3.9456
3.9808
3.8814
4.1306
4.0435
3.5884
3.1690
3.7455
3.4329
3.4788
3.2100
3.6009
3.1847
2.9159
2.9334
2.9635
1.8707
2.2423
1.5150
1.1429
0.8265
1.1124
0.3434
0.2417
0.2621
0.0291
-0.6912
-0.8957
-0.5223
-0.9720
-0.9592
-0.7212
-0.5481
-0.4939
-0.1111
-0.5055
-0.7474
-0.6791
-0.8289
-0.7873
-1.0352
-0.9792
-0.6414
-0.7630
-0.8743
-0.6004
-0.8612
-0.7992
-0.8033
-0.8930
-0.9107
-0.9367
-0.9591
-1.0547
-0.7739
-1.2454
-1.3651
-1.3602
-1.5170
-1.2605
-1.5747
-1.5646
-1.7263
-1.8138
-1.9197
-1.7714
-1.8992
-1.9286
-1.8430
-1.9816
-2.0077
-2.1395
-2.1839
-2.2069
-2.0750
-2.3211
-2.4274
-2.4742
-2.5036
-2.4106
-2.3546
-2.2122
-2.0209
-2.1716
-2.1017
-2.0710
-1.9148
-1.6572
-1.7187
-1.6485
-1.4420
-1.6535
-1.8310
-1.9976
-2.2893
-2.5332
-2.5490
-2.7673
-2.9517
-3.0584
-3.4176
-3.2831
-3.8867
-3.9871
-4.0494
-4.0549
-3.8210
-3.8023
-3.9640
-3.9200
-3.9931
-4.0072
-4.1434
-4.1733
-4.0797
-3.9451
-4.0792
-4.2025
-4.3006
-4.3436
-4.4415
-4.2394
-4.4300
-4.2318
-4.3280
-4.3454
-4.3275
-4.2528
-4.1363
-4.1058
-4.2177
-4.0382
-3.7873
-3.9257
-3.8131
-3.7477
-3.6736
-3.3704
-3.6195
-3.8740
-2.9309
-3.4045
-3.3727
-3.1706
-2.9614
-3.0958
-2.6467
-2.6495
-2.7755
-2.6601
-2.6374
-1.9174
-2.2200
-1.6799
-1.4661
-0.8021
0.2318
0.1368
0.9484
1.4391
1.7563
1.8970
2.5024
2.9891
4.4021
4.2627
5.4692
5.9502
6.7633
7.5641
7.9472
7.3132
7.5319
6.9895
6.3030
6.1264
6.2491
5.9926
5.9378
5.0834
5.8587
4.7599
4.1869
4.2056
3.3509
2.5971
2.7343
2.2903
2.3916
3.4332
3.1102
3.0883
3.7765
5.0442
4.7041
4.6380
4.3672
3.4692
3.1801
2.8890
2.5231
2.6336
3.0200
1.9095
1.9860
1.9335
1.8071
2.1875
2.5983
2.3834
2.4972
2.5078
2.4904
2.3633
2.4740
3.0517
2.5814
2.2888
2.9329
3.1699
2.9399
3.1034
2.8893
2.5683
2.9862
2.9684
3.3062
3.2783
3.1135
3.1348
3.4763
3.2031
2.8918
2.8159
3.1344
3.6279
3.8344
4.2560
4.0459
4.5877
4.4468
4.1276
4.4059
3.8906
4.0935
3.6204
3.4994
4.1050
3.7596
3.6654
3.9336
3.8076
3.6464
4.1380
3.3990
3.7048
4.0601
3.7323
4.3833
4.3695
4.0000
3.8039
4.3926
3.8410
3.6665
3.4891
3.6795
3.4221
3.7034
3.6764
3.4568
3.2949
3.4662
3.6359
3.1865
3.3195
3.5408
3.8261
3.8153
3.8595
3.6724
3.6012
3.6380
3.5852
3.5699
4.1621
3.9349
4.0873
4.2420
3.9959
4.0333
3.9346
3.6115
4.0081
4.2456
4.3801
4.1814
3.8881
3.9192
3.7055
3.8879
3.5968
3.6827
3.7340
3.5287
3.5334
3.9098
3.6557
3.6305
3.7904
3.8572
3.7406
3.6103
3.3938
3.5170
3.6537
3.3307
3.5453
3.5274
3.5864
3.2059
3.3595
3.2403
2.9956
2.9222
3.0346
3.3600
3.9690
3.6011
3.5394
3.5360
4.1947
3.6066
4.2430
3.8191
4.1744
3.6169
3.7130
3.1526
3.1102
3.4776
3.2514
2.9970
2.7224
2.7496
2.9360
2.7925
2.4608
2.7604
2.5364
2.6763
2.7864
3.0896
3.0570
2.7876
2.7682
2.2479
1.9317
1.9629
1.5958
1.7065
1.5147
1.1335
1.2619
0.9077
1.1471
1.0896
0.9557
0.9967
0.7059
0.4738
0.3919
0.7379
0.6067
0.3272
-0.0301
-0.0809
-0.6854
-0.5455
-0.5554
-0.4618
-0.7156
-0.8904
-1.1736
-1.2346
-1.2060
-1.4081
-1.2325
-1.2003
-1.5615
-1.4739
-1.7319
-1.5153
-1.8186
-1.7291
-1.7515
-1.4432
-1.6467
-1.4002
-1.7040
-1.6854
-1.6765
-1.9784
-2.2466
-2.2169
-2.6140
-2.7780
-2.7572
-2.9388
-3.3108
-3.5034
-3.3669
-3.7079
-3.7278
-3.7624
-3.7749
-3.6915
-3.7747
-3.7533
-3.8193
-3.7779
-3.9614
-3.8404
-4.2759
-4.3165
-4.1702
-4.4309
-4.4605
-4.4466
-4.4364
-4.1189
-4.0010
-3.9055
-4.1281
-4.1758
-4.0433
-3.7555
-3.9679
-4.0845
-3.6884
-3.9880
-4.0135
-4.1306
-4.2006
-4.3485
-4.1100
-4.5542
-4.5514
-4.2306
-4.4351
-4.6830
-4.5974
-4.5250
-4.2582
-4.7763
-4.5478
-4.6880
-4.6014
-4.2663
-4.8833
-4.2688
-4.5665
-4.4128
-4.1130
-4.1996
-3.9700
-4.1542
-3.8786
-3.8190
-3.7259
-3.7095
-3.4238
-3.6102
-3.7727
-3.2837
-3.7870
-3.2810
-3.5184
-3.2999
-3.2660
-3.2595
-3.2675
-3.3051
-3.6393
-3.5973
-3.4274
-3.4473
-3.6043
-3.4906
-3.5869
-3.5236
-3.4434
-3.8962
-3.7470
-4.0686
-3.9627
-3.5269
-3.9885
-3.9533
-4.0933
-4.0420
-3.9550
-4.1891
-3.7723
-4.0414
-3.7948
-3.8285
-3.5831
-3.7458
-3.5463
-3.2881
-3.6820
-3.4089
-3.6018
-3.1595
-3.1639
-2.6931
-2.8208
-2.6471
-2.9697
-2.7089
-3.3066
-3.4547
-2.9473
-3.2843
-3.5767
-3.7654
-3.1980
-2.2290
-2.1640
-1.1554
-1.8023
-1.6504
-1.6751
-1.4003
-1.5811
-1.1320
-0.8144
-0.5818
-0.5519
-0.5583
-0.3455
-0.3780
-0.6507
-1.0530
-1.2582
-1.5588
-1.7287
-1.9335
-1.9007
-2.1418
-2.3772
-2.3023
-2.6117
-2.8043
-2.6307
-2.8212
-2.9986
-2.9639
-3.0109
-2.9719
-2.7165
-2.3339
-2.5476
-1.2966
-2.0908
-2.0528
-1.3056
-1.8355
-1.3757
-0.8835
-1.4870
-1.6516
-1.6000
-1.6367
-1.8612
-1.3096
-1.7329
-1.4719
-1.8634
-1.5736
-1.9083
-1.8549
-2.4717
-1.8448
-1.5440
-1.4504
-1.5246
-1.4092
-0.9591
-0.6743
1.0700
0.5135
1.8800
1.7744
0.8809
1.5940
0.3619
0.8402
0.9336
0.4428
-0.0627
-0.6348
-0.2762
-1.1928
-1.2675
-1.4849
-1.8038
-2.0323
-2.2301
-2.2586
-2.5960
-2.5958
-2.7632
-2.7558
-2.9969
-3.0673
-3.1517
-2.9122
-3.1520
-3.0945
-3.1115
-3.0344
-2.9649
-2.9323
-2.8570
-2.3998
-2.2682
-1.5698
-1.3760
0.1705
0.0356
0.5943
0.7323
1.3136
0.6778
0.9399
0.3386
-0.4280
-0.3307
-0.7570
-0.2528
0.3545
0.3691
1.5643
1.2718
0.8338
0.7787
1.6981
0.9097
1.0007
1.3083
1.1610
1.8223
1.4279
1.6884
1.9468
2.0519
2.4508
2.2891
2.2349
2.0533
2.3993
2.2740
2.1999
2.1799
2.3622
2.7069
2.2796
2.5002
2.4022
2.3377
2.5497
2.3196
1.9409
1.8363
2.2166
1.6597
1.6658
1.7357
1.5130
1.9635
1.8104
1.7317
1.9939
1.9003
2.0489
1.9523
2.0234
2.2041
2.0585
2.1690
2.2584
2.0004
1.9649
2.1943
2.0826
2.2349
2.0488
2.0540
2.0028
1.9921
1.9030
1.9950
2.1671
2.4461
2.5945
2.3154
2.3599
2.3771
2.5064
2.5805
2.6403
2.9581
2.6496
2.8423
2.9660
2.9857
2.5953
2.5862
2.2091
1.8860
1.7636
2.0180
1.5665
1.5724
1.2274
1.3103
1.4373
1.3825
1.4651
1.7023
1.8168
1.9595
1.8457
1.7169
1.4708
1.3420
1.1619
0.7485
0.8869
1.4072
2.3335
2.7267
3.1960
3.5491
4.2085
3.5787
4.6537
3.8159
4.0047
3.3595
3.1185
3.3740
2.5135
2.3615
2.4453
2.3094
2.6961
3.4090
2.7145
3.1482
3.1728
4.1405
4.2464
5.0121
5.8429
7.0971
5.1775
6.1821
5.6766
5.9227
6.3710
5.1850
4.9076
4.8104
3.7396
4.0790
4.1702
3.5076
4.1870
3.5676
3.9611
3.3869
3.0395
3.0944
3.1128
3.3168
2.5343
2.5615
2.6396
3.2902
2.4806
2.5004
2.3312
2.0596
2.2701
2.7638
2.5491
2.2105
2.4217
2.5650
2.0433
2.2959
2.3557
2.0312
2.0870
1.3238
1.1884
-0.0258
-0.0886
-0.8239
-1.1017
-1.9187
-2.2068
-2.5515
-2.9933
-3.1333
-3.3115
-3.6960
-3.6339
-4.0308
-3.8540
-4.2190
-3.9511
-4.3410
-4.3213
-4.2832
-4.3328
-4.0441
-4.3574
-4.1435
-4.1353
-4.2341
-3.8126
-4.0861
-3.6920
-3.7697
-3.8712
-3.9024
-4.1567
-4.2289
-4.3252
-4.1680
-4.3875
-4.2152
-4.4749
-4.4364
-4.5063
-4.4552
-4.4818
-4.3671
-4.2394
-4.1839
-4.2122
-4.3183
-4.4370
-4.3177
-4.6131
-4.6921
-4.7499
-4.7995
-4.6090
-4.8398
-4.7148
-4.8053
-4.7440
-4.9368
-4.9801
-5.0688
-5.1182
-5.1254
-5.1813
-5.1849
-5.3216
-5.1364
-5.5380
-5.5892
-5.7329
-5.7443
-5.7080
-5.6488
-5.4874
-5.4579
-5.2047
-5.4942
-5.6008
-5.6910
-5.8226
-5.8970
-6.0054
-6.0415
-6.1410
-6.1329
-6.1766
-5.8637
-6.1304
-6.1018
-6.2345
-6.2705
-6.3213
-6.3369
-6.2964
-6.3315
-6.2854
-6.3500
-6.3160
-6.1508
-6.3633
-6.4180
-6.4460
-6.4784
-6.4538
-6.4502
-6.1569
-6.3526
-6.2829
-6.2031
-6.2115
-6.1667
-6.2408
-6.2400
-6.2180
-6.1741
-6.0194
-5.7663
-5.8194
-5.8407
-5.7782
-5.7960
-5.7691
-5.7583
-5.3930
-5.5750
-5.4257
-5.4808
-5.3994
-5.3823
-5.3045
-5.2338
-5.0272
-4.7813
-4.3496
-3.8921
-3.2777
-3.1527
-3.0365
-3.0187
-3.2190
-3.4474
-3.8880
-4.0680
-4.4868
-4.5089
-4.7391
-4.5546
-4.7797
-4.6835
-4.4393
-4.5055
-4.5081
-4.4072
-4.1781
-4.3151
-4.2944
-3.9954
-4.0258
-3.9890
-3.8428
-3.4076
-2.9028
-2.2707
-1.4380
-0.4775
-1.0745
-0.9047
-1.5320
-1.5661
-1.9973
-2.1617
-2.6444
-2.1635
-2.7555
-2.7952
-2.7940
-2.7091
-2.2999
-2.7133
-3.0642
-2.5490
-2.4197
-1.9865
-1.7114
-1.2976
-1.7776
-1.6895
-1.8460
-1.8992
-2.3437
-2.2357
-2.4695
-2.1117
-2.2360
-1.8536
-2.3357
-2.5057
-2.1174
-1.9070
-2.5441
-2.4303
-2.3238
-2.1522
-1.9558
-1.9992
-1.9539
-1.7620
-2.1210
-2.1717
-2.1244
-2.0816
-1.5804
-1.2106
-1.0445
-0.1689
-0.6882
-0.4558
-0.3961
-0.5894
-0.3207
-0.3238
-0.4516
-0.5294
-0.1429
-0.6904
-0.5643
-0.5486
-0.3033
-0.4165
-0.1874
-0.3279
-0.0057
0.0874
0.1107
0.3130
0.6552
0.8382
1.5222
1.3906
1.4311
1.7871
1.7271
1.8765
2.6341
2.8717
2.4956
2.4759
2.1723
1.6554
1.5075
1.2473
1.3860
1.1193
1.1542
1.6073
1.3881
1.5939
1.8985
2.2969
2.3342
2.5480
1.7169
1.6525
1.5875
1.8285
1.6208
1.5857
1.5228
1.7555
2.9551
2.6369
2.3634
3.6439
3.6665
3.9606
3.4343
4.0234
3.8178
4.7248
4.0286
4.4171
4.6154
5.3910
5.9684
6.4886
7.6148
8.7829
9.6945
10.6308
9.4663
10.4140
9.9551
9.6583
9.6312
9.0865
8.9876
9.2454
9.9820
9.9921
8.8227
8.4625
8.2302
8.3314
9.0466
7.7861
8.7105
8.1989
8.1716
7.8071
8.8100
7.6575
7.3796
7.2583
6.5095
6.0755
5.7369
5.3166
5.4196
5.8885
5.5126
5.8916
6.5698
6.8887
7.8972
7.5254
7.7723
6.6820
5.7635
5.2552
4.4247
3.9200
2.7431
2.1336
1.8492
0.4358
0.1517
-0.0210
0.1285
0.1000
-0.0540
-0.1778
-0.1669
-0.2311
-0.7322
-0.9088
-1.3974
-2.6041
-3.3064
-3.2490
-3.2001
-3.1888
-3.5995
-3.4430
-3.4569
-2.7681
-3.0707
-2.6068
-3.1490
-3.0599
-3.4700
-3.7293
-4.0063
-4.2205
-4.3607
-4.2552
-4.3202
-4.5657
-4.6028
-4.3926
-4.7638
-4.8905
-4.9364
-5.5518
-5.9650
-5.8691
-6.0418
-6.1040
-5.6180
-5.3370
-5.6093
-5.2076
-5.1827
-4.7471
-5.0835
-5.1730
-5.0278
-4.7708
-4.8657
-4.5376
-4.7986
-5.0478
-4.9727
-5.1741
-5.5560
-6.0748
-6.4438
-6.8830
-7.2036
-7.4465
-7.6698
-7.8288
-7.9675
-8.0945
-8.1012
-8.0811
-8.3287
-8.4910
-8.5081
-8.4532
-8.3661
-8.1319
-8.0459
-7.8598
-7.8690
-7.7988
-7.7914
-7.5834
-7.8099
-7.7995
-7.8319
-7.8157
-7.7902
-7.8277
-7.7866
-7.6094
-7.5233
-7.6325
-6.6920
-6.6410
-6.2688
-5.6168
-5.6291
-5.3421
-5.4620
-5.2831
-5.1054
-4.3273
-3.9285
-3.4962
-3.4306
-2.8997
-2.3788
-2.4069
-2.3296
-2.6236
-3.0856
-3.4134
-3.5741
-3.5073
-4.2581
-3.9738
-4.5179
-4.8111
-4.5763
-4.5901
-4.1936
-4.1709
-3.3101
-4.2214
-3.5657
-3.8595
-4.2814
-3.9793
-4.5030
-4.2807
-3.8803
-3.8204
-4.2081
-4.8501
-4.6279
-5.0503
-5.3390
-5.2185
-5.5157
-5.6011
-5.5530
-5.2833
-5.4107
-5.2623
-5.0748
-4.8159
-4.4915
-4.1671
-3.8243
-3.1227
-3.0524
-2.5203
-2.5152
-2.0259
-2.0337
-2.4391
-1.9386
-2.3246
-1.0323
-1.6891
-1.1129
-1.2024
-1.0689
-1.3089
-0.7641
-0.8131
-0.8540
-1.3520
-1.3290
-1.2243
-1.6208
-1.8746
-1.8194
-2.0764
-1.7358
-2.0628
-1.7181
-1.9440
-1.6867
-1.9742
-1.8561
-1.7062
-1.3169
-1.3353
-1.1764
-1.0518
-0.7658
-0.3025
0.0600
0.0428
-0.0244
-0.2682
-0.2537
-0.1585
0.0709
0.0971
-0.0991
-0.0446
0.0211
0.3325
0.3790
0.2591
0.2699
0.2657
0.3251
0.5599
0.6884
0.6957
0.8309
1.0106
1.0669
1.1751
1.2022
1.2314
1.1625
1.1653
1.3103
1.7374
1.9048
2.2875
2.7692
2.7478
2.7476
2.9033
2.9984
3.2846
3.3753
3.3478
3.4253
3.5064
3.5129
4.0269
3.3701
3.4056
3.9485
3.5574
3.3357
3.2779
3.0333
3.3846
2.9870
2.9182
2.9066
2.8419
2.8518
2.7612
2.7104
2.5521
2.4330
2.4963
2.1496
2.1057
1.9206
2.0573
1.7361
1.6007
1.5621
1.5699
1.3917
1.2254
1.5781
0.9993
0.8463
0.9223
0.8642
1.0701
0.5826
0.6484
0.3560
0.3452
0.1027
0.0124
-0.0520
-0.0553
0.0806
-0.1029
0.0615
-0.1391
-0.1338
-0.2443
-0.3219
-0.3631
-0.4046
-0.3988
-0.3996
-0.3939
-0.2621
-0.0957
-0.1047
-0.3810
-0.2398
-0.3343
-0.6382
-0.2420
-0.8180
-0.5936
-0.9921
-0.3548
-0.7517
-0.2506
0.2966
1.1673
2.5262
2.1605
2.5365
2.0757
2.0652
2.3121
1.8075
1.9572
1.3859
1.1715
1.1103
0.4735
0.5656
0.2571
0.1620
-0.2269
-0.3217
-0.3651
-0.5264
-0.5672
0.3277
-0.2306
0.1337
0.0885
-0.0254
0.5182
0.2095
0.7308
0.4786
0.2212
0.4133
0.0180
-0.0014
-0.2096
-0.0041
-0.0336
-0.0017
0.3437
0.3777
0.1349
0.3765
0.5764
0.6832
0.6865
1.0545
1.2337
1.6864
2.4123
1.7512
1.8976
2.3516
3.7310
3.8477
4.4336
5.1761
5.3362
5.6274
5.7377
6.7056
6.9067
8.1423
8.2167
8.4299
9.2918
10.0063
8.8833
9.2830
9.3280
8.6352
8.5294
9.0080
8.0415
7.0231
7.4145
6.7919
7.1579
6.4250
6.7710
6.1337
5.3335
5.8405
5.0548
5.0395
4.5071
4.6068
4.3015
4.1332
4.0830
4.0305
4.6714
4.8370
5.5359
5.2982
5.2254
5.1163
4.5433
4.2695
4.4488
4.4000
4.1533
4.9907
4.1814
4.2322
3.9323
4.2534
3.9868
4.6039
4.1132
3.7623
3.4171
3.3663
3.1499
3.4710
2.6702
2.8456
2.1186
2.0301
1.6397
2.0491
1.5749
1.9689
1.5630
1.1896
1.7953
0.8354
1.2485
0.8167
0.8473
0.3376
0.3283
0.2448
0.3893
0.2672
0.0995
0.2712
0.0917
0.1899
-0.3951
-0.2508
-0.4772
-0.1860
-0.1713
-0.3367
-0.2125
0.1461
0.0688
-0.2290
-0.1621
-0.1806
0.0263
-0.1593
-0.0810
-0.0936
-0.1925
-0.0445
0.5874
0.1351
0.8900
0.4251
0.6014
0.6044
0.4868
0.6632
0.6590
1.1482
0.3463
0.7627
0.4926
0.4833
0.4426
-0.0197
0.3039
0.0621
0.0984
-0.0548
0.3460
0.2442
0.4459
0.4708
0.3077
0.1804
-0.0728
0.0280
0.0857
-0.0209
0.0314
-0.4314
-0.4897
-0.5788
-0.5716
-0.3568
-0.6901
-0.8218
-1.0779
-1.2426
-1.3790
-1.4825
-1.6000
-1.6832
-1.8219
-1.9244
-2.0709
-2.1204
-2.2595
-2.3213
-2.2149
-2.4318
-2.4029
-2.3932
-2.3935
-2.3807
-2.3750
-2.4045
-2.3786
-2.5820
-2.5207
-2.7208
-2.2874
-2.2610
-1.7499
-1.4408
-1.4477
-2.0701
-2.3847
-2.7360
-2.9418
-2.8274
-3.0081
-3.3078
-3.2200
-3.0686
-3.2221
-3.2650
-3.0168
-3.0740
-3.1210
-2.7923
-3.1388
-2.8953
-2.7665
-3.1501
-2.8646
-2.9719
-2.5893
-3.1702
-2.7687
-2.3763
-0.9706
-1.9125
-0.6401
-1.3386
-1.3876
-1.0699
-1.8385
-2.0948
-2.1348
-1.9535
-1.8405
-2.1833
-2.1043
-2.1089
-1.9264
-2.0136
-1.9169
-1.8932
-1.7749
-2.0629
-1.9389
-2.1083
-1.9111
-2.1476
-2.1060
-2.0727
-2.4084
-2.4566
-2.3941
-2.4067
-2.3705
-2.4796
-2.4263
-2.3605
-2.5964
-2.7566
-2.8006
-2.5473
-2.7888
-2.8466
-2.9704
-3.0528
-2.9738
-2.9036
-2.8521
-2.7752
-2.7467
-2.4411
-2.6259
-2.5716
-2.5744
-2.4890
-2.4783
-2.2389
-2.3308
-2.0782
-2.2087
-2.3212
-2.1346
-2.5567
-2.3469
-2.4104
-2.4062
-2.7519
-2.1115
-2.8386
-2.7746
-2.7600
-3.0662
-2.8419
-3.0670
-2.8150
-3.0655
-2.7271
-3.0283
-2.6199
-3.0602
-2.9648
-2.9492
-3.0746
-3.0770
-2.9256
-3.1571
-3.3702
-3.2944
-3.4408
-3.1396
-3.3772
-3.3859
-3.3912
-3.4784
-3.2079
-3.3914
-3.2833
-3.3544
-3.2444
-3.3690
-3.1236
-3.2746
-2.8539
-3.1207
-3.2711
-2.7360
-3.0676
-2.8198
-3.2348
-2.8380
-3.2163
-2.8869
-2.6433
-2.5024
-1.7944
-1.0911
-1.7242
-1.5697
-1.0618
-0.7482
-0.2304
-0.4405
0.0649
-0.1211
0.1246
0.0409
-0.0884
0.4964
1.6272
1.9187
2.4677
3.2614
4.7878
4.3963
6.1068
5.5415
5.6413
6.2691
5.6752
5.5664
5.5468
4.7044
4.4671
3.6232
3.6097
2.4560
1.7196
1.9160
1.2960
2.1915
2.1460
2.2169
2.3808
2.3704
2.0094
1.9810
1.2266
0.9562
0.8922
0.1999
-0.0684
-0.4284
-0.5539
-1.0703
-1.3693
-1.5446
-1.6210
-1.8131
-2.1104
-2.1845
-2.1546
-2.2641
-2.0701
-2.4310
-2.1545
-2.5885
-2.2479
-2.8967
-3.1457
-3.3463
-3.7578
-4.0123
-4.1478
-4.2474
-4.3053
-4.5685
-4.4697
-4.4842
-3.9878
-4.3888
-4.3136
-4.5047
-4.5381
-4.3231
-4.4454
-4.4028
-4.4573
-4.4495
-4.5210
-4.6426
-4.4931
-4.1550
-4.0819
-3.8196
-4.0232
-3.7267
-3.5870
-3.1053
-3.1985
-2.6203
-2.3466
-2.3819
-2.5214
-2.3818
-2.3560
-2.4219
-2.2733
-2.1026
-2.0531
-2.0306
-2.3136
-2.2822
-2.5067
-1.3662
-2.0870
-1.7322
-1.7824
-1.8202
-1.1892
-0.5265
-0.4928
-0.6551
-0.6948
-0.4429
-0.4866
-0.7195
-1.2601
-1.3244
-0.9896
-1.0457
-0.9852
-0.8181
-0.5440
-0.2780
-0.5218
-0.6677
-0.5579
-0.4772
-0.3473
-0.0233
0.0523
0.7277
0.1054
0.4797
0.1482
0.2013
0.0370
-0.0213
0.0221
0.0577
0.1262
0.1310
0.1993
0.3339
0.2414
0.6488
0.3746
0.9092
0.6670
0.8517
1.4149
0.8110
1.2928
1.1229
0.9563
1.0264
1.0063
1.1034
1.5020
1.3639
1.2201
1.3287
1.6035
1.6834
1.8074
1.8493
2.0406
1.9653
2.1729
2.2439
2.7136
2.4727
2.1704
2.5021
2.3456
2.7651
3.0404
3.3785
2.8953
2.8695
2.7965
2.5941
2.7169
2.0882
2.1797
2.5157
2.3531
2.3317
2.3004
2.6212
2.5647
2.9116
2.3312
2.4163
2.5607
2.1234
2.4103
3.1195
2.8136
2.8311
2.9636
2.8461
3.1522
3.3807
3.9203
4.4273
4.2372
4.8139
5.1954
4.8899
4.6118
4.3826
4.0204
3.6652
3.8999
4.0043
3.3654
2.9363
2.9873
2.4658
2.4760
2.2304
2.1896
2.1657
1.7569
1.6588
1.4436
1.6612
1.2942
1.2167
1.0286
1.1042
0.8485
0.8921
1.0770
0.9324
0.8855
0.8622
0.9056
0.8409
0.7847
0.9700
0.6246
0.8646
0.5089
0.4992
0.4414
0.4416
0.4278
0.3010
0.2398
0.3396
0.4468
0.2691
0.3212
0.5922
0.1741
0.2154
0.0066
0.2750
0.0242
0.3854
0.2083
0.2266
-0.0140
0.0573
-0.1083
-0.3249
-0.1373
-0.3926
-0.3610
-0.1875
-0.3783
-0.3438
-0.4597
-0.3896
-0.3392
-0.4068
-0.5520
-0.2232
-0.4422
0.0412
-0.3039
-0.1301
-0.1528
-0.0141
-0.0615
-0.1042
-0.0279
0.1541
-0.0614
-0.0253
-0.0100
0.2429
-0.0040
0.1396
0.0902
0.3680
0.0889
0.3956
0.1978
0.2909
0.4995
0.3299
0.5329
0.5927
0.7729
0.4698
0.6728
0.6496
1.1128
0.6790
0.7939
0.5358
0.5812
0.6448
0.3845
0.3300
0.2778
0.1982
0.1700
-0.0271
-0.1425
-0.0474
-0.2589
-0.2117
-0.2536
-0.3480
-0.3378
-0.6643
-0.7633
-0.7826
-0.8703
-0.8757
-0.6898
-0.9532
-1.0022
-1.1014
-0.8472
-1.0380
-0.7960
-0.2309
-0.8680
-0.0127
-0.1100
0.3497
0.2001
0.9632
0.0607
0.7763
1.2736
1.3083
2.1847
1.3354
1.8917
1.5985
1.7975
1.4150
2.0066
1.6948
2.5454
1.7793
2.2326
2.0225
2.4849
2.8222
3.7023
3.0468
3.2795
2.6571
2.6961
2.5655
2.3881
2.5868
2.8315
3.2570
3.6021
4.0718
4.4060
4.3429
4.1987
3.7241
3.3688
2.7926
2.1740
2.6002
1.7364
1.1048
0.8265
0.4202
0.0932
0.1383
-0.1759
-0.4458
-0.1940
0.0059
0.1770
0.2102
0.2047
0.5429
0.5086
0.6812
0.8783
1.6569
1.6101
2.6455
1.3334
0.7291
-0.1801
-0.3460
-1.0402
-1.0076
-1.9741
-2.2955
-2.9450
-3.0400
-3.1159
-3.9682
-4.3416
-4.5988
-4.8570
-5.0562
-5.3337
-5.5343
-5.6339
-5.8105
-5.7873
-6.0635
-5.9424
-6.3589
-6.4097
-6.4777
-6.2616
-6.5202
-6.4061
-6.4517
-6.2600
-6.2951
-6.2018
-6.2023
-6.2141
-5.9501
-5.9006
-5.9599
-5.8016
-5.4031
-5.3265
-5.1590
-4.9287
-4.6051
-4.6636
-4.5098
-4.4634
-4.3670
-4.3328
-4.1586
-4.1415
-4.0598
-3.9194
-4.1405
-4.1551
-4.1604
-4.1847
-4.1681
-4.1779
-4.1342
-4.0799
-3.9191
-3.8539
-3.7056
-3.4462
-3.5246
-3.3168
-3.1941
-3.0788
-3.0167
-3.0788
-3.0599
-3.1562
-3.1695
-3.1901
-2.8501
-2.9027
-2.5730
-2.2189
-1.8570
-1.3505
-1.1548
-0.8772
-0.6405
-0.6759
-0.6015
-0.4844
-0.6578
-0.6408
-0.8241
-0.8624
-0.7683
-0.4942
-0.8487
-1.2660
-0.6416
-0.8191
-0.7135
-0.7817
-1.1440
-1.6761
-1.4177
-1.3517
-1.5642
-1.0744
-1.0043
-0.9433
-0.6696
-0.4915
-0.4347
-0.1174
0.0343
-0.1768
-0.2929
-0.2953
-0.0800
0.3456
0.0220
0.3126
0.6352
0.8531
0.3981
0.6019
0.5095
0.7732
1.2787
1.4382
1.4939
1.5566
1.5637
1.8840
2.1524
3.1161
3.3483
3.9027
5.6370
5.3525
5.8743
7.8467
7.8904
7.4381
7.9469
9.4028
10.3945
9.1285
9.7491
9.2248
9.4256
10.6565
9.2557
8.9204
7.8114
7.2535
7.3477
6.7847
6.9224
6.8149
6.8168
6.9258
6.8960
6.3354
5.7237
5.1131
4.6251
3.8954
3.4039
3.0315
2.9901
2.7611
2.4436
2.6736
2.5275
2.5003
2.7092
2.2457
2.3860
2.3103
2.4572
2.3134
2.4148
2.6034
2.4713
2.4852
2.6553
2.8546
2.6595
3.0639
2.5191
2.9668
3.2358
3.5293
2.8141
3.3407
3.4132
3.1958
3.5646
2.8701
3.6566
3.5185
3.2570
2.9120
3.1172
2.3335
2.7898
2.0839
2.4803
2.0583
1.9701
1.6697
1.9173
1.6050
1.6705
1.3858
1.3789
1.5601
1.2034
1.4493
0.9046
1.1000
0.8242
0.7017
0.3814
1.1520
1.3605
1.9161
1.3385
1.9235
1.0880
0.9334
0.8850
0.9153
1.2136
1.0413
1.2531
1.7397
1.8103
1.7001
1.7357
1.0635
1.1671
1.0510
0.6474
0.4901
0.7180
0.2422
0.5887
0.4154
0.3882
0.0347
-0.1927
-0.0865
-0.5643
-0.5413
-0.6501
-0.8139
-0.7829
-0.9423
-1.2218
-1.2112
-0.9502
-1.4577
-1.4149
-1.5702
-1.7962
-1.8842
-1.9046
-2.0277
-2.0961
-2.1068
-2.3756
-2.4470
-2.5525
-2.6830
-2.8942
-3.0644
-3.0424
-3.3633
-3.4568
-3.3753
-3.3896
-3.1808
-3.2386
-2.8637
-3.0723
-2.8955
-2.6487
-2.7257
-2.7847
-2.8162
-2.6786
-2.9708
-3.1162
-3.2824
-3.4503
-3.5717
-3.6685
-3.8490
-3.7333
-4.0499
-4.0621
-4.1205
-4.1109
-4.1712
-3.7952
-4.0453
-3.4698
-3.5762
-2.9305
-2.4354
-2.4445
-2.0807
-2.1579
-1.3758
-2.0444
-2.0969
-2.1819
-2.6799
-2.3582
-2.1836
-2.2863
-2.5956
-1.9527
-2.5342
-2.9714
-2.9261
-2.9580
-3.2634
-3.6215
-2.9392
-3.7195
-3.3329
-3.6620
-3.4450
-3.7063
-3.6168
-3.1251
-3.2586
-3.0230
-2.9240
-3.3154
-3.5420
-3.2271
-3.3661
-3.0488
-2.8284
-2.5550
-2.9336
-2.8160
-3.0372
-2.9993
-3.4208
-3.5200
-3.3673
-3.7855
-3.6354
-4.0026
-4.2319
-3.8742
-4.4695
-4.3665
-4.4767
-4.3316
-4.3299
-4.4604
-4.4328
-4.0572
-4.1205
-3.4601
-3.5456
-3.3220
-3.0717
-2.7741
-2.3939
-2.4056
-1.8030
-1.6733
-1.9451
-1.2612
-1.5849
-1.2803
-1.4275
-1.3631
-1.0715
-1.4394
-1.0552
-1.5930
-1.5989
-1.7085
-1.2498
-1.6646
-1.3898
-1.6521
-1.7491
-1.6192
-1.7654
-1.4962
-1.7151
-1.1534
-0.7735
-1.3624
-1.7256
-1.4363
-1.3289
-0.7606
-0.9713
-0.9177
-0.7221
-0.7117
-0.8304
-0.5187
-0.5852
-0.3518
-0.2628
0.2806
-0.1178
-0.1437
0.0341
0.0112
0.8549
0.5425
0.5179
0.6703
0.4263
0.7101
0.9731
0.8344
0.7659
0.8725
1.2193
1.1582
1.0823
1.6355
1.2286
1.3495
1.7002
1.4022
1.3752
1.5599
1.5311
1.7786
2.0639
1.9192
2.5680
2.5083
2.8251
3.0018
3.1807
3.3528
3.0981
3.0867
3.2382
3.4045
3.2456
3.2918
3.6377
3.5520
3.5911
3.8415
3.4565
3.5165
3.2673
3.2520
3.0590
3.4964
3.3176
3.1756
4.2597
3.7727
4.8165
4.3972
4.4894
4.3853
4.1592
4.2001
3.6700
3.9270
3.5558
3.6701
3.6574
3.6475
3.2024
3.1751
3.1487
3.2040
2.7612
2.7750
2.6281
2.6559
2.5207
2.4917
2.8439
2.3866
2.4616
2.4518
2.6398
2.6710
2.5917
2.1985
2.2953
1.8430
2.1105
2.0933
1.8893
1.7620
2.0734
1.6557
1.6033
1.7925
1.6385
1.5008
1.5516
1.5972
1.6092
1.6088
1.4826
1.5495
1.3102
1.1415
1.3563
1.1338
1.2979
1.0608
0.9931
0.8795
0.9630
0.8497
0.5904
0.7091
0.5696
0.6196
0.5693
0.3439
0.3652
0.5325
0.3816
0.2094
0.1564
-0.0480
0.1752
-0.0603
0.0727
0.1828
0.1637
0.0865
-0.4340
-0.7385
-0.6703
-1.0808
-0.9383
-0.9304
-0.9195
-0.5368
-0.1801
-0.0750
0.1400
-0.0099
-0.3419
-0.8751
-0.6520
-0.6129
-0.2644
-1.0563
-1.5458
-1.8538
-1.3423
-2.0113
-1.7961
-2.0015
-2.1554
-2.4576
-2.5007
-2.5493
-2.5994
-2.5746
-2.5631
-2.8795
-3.0632
-2.5677
-3.1517
-2.7150
-2.7449
-2.3706
-1.9980
-1.6275
-0.5055
-0.9825
-0.7213
-0.3505
-0.8275
-0.3914
-0.2777
-0.2718
0.4809
0.9602
0.8440
1.6529
1.2894
1.7369
1.4902
1.9885
2.2605
2.1593
2.0218
2.1445
2.0989
2.0461
2.3431
1.9811
2.0759
2.0321
2.6762
1.9904
2.1099
2.5395
2.6779
2.6403
2.0783
2.2619
1.8105
1.5800
1.5081
1.3274
1.2590
1.4491
0.9540
0.3117
0.1080
0.0471
-0.7978
-0.9416
-1.7574
-2.1621
-2.3282
-2.6941
-3.1798
-3.2531
-3.1977
-3.2264
-3.0648
-2.8905
-3.4144
-3.1392
-2.3971
-2.9064
-2.9937
-2.1342
-1.6339
-1.6295
-1.3321
-1.2403
-0.5323
0.2503
-0.1018
0.9147
0.8821
1.3321
2.2714
2.1952
2.4102
2.2921
2.6516
2.6368
2.9623
2.9009
3.4075
3.1912
3.0169
3.1337
3.2783
3.6611
3.6182
3.8012
3.5115
3.8008
3.8229
4.4536
4.4407
4.3324
4.7098
4.9725
4.6329
4.7568
4.6287
4.8300
4.5624
4.0938
3.8266
3.3730
3.7724
2.7674
2.6562
2.2175
1.5568
1.1683
0.7706
1.0719
0.2010
0.3597
-0.1634
-0.1420
0.2798
-0.1582
0.1397
-0.2439
0.1859
-0.2754
-0.0742
0.5994
0.0514
0.7699
1.3171
1.4718
2.0383
2.4011
3.9907
