5.6062
5.7898
7.2025
7.6245
8.4246
8.5313
9.7236
9.6378
10.8595
10.8445
11.0858
12.1167
11.1928
11.8325
12.2550
12.0291
12.3970
11.6597
11.6824
11.4300
10.5708
10.5458
10.2854
9.9636
8.8482
8.3321
8.1374
7.3995
7.2631
6.7199
6.6978
6.2307
6.5047
5.8908
6.0931
5.6364
5.5802
5.3308
4.8877
4.8435
5.0826
4.4074
4.4482
4.0607
4.0183
3.7224
3.6465
3.6185
3.3739
3.0410
3.2027
2.7815
2.6833
2.4818
2.4762
2.2275
1.9771
1.8818
1.6224
1.6083
1.1562
0.8906
0.7483
0.5394
0.4239
0.3687
-0.0425
-0.2556
-0.4175
-0.4674
-0.5605
-0.6057
-0.6797
-0.5717
-0.7563
-0.8501
-0.8122
-0.7885
-0.6672
-0.5342
-0.2841
-0.1037
0.3563
0.3634
0.5752
0.8526
1.0451
1.3473
1.4077
1.5179
1.3978
1.3274
1.1925
1.0024
0.8094
0.5218
0.2856
0.1111
-0.3815
-0.7540
-1.0352
-1.3364
-1.5778
-1.8239
-1.9432
-1.9903
-2.2099
-2.4920
-2.5148
-2.6993
-2.7155
-2.7669
-2.7611
-2.8040
-2.8010
-2.8497
-2.8257
-2.8166
-2.7602
-2.7432
-2.7333
-2.7607
-2.7819
-2.7927
-2.7977
-2.7836
-2.7762
-2.5724
-2.7052
-2.7850
-2.5662
-2.9190
-2.8768
-3.0480
-3.1107
-3.3187
-3.4252
-3.4581
-3.5647
-3.5937
-3.7643
-3.8547
-3.9954
-4.0622
-4.1023
-4.1279
-4.1173
-4.1529
-4.1728
-4.0534
-4.3077
-4.2929
-4.3711
-4.3294
-4.1516
-4.3733
-4.3964
-4.5121
-4.5460
-4.6041
-4.6084
-4.7372
-4.8046
-4.9332
-5.0025
-5.0662
-5.1400
-5.1201
-5.0463
-5.2695
-5.3927
-5.4574
-5.4967
-5.6158
-5.4403
-5.8288
-5.5459
-6.0072
-6.1363
-6.0392
-5.9850
-6.2180
-6.2777
-6.4572
-6.7979
-6.7600
-6.4566
-6.5424
-7.2126
-6.9417
-7.2598
-7.2919
-7.0390
-7.4889
-7.6246
-7.6146
-7.5000
-7.8052
-7.5684
-8.0075
-8.0600
-7.8892
-7.9322
-7.6848
-7.7636
-7.8336
-7.6612
-7.8155
-7.6927
-7.6299
-7.1616
-7.2066
-7.3686
-7.1412
-6.6718
-6.4542
-6.2053
-6.0303
-6.1057
-6.2558
-6.2483
-6.1818
-6.0437
-6.0045
-5.4714
-5.0034
-4.4880
-4.7383
-4.2987
-4.5868
-3.8477
-4.3273
-3.6453
-3.4439
-3.2658
-2.4545
-2.1834
-1.5975
-0.9914
-0.1498
0.1413
1.1416
1.5763
2.2432
3.2363
4.0974
5.3067
6.4455
7.5951
8.6773
10.3995
11.0144
11.7535
12.2277
12.7667
12.6682
11.8958
11.7444
10.7652
10.5651
9.4355
8.7892
7.8389
6.7763
6.8847
5.7772
5.7388
5.0203
5.0285
4.5714
3.7229
4.5721
5.5826
4.4150
5.3606
6.2211
6.2408
7.5341
6.8218
7.1327
7.2826
7.8615
7.2197
8.0360
8.1106
8.0147
8.3715
8.7266
7.7104
8.5937
7.6955
7.4143
7.9849
8.3196
9.0918
7.7140
6.8681
6.2442
5.0662
3.6928
3.0179
1.7414
1.4016
0.0817
-0.5948
-1.5325
-1.5028
-2.6493
-2.8545
-3.8062
-4.0599
-4.1871
-4.8520
-5.0404
-6.5830
-6.7637
-8.2539
-8.6231
-8.5367
-8.7611
-8.7449
-9.1757
-8.1288
-8.8152
-9.0138
-9.2147
-8.9499
-8.8552
-8.8111
-8.8805
-8.4165
-8.1566
-7.6929
-7.6646
-7.5403
-7.4901
-7.3682
-7.3177
-7.2317
-7.2315
-7.3826
-7.2199
-6.4578
-7.0058
-6.6857
-6.4035
-6.7908
-6.3562
-6.2221
-6.2151
-6.2018
-6.0715
-5.6648
-5.5000
-5.2889
-5.1256
-5.2570
-4.9736
-4.9796
-5.0079
-4.7881
-4.5270
-4.3399
-4.0163
-3.9125
-3.9820
-3.7812
-3.6191
-3.6529
-3.3954
-2.7230
-3.3812
-3.2264
-3.1686
-2.8873
-2.7907
-2.6907
-2.7334
-2.9090
-2.6777
-2.9089
-2.7325
-2.5950
-3.0407
-3.1174
-2.8981
-2.6630
-2.7471
-2.7521
-2.8610
-2.7824
-2.7786
-2.6819
-2.3935
-2.3788
-2.2990
-2.4369
-1.9428
-1.9402
-1.3701
-1.3117
-0.8484
-1.2204
-1.2893
-1.2895
-1.6857
-1.9542
-1.5547
-1.7553
-2.0751
-1.8625
-2.2291
-2.2574
-2.0254
-1.4952
-1.8650
-1.9046
-1.9893
-2.1606
-2.3705
-2.1309
-2.7566
-2.6297
-2.4135
-2.4911
-2.2136
-2.3500
-2.4984
-2.6612
-2.7209
-2.6038
-2.6694
-2.6735
-2.5232
-2.6735
-2.3227
-2.6928
-2.7258
-2.0232
-2.5691
-2.5262
-2.3827
-2.4831
-2.3444
-2.1432
-2.4910
-2.7953
-2.9063
-2.9194
-3.1628
-3.1796
-2.9416
-3.2808
-3.2359
-3.5543
-3.6854
-3.7407
-3.9569
-3.8697
-4.2380
-3.9290
-3.8314
-4.1968
-4.2272
-4.3769
-3.7148
-4.3255
-4.2850
-4.5399
-4.3133
-4.5559
-4.5416
-4.7142
-4.8732
-4.8027
-5.3086
-5.3904
-5.5228
-5.4198
-6.0191
-6.0360
-6.1753
-6.1327
-6.4895
-6.4046
-6.6770
-6.4781
-6.6527
-6.5491
-6.6948
-6.7947
-6.7611
-6.5056
-6.6704
-6.3430
-6.5455
-6.4875
-6.4997
-6.4915
-6.2339
-6.4796
-6.5248
-6.5438
-5.6821
-4.5376
-4.4717
-4.8735
-4.1134
-4.1618
-3.4184
-3.3489
-3.3724
-3.4637
-2.7290
-2.6494
-2.6123
-2.6046
-1.9713
-2.0470
-2.1515
-2.0236
-1.3436
-2.1999
-1.5966
-1.0682
-0.9802
0.2070
0.2717
0.1089
0.5355
1.6391
3.0957
1.9957
1.8942
1.7334
1.6719
1.8698
1.6739
2.0452
1.7164
1.8496
1.9726
2.1018
2.5076
2.4988
3.0430
3.1435
3.4068
3.7559
4.2716
4.2644
4.4128
4.7168
5.0782
5.6919
5.9041
6.5257
6.5962
6.7873
6.9776
7.0403
6.9675
7.0492
6.5602
6.3395
6.0574
5.7452
5.3503
5.0997
4.3432
3.8235
3.2840
2.8954
2.3591
1.9508
1.3633
1.1237
0.4250
-0.0204
-0.4667
-0.8665
-1.2267
-1.5550
-1.8708
-2.1861
-2.5247
-2.7880
-3.2222
-3.5498
-4.0431
-4.3801
-4.6921
-4.9341
-5.1266
-5.2851
-5.3991
-5.4821
-5.5247
-5.3501
-5.5342
-5.4138
-5.3957
-5.2531
-5.2445
-5.1016
-4.9713
-4.8401
-4.7508
-4.7095
-4.7109
-4.7343
-4.7743
-4.8132
-4.8551
-4.8823
-4.9274
-4.9578
-5.0431
-5.1103
-4.9763
-5.2099
-5.1637
-5.0277
-4.9165
-4.6951
-4.5440
-4.3050
-4.0896
-3.8971
-3.7074
-3.4852
-3.1701
-2.7590
-2.2517
-1.6442
-1.2056
-0.7622
-0.5461
-0.3967
-0.3578
-0.4228
-0.5612
-0.0016
-0.0884
0.2199
0.4265
0.6494
-0.1220
0.0497
-0.8733
-0.4380
-0.9706
-0.6794
-0.4204
-0.8204
-0.4418
-0.3128
-0.2134
0.4685
0.2375
0.9586
1.1974
1.6175
1.2895
1.6060
1.6199
1.5280
0.7893
0.8984
0.8609
0.1834
0.0561
-0.4767
-0.5505
-0.5807
-0.5115
-0.8522
-0.8375
-0.6823
-1.2752
-1.2011
-1.2948
-0.9323
-1.3472
-1.7301
-1.7519
-1.7580
-1.3862
-1.3177
-1.3593
-1.4197
-1.0186
-0.9381
-0.5087
-0.9684
-0.8652
-0.9439
-0.8751
-0.4696
0.1205
-0.0322
0.0061
0.2776
0.3888
1.2091
1.2873
0.9440
1.7628
1.6017
2.1087
2.5119
3.3893
3.6035
3.6776
3.7107
4.3462
4.0001
4.4787
3.8049
3.9418
4.2243
4.5565
3.9566
3.5787
3.2672
3.1301
3.2358
2.7619
2.9992
2.0354
1.7516
2.0947
1.4577
1.5599
1.3655
1.1967
0.9604
0.7523
0.8225
0.6011
0.7159
0.2032
-0.1201
-0.1505
-0.3544
-0.2657
-0.6628
-1.0006
-0.8580
-1.0385
-1.2540
-1.2032
-1.5349
-1.1694
-1.3453
-1.0393
-1.2414
-1.2468
-1.1403
-1.0265
-0.8197
-0.9359
-0.9403
-0.7743
-0.1796
0.0467
-0.3749
-0.3396
-0.1727
-0.4700
-0.4402
-0.7536
-0.8582
-1.0759
-1.1358
-1.0180
-1.2932
-1.3858
-1.4744
-1.5168
-1.5073
-1.4274
-1.2654
-0.1970
-0.3141
0.4525
0.7003
1.5295
1.2448
1.7334
1.2731
1.9281
1.2189
2.5762
2.2521
3.5613
1.8161
2.1187
2.5569
2.4690
3.1288
2.3700
3.4026
3.7199
5.2738
4.0530
3.7061
6.1639
6.3204
5.2482
5.7766
6.5653
6.2719
6.2889
6.8647
6.5567
7.1194
6.5852
6.4664
6.3597
7.1845
6.9258
6.9742
7.3370
7.5199
7.5946
7.4145
7.3431
7.5661
7.9607
7.9173
8.0407
8.2956
8.5017
9.0642
9.5783
10.3799
11.0911
10.9097
11.6286
10.9755
11.2200
11.1013
10.4140
10.4374
10.6253
10.6033
11.3282
10.9514
10.8500
11.6701
11.4905
11.3681
11.6988
11.4924
12.1443
11.4515
11.6394
11.5583
11.8261
12.0287
12.2339
13.1430
12.9574
13.8649
14.2789
14.6585
15.2738
15.8130
17.0149
17.2063
18.0241
18.4385
19.2167
19.6742
20.1430
20.0515
20.2361
19.9207
19.7402
19.3387
18.6442
18.1080
17.8853
17.3045
16.4908
15.3282
14.6155
13.6545
13.3325
12.3156
11.7695
10.6160
9.4412
8.5089
7.8167
7.3252
7.1096
5.5168
5.0992
4.4984
4.1524
3.7924
3.3501
3.0158
2.5142
2.2355
1.9369
1.8668
1.3138
0.7427
0.9412
0.2715
0.5557
0.0229
-0.1444
-0.0123
0.1785
0.4675
0.3380
0.9415
0.5501
0.5497
0.9887
0.5423
0.5535
0.5974
0.2757
0.1559
0.6498
0.1002
0.1337
-0.0052
0.1665
0.3938
0.2473
0.1693
-0.1568
0.0271
-0.5745
-0.0640
-0.4167
-0.6250
-0.5284
-0.1437
-0.3952
-0.1189
0.0339
-0.1852
-0.0180
-0.3902
-0.1438
-0.2215
-0.1349
-0.4922
-0.1016
-0.7921
-0.3713
-0.5197
-0.5887
-1.1626
-1.6385
-1.1600
-1.3285
-1.2541
-0.9763
-1.6474
-1.6958
-1.5219
-1.5589
-1.3055
-1.8316
-1.6529
-2.0124
-1.9610
-2.1442
-2.3236
-2.1237
-2.4284
-2.2710
-2.2820
-2.1403
-2.2827
-2.1965
-2.2250
-1.9978
-2.2320
-2.2795
-2.0739
-1.9631
-1.3179
-2.1112
-1.5913
-2.1313
-1.9462
-1.8052
-1.7091
-2.0328
-2.1113
-2.2540
-2.2249
-2.4865
-2.7227
-2.7663
-3.0035
-3.0541
-3.2932
-3.1507
-3.3977
-3.4652
-3.4651
-3.1817
-3.2476
-3.2315
-3.1078
-2.9754
-3.0751
-3.0637
-3.0014
-2.7790
-3.0140
-2.8780
-3.1375
-3.1666
-3.1168
-3.2612
-3.4101
-3.6141
-3.6340
-3.5427
-3.1348
-3.5285
-3.5448
-3.5298
-3.2714
-3.3870
-3.2818
-3.3506
-3.6056
-3.7051
-3.5059
-3.7244
-3.7017
-3.2835
-3.7637
-3.7002
-3.3398
-3.1974
-3.1195
-2.7206
-3.0372
-2.6793
-2.9487
-2.9039
-2.8923
-3.0014
-2.7742
-3.0209
-2.7651
-3.5178
-2.9452
-2.4836
-3.0130
-2.9373
-2.7222
-2.8064
-2.4911
-2.5517
-2.7346
-2.4572
-2.0297
-2.2336
-1.8644
-2.1368
-1.9321
-2.4111
-2.6408
-2.2623
-2.7957
-2.1680
-2.6577
-1.9490
-2.2911
-1.7848
-2.1138
-1.9104
-2.2166
-2.3418
-2.4338
-2.5213
-2.9457
-3.0025
-2.5732
-3.2199
-3.1419
-2.9048
-2.6709
-1.9107
-1.7707
-1.3436
-1.3121
-0.8382
-1.0185
-1.2116
-0.0342
-0.7823
-0.4906
-0.4082
0.7385
0.5973
1.9285
1.9502
2.5770
3.7989
3.9689
4.6248
4.8362
5.2998
6.0055
6.4151
5.6199
7.1857
6.5253
6.6000
6.5598
6.9089
6.0233
6.6452
6.1544
6.4210
6.4104
6.9850
6.4300
7.0452
6.4913
6.3498
5.8906
5.9422
6.4958
6.5390
6.4199
6.8676
6.8290
6.7841
6.9416
7.2144
7.3283
7.0073
7.2314
6.8213
7.0255
6.6688
6.6241
7.0312
6.5943
6.8616
6.9634
7.4057
7.6701
7.3228
7.4811
7.0866
7.4350
7.4606
7.9173
7.4522
7.4390
7.4931
7.9236
7.8977
7.8461
7.8890
7.8155
7.8244
8.0707
7.5151
7.3009
7.2695
7.5706
7.1213
7.0673
7.0988
7.0334
6.9996
7.0780
6.8131
7.0677
6.4691
6.2464
5.9855
6.0698
5.7133
5.4256
5.2644
4.5354
4.0404
3.8714
3.1753
3.0404
2.3647
1.9610
1.5738
0.9637
0.5707
-0.0819
-0.4190
-0.9275
-1.2764
-1.2632
-1.7053
-1.8396
-2.1179
-2.4926
-2.3950
-2.6333
-3.0973
-2.5376
-3.1415
-3.3392
-3.0535
-3.2750
-3.1557
-3.0448
-2.9135
-3.2975
-3.2401
-3.5479
-3.4080
-2.7736
-3.3153
-3.2000
-3.4012
-3.1664
-3.1199
-2.8864
-3.1726
-3.1791
-3.0340
-2.5611
-2.5334
-2.6729
-2.7210
-2.5881
-2.4142
-2.6913
-2.5860
-2.3865
-2.3219
-2.2833
-2.2909
-2.0211
-2.4909
-2.5280
-2.1735
-2.1662
-2.1175
-1.6781
-0.6420
-1.8233
-1.3095
-1.4898
-1.1213
-0.8872
-1.1208
-1.0989
-0.9923
-0.7132
-0.8519
-0.8706
-0.3040
-0.2746
-0.0304
-0.1801
0.0340
0.0236
0.2307
0.3025
0.3000
0.6100
0.3891
0.6167
0.4859
0.5465
0.7551
0.5107
0.6603
0.5442
0.6534
0.8623
0.3402
0.5753
0.1358
0.0814
0.3091
0.4248
-0.0313
0.0506
-0.0077
0.1553
0.1678
0.3759
-0.0132
0.5486
0.3034
0.6898
0.6775
0.6111
1.2232
1.0940
0.8723
1.1805
0.8998
0.9310
1.4069
1.0129
1.4763
1.3406
1.8628
1.6579
1.7489
1.9973
1.7591
1.9176
1.6715
1.5203
1.2536
1.3632
0.5634
0.4413
0.2855
-0.0753
-0.3167
-0.5260
-0.6072
-0.6652
-1.0392
-0.9234
-1.2684
-1.1056
-1.3717
-1.2170
-1.0556
-1.0725
-1.2530
-1.2012
-1.1735
-0.8785
-0.7781
-0.7626
-0.8894
-0.8784
-0.6355
-0.5970
-0.1651
-0.1514
-0.2214
-0.1919
0.1901
-0.1388
-0.0772
-0.0510
0.0275
0.2859
0.2927
0.1440
-0.0356
0.4872
-0.1697
0.2090
-0.3620
-0.3212
-0.9044
-1.2922
-1.2761
-1.9228
-2.1442
-1.7889
-1.8677
-2.0907
-2.2917
-2.2301
-2.3032
-2.0506
-2.0594
-1.4447
-1.4212
-1.1245
-1.0043
-0.6877
-1.1502
-0.8556
-1.2350
-0.4400
-0.0837
-0.6980
-0.0787
-0.4519
-0.5021
0.0550
0.1478
0.2528
0.3572
1.2423
1.7406
1.9437
2.5534
2.6142
3.0503
2.8744
2.9458
2.7679
1.9609
1.4757
1.5844
0.8705
0.9071
0.3345
0.3861
-0.2589
0.1355
-0.3152
-0.1953
0.0572
-0.0471
-0.1330
-0.6232
-0.0828
-0.6801
-0.1255
-0.4990
-0.4441
-0.5109
-0.4417
-0.5794
-0.7512
-0.5348
-0.6394
-0.8708
-1.0165
-1.2031
-1.4198
-1.6383
-1.9671
-1.9670
-2.4811
-2.5893
-2.6026
-2.7989
-2.9954
-3.0071
-3.0359
-2.9314
-3.1417
-3.0730
-3.3725
-3.2547
-3.5783
-3.5641
-3.3617
-3.4884
-2.9220
-3.2630
-2.8461
-2.8621
-2.7358
-3.0507
-3.0027
-2.7087
-2.2919
-2.0536
-2.2741
-2.0825
-2.0646
-2.2854
-2.4578
-2.3235
-2.1823
-1.9579
-1.5363
-0.9926
-0.2751
-0.4029
-0.4819
-0.4803
-0.2832
0.3590
0.7090
0.4991
0.6232
0.9781
0.9019
1.5212
1.7989
1.6046
1.9735
2.2594
2.2109
2.9081
3.1214
3.4148
3.0911
3.1287
3.2179
3.7066
3.7693
3.8119
4.1612
4.3537
4.6426
4.8630
4.8953
4.9432
4.8509
4.8610
4.7541
4.9408
4.5809
4.5178
4.5049
4.2347
3.9746
4.2424
3.9261
3.9040
3.8610
3.7830
3.7050
3.5624
3.5577
3.5227
3.2667
3.8144
3.0821
2.8644
2.2430
1.8700
1.4771
0.9961
0.6850
0.2608
-0.1641
-0.9142
-1.4853
-1.7671
-2.0783
-2.2904
-2.0810
-2.0618
-2.0101
-1.8807
-2.1124
-2.1438
-2.7014
-2.6980
-2.9524
-3.1980
-3.2407
-3.3160
-3.4319
-3.5335
-3.5669
-3.3201
-3.5545
-3.5261
-3.6064
-3.6189
-3.6199
-3.5807
-3.5920
-3.4994
-3.4251
-3.6275
-3.8145
-3.6758
-3.5722
-3.8770
-3.8057
-4.1714
-4.1960
-4.2772
-4.4649
-4.6509
-4.4858
-4.5649
-4.7624
-4.7046
-4.4937
-4.3825
-4.5983
-4.5801
-4.6601
-4.7927
-4.8356
-4.9642
-4.9896
-5.0393
-5.1099
-5.0253
-5.1329
-5.0851
-4.9648
-5.1614
-5.1648
-5.1793
-5.1689
-5.1215
-5.1874
-5.1659
-5.2747
-5.2962
-5.3656
-5.4476
-5.5641
-5.4594
-5.7857
-5.8583
-5.9803
-6.0884
-6.2701
-6.4755
-6.6931
-6.8951
-6.9627
-7.1216
-7.1404
-7.2624
-7.2680
-7.2645
-7.2579
-7.0584
-7.2790
-7.3138
-7.2680
-7.3572
-7.3421
-7.4773
-7.3922
-7.4973
-7.4584
-7.4450
-7.6840
-7.7173
-7.7148
-7.6513
-7.6273
-7.5588
-7.4828
-7.1923
-7.0657
-7.0036
-6.6444
-5.6787
-5.6649
-5.2282
-4.9935
-4.4086
-4.1564
-4.5282
-4.2744
-4.5219
-4.4664
-4.1453
-3.9447
-3.5236
-2.9791
-2.0354
-0.6154
0.3767
0.9817
2.3370
3.7269
3.6634
4.3250
4.3077
4.8855
5.4505
6.4608
6.4531
7.5581
10.3617
9.6971
9.5399
11.2623
12.1589
12.2263
12.3216
13.1418
12.9131
13.0421
13.3384
13.3431
12.7754
12.7863
12.8158
11.9686
12.1682
11.0285
11.6186
10.9584
9.5798
9.2577
8.6582
8.4508
7.8299
7.7962
7.8595
7.7027
7.7637
7.7176
7.7257
7.9619
8.2726
8.5717
8.9628
9.6406
10.2732
10.2546
10.0648
10.0408
9.7049
9.4801
8.5388
7.8569
6.7148
5.9976
4.9546
4.2806
3.7622
4.0782
3.5092
3.5579
2.8117
3.8160
3.6634
4.3895
4.5792
4.4276
4.7153
4.6515
4.3745
4.4894
4.0013
3.5407
3.2978
2.7272
2.5829
2.4953
2.9639
2.6856
2.6053
2.8941
3.1457
3.4703
3.0512
3.4518
3.2918
3.2654
3.4171
3.4052
3.7866
3.7847
4.3515
4.0413
3.7608
3.7924
3.6650
3.7843
3.4001
3.7949
3.6684
3.9698
3.7798
4.1516
4.7293
5.2194
5.5425
5.0529
5.7550
5.8660
6.2235
6.0019
5.7429
5.3172
4.8222
4.4356
4.6711
4.5818
4.1810
4.0716
4.4534
4.5328
4.1139
4.1362
3.9996
3.8798
3.9431
3.8053
3.4861
3.7893
3.2613
3.0961
3.0531
2.7264
2.4954
2.3249
2.6058
2.6539
2.2974
2.4336
1.7899
1.8066
1.7905
1.9414
1.2962
1.3904
1.2247
1.0655
1.2091
1.2247
1.1064
1.2255
1.0534
1.1212
0.9497
1.0272
0.8103
0.8426
1.0619
1.1879
0.9600
0.8650
0.9291
0.6581
0.6635
0.9066
0.8889
1.1028
1.0717
1.5707
1.5435
1.8284
2.2528
2.4052
2.6142
2.4570
2.6296
2.6952
2.7893
2.9635
2.7577
2.8021
2.7668
2.8865
2.6578
2.8481
2.1814
1.9509
1.8425
1.3186
1.1457
0.8341
0.6911
0.5946
0.7236
0.5746
0.5382
1.0621
0.6582
0.9737
0.4679
0.4534
0.4216
0.5632
0.2259
0.0971
0.0384
-0.2320
-0.1597
-0.6142
-0.9472
-1.2015
-1.2170
-1.4120
-1.4856
-1.6219
-1.3990
-1.7031
-1.7907
-1.9471
-1.7675
-1.4437
-2.0194
-1.7223
-1.9638
-1.6213
-2.3938
-1.7898
-1.6714
-1.7612
-1.4872
-1.1938
-2.0494
-1.3306
-2.1583
-1.9443
-2.1808
-1.6382
-1.4913
-1.8542
-2.4473
-2.5267
-2.4454
-2.4866
-2.5450
-2.4675
-2.1065
-2.3894
-2.4381
-2.3962
-2.8799
-2.4273
-2.8731
-2.7975
-2.5819
-2.7142
-2.3865
-3.0337
-3.2454
-2.8503
-3.1982
-3.2140
-3.6663
-3.3535
-3.1826
-3.6408
-3.1352
-3.4458
-3.3927
-3.3495
-3.5717
-3.2094
-3.6156
-3.4531
-3.7030
-3.3577
-3.6547
-3.8322
-3.6973
-3.4855
-3.5048
-3.4659
-3.4985
-3.5098
-3.4868
-3.7332
-3.3644
-3.8860
-4.1690
-4.1751
-4.1913
-4.2642
-4.2516
-4.2780
-4.8132
-4.4140
-4.4933
-4.2599
-3.7714
-4.5609
-4.4747
-4.8084
-4.7884
-4.5786
-4.6841
-4.7348
-4.5175
-3.9423
-4.0513
-4.7353
-4.0063
-4.8761
-4.7559
-3.9543
-4.4457
-3.8547
-3.9448
-3.2868
-3.4409
-3.6802
-3.5054
-3.4752
-4.2178
-4.0241
-4.4068
-4.2828
-4.2885
-4.0345
-4.1049
-4.1798
-4.4079
-4.4643
-4.2844
-4.2486
-4.6427
-4.8095
-4.7716
-4.7643
-5.2632
-5.2904
-5.2290
-4.7231
-4.6847
-4.5313
-4.4552
-4.3974
-4.8977
-4.1931
-4.5604
-4.3233
-4.4403
-4.3722
-4.4074
-4.2773
-4.2628
-4.0900
-4.0310
-4.2210
-3.8769
-3.3033
-2.0583
-1.6056
-1.7889
-0.9187
-1.2772
-0.0625
0.2705
1.1115
0.7206
0.1191
-0.0035
-0.0324
0.1126
-0.1722
-0.7635
-0.4015
-1.3392
-1.4950
-1.8062
-1.6479
-0.1417
-1.3574
-1.4802
-1.0727
-0.5336
-0.2781
-0.3889
0.1181
0.4551
0.2616
-0.0949
0.5589
0.4688
0.0641
0.3157
0.8445
0.7740
0.6880
0.4675
0.9136
0.9082
1.7525
1.3805
1.4962
1.8111
1.8940
1.6854
2.4703
2.4157
2.5738
2.9802
3.0045
3.1113
3.1122
3.5928
3.7205
3.6099
3.2639
3.3609
4.1292
4.1657
4.8170
4.5958
4.7847
5.4506
5.0367
4.9475
4.0883
3.4474
3.0700
2.7307
2.9321
2.0842
2.1750
2.9234
2.5592
2.8666
2.6755
2.5830
2.4726
2.3266
2.1448
2.0554
1.7489
1.0442
0.4268
-0.0102
-0.5564
-0.9186
-1.7934
-1.7807
-2.7133
-3.1597
-3.6200
-3.8027
-4.1131
-4.1784
-4.0615
-4.2013
-4.2005
-4.3900
-4.5337
-3.8591
-4.3846
-4.5318
-4.8484
-4.9206
-4.1681
-3.9793
-3.8160
-3.5840
-2.6274
-2.5615
-1.8886
-0.8552
-0.4646
0.6711
1.3011
1.6703
2.4782
3.4835
3.5370
4.4622
5.2141
5.8763
5.7994
6.0495
6.6779
7.2334
7.0101
7.1044
6.5418
6.4588
5.4577
5.4883
4.0875
3.1688
2.5724
1.9227
1.2741
0.9117
0.7374
0.6078
0.5953
0.2562
0.2682
0.4198
-0.0198
-0.1417
-0.1824
-0.1492
0.1261
0.0325
0.2088
0.3757
0.6330
0.6049
0.2169
0.3601
-0.0176
-0.0841
0.0905
-0.1805
0.1749
-0.0974
-0.1917
-0.2071
-0.0849
-0.3402
-0.3402
-0.2657
-0.5551
-0.5383
-0.4877
-0.5903
-0.6814
-0.5565
-0.8032
-0.6904
-0.4479
-0.3997
-0.3570
-0.5481
-0.3327
-0.6044
-0.6274
-0.7484
-0.6100
-0.8910
-0.9058
-1.0220
-0.8323
-1.0949
-1.1186
-0.8329
-0.6230
-0.4327
-0.0234
-0.2265
0.9793
1.0613
2.3914
1.9853
2.5933
2.5648
3.2739
4.5977
5.0898
5.3477
6.7523
5.4355
7.0341
5.8804
7.7364
6.2657
7.4115
6.7743
6.5482
6.5872
6.4037
6.4958
6.5974
6.2928
7.0440
6.5805
7.1234
6.9985
7.0179
6.8995
6.9665
7.6196
7.5389
7.7867
8.0179
8.2882
8.5017
8.9007
8.7489
8.7525
9.1908
8.7582
8.5983
8.3353
8.1248
8.1468
7.5281
7.4226
6.9682
6.7832
6.5277
6.4756
6.3614
6.4326
6.3708
6.6310
6.5117
6.7988
6.6400
6.2472
5.9141
5.7404
5.8682
5.5415
4.8148
4.5357
4.1914
4.2150
3.4320
3.0810
3.2070
2.8096
2.4313
2.0526
2.0007
1.8858
2.0014
2.1814
1.7867
2.1953
1.8911
1.8906
1.9783
2.0244
2.0748
1.5846
1.6316
1.5532
1.5573
1.6002
1.7332
1.6646
1.9793
2.0084
2.0672
2.2595
1.8985
1.7481
1.6622
1.7238
1.1595
0.5281
0.5921
1.2580
1.2562
0.7017
1.0345
0.4544
0.0335
-0.9236
-1.9468
-2.6951
-3.2791
-3.8663
-4.3780
-4.6741
-5.3386
-5.7475
-6.1752
-6.5246
-6.8035
-6.9469
-7.1218
-7.2359
-7.4010
-7.4733
-7.2612
-7.4551
-7.3777
-7.4004
-7.3516
-7.3496
-7.4238
-7.5002
-7.6696
-7.7582
-7.8220
-7.8624
-7.8880
-7.8991
-7.8507
-7.8098
-7.7428
-7.5024
-7.8168
-7.9134
-8.0916
-8.1697
-8.2168
-8.2569
-8.2937
-8.1281
-8.3529
-8.3945
-8.3445
-8.4027
-8.4142
-8.5134
-8.6366
-8.7149
-8.8386
-8.9069
-8.9715
-9.0121
-9.0552
-9.0755
-9.0985
-9.1059
-9.1242
-9.1321
-9.1919
-9.2286
-9.3325
-9.3754
-9.4333
-9.1666
-9.4277
-9.4141
-9.5333
-9.5821
-9.6347
-9.6961
-9.7497
-9.8054
-9.8108
-9.8419
-9.6040
-9.8507
-9.8267
-9.8758
-9.8672
-9.9100
-9.8468
-9.9348
-9.9268
-10.0474
-10.0739
-10.0940
-10.0989
-10.1027
-10.0952
-10.0979
-10.0909
-10.0924
-10.0787
-10.0568
-10.0218
-9.9396
-9.8916
-9.8060
-9.7335
-9.7673
-9.7489
-9.8267
-9.7909
-9.7069
-9.6344
-9.4399
-9.4517
-9.3584
-9.4274
-8.9801
-9.3388
-9.2684
-9.2327
-9.1687
-9.1308
-9.0455
-8.9304
-8.7805
-8.5935
-8.4126
-8.1975
-7.9329
-7.7643
-7.5653
-7.5297
-7.4737
-7.5142
-7.5768
-7.6864
-7.7876
-7.8927
-7.9494
-8.0339
-8.0336
-7.9234
-8.1130
-8.0930
-8.1100
-7.8894
-8.1423
-8.1198
-8.0511
-7.9567
-7.8202
-7.6430
-7.4259
-7.1631
-6.8814
-6.5781
-6.2935
-6.0208
-5.7821
-5.4992
-5.3451
-5.0067
-5.1980
-5.2593
-5.3126
-5.4195
-5.4935
-5.5349
-5.5813
-5.3797
-5.5766
-5.4708
-5.3598
-5.1309
-4.9539
-4.6041
-4.4024
-4.0466
-3.8030
-3.4402
-3.1325
-2.6497
-2.7017
-2.5995
-2.4879
-2.4341
-2.2334
-2.4374
-2.6221
-2.6948
-2.5981
-2.8987
-2.7890
-2.9205
-3.3280
-3.1099
-3.1512
-3.5453
-3.1835
-3.6008
-2.8999
-2.8063
-2.7601
-2.1415
-2.0820
-1.6086
-1.6427
-1.3620
-0.9504
-0.9948
-0.8857
-0.9319
-0.7656
-1.2196
-1.4106
-1.6367
-1.4180
-1.6822
-1.3806
-0.8877
-1.0467
-0.6503
-0.3691
-0.1120
0.4521
0.3032
0.7447
1.2334
2.2515
2.4877
3.5929
3.6701
3.9260
4.1246
4.0779
3.9320
4.4050
4.4604
4.2751
4.0963
4.6427
3.6189
4.9741
4.7054
4.5458
4.6766
5.4489
5.1819
5.2430
6.6422
6.2777
6.5306
8.2034
8.5570
9.8265
8.8165
10.0360
10.1690
9.9512
10.2096
11.1548
10.8726
11.7000
13.6890
14.0631
16.1393
17.3909
18.4907
20.1258
19.6581
21.4865
20.3875
19.7480
18.8979
18.7933
19.3026
18.6025
18.6020
18.6353
19.0742
19.7595
21.0885
21.6504
22.7979
23.0433
23.4785
22.4575
22.0290
21.1139
19.7605
19.0365
17.8596
16.7336
15.4101
15.1501
14.1210
13.9411
13.1852
12.9321
11.9055
11.6544
10.9341
11.2098
10.4942
10.2755
10.3457
10.4089
9.5691
10.0739
10.6403
11.2820
11.2628
12.2210
11.5718
11.7324
11.1330
11.3248
11.5580
12.3465
12.0797
11.5982
12.2391
10.9130
10.0527
9.1846
8.0797
7.2266
5.9673
5.2386
4.2695
3.6119
2.3384
1.6517
0.8727
0.4110
0.1922
-0.3894
-1.0904
-1.7086
-2.2603
-2.3510
-3.2411
-3.5751
-4.5557
-4.7974
-5.3161
-5.4292
-5.4773
-5.7223
-5.6921
-5.9918
-6.1370
-6.2308
-6.4783
-6.6263
-6.9122
-6.8326
-7.1560
-7.2484
-7.4258
-7.5905
-7.7782
-7.9346
-7.9983
-7.9332
-8.2341
-8.3851
-8.5003
-8.6536
-8.7691
-8.9173
-8.8950
-8.8833
-8.7533
-8.4532
-8.5753
-8.4812
-8.4141
-8.2930
-8.1644
-8.1096
-8.1110
-8.0813
-8.0252
-8.3265
-8.5973
-8.7930
-9.0490
-9.2715
-9.5936
-9.7811
-10.1202
-10.1064
-10.5845
-10.7087
-10.7971
-10.7989
-10.7503
-10.4337
-10.4228
-10.2117
-9.9331
-9.5536
-9.4706
-9.1783
-9.2880
-9.0925
-8.6515
-8.7578
-8.3383
-8.4106
-7.7437
-7.7150
-7.9334
-7.6041
-7.5176
-6.9408
-7.2072
-6.6303
-7.0764
-6.7581
-6.8675
-6.7424
-6.7755
-6.7460
-6.6540
-6.5536
-5.8346
-6.0792
-5.5015
-5.2720
-4.5588
-4.6810
-4.4793
-4.3920
-4.4603
-4.4640
-4.5056
-4.2749
-4.6860
-4.6016
-4.7961
-5.1449
-5.0822
-5.1936
-4.9386
-5.6666
-6.0499
-6.0113
-6.1892
-6.1189
-6.1510
-5.9732
-5.5753
-5.9737
-5.8230
-5.6495
-5.3725
-5.5117
-5.4672
-5.0693
-5.2230
-5.4915
-5.5506
-5.4932
-4.9783
-5.9276
-5.5864
-6.0386
-6.1238
-6.3121
-5.6317
-5.9778
-5.6132
-5.0356
-5.1961
-5.2423
-4.4214
-5.0549
-4.7476
-4.4123
-4.4902
-4.2187
-4.0711
-3.8162
-3.5088
-3.4648
-3.5664
-3.7030
-3.7218
-3.5056
-3.6421
-3.4829
-3.6790
-3.8213
-3.4879
-3.7010
-3.5580
-3.4421
-3.4429
-3.6979
-3.6957
-3.6172
-3.9759
-3.7843
-4.3410
-4.2784
-4.3478
-4.2291
-3.7929
-3.9984
-3.8793
-3.6812
-3.5783
-3.4511
-3.2633
-3.2684
-2.7051
-3.0998
-2.9553
-2.8849
-2.4916
-2.4559
-2.4657
-2.2837
-2.2653
-2.2474
-2.0716
-2.0441
-1.6643
-1.8506
-1.7464
-1.6640
-1.4832
-1.1375
-0.6370
-1.0602
-0.8941
-0.5580
-0.7845
-0.7372
-0.4609
-0.3831
0.5605
0.4687
1.1287
1.6566
1.7276
2.1762
2.9643
2.2678
2.5370
2.8053
2.8394
2.6494
2.8376
2.4786
2.7544
2.8293
2.7925
2.3456
2.3513
1.9782
1.5786
1.3097
0.9054
0.9268
0.4820
0.8575
0.2475
-0.0743
-0.3102
-0.3947
-0.5010
-0.6476
-0.7879
-0.7299
-0.4913
-0.4353
-1.1111
-0.4448
-0.0627
0.0023
-0.4933
-0.4058
-0.4805
-0.6369
-0.6858
-0.1880
-0.5757
0.4382
-0.6139
0.4995
1.7325
1.0145
0.8564
1.0338
1.0459
1.5575
1.0982
1.3959
1.3927
2.0767
3.1354
2.7905
2.4238
2.7113
2.1081
1.3514
1.1878
1.0362
0.9007
1.0496
1.0808
1.0100
1.3480
0.9690
1.4990
0.9345
1.6425
1.8183
1.0746
2.2210
2.2528
3.2636
2.3390
4.3247
4.1762
4.9368
4.8887
4.7181
5.7197
5.3194
6.2574
5.4466
5.6823
6.5631
6.3241
5.9696
5.8738
6.0340
5.9069
5.6731
5.8739
5.7151
5.6541
5.9078
5.7918
5.9013
5.7058
5.9848
5.9808
6.1436
6.1024
6.1063
5.9700
5.8693
6.7038
6.4216
6.1710
6.0720
6.5590
6.5352
6.4268
6.6987
6.5417
6.2598
6.2263
6.0262
6.2788
6.5560
6.0113
6.4420
6.3753
6.4292
6.4011
6.4353
6.4781
6.7816
6.3691
6.7924
6.3223
6.8976
6.8132
7.3768
7.1499
7.4455
7.8647
8.0102
8.4085
8.9952
8.6587
8.7453
8.8175
8.9692
8.6916
8.6137
8.4823
8.6004
8.1530
7.9469
7.8252
7.4079
7.3175
6.8463
6.2669
6.1831
5.7446
5.7181
4.9079
4.6039
4.1318
4.1145
3.6583
3.6854
3.4939
3.3117
3.3899
3.8783
3.3464
3.3645
3.3465
3.4015
4.3528
4.0721
3.5271
4.0347
3.7316
4.2254
4.0701
3.8105
3.8780
3.7122
3.5711
4.1354
3.5428
3.7791
4.1010
4.1867
4.1293
4.0773
3.9922
3.9163
3.2024
3.1389
3.8806
4.1994
4.7729
4.4850
4.4158
4.3063
3.7283
3.3633
3.6252
3.1081
3.0998
4.1067
3.7320
3.3624
3.1496
3.6309
3.2378
3.0139
2.5703
2.6753
1.6273
1.4230
1.3587
0.9496
0.9314
0.7902
0.4610
0.2696
0.0933
0.0125
0.1620
0.0698
0.0998
-0.1303
0.2011
-0.2272
-0.0902
-0.3551
-0.2461
-0.2946
-0.2320
-0.3619
0.0357
-0.4304
-0.1107
-0.1277
-0.3211
-0.3802
-0.6899
-0.6716
-0.7730
-1.1504
-0.8876
-0.1919
-0.2558
-0.6796
-0.6718
-0.3801
0.1397
-0.4841
-0.1052
-0.3238
0.5281
-0.1280
0.1528
0.8946
0.3586
0.7834
0.1797
0.1385
-0.1728
0.1443
-0.2236
-0.2434
-0.3587
-0.6482
-0.5934
-0.7819
-1.1001
-1.3100
-1.5722
-1.7272
-1.8096
-2.0139
-2.5976
-2.6891
-2.8141
-3.2830
-3.2453
-3.2955
-3.6215
-3.2807
-3.8436
-4.1298
-4.0797
-4.1829
-4.1854
-4.0709
-4.3118
-4.1837
-4.2558
-4.1772
-4.2537
-4.1857
-3.8795
-4.0424
-4.0539
-4.0462
-4.2395
-4.3481
-4.6117
-4.6164
-5.0128
-5.2642
-5.4695
-5.4802
-5.7051
-5.3903
-5.5359
-5.2460
-5.5381
-4.9172
-5.0809
-5.3432
-4.7567
-5.0168
-4.5439
-4.0041
-3.5266
-3.4502
-3.1749
-2.7758
-2.4673
-2.2540
-1.9484
-1.8078
-1.8513
-1.8696
-1.6693
-1.6634
-1.3619
-1.7735
-1.8385
-2.0719
-2.3293
-2.6462
-2.9663
-3.2290
-3.3953
-3.3855
-3.7198
-3.7370
-4.1247
-4.2718
-4.5249
-4.6885
-4.9929
-5.1857
-5.2885
-5.4940
-5.5730
-5.5857
-5.8431
-5.8764
-5.8599
-5.6213
-5.7761
-5.6866
-5.6864
-5.6670
-5.6769
-5.6184
-5.2676
-5.3321
-4.8268
-4.8995
-4.0405
-3.5179
-3.3333
-3.3818
-3.1631
-2.9640
-3.1437
-3.3876
-3.2532
-3.5461
-3.7342
-3.5383
-3.4811
-3.7831
-3.6784
-3.8400
-3.7663
-3.9416
-3.7501
-3.5111
-3.8207
-3.7190
-3.2521
-3.9349
-3.6685
-3.4654
-3.4345
-3.5726
-3.2056
-3.3256
-3.2070
-2.9711
-3.5598
-3.1076
-3.1358
-3.2230
-2.2943
-3.0089
-3.2800
-2.8205
-3.3612
-2.5628
-2.6312
-2.5744
-2.4336
-2.1568
-2.6598
-2.7282
-2.5398
-2.3344
-1.9987
-2.2877
-2.0596
-2.6521
-1.7526
-2.6016
-2.5499
-2.4565
-2.3744
-2.5317
-2.4840
-2.6974
-2.4066
-2.3598
-2.2295
-1.8743
-1.7595
-1.8458
-1.5890
-1.4764
-1.2709
-0.7230
-0.5424
-0.2393
-0.1854
0.0026
0.3524
0.4089
0.9420
0.9770
1.4121
2.0344
2.2047
2.5993
2.9643
3.8802
4.1789
4.3747
4.9652
4.9194
5.3154
5.2110
5.1499
5.2528
4.8689
4.8809
4.4849
3.8796
3.5480
3.0794
3.2422
2.6622
2.7589
2.6460
2.3559
2.6753
2.6437
2.6152
2.2654
2.2220
2.0971
1.9331
1.3436
0.7717
0.7296
0.0214
-0.1639
0.0530
-0.2136
-0.9313
-1.2759
-1.7165
-2.0632
-1.7091
-2.0543
-2.6215
-2.7151
-2.4939
-3.1208
-3.4695
-3.9139
-3.8510
-4.1282
-4.1914
-4.7077
-4.8132
-5.0744
-5.4869
-5.7443
-5.7610
-5.6949
-6.1889
-6.2206
-6.1790
-6.2416
-5.2391
-5.9441
-5.3747
-5.7786
-5.2691
-5.0566
-4.7021
-4.7738
-5.0572
-4.8122
-4.4636
-3.9925
-3.8656
-3.8613
-3.6721
-3.0166
-2.6976
-2.0738
-2.4000
-2.3215
-2.1591
-1.8064
-1.6333
-0.5061
-0.9226
-0.6065
-0.6791
-0.6944
-0.4545
-0.1613
-0.1376
-0.2835
-0.3047
-0.3298
-0.2877
-0.4187
-0.1068
-0.2063
-0.3220
-0.3822
-0.2176
-0.5226
-0.5627
-0.6827
-0.5627
-0.9753
-0.8467
-1.4138
-1.5846
-1.6551
-1.7523
-1.7426
-1.6290
-2.0133
-2.1176
-2.2265
-2.3114
-2.4572
-2.3289
-2.1113
-2.3189
-2.4141
-2.4283
-2.5288
-2.5033
-2.7038
-2.4456
-2.6338
-2.5981
-2.4068
-2.6507
-2.6063
-2.3375
-2.4461
-2.3599
-2.0784
-1.9324
-2.0381
-1.9205
-1.8863
-1.7250
-1.3812
-1.2508
-1.4836
-1.2883
-1.4929
-1.1571
-0.8908
-0.9678
-0.7068
-0.8434
-0.3386
0.4994
0.0037
0.3508
0.8683
0.6395
0.9189
1.3879
2.3496
2.0262
2.0204
1.9228
2.0644
2.3055
2.0073
2.2023
2.3780
2.3360
2.7415
2.4940
2.8353
2.8231
2.9489
2.8090
3.1238
2.8507
2.9767
3.2005
3.0666
3.0905
3.0677
3.0231
3.3694
3.4468
3.7060
3.6721
3.8800
4.2059
4.2486
4.1228
4.2222
4.7158
4.7357
4.6674
4.9528
4.7439
4.5429
4.5676
4.4123
4.5461
4.3444
3.8074
3.6418
3.1854
2.8976
3.0131
2.4235
2.4528
1.8022
1.7143
1.3492
1.3061
1.0790
0.7510
0.6917
0.5351
0.9046
0.4367
0.3422
0.1020
-0.1096
0.0089
0.9746
0.5953
0.2000
0.0356
0.4142
0.1968
-0.0022
-0.0009
-0.3342
-0.2735
-0.5479
-0.4011
-0.2956
-0.5556
-0.4012
-0.4089
-0.7040
-0.7724
-0.9293
-0.9562
-0.8952
-1.2281
-0.0736
-1.4557
-1.1302
-1.2345
-0.2304
-0.8440
-0.7856
-1.1480
-0.8661
-1.2518
-1.0736
-1.3819
-1.0890
-1.5696
-1.2124
-1.6235
-1.3867
-1.8233
-2.2052
-1.6583
-2.4005
-2.1542
-2.1537
-2.4154
-2.0457
-2.4874
-2.4658
-2.6249
-2.6183
-2.5670
-2.3258
-2.4383
-2.4348
-2.2004
-2.3622
-2.1818
-2.1113
-2.2660
-2.0781
-2.1412
-2.2740
-2.0212
-2.1427
-1.7582
-1.8806
-1.7761
-1.5602
-1.2085
-1.0388
-0.6509
-0.7982
-1.2092
-0.9004
-0.4231
-0.1596
-0.1079
0.5606
0.7619
0.7372
1.0916
0.8701
0.8551
0.0623
-0.0786
0.3407
-0.3071
-0.0323
-0.3187
-0.0468
-0.1197
0.0668
0.3399
0.6353
0.7237
0.8338
0.9199
0.8430
2.0227
1.3787
2.1025
2.0003
2.4546
2.6891
3.2020
3.5224
3.3846
3.3960
3.5351
4.0190
4.0066
3.4458
3.0606
2.8068
2.7725
2.6062
2.0987
2.1599
1.9134
1.6769
1.6938
1.4458
1.8959
1.7428
1.8092
1.8594
1.8903
1.5043
1.6528
1.5744
1.4588
1.8249
1.5290
2.5559
1.7505
3.1291
2.7292
3.0953
3.2544
3.2918
2.9178
2.9452
2.0875
1.8846
1.5995
1.3231
1.1798
1.3615
1.2673
0.7366
0.7251
0.3977
-0.0635
-0.4071
-0.7165
-0.8405
-0.9150
-1.5052
-1.5184
-1.6075
-1.5047
-1.1398
-1.3081
-0.9628
-1.1488
-0.7875
-0.6184
-0.3661
-0.0784
-0.0616
0.0502
-0.1541
-0.2324
-0.5489
-0.9746
-1.4380
-2.0670
-2.4745
-3.2954
-3.6488
-4.3141
-4.8282
-5.7145
-6.1927
-6.5189
-6.9429
-7.1915
-7.6147
-7.9185
-7.8505
-8.3665
-8.5008
-8.7041
-8.9112
-9.0439
-9.3208
-9.2937
-9.6285
-9.7146
-9.7337
-9.4872
-9.6854
-9.6535
-9.6477
-9.4062
-9.2355
-9.3874
-9.0860
-9.0768
-9.2173
-9.1022
-8.9546
-8.7532
-8.3520
-8.3568
-8.2139
-8.0954
-7.9837
-7.9268
-7.8751
-7.8923
-7.8908
-7.8061
-7.8004
-7.6950
-7.6959
-7.5544
-7.5574
-7.5046
-7.5773
-7.3186
-7.4650
-7.3427
-7.2550
-6.9089
-6.9751
-6.8624
-6.7277
-6.7575
-6.6998
-6.5211
-6.5273
-6.3613
-6.2015
-5.9867
-5.8515
-5.8177
-5.5480
-5.5656
-5.3635
-4.4362
-4.7333
-4.1888
-4.4344
-4.4550
-3.9250
-4.1472
-3.8813
-3.6573
-3.4392
-3.2346
-2.9270
-2.5764
-2.8364
-2.4141
-2.1690
-1.7796
-0.7837
-0.6180
-0.4578
1.6534
0.7664
2.1133
3.1357
2.6409
2.8943
3.6698
4.1922
4.6611
5.8791
7.8551
10.2489
9.2967
10.5607
10.9177
12.4592
12.9852
12.9521
12.6389
13.3148
12.7461
13.5428
13.0180
13.3773
13.9160
13.5552
13.1752
14.0874
13.6541
14.5194
14.1399
15.3306
15.4740
15.2206
16.2452
16.5805
17.4222
17.6069
16.7832
16.9196
17.0452
17.3995
17.4026
18.2150
17.4894
18.3361
17.3501
17.3850
16.8958
15.6667
14.3137
13.5740
12.1954
11.7214
10.4900
9.5050
8.2157
7.5294
6.9807
6.6778
5.9747
5.6296
5.7340
5.4088
5.2323
4.9175
4.9942
4.3551
3.8469
3.5172
3.5307
3.8424
3.5372
4.0220
3.9127
4.2391
4.4149
5.2067
5.3680
5.7694
6.1287
6.1949
6.0545
6.0172
6.3612
6.0281
5.7667
5.9618
6.9965
6.0693
6.2318
6.3695
6.3765
5.7391
5.5310
6.7715
6.5575
6.5813
6.0319
5.2806
5.1159
4.8905
5.2152
5.1816
4.7981
4.9695
4.3106
4.2760
4.1830
3.5265
3.5261
2.9124
2.6406
2.3441
2.2552
2.0229
2.1843
1.7349
1.7047
1.8631
1.9084
2.0507
2.1485
2.2908
2.1864
2.4859
2.5313
2.9298
2.2469
2.0049
1.3134
1.0228
0.2386
0.3301
-0.4392
-0.6661
-0.8898
-0.9334
-0.7102
-0.9629
-0.9266
-0.8312
-1.1257
-1.2895
-1.4470
-1.4747
-1.4790
-1.1788
-1.7123
-2.0026
-2.0441
-2.0777
-1.6329
-1.7505
-1.8834
-2.1983
-2.2761
-2.6537
-2.7591
-2.6357
-2.6858
-3.1596
-2.6451
-3.0151
-3.0121
-3.6347
-3.6998
-4.6209
-4.8357
-4.8558
-5.2763
-5.4287
-5.7082
-5.6422
-5.9974
-5.8727
-6.1812
-6.3044
-6.1001
-6.4214
-6.2511
-5.7341
-5.8585
-5.5125
-6.0986
-5.6884
-5.2586
-5.0717
-4.8900
-5.1302
-4.6222
-4.7692
-4.6995
-4.5495
-4.4067
-4.4081
-4.7507
-4.5404
-4.8910
-4.8423
-4.9073
-4.6103
-4.2709
-4.4908
-4.5234
-4.3177
-3.9539
-3.5051
-3.5498
-3.4797
-2.6116
-2.4268
-2.3465
-2.4920
-2.2105
-2.4844
-2.1691
-2.5613
-2.4903
-2.5422
-2.4329
-2.6154
-2.8523
-3.0892
-3.1543
-2.9460
-3.0551
-2.5536
-2.7217
-2.6253
-2.7279
-2.7192
-2.6302
-2.7640
-2.9019
-3.1802
-3.4852
-3.7156
-3.8046
-3.6398
-4.0153
-4.0529
-4.4810
-4.6476
-4.8914
-4.5582
-4.8995
-4.8135
-4.2707
-4.8400
-4.9534
-5.0374
-5.1945
-5.2909
-5.1277
-5.5682
-5.6932
-5.7944
-5.6927
-5.6952
-6.0835
-6.1157
-6.1501
-5.7722
-5.8318
-6.1400
-5.7998
-5.8035
-5.7819
-5.3402
-5.3628
-5.3039
-4.7403
-4.5176
-4.6942
-4.3227
-4.2695
-3.9079
-3.9201
-3.7429
-3.2444
-3.5783
-3.5866
-3.6989
-3.5927
-3.7845
-3.6103
-3.5929
-3.0291
-3.4366
-3.3963
-3.4178
-3.2840
-3.4267
-3.2270
-3.4341
-3.1076
-3.4625
-3.4110
-3.1371
-3.0649
-2.6477
-2.4434
-1.8565
-2.1866
-1.5704
-1.6232
-0.7107
0.0539
-0.4639
-0.8250
-0.3993
-0.9980
-0.3104
-0.5917
-0.1203
-0.0996
0.2947
0.3211
0.6346
0.1674
0.5924
0.4230
0.7988
1.0475
1.3623
1.6033
1.7336
2.6763
1.8421
2.5263
3.4533
3.3836
4.4938
3.6069
3.8151
3.8586
4.0409
3.9147
3.8421
4.0011
3.5899
3.4274
3.5725
3.1387
3.6810
3.4894
3.4612
3.4982
3.5778
3.1922
3.2430
3.2174
2.9618
2.7084
2.6493
3.0309
2.7592
2.8589
2.6417
2.6788
2.7069
2.7787
2.5759
2.7005
2.5010
2.4477
2.6126
2.3569
2.5722
2.2573
2.2539
2.1618
2.0900
2.0367
2.1641
2.0070
1.9182
1.8625
1.6676
1.4512
1.3114
1.2308
0.8967
0.9671
0.5562
0.4515
0.2193
0.1180
-0.0011
-0.0074
0.1225
-0.0862
-0.1404
0.0447
-0.0987
-0.0844
-0.0498
-0.0832
-0.0695
-0.1865
-0.0553
-0.4187
-0.5825
-0.6452
-0.8386
-0.9163
-1.0978
-1.1723
-1.0035
-1.2560
-1.3316
-1.2252
-1.4383
-1.5084
-1.5070
-1.5865
-1.5860
-1.5558
-1.5568
-1.5453
-1.5728
-1.4158
-1.6087
-1.7315
-1.7340
-1.5955
-1.8773
-1.9547
-2.1571
-2.3070
-2.4038
-2.2849
-2.5380
-2.5789
-2.6662
-2.5435
-2.4906
-2.6493
-2.8326
-2.6762
-2.8573
-2.8748
-2.7940
-2.8764
-2.9836
-3.1285
-2.8464
-2.7555
-2.0704
-2.3908
-2.1825
-1.9524
-1.5767
-1.5367
-1.4827
-1.3643
-1.3970
-0.7886
-0.9143
-0.4719
-0.2233
0.1789
2.2724
3.5641
3.7378
5.3299
6.7176
7.1657
7.5363
8.0557
8.4314
8.5534
6.5494
6.7748
5.2183
5.0144
4.0895
4.0470
3.2315
3.9799
3.2492
3.1937
2.9796
4.1272
3.4047
2.7855
2.6624
2.8506
3.1965
3.3731
2.9876
3.5191
3.0987
3.0701
2.9772
3.2136
3.4153
3.3568
2.9684
2.9884
3.8002
3.5443
3.8054
3.7423
4.0837
3.3441
4.2111
3.5470
3.9704
3.7688
4.3032
4.5368
4.6381
4.4507
4.9153
4.5884
4.5286
4.2037
3.8903
4.1501
3.4245
3.5954
3.8460
3.9256
4.1841
4.2764
3.9652
3.7695
3.3459
3.1443
2.5830
2.3831
1.6446
1.5031
0.4761
0.4596
-0.3390
-0.5273
-0.6166
-0.0201
-0.4910
-0.1635
-0.7480
-0.2069
-0.3994
-0.8846
-0.9828
-0.7725
-0.7239
-0.2628
-0.2461
-0.4436
0.0196
-0.1746
0.0769
0.5492
0.3533
1.0349
1.1667
1.7017
1.5449
1.5830
1.5854
1.7573
1.9334
1.7358
2.1058
1.8379
2.4821
2.0877
2.3243
3.1515
2.8529
2.9968
3.4250
3.3336
3.3382
3.7372
3.9440
3.5559
3.7692
3.4266
3.5070
3.3289
3.2785
3.1750
3.1226
2.6118
2.2920
2.5087
1.9789
1.7767
1.2309
1.4086
1.1130
1.0164
0.8564
0.1760
-0.0531
-0.1669
0.1336
-0.0508
-0.1852
-0.0222
-0.1356
0.2879
0.1405
0.6284
0.8692
0.8975
1.5497
1.7657
2.7242
3.1060
3.9221
4.8915
