3.1731
4.0477
4.8159
4.9906
5.1872
5.4804
5.3869
5.1406
5.4428
4.9733
5.3428
5.1425
5.1807
5.6919
5.5543
5.8190
5.3985
5.9707
5.8897
5.8801
7.2987
6.4349
6.5084
6.8033
6.1678
6.2872
7.0619
6.5399
6.9401
6.7449
6.4691
6.3493
6.4866
6.2301
6.2154
6.1562
6.2183
6.1021
6.0302
5.8461
6.0032
5.6625
5.6945
5.6808
5.6475
6.3436
5.8597
6.0418
6.3744
6.0374
5.8594
5.5409
5.6135
5.1225
4.8661
5.1362
5.1825
5.3975
4.5668
4.6602
4.6220
4.2757
4.0245
3.9443
3.7448
4.0512
3.4413
3.3125
3.2790
3.3331
3.4537
3.5172
3.2216
3.3135
3.1336
3.1474
3.0874
2.9042
2.8611
2.7270
3.0043
2.8111
4.0555
3.4139
4.1109
4.3087
4.1998
4.1833
4.1355
3.3212
3.1754
2.6612
2.4331
2.3460
2.3646
2.0903
2.4470
2.2755
2.2993
2.3534
2.5559
2.5478
2.4102
2.4601
2.2850
2.0613
2.2253
1.8317
1.8717
1.9143
1.6722
1.5903
1.4695
1.4616
1.5673
1.2606
1.5272
1.2476
1.2811
1.2644
1.3290
1.4070
1.5743
1.4290
1.2991
1.2928
1.1024
1.0849
1.1805
1.3006
1.1697
1.0199
1.4256
1.5885
1.9014
1.7373
1.4836
1.2447
1.0732
1.1983
0.8292
0.6898
0.3970
0.2820
0.5283
0.3344
0.3493
0.5163
0.2649
0.2918
0.2909
0.4113
0.3745
0.4278
0.2975
0.2687
0.3085
0.4383
0.2684
0.1328
0.1138
0.1988
-0.0702
-0.1979
-0.2931
-0.3225
-0.3269
-0.2804
-0.1239
-0.2142
-0.1661
-0.4414
-0.0114
-0.7943
-0.5811
-1.3976
-1.4422
-1.7368
-1.4928
-1.8880
-2.0757
-2.4225
-2.5487
-2.5827
-2.5307
-2.8595
-2.9208
-3.0962
-3.2354
-3.4371
-3.5657
-3.4676
-3.6852
-3.7098
-3.7267
-3.4458
-3.7300
-3.7292
-3.7701
-3.9052
-3.9595
-4.2585
-4.3803
-4.3345
-4.6449
-4.4416
-4.7830
-4.6630
-4.7877
-4.7447
-4.8779
-4.7272
-4.9845
-4.8906
-4.7285
-4.7966
-4.9153
-4.8635
-4.7356
-4.9547
-5.0429
-5.0289
-5.1552
-5.1768
-5.3243
-5.3767
-5.4174
-5.4556
-5.4655
-5.4712
-5.1897
-5.3205
-5.1932
-5.0892
-4.8695
-5.0413
-5.0865
-5.0219
-4.8679
-4.7040
-4.3760
-4.2645
-3.6089
-3.6875
-2.8386
-2.8163
-1.8372
-0.6326
-0.4089
-0.4536
2.4247
1.5878
2.4531
0.9308
0.3516
-0.2713
-0.5174
-2.2869
-3.2308
-4.3169
-4.7739
-5.0191
-5.2082
-5.2503
-5.4523
-4.3254
-4.2011
-3.3761
-2.8577
-2.6703
-1.3533
-1.6145
-2.3088
-2.0317
-2.4277
-1.9662
-3.8281
-2.7768
-2.7387
-3.5899
-3.9158
-4.3906
-3.7156
-3.9078
-3.5738
-3.5850
-3.4468
-4.3258
-4.4023
-4.9074
-4.5468
-5.0626
-5.5852
-5.3231
-5.8878
-5.7563
-5.6930
-5.7305
-5.6248
-5.4335
-5.3543
-5.7103
-5.3347
-5.3738
-4.8731
-5.2743
-4.8729
-5.3876
-5.2675
-5.4490
-5.4750
-5.4093
-5.7751
-5.5757
-5.8203
-5.6909
-5.4429
-5.6555
-5.7201
-5.4557
-5.5577
-5.4439
-5.2004
-5.3991
-5.3298
-5.1034
-4.8700
-4.8028
-4.6229
-4.6031
-4.3963
-4.3746
-3.9111
-4.4485
-4.3734
-4.4118
-4.3846
-3.9373
-4.3774
-4.1212
-4.2371
-3.9723
-3.7267
-3.9106
-3.9833
-3.6210
-3.5112
-3.4894
-3.4539
-3.5056
-3.5173
-3.3580
-3.3582
-3.1171
-3.3025
-3.2789
-2.9401
-2.8839
-2.7833
-2.5596
-2.3189
-2.1028
-2.2216
-2.0992
-2.0324
-1.6938
-1.8116
-1.7122
-1.8025
-1.5549
-1.7270
-1.4018
-1.3444
-1.2082
-1.0327
-0.5517
-0.8758
-0.6536
-0.5554
-0.6597
-0.4167
-0.3687
-0.0403
-0.2163
-0.0462
0.0227
0.3006
0.1441
0.1645
0.2687
0.3776
0.2256
0.4236
0.2440
0.3651
0.4839
0.7328
0.9275
0.6258
1.1733
0.8556
0.8598
0.8194
0.9782
1.1418
0.9366
1.0511
1.1980
1.1583
1.0370
1.0433
1.0756
1.0965
0.7568
0.8591
0.7482
0.9771
1.0447
0.7662
0.8552
1.0152
0.8052
0.8899
0.9368
0.9647
1.2106
1.0430
0.9786
1.0618
0.9046
1.1245
0.8685
0.8281
0.7375
0.6932
0.7393
0.8034
1.1026
0.9534
1.2002
0.9238
0.8703
0.6984
0.7199
1.0302
0.6159
0.5885
0.5359
0.6400
0.5514
1.0187
0.4723
0.4042
0.2748
0.5516
0.2241
0.4664
0.1020
0.1211
0.2661
0.0304
-0.0057
-0.1171
0.2476
0.0503
0.0875
-0.1273
0.0994
-0.3212
-0.2147
-0.4578
-0.5185
-0.4284
-0.7678
-0.7713
-0.8077
-1.1952
-1.3169
-1.5181
-1.4571
-1.7113
-2.1400
-2.3184
-2.3448
-2.3996
-2.1907
-2.2850
-2.5525
-2.6061
-2.5970
-2.5029
-2.2588
-2.4720
-2.3648
-2.6509
-2.4799
-2.2801
-2.2353
-2.2565
-2.4209
-2.2327
-2.4593
-2.2327
-2.2383
-2.4142
-2.4084
-2.5410
-2.3155
-2.5825
-2.9615
-2.8907
-2.7470
-3.1047
-3.3127
-3.3297
-3.0882
-3.2552
-3.0319
-3.2858
-3.4205
-3.4636
-3.4613
-3.6486
-3.7662
-3.8049
-3.8077
-3.8078
-4.0825
-4.1846
-3.9728
-4.1440
-4.0401
-4.1298
-4.1004
-4.0343
-4.3427
-4.4583
-4.4257
-4.7016
-4.7543
-4.7012
-4.8138
-4.8495
-4.9824
-4.8785
-5.0859
-5.1263
-5.1862
-5.2182
-5.1374
-5.3349
-5.5119
-5.5911
-5.8150
-5.6790
-5.5898
-5.3609
-5.7298
-5.0581
-4.4054
-3.1502
-3.4994
-1.0812
-1.5588
-1.6013
-1.1917
-1.4652
-1.7043
-1.2414
-0.3282
-1.2244
-1.5105
-1.3500
-1.8904
-1.4762
-1.2381
-1.6809
-1.1110
-0.3423
2.0324
2.2578
3.0634
1.7196
2.2020
2.7301
1.9904
1.7342
2.4208
1.6487
1.0113
-0.1794
-0.9913
-1.8917
-1.8464
-2.2563
-2.4811
-2.7788
-2.8283
-2.8018
-2.6542
-2.3241
-2.3966
-2.2919
-2.3963
-2.3737
-1.7816
-1.4762
-1.4432
-1.5607
-1.0466
-0.9947
-0.9171
-1.4894
-1.4999
-0.3620
-1.5071
-0.4855
-1.1195
-0.9695
-1.5224
-1.5868
-1.5588
-1.2132
-1.3720
-1.5402
-1.5388
-1.1834
-1.5200
-1.1302
-1.4958
-1.2286
-1.1492
-1.2010
-1.1339
-0.8549
-0.8633
-1.2912
-1.0206
-0.9694
-0.6548
-0.5829
-0.6606
-0.5890
-0.5972
-0.7075
-0.6194
-0.4349
-0.1320
-0.4678
-0.3233
-0.1366
-0.0911
-0.2247
-0.1067
-0.3700
-0.1924
0.2205
0.0316
0.0721
0.3352
0.1793
0.2488
0.9486
0.4859
0.4356
0.7419
0.5397
0.7629
0.8494
1.0110
1.1475
1.3258
1.4285
1.1464
1.2027
1.3573
1.4066
1.5215
1.8149
1.5847
1.6892
1.5798
1.6151
1.6869
1.7020
2.0062
1.8786
2.0135
2.1564
2.2292
2.5855
2.4357
2.6551
2.6888
2.8713
2.8877
2.9737
3.0019
2.9082
3.2558
2.6791
2.8181
3.0129
3.4012
3.5313
3.7369
3.5916
3.3779
3.6798
3.6878
4.0328
3.8987
4.2844
4.5183
4.1993
3.7314
3.6101
3.5664
3.5984
3.6547
3.4071
3.8936
4.1540
4.0219
3.8287
3.8094
3.8047
3.6660
3.7885
3.6481
3.7116
3.6457
3.9758
3.4894
3.4305
3.2672
3.1720
2.9991
3.0313
3.0559
3.1428
2.8063
3.0696
2.9529
2.7243
2.7724
2.3115
2.0899
1.7390
1.5956
1.3685
1.2533
1.1011
1.2554
1.1903
1.1532
1.6897
1.2505
1.3970
1.6604
1.5903
1.5773
1.3566
1.0682
0.9867
0.9173
1.0252
1.3587
1.5082
1.3414
1.3718
1.3257
1.4855
1.5741
1.4734
1.4284
1.4128
1.7668
1.4695
1.7183
1.4394
1.4478
1.6814
1.7449
2.0189
1.8844
1.7143
1.9095
1.6781
1.6433
1.6289
2.1525
1.7612
1.8940
1.8381
1.8698
1.8605
1.8646
1.8578
1.8700
1.8549
1.8720
1.8577
1.8692
1.8630
1.8674
1.8704
1.8846
1.9060
2.1325
1.9528
2.0449
2.0029
2.0339
1.9456
1.9267
1.9190
1.9013
1.8626
1.8307
1.7550
1.7279
1.6979
1.6953
1.8844
1.7283
1.6469
1.6400
1.5307
1.7100
1.5020
1.5233
1.5132
1.6080
1.5087
1.7882
1.7428
1.8732
2.1700
2.0966
1.8493
1.8496
1.9889
1.9066
1.6320
1.6308
1.4035
1.3048
1.2941
1.4135
1.4640
1.6648
2.0687
3.0888
2.1367
2.3448
2.9758
2.7339
2.9794
3.6193
3.6481
4.5399
4.4311
3.6865
4.3075
4.6830
5.1708
5.4924
5.6990
6.4374
7.7300
6.7905
7.2953
7.6028
6.3216
7.2915
6.5183
6.2593
7.1610
7.6213
7.0154
7.2148
7.1363
7.8524
7.2370
8.3913
8.5800
8.0100
7.3615
6.9347
6.1828
6.6874
6.4872
5.9605
7.4371
5.9900
7.2198
6.5905
5.8704
5.2935
5.2573
4.8654
4.4495
4.0066
3.7318
3.7564
3.0820
3.2682
2.6803
2.7434
2.3565
2.0780
2.0104
1.8117
1.9480
1.5976
1.5824
1.6289
1.8442
1.6825
3.0239
2.0717
2.6607
2.5745
1.7194
1.7740
1.4621
1.5776
1.8822
1.8937
1.4481
1.1565
0.9047
1.0643
0.9610
0.8174
0.5746
0.9011
0.5157
0.4837
0.3699
0.9970
0.6413
0.2206
0.5971
0.4470
0.6914
0.3088
0.7040
0.1756
0.3944
0.3233
-0.0034
-0.1596
-0.0008
-0.1735
-0.2220
0.0522
-0.4564
0.1301
-0.5895
-0.2925
-0.4721
-0.1623
-0.0165
-0.2162
0.0020
-0.3035
-0.4397
-0.4423
-0.3399
-0.6686
-0.2555
-0.7465
-0.7377
-0.7707
-0.7818
-0.4672
-0.7171
-0.5290
-0.7248
-0.6629
-0.6270
-0.8110
-0.3267
-0.7955
-0.2679
-0.1271
-0.6382
-0.3443
-0.0314
-0.1725
-0.3005
-0.3830
-0.2558
-0.2871
-0.2715
-0.5944
-0.8182
-0.5991
-0.7667
-0.5717
-0.8240
-0.8239
-0.5629
-0.5598
-0.7944
-0.9076
-0.8912
-0.8896
-0.6853
-0.5689
-0.4431
-0.8086
-0.4461
-0.6540
-0.3997
-0.6942
-0.5126
-0.3133
-0.5451
-0.4471
-0.6200
-0.3450
-0.3242
-0.4344
-0.2672
-0.3200
-0.2732
-0.6224
-0.6060
-0.6827
-0.5327
-0.6728
-0.7641
-0.6750
-0.7706
-0.7288
-0.6336
-0.7199
-0.8110
-0.5737
-0.9135
-0.9158
-0.7940
-0.8276
-0.5422
-0.8134
-0.6665
-0.8811
-0.9512
-0.8803
-0.9261
-0.6599
-0.8644
-0.6717
-0.8615
-0.8732
-0.9525
-0.7432
-1.0766
-0.8139
-0.9922
-0.9413
-0.9711
-0.8069
-1.0064
-0.6362
-0.7659
-0.4332
-0.4082
-0.3522
-0.4683
-0.2547
-0.5441
-0.5379
-0.5293
-0.6778
-0.7690
-0.5928
-0.5744
-0.5262
-0.4496
-0.6032
-0.6476
-0.6027
-0.4417
-0.5580
-0.5854
-0.4834
-0.4240
-0.5708
-0.3494
-0.4798
-0.1564
-0.0430
0.1341
-0.2245
-0.2391
0.0125
-0.2761
-0.2332
-0.0743
-0.2754
-0.1995
-0.2103
-0.2125
0.0328
-0.2497
0.0377
-0.2025
-0.1610
0.0357
0.2597
0.3715
0.1985
0.1889
0.4219
0.6004
0.4616
0.2928
0.3793
0.0561
0.2275
0.0679
0.3024
0.3151
0.0909
0.1781
0.6700
0.2775
0.5792
0.4654
0.7289
0.4367
0.5571
0.6144
0.5312
0.4637
0.6738
0.3537
0.5699
0.3640
0.5323
0.4545
0.7661
0.6026
0.4922
0.7326
0.8344
0.6664
0.7045
0.7760
1.2369
0.9669
0.8822
0.9391
1.3971
1.2322
1.0738
0.9876
1.3763
0.9008
1.2513
1.5249
1.6014
1.4872
1.3403
1.9525
1.5212
1.8125
2.0730
1.5956
1.7502
3.1319
2.3092
2.3791
2.5123
2.6061
3.1714
2.8348
3.8225
3.8664
4.7446
5.1618
5.3757
5.6298
6.2111
6.6634
6.9621
7.4245
7.9685
7.4727
7.9324
7.6377
9.4279
8.5065
8.0353
6.9957
7.2528
6.7078
6.2170
5.5812
4.9708
4.2911
3.6006
3.0619
2.4977
2.1927
2.1681
1.9707
1.9114
1.9068
1.7878
1.8103
1.8944
1.7017
1.5904
1.6148
1.6675
1.7170
1.7621
1.7739
1.7621
1.7598
1.7716
1.7871
1.7904
1.8675
1.7820
1.8902
1.8036
1.9139
1.9111
1.9655
1.9328
1.9222
1.9191
1.8499
2.0532
1.7890
1.7905
2.0203
1.8228
1.8952
1.9543
2.0496
2.0906
2.1907
2.2364
2.2673
2.1695
2.0905
2.0588
2.0691
2.1336
2.0498
2.1398
2.1445
2.5450
2.0168
2.3065
1.9640
1.8780
1.8253
2.0114
1.9378
1.8620
1.8242
1.6305
1.8618
1.9961
1.9182
1.7938
1.9617
1.8908
2.3750
1.9430
1.8816
2.2042
2.1044
2.0382
2.2392
2.6267
2.5996
2.1311
2.1343
2.0297
2.4130
1.7942
2.3725
2.4226
2.5334
2.6343
2.0215
2.1915
1.6459
1.7194
1.4884
1.7519
1.7321
1.8657
2.2032
2.1765
1.9541
1.9332
1.6052
1.4366
1.9312
1.5850
1.5346
1.2415
1.0289
1.1555
1.0108
1.4780
1.2558
1.2715
1.3118
1.3035
1.2127
1.5203
1.5475
1.1361
1.3559
1.3565
1.7147
2.0815
1.9987
1.9677
2.1711
2.0225
1.2890
1.1413
1.0166
1.2898
1.0101
1.0437
1.6596
1.2404
1.1301
1.3824
0.8711
1.0829
0.7903
1.2182
1.3096
1.8907
1.3372
1.5521
1.3591
1.1780
1.0640
1.4526
1.0888
0.9843
0.7576
0.6911
1.2325
0.8523
1.2773
0.9974
1.2953
1.0811
1.0474
0.7554
1.0606
0.8340
0.8208
1.2811
0.7340
0.8068
0.8058
0.6160
0.7591
0.4839
0.4197
0.2376
0.4550
0.5613
0.2784
0.5824
0.6870
0.8233
0.6927
0.8271
0.8958
1.2702
1.1651
1.0243
0.8255
0.6667
0.6288
0.6902
0.4414
0.4794
0.2713
0.4123
0.3027
0.5179
0.3731
0.6203
0.4816
0.5240
0.9204
0.7616
0.7617
0.8161
0.8321
0.6892
0.7890
1.2707
0.7492
0.7794
0.6965
0.7582
0.7165
0.9360
0.5674
0.6766
0.3089
0.2957
0.1505
0.4046
0.0925
0.2165
0.3602
0.7478
0.8661
0.7097
1.0609
0.8172
0.8992
0.8363
0.6169
0.6921
0.7554
0.6283
0.6419
0.4435
0.3965
0.5209
0.3733
0.2687
0.6902
0.1929
0.3225
0.2944
0.3100
0.0985
0.4376
0.2803
0.2145
0.1186
0.2888
0.1517
0.1947
0.4537
0.3025
0.3079
0.3315
0.0871
-0.1541
-0.2364
-0.0273
-0.2850
-0.0079
-0.1214
-0.0951
0.1400
0.2754
0.3114
0.3792
0.2224
0.1059
0.0373
0.0241
0.1880
0.0804
0.3377
0.2315
0.2580
0.2683
0.4718
0.3276
0.5118
0.4901
0.3696
0.5688
0.8936
0.4513
0.8650
0.4905
0.6830
0.6429
0.4631
0.3663
0.3733
0.3511
0.3057
0.2625
0.2768
0.3963
0.2305
0.0852
0.2678
0.6418
0.5369
0.9267
0.5135
0.6197
0.7206
0.6479
0.5372
0.4591
0.3911
1.3134
1.3002
1.7851
1.4792
2.4154
2.1518
2.3315
1.7880
1.7010
1.4454
1.1365
0.8592
1.9665
1.6837
2.2079
2.9332
2.3936
1.9516
2.2461
2.3884
1.4093
1.8142
1.2304
0.7510
0.4567
0.4477
0.5796
0.3484
0.2057
0.0871
-0.3819
-0.4505
-0.8031
-1.0223
-0.7924
-1.1494
-0.9836
-1.2034
-1.1553
-0.6652
-1.2738
-1.3678
-1.1392
-1.0954
-1.0353
-1.1484
-1.1843
-1.0713
-0.7645
-0.9505
-0.7770
-0.7748
-0.8064
-0.9083
-0.5804
-1.0789
-0.8618
-1.3823
-0.9061
-1.3790
-1.0153
-1.1119
-1.0650
-1.1411
-1.3287
-1.2919
-1.2528
-1.5344
-1.4126
-0.9794
-1.1399
-0.7707
-0.7763
-0.8593
-1.1109
-1.0360
-0.6713
-0.5290
-0.7709
-0.9590
-0.7778
-1.0091
-0.8757
-0.5630
-0.4185
-0.7642
-0.8451
-1.0475
-0.9213
-1.2825
-1.2919
-0.8092
-0.6562
-0.7538
0.1073
-0.1507
-0.5777
-0.8578
-0.5764
-1.2123
-1.1878
-1.6109
-1.6463
-1.8961
-1.8990
-2.2244
-2.3494
-2.4103
-2.5330
-2.4894
-2.2087
-2.1086
-2.2348
-2.2006
-2.3460
-2.3775
-2.2875
-2.4681
-2.4101
-2.5474
-2.0596
-2.7819
-2.5790
-3.0441
-2.9912
-3.0301
-2.7701
-2.8521
-2.7750
-2.6939
-2.9719
-2.9498
-2.7200
-2.9077
-2.7906
-2.7959
-2.6329
-2.5746
-2.3966
-2.4077
-2.3293
-2.2929
-2.3535
-2.3250
-2.3531
-2.2443
-2.0695
-1.9684
-1.8778
-1.8855
-1.7227
-1.9826
-1.8433
-2.0688
-2.0269
-1.8981
-1.6018
-0.9989
-0.6383
0.0127
0.5867
1.0970
1.6431
1.7178
1.7848
2.2117
2.4890
2.6464
2.2585
2.6930
1.4816
1.3099
1.2476
1.2884
0.7895
1.0246
0.7255
0.2865
0.2767
1.2733
1.1220
0.6345
0.8163
1.1740
2.1194
1.3687
1.7373
1.6649
1.5971
1.6515
1.5961
1.5134
1.4909
1.4658
1.1108
0.9430
0.8403
0.9984
1.6845
0.7956
0.9059
1.4372
1.1263
1.8142
0.9257
1.8318
1.9233
1.5636
2.1493
2.2852
2.5397
2.2695
2.0484
1.6590
1.3562
1.0614
1.5086
1.9543
1.8931
1.3871
1.6526
2.2143
1.8556
1.8218
1.8979
1.8151
1.7702
2.0790
2.0327
2.0791
1.9315
1.9406
2.3148
2.2144
2.1449
2.0660
2.8548
2.8447
2.8081
2.7089
2.7764
3.0929
3.1070
3.2311
3.2795
3.6869
3.1119
3.4147
3.2216
3.5863
2.9466
3.9188
3.3501
3.1839
3.6859
3.1924
3.3973
3.3463
3.3083
3.6690
3.3489
3.6812
3.5569
3.6549
3.6084
3.9437
3.6693
3.4796
3.7471
3.7859
3.9418
3.8861
3.6666
3.6296
3.4499
3.5409
3.5979
3.5117
3.4765
3.5216
3.5695
3.4858
3.7690
3.8945
4.2953
3.8427
3.8139
4.1022
3.9552
4.1310
3.9857
4.2013
3.9237
4.3089
4.0668
4.1086
4.3698
4.0983
4.1405
4.4961
4.4456
4.5612
4.1562
4.1552
3.9211
3.7210
3.6843
3.6592
3.7140
3.7620
4.1037
3.6475
3.8825
4.0358
4.4555
4.5037
4.5840
4.4598
4.0914
4.1436
4.5396
4.3949
3.9916
4.4492
3.8162
4.2640
3.8609
4.0170
4.0548
3.9342
4.1796
4.0533
4.3187
4.1926
3.8209
3.6160
3.4478
3.5583
3.5803
3.5820
3.2914
3.1767
3.1771
3.1789
3.3332
3.6044
3.2684
3.4429
3.5321
3.2578
3.3388
3.5093
3.0441
3.3529
2.9698
3.2614
3.1596
3.1191
2.7049
2.5504
2.3478
2.1094
2.3128
1.9459
1.5956
1.9262
2.2337
2.1846
2.1435
1.8659
1.9930
1.6408
1.8779
1.5642
1.2635
1.4905
1.2281
1.0649
0.6836
0.6027
0.6842
0.2699
0.3198
0.0398
0.1258
-0.1568
-0.0842
-0.3436
-0.0789
-0.4044
-0.3162
-0.1484
-0.2663
-0.2756
-0.6823
-0.3804
-0.5303
-0.3743
0.2011
-0.0255
-0.3346
-0.1250
-0.5988
-0.4044
-0.7682
-0.7733
-0.7974
-1.0108
-1.2142
-1.5763
-1.5367
-1.8392
-1.7087
-1.9919
-2.0937
-2.2077
-2.1678
-1.8671
-2.2745
-2.3370
-2.1780
-2.0481
-2.0788
-2.4301
-2.6034
-2.4675
-2.3967
-2.5237
-2.7026
-2.8129
-2.7808
-3.0709
-3.2192
-3.1127
-3.2597
-3.1383
-2.9325
-3.1382
-3.2991
-3.0700
-3.3494
-3.2697
-3.3535
-3.1757
-3.4842
-3.3548
-3.7138
-3.8478
-4.0386
-4.0966
-4.2319
-4.2653
-4.4257
-4.3954
-4.4976
-4.4472
-4.6374
-4.5181
-4.9180
-4.7631
-5.1123
-5.1533
-5.2549
-5.2546
-5.2097
-4.9595
-4.0205
-4.1198
-4.3058
-3.7595
-3.8907
-3.8632
-3.6734
-3.6925
-3.7194
-3.7701
-3.5484
-3.9301
-3.5235
-3.4270
-3.3612
-3.7240
-3.6122
-3.3339
-3.4031
-3.1259
-3.6201
-3.6011
-3.6029
-3.7443
-3.6163
-3.6152
-3.2595
-3.4129
-3.8212
-4.0493
-3.7411
-3.8177
-3.8272
-3.7984
-3.9211
-3.7781
-3.8677
-3.8059
-3.3044
-3.7897
-3.5927
-4.0943
-4.2195
-4.0901
-3.8491
-3.2250
-3.5146
-3.4710
-3.6068
-3.6918
-3.4553
-3.2560
-1.8144
-2.9234
-2.5453
-2.2305
-2.3300
-2.2414
-2.4305
-3.1351
-2.9725
-3.0226
-3.4749
-3.6452
-3.3796
-3.8183
-3.5103
-2.7959
-3.4137
-3.2972
-3.5222
-3.5605
-3.0311
-3.1776
-3.3608
-3.4533
-3.0248
-2.8253
-2.2287
-1.3859
-1.8983
-2.5595
-2.9105
-2.7408
-3.1474
-2.4396
-2.2884
-2.4504
-1.6866
-1.5755
-1.7187
-2.4274
-2.0509
-2.4599
-2.3016
-2.5066
-2.0706
-1.9722
-2.0272
-1.9587
-2.0588
-2.3301
-2.5502
-2.5466
-2.6313
-2.4538
-2.5721
-2.7906
-2.0616
-2.6771
-2.2156
-2.2734
-2.5065
-3.0103
-3.4225
-3.0720
-2.9520
-2.7875
-3.3601
-3.2278
-3.1229
-3.5857
-3.5536
-3.0671
-3.4085
-3.0950
-3.5101
-3.2936
-2.8191
-2.8443
-2.8198
-2.7108
-2.9205
-2.7370
-2.9018
-2.7926
-2.4207
-1.6142
-2.1224
-1.9555
-2.0367
-2.1083
-1.7972
-1.5313
-1.8033
-1.9028
-2.3354
-2.3540
-2.2875
-2.5698
-2.4211
-2.7283
-2.6997
-2.7988
-1.8074
-2.6209
-1.7594
-1.6574
-1.9703
-1.6115
-1.4376
-1.6015
-1.0255
-1.5324
-1.2316
-1.4433
-0.9572
-1.1758
-1.1709
-1.2900
-1.1816
-0.9729
-0.7227
-0.6889
-0.6537
-0.7474
-0.7113
-0.7024
-0.2237
0.1194
0.0777
0.4209
0.2671
0.7620
0.6573
0.7247
0.7283
0.6314
0.5402
0.6517
0.5444
0.7050
0.2326
0.2165
0.3428
0.1381
0.5965
0.1553
0.5072
0.6578
1.5369
1.6983
2.7566
2.1801
2.5732
2.4545
2.7523
2.5930
2.7860
2.9969
2.2669
2.3768
2.3359
2.5466
1.9989
2.2949
2.6071
2.0738
2.3110
2.3923
2.1885
2.6893
2.5864
2.6308
2.6724
2.8183
2.4053
2.2535
2.3348
3.0196
3.2779
2.7112
2.6425
3.0438
2.6532
2.9772
2.6817
2.6349
2.7715
2.6024
2.7548
2.6600
2.6592
2.9428
3.2669
3.1020
3.0908
3.1271
3.1338
3.2949
3.2979
3.3881
3.5929
3.2058
2.8589
2.9543
2.8520
2.8150
3.0366
3.1695
3.2146
2.9586
2.8398
2.4809
2.8400
2.5581
2.5048
2.7824
2.7970
2.8208
3.1842
3.3844
3.1150
2.5920
2.3808
1.8672
1.8653
1.6325
1.4824
1.6803
1.4943
1.7321
1.9027
2.4469
3.1831
3.0883
3.5046
3.2690
3.2459
2.7824
2.6989
2.3666
2.5583
2.4569
2.5298
2.3916
2.4603
2.6307
1.9472
2.7079
2.8209
2.3555
3.6376
2.4123
3.1236
2.4645
3.1075
2.7078
2.4385
1.5350
1.1983
0.9183
0.3796
0.2676
0.8394
0.7321
0.9398
0.8264
1.2169
1.0250
0.3845
0.1481
-0.1924
-0.3226
-0.5820
-0.3878
-0.6539
-0.8610
-1.0034
-0.8049
-0.8214
0.1938
-0.6595
-0.5876
0.1819
-0.1780
-0.3946
0.4505
0.4678
0.7504
0.9153
-0.0862
0.2004
0.5193
0.6115
0.6599
-0.0501
-0.2218
-1.2824
-1.5267
-1.4240
-2.0736
-2.2466
-2.4933
-2.5555
-2.8266
-2.6225
-2.7348
-2.6256
-2.9086
-3.0574
-3.1440
-2.9285
-2.7844
-3.0344
-2.8622
-3.2846
-2.8032
-2.9817
-2.6168
-3.0551
-2.8630
-2.8597
-2.9392
-2.8828
-2.9743
-2.8433
-3.1568
-3.1984
-2.9490
-3.2156
-3.2124
-3.1687
-2.2814
-3.3343
-2.8188
-2.8525
-2.7463
-2.4309
-2.6712
-2.3462
-2.2235
-2.2341
-2.4127
-2.6959
-2.6398
-2.9066
-3.0074
-2.9773
-3.0513
-3.0535
-3.0686
-3.1182
-3.1070
-2.9044
-3.0483
-2.9962
-3.0814
-3.1673
-3.2781
-3.4790
-3.5612
-3.8115
-3.9272
-4.0033
-3.7548
-3.9336
-3.8323
-3.7801
-3.6535
-3.5857
-3.5592
-3.6709
-3.7493
-3.8939
-3.6704
-4.0300
-4.0594
-4.2598
-4.3439
-4.3819
-4.4508
-4.4310
-4.2420
-4.4084
-4.3445
-4.4004
-4.3304
-4.5204
-4.5654
-4.3720
-4.5025
-4.4599
-4.6727
-4.5567
-4.5159
-4.6679
-4.2261
-4.6492
-4.8230
-4.7762
-4.6217
-4.1688
-4.7818
-4.6004
-4.7104
-4.5247
-4.3369
-4.6355
-4.5987
-4.4162
-4.5357
-4.5957
-4.1997
-4.4979
-4.2662
-4.4060
-4.2193
-4.3966
-4.0451
-4.1068
-3.8770
-4.0456
-4.0358
-4.1020
-4.2227
-4.0722
-4.2214
-3.3067
-4.0698
-3.3734
-3.5274
-3.0362
-3.6057
-3.4005
-3.5135
-3.7084
-4.0439
-3.9092
-3.9374
-4.1462
-3.7448
-3.9801
-3.9216
-3.7337
-3.6986
-3.2803
-3.4291
-3.0538
-3.2912
-3.3685
-3.3577
-3.0692
-3.3245
-3.1093
-3.0727
-3.1991
-3.2072
-2.7854
-2.7699
-2.6200
-2.7115
-2.6719
-2.8768
-2.7730
-2.9484
-2.8016
-2.7109
-2.7087
-2.5455
-2.5189
-2.3877
-2.0569
-1.9697
-2.1139
-2.1091
-1.9190
-1.8531
-1.7707
-1.3566
-1.4299
-1.5448
-0.7569
-1.0658
-1.1899
-1.1941
-1.2907
-1.1693
-1.4042
-1.4060
-1.0836
-1.2656
-1.1664
-1.0175
-1.0631
-1.3096
-1.3377
-1.2190
-1.1064
-0.8500
-1.1640
-0.9008
-0.9281
-0.5277
-0.6622
-0.5479
-0.2052
-0.4677
-0.2278
-0.5067
-0.5015
-0.2538
-0.2280
-0.3763
-0.2251
-0.1227
-0.0635
-0.0443
0.1891
0.2601
0.4555
0.4224
0.5442
0.6704
1.0424
1.0304
1.2593
0.9328
1.1710
1.4194
1.5794
1.8441
2.1068
1.3751
1.7747
1.5917
2.2544
1.5002
1.4970
1.7462
1.5974
1.5522
1.9116
1.7450
1.6811
1.7414
1.4468
1.9075
1.5443
1.5473
1.5873
2.0158
1.6909
1.2741
1.1583
1.1207
1.1304
1.3580
1.6032
1.7088
2.2389
2.1451
2.2032
2.7918
2.5986
2.9945
2.6381
2.6724
2.4345
2.3131
1.8061
1.9013
1.6265
1.9964
1.5107
1.5668
1.3706
1.7773
1.4900
1.2682
1.5128
1.5879
2.1627
2.2964
1.8348
2.5540
1.8886
1.9899
2.1645
2.1825
2.7316
3.0903
3.0484
3.1146
5.0276
4.6755
4.6977
5.3467
5.3314
6.3195
6.0209
4.9062
5.3414
4.3933
3.8451
3.8820
2.8078
2.9449
2.4758
2.1437
3.2045
1.3479
1.1426
1.3461
1.7124
1.1997
1.1038
2.6825
1.6820
3.0221
1.7160
1.8483
1.6961
0.9405
1.5025
0.6008
0.2874
0.5910
0.4232
0.5426
0.6498
-0.1060
0.2516
-0.9966
-1.1921
-0.9701
-1.5018
-1.3547
-1.2926
-2.5462
-2.5549
-2.7542
-3.2475
-3.3832
-3.5996
-3.1195
-3.6639
-3.3704
-2.8211
-2.6060
-2.5579
-2.2766
-2.4357
-1.9427
-2.4919
-2.6964
-3.1595
-3.0927
-3.0877
-3.5027
-3.3640
-3.2148
-3.1410
-3.2496
-3.3150
-3.8347
-3.8396
-4.2416
-4.6260
-4.7114
-4.8651
-4.8726
-5.0564
-5.0619
-5.2465
-5.3022
-5.2532
-5.2041
-4.8727
-5.0421
-4.7744
-4.7122
-4.8059
-5.3528
-5.1085
-5.0772
-5.2540
-5.6230
-5.4023
-5.4747
-6.0700
-6.3120
-6.3884
-6.2265
-6.3041
-6.0897
-6.1247
-6.0029
-6.5813
-6.5431
-6.7988
-6.8108
-6.9246
-6.8322
-6.8816
-6.4633
-6.5235
-6.2815
-6.0632
-5.8174
-5.6350
-6.0729
-6.2454
-5.6756
-5.9830
-6.2717
-6.4092
-6.3236
-6.4304
-5.8375
-6.1338
-6.0125
-5.8901
-5.9163
-5.7900
-5.7989
-5.6053
-5.6580
-5.7274
-5.4221
-6.0218
-5.4675
-5.2134
-5.2849
-4.0489
-4.0619
-3.3205
-3.7661
-3.5163
-3.3639
-2.8933
-4.0359
-4.0964
-4.2221
-4.8608
-5.0030
-4.4818
-5.1690
-5.0878
-5.1226
-5.0939
-5.1484
-5.1590
-4.9718
-5.0870
-5.0093
-4.8917
-4.5431
-4.5375
-3.9558
-3.8960
-2.8864
-3.4427
-3.4687
-3.9579
-3.8317
-4.0596
-4.0555
-4.1461
-3.9555
-4.0595
-3.9725
-3.8223
-3.6090
-3.5205
-3.4014
-3.2288
-3.3432
-3.2171
-3.1616
-2.9120
-3.1444
-3.1339
-2.8851
-3.0739
-2.8513
-2.0649
-2.5480
-2.3493
-2.1363
-1.1896
-1.3102
-1.0613
-1.3172
-0.8465
-1.1789
-1.0283
-1.1222
-1.3790
-1.2925
-1.3589
-1.3128
-1.0911
-1.1047
-1.0742
-0.9898
-0.6408
-0.8261
-0.7641
-0.7845
-0.8514
-0.5431
-0.7454
-0.4181
-0.3097
-0.0012
0.3823
0.3674
0.6788
1.0086
1.1614
1.0562
1.2848
1.3504
1.2929
1.2949
1.3626
1.3284
1.4061
1.6385
1.9422
1.7851
1.8190
2.0624
2.2229
1.8571
1.9464
1.9816
2.4047
2.4707
2.7996
2.8372
3.0145
3.0360
2.7531
2.6500
2.7777
2.7274
3.1317
3.1304
3.1973
3.2671
3.6593
3.5678
3.6219
4.2342
3.8221
3.9172
3.9933
4.0077
4.2766
4.2911
4.4937
4.6301
4.5474
4.6805
4.4330
4.3437
4.2326
4.2219
4.1613
4.2218
4.1650
4.1848
4.0388
4.1179
3.8564
3.6224
3.7083
3.2378
3.0766
3.1277
3.5962
3.1631
3.3870
3.1259
3.3872
3.0905
2.9864
2.9753
2.8134
2.6322
2.5991
2.7028
2.3687
2.2490
2.1817
1.9576
1.8975
1.9617
1.6848
1.7320
1.7206
1.9220
1.6738
1.6064
1.5768
1.5495
1.4970
1.4633
1.4011
1.3830
1.2951
1.3351
1.2198
1.2854
1.1651
1.4193
1.1186
1.2060
1.0793
1.1323
1.2111
0.9696
0.8585
0.7449
0.6199
0.5609
0.5381
0.5534
0.5770
0.5889
0.7056
0.8336
1.6976
1.8228
1.9235
2.1859
1.4569
1.7628
0.6910
1.0069
0.5877
0.6542
0.5324
0.5199
0.6578
0.5687
0.2124
0.1544
0.0225
-0.0613
-0.0493
0.0102
0.0302
0.3298
0.6058
0.8467
0.6785
0.7443
1.2274
0.6908
0.5774
0.1404
0.0579
0.1580
-0.0465
0.4918
-0.1317
0.1347
-0.0067
0.0449
0.9627
0.7893
0.2431
0.0133
0.3072
0.1279
-0.2692
-0.3891
-0.5074
-0.5049
-0.3726
-0.2968
-0.3679
-0.3019
-0.4918
0.4357
1.1722
1.2097
1.6932
2.7635
3.5970
4.4394
2.8842
3.8661
3.5337
3.9882
5.1710
5.8768
5.8900
5.8995
4.4929
4.8014
3.7232
3.6504
3.0038
3.0962
2.4518
2.7163
1.7556
1.5066
1.9965
1.8517
1.6056
0.8783
1.4759
1.0613
0.2551
0.3195
0.3259
0.2258
0.0192
0.0475
0.3163
-0.1427
-0.0169
1.1830
0.3967
0.0654
0.7459
0.8112
1.6075
2.0545
1.7728
2.1979
2.2138
1.9033
3.4807
2.3716
2.1798
2.3346
2.1114
2.7020
1.7924
1.5946
0.8721
0.7299
0.9989
0.7262
0.2322
0.0805
0.0981
0.0875
-0.2597
-0.2700
-0.1087
-0.3543
0.0235
-0.1166
-0.1598
0.4466
0.0843
0.0754
0.8308
0.9404
0.8362
0.8210
0.5253
0.7519
0.7797
0.8042
0.6778
0.7629
0.8141
0.5956
0.5751
0.5613
0.8610
0.9026
1.0141
1.5202
2.0273
1.6570
1.8579
1.0880
1.0815
0.7348
0.9590
0.7423
0.7499
0.7735
0.9369
1.1467
1.2801
0.8203
1.4611
1.1209
1.1706
1.0279
0.7843
0.7818
1.0465
0.9046
1.1768
0.8916
0.7781
0.6652
0.6422
0.8357
0.6972
0.8238
0.5836
0.5025
0.5364
0.6966
0.9507
0.7457
0.8216
0.3933
0.2956
0.2731
1.1425
0.5594
0.3129
0.0618
0.2807
0.0787
0.1388
0.2371
0.0903
0.0715
-0.1331
-0.1967
-0.6334
-0.7139
-1.0021
-1.0928
-0.8214
-1.0526
-1.1175
-1.2513
-1.3718
-1.4276
-1.5750
-1.4677
-1.7224
-1.3950
-1.3986
-1.6033
-1.4592
-1.5593
-1.3391
-1.5623
-1.8947
-1.9731
-2.0323
-2.0483
-1.8922
-2.1453
-2.1879
-2.0793
-2.3103
-2.1686
-2.1733
-1.8034
-2.0310
-1.8032
-2.0630
-1.9032
-1.9412
-1.6414
-1.7368
-1.8271
-1.8689
-1.6812
-1.7223
-1.5180
-1.5238
-1.6030
-1.3584
-1.4591
-1.7269
-1.7391
-1.7134
-1.6167
-1.6862
-1.6542
-1.6893
-1.7942
-1.6848
-1.7779
-1.4809
-1.8236
-1.6694
-1.9856
-1.8020
-1.1275
-1.2111
-1.2742
-1.2753
-1.0064
-0.9996
-1.2620
-1.1985
-0.6650
-0.9156
-1.4540
-1.3707
-0.8368
-1.1759
-1.0554
-1.2189
-0.8363
-0.8795
-1.0219
-1.1814
-1.2356
-1.5060
-1.2848
-1.5030
-1.6187
-1.6786
-1.5893
-1.5564
-1.1585
-1.4730
-1.2737
-1.7489
-1.7826
-1.4971
-1.5393
-1.5154
-1.1938
-1.2641
-1.0085
-1.1810
-1.4216
-1.2423
-1.2714
-1.5652
-1.4478
-1.6565
-1.7641
-1.6866
-1.5420
-1.6970
-1.7229
-1.5438
-1.6959
-1.6179
-1.4772
-1.7526
-1.4823
-1.7357
-1.4484
-1.5716
-1.4967
-1.5092
-1.6490
-1.4701
-1.7042
-1.7925
-1.7657
-1.7595
-1.9645
-2.0506
-2.0494
-1.8379
-2.0410
-2.0011
-1.8167
-1.9053
-2.0168
-1.9662
-1.8099
-1.8241
-2.0455
-2.0327
-2.0962
-1.8913
-2.0095
-2.2319
-2.2571
-2.1670
-1.8633
-2.0867
-1.9130
-2.2157
-2.1879
-2.0502
-2.0360
-2.0038
-1.9830
-1.6817
-1.8495
-2.1647
-2.0370
-2.3915
-1.9565
-2.7276
-2.4826
-2.5830
-2.4200
-2.6108
-2.1741
-1.8072
-0.6126
-0.8228
-0.5364
0.5166
1.2993
0.3591
0.7827
0.8546
1.1382
0.8303
0.9331
0.2440
0.8131
-0.5579
-0.6689
-1.0979
-1.1947
-1.5174
-1.6033
-1.7352
-1.5980
-1.0772
-0.7632
-0.6714
-0.2880
-0.0465
-0.4343
-1.5364
-1.8608
-2.1542
-1.5314
-1.0142
-1.1706
-1.5493
-2.0486
-1.9590
-1.8573
-2.0048
-1.7676
-1.7440
-1.4424
-1.6992
-1.8246
-1.4542
-1.9561
-1.6569
-1.6148
-2.3984
-2.5175
-2.5320
-2.5162
-2.7703
-3.3889
-3.9352
-4.2368
-3.8712
-4.3278
-4.5287
-3.9394
-4.2073
-4.2368
-3.8004
-3.4882
-3.8354
-3.8905
-3.5502
-3.4497
-3.5614
-3.7236
-3.7362
-3.7501
-3.7199
-3.1568
-3.5778
-2.9540
-3.4436
-3.4959
-3.0449
-2.9249
-2.9275
-2.8567
-2.8135
-2.1351
-2.6342
-2.7220
-2.7989
-2.7608
-2.6277
-2.9073
-2.5236
-2.4062
-2.3966
-2.3139
-2.4443
-2.2494
-2.2352
-2.1152
-2.2693
-2.1499
-2.0081
-1.7254
-1.7171
-1.8053
-1.8842
-1.8215
-1.9532
-1.8868
-1.8166
-1.6862
-1.3492
-1.4664
-0.8817
-1.0666
-0.9478
-0.9821
-0.9709
-0.5669
-0.7087
0.2565
0.2260
-0.0490
0.2756
0.3707
-0.0180
0.6320
0.0917
0.4458
0.5356
0.5306
0.5045
0.4395
0.6478
0.5825
0.9204
0.6307
0.8098
0.9875
0.9697
1.0656
1.4378
1.5529
1.4865
1.6346
1.6278
1.6786
1.7877
2.0803
1.8159
2.1583
2.0254
2.5063
2.3238
2.2082
2.4038
2.5668
2.3184
2.8499
2.5107
2.7181
2.8421
3.1731
2.9657
2.9740
3.0463
3.1002
3.1228
3.1056
3.0395
3.2814
3.1538
3.1400
3.2143
3.0972
3.1094
3.0711
3.1037
3.2517
3.4900
3.4334
3.3764
3.4581
3.4671
3.5756
3.5715
3.6358
3.6270
3.7093
3.8139
4.0561
3.9108
3.8713
4.1020
3.8890
3.9121
3.9757
3.9788
4.2474
4.2371
4.1733
4.6046
4.7898
4.7414
4.6431
4.8825
4.5132
4.7436
4.3671
4.0008
3.8931
3.7602
3.8120
3.4463
3.4895
3.1107
2.8950
2.9447
2.4952
2.5197
2.4918
2.2592
2.4412
2.1472
2.9080
2.2423
2.4560
2.6192
2.6220
2.3738
2.2797
2.4028
2.4331
2.4695
2.3891
2.5418
2.1564
2.1386
2.1929
1.9410
1.9151
1.8230
1.8923
1.7769
1.8377
1.9831
1.7479
1.7299
1.6084
1.5249
1.6861
1.5026
1.4898
1.5015
1.6341
1.4162
1.3485
1.3716
1.1951
1.1669
0.9533
1.1764
0.8309
0.7802
0.6220
0.7951
0.5039
0.5477
0.6485
0.5936
0.5005
0.8024
0.5128
0.8903
0.7022
1.0309
0.8755
0.8572
0.9510
1.0734
1.2188
0.9849
1.5009
0.9488
1.1562
1.2261
1.4353
1.3138
1.3243
1.6848
1.3816
1.7453
1.4921
1.5656
1.5711
1.5673
1.6503
1.8547
1.9569
1.9013
2.0727
1.9117
2.1244
2.1166
1.9236
2.0513
1.8121
1.8303
1.8099
1.7530
1.8042
1.4347
1.2440
1.1208
1.1221
1.0229
1.2626
0.9500
0.9873
0.9812
0.6824
0.4122
0.2903
0.2145
0.1493
0.8560
0.3540
0.4956
0.2610
0.7320
0.4846
0.4456
0.6322
0.5072
0.5647
0.3344
-0.0956
-0.1637
-0.2249
-0.1835
-0.1977
0.1069
-0.1512
0.0675
-0.1388
-0.0376
-0.0083
0.0089
0.1874
-0.1459
-0.1785
-0.1697
-0.3382
-0.2510
-0.3738
-0.4410
-0.4723
-0.4571
-0.1774
-0.6255
-0.6113
-0.5632
-0.6216
-0.9119
-0.2449
-0.3506
0.3551
1.4873
1.5873
1.0892
2.5284
2.8336
2.9937
2.2304
1.8040
1.5630
1.2028
0.7135
-0.0179
0.6755
0.7189
0.3606
0.8407
0.4556
0.7953
0.5730
-0.0192
-0.1086
-0.1214
-0.3504
-0.7545
-1.0817
-1.2194
-1.8014
-1.6807
-1.5015
-0.9394
-1.3027
-1.3131
-1.2811
-1.9636
-1.7221
-1.5020
-1.6111
-2.0038
-1.7544
-1.6128
-1.6944
-2.4688
-2.4984
-2.7213
-3.0147
-3.2287
-3.4428
-3.6306
-3.8163
-3.9789
-4.1848
-4.3220
-4.3578
-4.4662
-4.5261
-4.4456
-4.6889
-4.6717
-4.6819
-4.6545
-4.7047
-4.6551
-4.6505
-4.5881
-4.3502
-4.5612
-4.5007
-4.2299
-4.2455
-3.8730
-4.0783
-3.7334
-3.2133
-2.9978
-2.4489
-2.9710
-2.5844
-2.6940
-1.6903
-2.6536
-2.6160
-2.4616
-2.2987
-2.7815
-2.4950
-2.7225
-2.4007
-2.7276
-2.3578
-2.5833
-2.7372
-2.4998
-2.3972
-2.2422
-2.0373
-1.9187
-2.1136
-1.9865
-1.8809
-1.7012
-1.3511
-1.6337
-1.9221
-1.1584
-1.9570
-1.8003
-2.0253
-2.1035
-1.7632
-1.6549
-1.6104
-1.4599
-1.5056
-1.0647
-1.0301
-1.2890
-0.8347
-0.6992
-0.2189
-0.8272
-0.3500
-0.9614
-1.1398
-1.0040
-1.2088
-1.3523
-1.3893
-1.4798
-1.6884
-1.5970
-1.9766
-1.5615
-1.8037
-1.9657
-1.8747
-1.6081
-1.6340
-1.4165
-1.4152
-1.6926
-1.4437
-0.3520
-1.2742
-1.3647
-1.2304
-1.3563
-0.6254
-1.1707
-0.7965
-0.7933
-0.7563
-0.5577
-0.6415
-0.4382
-0.0303
-0.5241
-0.4468
-0.4167
-0.7763
-0.6429
-0.8349
-0.7470
-0.4621
-0.4653
-0.1245
0.3286
0.6860
1.1133
0.7932
1.6992
1.0757
0.8198
0.6549
0.8333
1.5774
0.8335
1.8034
1.8952
2.4436
2.6452
2.4925
3.1667
3.6542
3.2397
3.3872
4.1567
5.7022
4.5140
5.1326
6.0193
5.3809
6.0832
5.7820
6.2236
4.7362
4.3128
3.4875
3.5328
2.7723
2.9306
2.9990
2.9181
3.2897
3.2536
3.0056
2.7758
2.9380
2.9834
3.0513
2.7691
2.7912
2.6250
2.8732
3.4239
3.2744
3.4199
3.2222
3.3070
3.3567
3.3799
3.2359
3.6354
3.9024
3.3036
3.4952
3.3536
3.0939
2.9424
3.0208
2.6584
2.4776
2.4949
2.3125
2.2584
2.2977
2.1226
1.9867
1.7655
1.6516
1.4671
0.9796
0.9363
1.2184
1.1737
1.3018
1.2283
1.2875
1.1103
1.2457
1.1464
0.7084
0.9408
0.6270
0.5531
1.0517
0.1430
0.2560
0.9942
0.5762
0.5530
0.1673
0.4718
0.9827
1.0561
0.6787
0.7956
-0.0121
0.0113
-0.4753
-0.4423
-0.1183
-0.4517
-0.3768
0.1745
0.3506
0.1486
-0.1705
-0.1772
-0.0608
-0.2069
-0.5489
-0.8358
-0.8059
-0.9615
-1.1302
-1.0483
-1.4711
-1.3694
-1.7541
-1.8267
-1.6739
-1.4196
-1.4467
-1.2697
-1.7879
-1.5967
-1.4208
-1.7065
-1.4725
-1.6107
-1.4734
-1.7688
-1.8728
-1.3447
-1.9316
-2.2081
-2.2098
-2.2540
-2.3089
-2.1084
-1.6499
-2.1305
-2.2149
-2.3739
-2.0641
-2.3495
-1.8559
-1.8039
-0.8983
-1.1433
-1.2636
-1.3110
-1.5507
-1.7812
-1.6874
-2.0942
-1.9734
-2.1664
-2.0826
-2.4807
-2.5466
-2.4514
-2.5169
-2.5623
-2.5949
-2.4907
-2.5032
-2.5249
-2.3969
-2.3422
-2.1972
-1.4304
-1.9252
-2.2297
-1.8771
-1.9842
-1.6385
-2.2050
-2.3064
-2.5654
-2.6379
-2.4432
-2.9736
-2.8219
-3.3193
-3.3504
-2.9650
-2.9210
-2.8214
-3.0002
-3.3739
-3.2078
-4.3352
-3.9140
-4.0262
-3.6994
-3.8523
-3.5642
-3.7220
-3.5161
-3.9588
-3.8729
-4.0390
-3.8478
-3.6376
-3.6156
-3.9188
-4.1199
-4.1105
-4.1737
-3.6386
-3.8895
-3.7134
-4.0193
-4.0973
-3.9369
-3.9874
-3.8956
-4.1346
-4.2660
-4.2367
-4.0421
-4.1992
-3.9382
-4.1116
-3.8641
-3.6265
-3.5088
-3.6308
-3.3313
-2.9362
-3.3262
-3.1502
-2.8072
-2.7836
-3.0253
-2.8174
-2.7042
-2.7137
-2.4706
-2.4438
-2.1431
-2.2061
-1.9804
-2.0083
-1.8688
-1.7958
-1.6666
-1.5281
-1.4595
-1.6607
-1.4940
-1.3567
-0.9814
-0.9235
-0.9842
-0.9669
-0.9237
-0.7643
-0.9518
-0.7950
-0.5175
-0.5225
-0.5261
-0.2056
-0.1848
-0.2672
-0.0535
0.7468
0.4536
0.7144
0.9131
0.6534
1.1305
0.8767
1.0616
1.3125
1.1939
1.3829
1.2916
1.5377
1.2733
1.3442
1.7523
1.6727
1.8387
1.8431
2.2338
2.2463
2.2678
2.3113
2.4053
2.6942
2.5271
2.6154
2.7832
2.9693
3.1078
2.8488
2.9917
3.0629
3.2344
3.6396
3.5621
3.9452
3.8784
4.1681
4.3937
4.8186
4.6667
4.7278
4.6915
4.7623
4.7389
4.8120
4.8192
4.9975
4.6751
4.4648
4.5004
4.0876
3.9838
3.9080
4.4414
4.1995
4.4967
4.6529
4.7596
4.4751
4.7147
4.6611
4.8101
4.6717
4.6958
4.9937
5.0775
4.8439
4.8917
4.8270
5.1731
4.4860
4.2667
4.0627
4.3012
4.2135
3.9865
4.0551
4.1032
3.8126
3.7681
3.6476
3.9549
3.5399
3.5417
3.5242
3.6697
3.7879
3.5797
3.5743
3.2861
3.1332
3.0981
2.9873
3.1956
2.9839
2.8966
3.1250
2.7772
2.7777
3.2607
2.7190
2.7300
2.5511
2.5232
2.6555
2.3579
2.5381
2.3013
2.3173
2.4503
2.1657
2.1762
2.4470
2.0725
1.8759
2.1726
1.7069
2.0047
1.6648
1.7511
1.8626
1.9017
1.5492
1.7069
1.9729
1.9543
1.7025
1.4400
1.2370
1.6962
1.0209
1.0780
0.9200
0.6471
0.6207
0.6289
0.3990
0.1541
0.0517
0.0232
0.2564
-0.0625
-0.1326
-0.1939
-0.4814
-0.6044
-0.3071
-0.5619
-0.5582
-0.9472
-0.8950
-0.7102
-1.0074
-0.9019
-0.9547
-0.8181
-1.0005
-1.2580
-1.2031
-0.9913
-1.0776
-1.2452
-0.9633
-1.7148
-1.5500
-1.7057
-1.8560
-1.8478
-1.8110
-1.8433
-2.0910
-2.1285
-2.0676
-1.6727
-1.8734
-1.9437
-1.6345
-1.6598
-1.9937
-2.1057
-2.1229
-2.0540
-2.3616
-2.1357
-2.3288
-2.3699
-2.2039
-2.1936
-2.2715
-2.0781
-2.3191
-2.1834
-1.6556
-1.2353
-2.0308
-1.2316
-1.1231
-0.7334
-1.4435
-0.7573
-1.2589
-0.4927
-0.4855
-0.5721
0.2288
-0.2903
0.9913
0.6335
1.4761
1.0591
1.6236
1.0286
1.2920
1.1213
1.6628
0.9693
1.1113
0.6227
-0.0198
-0.0588
-0.6204
-1.0364
-1.6973
-2.3896
-1.9482
-2.5602
-2.4741
-2.7254
-2.3030
-2.5394
-2.7336
-2.4757
-2.6692
-2.4455
-2.4258
-2.7046
-2.7363
-2.7520
-2.6515
-2.7424
-2.5349
-2.3592
-2.4269
-2.3535
-2.0764
-2.1198
-2.2057
-2.1970
-1.6428
-1.9597
-1.9543
-1.6394
-1.6105
-1.3502
-1.4608
-0.5931
-0.6598
-0.3633
-0.2686
0.0118
0.0160
1.0395
1.4226
1.9227
2.2148
2.7256
2.1841
3.6568
3.2849
4.0584
4.8283
4.7217
4.9957
5.2968
4.8376
6.3746
4.7847
4.5940
4.4448
3.8299
3.3841
2.7027
2.7333
2.9369
2.0946
1.4735
2.0570
1.1462
0.9543
0.3415
0.1193
0.6880
-0.0969
0.2906
-0.1483
-0.3184
-0.3167
-0.4922
-0.6992
-0.3277
0.0134
0.0571
-0.0851
0.4059
0.6294
1.7232
