1.02181305
1.13925880
1.28324276
1.36463471
1.61195103
1.79670381
2.06377679
2.29124688
2.45740820
2.61939408
2.84201019
3.06376561
3.29065066
3.50065038
3.70066469
3.86404068
4.02868087
4.27747354
4.39315429
4.65324656
4.76342264
4.90752817
5.08498780
5.36882572
5.72315372
5.83165312
5.99777848
6.17228821
6.65894140
6.84394082
6.90828173
7.03576295
7.22248128
7.50688876
7.84854538
8.55405407
8.45628039
8.95241968
9.28442251
9.49177520
9.46619169
9.65473712
9.83497592
9.52755423
10.16774999
10.34170868
10.50266009
10.65538440
10.79194905
10.91632777
11.05554705
11.17919715
11.28919467
10.95214737
10.15822150
10.31301521
10.26792230
9.90514399
9.98645054
9.34938278
9.92656121
10.22771431
10.29564095
10.62231873
10.70255805
10.76454896
11.29400814
11.33737826
10.40053056
10.43059595
10.13311307
10.47956572
10.49977481
9.73617812
9.75974424
