1.6682
1.2743
1.7544
2.1204
2.4477
2.1941
2.5702
2.1398
2.2565
2.5748
3.0636
3.5397
2.6211
3.2160
3.6133
3.8149
2.9303
2.9238
3.5176
3.5834
3.2815
3.7980
3.0038
2.4089
2.8085
2.6490
2.1187
3.3979
1.8839
3.9143
2.6359
2.1935
2.0330
2.2313
2.1610
1.9121
2.2959
2.6693
2.5200
2.5874
2.5677
2.3094
1.6812
1.0631
1.6550
0.9721
1.0042
1.4464
1.0090
1.0548
0.8473
1.9621
1.6605
1.6673
2.0181
1.7050
2.0287
2.0686
0.9624
1.1565
1.0167
1.4825
1.6295
1.3334
1.3562
0.9751
0.7712
0.7410
1.0302
1.4803
1.4594
1.4916
1.1659
1.3210
1.4400
1.8710
1.4657
1.2243
1.7505
1.6557
1.8206
1.5679
2.1187
1.9679
2.0076
2.3349
2.6481
2.9992
2.8007
2.9345
3.0061
2.2558
2.1738
2.0055
1.9582
2.3585
2.6081
2.7334
2.7200
2.9091
3.2276
3.3196
3.4187
3.0371
3.1404
3.3306
3.1159
3.5331
3.6213
3.9468
3.5651
3.4072
3.9853
3.8009
4.0624
4.5453
4.2657
3.8853
4.4628
4.2248
4.2736
4.0790
3.9814
3.1999
3.1247
3.5912
3.1130
2.8515
2.6422
2.5853
2.5012
3.0594
2.5546
2.7421
2.2884
2.4709
2.1557
1.7193
2.2803
1.5282
2.5563
1.1467
1.3772
1.6312
1.7876
1.4143
1.1496
1.5093
1.5692
2.2517
2.2286
2.2904
1.5764
2.3020
1.3866
2.1231
2.1616
2.1839
1.7272
1.5084
2.2555
2.0458
2.0243
2.0436
2.1887
1.8186
2.2799
2.2790
2.5521
2.5211
2.8708
2.7887
3.1298
3.5297
3.0515
3.6184
3.6513
3.4310
3.4131
3.4111
2.6850
2.1335
3.0477
2.7642
3.7758
3.4708
3.4315
3.9323
4.1179
3.5051
3.6849
3.2902
3.1723
3.8655
3.2765
3.6850
2.9630
2.8563
2.6308
2.6723
2.7938
2.4306
2.6096
2.1397
2.0459
2.1954
2.0093
1.7604
2.4070
1.9554
1.8609
1.6265
1.4937
2.2469
1.7733
1.4935
1.5989
1.2212
1.3810
1.5428
1.9899
1.8694
1.8433
2.0995
1.9801
1.9912
2.1930
2.0973
2.2863
1.8517
1.9227
1.7204
1.6593
1.5172
1.4842
1.3494
1.8414
1.4648
1.7691
1.2087
1.1758
1.3469
1.0654
1.1910
1.1685
1.2773
1.5854
1.5407
1.2440
1.0564
0.7990
0.9855
0.6325
0.7255
0.6840
0.7112
0.4350
0.2327
-0.2205
-0.3651
0.0019
-0.5030
-0.0328
-0.4040
-0.5069
-0.5718
-0.2885
-0.5367
-0.3973
-0.2403
-0.4372
-0.5281
-0.6604
-0.6889
-0.9084
-0.8441
-0.9838
-1.0670
-1.1501
-1.0686
-1.1301
-1.0307
-1.0035
-0.6530
-0.7700
-1.0067
-0.6459
-0.9346
-0.7616
-0.6347
-0.5659
-0.7466
-0.5685
-0.4858
-0.1970
0.1123
0.1563
0.6657
0.7361
0.6732
0.7708
1.0047
0.7842
1.1960
1.1917
0.9362
1.2869
1.1548
1.2537
1.4398
1.3967
1.4176
1.3042
1.4598
1.2820
1.3534
1.4737
1.8627
1.9842
2.2956
2.0592
2.1908
2.2119
2.0020
1.9798
2.0663
2.0125
2.4373
2.0833
1.7790
1.6713
1.5942
1.4324
1.6681
1.3763
1.1153
0.8611
0.7876
0.7758
0.5060
0.6111
0.5910
0.3906
0.1017
-0.3272
-0.2059
-0.1377
-0.1693
-0.1361
-0.1554
0.0876
0.4865
-0.1243
0.1607
-0.2168
-0.4157
-0.3724
-0.2053
-0.3966
-0.4767
-0.4587
-0.5580
-0.4069
-0.8049
-0.9019
-0.9661
-1.0356
-1.0721
-1.1983
-1.3064
-1.0942
-1.4132
-1.3420
-1.3734
-1.2748
-1.2681
-1.2974
-1.3710
-1.4656
-1.5171
-1.5329
-1.5331
-1.4979
-1.4591
-1.2687
-1.3587
-1.2431
-1.3029
-1.0077
-0.9837
-0.7481
-0.7829
-0.7849
-0.6941
-0.8454
-0.8795
-0.7014
-0.5068
-0.5090
-0.3568
0.1381
-0.3934
-0.5667
-0.5357
-0.1639
-0.5852
0.0382
-0.4969
-0.5471
-0.6087
-1.1061
-0.7238
-1.4473
-1.3484
-1.2209
-2.0569
-2.0547
-2.0418
-2.3234
-1.9649
-2.3612
-2.1550
-2.3602
-2.3001
-1.8156
-2.4191
-2.2325
-2.2975
-2.3930
-1.2147
-2.1253
-1.9936
-1.9083
-1.2313
-1.9688
-2.1472
-2.0039
-1.9582
-2.3828
-1.8419
-1.5696
-1.5780
-2.2525
-1.9537
-2.1755
-1.9736
-1.6015
-1.6891
-1.6594
-1.6960
-1.7264
-1.2934
-1.4446
-0.6369
-0.9844
-1.2968
-1.4615
-2.0183
-2.4779
-2.0809
-2.0338
-2.6598
-1.8940
-2.1944
-1.3839
-2.0626
-2.3285
-2.6680
-2.5110
-2.5056
-1.8789
-2.2528
-2.0171
-2.1610
-1.9366
-1.9830
-1.8630
-1.8028
-1.6549
-1.8726
-1.7490
-1.5701
-1.6143
-1.7377
-1.9482
-1.6372
-1.9417
-1.8705
-1.9686
-2.3750
-1.7765
-2.3774
-2.1081
-2.2785
-2.1548
-1.8276
-1.7788
-1.3991
-1.7080
-1.6927
-1.3401
-1.8908
-1.7255
-1.2944
-1.6041
-1.4918
-1.6454
-1.2431
-1.9893
-2.0275
-1.7858
-1.7784
-1.5396
-1.0668
-1.5635
-1.4287
-1.4869
-1.0711
-1.4633
-1.5944
-1.7393
-1.4442
-2.1318
-2.1301
-2.0084
-2.1565
-1.8298
-1.2650
-1.5901
-1.1940
-1.0706
-1.2078
-1.2977
-1.0954
-1.2207
-0.8699
-1.0889
-1.0243
-0.8527
-0.4552
-0.8281
-0.3763
-0.5480
-0.2784
-0.3199
-0.5937
-0.5269
-0.5079
-0.3365
0.0357
-0.1842
-0.1764
0.0819
0.2709
0.7777
0.2403
0.4539
0.3971
0.5570
0.6397
0.8354
1.3292
0.9421
0.8822
0.6714
0.6262
0.7576
0.5927
0.5902
0.4443
0.3507
0.0898
0.0310
-0.1323
-0.1926
-0.2251
-0.1737
-0.1910
-0.1664
-0.1297
-0.4356
-0.6025
-0.7341
-0.6011
-0.8920
-0.8649
-1.0344
-1.1078
-1.3027
-1.3855
-1.3459
-1.4572
-1.4839
-1.2700
-1.6652
-1.6653
-1.6963
-1.6839
-1.5987
-1.7361
-1.7526
-1.7083
-1.6632
-1.1974
-1.6171
-1.5650
-1.3072
-1.7576
-1.7021
-1.5578
-1.8530
-1.8054
-1.6090
-1.8257
-2.1269
-1.9447
-1.8131
-1.7328
-1.6800
-1.5629
-1.2493
-1.2743
-1.3634
-1.0409
-1.3022
-0.6525
-1.1524
-1.5366
-1.5744
-1.4703
-1.3474
-1.1295
-0.9411
-0.4173
-0.4474
-0.2468
-0.0345
-0.1745
0.1304
0.2526
0.2433
0.1879
0.2906
0.0468
0.0505
-0.0202
-0.0540
0.0159
-0.0782
-0.0882
-0.1668
-0.2328
-0.2027
-0.2726
-0.2178
-0.2751
-0.2082
-0.1889
-0.1425
-0.1079
-0.1704
-0.1658
0.1104
-0.2345
-0.3767
-0.4352
-0.6215
-0.7112
-0.5547
-0.8175
-0.5647
-0.9083
-0.7537
-0.9862
-1.3366
-1.4649
-1.6261
-1.7218
-1.4190
-1.6646
-1.7925
-1.6851
-1.2088
-1.6761
-1.3889
-1.2811
-1.6929
-1.4681
-1.5871
-1.6193
-1.6669
-1.8185
-1.6930
-1.7770
-1.6956
-1.9787
-1.4888
-1.8748
-2.0487
-2.1127
-2.3103
-2.3293
-2.1936
-2.1369
-2.1368
-1.9188
-2.5544
-2.5197
-2.3351
-2.3555
-2.3401
-2.2671
-2.2756
-2.1912
-1.8890
-1.6241
-1.8544
-1.7779
-1.9200
-1.9998
-1.8178
-2.0267
-1.8683
-1.9764
-2.0108
-1.9626
-1.9889
-2.0304
-1.7512
-2.0018
-2.1071
-1.7078
-1.9585
-2.3892
-2.0658
-2.3822
-2.0860
-1.7018
-1.9804
-2.1608
-2.0095
-2.1081
-2.2138
-2.0759
-2.1638
-1.9457
-2.0305
-2.1283
-2.1433
-2.3476
-2.4661
-2.4979
-2.4593
-2.1828
-2.3629
-2.2865
-2.2645
-1.6380
-1.6862
-1.7049
-1.5085
-1.5404
-1.4642
-1.3497
-1.3928
-1.5736
-1.2888
-1.4411
-0.9819
-0.6154
-0.6422
-0.2440
-0.4392
-0.4607
-0.1333
-0.8435
-0.8707
-0.8132
-0.5552
-0.5969
-0.3755
-0.2906
-0.4225
0.0694
0.3252
-0.0956
-0.0686
0.5490
1.1144
0.6146
1.7254
1.5929
0.8950
1.3304
1.0900
1.0489
1.1060
0.9681
1.3303
1.2539
1.3966
2.0666
2.1074
1.8176
1.0836
0.9611
1.4286
1.4226
1.5809
1.7368
2.0046
1.5760
1.6644
2.2425
1.3799
1.3851
1.6294
1.2368
1.4217
0.8602
1.2189
0.9575
1.1793
0.6194
0.7378
1.1113
1.2336
1.2339
1.5988
2.2725
2.7165
2.9563
3.2325
3.4878
4.0603
4.2280
4.4980
4.3070
4.1334
4.2566
4.5027
4.1712
4.4847
4.2485
4.9882
4.6159
4.2926
4.3069
4.3670
4.0325
3.9420
4.3876
3.8792
4.0177
4.5052
4.5792
4.6448
5.0244
4.8618
6.1754
5.2300
5.2398
5.2052
5.7086
5.5096
6.2654
6.4134
6.6554
6.3893
6.9257
6.1427
5.5268
5.7935
5.2327
5.3788
5.2557
5.4831
5.3835
6.5024
6.0353
6.0844
5.7261
5.0146
5.5843
5.1922
5.3736
5.4286
5.1445
5.3228
5.2469
6.0549
5.2404
5.4197
5.2052
5.1940
5.4109
5.5167
6.6484
5.7863
6.0472
5.4573
4.5448
5.9795
4.6290
4.9361
5.2005
4.7956
5.1369
4.9633
5.7399
5.6196
5.2535
5.7928
5.1357
5.0274
5.1942
5.4799
4.6871
5.0999
5.1816
4.9932
5.3929
5.3193
5.0973
5.4836
5.0400
5.2925
5.2485
4.7711
4.4657
4.9007
4.2066
4.0148
4.3804
4.5744
4.0262
4.9414
4.5439
4.2968
5.2629
4.8045
5.1046
4.3428
4.0953
4.8014
3.9309
4.6645
3.9888
3.6502
3.2702
2.5659
2.0909
1.9823
1.6015
1.8618
1.8830
1.2761
1.6533
1.3838
0.9581
1.2619
0.4317
0.6104
0.2953
0.1326
-0.0936
-0.0716
-0.4309
-0.9085
-0.9421
-1.1667
-0.9899
-1.2110
-1.1445
-1.3003
-1.5356
-1.7363
-1.5559
-1.8922
-2.0725
-1.7480
-2.1451
-2.0771
-1.5204
-1.9626
-1.8136
-2.0680
-2.0769
-1.3587
-2.2935
-1.9766
-1.8063
-2.1472
-1.7285
-1.9092
-1.6086
-1.6175
-1.5730
-1.0780
-1.0735
-0.9688
-1.1742
-1.3371
-1.0997
-0.8385
-0.6944
-0.2707
-0.2754
-0.2038
-0.2939
0.1588
-0.0586
0.0846
0.1295
0.0818
-0.1269
0.1812
-0.2358
-0.1681
-0.2114
-0.2345
-0.3039
-0.4278
-0.6511
-0.4711
-0.5333
-0.7436
-0.6685
-0.6450
-1.1903
-1.3444
-1.5626
-1.6924
-1.8606
-1.4614
-1.9815
-1.7965
-1.9529
-2.0514
-2.0394
-1.8335
-1.7686
-1.7116
-1.9320
-1.9811
-2.0549
-2.2669
-2.5494
-1.9597
-2.7187
-2.6677
-2.5006
-2.6092
-1.8429
-2.8459
-2.3723
-2.8227
-2.8381
-3.0000
-3.1965
-3.8101
-3.3038
-3.5037
-3.2324
-3.1877
-3.0498
-3.2781
-3.3284
-2.6627
-3.0737
-2.9689
-2.9173
-2.7809
-2.8684
-3.0927
-3.0625
-3.0541
-2.8326
-2.8502
-3.0840
-3.0054
-3.2183
-2.7795
-3.0269
-2.8754
-3.1058
-2.7629
-2.9446
-3.0919
-3.0597
-3.5810
-3.3350
-3.5789
-3.5764
-3.7635
-3.9464
-3.7452
-2.8322
-3.8816
-2.6568
-3.3267
-3.4064
-2.7904
-2.5617
-3.0279
-3.0045
-3.5271
-2.9594
-2.8185
-2.3583
-2.1103
-1.6055
-2.1838
-2.4461
-2.4964
-1.6764
-1.4805
-1.4604
-1.1466
-1.0327
-0.9262
-0.9535
-1.1645
-0.9635
-0.9282
-0.7741
-0.4763
0.0111
0.1719
0.5028
0.5107
0.8043
0.7241
0.8516
0.9340
1.0539
1.1096
1.0926
1.0581
1.0072
1.4171
1.0914
0.9096
0.9435
0.6257
0.5174
0.4715
0.6843
0.3802
0.2120
0.2054
-0.0751
-0.0748
-0.4067
-0.3478
-0.6634
-0.8613
-0.8163
-0.9031
-1.0791
-0.6716
-1.1048
-0.8887
-1.1039
-1.0772
-0.8463
-1.1705
-1.1597
-0.9333
-1.1788
-0.9002
-0.8265
-0.9394
-0.7069
-1.0116
-0.9410
-0.9953
-0.5340
-0.8984
-0.7889
-0.9075
-1.1304
-1.1676
-1.4295
-1.3650
-1.1886
-1.1684
-1.3001
-1.7112
-1.9068
-1.9250
-2.3356
-2.3759
-2.1022
-2.4287
-2.5196
-2.0839
-2.2530
-2.0076
-1.6857
-1.9338
-1.9534
-1.9981
-2.1240
-2.1544
-1.9411
-2.0830
-2.2239
-2.5653
-2.7432
-2.5727
-2.6256
-2.3269
-2.3749
-2.4586
-2.4440
-2.4580
-2.4140
-2.6091
-2.7377
-2.8936
-2.7315
-2.8187
-2.5405
-2.2546
-2.0358
-2.0625
-1.8519
-2.2792
-2.0413
-2.1987
-2.4054
-2.2519
-2.4139
-2.2847
-2.4689
-2.1777
-1.7978
-2.0821
-2.1807
-2.1289
-2.2404
-2.1544
-1.9863
-1.9672
-1.3754
-1.6599
-1.5479
-1.5029
-1.3125
-1.3502
-1.2507
-1.2398
-1.1598
-1.1589
-0.7544
-0.9310
-0.7021
-0.6465
-0.5062
-0.8261
-0.8618
-0.8977
-0.9807
-0.9270
-1.0186
-1.2238
-1.0859
-1.1170
-0.4034
-0.7685
-0.9183
-0.7763
-0.5524
-0.6983
-0.5327
-0.3967
0.1669
-0.4481
-0.6945
-0.5931
-0.8741
-0.5735
-0.7312
-0.7184
-1.0430
-1.0674
-1.0691
-0.9506
-0.4640
-0.7063
0.0829
-0.0620
0.5463
-0.0621
0.5558
-0.2039
-0.2831
-0.0468
-0.1322
0.9384
0.5495
0.5651
0.9420
0.4990
0.8136
0.4722
0.2634
0.5594
0.2934
0.5698
0.1476
-0.2740
-0.3778
-0.0135
-0.3546
-0.4436
-0.3560
-0.6253
-0.5042
-0.7659
-0.8094
-0.6428
-0.5596
0.3253
-0.2483
0.2085
-0.0109
0.1837
0.1660
0.0033
0.5832
0.2286
0.3706
-0.2094
0.3192
-0.1761
0.4383
0.3435
0.7603
0.8799
1.0330
0.7377
1.2501
0.9259
1.1815
1.1307
1.3268
1.5093
1.4825
1.8051
1.5157
1.6992
1.6197
1.7483
2.0161
1.9514
1.9322
1.9005
1.6711
1.6734
1.7334
1.9539
2.1689
2.3248
2.8858
2.8617
2.5262
2.5062
2.4878
2.4622
2.6968
3.0438
2.6183
3.1117
3.0261
2.7334
2.4048
2.5777
2.6140
2.3262
3.0579
2.5593
2.0883
2.0561
1.9722
2.2949
2.1844
2.5467
2.0493
1.9688
2.0481
2.2592
2.4092
1.9745
1.8519
1.4987
1.5760
1.5208
1.4804
1.5565
1.5045
1.6831
1.5651
1.8255
1.5617
1.6111
1.1725
1.1808
0.9900
0.6411
0.7595
0.5182
0.5602
0.7567
0.7012
0.8711
0.7477
0.5666
0.7649
0.7844
0.6969
1.4410
1.3340
1.7149
1.8863
1.8347
1.9592
1.7593
1.7615
1.9286
1.8447
1.6903
2.0348
1.6733
2.0258
1.8068
1.8150
1.6564
1.6833
1.7991
1.5327
1.3666
1.0942
1.2809
1.1774
1.2830
1.4817
1.3144
1.4166
1.6283
1.6041
1.5302
1.6456
1.3122
1.6756
1.5471
1.5897
1.5300
1.1817
1.2361
1.4676
1.8083
1.4829
2.5180
1.7232
1.7182
1.6443
1.5126
1.9447
1.6052
1.5636
1.6873
1.1931
1.5105
1.4310
1.6119
1.8174
2.2816
1.8407
2.1543
2.1063
1.7980
1.6978
1.4844
1.5945
1.5906
1.6090
1.6221
1.6506
1.3111
1.2515
1.4684
1.2581
0.9461
0.6811
1.0295
0.7270
0.5844
0.6240
1.0989
0.9842
1.2871
1.2007
1.4666
1.3140
0.9694
0.7787
0.8046
0.7541
0.8583
0.9082
1.4211
1.4304
1.1360
1.6186
1.1717
1.2776
1.3021
1.3201
1.6093
1.9575
2.5493
2.3111
2.4829
2.1226
2.2509
2.3792
1.8981
2.0751
1.8034
1.6478
1.9466
2.2039
1.8645
1.4762
1.9492
2.0863
1.8543
2.1915
1.9292
1.7714
2.0847
1.5998
1.4023
1.5650
1.2726
1.4971
0.9744
0.9449
0.6986
0.7611
0.0431
-0.2000
-0.4806
-0.3953
-0.8401
-1.0733
-1.2573
-1.2972
-1.4816
-1.7766
-1.8613
-2.1538
-2.1932
-2.3708
-1.9999
-2.3017
-2.4509
-2.2653
-2.4753
-2.4515
-2.6091
-2.5086
-2.7221
-2.6592
-2.8962
-2.6942
-2.8613
-2.5355
-2.5182
-2.6290
-2.7875
-2.6522
-2.5672
-3.1042
-3.1979
-2.6539
-3.4676
-3.1999
-3.5630
-3.4759
-3.4500
-3.7633
-3.9404
-3.3437
-3.6811
-3.4018
-3.9389
-4.1971
-3.7854
-4.0885
-4.1456
-4.3679
-4.5246
-4.3008
-4.5284
-4.4574
-4.5035
-4.2172
-4.5781
-4.5040
-4.7021
-4.7619
-4.3560
-4.8203
-4.5737
-4.6676
-4.4432
-4.7324
-4.9381
-5.1162
-4.8520
-4.9573
-4.7743
-4.9378
-4.8641
-4.8033
-4.7351
-4.9156
-4.6830
-3.9846
-4.7403
-4.9790
-4.9683
-4.9328
-4.3433
-4.5539
-4.7534
-4.9696
-4.7738
-5.0285
-4.8428
-5.0381
-4.3470
-4.9044
-4.4928
-4.9223
-4.6559
-4.6962
-4.7800
-4.9235
-4.9043
-4.5559
-4.8642
-4.8945
-4.8836
-4.6568
-4.8779
-4.8562
-4.9178
-4.9512
-4.6733
-4.7508
-4.6578
-4.4149
-4.3693
-4.3818
-4.5209
-4.5430
-3.8970
-3.8370
-4.4450
-4.2538
-4.5732
-4.3678
-4.4653
-3.6603
-3.9369
-3.9685
-3.8069
-3.3983
-3.5397
-3.2613
-2.9809
-3.5486
-3.3093
-3.2355
-3.2392
-3.1553
-3.3936
-3.2787
-3.2257
-3.2551
-3.1116
-2.3062
-2.7599
-2.7637
-2.9601
-2.6897
-2.9581
-2.8466
-2.6079
-2.8839
-2.6046
-2.7902
-1.7989
-1.8623
-1.8069
-1.1335
-1.3448
-1.2573
-0.8869
-1.0203
-1.3395
-0.9533
-1.4009
-1.3349
-0.7692
-1.3025
-0.9178
-0.8615
-1.0990
-0.4684
-0.7215
-0.4407
-0.4941
-0.4901
-0.4560
-0.3755
-1.0295
-1.1240
-1.3103
-1.1242
-1.1509
-0.7657
-0.7643
-0.8314
-0.7785
-0.7361
0.3384
0.2717
0.7570
0.6316
0.3266
0.5017
0.1976
0.4028
0.3196
0.9437
0.1642
0.5331
0.7206
1.6382
0.8233
1.0295
0.8784
1.1273
0.9963
0.6473
1.5479
1.0342
0.7692
1.0806
1.6466
1.7704
1.9333
1.8293
2.5441
2.5966
2.5697
3.1255
3.4453
3.8224
4.2601
4.8680
4.3940
4.8858
5.0214
5.5693
5.3674
4.7375
5.4479
6.2015
6.6352
6.0895
6.6033
6.3565
6.9224
6.0147
6.1518
6.2868
6.0684
6.1141
6.1672
6.1166
6.0546
5.8347
6.1153
5.9704
6.2021
6.2207
5.5766
5.5798
4.8113
4.9741
5.6672
5.4071
5.6913
6.3926
4.8991
5.7874
5.5459
5.4328
5.9169
6.1846
5.8844
4.8932
6.0944
5.5014
6.4827
5.2115
6.3200
5.6756
6.3617
5.7754
6.2356
6.4269
6.8534
5.5855
5.5031
5.7947
6.0768
5.5182
6.9711
6.4901
6.5423
7.3844
6.3571
6.5122
7.1473
6.9716
7.1224
7.2111
7.1291
7.2665
6.4220
5.8780
6.3539
5.7926
5.6170
6.2955
5.2835
5.1971
5.1287
5.5474
5.0611
4.8357
4.6189
4.0596
4.3040
3.9855
3.5842
3.4742
3.0432
3.3326
3.0189
2.6709
3.1863
2.6081
2.9962
2.6849
2.2415
2.4381
2.7678
2.7065
3.1447
3.0336
3.2600
3.4075
3.4878
3.8739
3.3753
3.8648
3.3748
3.8375
3.3855
4.2839
3.5602
3.2573
3.4088
3.1857
3.0901
3.6594
3.0156
2.3916
2.2463
2.0574
2.1444
1.9907
2.1519
2.1771
1.9806
1.8428
1.5568
1.4120
1.4130
1.2823
1.3937
1.5124
1.5695
1.1517
1.2544
0.7920
0.6984
0.4800
0.2972
0.1556
-0.0571
0.2822
-0.0602
-0.0762
0.1021
0.3887
0.2989
0.2237
0.1269
0.0137
0.3242
0.2331
0.4824
0.4971
0.3354
0.1821
0.2229
0.1347
0.6406
0.2752
0.9155
0.5742
0.6903
0.5781
0.9249
0.3149
0.1809
0.5288
0.1387
-0.0152
-0.3458
-0.2230
-0.4808
-0.5138
-0.6486
-0.5461
-0.9566
-0.8736
-0.8040
-1.4608
-1.6483
-1.2334
-1.9214
-0.8780
-1.4572
-1.9691
-1.6518
-2.1215
-2.4650
-2.4783
-2.8029
-2.7527
-3.1650
-3.2071
-3.2095
-3.4839
-2.9656
-3.2070
-3.2008
-3.0619
-2.5440
-2.0603
-2.7986
-2.6946
-2.8719
-2.6789
-2.4366
-2.3731
-2.5053
-2.3114
-1.9197
-2.2811
-1.9622
-2.4547
-1.9011
-2.1050
-2.0723
-1.7172
-1.2967
-1.1975
-1.3039
-1.2429
-1.4103
-1.2196
-1.4609
-1.5189
-1.5125
-1.6366
-1.5553
-1.9185
-1.4344
-1.6308
-1.4539
-1.8258
-1.1352
-1.8327
-1.3154
-1.3712
-0.9245
-0.8344
-0.6753
-0.0833
-0.0124
-0.3775
-0.1996
-0.1990
-0.5761
-0.3551
-0.3701
0.1608
-0.2417
0.1259
0.1450
0.3106
0.1694
-0.0023
0.2167
-0.1146
0.1848
1.1892
0.3850
1.0220
0.2998
0.1396
-0.2098
0.0595
0.6102
0.2162
0.5974
-0.4290
-0.1581
-0.6349
-0.3715
0.0772
0.4368
0.5590
0.3100
0.3925
-0.2182
0.2582
-0.6297
-0.4132
-0.5727
-0.1851
-0.0617
0.2713
-0.4345
-0.6686
-1.2629
-0.6563
-1.2423
-0.5304
-0.4884
0.0235
-0.2771
-0.7365
-0.2904
-0.6516
-0.4022
-0.2977
-0.5388
-0.0461
-0.3225
-0.3684
0.4764
-0.2803
-0.7273
-0.7275
-0.8234
0.1492
-0.2894
-0.2401
-0.8700
-0.9285
-1.0830
-1.1003
-1.3546
-1.5398
-1.0851
-1.2138
-0.6035
-1.8265
-1.7007
-2.0996
-1.8243
-1.5477
-1.3777
-1.6444
-1.7934
-1.9806
-1.9689
-2.1427
-2.0823
-2.4898
-2.5805
-2.5103
-2.3879
-2.3994
-2.4917
-2.8789
-2.3225
-2.6649
-2.9415
-2.9593
-1.9198
-2.3932
-2.5067
-2.7204
-2.4981
-2.3321
-2.2066
-2.5151
-2.1602
-1.8628
-2.0536
-1.8393
-1.7818
-1.8705
-1.3569
-1.8654
-1.4748
-1.9087
-1.5587
-1.6619
-1.7206
-2.3043
-2.3591
-2.0648
-2.2152
-2.0929
-2.0064
-1.8937
-1.7637
-1.9277
-1.7777
-1.8892
-1.8718
-1.7829
-1.8150
-1.8047
-1.8549
-1.8776
-1.9792
-1.9772
-2.0814
-1.9648
-1.9957
-1.8188
-1.7723
-1.6810
-1.4524
-1.5361
-1.5671
-1.5024
-1.5977
-1.6495
-1.6648
-1.7571
-1.7555
-1.8256
-1.8193
-1.8412
-1.7970
-1.7508
-1.6503
-1.5841
-1.5131
-1.5090
-1.4626
-1.4879
-1.1378
-1.3708
-1.2143
-0.9610
-0.9594
-0.3036
-0.5903
-0.3273
-0.4058
0.2684
-0.1720
0.1275
0.2890
0.5894
0.9027
1.0470
1.3731
1.0817
1.2935
1.3548
1.7573
1.5647
1.7150
1.8878
1.9113
2.0915
2.3890
2.4418
2.4734
2.4524
2.1829
1.9778
1.7820
1.8212
1.4846
1.3443
1.2842
1.2121
1.2096
1.1695
1.2304
1.1797
1.1934
1.1174
1.0873
1.2990
1.1122
1.1281
1.1385
1.0925
1.1107
0.9586
1.0761
0.7069
0.5792
0.5518
0.4266
0.9038
0.4901
0.5202
0.5302
0.5261
0.6457
0.7845
0.8762
0.9324
0.8726
0.7733
0.6191
0.4566
0.2968
0.1550
0.0545
0.1875
0.0532
0.2394
0.1074
0.0947
0.1026
0.1581
0.1760
0.2397
0.2998
0.3751
0.4285
0.4725
0.4368
0.3906
0.2502
0.1387
0.0061
-0.0002
0.0966
0.0954
-0.2042
-0.1367
-0.1031
-0.1200
-0.0992
-0.0910
0.0740
0.4088
0.3250
-0.0492
0.1661
0.4635
0.4921
0.7257
0.4154
0.5686
0.6147
0.7768
1.0239
1.2365
1.2066
2.0839
1.2488
1.2319
0.9024
0.8818
1.0822
1.0431
1.4174
0.8868
0.7635
1.2082
1.2344
1.1167
0.5902
0.5728
0.4534
0.3246
0.1046
0.7372
0.2791
0.3503
0.9463
0.5940
0.9149
1.2674
0.3497
0.6599
0.4794
-0.1175
-0.2027
0.3781
-0.1536
-0.0386
0.1124
-0.0719
-0.4389
-0.7799
-0.7408
-0.8915
-0.8694
-1.1595
-0.9136
-1.3011
-1.6443
-1.7697
-1.9224
-1.6745
-1.5561
-1.4562
-1.5847
-1.5852
-1.4083
-1.0672
-1.6298
-1.1861
-1.4165
-1.9879
-1.8833
-1.9275
-1.9216
-1.9401
-1.6958
-1.6727
-1.0801
-1.5741
-1.4366
-1.2984
-1.0651
-1.1700
-0.9676
-1.3564
-0.8677
-0.9694
-0.6632
-1.2556
-1.0302
-1.2606
-0.6977
-0.7982
-1.1891
-0.7728
-0.8377
-1.0806
-0.5193
-0.5441
-1.2581
-1.2989
-1.3296
-0.7761
-1.1853
-1.4899
-1.5132
-0.9925
-1.4714
-1.1162
-1.1316
-1.3724
-1.6228
-1.7084
-1.6813
-1.6298
-1.3121
-1.3372
-1.5141
-1.4708
-1.6614
-1.6742
-1.7657
-1.3353
-1.7582
-1.6815
-1.7420
-1.5476
-1.4835
-1.6166
-1.2394
-1.2668
-1.0658
-0.9104
-0.8421
-0.7998
-0.8927
-0.8335
-0.7649
0.1090
-0.5056
-0.6884
-0.4495
-0.5861
-0.6539
-0.7199
-0.8473
-0.9641
-0.8464
-0.8074
-0.6068
-0.7173
-0.8346
-0.5981
-0.7053
-0.5355
-0.4682
0.2703
0.1910
0.1314
0.2709
0.1180
0.1230
0.3052
0.2034
0.4216
0.8801
0.6451
0.4891
0.5521
0.6662
0.6226
0.5356
0.3601
0.2756
0.4052
0.2532
0.3520
0.3675
0.9186
0.6190
0.7766
1.0850
0.7176
0.7830
0.8231
0.8883
0.5835
0.6180
0.4975
0.6857
0.6341
0.9247
1.0807
0.7907
0.6341
1.2563
0.9610
1.3038
1.1032
1.1727
0.7910
0.9572
0.6303
0.5036
0.4538
0.4206
0.6692
0.6211
0.7314
0.9893
0.8748
0.7999
0.8126
1.2338
1.0778
0.8682
0.6851
0.7649
0.7725
0.7949
0.7411
1.3914
0.8948
1.4346
1.3506
1.6572
1.7663
1.5200
1.5614
2.1029
1.7347
2.0676
2.0533
2.6532
2.6180
2.6143
2.9097
2.7505
2.6506
2.8471
3.0709
3.3483
3.2242
3.2648
3.6543
3.1209
3.5096
3.7073
4.5516
4.0882
4.5707
4.2613
4.1475
4.1218
3.8387
3.9968
4.3098
3.7065
4.4190
3.7288
3.7648
3.5927
3.6138
3.9775
3.9466
3.8705
3.9646
3.7569
3.9757
3.6434
3.6183
3.7775
3.5157
3.6253
3.2010
2.9663
3.2703
3.4450
2.9940
3.6021
3.0507
3.3500
3.8167
3.0442
3.6098
2.9574
3.2950
3.5250
3.1702
3.2021
3.1468
3.2649
3.9840
3.6812
3.3617
3.5092
3.3212
2.8434
2.8159
3.5076
3.1554
3.6413
3.3945
3.2827
3.0816
3.4137
3.4936
3.4659
4.1930
3.8659
3.5559
3.2997
3.2114
3.5166
3.3891
3.4168
3.3176
3.1042
2.6132
2.5100
2.2242
1.8083
1.9970
1.3992
1.6816
1.2881
1.0253
0.9046
0.5536
0.5975
0.3718
0.3895
0.4354
0.8047
0.5432
0.7291
0.1463
0.5587
-0.2778
-0.2607
-0.1429
-0.2641
-0.2181
-0.2482
-0.7860
-0.8923
-1.1509
-1.2353
-1.3257
-1.0062
-1.4914
-1.6329
-1.5839
-1.4935
-1.2048
-1.0300
-1.4559
-0.9267
-1.6081
-1.3316
-1.8921
-2.2239
-2.2000
-2.2068
-2.2467
-1.7742
-1.7790
-1.9025
-1.3684
-1.4945
-1.3696
-1.5882
-1.4297
-1.6847
-1.5056
-1.4777
-1.2643
-0.7902
-0.6245
-0.3113
-0.3965
-0.2703
-0.0767
-0.3834
0.1875
-0.7755
-0.7211
-0.5329
-0.3061
-0.1956
-0.5045
0.0842
-0.0142
0.2534
0.2264
0.9314
-0.4987
-0.6573
-0.0679
-0.0200
0.1776
0.4287
0.3615
0.8102
0.8214
1.0043
0.7038
0.4142
0.5865
0.5942
0.3448
0.3085
0.1806
0.6305
0.4682
-0.3763
0.1641
0.1859
0.0280
0.3371
0.0026
-0.3012
-0.4526
-0.3279
-0.2583
-0.5479
-0.4115
-0.8701
-0.7145
-0.6274
-0.8740
-0.4838
-1.0669
-0.6767
-0.8081
-1.1505
-0.9750
-0.9795
-0.9140
-1.5238
-1.5194
-1.6372
-1.1051
-1.4923
-1.6786
-1.8834
-1.5667
-1.3907
-1.8900
-1.6076
-1.6600
-1.9459
-1.9860
-2.0480
-2.0406
-2.0649
-1.7508
-1.2550
-0.9558
-0.9606
-0.7659
-0.9196
-0.6458
-0.7479
-0.0619
-0.4443
0.0372
-0.3093
-0.4071
0.0105
-0.0840
-0.3298
-0.1454
-0.5431
-0.6599
-0.9818
-0.7122
-0.4863
-0.8013
-0.7210
-1.1900
-0.8865
-0.6546
-0.8363
-0.5619
-1.3932
-0.8178
-1.4440
-1.6993
-1.7483
-1.4989
-0.8938
-1.2703
-1.3900
-1.8191
-1.8529
-1.2709
-1.3553
-1.7156
-1.4274
-1.9193
-1.9258
-2.1391
-1.9411
-1.7736
-1.7770
-1.7344
-1.4103
-1.6434
-2.0354
-2.0276
-1.8458
-1.9420
-1.9601
-1.7422
-1.0930
-1.3677
-1.2120
-0.9649
-1.1457
0.0106
-0.2805
-0.7270
-0.6194
-1.2485
-1.1802
-1.7558
-2.1524
-1.9865
-1.8406
-1.4923
-0.8691
-1.4973
-1.6229
-1.5081
-1.4151
-1.7140
-1.8992
-1.6300
-1.4326
-1.6702
-1.7829
-1.6233
-1.7580
-2.0795
-2.3289
-2.6161
-2.3193
-2.7479
-2.9250
-2.9717
-2.7003
-2.5549
-3.1466
-2.9912
-3.4046
-3.5676
-3.5075
-3.7340
-3.4606
-3.1723
-2.9326
-3.6669
-3.6072
-3.6381
-3.4057
-3.4853
-3.4500
-3.5889
-3.7771
-3.7736
-3.9048
-3.9256
-3.6484
-3.4946
-3.6178
-3.7597
-3.4952
-3.3107
-3.3178
-2.8101
-3.1320
-3.0936
-2.5806
-2.9106
-2.2707
-2.2084
-2.2595
-1.9291
-2.2179
-2.3696
-2.2194
-1.8942
-1.5901
-1.5772
-1.3785
-1.5333
-1.5633
-1.0401
-0.8138
-0.8590
-0.8277
-0.7035
-0.8531
-0.5740
-0.5899
-0.1465
-0.4106
-0.2177
-0.5398
-0.5589
-0.7113
-0.6444
-0.9260
-0.3359
-0.9466
-0.9996
-0.6742
-0.8806
-0.7085
-0.8475
-0.7655
-0.5601
-0.4735
-0.2165
-0.0450
0.3122
0.2872
0.3897
0.4063
0.5659
1.0137
0.9665
0.8551
0.9705
1.1981
1.2638
1.3435
2.0557
1.9415
2.5208
2.3775
2.5735
3.0631
3.1982
3.6513
3.8577
3.9515
4.7533
4.2956
5.5225
4.4114
4.8846
5.0334
4.8316
5.0489
4.8366
4.4324
4.4613
4.3986
3.8551
3.3991
3.3002
3.8398
3.4007
3.0712
3.2420
2.7841
2.8336
2.8782
2.7695
2.7940
3.0472
2.9211
2.9872
3.2875
2.8903
3.3664
3.3360
3.3050
3.3520
3.0225
2.6077
2.7821
2.4055
2.4029
2.3244
1.8626
2.1061
2.1201
2.0635
1.8182
2.1440
2.2767
2.3267
2.0253
1.7258
1.9794
1.8185
1.6989
1.4861
1.4065
1.1818
1.0872
1.6023
1.6186
1.4412
1.4163
1.3831
1.5159
1.5226
1.1651
1.4017
1.3455
1.5156
1.3083
1.7593
0.9002
1.3478
1.2560
1.0560
0.7069
1.1899
0.6751
0.5923
0.9665
-0.0303
-0.1026
0.7253
0.6982
1.1555
0.5717
0.4874
0.0698
0.9354
0.8414
0.6625
0.4050
1.3834
0.6799
0.7740
1.2535
1.8235
1.4513
2.5568
2.0328
2.3726
2.1912
2.1928
1.9749
2.3404
2.2068
1.9421
1.5926
2.1315
1.8012
2.6391
2.0229
2.1078
2.3195
1.9003
2.1749
2.3401
2.8869
2.2836
2.4368
2.2529
2.4849
2.6021
2.7333
3.0822
3.1217
3.0333
3.1566
2.5328
2.6633
2.1485
1.7495
1.5473
1.4238
1.5298
1.3987
0.9224
0.4052
0.4183
0.2956
0.2354
0.3367
0.7605
0.5506
0.2821
0.2355
0.1535
0.2162
0.2381
0.5791
0.5893
0.3305
0.1234
0.2236
0.3641
-0.1129
0.0307
-0.0528
-0.2766
-0.2640
-0.7297
-0.3647
-0.3640
-0.4126
-0.6866
-0.6315
-0.6171
-1.0583
-1.1830
-1.2142
-0.9603
-1.2110
-1.5741
-1.3879
-1.3024
-1.9412
-2.1403
-1.9519
-2.1357
-2.2179
-1.6712
-2.1880
-1.7998
-2.0177
-1.4837
-1.6164
-1.7051
-1.4426
-1.7059
-1.7156
-1.7826
-1.6455
-1.2038
-1.3891
-1.5821
-0.8042
-1.1346
-1.4837
-1.1526
-1.2591
-1.2022
-0.8053
-0.6979
-1.2916
-1.2202
-1.0776
-1.0229
-1.4277
-1.3892
-1.1490
-0.6406
-0.8346
-0.7068
-0.7006
-1.4626
-1.4442
-1.5573
-1.8641
-1.9814
-2.0360
-1.7681
-2.0549
-2.3629
-2.4540
-2.3146
-2.1671
-2.4382
-2.3227
-2.4728
-2.4493
-2.3894
-2.3852
-2.2476
-2.3480
-2.3360
-2.5100
-2.6044
-2.6782
-2.7624
-2.7942
-2.7838
-2.8248
-2.8562
-2.8910
-2.9456
-2.8769
-2.8869
-2.8128
-2.8058
-2.7942
-2.8833
-2.9772
-3.1007
-2.9678
-3.2227
-3.2004
-3.1969
-3.1612
-3.0143
-3.1406
-3.1155
-3.3407
-3.3955
-3.1819
-3.4852
-3.5099
-3.6303
-3.6472
-3.6531
-3.6654
-3.6815
-3.7496
-3.7632
-3.7669
-3.9524
-4.0176
-4.2055
-4.1485
-4.0845
-4.0391
-3.8726
-3.7586
-3.8301
-4.0012
-3.7774
-3.8211
-3.8316
-4.0197
-3.7049
-3.9125
-3.4944
-3.3389
-3.4209
-3.3142
-3.5205
-3.6228
-3.7268
-3.1652
-3.7887
-3.7875
-3.6382
-3.8321
-3.8008
-3.4665
-3.7324
-3.8854
-3.4456
-4.0007
-4.1431
-3.9985
-4.3862
-4.4189
-4.2524
-4.3727
-3.8517
-4.0989
-4.1998
-4.0421
-4.0257
-4.5577
-4.2578
-4.3801
-4.4154
-4.3304
-3.9812
-4.0495
-3.9764
-3.8984
-3.4791
-3.9033
-3.5871
-3.9347
-3.6514
-3.8605
-3.8504
-3.3192
-3.2392
-3.5285
-3.7106
-3.7548
-4.0468
-4.0003
-3.9949
-3.1335
-3.8550
-3.6175
-3.9012
-4.1399
-4.2138
-4.2525
-4.2063
-4.3456
-4.0609
-4.3952
-4.1030
-3.8751
-4.2072
-4.2015
-4.1472
-4.1190
-3.9600
-3.7598
-3.7972
-3.6833
-3.5107
-3.3595
-3.0304
-3.2765
-3.1236
-2.8685
-3.1861
-3.2657
-3.1916
-3.1796
-2.5205
-2.6685
-3.0989
-2.9210
-2.8678
-2.5950
-3.1615
-2.4988
-3.0381
-3.0565
-3.0131
-3.1222
-2.8841
-2.9293
-2.8011
-2.7976
-2.8568
-2.8200
-2.9021
-3.0113
-3.0898
-3.0727
-3.0760
-2.9626
-2.6764
-2.8161
-2.8233
-2.5967
-2.7708
-2.5899
-2.7241
-2.7301
-2.5661
-2.6069
-2.5081
-2.6272
-2.6515
-2.7813
-2.8387
-2.9674
-2.9364
-3.0042
-2.9203
-2.9708
-2.8017
-2.6074
-2.5895
-2.6350
-2.6935
-2.9695
-3.1873
-2.9627
-2.9262
-2.8873
-3.0379
-2.7212
-2.6312
-2.0754
-1.4210
-1.8002
-1.3345
-1.6118
-1.4602
-1.4176
-1.7689
-1.5633
-1.7431
-1.5403
-1.4126
-1.5270
-1.6792
-1.6166
-1.3458
-1.4505
-1.0472
-0.6634
-0.9769
-0.8989
-1.1141
-0.6540
-1.1487
-1.3720
-0.9290
-1.5263
-1.4805
-0.8702
-1.0137
-0.2973
-0.8740
-1.0998
-1.0173
-0.8031
-1.0858
-1.1456
-1.0478
-0.6118
-1.0090
-0.8564
-1.2251
-0.9946
-0.6089
-0.6272
-0.5047
-0.6219
-0.6036
-0.4928
-0.5708
-0.0663
-0.0879
-0.4111
-0.5232
-0.1697
-0.3080
-0.2091
-0.5783
-0.3908
-0.6035
-0.5666
-0.2786
-0.3523
0.1326
0.0348
0.3414
0.3715
0.5085
1.0255
1.4690
1.4765
1.0068
1.6494
1.0939
1.0031
1.2809
1.1324
1.5735
2.3493
2.4234
3.5170
3.9503
4.3201
4.1896
4.9761
4.9292
5.2005
5.9803
5.7262
6.2047
5.9603
6.2178
6.7788
6.5942
7.1327
6.5603
7.0258
7.5294
7.9984
7.8793
8.4892
8.1884
8.2588
8.5086
8.2790
8.5875
8.7617
8.1282
8.1416
8.9886
8.4317
8.5915
8.4444
8.5154
8.5571
9.6144
9.4996
8.8703
8.3459
8.2557
8.1138
8.3561
8.3140
8.7122
8.3724
8.3079
8.3157
8.1334
8.3138
8.4588
8.3896
9.1125
9.1109
9.3340
9.0337
10.2118
8.7305
8.7622
9.1532
9.0226
8.3441
8.6802
8.4559
8.0336
8.5555
8.1054
8.1066
7.1006
7.4209
6.8564
6.5858
6.2097
5.7849
5.5817
5.4623
6.2752
5.7334
5.9930
5.8269
5.8357
5.7284
5.1226
5.4708
5.1272
4.7575
4.6943
4.1533
4.6704
5.0808
4.4136
5.0430
4.6048
4.6847
4.1127
4.0699
4.5719
3.9929
3.9454
3.9393
3.2734
3.2883
3.1396
3.3889
3.1951
3.1157
2.0854
1.8221
1.5323
1.6449
1.8311
1.6412
1.3396
1.1840
0.5359
0.6337
0.7061
0.8814
0.4944
0.2277
-0.0318
-0.0227
-0.4330
-0.9611
-0.8541
-1.1606
-1.6367
-1.3597
-2.0747
-2.4105
-2.5351
-2.7741
-2.5513
-2.9487
-2.9064
-2.9544
-2.9283
-2.5057
-2.5096
-2.8863
-2.9581
-2.9850
-2.3944
-2.4477
-2.8640
-2.7265
-2.7117
-2.7903
-2.5062
-2.3513
-2.3244
-2.2182
-2.5461
-2.6601
-2.8496
-3.0567
-2.6614
-2.8879
-2.2908
-2.7449
-2.5763
-2.6103
-2.6065
-2.7826
-2.4477
-2.5793
-2.3101
-2.4720
-2.5987
-2.5679
-2.7270
-3.1321
-2.9146
-3.1638
-3.0641
-2.8183
-3.1649
-3.0357
-3.3852
-3.2513
-2.9143
-2.9755
-2.6735
-2.9150
-3.1282
-3.4001
-3.3079
-3.4772
-3.2901
-3.2621
-3.3563
-3.3069
-3.1508
-2.9851
-3.0412
-3.3871
-3.0362
-3.3570
-3.1967
-3.3957
-3.0360
-3.1976
-3.1817
-3.0613
-3.2924
-3.2361
-3.3392
-3.2718
-3.0952
-3.4324
-3.3465
-3.8926
-3.2627
-3.7303
-3.9607
-3.3106
-3.6479
-3.5513
-3.4905
-3.9770
-3.5200
-3.5862
-3.7778
-3.2220
-3.6239
-3.2970
-3.2801
-3.2496
-3.1101
-2.1994
-2.9699
-3.0241
-2.0424
-3.0665
-2.7919
-3.2034
-3.1221
-3.1314
-2.2280
-2.3845
-3.1250
-3.3302
-2.8388
-3.2962
-3.6376
-3.7227
-3.4503
-3.8056
-3.2737
-3.8256
-3.4927
-3.5467
-3.6543
-3.4803
-3.7056
-3.9205
-3.8365
-4.0462
-4.2690
-4.2275
-4.1353
-4.2004
-4.3721
-4.1076
-4.4566
-4.4483
-3.9971
-3.7474
-3.9358
-3.8139
-3.1310
-3.3109
-3.4935
-3.3956
-3.4722
-3.3672
-3.3197
-3.4573
-3.2614
-3.5431
-3.4384
-3.5156
-3.3999
-3.1572
-3.0109
-3.0984
-2.8395
-2.9512
-2.5731
-2.4661
-2.3267
-1.9931
-2.1368
-2.5044
-2.4342
-1.9742
-2.2957
-2.0901
-1.7772
-1.8459
-1.6812
-2.0919
-2.4083
-1.8999
-2.2606
-1.7584
-1.9729
-2.1367
-1.3612
-1.3918
-1.8103
-1.4930
-0.6363
-0.0804
0.0431
0.7138
1.3772
0.7553
0.4594
0.7576
0.2456
0.1871
0.8367
0.8906
1.0062
1.2187
0.7744
1.8482
1.8497
1.8498
2.0364
2.6630
1.5743
2.3094
2.7972
2.5362
2.7711
2.0254
2.2605
2.8475
2.3764
2.3337
3.5137
1.8058
1.8367
1.6105
3.0823
1.2798
2.3110
1.7708
1.4608
1.3375
1.4532
1.1266
1.8529
1.9145
1.5901
1.8789
1.4243
1.4081
1.1529
1.3663
1.2840
1.3612
1.4781
1.6547
1.7902
1.2508
1.8883
1.3732
1.6495
1.4812
1.3184
1.7585
1.7527
1.8239
1.7330
1.9831
1.5334
1.7680
1.5265
1.5345
1.7366
1.1914
1.1150
1.2382
1.2902
1.7715
1.5177
1.2123
1.0669
0.8837
0.4837
0.4337
0.8658
0.4864
0.4179
0.4873
0.6067
0.2064
0.3690
0.1065
0.2876
0.9184
0.7716
0.5696
0.5599
0.1687
-0.0688
0.0022
0.2185
0.0583
-0.1340
-0.4148
-0.0932
0.1492
-0.1803
-0.4407
-0.5977
-0.3293
-0.7519
-0.6733
-0.5787
-0.7846
-0.6280
-0.4163
-0.3558
-0.6887
-0.3388
0.0986
0.1470
0.1944
0.2039
0.1528
0.4536
0.6751
0.6864
0.5332
0.6471
0.6817
0.7644
1.0403
0.8542
0.9603
0.9517
1.0799
1.0164
1.3575
0.9607
0.9956
0.8848
0.9121
0.9470
0.8831
0.8200
0.6154
0.4666
0.1787
0.0536
-0.2598
-0.4087
-0.6720
-0.7973
-0.8721
-0.9486
-0.9920
-1.1124
-1.2149
-1.3503
-1.4407
-1.5069
-1.2884
-1.4945
-1.3809
-1.5043
-1.5522
-1.7727
-1.9144
-2.0582
-2.2201
-2.1400
-2.4896
-2.5624
-2.7049
-2.7413
-2.8202
-2.7847
-2.6625
-2.3466
-2.3767
-2.3368
-2.1921
-2.2386
-2.3003
-2.5894
-2.6450
-2.8123
-2.9079
-3.0464
-3.1920
-3.3810
-3.3552
-3.6036
-3.4207
-3.5656
-3.6242
-3.3259
-3.8554
-3.7498
-4.0616
-4.1193
-4.2629
-4.1262
-4.4674
-4.4793
-4.2878
-4.3050
-4.5998
-4.7089
-4.7736
-4.5564
-4.6849
-4.5521
-4.3049
-4.0846
-4.6253
-4.4877
-4.5295
-4.4694
-4.0511
-4.2312
-3.6416
-3.9330
-3.7495
-3.5120
-3.3179
-3.0928
-3.1947
-3.1069
-3.3825
-3.2949
-3.2909
-3.3634
-3.1924
-3.4102
-3.4062
-3.3817
-3.4839
-3.6102
-3.4117
-3.3654
-3.4263
-3.4810
-3.2434
-3.1413
-2.5154
-3.2039
-2.6501
-3.2494
-2.7131
-3.1109
-2.7850
-2.7851
-2.7330
-2.5146
-2.3143
-2.3253
-2.2930
-1.9245
-1.9329
-2.1674
-2.3122
-2.4739
-1.9446
-2.7429
-2.3975
-2.3946
-2.3150
-1.9746
-2.3899
-2.1146
-1.7699
-1.7236
-1.8471
-1.9058
-1.8182
-2.2118
-2.2044
-2.2557
-1.9077
-2.2535
-2.1232
-2.0184
-2.1323
-1.8958
-1.7041
-1.4625
-1.5098
-1.1260
-1.2297
-1.2779
-0.9493
-1.1251
-1.0520
-1.1759
-1.0716
-0.8745
-0.6111
-0.5235
-0.9064
-1.0527
-1.0327
-1.1161
-0.9681
-0.5347
-0.6430
-0.4988
-0.0393
-0.0487
0.1529
0.2383
0.2075
0.2179
0.1476
1.1423
0.3976
1.4296
1.2069
1.2968
1.3508
1.2710
1.4288
1.9708
2.2958
3.3126
2.9754
3.5457
3.5276
3.2665
3.6925
4.0831
4.0895
4.2157
4.6729
4.9134
4.6153
5.2495
6.0462
5.9121
5.4457
5.6454
4.8809
4.7326
4.6113
5.3809
5.0457
5.5566
5.5034
5.8923
5.3708
5.2665
5.7088
5.5462
5.9242
5.9418
5.4819
5.6259
6.2211
6.3613
6.0605
6.4057
6.8464
7.3684
6.9378
6.5905
6.6717
7.1709
7.0708
6.8355
7.2349
7.5938
7.9041
6.7214
5.9925
5.8034
5.5832
5.8399
5.7805
5.9183
5.8788
6.4697
5.5407
6.0235
5.6101
5.5977
5.6807
5.8029
6.0134
5.5023
5.7703
5.4827
5.6477
5.4251
5.2951
6.0255
5.6941
5.6523
6.4709
5.3626
5.5128
4.7898
4.2861
4.6463
3.9695
3.6976
4.1869
3.4390
4.6053
4.1363
5.1795
4.5627
4.9179
4.9875
4.8772
5.0030
4.6847
4.8045
5.2942
4.2481
4.1045
4.3750
3.8769
4.0665
4.1676
4.0663
3.9181
4.5807
3.8265
4.1823
4.0860
3.7639
3.7268
3.7847
3.3705
3.1977
2.8588
2.5192
2.7244
2.7099
2.6183
2.8301
2.7009
2.3717
2.3546
2.8412
2.5402
2.4489
1.8383
1.7282
1.9469
2.0922
2.0038
1.9755
1.9699
2.1446
2.1942
2.2731
1.9247
2.4455
1.9222
2.1576
2.0419
2.1773
1.7399
1.7307
1.5784
1.1976
1.2803
1.7945
2.0395
2.0597
2.4797
1.9399
2.1620
2.1131
2.1092
2.1139
2.0013
2.0142
1.9379
2.2615
2.2069
2.2898
2.3577
2.2930
2.1276
1.9012
1.9363
1.5759
1.3978
1.3736
0.9347
0.5497
0.3338
0.3273
0.1948
0.3551
0.3517
0.3244
0.3643
0.4278
0.2460
0.1430
0.3859
0.0317
0.3928
0.2354
-0.2162
-0.1320
0.0418
0.0165
-0.0945
0.2439
0.7463
0.6607
0.1436
0.2706
0.1723
0.1014
0.2753
0.2044
-0.1196
-0.1597
-0.2596
-0.4505
-0.7513
-0.5798
-0.5841
-0.3921
-0.6663
-0.6487
-0.9539
-1.1867
-0.8604
-0.7314
-0.8613
-0.6315
-1.3648
-1.1029
-1.8437
-1.6946
-1.8639
-1.7724
-1.7251
-1.3083
-1.7369
-1.8892
-1.7701
-1.7820
-1.6994
-1.8844
-2.1006
-1.6770
-2.2273
-1.8575
-2.5006
-2.3946
-2.7593
-2.8806
-2.6493
-3.1452
-3.3207
-3.2668
-3.5993
-3.0136
-3.5377
-3.6138
-3.6480
-3.7442
-3.7920
-3.8201
-3.9463
-3.9429
-4.1970
-4.4360
-4.3601
-4.0888
-4.4173
-4.5284
-4.1916
-4.5561
-4.6330
-4.3841
-4.6120
-4.9277
-4.6318
-4.7091
-5.0603
-5.1520
-4.9686
-4.8783
-4.7330
-4.4865
-4.1595
-4.2967
-4.3742
-4.0834
-4.4084
-4.1838
-4.4974
-4.3245
-4.1756
-4.1030
-4.0138
-4.1929
-4.0233
-4.2600
-4.3048
-4.3550
-4.4184
-4.3914
-4.3639
-4.3269
-4.3427
-4.3738
-4.4089
-4.4720
-4.3690
-4.4550
-4.3275
-4.5067
-4.4927
-4.6158
-4.4658
-4.7391
-4.8129
-4.8693
-4.8245
-4.8849
-4.8222
-4.8965
-4.8708
-4.8592
-4.8474
-4.8055
-4.8060
-4.5633
-4.8043
-4.7967
-4.8172
-4.7955
-4.7641
-4.7238
-4.6652
-4.6071
-4.4487
-4.4229
-4.1018
-4.3146
-4.2304
-3.9587
-4.0642
-3.9962
-3.9039
-3.8240
-3.4810
-3.5484
-3.3718
-3.1742
-2.9999
-2.4764
-2.7747
-2.4136
-2.5061
-2.3200
-1.8740
-2.1759
-2.0223
-1.7662
-1.6522
-1.5318
-1.5094
-1.1616
-1.8680
-1.4529
-1.7581
-1.2477
-1.1748
-1.8490
-1.3541
-0.9731
-1.6337
-0.8401
-0.7104
-1.0853
-0.8391
-0.3095
-0.2573
-0.2782
0.1373
-0.0424
0.9990
0.6718
1.4250
1.1321
