1.4418
1.2194
1.0551
1.2313
1.4067
1.7360
2.8058
2.9854
2.9260
2.7307
3.0032
3.2236
3.3744
3.5501
3.6930
3.4337
3.8089
3.8317
4.3778
4.0927
3.9127
3.6437
3.5020
3.7629
3.5933
3.6460
3.9847
3.4629
3.3401
3.1086
3.0778
3.8269
3.2328
3.2425
3.6004
3.4828
3.6316
3.6825
3.6097
3.5806
3.9009
3.3722
3.4591
3.1126
3.0513
3.0984
2.7583
2.3820
2.2070
1.9208
1.8333
2.1654
1.9237
2.1911
2.2832
1.7451
2.1841
1.6077
1.8222
1.5654
1.2777
1.2192
1.0072
0.8769
0.7210
0.6133
1.2452
0.3163
0.3293
0.4100
0.3740
0.4632
0.3503
0.0532
0.1977
0.2965
0.4869
0.7476
0.2627
0.7301
0.8200
0.6948
0.9037
0.7953
1.1385
1.1329
1.1290
1.0849
1.5675
1.2132
1.2612
1.4240
1.8164
1.6903
2.1452
1.9475
2.2506
2.9290
2.3433
2.2730
2.6637
2.4229
2.8129
2.4165
2.8114
3.0593
3.1393
3.3949
3.5957
3.7975
3.8864
3.1831
3.3606
3.4653
3.1321
3.0266
3.0819
3.1983
3.4758
3.6965
3.6855
3.3685
3.3430
3.4809
3.5477
3.3766
3.1547
3.1456
3.0745
3.4959
3.2152
3.2055
3.0297
2.5962
2.7229
2.5502
2.5888
2.0727
1.8062
1.9287
1.6207
1.8680
1.7855
2.2762
2.1146
2.1720
2.2228
2.1279
2.1073
2.2264
2.3584
2.8247
2.4570
2.3000
2.5712
2.3008
2.3269
2.7238
2.6083
2.6600
2.4382
2.0930
2.5570
2.4532
2.4093
2.3260
2.7239
2.9946
3.0887
2.9628
2.7853
3.2121
2.6062
2.9909
2.7875
3.0684
2.8175
3.0539
3.1241
3.2177
3.5470
3.4804
3.1810
3.8882
3.5255
3.6284
3.9645
3.6739
3.7623
3.5217
3.5438
3.6745
3.4393
3.1113
3.1639
3.3080
3.5832
3.3656
3.2124
3.1772
2.9927
2.7833
2.6482
2.7788
2.6330
2.7958
2.5736
2.9536
2.7228
2.9401
2.6256
2.5985
2.5841
2.8403
2.7274
3.1525
2.8988
3.2157
3.1768
3.2651
3.4753
3.8050
4.0279
4.2090
4.0561
4.0028
3.3677
3.4811
3.0348
2.9831
3.0764
2.8372
2.8327
2.8563
2.7729
2.5658
2.6234
2.5206
1.8250
1.6607
1.7500
1.2060
0.5955
0.5629
0.2575
-0.1970
-0.1699
-0.3168
-0.4802
-0.8437
-0.5580
-0.9329
-0.8546
-1.7114
-1.8418
-1.2421
-1.0072
-1.9596
-2.2587
-2.7885
-2.4495
-2.4713
-3.1944
-2.7051
-2.7182
-2.8120
-2.6925
-2.8214
-2.7349
-2.3355
-2.4763
-3.0900
-2.5861
-3.1148
-2.8345
-3.2125
-3.0229
-4.2533
-4.1177
-3.2412
-3.5890
-3.3348
-3.2717
-2.8672
-3.0297
-3.3850
-3.7152
-2.8589
-3.3664
-3.2169
-2.9427
-2.2619
-2.7905
-2.6827
-2.7244
-2.5798
-2.7561
-2.4417
-1.6480
-2.6040
-2.0880
-0.6549
-1.9107
-0.9484
-1.2174
-1.1248
-1.5786
-1.7362
-0.9392
-1.2403
-1.5476
-1.3464
-1.1113
-0.7944
-0.5710
-0.3389
-0.9931
-0.1878
-0.1435
0.8824
-0.0771
0.4910
0.4219
1.0217
0.3538
0.6492
0.2438
0.3973
0.1972
-0.0030
0.1154
0.1069
0.5249
0.2330
-0.5279
-0.3582
-0.4249
-0.4314
-0.6051
-0.7685
-0.9599
-1.0526
-1.0493
-0.7696
-0.9024
-0.6853
-0.8354
-0.5028
-0.5540
-1.0636
-1.5468
-1.0948
-1.2674
-1.0914
-0.9985
-0.5966
-0.4653
0.1721
-0.2451
0.1940
-0.1967
-0.0241
0.1012
0.2879
0.4810
0.5675
0.6479
0.6711
0.3700
0.6493
0.2252
0.3301
0.8985
0.8809
1.0897
1.2953
1.0293
1.0693
0.9405
1.2275
0.7420
1.0835
0.8268
1.2173
1.3649
1.8497
2.1516
1.6318
1.8742
2.1240
2.3365
2.4580
2.6491
2.7731
2.5925
2.4452
2.8154
2.8452
3.3221
3.2188
3.2692
3.2588
2.9598
3.1378
2.9602
2.8284
3.0342
2.6432
2.6496
2.3640
2.8665
2.3129
2.1714
2.2378
2.1042
2.0250
2.1215
1.4686
1.5789
1.0184
1.0361
1.1397
0.6501
0.9695
0.6746
0.4512
0.5423
0.2131
0.1886
-0.0528
-0.1660
0.2764
-0.3000
-0.2181
0.1930
-0.1929
-0.0313
-0.4186
-0.4785
-0.7483
-0.5784
-1.0291
-0.8725
-1.1034
-1.2892
-1.2031
-1.4091
-1.3475
-1.4312
-1.6044
-1.7200
-1.8263
-1.7056
-1.9790
-1.8955
-1.7822
-1.8818
-2.3143
-2.4068
-2.3873
-2.3080
-2.2904
-2.3940
-2.3129
-2.6862
-2.5952
-2.7166
-2.7219
-2.8996
-2.9243
-2.8736
-3.0594
-3.1246
-3.3283
-3.2368
-3.0954
-3.6717
-3.3959
-3.9197
-3.9739
-4.1004
-4.4442
-4.1859
-4.5411
-4.5228
-4.7263
-4.7976
-4.6995
-4.8480
-4.7437
-5.0149
-4.5505
-4.9807
-4.8298
-4.8245
-4.6073
-4.8983
-4.9228
-4.4907
-4.8960
-4.8588
-4.8960
-4.8552
-5.0362
-5.1080
-5.4202
-5.5827
-5.7238
-5.8024
-5.7975
-5.5850
-5.8126
-5.9548
-5.9199
-6.3641
-6.1976
-6.6102
-6.5332
-6.7614
-6.6881
-6.6623
-6.8656
-6.9534
-6.8867
-6.7418
-6.5071
-6.9711
-6.9574
-6.7007
-6.8450
-6.7680
-6.5578
-6.5086
-5.8688
-6.3236
-6.2530
-6.2602
-6.0170
-6.0894
-5.7303
-5.8793
-5.8195
-5.9147
-5.8517
-5.9724
-5.9108
-6.0316
-5.6706
-6.0328
-6.1051
-5.7097
-5.8913
-5.6894
-5.6375
-5.3324
-5.4774
-5.3249
-5.3683
-5.3055
-5.3967
-5.3920
-5.3535
-5.3931
-5.1142
-5.4359
-5.1792
-5.5578
-5.4425
-5.5765
-5.4727
-5.6252
-5.4026
-5.4662
-5.6735
-5.6130
-5.6326
-5.1004
-5.4092
-5.5104
-5.7128
-5.5590
-5.7146
-6.0053
-5.7614
-5.9248
-5.8766
-6.0119
-5.9884
-6.1782
-6.0595
-6.2049
-6.1236
-6.1324
-5.8662
-6.0095
-5.8328
-5.9664
-6.0310
-6.0967
-6.0044
-6.3310
-6.3621
-6.1780
-6.3167
-6.0342
-6.2171
-6.2577
-6.1680
-6.4526
-6.1808
-6.4340
-6.3897
-6.4166
-6.3663
-6.3116
-6.2894
-6.0509
-6.2125
-6.0820
-5.9819
-5.8006
-5.3680
-5.3850
-5.0295
-4.7167
-4.7978
-4.4663
-4.4807
-4.5178
-4.5071
-4.3029
-4.2401
-4.0755
-4.0761
-3.7781
-3.9753
-3.7661
-3.7536
-3.4705
-3.6741
-3.4678
-2.9706
-3.0776
-3.1446
-3.3059
-3.2634
-2.9366
-2.8433
-2.6348
-2.5124
-2.8991
-2.7356
-2.8925
-2.6420
-2.9141
-3.0952
-3.2816
-3.2641
-3.2206
-3.3065
-3.3454
-2.8673
-3.2025
-3.2576
-3.1178
-3.3060
-3.3031
-3.3147
-3.3479
-3.0152
-3.2696
-3.1849
-2.9660
-3.0730
-2.9704
-2.8726
-2.7444
-2.8539
-2.6064
-3.1124
-2.9300
-3.3534
-3.0274
-3.1826
-2.7405
-2.6197
-2.7400
-2.4636
-3.0936
-2.7468
-3.0779
-3.3193
-3.3581
-2.7746
-2.9732
-3.0165
-3.3608
-3.5748
-3.3053
-3.5822
-3.4896
-3.5751
-3.8199
-3.9889
-3.7697
-4.0898
-3.7197
-4.1412
-4.0710
-3.9092
-4.2031
-4.1504
-4.2252
-3.8892
-3.7003
-3.6551
-3.9835
-3.6259
-3.3731
-2.8503
-2.8013
-2.8939
-3.3699
-3.3986
-3.7108
-3.9340
-4.2079
-4.4439
-4.4753
-4.3828
-4.8985
-4.8920
-4.3958
-4.5619
-4.4680
-4.8649
-5.1857
-5.3948
-5.3032
-5.4640
-5.5499
-5.5719
-5.5530
-5.7866
-5.9790
-6.0323
-6.0927
-6.0435
-6.3055
-6.3615
-6.5297
-6.4417
-6.1563
-6.6184
-6.0279
-5.7970
-6.1334
-5.8966
-6.1599
-5.8029
-5.5477
-5.1303
-5.5505
-5.1878
-4.9794
-5.1717
-4.7229
-4.3034
-4.3685
-3.8136
-3.8183
-3.4656
-3.4257
-3.2329
-2.8325
-2.9985
-2.0457
-2.4978
-1.7389
-2.3866
-1.4799
-0.7611
-1.4334
-0.9770
-1.2859
-1.4710
-0.8826
-0.8256
-0.8821
-0.3588
-0.5886
0.3421
1.0638
0.0890
0.5330
0.3017
0.1720
0.2901
0.0936
0.0486
0.2389
0.4793
0.4077
0.3897
0.2844
0.4573
0.6346
0.6065
0.5310
0.6030
0.6173
0.4877
0.5641
0.7318
0.7944
1.0685
0.6780
0.0780
0.3244
0.2938
0.4286
0.8024
0.8650
0.5978
0.8937
1.1889
1.0965
1.4819
1.3527
1.2582
1.2816
1.9811
2.0712
2.3207
2.7829
3.0041
3.2078
3.7411
3.5938
4.0096
3.4031
3.6976
3.6621
3.4639
3.9881
3.8852
4.0904
3.8809
3.8923
4.0172
3.9777
4.3569
4.4193
4.9976
4.6933
5.6431
5.7979
5.8807
6.0200
5.8659
5.8749
6.0721
6.4504
6.6084
6.6397
6.8666
7.0607
7.0012
6.9987
7.2283
7.2710
7.3323
6.9492
6.6655
6.7767
6.8727
6.9431
6.7749
6.8309
7.2563
6.6731
7.0892
6.5498
6.7069
6.1189
6.2611
5.8590
6.3506
6.3898
6.7540
6.1338
6.1256
5.6699
5.5247
5.9523
5.5489
5.4014
5.6792
5.1193
4.7293
5.0006
4.9243
5.2395
4.7158
4.7296
4.7150
4.5767
4.5482
4.6841
4.8049
4.7106
4.8292
4.7016
5.1127
4.9341
5.1683
4.9292
5.1337
4.7385
4.9195
4.5817
5.1068
4.7714
5.4092
5.1924
5.0628
4.8830
4.8391
5.4128
4.3157
4.4260
4.4572
4.3425
4.5614
4.7219
4.6037
4.7213
4.9744
4.7884
4.9810
5.0626
5.1389
4.7239
4.4215
4.8523
4.1033
4.1744
4.0171
3.7662
3.5961
3.0371
3.2931
2.8490
2.7009
2.5078
2.6215
2.5020
3.0412
2.4998
2.5410
2.4631
2.7703
2.1394
2.1283
1.9248
1.4444
1.2756
0.9191
0.9432
0.4293
0.4879
0.1123
-0.1442
-0.3633
-0.7016
-0.5524
-0.8041
-0.9863
-1.1735
-1.0689
-1.2976
-1.2392
-1.4456
-1.3331
-1.5584
-1.6664
-1.7332
-1.6492
-1.6946
-1.3266
-1.4422
-1.3447
-1.6203
-1.4900
-1.3562
-1.1479
-1.2935
-1.2179
-1.1958
-1.1555
-1.0922
-0.8871
-0.8869
-0.8236
-0.8129
-0.7484
-0.7870
-0.7322
-0.4991
-0.4409
-0.5663
-0.5585
-0.6357
-0.5578
-0.6518
-0.5089
-0.5474
-0.2382
-0.4782
-0.5069
-0.4713
-0.3858
-0.5778
-0.8221
-0.6043
-1.1166
-1.1667
-1.1399
-1.5220
-1.5544
-1.6222
-1.6308
-1.6538
-1.7055
-1.8702
-2.0418
-2.1313
-1.9978
-2.1003
-1.6295
-1.8460
-2.1178
-1.9152
-1.9501
-2.1135
-2.3329
-2.2239
-2.5889
-2.3348
-2.6096
-2.9536
-2.9557
-2.9556
-3.2446
-3.4395
-3.5252
-3.5223
-3.3999
-3.4209
-3.7518
-3.6612
-3.6084
-3.5567
-3.6310
-3.6856
-3.8029
-3.7971
-3.8710
-3.7067
-3.8798
-3.7626
-3.8131
-3.5373
-3.7468
-3.7397
-4.0964
-4.0479
-3.7355
-3.8031
-3.7641
-3.8116
-3.8027
-3.9304
-3.9063
-4.1642
-4.3350
-3.8607
-4.2576
-4.3233
-4.4987
-4.3618
-4.7140
-5.0544
-4.8262
-5.1501
-4.9995
-5.0373
-4.8198
-4.8233
-4.5991
-4.7272
-4.5958
-4.5117
-4.6842
-4.4498
-4.2112
-4.4248
-4.3856
-4.2510
-3.5177
-3.5080
-2.9151
-2.9345
-2.4550
-2.1148
-2.3614
-2.0884
-1.6272
-1.6820
-1.6476
-1.5186
-1.0684
-0.7377
-0.8276
-0.7644
-0.5703
-0.6965
0.1784
0.1190
0.7444
1.0842
1.6320
1.2710
1.7719
1.1080
0.9688
1.2667
1.4563
0.9744
0.6457
0.5796
0.5451
0.2329
0.0609
-0.4256
-0.0032
-0.2985
-0.3532
-0.2699
-0.6191
-0.7895
-1.1725
-1.0628
-1.3666
-1.0813
-1.5088
-1.4950
-1.3076
-1.6601
-1.3244
-1.6727
-1.1958
-1.9783
-2.1139
-1.5270
-2.2032
-1.5105
-2.2555
-2.4889
-2.6536
-2.9075
-3.0464
-3.1519
-3.5929
-3.5909
-3.3412
-3.5602
-3.5845
-3.2257
-3.6918
-3.7858
-3.7593
-4.0044
-4.0405
-4.0908
-4.3231
-4.6658
-4.9746
-5.1657
-5.2155
-5.1350
-4.9190
-5.4642
-5.2963
-5.0327
-5.4723
-5.6981
-5.7880
-5.8446
-5.8548
-5.7896
-6.0602
-6.1744
-6.2478
-6.3401
-6.2319
-6.4610
-6.8300
-7.0641
-7.2037
-7.0970
-7.3602
-7.3089
-7.2850
-7.0453
-7.1304
-7.1919
-6.6555
-6.9023
-6.5353
-6.7590
-6.8847
-6.7043
-6.4698
-6.8903
-6.6002
-6.0953
-6.0821
-6.2576
-5.9975
-6.3915
-6.1146
-6.1892
-6.1741
-6.4488
-6.6293
-6.6077
-6.5690
-6.7744
-6.6883
-6.6429
-6.2047
-6.4158
-6.5371
-6.2870
-6.2784
-6.3045
-6.5088
-5.7840
-6.1988
-5.9893
-6.1811
-6.3151
-6.1238
-6.3186
-6.0916
-5.7888
-5.6485
-5.9531
-5.8904
-5.5419
-5.3396
-5.5331
-5.1843
-5.3528
-5.5275
-5.5478
-5.5635
-5.6654
-4.8790
-5.3756
-5.2597
-5.5553
-5.3257
-5.5026
-5.3344
-5.3585
-4.9351
-5.2192
-5.1056
-5.0192
-4.8314
-4.8011
-5.0805
-4.5066
-4.9591
-4.8116
-5.2019
-4.8670
-4.9080
-4.4531
-4.1848
-4.1576
-4.4064
-4.0588
-4.0190
-3.7793
-3.8073
-3.3400
-3.4011
-3.5700
-3.4856
-3.5749
-3.5746
-3.5878
-3.6236
-3.5877
-3.6774
-3.6690
-3.7463
-3.7951
-3.9519
-4.0200
-4.1908
-4.1879
-4.2243
-4.1992
-4.1206
-3.8628
-3.9182
-3.8316
-3.3465
-3.5360
-3.3393
-3.3730
-3.2402
-2.9336
-3.0054
-2.8168
-2.7398
-2.5563
-2.4621
-2.2297
-2.0048
-1.8047
-1.6152
-1.4573
-1.1583
-1.2650
-1.2104
-0.9928
-0.8644
-0.4100
-0.3881
-0.0766
0.1306
0.2060
0.1105
0.3091
0.0877
0.2497
0.3024
0.6487
0.7497
0.6908
0.7668
0.8405
0.9157
1.0414
1.0807
1.2541
1.2498
1.4645
1.8384
1.9088
2.2382
2.0064
2.4200
2.1284
2.4193
2.4675
2.6118
2.5604
2.6664
2.7402
3.1244
2.6711
2.5496
2.4508
2.2658
2.3013
2.0052
2.1742
1.5645
1.3308
1.0637
1.0240
0.7387
0.9363
0.7300
0.7566
0.8139
0.5528
0.3601
0.2310
-0.0104
-0.3160
-0.2684
-0.7907
-0.5171
-0.3899
-0.9160
-0.9451
-0.7786
-1.1508
-1.1089
-1.0943
-0.9095
-0.9441
-1.4322
-1.2354
-1.6049
-1.5061
-1.6532
-1.5653
-1.5957
-2.1345
-2.2182
-2.0485
-2.0083
-1.1818
-1.2605
-1.7605
-1.3848
-1.1333
-0.8169
-0.8020
-1.2612
-1.2414
-1.0692
-1.4166
-1.0196
-1.4807
-1.6734
-1.2985
-1.6529
-1.2926
-1.2778
-0.5339
-0.6043
-1.2255
-1.0671
-1.1333
-1.1597
-0.4574
-0.4250
-0.1614
-0.9264
-1.1213
-0.8962
-1.1527
-0.8928
-0.8422
-0.6774
-0.8333
-0.7480
-0.7922
-1.1624
-0.5491
-0.8716
-0.9345
-1.0797
-1.0157
-0.7826
-0.7833
-1.2697
-1.2229
-1.1389
-0.8954
-1.0005
-0.6316
-0.5232
-0.9858
-1.1469
-1.0824
-0.7555
-1.2764
-1.3708
-1.3792
-1.4333
-0.9338
-0.6860
-0.5200
-0.6564
-0.6354
-0.6963
-0.8508
-0.4382
-0.6810
-0.5674
-0.5078
-0.4608
0.0948
-0.1990
-0.2891
-0.8621
-0.6312
-0.5774
-0.7775
-0.4923
-1.0805
-1.2120
-1.1321
-0.0070
-0.1864
-0.1962
-0.5938
0.0152
-0.6425
-0.3633
-0.6470
-0.1478
0.0105
-0.3888
0.4027
-0.0943
-0.0179
0.3259
0.1714
0.6111
0.4236
0.9253
0.9671
0.4837
-0.0002
0.1787
0.2059
0.6452
0.3976
0.6510
0.8154
0.7203
1.2552
0.6644
0.6853
1.5484
1.0800
0.6677
1.0085
1.3504
0.8551
0.9828
0.4486
1.1407
0.3326
0.1103
-0.4225
0.1250
-0.9207
-0.5082
-1.2193
-1.5786
-1.6732
-1.0646
-1.6979
-2.1458
-2.1709
-2.3604
-2.3747
-2.7041
-2.5101
-3.2133
-2.7498
-3.4265
-3.5448
-3.4048
-3.5220
-3.2284
-2.9856
-2.3208
-2.4625
-2.6717
-2.7863
-2.8504
-3.3365
-2.9552
-3.0589
-2.7681
-3.3989
-3.2717
-3.2846
-3.2056
-3.8665
-3.6928
-3.4817
-3.4007
-2.6512
-2.7724
-2.4989
-2.6393
-2.9770
-2.8400
-3.0385
-2.6604
-2.0697
-1.7339
-2.3724
-1.9123
-2.0190
-1.7837
-1.8380
-1.6958
-1.6730
-2.2223
-1.9812
-2.9014
-2.9591
-2.6857
-2.8245
-2.5705
-2.0699
-2.1034
-2.1054
-1.8163
-0.8332
-1.1472
-0.9034
-1.2292
-1.2362
-1.2998
-1.0469
-1.3915
-1.5419
-1.6399
-1.6067
-1.2065
-1.1390
-0.9774
-0.7358
-0.0377
-0.1574
0.4624
0.4825
0.7047
1.2101
1.4636
0.7127
0.7208
0.2394
0.4224
0.7349
0.8287
0.6420
0.7891
0.7741
0.9508
2.0743
1.2991
2.2098
1.8516
2.1757
1.5599
1.4230
2.0183
2.8991
3.0493
2.2501
2.8121
2.4951
2.5701
3.0194
2.6874
2.2322
2.7921
3.3886
3.4404
2.4840
2.9565
4.0843
2.7473
3.1303
4.1975
4.4932
4.2627
4.3769
4.2904
3.8847
4.5799
4.5135
4.6776
5.2830
5.2337
6.3464
5.3987
5.8891
5.4859
5.7687
5.4281
6.1262
6.5314
6.8241
7.1343
6.8009
6.9345
6.4833
6.1939
5.7719
6.4501
5.7890
6.4183
5.8204
6.3733
5.7482
5.8083
5.2244
5.5034
5.7202
5.8344
6.3790
5.7248
5.7671
6.0157
6.3340
6.4435
6.3485
6.4268
6.1296
6.2294
6.1057
6.2787
5.7786
5.2780
4.8179
5.5331
5.0636
5.4420
5.6043
5.2257
5.8728
4.8449
5.2386
5.5862
4.7870
4.9191
5.2951
4.8170
5.4331
5.4210
6.0851
7.1934
7.4524
7.8072
7.8744
9.1491
7.6585
8.2373
8.0365
8.3141
8.6689
9.3945
8.6910
8.8537
8.4758
9.4788
8.9659
9.5003
9.7647
10.0659
10.5074
10.2259
10.2930
11.0424
10.8190
11.8471
10.6939
10.9524
11.4007
11.2745
11.4752
11.7380
11.9518
12.3711
12.8822
13.0974
13.4087
13.4342
13.3703
14.0407
14.0438
14.4206
14.5566
14.4269
13.9862
14.7915
14.5385
15.1677
15.1183
15.3339
15.5912
16.2155
16.0162
16.5855
16.1101
16.8160
16.9053
16.5366
16.3643
16.6780
16.3346
16.4265
17.3179
17.5498
17.8577
17.9806
18.0829
17.2369
16.9844
17.4676
16.7943
16.5913
15.7441
16.0283
16.0571
16.4034
16.6561
16.9564
16.2044
17.0635
16.6289
16.8739
17.2028
16.7103
16.6390
17.6361
17.0426
17.3214
18.1147
17.4298
17.7232
17.8945
17.5320
17.8548
17.5425
17.3076
18.1902
18.2415
18.5717
18.2209
17.6937
18.0298
17.3569
17.2553
17.4987
17.2328
16.8701
16.8380
16.5328
16.4004
15.9170
16.0198
15.6729
15.3214
14.5880
14.5719
13.8177
13.7906
13.0076
12.6136
12.1986
11.7025
11.4534
11.5301
11.1961
10.7582
10.4472
10.9099
10.3850
11.1130
10.0053
9.6920
9.0719
8.8186
8.9889
9.6568
8.9667
9.1232
9.1470
9.3164
9.2689
10.0941
9.5200
9.1361
9.2574
9.1330
9.1985
8.4491
9.1536
8.3233
8.6023
8.8013
9.1156
8.8041
9.2494
8.8503
8.6419
8.2857
8.4727
8.1623
8.3452
8.4485
8.3969
8.1748
8.3493
8.1428
8.0847
8.1314
7.8318
7.7280
7.5692
7.6181
7.9044
7.5916
7.2308
6.7774
6.2769
5.6770
5.0953
4.3911
4.2445
4.1715
4.0746
4.0753
3.6560
2.9752
2.8559
2.5173
2.2094
1.9500
1.9138
1.8141
1.4786
1.5473
2.1079
2.2299
2.4246
2.4563
1.8059
1.6299
2.1366
1.6874
2.2904
2.3648
2.0903
2.8333
2.5056
2.0183
1.6006
1.5938
1.0110
0.5146
0.6742
0.9524
0.8449
0.3377
0.2911
0.5919
0.1774
0.5780
0.1948
0.0713
0.0696
-0.2751
-0.2497
0.1386
-0.1793
-0.5266
-0.4680
-0.7495
-0.8732
-1.0652
-1.5948
-1.4879
-1.6723
-1.6827
-1.9689
-2.0158
-1.9907
-2.2141
-1.7896
-2.0361
-1.6504
-1.3861
-1.3776
-1.6399
-1.7495
-1.8537
-1.4022
-1.2673
-1.0699
-0.9052
-0.6233
-0.1742
-0.2599
-0.5553
-0.8394
-0.9285
-0.5559
-0.5172
-0.3581
-0.0231
-0.2060
0.1773
0.3592
0.3494
0.5619
0.5933
0.7234
0.6313
0.5864
0.4763
0.4454
0.4278
0.4740
0.7200
0.6403
0.6221
0.8707
0.7526
0.9370
0.9842
0.8551
0.8570
0.9520
1.1148
1.6424
1.3288
1.4028
1.3096
1.2695
1.1262
1.0407
0.9810
1.1549
1.1091
1.1858
0.8904
1.0955
0.8814
0.5512
0.5955
0.2200
0.3820
-0.0954
-0.1153
-0.2818
-0.1486
-0.7844
-0.6683
-0.8149
-1.0736
-1.5650
-1.5983
-1.9812
-2.3076
-2.4505
-2.7757
-2.9131
-3.3338
-3.5477
-3.9106
-4.1313
-4.3009
-4.2679
-4.3981
-4.3340
-4.6134
-4.4796
-4.6603
-4.6992
-4.9481
-4.7249
-4.9541
-4.9803
-5.0309
-4.8272
-5.0701
-4.7536
-4.7532
-4.8943
-4.9114
-4.8814
-4.9046
-4.6925
-4.8743
-4.8554
-4.7506
-5.2240
-5.3593
-5.0773
-5.5818
-5.4783
-5.8532
-5.8183
-6.1086
-6.2127
-6.2431
-6.3355
-6.3120
-6.7363
-7.0053
-6.9204
-7.1756
-7.1850
-7.4021
-7.5048
-7.4667
-7.5756
-7.6549
-7.7631
-7.9007
-8.0406
-8.1610
-8.2891
-8.3638
-8.3764
-8.4812
-8.5065
-8.6586
-8.7034
-8.5951
-8.8336
-8.9389
-8.9671
-9.0587
-9.0773
-9.1003
-9.1122
-9.1078
-9.1384
-9.1242
-9.0973
-9.0182
-8.9248
-8.8300
-8.7547
-8.7087
-8.6878
-8.6926
-8.6903
-8.7543
-8.8009
-8.7423
-9.0198
-9.0894
-9.0872
-9.0538
-9.0400
-9.0385
-9.0696
-8.8292
-9.0972
-8.5856
-8.9187
-9.0320
-9.1491
-9.0919
-8.9326
-9.0923
-8.9899
-9.0346
-8.9710
-9.1223
-9.0226
-9.0007
-8.9351
-8.8672
-8.9241
-8.7814
-8.8361
-8.8053
-8.6470
-8.8680
-8.8290
-8.8042
-8.8131
-8.8324
-8.9047
-8.9191
-8.9259
-8.8852
-8.8534
-8.5254
-8.7310
-8.6361
-8.6412
-8.5820
-8.4866
-8.4491
-8.3749
-8.3067
-8.2366
-7.9392
-8.0645
-7.9422
-7.6160
-7.4565
-7.5005
-7.3369
-6.9588
-6.9126
-6.5551
-6.4984
-6.2548
-6.2274
-6.1216
-5.9106
-5.8401
-5.5419
-5.4902
-5.5389
-5.4329
-5.0631
-5.1449
-4.9655
-4.9884
-4.8361
-4.9060
-4.5902
-4.6076
-4.8566
-4.9078
-5.1129
-4.9623
-5.0963
-4.9189
-5.1785
-4.9681
-5.1692
-5.0360
-4.7597
-4.9309
-4.9520
-5.2715
-4.6881
-5.1935
-5.3713
-4.6431
-4.9909
-5.1434
-5.2388
-5.1524
-4.7222
-4.9980
-5.2040
-5.2268
-5.4743
-5.1735
-5.5167
-5.2028
-5.3342
-4.8999
-5.0697
-5.0172
-4.5829
-4.9924
-4.9329
-5.2534
-4.8725
-5.1488
-4.8900
-5.1399
-5.1821
-5.0361
-4.7302
-5.0161
-3.9642
-4.6622
-4.3600
-4.2564
-3.9285
-4.3797
-4.4308
-3.9858
-4.1097
-4.1484
-4.0233
-3.4030
-3.6223
-3.0994
-2.7690
-2.6925
-2.4101
-2.6745
-2.6276
-1.9944
-2.5406
-2.3581
-2.3552
-2.0435
-1.6700
-1.8574
-1.4661
-1.0997
-1.3889
-0.8062
-0.4805
0.2783
0.2692
0.4831
0.4613
0.6300
0.4056
0.7636
1.3860
0.6463
1.3055
1.3967
0.9241
1.7127
1.2363
1.8226
1.4737
1.9476
1.8522
1.6884
2.1761
1.8999
2.0850
2.4436
1.9469
1.9053
1.9104
1.7819
1.7199
2.1005
1.6160
1.7539
1.8448
2.1042
2.1871
2.2660
1.5181
1.3484
1.5279
1.5957
1.3712
1.2838
1.3540
1.7275
1.7799
1.9582
2.1569
2.6732
2.7120
2.4260
2.4922
2.2589
2.2846
2.3076
2.4066
2.2702
2.4182
2.2530
2.1513
2.2855
2.5504
2.3910
2.3043
2.9890
2.5956
2.4758
2.4863
2.3143
2.5451
2.0767
2.3608
2.6965
2.5309
2.1597
2.9189
2.3490
3.1989
3.2209
2.9935
2.7620
3.4978
3.3728
3.7513
3.5549
3.1380
4.2165
3.6982
3.4123
3.3083
2.8743
2.7195
3.1687
2.8559
2.8939
2.0722
2.1603
1.2461
1.5554
1.2315
1.4371
1.1058
0.6932
0.8839
0.1665
0.4547
0.3773
-0.2799
-0.4798
0.2977
-0.1301
-0.5091
-0.2675
-0.7533
-0.2508
-0.3884
-0.1532
-0.1616
0.5011
0.2846
0.6922
0.0169
0.1419
0.2761
0.4170
0.8091
0.4295
1.0927
1.4539
0.9914
1.6609
1.1194
1.5366
1.6009
1.7182
2.1671
1.7901
1.9712
1.9633
1.8321
2.0963
1.7657
2.2400
1.9927
1.8250
2.0528
2.2682
2.0774
2.0740
1.8958
1.6273
1.7596
1.9684
1.9184
1.8655
1.9832
2.0933
2.1848
2.4680
2.6948
3.0302
3.1609
3.4364
2.9647
3.0448
2.8082
2.5360
2.4556
2.3431
2.5984
2.5510
2.5636
2.0243
2.0955
1.7020
1.7449
1.3257
0.9944
1.1064
1.0876
1.2605
0.8241
1.3348
1.1323
1.3443
1.1043
1.0245
0.7078
0.8826
0.9392
0.8231
0.5361
0.4871
0.4728
0.5743
1.1397
0.8747
0.8386
0.9431
0.7697
0.8117
0.8955
0.8940
0.8760
1.4552
1.5032
1.2414
1.5641
1.6319
1.3122
1.2859
1.2103
1.2503
1.6068
1.7363
1.8131
1.1667
1.5619
0.8913
0.8933
0.7104
0.8499
0.8113
1.0204
1.1895
1.9100
1.3014
1.2841
1.9120
1.6449
1.8890
2.1546
2.4969
2.4476
2.6257
2.5911
2.7627
2.7046
3.5418
3.4629
4.4983
3.8983
4.1328
4.6622
4.7163
5.3657
5.3527
4.8482
4.9939
5.0523
4.9100
4.6875
4.4587
3.9697
3.9657
3.7220
3.7573
4.1883
3.9127
3.6991
3.3476
3.4076
3.0939
3.6681
3.3245
2.8669
2.9710
2.9728
3.0992
2.6202
2.5946
2.3217
2.1140
2.0848
1.8728
1.9256
1.7144
1.5608
1.3593
1.3660
1.3384
1.4199
1.6478
1.1440
1.4551
1.3790
1.4725
1.7648
1.8481
1.6578
1.8111
1.6649
1.4132
1.4231
1.1451
1.0729
1.3790
1.0348
1.5338
1.2799
1.3247
1.2677
1.4069
1.0934
1.3564
1.3593
1.7574
1.2725
1.6160
1.4704
0.8292
0.2793
0.3709
0.3303
0.2636
-0.0309
-0.1583
-0.0005
0.1517
0.1410
-0.2591
-0.3830
-0.5254
-0.3857
-0.4927
-0.6685
-0.7982
-1.0383
-1.1288
-1.1605
-1.0524
-1.3824
-1.2922
-1.3543
-1.6809
-1.9612
-2.0284
-1.8011
-2.1785
-2.4921
-2.5745
-2.8504
-2.5389
-2.9839
-3.0346
-3.0832
-3.0729
-3.0295
-2.9608
-2.6704
-2.6149
-2.8030
-3.1929
-3.3519
-3.5450
-3.6386
-3.8567
-3.9957
-3.9936
-4.3369
-4.3885
-4.5550
-4.4353
-4.6063
-4.4939
-4.1078
-4.4917
-4.7261
-4.7382
-4.4796
-4.8254
-4.8291
-4.7914
-4.7924
-4.7471
-4.6948
-4.3813
-4.3543
-4.7472
-4.6867
-4.6399
-4.4572
-4.5362
-4.4701
-4.6232
-4.4013
-4.5543
-4.3436
-4.5593
-4.6273
-4.4416
-4.6684
-4.2896
-4.3138
-3.7968
-3.9237
-3.6749
-2.9320
-3.6979
-3.7240
-3.6114
-3.5366
-3.2269
-3.2317
-3.4736
-3.3314
-2.9559
-3.0882
-2.7946
-2.9177
-3.2590
-2.8381
-2.9737
-3.1533
-3.4231
-3.1788
-2.8280
-2.5521
-2.6373
-2.8524
-3.1989
-3.0131
-3.2034
-2.8131
-2.9811
-2.9893
-2.6518
-2.7154
-2.7206
-2.7414
-2.4481
-2.6244
-2.2036
-2.6883
-2.5088
-2.3265
-2.1068
-2.3257
-2.2656
-2.1927
-2.7582
-2.5779
-2.2666
-1.9582
-1.8958
-1.4928
-1.8429
-1.5093
-1.5498
-0.1197
-0.6850
0.0364
0.5231
0.6135
0.9687
1.4393
1.6086
2.4720
2.5090
3.0370
3.3033
3.7060
4.1507
4.5098
4.3800
4.9361
4.5928
4.7357
5.1498
4.9564
5.4472
5.2486
5.4510
5.5351
5.5551
5.6517
5.8407
6.2344
6.6836
7.3411
7.7303
7.1675
7.2350
7.0267
7.1594
7.2824
7.2900
7.3547
7.5185
7.1560
7.6093
7.5067
7.6675
7.5916
7.2912
7.2002
7.1592
6.5656
6.5341
5.8117
5.8989
5.6090
5.4411
5.2598
5.1985
5.3148
5.7717
5.1904
4.7090
5.2077
3.8789
4.4880
4.1217
4.0533
3.7816
3.7572
4.1579
3.8131
3.4942
3.6097
3.8506
2.4977
2.6296
2.3609
2.7261
2.6030
2.1679
2.3761
2.1744
2.2124
2.6347
2.1089
2.6726
2.4328
2.2783
2.1198
2.3976
2.1296
1.2902
1.2555
1.5025
1.7245
0.6749
1.1771
0.3760
0.2200
0.3935
0.0748
0.2880
-0.5904
-0.6565
-0.4281
-0.6364
-0.5317
-0.4611
0.0665
-0.3733
0.2458
-0.4750
-1.1670
-0.6170
-0.9158
-1.3038
-0.4558
-0.9500
-0.8781
-0.7104
-0.4522
-0.8845
-0.5412
-0.5928
-1.1912
-0.6460
-0.3952
-0.9425
-0.6021
-0.8078
-1.0632
-1.2894
-1.3298
-1.6803
-1.6853
-1.9091
-1.7818
-1.8753
-1.1243
-1.6555
-1.5270
-1.6254
-1.8865
-1.7304
-1.2619
-1.4606
-1.0303
-0.6783
-0.6078
-0.9353
-0.2975
-0.5289
0.3188
-0.2295
0.0161
0.1795
-0.0260
-0.0145
-0.2244
0.1678
0.4017
0.2546
0.3610
0.1125
0.4860
-0.0102
-0.3067
0.2537
-0.0568
0.3391
0.0012
0.5260
0.1325
0.5439
0.6324
1.3653
1.9818
2.8599
2.3815
2.7466
2.9621
3.3816
3.2144
3.7655
4.1520
4.5483
4.1752
4.2493
4.2080
4.4225
4.4836
4.9157
5.0459
5.1530
5.4199
5.1500
5.5734
5.8021
5.9937
6.1224
6.9208
6.1001
5.9260
6.5576
6.1830
6.2012
5.9786
5.4637
5.4868
4.9897
5.2339
5.0559
4.4435
4.9490
3.9780
3.9412
3.5805
3.4355
3.1829
3.0513
2.8806
2.5284
2.3302
2.1984
2.0599
2.1894
2.0159
1.6314
1.7794
1.4257
1.4877
1.3556
1.5067
1.3243
1.4068
1.3660
1.1330
1.2686
1.0495
0.7570
0.8975
0.6908
1.4017
0.4801
0.2363
0.4657
0.9855
0.8043
-0.0071
-0.2296
-0.4273
-0.0988
-0.3019
0.1763
0.1370
1.0025
0.6267
1.1515
0.8247
0.9711
0.7142
1.1615
1.1305
1.5733
1.6419
1.4925
1.3840
0.5809
1.0635
1.3918
0.9455
1.8832
2.3953
1.5977
2.0242
2.3791
1.9575
2.1640
2.6059
2.1178
2.6642
2.6295
2.9431
3.1580
3.4787
3.5233
3.2980
2.8355
2.7711
2.5269
2.5795
2.6031
2.8831
2.6413
2.5933
2.4900
3.3199
2.6976
2.7898
3.3467
2.7078
2.7654
2.5990
3.1648
2.4312
2.9182
2.8098
3.5823
3.6793
3.6446
3.8872
4.2067
2.5625
2.5998
3.0702
2.4197
2.0284
1.9838
2.0336
2.1625
1.7398
1.6576
1.2450
1.2929
0.7632
0.5560
0.2442
0.0276
-0.5055
-0.7554
-1.2012
-1.6323
-1.8004
-2.2024
-2.5887
-2.7296
-2.6781
-2.8942
-3.0944
-2.8826
-3.0961
-2.8647
-3.0989
-3.1989
-3.3008
-3.1741
-3.6202
-3.5294
-3.8015
-3.4884
-3.7453
-3.7116
-3.5278
-3.5320
-4.1400
-4.2889
-4.3705
-4.4112
-4.1733
-4.3662
-4.0660
-4.1842
-4.1089
-4.2950
-4.3434
-4.5677
-4.7365
-4.7608
-4.9586
-4.8216
-4.9621
-5.0356
-5.0374
-4.9490
-5.0059
-4.8585
-4.7106
-4.4534
-4.7676
-4.7408
-4.9467
-4.9404
-4.8166
-4.7381
-4.8141
-4.8389
-4.6312
-4.6686
-4.4634
-4.6297
-4.4032
-4.8175
-4.6802
-4.4907
-4.5171
-4.7534
-4.5710
-4.8364
-4.6192
-5.0162
-5.0387
-5.1158
-4.7425
-5.1060
-5.2040
-5.0132
-5.1526
-5.4840
-5.3597
-5.5088
-5.3218
-5.1487
-5.6746
-5.5936
-5.5655
-5.8838
-6.0234
-5.8197
-6.1473
-6.0060
-6.2132
-6.1584
-6.0361
-6.6809
-6.7134
-6.6429
-6.7954
-6.9481
-6.8485
-7.1184
-7.0717
-7.2502
-6.9997
-7.1716
-7.0469
-6.9690
-6.9802
-6.9932
-6.7675
-7.0113
-6.8383
-6.7260
-6.6987
-6.4587
-6.6971
-6.9488
-7.0457
-6.8941
-7.1864
-7.1518
-7.2313
-7.2610
-7.2436
-7.5142
-7.3281
-6.7462
-7.5709
-7.8010
-7.9158
-7.7596
-7.7756
-7.9789
-7.5728
-7.7084
-7.5651
-7.3281
-7.4199
-7.2248
-7.0861
-7.2842
-6.5487
-6.9359
-6.8065
-6.6483
-6.2138
-6.9282
-6.6558
-6.1987
-6.3432
-6.1186
-6.0655
-6.1542
-6.3025
-6.1223
-6.0209
-6.5195
-6.4924
-6.0417
-6.4044
-6.3924
-6.6935
-6.7069
-6.9889
-6.8409
-6.7603
-6.5774
-6.6238
-6.5987
-6.4954
-6.4306
-6.5221
-6.5136
-6.2222
-6.2329
-6.1803
-5.9794
-5.9598
-6.1631
-5.3142
-6.2753
-6.2012
-6.3071
-6.4654
-6.5059
-6.5225
-6.6778
-6.8152
-6.8384
-6.5666
-6.3622
-6.6242
-6.6312
-6.3073
-6.4944
-6.4119
-6.2657
-6.3953
-6.1346
-5.8713
-6.2307
-5.9699
-6.3118
-6.0588
-6.3551
-6.4141
-6.3817
-6.4591
-6.4879
-6.5435
-6.6349
-6.7137
-6.8556
-6.6343
-6.9035
-6.8390
-6.8485
-6.5708
-6.7662
-6.2523
-6.5847
-6.5807
-6.5368
-6.1494
-6.3684
-6.2295
-6.1462
-5.7040
-6.0094
-5.9058
-5.7913
-5.5287
-5.4557
-5.4704
-5.1279
-5.1842
-5.0880
-4.9903
-4.9917
-5.0074
-4.9819
-5.1985
-5.1446
-5.0949
-5.2312
-5.3803
-5.3325
-5.2833
-5.3229
-5.2959
-5.2220
-5.0789
-5.4461
-5.4594
-5.3608
-5.2627
-5.7710
-5.5279
-5.5521
-5.3652
-5.6107
-5.6038
-5.6859
-5.4954
-5.3811
-5.5404
-5.4897
-5.8292
-5.4639
-5.5756
-5.6961
-5.6802
-5.4134
-5.2459
-5.1257
-5.0533
-5.0790
-5.5443
-5.3118
-5.3853
-5.2973
-5.1995
-5.3140
-4.9411
-4.8675
-4.7904
-4.6306
-4.3695
-4.5397
-4.3727
-4.3153
-3.6044
-4.1078
-3.5602
-3.6023
-3.4711
-2.7826
-2.2184
-2.2870
-1.9069
-2.1954
-2.1277
-2.0787
-1.7798
-1.8853
-1.3404
-1.6099
-1.5626
-1.3002
-0.6728
-0.6479
-0.1636
0.0021
0.0608
-0.3810
-0.4174
-0.1617
-0.3223
-0.6072
-0.3918
-0.6727
-0.0340
-0.1624
-0.3469
-0.4647
-0.2878
-0.3816
0.1466
-0.2669
-0.4160
-0.6019
-0.3951
-0.5572
0.0638
-0.2555
-0.0616
-0.0735
0.1629
-0.1006
0.1724
-0.3192
-0.0857
-0.0805
-0.0363
0.0534
-0.0448
0.0272
0.3410
0.4826
0.2534
0.1953
0.5517
0.5712
0.4298
1.1431
0.8382
0.8496
1.4045
1.1023
1.5051
1.5331
1.9039
1.7470
2.0825
2.4429
2.5796
2.7044
2.7704
2.5666
2.8567
3.0201
3.4170
3.7681
3.5743
3.5279
4.1931
3.7972
4.2745
4.2207
4.8062
4.4699
4.9116
4.9069
5.4208
5.6783
6.4663
6.6463
6.8438
6.9751
7.2936
7.4055
7.6574
8.1385
8.0504
8.7112
8.4474
8.7599
8.6761
8.8511
9.1291
9.2275
8.9750
9.0826
9.3306
9.3819
9.5532
9.9181
9.7121
10.1221
9.8749
9.8479
9.9830
9.9181
9.5936
9.5768
9.3042
9.1459
8.9915
8.9051
9.0451
8.9450
9.2121
8.7795
8.9157
8.5755
8.5470
8.7228
9.2420
8.7041
8.7706
8.7328
8.8346
8.5302
8.6073
8.4703
8.9295
8.3571
8.0935
7.8799
7.9929
7.8449
7.8046
7.0589
6.5833
6.3764
6.4182
6.4646
6.0451
5.8845
5.9447
6.3035
6.0918
5.2427
5.2247
5.1831
5.1126
4.7282
4.7060
5.2627
4.3610
4.5198
3.8876
3.9091
4.1841
3.4782
3.8934
3.6415
3.8285
4.0983
3.5515
2.7343
2.3275
2.1112
1.9929
2.4289
1.7735
1.8105
1.6494
1.6800
1.1150
1.0536
0.8306
0.9048
0.1570
0.1935
0.2099
0.0533
-0.2307
0.0674
-0.5281
-1.0247
-0.7822
-1.4838
-1.4679
-1.8824
-2.1417
-2.3808
-2.4555
-2.8225
-2.8302
-3.1925
-2.9654
-3.4528
-3.2128
-3.5611
-3.7015
-4.2128
-3.5386
-4.0543
-4.2822
-3.4749
-4.0609
-4.5810
-4.8960
-4.8261
-4.1431
-4.6065
-4.6040
-4.1684
-4.6799
-4.4470
-4.4735
-4.1951
-4.2885
-4.1645
-4.1338
-4.0260
-4.3466
-4.0559
-4.2056
-4.2727
-3.8708
-4.4039
-4.5881
-4.9012
-4.8581
-4.8493
-4.8721
-4.9616
-5.1624
-5.4511
-5.4328
-5.5168
-5.4889
-5.4140
-5.5318
-5.6232
-5.3282
-5.2852
-5.6265
-5.6243
-5.8178
-5.6902
-5.7365
-5.8782
-5.7383
-5.9536
-5.9056
-5.8968
-5.7411
-5.5936
-5.7007
-5.6407
-5.5674
-5.5877
-5.6525
-5.7902
-5.9022
-5.8687
-6.0098
-5.9073
-6.0115
-5.8623
-5.8559
-5.7027
-5.7101
-5.4617
-5.5782
-5.4488
-5.6070
-5.5390
-5.4998
-5.4849
-5.3031
-5.5864
-5.4634
-5.5668
-5.8461
-5.7699
-6.0753
-6.1908
-6.2789
-6.2753
-6.3209
-6.2418
-6.1857
-6.1442
-6.0078
-6.0449
-5.9834
-6.0201
-6.0335
-5.7525
-5.9716
-5.9370
-5.9584
-5.9220
-5.8215
-5.3264
-5.6893
-5.7220
-5.7951
-5.7968
-5.8560
-5.8028
-5.6337
-5.7560
-5.6768
-5.6632
-5.6760
-5.8465
-5.9523
-6.1702
-6.2622
-6.3854
-6.3362
-6.6826
-6.8654
-6.9688
-6.9560
-6.7884
-6.4638
-6.5835
-6.5548
-6.6987
-6.6504
-6.8293
-6.8119
-6.8928
-6.8106
-6.8267
-6.7593
-6.8068
-6.7629
-6.7504
-6.4499
-6.5564
-6.4410
-6.3500
-6.2799
-6.1585
-6.1295
-5.9493
-5.9722
-5.7908
-6.0339
-6.2008
-6.1763
-6.2015
-5.8078
-5.8974
-5.6215
-5.4765
-5.3652
-5.0987
-5.0736
-4.7602
-4.5866
-4.4609
-4.1464
-4.1466
-4.0570
-4.0350
-3.4692
-3.6123
-3.6355
-3.6967
-3.5948
-3.5403
-3.2205
-3.3318
-3.0050
-3.0104
-2.9747
-2.7277
-2.7895
-2.6017
-2.6407
-2.2527
-2.4437
-2.2964
-2.2655
-1.9420
-1.9810
-1.8350
-1.6266
-1.4923
-1.2178
-0.9454
-0.9706
-0.9594
-0.9060
-0.6440
-0.7961
-0.7185
-0.5691
-0.4392
-0.3849
-0.3380
0.1009
-0.3091
-0.0839
-0.2163
-0.4625
-0.4905
-0.4168
-0.4752
-0.4542
-0.5883
-0.6065
-0.5770
-0.6519
-0.6174
-0.5150
-0.4422
-0.6863
-0.6532
-0.3135
-0.6722
-0.4610
-0.6023
-0.5846
-0.5852
-0.6138
-0.6819
-0.5002
-0.7225
-0.6243
-0.4775
-0.1499
-0.2361
-0.1899
-0.0348
0.0206
0.2162
0.5396
0.6871
0.8054
0.6317
0.7961
1.1984
1.1018
0.7398
0.8557
0.9175
1.8292
1.1408
1.0330
1.2775
1.2142
1.2060
1.0770
1.2170
1.6926
1.6442
2.3159
2.2395
1.8924
2.2640
2.6927
3.0198
2.5870
2.8017
2.2616
2.6144
1.8140
2.0685
1.6584
1.8220
1.7456
1.3494
1.1635
1.8170
1.4541
1.0745
0.8350
0.6012
0.2559
0.1365
0.2014
-0.3286
-0.1809
-0.4575
-0.7638
-1.0687
-0.8842
-0.7804
-0.8941
-0.9752
-1.2202
-1.2636
-1.2606
-0.6842
-0.6844
-0.3028
-0.2280
-0.5631
-0.2638
-0.8319
-0.6169
-0.9554
-0.6633
-0.4363
-0.7469
-0.6654
-0.5102
-0.1292
-0.4740
-0.3336
-0.0053
0.0883
0.2058
0.2956
0.2562
0.3553
0.5529
0.7609
-0.2595
-0.6298
-0.3694
-0.7552
-0.8279
-0.3304
-0.3685
-0.9931
-0.6702
-0.4491
-0.8182
-0.0091
0.5822
0.0504
-0.3935
-0.6101
-1.3192
-0.7483
-1.2613
-1.2734
-1.0426
-1.5163
-1.9071
-1.3211
-1.7408
-2.5172
-1.8008
-2.3030
-1.0615
-2.2132
-2.5566
-3.2471
-2.3827
-3.3542
-2.6496
-2.9693
-2.2366
-2.9238
-3.2311
-3.6841
-3.2455
-3.6866
-3.1528
-3.5564
-3.1656
-2.8404
-3.0667
-2.6402
-2.9513
-3.2945
-2.9434
-2.5475
-2.6195
-2.5602
-3.4359
-3.0325
-3.6539
-3.8537
-3.9768
-4.3046
-3.5288
-4.1774
-4.0128
-4.4631
-4.7673
-4.9332
-5.2289
-4.7978
-4.5228
-4.4433
-4.4978
-4.3341
-4.3140
-3.7211
-3.2975
-3.7613
-3.6343
-3.6170
-3.2423
-2.5839
-2.3017
-2.5724
-2.2146
-2.1458
-1.3409
-1.1311
-1.2542
-0.8727
-0.0670
0.0966
0.1463
0.7102
0.7511
0.5042
0.4644
0.5955
1.8309
1.3344
1.6099
1.2389
1.2549
1.1947
1.9703
1.7730
2.3249
2.3584
2.9369
2.8334
3.2437
3.2972
3.3318
3.2955
3.6839
3.6966
4.0759
3.5933
4.2431
3.6975
3.3586
3.4481
3.0380
3.5106
3.1042
3.2387
2.5919
3.1347
2.9194
3.7866
3.9982
4.2704
3.5489
2.7560
3.2056
2.6149
2.4486
1.8066
1.6123
1.7363
1.9592
1.8968
1.9600
0.9861
0.6167
0.9411
1.0366
1.6411
1.2559
1.5752
1.2724
1.4314
1.5089
1.1274
1.6021
1.3687
1.5835
1.5011
1.9216
1.8133
1.1175
1.5491
1.9176
2.4533
2.1808
2.5505
2.4054
2.4408
2.4110
2.4970
2.9847
2.6356
2.9644
2.7970
3.2162
3.0293
3.4787
3.0850
2.8891
3.2770
4.2456
4.4842
5.0561
5.6526
5.9268
6.1908
6.2457
6.7822
7.0903
6.9478
7.2177
7.3244
7.2266
7.8644
7.8176
8.0067
8.1276
8.3413
8.3448
8.5919
8.7132
8.5262
8.8785
8.4926
8.4207
8.3006
8.3444
8.5386
8.3045
8.5894
8.4819
8.0789
7.6733
7.5828
7.6460
7.8743
7.8563
7.9791
7.7297
7.9193
7.7767
7.6286
7.9536
7.6717
7.1973
7.0960
6.9052
6.8845
6.8212
7.1360
6.8580
7.3455
6.8554
6.5764
6.5158
6.4749
6.9280
6.5298
6.5051
6.4539
6.3611
6.8040
6.8047
6.5652
6.6748
6.5616
6.7025
6.9045
6.7772
6.9054
6.7840
7.1465
7.2494
7.1384
6.8661
6.9049
6.5793
6.8728
6.0436
5.7167
5.6273
5.3400
5.6799
4.9272
5.2988
5.1801
4.6051
4.3676
4.5039
5.0372
4.5040
4.7827
5.5998
5.0526
5.4283
5.3129
6.1989
5.4818
5.7930
5.5183
5.4636
5.2868
5.1466
4.8358
4.9861
5.5037
5.4905
4.6393
5.6026
5.3286
5.4533
5.5627
4.8037
5.0394
4.7802
4.2279
3.8948
3.7005
3.4402
4.0476
3.4539
3.7275
3.7992
3.1587
3.1095
2.6524
2.4985
2.6648
2.5069
2.6557
3.3415
3.2835
3.3769
3.1982
3.0355
3.1756
3.1066
3.0861
3.2834
2.8835
2.9491
3.1317
3.2706
3.5339
3.4891
2.9635
3.3338
2.6354
2.6009
2.9288
3.3937
3.3343
3.7569
4.6073
5.3390
5.6205
5.8786
5.7287
6.1504
6.2104
6.5842
7.0654
6.8418
7.4945
7.3217
7.5847
7.0644
7.2741
7.1113
7.2632
7.1562
7.6244
7.7321
7.3644
7.7994
7.5429
8.0540
7.4919
6.9438
7.3051
7.6968
6.9963
6.9139
7.2960
7.3907
7.5415
7.5670
7.7252
8.0840
8.4801
8.6498
9.0838
8.0342
8.0679
8.5101
7.6723
7.9857
8.0619
7.9023
8.3240
8.0056
8.0797
8.1586
7.8834
8.1013
7.7822
8.3549
7.8507
7.8760
8.0051
8.2935
7.6030
8.2302
7.8474
7.5698
7.0320
6.9673
7.1094
6.2195
6.2392
6.2000
6.1818
5.6488
5.7410
5.9792
6.2396
6.7561
6.2215
6.5366
6.5693
6.8463
7.6035
7.1163
6.4638
6.4467
5.6823
5.5100
5.3264
5.2580
5.1810
5.5410
5.1184
5.3324
4.9948
4.9172
4.9306
4.6522
5.4002
4.9646
4.4719
4.2929
4.2237
4.4777
4.5952
3.2597
2.7646
2.1546
2.0743
2.1081
1.7822
1.4940
1.6954
1.9132
1.4019
1.3323
0.8896
1.3343
1.1202
0.9110
1.0943
0.6178
0.5843
0.9609
0.8993
0.8041
1.4539
1.1999
1.9483
1.3809
1.4137
1.1671
1.6654
1.7403
2.6233
2.0503
1.8697
2.3691
2.0335
2.0737
1.9431
1.5051
1.7989
1.8482
1.6839
1.5803
1.1871
0.9944
0.4782
0.9188
0.2334
0.4471
0.3141
-0.2328
-0.2861
-0.9345
-1.6506
-1.2604
-1.6543
-2.1148
-2.1122
-2.7838
-2.4318
-2.7145
-3.2942
-3.3909
-3.8179
-3.4026
-3.8568
-4.0807
-4.1699
-4.2924
-4.4717
-4.3688
-4.3709
-4.3127
-4.4389
-4.7153
-4.8265
-5.0388
-4.8129
-4.9008
-4.7080
-4.5037
-4.1158
-4.3274
-4.2358
-3.9883
-4.0873
-3.7864
-3.2759
-3.3203
-3.3678
-2.9500
-2.9684
-2.7966
-2.5907
-2.2837
-1.7642
-1.9389
-1.7196
-1.0561
-0.3051
-1.1249
-0.8303
-0.6063
-0.9039
-1.0140
-0.3584
-0.5915
-0.9044
-0.3242
-1.0256
-1.1877
-0.1341
0.1946
-0.7304
0.2052
0.3633
-0.0836
0.4294
0.2418
0.2793
0.3490
0.8830
1.0212
