2.1535
1.9905
2.7139
1.9020
2.2702
2.5373
1.6908
2.0876
1.6732
2.2988
1.7077
1.0973
1.7092
1.7914
1.6658
1.8563
1.1865
1.7260
1.1264
1.3327
1.4235
1.2558
1.1146
0.9555
0.5144
0.4539
0.5249
0.4062
0.6086
0.1446
0.3371
-0.1617
0.2172
-0.0657
0.0384
-0.1276
-0.0507
0.0884
-0.0610
-0.2409
-0.3483
-0.5281
-0.5468
-0.6578
-0.6953
-0.8306
-0.8809
-0.8828
-0.8556
-0.7812
-0.7122
-0.6304
-0.5783
-0.5429
-0.5414
-0.5916
-0.6598
-0.5468
-0.6465
-0.9333
-1.0735
-1.1632
-1.1771
-1.2261
-1.1693
-1.2061
-0.9646
-1.1739
-1.1943
-1.2693
-1.2866
-1.1040
-1.1586
-1.1706
-1.0739
-1.1144
-1.1022
-1.0090
-1.0968
-0.8262
-1.1651
-1.0970
-1.0934
-1.0569
-0.9798
-1.1122
-1.1243
-1.2955
-1.3186
-1.4657
-1.6320
-1.8212
-1.9991
-2.0792
-2.2038
-2.2667
-2.2037
-2.4329
-2.4276
-2.3768
-2.3344
-2.0131
-2.3079
-1.9979
-2.3432
-1.9694
-1.9688
-2.4561
-2.4679
-2.1733
-2.4433
-2.4034
-2.3857
-2.7007
-2.1586
-2.5901
-2.2497
-2.4994
-2.3243
-2.0718
-2.4333
-2.2178
-2.3815
-2.0399
-2.4367
-2.2136
-1.8358
-2.2900
-1.9700
-1.7556
-1.8980
-1.9067
-1.7209
-1.6499
-1.7100
-1.4551
-1.4152
-1.2664
-1.5428
-1.4057
-1.5694
-1.5549
-1.4869
-1.0363
-1.2702
-1.4033
-1.5895
-1.6040
-1.3733
-1.8200
-1.8239
-2.0743
-1.5373
-1.3325
-1.3642
-1.5462
-1.9395
-1.5609
-1.4849
-2.0093
-1.2708
-1.7408
-1.1542
-1.0372
-0.8710
-0.5869
-0.8206
-0.5457
-0.3596
-0.2817
-0.0139
-0.4554
-0.1992
0.2785
0.3096
0.8301
0.7694
0.8905
0.0762
0.4427
0.7375
0.2040
1.1523
1.5963
1.4287
1.1874
1.3102
1.9434
2.0228
1.4347
2.1637
2.0332
2.7930
2.4630
2.1815
1.9170
2.8496
2.7803
2.3914
2.5607
3.0483
2.9293
3.0395
2.4734
2.6372
2.9794
2.7611
2.8231
2.9584
3.3177
2.9643
2.5767
2.7063
2.0777
2.1713
2.0920
2.4389
2.5421
2.9509
2.6194
3.0840
2.9596
3.2561
2.8536
4.0244
3.3612
4.1764
3.6803
4.1751
3.3643
3.9700
3.8317
3.9358
3.6058
3.5310
3.1308
2.8629
2.9998
2.9173
2.6440
2.7105
2.5203
2.7662
2.4311
2.6998
2.7185
3.1912
3.9925
3.7627
3.8076
3.2113
2.9886
2.5654
2.8821
2.1939
2.1359
1.8540
1.9201
1.9104
1.7487
1.9902
1.7863
1.4841
1.4263
1.3763
1.3625
1.1935
1.1016
0.9535
0.9515
0.9325
0.9946
0.7041
0.4490
0.3776
0.2133
0.3630
0.0550
-0.0132
-0.0479
-0.0177
-0.0575
0.3927
-0.1204
-0.0759
0.2642
-0.1370
-0.0703
0.0461
0.3121
0.2978
0.2027
0.5490
0.4616
0.5746
0.5394
1.1604
1.5029
1.6262
1.2538
1.4533
1.6090
1.2001
1.2848
1.1006
1.3976
1.4341
1.6744
1.8843
1.8587
1.4115
1.8551
1.7161
1.6607
1.7361
1.8736
2.2337
2.3199
2.4922
2.3005
2.3727
3.2539
2.3357
2.9883
2.9881
3.0537
3.0222
2.9351
2.5063
2.5630
2.0803
2.4830
2.0632
2.0432
2.5110
2.3028
1.8074
1.5279
1.2316
1.8282
1.3281
1.4212
1.0385
1.4212
1.6900
1.0402
2.3641
1.5737
1.9224
1.8842
1.6215
1.6566
2.0920
1.9813
1.8636
2.2957
2.2516
1.6535
1.4374
1.8047
1.1992
1.3700
1.2826
1.3438
1.5682
1.4722
1.4262
1.2631
1.3474
1.2602
1.0384
0.8567
0.7632
0.6451
0.1942
0.3897
0.2329
0.2443
0.2990
0.4928
0.4447
0.3332
-0.0159
0.0210
-0.1109
-0.1865
-0.1375
-0.4242
-0.4817
-0.4712
-0.4694
-0.4937
-0.4196
0.0318
-0.3708
-0.2904
-0.3331
-0.2496
-0.2053
-0.0307
0.0552
0.0916
0.0138
-0.0883
-0.0899
-0.0951
-0.1104
-0.2106
-0.2861
-0.3365
-0.3890
-0.3756
-0.4162
-0.5313
-0.6562
-0.8298
-0.7955
-0.8311
-0.7761
-0.8554
-0.8840
-0.7829
-0.8247
-0.6287
-0.6775
-0.6547
-0.4553
-0.8037
-0.8140
-0.7566
-0.8741
-1.1964
-1.2572
-0.9026
-1.1772
-1.1857
-1.5908
-1.4111
-1.2165
-1.7045
-1.6390
-1.6697
-1.7117
-1.8619
-1.6993
-2.2241
-1.9473
-1.8811
-2.1245
-1.7400
-1.7790
-2.0780
-2.2010
-2.1285
-2.3506
-2.3732
-2.3785
-2.5680
-2.1509
-2.5952
-2.4419
-2.4797
-2.2894
-2.2210
-2.3806
-2.5423
-2.5839
-2.6561
-2.6226
-2.6399
-2.6647
-2.6710
-2.4635
-2.5920
-2.3704
-2.1869
-1.6150
-1.5004
-1.7640
-1.8067
-1.7891
-1.9427
-2.0145
-1.9559
-1.8037
-2.0946
-1.6385
-2.2591
-2.3072
-1.8154
-1.8536
-1.6412
-1.4846
-1.5280
-1.3585
-1.7616
-1.7343
-1.7795
-1.8473
-1.5862
-1.8143
-2.0254
-1.8181
-2.1252
-1.8433
-1.5255
-1.5187
-1.3370
-1.3180
-1.4112
-1.0326
-1.3981
-1.4864
-1.4661
-1.4149
-1.5555
-1.7377
-1.6131
-1.8926
-1.8364
-2.0986
-1.8006
-1.9675
-1.6396
-1.7597
-1.5641
-1.5026
-1.7219
-1.4459
-1.5637
-1.2151
-1.0534
-0.9869
-1.1025
-1.2025
-1.2036
-1.3376
-1.2182
-1.0356
-0.7772
-0.5537
-0.5479
-0.7395
-0.3660
-0.4999
-0.0321
-0.2995
-0.0649
-0.0154
0.0657
0.1486
0.5158
0.3088
0.5277
0.2925
0.3360
0.2848
0.9477
0.6767
1.2908
1.3543
1.8327
1.8640
1.2894
0.9804
0.7995
0.8229
0.8656
1.2653
0.6051
0.3739
0.6634
0.7656
0.7857
0.6920
1.7005
0.3089
0.4187
0.3601
0.5017
0.5911
0.3677
0.5876
0.3144
0.2354
0.0343
0.0728
-0.0880
0.1094
-0.2256
0.0188
0.2617
-0.2405
0.6400
-0.8012
-0.3219
0.2839
-0.5249
-0.1819
-0.6783
-0.8108
-0.2487
-0.3838
0.0351
-0.5104
-0.2337
-0.4141
-0.0136
-0.7467
-0.5478
-0.9778
-0.4410
-0.3967
-0.0667
0.3115
-0.6005
-0.5289
-0.3950
-0.3796
-0.2298
-0.7329
-0.3668
-0.0495
-0.3656
0.2421
0.1305
0.2438
0.5119
0.0934
0.3120
0.6259
0.8435
1.8581
1.5855
2.5281
1.5959
3.0038
2.3082
2.8046
2.5924
1.9683
2.4507
2.6252
2.1886
2.5979
2.3806
2.6670
2.4433
2.6719
2.5130
2.6143
2.0922
1.8778
2.3097
1.9731
2.6992
2.6981
2.8400
3.1566
2.8489
2.6678
2.5519
2.7212
2.3447
2.4976
2.4740
1.9236
1.7637
2.1217
2.1294
1.8390
1.8195
1.5826
1.3563
1.5457
1.6712
1.4369
1.3670
1.6185
1.3936
1.6321
1.4723
1.1550
1.2808
1.0909
1.2332
0.8576
0.8552
1.1083
0.7497
1.0465
0.6176
1.0179
0.5577
0.9001
0.4465
0.6840
0.3964
0.4452
0.4344
0.3474
0.7759
0.1924
0.4172
0.3281
0.1713
0.2703
0.3782
0.3253
0.4413
0.1387
1.2148
0.7871
0.6461
0.3854
0.5345
0.2939
0.5130
-0.0266
0.3687
0.1452
0.8091
0.8756
0.9680
1.0990
0.7264
0.5939
0.4983
0.2487
0.2433
0.0827
-0.0479
0.5869
-0.1718
-0.2820
-0.2294
0.1021
-0.0465
0.1407
0.5684
-0.1386
0.1338
-0.3033
-0.3925
-0.0345
-0.2776
-0.4864
-0.0942
0.3623
-0.1483
-0.4035
0.0407
-0.2436
-0.3841
-0.0414
-0.0097
-0.4171
0.1361
-0.2716
0.1114
-0.2685
-0.0973
0.4415
-0.1699
-0.1881
-0.1884
-0.0650
0.1037
0.1394
-0.2407
-0.0880
-0.2690
-0.1842
-0.0168
-0.2391
-0.3943
-0.4061
-0.2339
-0.5290
-0.6121
-0.5540
-0.6816
-0.5725
-0.2903
-0.2123
-0.4980
-0.2570
-0.2523
-0.0223
-0.0505
0.4400
1.0007
1.1595
1.0346
0.9395
1.3743
1.1858
1.3533
1.1924
1.0119
0.7921
0.5140
0.6432
0.5064
0.2471
0.0752
0.1322
0.3583
0.6085
0.0998
0.1353
0.0878
-0.2242
-0.0512
0.2139
-0.2432
-0.4256
-0.5776
-0.3806
-0.3995
-0.2708
-0.2584
-0.4026
-0.4903
-0.7104
-0.4940
-0.6291
-0.5579
-0.5129
0.0954
-0.0909
0.2465
-0.1981
0.1979
0.7734
0.2078
0.7348
0.6970
1.7109
0.6230
1.0834
1.0069
0.8284
0.9726
0.2520
0.4615
0.1767
0.5740
0.5286
0.7093
1.3304
0.5803
0.9381
0.8728
1.4580
0.8477
1.0115
1.1069
1.4817
1.4483
1.3451
1.6503
1.6122
0.9465
1.2923
1.3319
1.6637
1.2790
1.1981
1.6759
2.0075
1.6739
1.9331
2.0399
1.7065
2.6821
2.6104
2.4093
2.3297
1.9519
1.8774
1.5999
2.5291
1.6888
1.6632
2.0543
1.8312
1.5328
1.9215
2.0716
1.4702
2.8121
1.5812
0.9572
2.1190
1.6877
1.5465
1.5645
1.7152
1.2067
1.2427
1.6701
1.4091
1.1259
1.4632
0.8714
1.2367
0.5082
0.6624
0.4509
0.2097
0.3350
0.2493
0.6380
1.4512
1.8778
0.9978
1.6303
1.9473
1.6193
2.0201
1.8088
1.9313
2.1142
2.3152
2.3301
2.2697
2.6419
2.5844
2.4766
2.5693
2.2133
2.4582
2.4603
3.4992
3.1739
2.7770
1.7412
2.7001
2.2809
2.0188
1.6724
2.0076
2.2689
1.9202
2.6951
1.6455
2.0172
1.2966
1.8838
0.7372
1.0289
0.9348
1.3764
1.4373
1.6290
2.0889
0.8363
1.0602
0.7893
0.3017
0.7277
0.7039
0.3969
0.2186
0.7782
0.2355
0.7879
0.2749
0.0187
0.0662
-0.0299
0.2454
0.1323
-0.0854
0.1452
-0.2965
-0.5632
-0.4100
-0.1838
-0.4094
-0.3927
-0.2947
-0.5398
0.1194
-0.5953
-0.5326
-0.4187
-0.4261
-0.3618
-0.1068
0.1286
0.0793
0.1713
0.3527
0.4555
0.3688
0.4623
0.2851
0.5959
0.4333
0.5108
0.5217
0.5404
0.6223
0.8055
0.7929
0.8589
1.0466
1.0940
1.5307
1.3161
1.4827
1.3494
1.7040
1.5844
1.2988
1.5659
1.2212
1.2367
1.1599
1.1039
1.0212
1.1179
1.0318
0.8017
0.6622
0.7367
0.5465
0.5723
0.3444
0.2462
0.1327
0.0526
0.1894
0.3061
0.5891
0.2783
0.1977
0.1499
0.2378
0.3349
0.4561
0.3075
0.4383
0.5271
0.4207
0.3363
0.5601
-0.0558
-0.0914
-0.2363
-0.1041
-0.1874
-0.5709
-0.7526
-0.9295
-0.6576
-1.0048
-0.9987
-0.5517
-0.8638
-0.7576
-0.8722
-0.8187
-0.9293
-0.9594
-1.0557
-0.7733
-0.7044
-0.7906
-0.5845
-0.7036
-0.7083
-0.6925
-0.5589
-0.5591
-0.4873
-0.4727
-0.5894
-0.9370
-0.7714
-0.8486
-0.7978
-1.0278
-0.7062
-0.3427
-0.4729
-0.8686
-1.1739
-1.1047
-1.4913
-1.5980
-1.6719
-1.7016
-1.7788
-1.6864
-1.4402
-1.2442
-1.3944
-1.1295
-1.5102
-0.7535
-1.4672
-0.7884
-0.9282
-1.1870
-1.2899
-1.0856
-1.0463
-0.9883
-1.1555
-0.8439
-0.5672
-0.5299
-0.6776
-0.3483
-0.5295
-0.0151
-0.1019
-0.4923
-0.2837
-0.6421
-0.3081
-0.1172
0.5156
1.0213
0.7307
1.1097
1.1473
1.3154
1.2654
2.2393
1.5574
1.9851
1.5455
1.7405
1.8140
2.0557
2.0955
2.4547
2.2366
2.1786
2.0315
2.2072
1.4572
1.8014
1.1396
1.5964
1.0617
1.3459
0.9899
0.9173
0.6178
0.4040
0.3058
0.0454
0.0942
-0.0477
-0.2268
0.0494
-0.3285
-0.2996
-0.3561
-0.5187
-0.2839
-0.4363
-0.3171
-0.0913
-0.2472
-0.5015
-0.4559
-0.3629
0.1584
-0.2487
-0.5618
-0.1447
-0.2471
-0.3410
-0.3633
-0.4471
-0.3223
-0.5344
-0.7583
-0.6067
-0.8429
-0.4646
-0.6077
-0.5913
-0.8055
-0.9525
-1.4348
-1.4568
-1.6353
-1.6341
-1.8455
-1.8611
-2.0376
-1.8855
-2.1495
-2.2428
-2.3383
-2.2412
-2.5163
-2.4654
-2.4117
-2.0555
-1.9123
-2.2717
-2.1720
-2.0880
-2.5213
-2.2511
-2.4266
-2.2090
-1.6749
-2.1722
-2.0930
-1.6662
-1.1453
-1.8476
-1.7852
-1.7608
-2.0647
-1.5285
-1.7481
-1.4359
-1.9995
-1.2662
-1.5682
-1.8893
-2.1244
-2.2305
-2.0198
-2.0132
-1.5129
-1.4344
-1.5920
-2.0959
-1.9161
-1.7328
-1.6261
-0.6597
-1.5165
-1.0454
-0.9358
-1.1739
-1.1596
-1.0724
-0.9176
-1.0902
-1.1542
-1.2622
-0.7803
-0.9637
-0.8712
-0.6830
-0.9089
-0.8521
-0.9046
-0.8422
-0.5545
-0.6852
-0.7699
-0.7352
-1.1418
-1.0114
-1.2608
-0.6244
-0.8452
-1.0864
-1.1199
-1.0570
-0.5533
-0.6444
-0.4722
-0.5578
-0.5264
-1.1170
-0.7981
-1.0936
-0.8040
-0.2514
-0.2905
-0.5685
-0.0521
-0.3233
-0.5427
-0.0791
-0.1900
-0.3291
-0.0163
-0.5609
-0.1670
0.0424
-0.1610
0.2171
0.1894
0.0719
0.1684
-0.0659
0.0918
0.3101
0.7130
0.3380
0.2047
-0.0148
0.0050
0.3889
-0.0444
0.1206
0.4408
-0.4439
-0.3993
-0.6476
-0.5856
-0.5060
-0.2389
-0.6014
-0.4945
-0.4563
-0.2248
-0.2067
-0.4040
-0.1038
0.6851
0.7482
0.4757
0.2169
0.0155
0.4877
0.1527
-0.0495
0.0865
-0.5030
0.1383
-0.2342
0.0918
0.2717
0.3905
1.0954
0.5917
1.0362
0.8942
0.9268
0.9887
0.8484
0.7986
0.7513
1.2269
0.8195
0.8530
1.2661
1.4287
1.2075
1.0241
1.2084
1.1661
1.1642
1.9226
1.4512
1.5085
1.4581
1.4530
1.6029
2.6117
2.3185
2.2302
1.6874
1.4441
1.2881
1.1254
1.0922
1.0719
1.5887
0.8162
1.4374
1.0404
1.7777
1.3007
1.5471
1.0910
1.0834
0.9715
0.9577
0.8858
1.1426
1.1821
1.0079
1.0648
0.9767
1.1509
0.8633
0.5571
0.3755
0.2617
0.1338
0.2125
0.4621
0.0248
0.4002
0.0784
0.2887
0.4364
0.1621
0.2072
0.1882
0.2058
0.5222
0.8365
0.4106
0.3714
0.4364
0.5116
0.1636
0.1277
0.0947
0.0527
0.0663
0.5584
0.3206
0.7550
0.4611
0.4308
1.1931
0.8890
0.7222
0.3730
0.6670
0.2935
1.0488
0.8267
1.2152
0.5288
0.7543
0.8211
0.6415
0.8775
0.8104
0.5883
0.6839
0.5805
0.3306
0.3636
-0.0784
0.2863
0.0939
0.8637
0.5664
0.5820
0.5138
0.6769
0.3081
0.1995
0.3509
0.2760
0.0198
-0.2006
-0.1240
0.1906
-0.0651
-0.4667
1.2620
0.5063
-0.0108
-0.3085
-0.1842
1.3560
0.7373
0.7213
0.8160
0.6783
0.6004
1.1158
0.3030
0.6016
1.2240
0.9295
1.8350
1.5919
1.1863
1.9402
0.6866
0.6169
0.5268
1.0636
0.9554
1.4603
1.1579
1.1534
0.4310
0.7003
0.5288
0.7754
0.3805
0.8189
1.0591
1.3666
0.6586
1.1876
1.4501
1.1734
1.9314
0.8930
2.0129
1.1083
1.2205
0.8011
1.0908
1.3646
1.7634
1.1109
1.5844
1.3983
1.6054
1.4365
1.9571
1.4854
1.4451
1.7158
1.5342
1.9670
2.1681
2.5381
2.7458
3.2111
3.0618
2.9798
3.1106
3.0705
3.0772
3.2078
3.3840
3.3993
3.4562
3.4528
3.7596
3.4542
3.4660
3.8264
3.9265
4.1382
4.4030
4.3855
4.3379
4.4682
4.1208
4.0879
3.8503
3.7840
3.9617
3.1172
2.4505
1.9400
1.8497
1.2615
1.2142
0.6903
0.4623
0.4657
0.3138
0.2412
0.1115
0.0437
0.0232
0.0708
-0.1194
0.0351
0.0206
0.0401
-0.0453
0.0766
-0.1851
-0.2252
-0.1177
-0.4993
-0.4673
-0.9117
-0.8971
-0.9713
-0.6878
-0.6316
-0.8516
-0.5622
-0.8385
-0.6138
-0.8709
-0.4709
-1.0247
-1.0963
-1.2374
-1.1565
-1.3512
-1.3874
-1.5788
-1.8895
-1.7147
-2.0427
-2.1028
-2.1008
-2.1497
-1.9473
-1.9708
-2.0918
-2.4615
-2.5050
-2.5807
-2.7164
-2.6586
-3.1711
-3.2021
-3.1176
-2.8647
-3.2936
-3.2979
-3.1686
-3.1867
-3.3871
-3.4232
-3.4616
-3.2499
-3.5498
-3.5022
-3.6283
-3.5633
-3.0208
-3.3347
-3.1519
-3.0864
-2.9375
-2.7442
-2.6112
-2.3419
-2.1825
-2.0531
-2.1084
-2.2299
-2.3425
-2.3604
-2.2471
-2.2367
-2.1011
-2.1102
-1.9013
-1.8978
-1.5599
-1.8504
-1.8255
-1.6341
-1.8573
-1.8816
-1.9653
-2.0236
-2.0803
-2.0158
-1.9824
-1.9766
-1.9937
-2.0526
-1.9834
-1.9412
-1.8358
-1.5852
-1.2819
-1.6629
-1.5974
-1.6041
-1.3712
-1.5871
-1.5919
-1.4251
-1.5366
-1.6023
-1.5281
-1.6510
-1.4404
-1.6696
-1.6613
-1.6616
-1.6661
-1.6473
-1.6335
-1.5854
-1.3712
-1.5924
-1.6435
-1.7462
-1.8062
-1.8843
-1.7897
-1.8525
-1.7695
-1.8870
-1.8060
-1.8716
-1.8379
-1.9150
-1.9288
-1.9207
-1.9395
-1.9000
-1.9481
-1.9404
-1.8691
-2.1314
-2.2297
-2.2473
-2.2374
-2.1903
-2.1276
-2.0664
-1.9242
-1.9444
-1.6696
-1.8934
-1.8233
-1.6691
-1.5100
-1.2082
-1.2492
-1.2529
-1.1352
-1.1824
-1.0873
-1.2151
-1.2455
-1.4255
-1.5333
-1.3271
-1.5567
-1.6158
-1.7079
-1.8317
-1.8355
-1.5269
-1.7474
-1.6535
-1.7300
-1.6810
-1.6775
-1.5591
-1.6194
-1.6254
-1.8032
-1.9525
-2.0230
-2.0857
-2.0372
-2.0114
-1.9507
-1.9013
-1.6203
-1.7352
-1.6391
-1.6113
-1.3981
-1.0111
-1.1974
-1.4740
-1.2099
-1.3665
-1.3150
-1.2649
-1.3027
-1.2095
-1.0917
-0.4569
-0.6422
-0.8305
0.3579
0.2453
0.4742
0.7224
0.0874
0.6990
0.3516
0.6972
0.3650
0.7672
0.5232
0.8157
1.0745
1.8912
1.7099
1.6691
1.6646
2.0017
1.5643
1.6428
1.4782
1.9009
1.6078
1.7522
1.6290
1.7535
1.5824
1.4999
1.2867
1.3169
1.4554
1.6589
1.2861
1.0230
1.2438
1.0861
1.0788
0.9018
1.0270
1.1123
0.1711
0.1773
1.0506
0.4545
1.5436
0.4185
0.5432
0.2937
0.0997
0.2332
-0.0874
0.0805
0.2181
0.3005
0.7759
0.9730
0.9876
1.3940
1.6157
1.7207
1.3985
1.9416
1.5257
1.5967
1.4519
1.5135
1.0068
0.8646
1.9574
1.6940
1.1085
1.7899
2.1606
2.2536
3.3263
2.3925
2.6178
2.7722
2.4262
3.0322
2.8503
2.2866
1.8321
2.3481
1.8569
1.9749
1.9063
2.5640
2.3980
2.6776
1.9161
2.6229
2.6195
2.1419
2.1036
2.3180
2.5033
1.9170
1.7509
2.2117
1.5763
0.9372
0.5102
0.8614
0.9409
1.6246
1.8106
2.1653
2.3014
3.9822
3.1165
2.9453
2.1532
2.3606
2.4872
2.6597
2.0041
2.0638
2.7643
3.2713
3.2956
3.7366
3.2926
3.4865
3.5097
2.4617
2.1586
2.5326
2.0169
1.9337
1.7030
2.1767
2.0458
2.5275
2.3384
2.3830
2.2020
2.2640
1.8698
1.9469
1.8411
1.7518
1.2269
1.2971
1.4184
1.3028
1.2907
0.5324
0.4164
0.4276
0.4012
1.3798
1.5148
1.0060
1.5389
1.1816
1.5913
1.5452
1.9733
1.4140
1.9008
1.7382
1.7412
1.4863
2.1261
2.0491
1.4374
1.3365
1.6224
2.6502
2.3918
2.6995
2.0058
2.0083
2.2858
2.0545
1.5305
1.1508
1.3422
0.7536
0.7655
0.4411
0.7194
0.5061
0.2354
0.4290
0.5418
0.4812
0.7696
0.4085
-0.1269
0.3309
-0.0158
-0.0233
-0.3734
-0.5042
-0.6367
-0.3894
-0.6864
-1.1163
-1.2514
-0.7032
-1.3894
-1.0685
-1.3797
-1.0711
-1.4089
-1.3232
-1.4091
-1.3871
-0.9205
-1.4803
-1.4715
-1.2697
-1.2535
-1.0735
-0.9052
-0.9915
-0.9271
-0.8152
-0.5491
-0.2639
-0.1980
0.0358
-0.0059
0.0605
0.1122
0.1702
0.1460
0.3477
0.1147
0.1551
0.2396
0.1653
0.0912
0.0005
-0.0794
-0.0030
-0.1277
0.0364
0.2868
-0.0091
-0.0616
-0.0836
0.1486
-0.0876
0.0030
0.1071
0.3824
0.3676
0.5682
0.6299
0.5412
0.9514
1.0142
0.7045
0.9503
0.9187
0.8489
0.7060
1.0641
0.7163
0.6915
0.7542
1.3381
0.9335
0.9967
0.4163
0.3844
0.3646
-0.1868
0.0345
0.1994
0.2089
-0.1284
-0.1684
-0.2512
-0.4007
0.0482
-0.3310
-0.6100
-0.8619
-0.5097
-0.5839
-0.6192
-0.5478
-0.7271
-1.0133
-0.8015
-0.5098
-1.3596
-1.1707
-0.8835
-0.7561
-0.8647
-0.5534
-0.6415
-0.5593
-0.9553
-1.4626
-1.2733
-1.3681
-1.2906
-1.0887
-1.1064
-1.0011
-0.6304
-1.2431
-0.7809
-1.3051
-0.7898
-1.1843
-0.8952
-0.6943
-0.7667
-0.7534
-0.9169
-0.7255
-0.6750
-0.8047
-1.0924
-0.9812
-1.4000
-1.3655
-1.5134
-1.9489
-1.6069
-1.9723
-1.8334
-1.9150
-1.7176
-1.8519
-1.7556
-1.9636
-1.7419
-1.9323
-1.8543
-1.9132
-2.0360
-2.0985
-2.2509
-1.9569
-2.2278
-2.1832
-2.0765
-2.2822
-2.3153
-2.2758
-2.2923
-2.0479
-2.2069
-2.1613
-2.1198
-2.0498
-1.9509
-1.9145
-1.8406
-1.8528
-1.7530
-1.4877
-1.6238
-1.2822
-1.5470
-1.3562
-1.4957
-1.4207
-1.4577
-1.5718
-1.6056
-1.5302
-1.4287
-1.5872
-1.4499
-1.4406
-1.4033
-1.4120
-1.4448
-1.4875
-1.4705
-1.4860
-1.4315
-1.4553
-1.4215
-1.4143
-1.3723
-1.3243
-1.2797
-1.2397
-1.2174
-1.1047
-1.1599
-1.1047
-1.2317
-1.2273
-1.2192
-1.1834
-1.1341
-1.1164
-1.0932
-0.8078
-1.0099
-0.9376
-0.9266
-0.8778
-0.7678
-0.7682
-0.7291
-0.7669
-0.8006
-0.8354
-0.9262
-0.9750
-1.0422
-1.0653
-1.0895
-1.0357
-1.1087
-0.8989
-1.1936
-1.2072
-1.2078
-1.1573
-1.0276
-0.8335
-0.6499
-0.9186
-0.5318
0.5539
-0.2069
0.3711
0.4191
0.0700
0.4508
0.5649
0.7547
1.0389
1.4316
0.6042
1.7274
1.2779
1.3838
1.0944
1.7637
1.3157
1.4735
2.4620
1.7644
2.4236
2.3753
2.4771
2.8136
2.2528
1.8280
1.1612
1.1943
1.0730
1.3139
1.1709
1.5796
1.7494
2.2425
2.2279
2.6799
2.0595
1.9191
1.6947
1.8359
2.2367
1.7432
1.8872
1.7785
1.5125
1.2574
0.6753
0.6370
0.9616
1.6389
1.5890
1.8456
1.1138
1.1865
1.0346
1.2610
1.4736
2.1236
1.7514
1.5484
1.3119
1.0356
1.1166
1.2455
1.0766
0.7637
0.7157
0.7375
0.7692
1.7529
1.2346
2.3357
2.4721
2.0993
2.1171
2.2634
2.3074
2.3410
1.7888
1.9607
1.9025
1.9350
1.6390
1.9264
2.6637
2.9009
2.7316
2.7716
2.3921
2.1195
2.6225
1.8249
2.3811
1.7316
1.9664
2.0087
1.9851
2.4510
2.4406
2.3638
2.9582
2.5789
3.0027
2.9859
2.5723
2.7987
2.8044
2.8845
3.5993
3.2171
2.7780
2.7933
2.5689
2.4610
2.4250
2.3091
2.7016
1.9635
2.2508
1.6588
2.0276
1.4095
1.2216
1.4749
1.4643
1.5415
1.2812
1.3046
0.9179
0.7434
0.7152
0.8233
0.6732
0.6525
0.1641
-0.1404
-0.4987
-0.3708
-0.4523
-0.2842
-0.5045
-0.5969
-0.1487
-0.3590
-0.3968
-0.1920
-0.5862
-0.0577
-1.1384
-1.1584
-1.6055
-1.5653
-1.5855
-1.6696
-1.6996
-1.4363
-1.5157
-1.5681
-1.3928
-1.1415
-1.4395
-1.4748
-1.4052
-1.2538
-1.2073
-1.0022
-0.8466
-0.9127
-0.5583
-1.0654
-0.7473
-0.8725
-0.7001
-0.7134
-0.4857
-0.7940
-0.8886
-0.8347
-0.9787
-0.8052
-1.0659
-1.0315
-0.9047
-0.9039
-1.2748
-1.4631
-1.3134
-1.3135
-1.2079
-1.0051
-1.2209
-1.2910
-1.5520
-1.6125
-1.5289
-1.3880
-1.4840
-1.6458
-1.6563
-1.6364
-1.2123
-1.3960
-1.0880
-1.3559
-1.4274
-1.2609
-1.3305
-1.3928
-1.1117
-1.5912
-1.2082
-1.2992
-1.1774
-1.0643
-1.3771
-1.2073
-1.3583
-1.6423
-1.3421
-1.6724
-1.5859
-1.4943
-1.0676
-0.5032
-1.1645
-0.8087
-1.4216
-1.2240
-0.5328
-0.9588
-0.7436
-0.9782
-0.7113
-0.5742
-0.5297
-1.1571
-1.0688
-1.2817
-1.2955
-1.0329
-1.0128
-1.0273
-1.1320
-1.2649
-1.5246
-0.9630
-0.9835
-1.4365
-0.8074
-0.9599
-1.0327
-0.7589
-0.5104
-0.1252
-0.1863
-0.1884
0.0129
0.6587
0.5152
0.4213
0.6447
0.4746
-0.1087
0.2569
-0.1824
-0.2929
-0.3570
0.6199
-0.1226
-0.0478
-0.4696
0.1688
-0.3453
0.0348
0.8856
-0.3582
-0.2951
-0.1636
-0.0251
-0.0860
0.3156
0.7197
0.8313
0.5799
0.4881
0.5986
0.4495
0.2284
0.5086
-0.3230
-0.1446
0.6280
0.3605
0.9871
0.5893
0.1712
0.3943
-0.3645
0.1992
0.9664
0.1634
-0.2043
-0.1351
0.1233
0.1606
-0.3338
-0.1222
0.1425
0.3997
0.4186
0.0301
0.2020
-0.1367
0.6681
0.4251
0.3811
0.8062
0.7966
0.4036
1.3457
1.6133
1.3810
1.6009
1.3500
1.0068
1.3867
0.9682
0.4395
1.0252
1.0793
0.7926
1.4932
0.9561
1.1406
1.3244
0.8626
0.1747
1.0634
0.8553
1.2606
2.0341
1.3812
1.3685
1.6416
1.5328
1.8027
1.6451
2.2946
2.6275
2.9908
2.6750
2.2785
2.3375
2.7219
2.2906
2.4877
2.2382
2.2292
2.3899
2.6299
2.1102
3.4089
2.5573
3.7493
2.3156
2.5578
2.1960
2.3388
1.8274
2.2030
2.5924
2.4389
2.2588
1.9110
2.3793
2.5873
2.1358
2.9698
2.1867
2.5434
2.0430
1.8327
1.9714
1.7881
2.0763
2.4716
2.6355
2.7464
2.6922
2.3057
1.5622
1.3810
1.0935
1.4226
1.2386
1.2341
1.7118
1.5150
1.4535
2.1761
1.7507
1.6442
1.3442
1.4785
1.6955
1.5497
1.7192
1.3718
1.3650
1.1654
0.9770
0.7879
0.6205
0.3591
0.4757
0.1086
0.4407
0.2123
0.1973
-0.0847
0.4464
-0.0932
0.1035
0.6751
0.7028
0.6920
0.0477
0.1268
-0.0651
0.6045
0.3847
0.0811
0.1523
0.0769
0.0292
0.0591
0.0197
-0.2053
0.1395
0.0042
0.3399
-0.0570
-0.1133
-0.1134
-0.3318
-0.0660
0.0112
-0.1326
-0.6486
-0.8620
-0.9166
-1.1489
-0.7619
-1.1866
-1.0629
-1.2439
-1.2405
-1.3286
-1.5943
-1.7960
-1.7095
-1.7756
-1.6099
-1.6423
-1.6343
-1.1220
-1.4061
-1.5372
-1.2395
-1.4141
-1.0446
-0.9449
-0.8966
-1.2471
-0.9137
-0.9195
-0.5464
-0.6779
-0.8482
-0.6937
-0.3883
-0.1214
-0.6056
-0.6469
-0.3661
-0.6761
-0.5797
-0.2812
-0.3844
-0.3652
-0.2003
-0.2524
-0.2249
-0.3860
0.0725
-0.1670
-0.1266
0.1558
0.3469
0.2616
0.4964
0.4817
0.3576
0.3095
0.0781
0.0067
-0.1021
-0.1593
0.2273
-0.0752
0.0862
-0.0812
-0.2424
-0.0015
-0.2345
-0.3473
-0.2040
-0.4760
-0.3650
-0.2918
-0.0905
-0.0460
-0.3139
-0.1033
0.0773
-0.2644
-0.5898
-0.5249
-0.7435
-1.0872
-1.3299
-1.3581
-1.4695
-1.2361
-1.1361
-1.0734
-1.2609
-1.0797
-0.5593
-0.6197
-0.9529
-1.1967
-1.1918
-1.3346
-1.2393
-1.0993
-1.1175
-0.7126
-0.9718
-0.9208
-0.6568
-0.5749
-0.0026
-0.4784
-0.2506
-0.1871
0.0680
0.1878
0.0336
0.2449
0.2975
0.4032
0.2726
0.2273
0.0799
0.4446
0.3752
0.4432
0.0971
-0.0023
0.1902
-0.0454
-0.2114
-0.1845
-0.5172
-0.3876
-0.2779
-0.1445
-0.3927
-0.0859
-0.3939
-0.1329
-0.1573
-0.3823
0.0169
-0.4134
-0.4507
-0.5516
-0.7557
-0.6071
-0.7337
-0.5383
-0.8374
-0.6458
-0.8954
-1.0585
-1.0098
-0.7687
-1.0227
-0.8429
-1.1420
-0.8054
-1.0985
-1.1022
-1.3158
-1.4243
-1.2003
-1.4024
-1.3795
-1.1251
-1.3629
-1.2278
-1.1442
-0.8766
-1.2195
-1.2426
-1.5601
-1.6387
-1.6887
-1.7200
-1.5877
-1.8437
-1.9292
-1.9381
-1.9601
-1.9634
-2.0242
-1.8726
-2.0833
-1.9585
-2.0564
-2.1753
-2.0388
-2.2049
-2.1846
-2.2746
-2.3254
-2.3204
-2.3424
-2.2113
-2.2272
-2.1214
-2.2326
-2.1602
-2.3176
-2.3729
-2.5890
-2.6999
-2.7514
-2.6052
-2.7748
-2.7905
-2.7559
-2.7364
-2.7040
-2.6756
-2.6561
-2.4648
-2.6526
-2.6690
-2.3189
-2.4741
-2.3794
-2.4980
-2.3586
-2.5008
-2.4301
-2.6584
-2.2629
-2.0117
-2.0765
-2.3736
-2.6075
-2.3131
-1.4395
-2.1028
-1.5266
-1.7082
-2.0403
-1.8305
-2.1593
-2.2234
-1.7441
-1.5312
-1.4067
-1.4911
-1.3527
-1.7974
-1.6261
-0.5126
-1.0849
-1.1230
-1.4096
-1.0734
-1.0113
-0.5668
-0.8396
0.1190
-0.3848
-0.0974
-0.4275
0.4395
0.2830
0.4769
0.0883
-0.0721
-0.4973
-0.8715
-0.8429
-1.6258
-1.4298
-1.6812
-1.1207
-0.8793
-0.7716
-0.7926
-0.6570
-1.3780
-1.1380
-0.0092
0.0108
-0.4565
-0.6956
-1.0013
-1.1243
-1.3763
-1.6687
-1.1412
-1.1405
-1.1187
-0.6689
0.2454
-0.4464
-0.3836
-0.5560
-0.8372
-0.4936
-0.1947
0.4501
0.7192
0.3522
0.7330
1.0037
0.8467
1.1020
1.0653
0.5502
0.9189
1.0585
0.5940
1.4469
0.7341
0.7914
1.0200
0.5777
0.4752
0.4432
1.4447
0.6639
0.3008
0.4655
0.7377
0.8567
0.6232
0.0506
0.0269
-0.2487
0.1370
0.1703
0.6543
0.0944
0.0090
0.6296
0.2719
0.4370
0.7317
0.7146
0.3761
0.7479
0.2608
0.2967
-0.1383
0.5384
0.3547
0.3670
0.8829
0.1220
0.2240
0.1333
0.2860
0.1013
0.0125
-0.1913
-0.2021
-0.1536
0.1287
-0.0012
0.1009
0.3938
0.3807
-0.2317
0.5276
0.1472
-0.5126
-0.3805
-0.7849
-0.5848
-0.0228
-0.4582
-0.8650
-0.7065
-0.5851
-0.8397
-0.9303
-0.5911
-0.9401
-1.1791
-1.1128
-1.5329
-1.4178
-1.1407
-1.2319
-1.5466
-1.7836
-1.9221
-1.6485
-1.5798
-1.6175
-1.4451
-1.5716
-1.6700
-1.4238
-0.8613
-0.7137
-1.2225
-0.9745
-0.6153
-0.4950
-1.1007
-1.0560
-0.7677
-1.0570
-1.4862
-0.6446
-1.0129
-1.0143
-0.8561
-1.1004
-0.1352
-1.1171
0.0924
0.5085
-0.2940
-0.2369
-0.3514
-0.3715
-0.9065
0.1487
0.0169
-0.1963
0.2964
-0.2343
0.2465
0.5111
1.0195
0.5199
0.1941
0.3163
0.3783
0.6198
0.8453
0.4753
0.3164
0.7571
0.3174
0.7616
0.7476
0.5072
0.3779
0.1339
0.2042
-0.0040
-0.1051
0.1210
-0.0149
0.0791
0.5045
0.7306
1.2900
1.0621
0.8804
1.0432
1.0494
0.3038
0.3036
0.8789
0.4680
0.5136
0.7395
0.7649
1.2563
0.7934
0.8620
0.9792
1.2405
1.1020
0.9580
1.2394
1.0543
0.9682
0.5034
0.7700
0.6684
0.9084
1.0066
1.2150
0.7128
0.5974
1.2451
1.1800
0.6187
0.6104
0.3994
0.6196
1.2358
1.5253
0.5281
0.5942
1.2433
0.6769
0.9258
0.6469
0.8525
1.3732
0.8297
1.0409
0.9690
1.1920
0.9194
0.8973
0.3913
0.1239
0.2704
0.2479
0.4694
0.7712
0.7624
0.8370
1.0811
0.9350
1.3958
0.9041
0.9431
0.6589
0.6280
0.3189
0.3972
0.2145
0.3668
0.3036
0.3731
0.3774
0.3731
0.3749
0.2705
0.2740
0.3907
0.1061
0.3967
0.0262
0.1810
0.0735
0.1285
0.1514
0.1439
0.3458
0.1510
0.1605
0.2333
0.4186
0.2120
0.1431
0.0711
0.0176
-0.0838
-0.2231
-0.2745
-0.4215
-0.4211
-0.5230
-0.5298
-0.5383
-0.3942
-0.5881
-0.3287
-0.5243
-0.9601
-0.9993
-1.1981
-1.1592
-1.0917
-1.1357
-0.8863
-1.2681
-0.9928
-1.2650
-1.2364
-1.4081
-1.4442
-1.3765
-1.4465
-1.5709
-1.5493
-1.2723
-1.6719
-1.5630
-1.4549
-1.2161
-1.1611
-1.1243
-1.2267
-0.9986
-1.1636
-0.6531
-0.9929
-0.8421
-0.8702
-0.8282
-0.9124
-0.8705
-0.6664
-0.8296
-0.8683
-0.5403
-0.9552
-1.0479
-0.8511
-0.8794
-0.7962
-0.9437
-0.8918
-1.0269
-1.0824
-1.2353
-1.3834
-1.3869
-1.3237
-1.4503
-1.1835
-1.5886
-1.7527
-1.9114
-1.7700
-1.8324
-2.0054
-1.8284
-1.9682
-1.7259
-1.8561
-1.7926
-1.6302
-1.7398
-1.6163
-1.4533
-1.1724
-1.3915
-1.1700
-1.3729
-1.4039
-0.9132
-1.2340
-1.1505
-0.8885
-0.8454
-1.0605
-1.0922
-1.1466
-1.2512
-1.2628
-1.3328
-1.3091
-1.2662
-1.2698
-1.2222
-1.3968
-1.2605
-1.6560
-1.7228
-1.8283
-1.9349
-1.3497
-1.8417
-1.4118
-1.2338
-1.2249
-1.2006
-1.0502
-0.9377
-1.1303
-1.1395
-1.1267
-1.1543
-1.0983
-0.9979
-0.6223
-0.8839
-0.0155
-0.6067
-0.2097
-0.4923
-0.3162
-0.5628
-0.6078
0.0661
-0.7305
-0.6602
-0.6168
-0.4334
-0.2646
0.1942
0.0926
-0.5056
-0.3459
-0.7669
-0.7600
-0.1806
-0.8548
-0.5963
-0.5904
-0.5841
-0.5612
-0.7205
-0.5369
-0.5586
-0.1599
-0.2922
-0.2367
-0.0489
-0.3003
-0.3202
-0.1435
-0.3299
-0.0703
-0.3147
-0.1621
-0.2690
-0.1274
-0.1199
0.0996
-0.3166
-0.6840
-0.7075
-0.9844
-0.9002
-0.8131
-0.8214
-1.0259
-1.2056
-1.0779
-1.1179
-1.0870
-1.5479
-1.3192
-0.6835
-1.2410
-0.4271
-1.3111
-1.1228
-0.1461
-0.6364
-0.9366
-0.8967
-1.4864
-0.8681
-0.9311
-1.1705
-0.8664
-0.7340
-1.2826
-0.8681
-1.0244
-0.7829
-0.5428
-0.4901
-0.3458
-0.6811
-0.5672
-0.5876
-0.9907
-0.9401
-1.1100
-0.9628
-1.3698
-1.0643
-1.2639
-1.1201
-1.0706
-1.0415
-1.1501
-1.2758
-1.2641
-1.5107
-1.0797
-1.3226
-1.2368
-0.6593
-1.0313
-1.1084
-0.5512
-1.2188
-1.0960
-1.1400
-1.3768
-1.5515
-1.6744
-1.3796
-1.5858
-1.2712
-1.6113
-0.9873
-1.2583
-1.3433
-1.5959
-1.7793
-1.7427
-2.0563
-1.8983
-2.0504
-1.6956
-1.4773
-1.0956
-1.3828
-1.5188
-1.5574
-1.2130
-1.3522
-1.2229
-1.3858
-1.2239
-1.2534
-1.1707
-0.8902
-0.6156
-0.6223
-1.1988
-0.3465
-0.9628
-0.2489
-0.4012
0.4346
-0.4203
-0.6509
0.2446
1.4031
0.2869
0.4752
1.2126
1.4900
0.9473
1.6325
1.3986
1.1667
1.7641
1.4750
2.8308
2.6792
2.2078
2.4509
2.8693
2.7523
2.1548
2.9458
2.5993
3.6412
2.8292
3.0386
2.9106
2.8381
3.1675
2.5607
3.0392
2.7211
3.4600
3.1744
3.7769
3.4446
3.5393
2.6039
3.3535
3.0668
3.1921
4.0814
3.2319
3.6872
3.5043
3.0075
3.3839
3.4851
3.4478
3.6732
2.6825
3.5944
3.0044
4.2563
3.8605
3.4220
2.9928
4.1298
3.5615
3.1450
3.9402
3.5299
3.0957
3.9850
2.8318
3.6412
3.5054
3.3524
3.6936
3.1565
3.2836
3.2964
3.1393
3.1434
3.5252
3.5813
3.4616
3.1600
3.5822
3.1077
3.1278
3.9836
3.5117
3.3905
3.0136
2.6810
3.0051
2.4188
2.5371
2.1544
2.5649
2.2373
2.8528
2.4984
3.0739
2.5561
2.2916
2.9882
2.7059
1.9035
1.8045
1.1698
1.3749
1.0888
1.2281
0.6762
1.1924
0.1743
0.4334
-0.1499
0.1402
-0.2391
0.2600
-0.7452
-0.5035
-0.6709
-0.5696
-0.0624
-0.7269
-0.8640
-1.2022
-1.1679
-1.3258
-1.2636
-1.3562
-1.7196
-1.7949
-1.6577
-2.1513
-2.3234
-2.3187
-2.3008
-2.6163
-2.3114
-2.3271
-1.9222
-2.3838
-2.3263
-2.3603
-2.4355
-1.8904
-2.1580
-1.9573
-1.9390
-2.3882
-2.2537
-2.4449
-2.3657
-2.1642
-2.1944
-1.8094
-1.8667
-1.6586
-1.7457
-2.0029
-1.7276
-1.7478
-2.2560
-1.8870
-2.0875
-2.1440
-2.1817
-1.9549
-2.0087
-1.6927
-1.4084
-1.1779
-1.1830
-0.8689
-0.9694
-0.9177
-0.9974
-1.3110
-1.4094
-1.5154
-1.5474
-1.3550
-1.2448
-1.0877
-0.9385
-0.8788
-0.8277
-0.8190
-0.8503
-0.9514
-0.9531
-0.8110
-1.0042
-1.0016
-1.0134
-0.8546
-0.7756
-0.4716
-0.5048
-0.4292
-0.6174
-0.6765
-0.7548
-0.7764
-0.7867
-0.7509
-0.7044
-0.6606
-0.3992
-0.6316
-0.6546
-0.8118
-0.9138
-1.0667
-1.1778
-1.2873
-1.4153
-1.3987
-1.4439
-1.4319
-1.4436
-1.4495
-1.3411
-1.2870
-1.2104
-1.1242
-1.0652
-0.9358
-0.9478
-0.9059
-0.8844
-0.9638
-0.9899
-1.1711
-1.2184
-1.0175
-1.2201
-1.1949
-1.1829
-0.9502
-1.0248
-0.9974
-0.8187
-0.6708
-0.7103
-1.1498
-1.3329
-1.4923
-1.5433
-1.6578
-1.6832
-1.7550
-1.5634
-1.7716
-1.7287
-1.6778
-1.5868
-1.6738
-1.8319
-2.0340
-2.2527
-2.3075
-2.4248
-2.4627
-2.4815
-2.3612
-2.0061
-2.2986
-2.4725
-2.5313
-2.7087
-2.6432
-2.4717
-2.1017
-2.1418
-2.4883
-2.3249
-2.5441
-2.5575
-2.0948
-2.5639
-2.5074
-2.6646
-2.5052
-2.4333
-1.9986
-2.0407
-1.9581
-1.9018
-1.9381
-2.0327
-2.1709
-2.1326
-2.1454
-2.2944
-1.9137
-1.6447
-1.4072
-1.3785
-1.4805
-1.3089
-1.4711
-1.6673
-1.6540
-1.7961
-1.4705
-1.7451
-1.6840
-1.4873
-1.1357
-1.4689
-1.2915
-1.0057
-0.9307
-1.1527
-0.8963
-1.0567
-0.6269
-0.0172
-0.2023
0.4025
0.1689
0.4956
0.4421
0.4049
0.3484
0.3930
0.2387
0.3344
0.4463
0.6791
0.3404
0.3891
0.6987
0.8884
1.0739
1.1996
1.1590
1.5732
1.0748
1.9879
2.0603
1.7799
1.5506
1.5267
2.0462
1.8423
1.8540
0.7722
1.0119
0.9475
0.5139
1.4956
1.2737
2.1010
1.5442
1.0448
1.4422
1.4673
1.6970
1.7348
1.0682
2.4274
1.2009
1.7386
1.5473
1.6292
1.2359
1.4883
1.1269
1.1394
1.2824
1.4433
1.1940
1.4100
1.1089
0.6677
0.8125
1.7656
1.0297
1.1270
0.7964
1.3127
1.2122
1.4105
2.3198
1.6723
0.8733
0.7216
0.7070
0.7720
0.4456
1.4106
0.6893
0.7365
-0.1016
-0.2570
-0.1835
-0.2145
-0.2636
-0.3442
-0.3587
-0.4727
-0.5381
-0.5405
0.0722
-0.3914
-0.3531
-0.3254
-0.6476
-0.6064
-0.3740
-0.3926
-0.5448
-0.5372
-0.8546
-1.0789
-0.9749
-1.1067
-1.2149
-1.0443
-1.0905
-1.5674
-1.6152
-1.4905
-1.1826
-1.6682
-1.5072
-1.3318
-1.5154
-1.3619
-1.5218
-1.4912
-1.4582
-1.4651
-1.5505
-1.1509
-1.0693
-1.1032
-0.7579
-0.6295
-1.0831
-0.9720
-0.8859
-0.4958
-0.0954
-0.6643
-0.3148
0.0898
1.0568
0.6522
0.9431
0.4870
0.5501
0.9306
0.7190
0.7679
0.9306
0.8112
1.0728
0.4535
0.3795
0.5249
0.9327
0.8993
1.0620
1.6918
0.6305
0.4823
0.2296
0.2231
0.3475
1.0325
0.7591
0.7775
0.4856
0.9869
0.2062
0.6652
0.0795
0.0840
0.0576
0.2052
0.5936
0.2280
0.4435
-0.0789
0.1030
-0.3512
-0.1190
-0.1236
-0.0673
-0.0678
-0.0232
-0.0466
-0.3622
0.0396
-0.0102
-0.3538
-0.1803
-0.4781
-0.2306
-0.3580
-0.7926
-0.6368
-1.3406
-1.0702
-1.2470
-0.9860
-1.2021
-1.2521
-0.7338
-1.3524
-0.8355
-0.9788
-1.5161
-1.6086
-1.7808
-1.8677
-1.6257
-1.6567
-1.7362
-1.7269
-1.8423
-1.7024
-1.8205
-2.1578
-2.2550
-2.1593
-2.3806
-2.2140
-1.9253
-2.1573
-1.8942
-2.4796
-2.0926
-1.8622
-1.7042
-1.3605
-1.8309
-1.6704
-1.9156
-1.8362
-1.9239
-2.0593
-1.8997
-1.3927
-1.7216
-1.6611
-1.6562
-1.6704
-2.1428
-1.9477
-2.2723
-2.2294
-2.2195
-2.0685
-2.0657
-1.9759
-2.0461
-2.1393
-2.0764
-2.0235
-2.0972
-2.1413
-1.8257
-1.8010
-1.7744
-1.6123
-1.5609
-1.4961
-1.4926
-1.1946
-1.8284
-1.8350
-1.7247
-1.7712
-1.9090
-1.9468
-1.7841
-1.5748
-1.7445
-1.5802
-1.5931
-1.6436
-1.3773
-1.2317
-1.2155
-1.3700
-1.6378
-1.8596
-1.4548
-1.0645
-1.9123
-1.8695
-1.8296
-2.0388
-1.9838
-2.1119
-1.9806
-1.4955
-1.3692
-1.2608
-0.9578
-0.4511
-0.3648
-0.6113
0.1556
-0.2174
-0.2404
-0.4468
-0.9933
-1.0741
-0.9625
-1.0605
-1.0583
-1.0507
-0.3608
-0.4037
-0.2850
-0.3155
-0.5186
-0.6046
-0.5787
-0.7754
-0.4243
-0.5375
-0.2908
-0.2526
0.0821
-0.0580
0.2439
-0.2495
-0.1414
-0.5401
-0.5169
-0.2087
-0.1238
0.0973
0.1167
0.4062
0.2948
0.6887
0.8405
1.1785
0.5976
1.0666
0.6161
1.0592
0.5012
1.0905
0.2863
0.1709
0.3743
0.0668
0.0506
0.5815
-0.3512
0.3702
0.3678
-0.2038
-0.5237
-0.2763
-0.0188
0.1597
-0.1609
-0.0073
0.1123
0.2107
0.0541
0.0704
0.1982
0.1518
-0.4337
0.5249
-0.4972
-0.2597
-0.5601
-0.0972
-0.3315
-0.2751
-0.1817
0.0051
-0.0914
0.2620
0.4510
0.2528
0.4667
0.2129
0.3274
-0.0001
-0.3126
0.0968
-0.0463
-0.1044
0.0620
0.5455
0.2505
0.4037
0.3605
-0.3389
-0.1759
0.1845
-0.2038
-0.1499
0.8960
-0.0555
-0.1387
-0.0474
-0.1323
0.3103
0.7635
0.2874
1.3923
0.6268
0.2509
0.1846
0.4273
1.2389
0.9600
1.1601
1.2349
0.6713
1.1920
0.9581
0.9383
2.3179
1.4942
2.4354
1.4875
1.7289
2.4776
1.3065
1.5660
1.5064
2.5777
1.4404
3.1218
2.7003
2.1172
2.8420
1.7727
1.9090
2.9088
2.7187
2.6327
1.7798
1.9295
1.1543
1.3123
1.3644
1.3029
2.3405
1.4447
1.8739
1.8001
1.3164
1.7816
2.2064
1.6727
1.1801
1.2344
1.2893
0.9376
0.1325
0.2179
0.0824
0.1794
-0.1456
-0.1029
0.4223
0.7828
0.5903
0.6935
0.4200
-0.1692
0.1800
-0.0113
0.3820
-0.3810
-0.0291
0.0463
0.5164
0.3154
0.6528
0.9147
1.5110
1.4171
1.6225
1.2758
1.6383
1.9480
2.2943
1.8117
1.6153
2.0035
2.0360
2.0035
1.6375
1.8884
2.1730
1.8375
1.9455
1.9549
2.2560
1.8254
2.2824
1.8464
1.7506
1.5863
1.7282
1.6583
2.1318
1.9525
2.1457
2.2676
2.0791
2.1731
1.9242
1.9305
1.9282
2.0186
1.9092
2.2555
2.4537
2.6573
2.5181
2.8706
2.7697
2.8982
2.8572
2.5749
2.2491
1.7536
2.0738
1.6564
1.8478
1.6928
1.6978
1.6569
1.6218
1.6318
1.4880
1.1609
1.2953
1.1207
0.9358
0.8200
0.5089
0.3488
0.2141
0.3239
0.1770
0.4364
0.1590
0.4883
0.4757
0.4585
1.0679
0.5219
0.6632
0.7393
0.5310
0.4772
0.6501
0.4545
0.2887
0.1673
-0.0192
0.4217
-0.2287
-0.2968
-0.2684
-0.2719
0.1776
-0.1628
-0.3032
-0.7337
-0.8966
-0.6623
-0.8137
-1.0040
-1.1726
-1.3171
-1.4302
-1.5682
-1.6835
-1.6691
-1.8016
-1.8252
-1.9623
-2.0019
-1.9371
-1.9863
-2.3308
-2.2973
-2.1875
-2.2486
-2.1129
-1.7215
-2.1598
-2.0102
-2.2330
-2.2690
-2.0935
-2.2436
-2.0515
-2.2955
-2.0600
-2.2704
-1.9328
-1.9652
-2.0702
-2.0458
-1.7905
-1.5837
-1.9216
-1.7673
-1.6139
-1.5407
-1.5414
-1.4835
-1.6797
-1.4823
-1.6056
-1.6627
-1.6891
-1.7960
-1.5171
-1.4923
-1.2783
-1.0768
-1.3567
-1.4990
-1.6730
-1.5084
-1.7445
-1.5286
-1.6289
-1.9670
-2.0222
-2.1904
-1.9983
-1.9439
-1.9406
-1.8109
-1.7740
-1.4369
-1.6165
-0.7859
-1.5297
-1.3415
-1.1701
-1.5184
-1.6117
-1.4664
-1.2068
-1.0325
-1.5802
-1.7494
-1.4783
-1.4539
-1.0266
-0.8112
-1.0070
-0.8920
-0.8458
-0.9361
-0.1825
-0.2182
-0.7145
0.2251
0.2582
0.0661
0.1811
0.4438
0.3153
0.4413
0.3517
0.4595
0.2693
0.3065
0.2852
0.3589
0.6601
0.5955
0.5329
0.5401
0.6414
0.2352
0.1549
-0.0351
0.8396
0.3467
0.4210
0.2400
0.0469
0.5078
0.6580
0.2506
0.3626
0.7885
0.7520
0.7757
1.1433
1.0885
1.2841
1.7786
1.9912
