1.1949
0.5994
1.1632
1.6867
1.8343
1.2690
0.8982
0.9936
1.1868
1.8177
1.2876
0.8963
0.9696
1.0731
0.9883
1.1868
0.6712
0.8956
1.0471
0.9409
0.8997
0.9955
0.8085
0.8899
1.0287
0.6256
1.1588
0.7636
1.3173
0.6870
1.0955
0.7931
0.1676
0.1947
0.1767
0.8316
0.6495
0.3936
0.7380
0.6396
0.5624
0.1150
0.1838
0.2590
0.3219
0.2150
0.6134
0.4761
0.4671
0.2068
0.7174
0.5943
0.8314
0.9879
0.3697
0.1899
1.0954
0.2400
0.5946
-0.1298
0.0248
0.0456
-0.2815
0.3624
-0.5251
-0.4495
-0.1075
-0.1267
-0.0544
-0.0875
-0.0559
-0.3857
0.3461
-0.2824
-0.1717
-0.2378
-0.2211
-0.1778
-0.1462
0.1325
-0.0157
-0.0607
-0.1484
-0.3096
-0.2590
0.1486
-0.1822
-0.1187
-0.2272
-0.1230
-0.2843
-0.2229
-0.4383
-0.4734
-0.4538
-0.7425
-0.8657
-0.9390
-0.9165
-0.9220
-0.8650
-0.7616
-0.7763
-0.6249
-0.6698
-0.5906
-0.5987
-0.4124
-0.6466
-0.7200
-0.6923
-0.8052
-0.8184
-0.9231
-0.9878
-1.0127
-0.8472
-1.0241
-0.6830
-0.5968
-0.7260
-0.4696
-0.7716
-0.6072
-0.7573
-0.6581
-0.7076
-0.7003
-0.6043
-0.6772
-0.4063
-0.1618
-0.0025
-0.3930
-0.6037
-0.6222
-0.6248
-0.6497
-0.4016
-0.6534
-0.6631
-0.4989
-0.7774
-0.8089
-0.8950
-0.7060
-0.5033
-0.9103
-0.9083
-0.8133
-0.4962
-0.7865
-0.9635
-0.9419
-1.1104
-1.0792
-1.3465
-1.1955
-1.6433
-1.5382
-1.6239
-1.1693
-1.4926
-1.2285
-1.5148
-1.3343
-1.2765
-1.1183
-1.4364
-1.2053
-1.1045
-1.0351
-0.6414
-0.9613
-0.9135
-0.8708
-1.0776
-0.4913
-0.8384
-0.6454
-0.1727
-1.0892
-0.9101
-0.5505
-0.3547
0.0626
-0.2669
-0.1010
0.0589
-0.3317
-0.0846
-0.4135
0.1760
-0.2352
0.1797
0.2853
0.6715
0.6185
0.7678
0.0788
0.0568
-0.0677
0.8070
0.1915
0.6468
0.2848
1.0392
0.1698
0.2886
0.5310
0.3264
0.3322
0.5923
0.2459
-0.1307
0.3637
0.2677
1.1740
0.7035
0.6412
0.8448
1.4209
1.2319
1.0649
1.8533
1.1754
1.1839
0.6513
1.5728
1.5949
1.7535
1.8762
1.9681
2.1791
1.6443
1.5102
1.2449
1.2075
1.2213
0.8164
0.7876
1.2627
1.8616
1.5942
2.2127
2.1269
2.4599
2.4700
2.6726
2.3118
2.2736
2.7814
2.7396
2.2964
1.7108
1.7558
1.9486
1.1720
1.1061
1.5944
1.1646
1.0708
1.1466
0.8731
0.6827
0.8310
0.8202
1.0657
0.7655
1.2253
1.0805
1.3379
1.0915
1.2623
0.4466
0.6002
0.5445
0.8080
0.9371
0.7619
0.5631
1.0949
0.4170
0.4699
0.6810
0.9039
0.5234
0.4319
0.9628
0.4463
0.5130
0.4705
0.7740
0.4225
0.9767
1.1247
1.5243
1.1237
0.5962
0.7429
0.2645
1.1850
0.6775
0.8383
1.0941
0.9520
0.6018
0.7027
1.3147
1.3709
0.7389
0.3739
0.7297
1.1735
0.4505
1.0983
0.2716
1.0002
0.2576
0.3175
0.4079
0.8655
0.5775
0.9039
0.6968
0.5042
0.3770
0.3731
0.1825
0.2622
0.7760
0.3819
0.6651
0.4565
0.7596
0.9796
1.1056
0.7475
1.0294
0.9196
0.6105
0.7128
0.9802
0.7344
0.5928
0.9431
1.3456
0.7331
0.9831
1.6140
0.9233
1.1317
0.8874
1.1869
0.9127
0.6835
0.6873
1.3872
0.7256
1.3189
0.8333
1.3551
0.9314
1.0307
0.8271
0.8506
0.7253
1.0791
1.1196
0.8350
1.0114
0.9890
0.5677
0.7812
0.3543
1.0486
0.4628
0.7900
0.6633
0.9964
1.2426
0.9591
1.1651
0.9652
0.8988
1.1977
0.8076
0.6008
0.5206
1.2283
1.2463
1.8085
1.0836
1.2072
0.9832
0.7944
1.1581
1.1396
0.8160
1.2085
1.6422
1.3824
1.3510
1.3213
1.1640
1.0677
1.0055
1.3123
1.1703
1.3191
0.9548
1.0356
1.1643
0.7851
0.7895
0.5703
0.8664
0.5682
0.6192
0.6639
0.6188
0.6110
0.4248
0.5142
0.5441
0.7360
0.9789
0.6523
0.7124
0.2111
0.0957
-0.0268
0.0832
0.2354
0.1267
0.1935
-0.0426
-0.1238
0.0261
-0.0528
0.0859
0.0572
-0.2704
-0.1409
-0.6982
0.0140
-0.7017
-0.2973
-0.8003
-0.6697
-0.9784
-1.0305
-1.1223
-1.2865
-0.8883
-1.0944
-0.9966
-1.0904
-1.2612
-1.3592
-1.0846
-1.3680
-1.2275
-1.4029
-1.2156
-1.4549
-1.4469
-1.4156
-1.6264
-1.6371
-1.4631
-1.6322
-1.5505
-1.4508
-1.3888
-1.2797
-1.2288
-1.2030
-1.1912
-1.2791
-1.2793
-1.2919
-1.4220
-1.4494
-1.4748
-1.1446
-1.5246
-1.5570
-1.5374
-1.3532
-1.1166
-1.1720
-1.1948
-1.1792
-1.2145
-1.0922
-0.6121
-0.8967
-0.6650
-0.9146
-1.0328
-1.1008
-1.1973
-1.1881
-1.1792
-1.0590
-0.8013
-0.3579
-0.5473
-0.4556
-0.3509
-0.5718
-0.7917
-0.3391
-1.1475
-0.7293
-0.6472
-0.9449
-1.0021
-0.8023
-1.0626
-0.8174
-1.2213
-0.7169
-1.1263
-0.9732
-0.7755
-0.5895
-0.4153
-0.1753
0.1931
-0.0193
0.4655
-0.1161
-0.3000
-0.0588
-0.1455
0.1953
-0.0277
-0.2223
-0.2916
-0.3278
-0.0034
-0.2828
0.6836
0.2949
0.3190
0.3812
-0.0655
0.2564
0.3821
1.9263
0.5641
1.4801
1.3182
0.8223
0.1481
-0.0097
0.3978
0.2288
1.2590
1.1581
1.5380
1.0318
1.0942
1.0682
1.9660
0.7300
1.1016
0.6082
0.7340
1.1664
0.7006
0.8474
0.5211
0.6666
0.7968
0.6124
0.3653
0.6828
0.2740
0.6841
0.2078
0.4143
0.9607
-0.0720
-0.2316
-0.1878
-0.1589
0.1967
0.3395
-0.1164
-0.0424
-0.3394
-0.2759
-0.6232
-0.3555
-0.6910
-0.5882
-0.6505
-0.8276
-0.6236
-0.7049
-0.2862
-0.4728
-0.8716
-0.9582
-0.9943
-0.9846
-1.2053
-1.3905
-1.3563
-1.3782
-0.9294
-1.5411
-1.3714
-1.5186
-1.1054
-1.2266
-1.4051
-1.0889
-1.4480
-1.4412
-1.3939
-1.3758
-0.4512
-1.2732
-1.4774
-1.3249
-1.5255
-1.3119
-0.9140
-1.2307
-0.4133
-1.2189
-0.5763
0.1604
-0.2393
-0.0830
0.4038
0.5304
-0.0098
0.0805
-0.0871
-0.2609
-0.6222
0.4159
0.3850
0.2729
0.4862
0.1945
-0.3431
0.5264
0.5014
0.3726
0.7736
0.6019
0.2226
0.7284
1.0341
0.2032
0.3358
0.4469
0.0311
0.3873
1.2712
0.0408
0.1576
0.5894
0.6801
0.7936
0.4770
0.3651
0.4185
0.7699
0.3445
1.0814
0.4467
0.4500
0.2347
0.5273
0.3367
0.3455
0.3754
0.5765
0.5427
1.0361
0.6883
0.8302
0.6336
0.8787
1.0540
1.2082
1.1801
1.5743
1.5652
1.3101
1.1277
0.9931
0.8786
0.7654
0.6523
0.5562
0.5089
0.5652
0.8608
0.8867
0.9348
1.0397
0.9680
1.0362
1.1815
1.1175
0.9751
1.1939
1.1754
1.0856
1.0174
1.0840
1.2126
1.1623
1.1751
1.1275
1.4008
1.5087
1.4711
1.5387
1.5654
1.4819
1.5758
1.6796
1.5786
1.3552
1.3465
1.1363
1.0853
1.0171
1.0495
1.0093
1.0422
0.9729
1.1277
1.2166
1.1592
1.0987
0.8243
1.0224
0.7250
0.9656
0.7362
1.4706
1.0911
1.0800
1.4939
1.3220
1.4700
1.6367
1.1672
0.8844
1.1906
1.1842
1.1369
0.9395
0.9957
1.3324
1.5220
1.3972
1.1549
1.3098
1.3414
1.3464
1.4051
1.0956
1.0406
1.6681
1.0730
1.4301
0.8224
0.8168
0.7005
0.3377
0.8429
0.3589
0.4948
0.0584
0.0484
0.5769
0.3388
0.2011
0.2854
0.0996
0.4685
0.2568
0.4698
0.5515
0.6876
0.3082
0.9064
0.8315
0.7887
0.4718
0.6297
0.3583
0.3471
0.2953
-0.1567
0.1394
0.0064
0.3569
0.2177
0.1203
0.0105
0.0851
-0.0007
0.4183
-0.1925
-0.1669
-0.0348
-0.0538
0.2336
0.2272
-0.0028
0.0905
0.0745
0.1193
0.2296
0.0191
0.0852
-0.0069
-0.0406
0.2451
-0.0655
-0.0710
0.0169
0.0615
0.2130
0.2377
0.0310
0.2492
-0.1772
-0.1211
0.0968
0.1218
0.4999
0.0619
0.0960
-0.1869
-0.3046
-0.5435
-0.2253
-0.6011
-0.3020
0.5384
-0.3198
0.0579
-0.2966
0.1795
-0.1676
-0.1538
-0.3624
0.2003
0.1966
0.3161
0.2870
-0.0102
1.0698
0.3919
-0.1413
0.2428
0.2513
0.6568
0.5798
-0.1688
0.1491
0.3877
0.6003
0.5834
0.8808
0.1959
0.6071
-0.1019
-0.0271
0.1004
0.1792
0.5230
0.3951
-0.0437
0.0853
-0.2770
0.3806
0.2356
0.2232
0.2385
0.2029
0.3367
0.5151
0.5145
0.2870
0.3815
0.8446
0.5113
0.5630
0.8738
0.7335
0.5357
0.1084
-0.0581
-0.1935
0.2736
0.1075
0.2834
0.1661
0.4257
0.4476
0.5376
0.4038
0.9968
0.8519
1.1667
1.1893
2.0157
1.4688
1.2804
1.3098
1.9780
1.7559
1.8432
1.6611
1.5812
2.2936
2.0078
1.3593
2.0669
0.9894
1.2152
1.1363
0.9626
1.0859
0.8358
0.9747
0.7632
1.0421
0.3992
0.5974
0.4650
0.8698
0.7380
0.5568
0.0868
0.2317
0.3341
0.0378
0.0571
-0.0956
-0.1736
-0.1190
0.0143
-0.1582
-0.0826
-0.1208
0.2878
0.0007
-0.1784
-0.0066
0.1682
0.1558
0.3556
0.1756
0.2479
0.3443
0.2931
0.6794
0.4991
0.5204
0.3624
0.4142
0.2516
-0.0066
0.3050
0.0247
0.2642
0.0798
0.4861
0.2113
0.4200
0.6698
0.6245
0.5059
0.7936
0.8410
1.0958
0.9898
1.2124
0.7395
1.3228
1.2112
1.5852
1.3918
1.5958
1.3381
1.7152
1.5588
2.5704
2.0382
1.8226
1.8108
2.2208
2.0841
1.8260
1.9390
2.4717
1.8380
2.5515
2.5372
2.8758
2.2667
2.6011
2.1526
2.0369
2.4860
1.9924
2.5436
1.6792
1.9378
1.5905
1.7998
2.1023
1.9877
1.9904
1.1509
1.2067
1.1385
1.1485
1.1544
1.0730
1.1001
1.0598
1.1508
0.8694
0.9764
0.7599
0.8081
1.3517
1.1352
0.6818
0.5325
0.6943
0.8419
0.4859
0.3998
0.7992
0.2800
0.2783
0.1013
0.0464
-0.0775
0.1045
0.1004
-0.0311
0.0386
0.0708
0.2410
-0.0350
-0.0570
-0.0641
0.1298
-0.1243
0.1620
-0.0001
0.3186
0.0647
0.2641
0.0531
0.1948
0.4096
0.4585
0.1331
0.1006
0.0400
0.0941
0.0167
0.0302
0.1483
-0.0114
-0.0087
0.0910
0.1439
-0.0917
-0.0646
-0.2887
-0.2405
-0.2979
-0.3232
-0.4349
-0.4492
-0.4147
-0.3204
-0.4028
-0.2165
-0.5062
-0.3272
-0.2985
-0.4145
-0.6725
-0.6995
-0.6578
-0.3585
-0.5413
-0.5125
-0.3941
-0.6888
-0.8457
-0.2737
-0.8059
-0.9023
-0.1345
-0.7671
-0.8872
-0.6239
-0.4793
-0.8933
-0.4232
-0.4547
-0.2130
-0.6209
-0.2596
-0.1024
-0.0701
0.1740
0.2870
0.5394
0.7847
1.1134
1.1483
1.2553
1.2030
1.4946
1.6415
0.9032
1.0660
0.9917
1.0925
0.9941
1.1633
1.8484
1.1758
0.7778
0.5683
1.0184
1.1711
0.6082
0.3938
0.0970
0.2012
0.5608
0.1036
0.4379
0.0564
-0.0682
0.0771
-0.1365
0.1301
0.3477
0.3558
0.2468
-0.1490
0.1700
-0.0701
-0.2638
-0.1934
-0.4638
-0.5057
-0.3426
-0.0009
-0.2765
0.0897
-0.1740
0.1485
-0.5384
-0.1473
-0.3139
-0.2086
-0.7488
-0.9757
-0.8529
-0.8207
-0.8769
-0.7603
-0.7398
-0.9742
-0.8041
-1.0505
-0.8320
-0.8870
-0.6138
-1.1157
-1.2323
-1.1865
-1.2040
-1.3948
-1.5587
-1.6123
-1.5700
-1.6019
-1.1733
-1.2512
-1.2983
-1.4645
-1.3222
-1.1391
-1.2827
-1.3097
-1.1152
-0.7749
-1.1752
-0.9947
-1.0488
-1.0258
-1.1196
-1.1844
-1.2145
-1.1445
-1.0790
-1.0088
-0.9206
-0.9031
-0.8382
-0.8834
-0.9526
-1.0492
-0.8732
-1.0836
-0.9280
-0.9272
-0.8081
-0.5964
-0.7401
-0.7740
-0.8245
-0.8563
-0.7874
-0.6892
-0.5751
-0.4312
-0.6295
-0.7514
-0.8137
-0.8178
-0.8579
-0.3566
-0.6413
-0.2671
-0.5914
-0.0171
-0.2275
-0.2694
0.2810
-0.3804
-0.0057
-0.1247
0.3233
-0.0549
-0.0651
0.0566
0.1110
-0.1126
-0.0860
-0.4139
-0.2801
-0.3404
-0.2078
-0.2797
-0.1197
0.0763
-0.1566
-0.2577
-0.3946
-0.3985
-0.3864
-0.1214
-0.2990
-0.2881
-0.1823
-0.2527
-0.2077
-0.3570
-0.3364
-0.3696
-0.2369
-0.2610
-0.1707
-0.0826
-0.0895
0.3836
0.0097
0.1323
0.0229
0.0873
0.4203
0.2555
0.1991
0.1169
-0.0721
0.0989
-0.2262
-0.2417
-0.1233
-0.3033
-0.3391
-0.2976
-0.3011
-0.3013
-0.0660
-0.2179
-0.2418
-0.4050
-0.5975
-0.5991
-0.5486
-0.4198
-0.4000
0.1127
-0.1264
-0.0652
0.0062
0.2195
-0.1347
-0.0612
0.0609
-0.0965
-0.5650
-0.4336
-0.5485
-0.5665
-0.1491
-0.2666
0.3108
0.0045
0.3527
0.4249
1.2510
0.4469
0.1726
1.1961
0.8288
0.7848
0.6207
0.9449
0.6636
1.3245
0.9197
1.0553
0.6385
0.6156
0.6058
0.8979
0.8130
1.2535
0.5897
1.8310
0.7054
1.2561
1.4213
1.4255
1.5908
1.2196
1.2872
1.1341
0.7520
0.9324
1.0882
0.7506
0.7524
0.8843
0.8580
0.5547
0.7424
1.0680
1.4324
1.7025
1.5072
1.6941
1.5871
1.1524
1.3566
0.3887
0.3662
0.9315
1.2980
1.1070
0.5946
0.9079
1.3267
0.8520
1.0115
1.3669
0.6942
0.9621
0.8239
0.5178
0.5649
0.9867
0.6848
0.7482
0.6431
0.7767
1.0083
1.0701
1.1643
1.3925
1.3256
1.5283
1.4368
1.1735
1.0468
0.5491
0.3217
0.3460
0.6844
0.8539
0.7551
0.6416
0.9552
0.8465
0.6508
0.6081
0.6859
0.8760
0.5968
0.8442
0.5483
0.3734
0.2572
0.6162
0.6162
0.6756
0.4475
0.4433
0.7900
0.2980
0.2851
0.2081
0.2581
0.3485
0.3355
0.0915
0.1508
0.0904
0.1355
0.0292
0.1427
0.1303
-0.0922
-0.4261
-0.3057
-0.2214
-0.6966
-0.5499
-0.8185
0.3360
-0.6015
-0.3593
-0.4016
-0.6438
0.0160
-0.1965
-0.1948
0.2573
0.1722
0.1369
-0.0562
-0.2072
0.2202
-0.1276
0.3750
-0.0952
0.4270
0.3519
0.4374
0.5919
0.7143
0.6147
0.2753
0.3296
0.1449
0.2539
0.1800
-0.0890
-0.1403
0.1745
-0.2154
-0.1071
-0.2973
-0.2404
-0.3069
-0.3358
-0.3347
-0.1152
-0.2711
-0.3027
-0.4174
-0.3049
-0.4514
-0.5039
-0.2972
-0.4457
-0.3477
-0.3943
-0.0964
-0.1048
-0.2849
-0.3067
-0.2655
0.4389
-0.0939
0.0312
-0.0994
0.0613
-0.6326
-0.4417
-0.3039
0.5959
0.0488
0.2450
0.4116
0.7311
1.3498
0.4412
0.8598
1.6477
2.0044
0.4935
1.5700
0.7893
1.4686
0.9383
1.1636
0.9492
1.6313
0.7746
1.4980
2.1528
2.2297
2.2749
2.9884
1.7589
2.0124
1.9037
1.7820
1.6701
2.1704
1.3246
1.6579
0.7756
0.7978
1.0557
0.6186
0.9451
0.3356
1.1888
0.6138
0.7050
0.2435
0.6185
-0.0224
0.2204
0.3402
0.8554
0.3256
0.8072
0.2350
0.7882
0.0510
1.5444
0.8408
0.4611
0.3804
0.5604
0.3327
0.1412
0.0316
0.3266
0.6784
0.7334
0.9982
0.6208
0.9238
0.5230
0.4210
0.2235
0.3428
0.1569
0.1257
-0.0197
-0.0461
-0.3702
-0.2833
-0.6687
-0.4873
-0.7808
-0.4732
-0.3500
-0.7099
-0.9503
-0.9726
-1.2963
-1.3492
-1.9849
-2.1174
-2.1533
-2.1591
-2.1447
-1.9390
-2.1885
-2.2438
-2.3037
-2.2385
-2.0153
-2.1923
-2.0315
-2.1742
-2.1308
-2.0205
-1.7081
-1.8468
-1.7493
-1.5686
-1.7025
-1.3867
-1.4177
-1.1522
-0.9531
-0.6915
-0.6635
-0.2950
-0.5748
-0.5022
-0.5909
-0.6158
-0.6552
-0.6800
-0.6428
-0.5430
0.0673
-0.1422
0.0137
0.0675
-0.0618
-0.1587
-0.3552
-0.4271
-0.5176
-0.5074
-0.3466
-0.3532
-0.4969
-0.3049
-0.3133
-0.3858
-0.1908
-0.2781
-0.1647
-0.0800
-0.0246
0.0224
0.0321
0.1173
0.2342
0.2265
0.2786
0.3070
0.3474
0.1841
0.2498
0.2578
0.2143
0.3797
0.2503
0.4685
0.2431
0.1723
0.0295
-0.0596
-0.2055
0.0219
0.1042
-0.2454
-0.2765
-0.3500
-0.3468
-0.3997
-0.2793
-0.2042
-0.5518
-0.0098
-0.4644
0.2742
-0.2802
-0.1366
-0.2724
-0.0379
-0.4774
-0.4498
-0.6544
-0.8863
-0.7358
-0.7506
-0.7692
-0.6339
-0.5922
-0.6785
-0.7277
-0.6579
-0.6032
-0.3612
-0.2277
-0.2492
-0.0847
0.3199
0.2207
0.3132
0.2971
0.2869
0.2314
0.2723
0.1194
0.0984
-0.1215
-0.1706
-0.2897
-0.3103
-0.3152
-0.2546
-0.1668
-0.1340
-0.0703
-0.0533
-0.0360
-0.0424
-0.1417
-0.1969
-0.2393
-0.3570
-0.2021
-0.1927
-0.5853
-0.6943
-0.5265
-0.5695
-0.3555
-0.3145
-0.0068
-0.0795
0.1006
0.1229
0.1525
-0.0461
-0.0620
-0.1748
0.0675
0.0113
0.1362
-0.0559
-0.0637
-0.1541
-0.1874
-0.1609
-0.0344
0.2862
0.4066
0.5258
0.4239
0.7107
0.7142
0.5920
0.7222
0.4063
0.6153
0.4863
1.0744
0.7792
1.0215
1.1402
1.1047
1.1714
1.1824
0.8492
1.4821
2.1202
1.3860
2.0941
0.9837
1.3729
0.8989
0.7036
0.6207
0.4252
0.6411
0.6839
0.7162
0.5073
0.1111
0.0879
-0.3961
-0.0632
-0.1706
-0.1944
-0.1479
-0.1867
-0.1883
-0.0581
-0.1971
-0.1901
-0.1687
0.4086
-0.0696
0.1926
-0.1618
-0.3814
-0.8224
-0.0972
-0.8934
-0.8209
-0.9683
-0.3742
-0.5585
-0.5147
0.3333
-0.2747
-0.6765
-0.9185
-0.4716
-0.3908
-0.6903
-0.9308
-0.8905
-0.7621
-0.0060
-0.6064
-0.5933
0.0925
-0.2591
0.0261
-0.0299
-0.0909
0.0230
0.3884
0.0768
0.7771
0.3323
0.5576
0.4452
0.5688
0.8706
0.7983
-0.1265
-0.0487
-0.1503
-0.0193
0.1305
0.8373
0.9419
0.2376
0.1794
0.1689
-0.3295
-0.6002
-0.7482
-0.3170
-0.2767
-0.8589
-0.9070
-0.5474
0.1957
-0.8627
-0.2820
-0.5293
0.5174
-0.2684
-0.1029
-0.2265
0.6566
0.1999
0.4153
0.1555
0.2388
0.6566
-0.4015
-0.5909
-0.7075
-0.2796
0.6899
0.6248
0.4573
-0.2101
-0.2269
-0.4617
-0.0223
-0.2113
-0.3511
-0.2143
-0.3689
-0.5212
-0.4403
-0.7309
-0.8628
-0.4165
-0.7097
-0.6436
-0.8866
-0.8457
-1.0930
-1.0396
-0.7524
-1.2041
-1.1360
-0.7889
-0.9476
-0.4577
-0.2334
-0.8123
-0.8281
-0.7244
-0.6340
-0.4126
0.1282
0.1833
1.4209
0.5516
1.0243
0.8480
1.4599
1.1244
1.4009
1.0605
1.4643
1.3879
2.0450
2.4733
2.7193
2.4226
2.7404
2.1485
1.9425
2.0340
2.0065
2.1698
2.3171
1.7210
1.5585
0.8774
0.9349
0.7679
1.3397
1.6393
1.7876
1.5610
1.6390
1.3304
1.5110
1.1260
1.4596
1.0725
0.8495
0.8190
0.6219
0.5371
0.7103
0.1189
0.1870
0.1258
0.2414
0.3480
0.1363
0.2059
0.1854
0.1407
-0.1045
0.1422
-0.1452
-0.0946
-0.3269
-0.2879
-0.1548
0.0471
-0.1745
-0.0106
-0.0145
0.1962
0.3892
0.0349
0.3244
0.7700
1.5264
1.3809
1.6583
1.1131
0.8178
0.6747
1.0254
0.9522
1.1560
0.9436
1.5431
1.2612
1.0265
1.0506
1.3433
0.9863
1.2347
0.8934
0.8545
0.9347
0.5487
0.6943
0.7992
1.0307
1.1421
1.0134
0.7785
0.7488
0.6434
0.6660
0.5465
0.6593
0.6355
0.6884
0.5913
0.9476
0.9625
1.3001
1.0954
0.9136
0.8565
0.7881
0.9753
0.7794
0.4160
0.6782
0.2156
0.2425
0.0129
0.4011
0.3148
0.1294
0.2658
0.3170
0.1296
-0.3357
-0.1528
-0.0325
-0.1664
-0.6157
-0.7474
-0.5971
-0.8386
-0.4961
-0.4510
-0.3846
-0.4165
-0.2340
-0.6797
-0.6146
-0.3230
-0.5990
-0.3813
-0.3095
-0.3442
-0.6216
-0.2839
-0.6802
-0.9269
-0.9457
-0.4870
-0.7995
-0.3610
-0.0148
0.0417
0.0629
0.0661
-0.0072
-0.5010
-0.2008
0.3955
-0.2706
-0.0144
0.2006
-0.6606
-0.5596
-0.3268
-0.4996
-0.5826
-0.8745
-0.8057
-1.1736
-1.0389
-0.8162
-0.9545
-0.6447
-0.4428
-0.7441
-0.9605
-0.8414
-0.9175
-0.7183
-0.5574
-1.0814
-1.1281
-1.1130
-1.1364
-1.1397
-0.9612
-1.1159
-1.1348
-1.0272
-0.9386
-0.9835
-0.8574
-0.2412
-0.4037
-0.7839
-0.6980
-0.2866
-0.7250
-0.6570
-0.3522
-0.1565
-0.0699
0.0543
-0.1603
0.0497
-0.0706
-0.0751
0.0896
-0.1289
-0.0839
-0.0413
-0.2881
-0.2006
-0.0704
0.0460
0.2296
0.3529
0.3928
0.3798
0.3199
0.2669
0.3614
0.2275
0.5087
0.1104
0.2247
0.1473
0.2607
0.3558
0.3908
0.4596
0.3822
0.3689
0.3298
0.3611
0.4017
0.4001
0.4056
0.3349
0.3210
0.3059
0.2760
0.5107
0.2672
0.5501
0.4100
0.4530
0.4985
0.4848
0.6616
0.4770
0.5932
0.5327
0.4622
0.2460
0.2615
0.5400
0.4187
0.5285
0.4671
0.1096
0.2200
0.3445
-0.1568
-0.2229
-0.0905
-0.0945
0.0648
0.0992
0.1297
0.2491
0.2037
0.3634
0.2639
0.3394
0.2345
0.6772
0.4607
0.2565
0.2479
0.1528
0.0906
-0.0976
-0.1105
-0.2278
-0.1662
0.0142
-0.0388
0.1901
0.0673
0.3033
0.2372
0.0481
-0.0354
0.0642
-0.1608
-0.0677
-0.2871
0.0339
0.0949
-0.0079
0.0107
0.1344
0.5037
0.6298
0.5851
0.7198
0.5667
0.5686
0.4769
0.8290
0.4358
0.6843
0.2787
0.4848
0.2739
0.3495
0.3793
0.4409
0.6686
0.6472
0.4407
0.3574
0.3306
0.5075
0.3363
0.4040
0.8306
0.7162
0.5216
0.5173
0.7626
0.6037
0.6182
0.4351
0.3811
0.1353
0.2169
0.2213
0.0957
0.0806
0.3623
0.8791
0.4238
0.2059
0.2686
0.0033
0.1117
0.2319
0.3971
0.3811
0.4301
0.6107
1.1409
0.4918
0.8684
0.6507
0.6974
0.6753
0.3454
0.7526
0.5259
0.9980
1.5277
1.6078
2.2497
1.3252
1.8415
1.5623
1.0577
1.9409
2.3019
3.5494
2.1972
2.3198
2.8604
2.3570
2.4753
3.2200
3.1912
3.4366
3.8165
3.5149
2.2500
2.6161
2.5024
2.2576
2.5818
2.2413
1.7117
2.0779
1.7809
2.6252
1.9686
1.8232
2.1687
1.0537
1.3502
1.5127
1.3252
1.9611
1.6985
1.8940
1.5051
1.3385
0.9120
0.7743
0.5034
0.2186
-0.0377
0.8501
0.4187
0.3397
0.3933
1.0920
0.6659
0.1380
0.2267
-0.2888
-0.1275
-0.4030
-0.6301
-0.4972
-0.3568
-0.7156
-0.6113
-0.5273
-0.2413
-0.4760
-0.6142
-0.6616
-0.4785
-0.5083
0.1598
-0.4936
0.0427
-0.3000
0.1293
0.1554
0.0005
0.1433
0.0641
0.6434
0.4151
0.1883
0.0919
0.1357
-0.0123
-0.2055
-0.3661
-0.2322
-0.5444
-0.5531
-0.6069
-0.5356
-0.7084
-0.2305
-0.5196
-0.7882
-0.6833
-0.8201
-0.3566
-0.6395
-0.7191
-0.7044
-0.7085
-0.3109
-0.4406
-0.9389
-0.5835
-0.6294
-0.8348
-1.1162
-1.1940
-1.2714
-1.2549
-1.1980
-1.1925
-0.9313
-1.1617
-1.1031
-0.8824
-1.0165
-0.7317
-0.8844
-0.9255
-1.0822
-1.2885
-1.4135
-1.4955
-1.4754
-1.0599
-1.3974
-1.3497
-1.1568
-1.3013
-0.9584
-0.9259
-1.2089
-0.7237
-0.7221
-0.6042
-1.0302
-0.8421
-0.5835
-0.6544
-0.3665
-0.9640
-1.0273
-1.3221
-1.1458
-1.1286
-1.2368
-1.3688
-1.1549
-0.9574
-0.4861
-0.9060
-0.8296
-0.8117
-0.7882
-0.7371
-0.7161
-0.3920
-0.3489
-0.4917
-0.3411
-0.6073
-0.6502
0.0044
0.0728
-0.0859
-0.4787
-0.2389
-0.4496
-0.5934
-0.0669
-0.1477
-0.1082
-0.0421
-0.4407
-0.5237
-0.5294
-0.3758
-0.3810
-0.1881
-0.0023
0.2465
0.1015
0.7002
0.2656
0.9814
1.3218
0.4060
0.8727
0.4057
0.3672
0.3204
0.3060
0.2462
0.6150
0.4622
0.6680
0.4508
0.2894
0.1328
0.3159
-0.2382
-0.4679
-0.4597
-0.5399
-0.4104
-0.5542
-0.5429
-0.8073
-0.5776
-0.7539
-0.9684
-1.0202
-0.8675
-1.0333
-1.0834
-0.6212
-1.0866
-0.9674
-0.8554
-0.8944
-0.8255
-0.7115
-0.5234
-0.5398
-0.3318
-0.5550
-0.5443
-0.6798
-0.7994
-1.0259
-0.9110
-0.8593
-1.1803
-1.1858
-1.1190
-1.1170
-1.0583
-0.6260
-1.2474
-0.8325
-1.0622
-1.1220
-0.8880
-0.2563
0.5282
-0.1113
0.8165
0.3890
-0.0486
-0.2082
0.9413
1.3316
0.7017
0.1119
0.2802
0.3585
0.5414
0.8947
0.6124
0.2142
1.0070
0.8339
1.0956
0.7261
1.3093
0.6939
0.5474
0.3454
1.2580
0.6936
0.6883
0.2512
0.5386
0.2464
0.3341
0.5762
0.6160
1.3005
1.3902
1.0619
1.4154
1.5161
0.7040
1.4634
0.9068
1.0784
0.5447
0.5818
1.0109
1.2201
1.2499
1.2211
1.2554
0.8978
1.0353
0.7409
0.3308
0.3652
0.7550
0.9433
0.7362
1.1324
1.0995
1.1701
1.6278
1.5141
1.7483
0.8044
0.9372
2.4190
1.9632
1.0692
0.9768
0.7186
0.1959
0.4604
0.1617
-0.3789
-0.0688
-0.2205
0.0392
-0.3170
0.4424
-0.3523
0.0757
-0.1846
-0.3840
-0.8224
-0.7019
-1.2627
-0.9207
-1.1821
-0.9288
-1.1205
-0.3960
-1.2760
-0.7206
-0.6815
-1.2170
-1.2698
-1.0808
-0.8800
-0.5426
-0.6289
-0.1201
0.0845
-0.3074
-0.5254
-0.8188
-0.8627
-0.7255
-0.7081
-0.6736
-0.6061
-0.5499
-0.9565
-0.6648
-0.9508
-0.8157
-0.5870
-0.9226
-0.7234
-1.2269
-1.1212
-0.9710
-1.0511
-0.8317
-0.7200
-0.4296
-0.4714
-0.7959
-0.4200
-0.6340
-0.5059
-0.7894
-0.9437
-0.6460
-0.2832
-0.2689
-0.4087
-0.8290
-0.3332
-0.9938
-0.7030
-0.7675
-0.8767
-0.8202
-0.7007
-0.5691
-0.5973
-0.2191
-0.2634
-0.2073
0.0726
-0.1333
0.1173
0.2066
0.4166
0.7311
0.7119
0.5430
0.4448
0.6890
0.4231
0.8161
0.5942
0.8627
0.4310
0.3054
0.2533
0.2097
0.3901
0.5788
0.6436
0.5656
0.6298
0.4301
0.3691
0.3165
0.2518
0.2106
0.4112
0.1692
0.1494
0.2816
-0.0234
0.1080
-0.1525
-0.2304
-0.1500
-0.1630
0.0092
-0.3831
-0.1862
-0.7657
-0.8007
-0.4918
-0.6574
-0.9356
-0.4516
-0.8509
-0.7256
-0.3621
-0.2069
0.5514
-0.0929
-0.5021
-0.6375
-0.5314
-0.7826
-0.4733
-0.4874
-0.6764
-0.2334
-0.1029
-0.0109
0.1296
0.2903
0.1019
0.1788
-0.1040
0.1949
0.2324
0.3104
-0.0833
0.2487
-0.1446
0.0337
0.2348
0.1420
0.0830
0.7298
0.5437
0.4999
0.2371
0.5315
0.3990
0.3138
0.1721
0.1210
0.1647
0.5688
0.1997
0.1618
0.4320
0.2474
0.3531
0.5015
0.6463
0.2539
0.5515
0.6068
0.9223
0.2465
0.0904
0.0013
0.5285
0.1009
0.2512
0.0496
0.6255
0.5149
0.3005
0.8534
0.5664
0.2309
0.0798
-0.0122
0.0476
-0.0338
0.0554
0.2974
0.2399
0.4517
0.4166
0.5064
0.4896
0.4643
0.4697
0.2117
0.1534
0.0112
-0.0198
-0.0549
0.1461
-0.0773
-0.1613
-0.3117
-0.4384
-0.5570
-0.2753
-0.5419
-0.3938
-0.4765
-0.3105
-0.2410
-0.3192
-0.5159
-0.3898
-0.4736
-0.1318
-0.4551
-0.4814
-0.5588
-0.3603
-0.4710
-0.4740
-0.5465
-0.5260
-0.6914
-0.8018
-1.0299
-1.1800
-1.2116
-1.0701
-0.8948
-1.0102
-0.8348
-0.9166
-0.9767
-0.9771
-0.8888
-1.1881
-1.1975
-1.1784
-1.2269
-1.2374
-1.2578
-1.0969
-1.2026
-1.3261
-1.3174
-1.3674
-1.5892
-1.5006
-1.5506
-1.3755
-1.2312
-1.1203
-1.0742
-0.7993
-0.8476
-0.8714
-0.9231
-0.8898
-1.0698
-0.9939
-1.3755
-1.0777
-0.6407
-0.4615
-0.8345
-1.0779
-0.7987
-1.2721
-0.7640
-1.0284
-0.9887
-0.5243
-0.6985
-0.6013
-0.8799
-0.7889
-1.0023
-1.0814
-0.5646
-0.5782
-1.7434
-2.1052
-2.2479
-2.3751
-2.6627
-3.2465
-3.3670
-3.6051
-3.7281
-3.7273
-4.1152
-4.3602
-4.4499
-4.5055
-4.3458
-4.0901
-4.7366
-4.2590
-4.1102
-4.4452
-4.2660
-3.9803
-4.6599
-4.5810
-4.1398
-3.7972
-3.5440
-3.4903
-3.7484
-3.6588
-3.6981
-3.3834
-3.1072
-2.3670
-2.8851
-3.0203
-2.7642
-2.5720
-2.8527
-2.0214
-2.8466
-2.2436
-2.5915
-2.2651
-1.0355
-1.7119
-0.8194
-1.1510
-1.8094
-1.9764
-2.1995
-1.3433
-0.6947
-0.2913
-1.1600
-0.1744
-0.3459
-0.9216
-0.0676
-0.5977
-0.3441
-0.6685
-0.0551
-0.5126
0.0255
0.2649
0.5195
0.7431
0.4362
0.0896
0.1875
0.2071
0.1666
0.7739
1.1692
0.3816
0.4357
0.5927
0.7353
0.6363
0.6964
1.1253
0.6049
0.6446
0.2365
0.7373
0.8382
0.5349
0.8027
1.0183
0.9560
1.1761
0.7055
0.7253
0.7060
0.7941
0.5495
0.7303
0.1210
0.1408
0.2012
0.0779
0.3023
0.1300
0.0944
-0.3031
-0.0637
-0.4101
-0.2063
-0.4354
-0.0985
-0.4892
-0.4333
-0.4320
-0.3124
-0.7318
-0.5911
-1.1077
-0.5921
-1.2953
-1.3128
-1.3084
-1.4315
-1.3639
-1.2958
-1.0841
-0.6188
-0.4496
-0.5437
0.0859
-0.2711
-0.2334
-0.4612
-0.7617
-0.6852
-0.9159
-0.6246
-0.7115
-0.5502
-0.7477
-0.9987
-1.1846
-1.0301
-1.2390
-0.3359
-0.8514
-0.6867
-1.0565
-0.9012
-1.1175
-0.8270
-0.9238
-0.4153
-0.6038
-0.7207
-0.3659
-0.2194
-0.2487
-0.3442
-0.3657
-0.3442
-0.4802
-0.4523
-0.2280
-0.1940
-0.1520
-0.6434
-0.0945
0.3817
-0.5628
-0.4881
-0.3909
-0.4494
-0.7036
-0.0785
-0.6309
-0.0315
-0.3410
-0.6776
-0.7804
-0.2491
-0.1681
0.0124
-0.0703
0.0966
0.4220
0.0795
0.2310
0.3927
0.3981
0.5091
0.3689
0.5464
0.3489
0.1198
0.1153
0.6745
0.3594
0.2648
0.5059
0.4977
0.9848
0.6324
0.4698
0.6954
0.6743
0.5466
0.5886
0.7055
0.8022
0.6394
0.4155
0.8356
0.5481
0.8213
0.9184
0.3929
0.5776
0.6251
0.8101
0.4860
0.8976
0.3243
0.7264
0.6581
0.8477
0.6807
0.4618
0.3348
0.4588
0.7720
0.4982
0.3332
0.4290
0.3911
1.1517
0.4070
0.1581
0.5031
0.2685
0.1431
0.6322
0.3643
0.6309
1.0183
0.9736
0.4832
0.5657
0.6798
0.4540
0.5242
0.3793
0.9128
0.6833
0.9024
0.9069
0.8253
0.7139
0.9165
0.2309
0.4972
0.3113
0.2492
0.8948
0.7110
0.6130
0.7172
0.6794
0.9979
0.8811
0.9638
0.9337
0.7488
0.4401
0.7450
0.6851
0.7295
0.6482
0.8557
1.0340
0.9146
0.5486
0.5855
0.4621
0.4178
0.4512
0.0055
0.0664
0.0405
0.8706
0.1592
0.4489
-0.0515
-0.2170
-0.1936
-0.2237
-0.2411
-0.3228
-0.1143
-0.0653
-0.3493
-0.1257
-0.5035
-0.5655
-0.6843
-0.0338
-0.2149
-0.5345
-0.2647
-0.0856
-0.0779
-0.2266
0.0958
-0.0443
0.1910
0.1578
-0.1640
0.2199
-0.0204
-0.0339
-0.0031
0.6280
0.4574
0.2324
0.4994
0.5821
1.1105
0.8310
0.4519
0.0625
0.3122
0.0218
0.6795
1.0899
0.6587
1.0369
0.5081
0.0982
0.4722
-0.1903
-0.0884
0.3067
0.0343
0.1767
-0.0730
-0.4466
-0.8969
-1.0545
-1.2163
-1.0724
-0.9417
-0.6354
-0.6233
-0.5718
-0.7358
-0.7734
-0.6899
-0.8296
-1.1561
-1.0527
-0.8278
-0.7785
-0.4972
-0.0089
-0.1925
-0.1707
-0.1285
-0.1471
0.1529
-0.2011
-0.4340
-0.2984
0.0452
0.0047
-0.4644
-0.2785
-0.2686
-0.8194
-0.6707
-0.5373
-0.0789
-0.4795
-0.9932
-0.8707
-1.4252
-0.7433
-1.5220
-0.8915
-1.2507
-1.1868
-0.2534
0.2615
-0.5482
-0.2970
-0.9937
-0.6711
-0.5661
-1.1956
-0.7144
-0.9404
-1.0943
-0.1863
-0.6974
0.0632
0.0077
-0.2938
-0.0806
-0.2526
0.1897
-0.8748
-0.5299
-0.7931
-0.3135
-0.1050
-0.2253
-0.2762
-0.3509
0.0460
-0.7585
0.0131
-0.4547
-0.0920
-0.7736
-0.3661
-0.1981
-0.4207
0.7152
-0.5292
-0.0978
0.0506
-0.1971
0.9073
0.2044
0.1367
0.5134
0.2710
0.1520
0.2018
0.1838
-0.1439
0.6130
-0.1209
0.3535
0.0222
-0.1600
-0.0259
0.2372
-0.4178
-0.3851
-0.5141
-0.7186
-0.7925
-0.8910
-1.2867
-1.4012
-1.3689
-1.4150
-1.2212
-1.3868
-1.4713
-1.2565
-1.1068
-1.3256
-1.2509
-1.4445
-0.9807
-1.3295
-1.0959
-1.3002
-1.2814
-1.3284
-1.0383
-1.2769
-1.1777
-1.1708
-1.0765
-0.9773
-0.6980
-0.8685
-0.8749
-0.9385
-1.0089
-1.0751
-1.1336
-1.1612
-1.1831
-0.9595
-1.1047
-1.0143
-0.9091
-0.8145
-0.6467
-0.5833
-0.4808
-0.4798
-0.5061
-0.5175
-0.5628
-0.5737
-0.5542
-0.5376
-0.5103
-0.5053
-0.5012
-0.4454
-0.3155
-0.5711
-0.7599
-0.9235
-1.0481
-1.1672
-1.2265
-1.2502
-1.2709
-1.2499
-1.2742
-1.1674
-1.1983
-1.1323
-1.2023
-1.1972
-1.1957
-0.9591
-1.1403
-1.1032
-1.1010
-1.0662
-1.0602
-1.0067
-1.0008
-0.9428
-0.8978
-0.5349
-0.6914
-0.5561
-0.5408
-0.4466
-0.3913
-0.3877
0.0436
-0.4633
-0.4730
-0.3703
-0.4846
-0.4850
-0.4344
-0.4853
-0.5052
-0.5165
-0.3042
-0.2848
-0.1892
-0.1140
0.3696
0.6018
0.0018
0.3546
0.2943
0.8972
0.6045
0.9445
1.0911
1.3048
1.1144
0.9684
1.3144
1.1799
1.2425
1.3931
1.3856
0.9134
0.9036
1.2541
0.9331
1.1069
1.0167
0.9638
0.9797
0.9775
1.3500
1.1020
1.7931
1.2068
1.1175
1.0377
0.9802
1.3665
1.4742
1.2962
1.2978
1.4799
1.8176
1.2653
1.3848
1.1605
0.9270
0.7378
0.8476
0.8310
0.6820
1.3995
0.6117
1.4864
1.8272
1.8454
2.4511
1.9573
1.5803
1.2306
1.2661
2.6609
1.7615
2.8761
1.2868
0.8906
1.5448
2.2649
1.3516
1.5315
2.0920
2.4874
2.3309
2.5547
1.6089
1.3048
1.4263
1.8234
1.6683
2.0784
1.2721
1.5196
2.3652
1.5211
2.0487
0.9210
1.5125
0.6142
0.5745
0.7706
1.1086
1.5405
1.9410
2.0662
0.9816
0.7173
0.4316
-0.0141
0.4540
-0.2551
-0.0249
-0.5029
-0.4778
-0.6185
-0.1489
-0.2849
-0.2589
-0.7712
-0.1253
-0.7315
-0.1490
-0.0434
-0.3880
-0.3841
-0.6880
-0.5355
-1.0846
-0.7518
-0.5428
-0.9974
-1.2098
-1.0031
-1.1624
-0.9496
-1.4625
-1.5418
-1.6062
-1.5899
-1.4741
-1.4519
-1.5071
-1.4230
-1.4648
-1.2214
-1.4240
-1.2611
-1.4956
-1.5521
-1.5381
-1.3498
-1.5113
-1.4260
-1.4330
-1.3874
-1.4128
-1.3997
-1.1107
-1.3022
-1.0122
-0.7234
-0.9216
-0.8982
-1.1747
-1.1958
-1.1620
-0.7994
-0.6078
-0.6814
-0.5819
-0.7984
-0.5335
-0.5942
-0.4059
-0.2676
-0.2678
0.0893
-0.1416
-0.0874
-0.1478
-0.2108
-0.2484
-0.1602
-0.1724
-0.0798
0.0170
-0.0894
-0.2137
-0.1226
-0.2346
-0.1287
-0.1894
-0.0774
-0.0915
-0.0211
-0.0113
0.0192
-0.0086
0.2453
0.1728
-0.0014
0.0127
-0.0240
0.0064
0.0616
-0.0039
-0.1462
-0.3310
0.2851
-0.1767
-0.1139
0.0472
0.4480
-0.1484
-0.4445
-0.6511
-0.7748
-0.5019
-0.8096
-0.6384
-0.2480
-0.5932
-0.6974
-0.2438
-0.8955
-0.3486
-0.6098
-0.5291
-0.7257
0.0541
-0.4544
-0.4917
-0.6801
-0.9549
-0.9740
-0.8243
-0.5257
-1.0297
-0.6601
-0.4943
-0.8131
0.0256
-0.4367
-0.3604
-0.7737
-0.0390
-0.3013
-0.4974
-0.2324
-0.2974
-0.5097
-0.8834
-0.4838
-0.2498
-0.6750
-0.2168
-1.0890
-0.9778
-0.7343
-0.3459
-0.7172
-0.4090
-0.9195
-0.5167
-0.8483
-0.6031
-1.0946
-0.7732
-1.0968
-1.0806
-1.2145
-1.3870
-1.2402
-1.3009
-1.1455
-1.3991
-1.2981
-1.6371
-1.1832
-1.1059
-1.0584
-1.4741
-1.5784
-1.7359
-1.7107
-1.6335
-1.5017
-1.4359
-1.3308
-1.4005
-1.3956
-1.3546
-1.5602
-1.6882
-1.6632
-1.7123
-1.7021
-1.7061
-1.7097
-1.6708
-0.9261
-0.9382
-1.4748
-1.5056
-1.5901
-1.5908
-1.3056
-1.1726
-1.2060
-0.6699
-1.2675
-1.0431
-1.1170
-0.1099
-0.6730
-0.6043
-0.6757
-0.5045
-0.3024
-0.4387
-0.2076
0.0917
0.3641
0.3206
0.3317
0.0752
0.1388
0.5435
-0.0283
0.1968
0.2237
0.4374
-0.0821
-0.0671
-0.0295
-0.0731
0.0289
0.3458
0.1776
0.1307
-0.0688
0.2494
-0.0147
0.0841
-0.1766
-0.2258
0.0003
-0.0044
0.2430
0.1978
0.2282
0.6969
-0.4531
0.0834
-0.8389
-0.2854
-0.7985
-0.8286
-0.4699
-1.1608
-0.3420
-1.1617
-0.9579
-1.0395
-0.5967
-0.2724
-0.3697
-0.5019
-0.2413
-0.5419
-0.7522
-1.2648
-0.4340
-0.4946
-0.7877
-0.6198
-0.9638
-0.7859
-1.2040
-0.9203
-0.1043
-0.3089
0.0745
-0.9333
-0.2388
-0.1656
-0.1936
-0.0458
0.8108
0.2866
0.3020
0.3596
0.9313
0.2872
0.3378
0.2409
0.2881
0.0678
-0.0089
0.0440
0.9364
0.4677
0.2313
0.5159
0.4467
0.0416
0.1289
0.0994
0.1654
0.6073
0.2086
0.1699
0.0677
0.0573
0.0832
0.2676
-0.1445
-0.1554
-0.0197
-0.0380
-0.4951
-0.5463
-0.3602
-0.6057
-0.2270
-0.2415
-0.2104
-0.4354
-0.4660
-0.3955
-0.3806
-0.4500
-0.2581
-0.3918
-0.2625
-0.3431
-0.5716
-0.4337
-0.4226
-0.0532
-0.4190
-0.0593
-0.2620
0.0616
-0.3105
-0.3525
-0.4721
-0.2345
-0.2962
0.0285
0.0205
0.1357
0.1360
-0.3021
0.7958
-0.2845
0.2057
0.5315
0.1931
0.4488
0.1620
-0.1273
0.5056
-0.0499
0.1690
-0.0119
0.1300
-0.0162
0.2426
-0.0650
0.5181
0.0079
0.5116
-0.1305
-0.3525
-0.1336
0.3330
0.1539
-0.1352
0.2490
0.0840
0.1576
-0.3783
-0.3238
-0.2396
0.0622
0.3712
-0.0455
-0.5817
0.1754
-0.0189
-0.5607
-0.4913
-0.1109
0.1459
-0.4969
0.0711
-0.0020
-0.3713
0.1425
0.0588
-0.1259
-0.6802
-0.6563
0.0854
-0.4924
0.0005
-0.4227
-0.3856
-0.5562
-0.8181
-0.9289
-0.8875
-0.4129
-0.9678
-1.2267
-0.7996
-1.3495
-1.0278
-0.8955
-1.2435
-0.7111
-1.2047
-1.0956
-1.4739
-1.7617
-1.7392
-1.7465
-1.3585
-1.6617
-1.5112
-1.8752
-1.7714
-1.6791
-2.0155
-2.1636
-2.0360
-1.8546
-2.1127
-1.8861
-1.5975
-1.4526
-1.3591
-1.3976
-1.8107
-1.5317
-1.7608
-1.4916
-0.9317
-0.7934
-0.9962
-0.7973
-1.2903
-1.3365
-1.2813
-1.3194
-1.3551
-1.4335
-1.4006
-0.9740
-0.6603
-0.9977
-0.6595
-0.9737
-0.7996
-1.0659
-0.8359
-0.8184
-0.4773
-0.5399
-0.0487
-0.2961
-0.1456
-0.1987
-0.1904
-0.2911
-0.6829
-0.7066
-0.6213
-1.0640
-0.8758
-0.8721
-0.8625
-0.7681
-0.8867
-0.5447
-0.4938
-0.2186
-0.0079
-0.3664
-0.3685
-0.8204
-0.7566
-0.8800
-0.5650
-0.1330
-0.6969
-0.8621
-0.8276
-0.9506
-1.1581
-0.9026
-0.9913
-0.8060
-0.9042
-0.5028
-0.6470
-0.1950
0.5820
-0.0327
0.0165
0.4906
0.0512
-0.2515
0.0290
-0.5787
-0.6879
-1.2568
-1.5803
-0.6448
-0.3222
-0.6176
-0.9462
-0.9407
-0.3697
-1.3038
-0.9778
-1.1153
-1.0431
-1.1189
-0.6953
-0.4417
-0.8025
-0.5919
-1.0301
-0.8214
-0.7423
-1.4902
-0.4432
-1.2216
-0.7722
-1.5653
-1.1645
-0.8571
-0.7596
-0.5256
-0.3334
-1.2116
-0.8987
-1.3063
-0.9421
-0.3246
-1.1039
-0.3668
-1.3207
-1.2920
-1.3941
-1.3915
-1.3423
-1.7230
-1.3407
-0.8657
-1.2274
-0.9090
-0.9539
-0.5499
-0.2768
-0.4782
-0.7260
-0.2483
-0.2385
0.6905
0.1972
-0.1343
-0.6038
-0.2043
-0.2636
-0.3554
-0.2586
-0.3504
-0.4311
-0.2003
-0.2710
0.0974
-0.1033
0.4071
-0.1145
-0.3763
-0.1398
-0.3521
0.2668
-0.3682
-0.3017
-0.2602
-0.5308
0.1436
0.1608
-0.2113
-0.1769
-0.2545
-0.2748
-0.5267
-0.2070
-0.4381
-0.4556
-0.2550
-0.4495
-0.7208
-0.7800
-0.6487
-0.6610
-0.7212
-0.7057
-0.1504
-0.3232
-0.3760
-0.2598
0.0585
-0.5366
0.1387
-0.1024
-0.4075
-0.3000
-0.3693
0.0745
0.0448
0.2118
-0.1397
-0.0901
-0.2843
-0.1174
0.1298
0.1864
0.3257
0.1624
0.1484
-0.0829
-0.1732
-0.0467
-0.2990
-0.6625
0.0409
-0.4603
-0.2754
-0.5837
-0.6496
-0.1678
-0.4459
-0.3278
-0.6935
-0.6959
-0.8255
-0.8906
-0.5475
-0.2018
-0.1200
-0.4438
-0.7087
-0.3647
-0.7970
-0.9823
-1.0549
-1.3664
-1.0578
-0.8990
-1.2917
-0.5750
-1.5052
-1.0630
-1.5846
-1.6345
-1.8200
-1.2937
-1.8499
-1.3467
-1.4025
-1.1943
-1.4118
-1.3425
-1.7921
-1.3179
-1.4495
-1.4712
-1.4701
-1.3863
-1.3367
-0.5291
-0.7764
-0.8232
-0.7302
-0.5793
-0.4125
-0.1691
-0.0459
0.1137
0.0535
-0.1403
-0.2305
0.0491
0.0844
0.1384
-0.1355
-0.2078
0.3669
0.3242
0.5103
-0.0286
0.0450
0.0515
-0.0536
0.4192
0.0813
0.0014
-0.3527
0.0005
1.2623
1.4138
1.2182
0.4336
0.5966
0.3510
0.4545
1.0000
0.6435
0.4504
1.2441
1.7264
1.6969
1.8885
2.0154
2.3363
2.5591
2.4809
2.2967
2.2180
1.9115
1.7428
2.4423
1.2311
1.6500
1.9353
2.5018
2.3419
1.5827
1.4339
2.0992
1.6346
2.3821
1.6526
2.3625
1.3677
0.9524
0.7489
1.0786
0.9522
1.5835
0.9248
1.1971
1.3582
1.0078
1.6616
0.9713
1.3943
1.3483
1.3410
1.9503
1.6851
1.6123
1.6514
1.5774
1.8362
1.3656
1.0824
1.2728
1.3457
0.9987
1.0035
0.9383
0.8023
0.6252
0.6070
0.2545
0.3012
0.4329
0.4794
0.2942
-0.0377
-0.1168
-0.2395
-0.3079
-0.2626
-0.2388
-0.2306
-0.2108
-0.2573
-0.3360
-0.2993
-0.5493
-0.5154
-0.6772
-0.6502
-0.6064
-0.6037
-0.4129
-0.6923
-0.7289
-0.7127
-0.6926
-0.5321
-0.5756
-0.4853
-0.5725
-0.5367
-0.4180
-0.3888
-0.2747
-0.1884
-0.1636
-0.0666
-0.1185
-0.1187
-0.0941
-0.1414
0.0422
-0.1338
-0.0687
-0.2801
-0.2403
-0.2079
-0.1266
-0.1156
0.0961
-0.1185
0.0050
-0.0000
-0.2217
-0.0521
-0.2013
-0.3440
-0.3900
-0.5493
-0.4412
-0.7095
-0.7597
-0.5789
-0.7650
-0.7500
-0.7163
-0.6894
-0.6474
-0.5977
-0.5564
-0.5702
-0.5836
-0.6626
-0.6446
-0.4730
-0.5413
-0.6194
-0.3395
-0.6443
-0.5872
-0.6034
-0.5517
-0.4930
-0.2378
-0.3470
-0.1995
-0.3752
-0.4325
-0.3932
-0.3863
-0.1124
0.0804
0.0688
-0.0672
0.1487
0.1773
0.4009
0.3814
0.4411
0.4023
0.2506
0.3488
0.1926
0.3441
0.1522
0.6602
0.3536
0.5265
0.2134
0.0024
-0.0653
0.2224
-0.0387
0.0175
-0.0447
0.1980
0.1688
0.3913
0.4604
0.1745
0.3167
0.7842
0.4560
0.6164
0.4024
0.8740
0.7900
0.9811
0.8946
0.8330
